swarm_64_167.pdb	5.350	6.621	0.191176	37.926
swarm_37_122.pdb	5.584	8.952	0.220588	35.519
swarm_36_139.pdb	6.138	8.986	0.147059	29.681
swarm_70_158.pdb	12.743	44.067	0	29.610
swarm_49_142.pdb	8.186	13.358	0.0147059	28.284
swarm_53_24.pdb	8.235	13.208	0.0147059	26.868
swarm_7_142.pdb	8.520	15.274	0.0147059	25.542
swarm_2_36.pdb	6.760	12.597	0.132353	22.754
swarm_76_100.pdb	9.019	13.383	0	21.658
swarm_18_67.pdb	12.644	40.224	0	21.160
swarm_76_134.pdb	6.973	11.531	0.220588	19.665
swarm_37_144.pdb	7.025	8.480	0.0588235	17.553
swarm_9_25.pdb	13.133	38.506	0	17.367
swarm_3_111.pdb	12.873	41.288	0	14.595
swarm_18_129.pdb	13.473	40.718	0	12.971
swarm_23_118.pdb	13.547	37.533	0	0.153
