swarm_3_183.pdb	19.192	39.934	0	37.013
swarm_71_53.pdb	13.935	38.466	0	28.543
swarm_50_107.pdb	15.857	40.451	0	26.971
swarm_0_46.pdb	16.840	38.586	0	26.848
swarm_65_184.pdb	14.301	29.524	0	25.735
swarm_34_163.pdb	14.661	39.986	0	25.430
swarm_59_129.pdb	12.391	35.647	0	25.199
swarm_50_61.pdb	15.953	40.983	0.0735294	23.647
swarm_10_2.pdb	20.532	38.510	0	23.267
swarm_20_136.pdb	17.675	43.196	0	22.209
swarm_15_153.pdb	12.834	37.139	0	22.137
swarm_33_86.pdb	10.233	28.481	0.0147059	21.632
swarm_33_131.pdb	17.426	41.431	0.0441176	21.450
swarm_14_188.pdb	18.342	44.122	0	20.485
swarm_33_69.pdb	12.675	35.629	0	20.475
swarm_34_70.pdb	15.357	36.706	0	20.290
swarm_63_14.pdb	18.174	30.769	0.0147059	19.799
swarm_53_31.pdb	17.084	29.786	0	19.781
swarm_47_176.pdb	15.434	36.486	0.0147059	19.235
swarm_41_35.pdb	17.055	28.860	0.0147059	18.118
swarm_50_75.pdb	19.794	41.450	0	18.075
swarm_63_58.pdb	13.572	23.502	0	17.451
swarm_26_189.pdb	18.662	39.221	0	17.098
swarm_57_156.pdb	14.342	34.309	0	16.792
swarm_7_185.pdb	12.316	20.697	0	16.106
swarm_25_58.pdb	20.786	36.760	0	15.387
swarm_25_49.pdb	19.699	42.570	0	15.327
swarm_26_36.pdb	22.070	39.693	0	15.295
swarm_49_14.pdb	13.037	30.608	0.0588235	14.142
swarm_63_121.pdb	13.085	23.220	0	13.740
swarm_17_144.pdb	17.670	48.613	0.102941	12.240
swarm_25_5.pdb	21.902	36.902	0	12.131
swarm_65_88.pdb	19.725	40.424	0	11.933
swarm_18_183.pdb	18.772	35.138	0	7.822
swarm_57_158.pdb	15.034	26.566	0	6.522
swarm_63_123.pdb	11.732	19.180	0.0441176	4.406
swarm_49_151.pdb	9.693	17.976	0.0294118	2.447
