swarm_30_11.pdb	15.117	31.865	0.0135135	30.559
swarm_30_198.pdb	13.550	28.681	0	30.377
swarm_30_55.pdb	13.408	31.314	0	28.593
swarm_42_78.pdb	13.456	28.265	0	27.900
swarm_25_158.pdb	13.829	27.260	0.121622	27.251
swarm_52_184.pdb	7.772	23.926	0.0540541	26.144
swarm_45_87.pdb	10.421	25.162	0.121622	26.068
swarm_67_68.pdb	11.915	25.937	0.0810811	25.551
swarm_42_24.pdb	16.782	34.317	0	25.412
swarm_19_4.pdb	12.208	31.741	0	25.332
swarm_50_90.pdb	13.656	24.784	0.0810811	23.344
swarm_53_103.pdb	14.441	39.033	0.027027	23.327
swarm_10_25.pdb	15.128	34.009	0.0675676	23.282
swarm_49_109.pdb	13.945	28.018	0.0405405	23.043
swarm_0_173.pdb	16.214	32.073	0.0540541	23.043
swarm_8_143.pdb	13.132	25.121	0.121622	22.929
swarm_0_80.pdb	15.301	35.075	0	21.930
swarm_25_0.pdb	8.619	21.940	0.0405405	21.323
swarm_13_71.pdb	12.345	35.460	0.0135135	21.006
swarm_51_18.pdb	15.356	37.884	0.0405405	20.970
swarm_51_181.pdb	15.525	37.598	0.0135135	20.817
swarm_0_62.pdb	14.510	30.813	0	20.741
swarm_10_24.pdb	15.786	30.127	0	20.659
swarm_61_86.pdb	9.487	34.264	0.027027	20.000
swarm_37_46.pdb	12.634	39.181	0.0135135	19.687
swarm_17_36.pdb	13.822	33.369	0.0135135	19.671
swarm_5_19.pdb	12.149	37.829	0.027027	19.508
swarm_11_147.pdb	11.729	26.638	0	19.465
swarm_25_126.pdb	7.212	20.659	0.0135135	19.442
swarm_5_103.pdb	14.407	32.803	0	19.395
swarm_37_98.pdb	14.002	33.515	0	19.117
swarm_39_126.pdb	16.241	31.436	0	19.053
swarm_55_108.pdb	14.779	39.274	0.0405405	18.685
swarm_17_107.pdb	17.578	35.918	0	18.528
swarm_2_198.pdb	11.749	39.489	0.0135135	18.300
swarm_55_15.pdb	17.803	38.742	0	18.268
swarm_34_141.pdb	12.321	37.461	0.0540541	18.073
swarm_73_112.pdb	14.474	32.740	0	18.033
swarm_51_55.pdb	8.813	28.304	0	17.740
swarm_39_73.pdb	5.532	17.828	0.27027	17.604
swarm_5_32.pdb	14.430	33.802	0	16.810
swarm_17_194.pdb	16.040	36.154	0	16.600
swarm_37_166.pdb	14.902	37.999	0.0540541	16.291
swarm_14_23.pdb	17.158	36.004	0	16.227
swarm_39_58.pdb	6.976	25.766	0.0810811	15.978
swarm_70_197.pdb	11.201	44.701	0	15.468
swarm_5_161.pdb	14.603	37.541	0	14.717
swarm_63_116.pdb	10.658	40.868	0.0135135	13.227
swarm_8_119.pdb	7.726	20.710	0.27027	12.159
swarm_10_59.pdb	9.196	20.042	0.0810811	11.813
swarm_17_163.pdb	11.089	32.837	0.0945946	11.593
swarm_46_155.pdb	15.502	36.529	0	10.911
swarm_45_196.pdb	15.181	28.627	0	9.855
swarm_59_132.pdb	17.565	35.264	0	9.238
swarm_46_38.pdb	8.412	23.356	0.0810811	8.911
swarm_15_183.pdb	15.761	45.312	0	8.798
swarm_54_80.pdb	10.671	36.396	0.0135135	7.916
swarm_38_101.pdb	14.096	41.108	0.0135135	6.980
swarm_67_13.pdb	7.555	22.531	0.0945946	4.529
swarm_38_42.pdb	17.555	40.756	0	4.378
swarm_53_80.pdb	10.897	36.443	0	3.446
swarm_11_123.pdb	6.378	18.334	0.108108	1.645
