swarm_62_1.pdb	11.653	45.960	0	35.452
swarm_32_144.pdb	10.462	40.077	0.0135135	34.768
swarm_60_120.pdb	12.609	40.833	0.0135135	31.207
swarm_15_70.pdb	10.203	39.188	0	30.682
swarm_62_35.pdb	13.383	41.942	0.0135135	29.616
swarm_76_2.pdb	11.001	43.028	0	29.486
swarm_75_24.pdb	11.711	42.547	0.0135135	29.482
swarm_42_9.pdb	11.793	42.820	0.0135135	29.341
swarm_51_125.pdb	11.836	39.285	0.0135135	28.953
swarm_58_63.pdb	12.934	27.455	0.0675676	28.371
swarm_42_11.pdb	15.396	43.316	0	27.819
swarm_80_117.pdb	15.676	44.845	0	27.627
swarm_37_147.pdb	11.446	26.440	0.0540541	27.148
swarm_77_123.pdb	18.023	49.252	0	27.124
swarm_75_80.pdb	14.282	41.557	0.027027	27.037
swarm_68_163.pdb	16.761	39.531	0	26.811
swarm_80_62.pdb	14.020	40.927	0.027027	26.678
swarm_44_87.pdb	12.090	27.649	0.0540541	26.523
swarm_79_105.pdb	14.165	41.880	0.0135135	26.421
swarm_43_60.pdb	17.332	41.091	0	26.378
swarm_79_56.pdb	17.863	41.099	0	26.336
swarm_72_155.pdb	17.362	38.425	0	26.050
swarm_5_181.pdb	11.542	25.184	0.0945946	25.998
swarm_63_17.pdb	13.936	40.030	0.0405405	25.515
swarm_72_41.pdb	13.030	40.827	0.0135135	25.469
swarm_77_43.pdb	15.345	45.319	0	25.347
swarm_52_66.pdb	11.759	39.853	0.027027	25.266
swarm_80_43.pdb	12.875	44.474	0	24.838
swarm_68_20.pdb	17.181	43.509	0	24.774
swarm_63_188.pdb	11.931	39.398	0.027027	24.641
swarm_83_163.pdb	18.409	40.904	0	24.396
swarm_9_177.pdb	14.169	30.076	0	24.370
swarm_81_98.pdb	12.647	42.271	0	23.843
swarm_62_192.pdb	13.687	43.185	0	23.586
swarm_75_158.pdb	11.193	41.001	0	23.514
swarm_30_12.pdb	10.355	41.893	0	23.455
swarm_75_74.pdb	12.989	41.594	0	23.297
swarm_73_27.pdb	13.122	43.464	0	23.142
swarm_49_55.pdb	14.166	25.177	0.0675676	22.953
swarm_24_134.pdb	9.875	32.478	0	22.912
swarm_68_139.pdb	13.532	39.443	0.0405405	22.760
swarm_60_191.pdb	15.076	38.668	0.0135135	22.684
swarm_67_180.pdb	5.940	13.972	0.0405405	22.411
swarm_68_36.pdb	18.058	39.309	0	22.383
swarm_71_76.pdb	14.609	43.375	0	22.378
swarm_21_146.pdb	9.769	33.856	0.0135135	22.313
swarm_81_151.pdb	16.567	48.300	0	22.284
swarm_80_113.pdb	16.086	45.433	0	22.056
swarm_33_161.pdb	11.086	37.013	0.027027	22.032
swarm_33_113.pdb	13.073	37.802	0	21.960
swarm_4_128.pdb	13.951	33.734	0	21.955
swarm_59_25.pdb	12.141	27.186	0.0945946	21.831
swarm_80_134.pdb	13.215	47.733	0	21.570
swarm_16_113.pdb	7.158	24.950	0.0540541	21.448
swarm_52_139.pdb	15.191	33.284	0	21.389
swarm_56_35.pdb	6.700	24.573	0.0405405	21.383
swarm_52_129.pdb	10.312	34.160	0.0675676	21.363
swarm_61_178.pdb	12.090	40.397	0	21.307
swarm_56_189.pdb	13.104	30.199	0.0675676	21.244
swarm_62_28.pdb	18.073	43.739	0	21.129
swarm_62_199.pdb	14.736	45.844	0	21.120
swarm_52_130.pdb	17.508	42.339	0	21.041
swarm_50_53.pdb	14.194	41.030	0	21.025
swarm_51_120.pdb	16.323	45.563	0	20.506
swarm_18_106.pdb	13.067	39.374	0	20.499
swarm_61_159.pdb	15.420	36.089	0.0405405	20.473
swarm_85_40.pdb	7.691	21.895	0.0810811	20.472
swarm_0_146.pdb	13.196	24.643	0.135135	20.396
swarm_44_146.pdb	12.878	30.939	0.0135135	20.367
swarm_43_71.pdb	17.245	41.221	0	20.353
swarm_29_47.pdb	12.864	26.701	0	20.263
swarm_4_68.pdb	7.820	27.650	0.0945946	20.239
swarm_19_134.pdb	7.122	21.386	0.162162	20.191
swarm_36_14.pdb	13.647	38.251	0.0540541	20.125
swarm_67_199.pdb	3.871	14.374	0.297297	19.889
swarm_39_3.pdb	15.545	42.458	0	19.853
swarm_11_32.pdb	10.046	22.568	0.0135135	19.828
swarm_49_79.pdb	14.536	27.581	0.108108	19.814
swarm_85_179.pdb	13.998	33.535	0	19.802
swarm_62_118.pdb	16.452	43.006	0	19.800
swarm_34_109.pdb	6.789	25.044	0.0540541	19.773
swarm_77_39.pdb	18.276	42.996	0	19.728
swarm_62_77.pdb	11.770	45.475	0	19.663
swarm_1_127.pdb	8.430	23.869	0.027027	19.663
swarm_82_145.pdb	17.601	49.280	0	19.624
swarm_56_121.pdb	7.904	28.026	0.0945946	19.587
swarm_61_195.pdb	9.583	32.907	0.0405405	19.571
swarm_51_92.pdb	17.376	40.577	0	19.557
swarm_38_190.pdb	16.873	38.269	0.0405405	19.500
swarm_82_46.pdb	16.332	48.943	0	19.469
swarm_33_41.pdb	11.561	32.725	0.027027	19.465
swarm_44_138.pdb	15.109	35.617	0	19.387
swarm_62_158.pdb	14.677	41.218	0	19.372
swarm_23_151.pdb	12.286	30.452	0.027027	19.366
swarm_68_12.pdb	16.082	40.551	0	19.356
swarm_49_23.pdb	11.812	25.897	0.108108	19.201
swarm_27_117.pdb	10.458	33.114	0	19.104
swarm_85_172.pdb	11.333	23.547	0	19.086
swarm_85_146.pdb	8.074	30.510	0.0945946	19.058
swarm_44_25.pdb	12.755	34.588	0.0135135	19.033
swarm_45_30.pdb	14.497	34.565	0	19.032
swarm_38_129.pdb	13.132	37.524	0	18.950
swarm_16_100.pdb	16.756	38.931	0	18.925
swarm_18_161.pdb	14.617	43.209	0	18.861
swarm_78_30.pdb	9.614	29.805	0.027027	18.774
swarm_16_28.pdb	16.454	40.096	0	18.773
swarm_77_124.pdb	13.376	39.319	0.0135135	18.630
swarm_20_142.pdb	5.308	17.149	0.135135	18.623
swarm_7_55.pdb	10.503	34.129	0	18.588
swarm_34_71.pdb	13.540	29.301	0	18.573
swarm_18_168.pdb	15.934	37.726	0	18.554
swarm_77_52.pdb	13.192	42.191	0	18.486
swarm_22_46.pdb	5.586	19.762	0.216216	18.473
swarm_72_32.pdb	15.456	37.234	0	18.412
swarm_29_56.pdb	11.111	23.547	0	18.397
swarm_43_43.pdb	15.470	39.180	0	18.345
swarm_56_155.pdb	12.353	36.941	0	18.300
swarm_39_173.pdb	13.348	41.565	0	18.293
swarm_63_79.pdb	16.040	45.174	0	18.202
swarm_39_188.pdb	15.331	40.000	0.027027	18.164
swarm_19_20.pdb	13.116	25.122	0.0540541	17.918
swarm_72_152.pdb	16.531	41.204	0	17.861
swarm_67_104.pdb	14.312	25.838	0	17.848
swarm_7_94.pdb	12.128	27.297	0.0540541	17.830
swarm_41_48.pdb	13.240	24.099	0.0135135	17.821
swarm_78_139.pdb	13.159	29.079	0	17.814
swarm_21_5.pdb	14.418	35.260	0	17.763
swarm_36_87.pdb	15.426	37.596	0.027027	17.752
swarm_78_66.pdb	12.707	32.161	0.0540541	17.702
swarm_14_148.pdb	13.168	30.068	0.0810811	17.649
swarm_75_194.pdb	15.599	45.815	0	17.640
swarm_6_145.pdb	4.967	16.953	0.189189	17.585
swarm_63_182.pdb	15.397	37.319	0.027027	17.528
swarm_17_163.pdb	7.458	21.397	0.162162	17.454
swarm_33_83.pdb	15.784	35.405	0	17.405
swarm_33_115.pdb	15.198	39.077	0	17.404
swarm_16_33.pdb	11.668	38.630	0	17.371
swarm_20_128.pdb	7.468	24.002	0.189189	17.256
swarm_20_77.pdb	13.583	22.144	0	17.189
swarm_45_84.pdb	7.479	25.795	0.0810811	17.175
swarm_22_171.pdb	11.363	25.474	0.135135	17.172
swarm_0_17.pdb	14.681	26.535	0	17.165
swarm_52_116.pdb	13.354	40.001	0	17.017
swarm_51_140.pdb	10.338	37.190	0.0135135	16.956
swarm_78_24.pdb	11.863	32.263	0	16.932
swarm_75_187.pdb	17.312	39.036	0	16.932
swarm_76_57.pdb	14.358	40.939	0	16.879
swarm_61_148.pdb	17.555	39.012	0	16.804
swarm_35_47.pdb	12.535	24.639	0.0405405	16.709
swarm_18_174.pdb	14.677	39.888	0	16.703
swarm_35_181.pdb	15.420	32.662	0	16.658
swarm_45_77.pdb	14.095	33.998	0	16.639
swarm_36_159.pdb	7.262	26.246	0.0540541	16.608
swarm_11_4.pdb	10.818	22.410	0	16.592
swarm_16_56.pdb	13.659	38.042	0.0675676	16.585
swarm_11_141.pdb	10.010	20.824	0	16.570
swarm_11_42.pdb	15.721	27.273	0	16.536
swarm_17_26.pdb	11.330	21.023	0	16.513
swarm_4_66.pdb	13.820	30.285	0.027027	16.505
swarm_0_199.pdb	14.021	27.490	0	16.495
swarm_6_81.pdb	12.814	24.014	0.108108	16.475
swarm_39_56.pdb	15.773	35.863	0	16.473
swarm_34_175.pdb	14.140	35.499	0	16.460
swarm_61_197.pdb	14.378	36.582	0	16.451
swarm_26_183.pdb	9.833	29.170	0	16.391
swarm_61_160.pdb	16.301	37.987	0	16.328
swarm_5_133.pdb	10.227	21.074	0.0405405	16.317
swarm_36_128.pdb	9.200	26.883	0.0540541	16.311
swarm_78_124.pdb	15.626	30.188	0.0405405	16.308
swarm_11_14.pdb	14.365	26.538	0	16.269
swarm_1_106.pdb	14.010	29.921	0.0810811	16.262
swarm_36_145.pdb	14.994	33.116	0.0135135	16.227
swarm_52_177.pdb	16.424	40.810	0	16.212
swarm_63_16.pdb	10.868	41.882	0	16.143
swarm_25_16.pdb	17.047	37.352	0	16.055
swarm_23_62.pdb	14.727	29.566	0.0405405	16.045
swarm_21_160.pdb	15.738	35.704	0	16.007
swarm_0_177.pdb	9.061	19.790	0.0135135	15.999
swarm_7_167.pdb	17.257	32.873	0	15.954
swarm_36_127.pdb	10.198	28.944	0.0135135	15.927
swarm_33_99.pdb	15.201	33.093	0.0135135	15.927
swarm_24_14.pdb	15.286	29.759	0	15.810
swarm_28_181.pdb	16.719	37.462	0	15.777
swarm_60_150.pdb	16.484	43.764	0	15.758
swarm_6_170.pdb	4.586	11.430	0.297297	15.753
swarm_67_19.pdb	12.530	23.972	0.0945946	15.715
swarm_38_43.pdb	13.891	37.727	0	15.711
swarm_52_52.pdb	15.377	41.369	0	15.658
swarm_27_16.pdb	17.612	38.402	0	15.647
swarm_7_122.pdb	13.452	34.872	0	15.594
swarm_67_84.pdb	8.278	26.648	0.0540541	15.523
swarm_35_27.pdb	10.187	26.238	0.0405405	15.493
swarm_7_66.pdb	10.259	28.441	0.0405405	15.425
swarm_78_6.pdb	11.479	27.306	0.0945946	15.368
swarm_78_20.pdb	13.165	29.675	0	15.361
swarm_16_155.pdb	14.037	37.023	0	15.344
swarm_21_93.pdb	15.114	35.078	0	15.297
swarm_61_66.pdb	15.055	38.916	0	15.295
swarm_35_182.pdb	10.706	27.094	0	15.256
swarm_18_95.pdb	17.216	46.205	0	15.248
swarm_5_109.pdb	13.050	22.658	0	15.152
swarm_11_27.pdb	15.252	27.458	0.0945946	15.108
swarm_48_5.pdb	8.729	19.349	0.0405405	15.083
swarm_5_53.pdb	14.294	25.432	0.0810811	15.042
swarm_67_61.pdb	12.436	28.052	0.0810811	15.034
swarm_16_166.pdb	9.008	29.740	0.027027	15.029
swarm_78_171.pdb	12.074	30.602	0	15.014
swarm_36_35.pdb	14.533	35.605	0	14.956
swarm_63_196.pdb	16.301	41.833	0	14.943
swarm_34_119.pdb	8.746	22.575	0.0540541	14.917
swarm_56_198.pdb	14.680	28.821	0	14.607
swarm_0_38.pdb	8.820	17.915	0.0675676	14.592
swarm_45_137.pdb	11.535	30.013	0.0135135	14.573
swarm_16_102.pdb	12.207	40.841	0	14.502
swarm_14_69.pdb	8.313	19.559	0.0945946	14.459
swarm_38_47.pdb	14.009	34.448	0	14.456
swarm_10_141.pdb	8.472	20.396	0.0810811	14.438
swarm_43_158.pdb	16.181	45.854	0	14.416
swarm_36_181.pdb	16.621	30.675	0	14.382
swarm_56_76.pdb	16.114	26.500	0	14.368
swarm_0_183.pdb	15.125	28.328	0.027027	14.353
swarm_44_192.pdb	13.983	33.791	0	14.331
swarm_45_113.pdb	8.033	26.765	0.0135135	14.271
swarm_52_105.pdb	17.573	38.379	0	14.152
swarm_45_81.pdb	9.207	27.057	0.027027	13.983
swarm_78_70.pdb	14.071	33.978	0	13.936
swarm_52_159.pdb	15.419	38.680	0	13.913
swarm_60_1.pdb	17.321	35.977	0	13.860
swarm_72_99.pdb	15.462	45.681	0	13.816
swarm_49_141.pdb	14.471	29.077	0	13.790
swarm_15_29.pdb	11.299	39.007	0.0135135	13.681
swarm_25_151.pdb	16.487	38.801	0	13.654
swarm_16_30.pdb	15.884	31.289	0	13.653
swarm_1_112.pdb	15.513	28.413	0	13.574
swarm_16_133.pdb	8.736	27.516	0.027027	13.300
swarm_4_164.pdb	13.941	32.524	0	13.290
swarm_4_63.pdb	8.362	25.276	0.0405405	13.266
swarm_36_40.pdb	14.379	36.329	0	13.090
swarm_60_152.pdb	16.104	34.290	0.0135135	13.073
swarm_38_2.pdb	17.135	36.349	0	13.028
swarm_56_86.pdb	14.512	36.618	0.0405405	13.025
swarm_39_185.pdb	16.265	29.796	0	13.010
swarm_67_166.pdb	15.435	27.943	0	12.954
swarm_78_136.pdb	16.138	35.035	0	12.561
swarm_2_58.pdb	15.310	31.973	0	12.363
swarm_49_3.pdb	9.851	22.667	0.0135135	12.272
swarm_43_124.pdb	17.029	43.424	0	12.127
swarm_60_189.pdb	13.493	37.290	0	12.107
swarm_25_184.pdb	14.412	33.137	0.0945946	12.018
swarm_6_100.pdb	13.896	26.074	0	11.814
swarm_21_18.pdb	15.972	34.021	0	11.790
swarm_33_171.pdb	12.097	32.608	0	11.776
swarm_0_0.pdb	12.298	26.618	0	11.078
swarm_38_169.pdb	12.279	32.525	0.0135135	11.046
swarm_67_17.pdb	13.606	26.542	0	10.962
swarm_1_52.pdb	13.653	27.095	0	10.582
swarm_1_114.pdb	15.175	25.720	0	9.973
swarm_1_56.pdb	15.767	25.671	0	9.752
swarm_41_60.pdb	8.856	20.723	0.0945946	9.349
swarm_67_52.pdb	13.972	31.668	0	9.063
swarm_19_80.pdb	13.652	26.304	0.148649	8.741
swarm_19_21.pdb	10.265	22.228	0.108108	8.523
swarm_58_196.pdb	6.538	13.712	0.108108	8.111
swarm_33_150.pdb	14.790	39.952	0	7.602
swarm_52_95.pdb	15.827	41.375	0	7.452
swarm_44_64.pdb	13.537	30.138	0.0675676	7.366
swarm_51_70.pdb	18.294	41.434	0	7.336
swarm_8_129.pdb	13.435	43.459	0	7.046
swarm_36_106.pdb	12.271	35.158	0.0945946	6.753
swarm_36_143.pdb	12.573	34.643	0.0810811	6.495
swarm_73_129.pdb	15.774	41.780	0	5.251
swarm_23_22.pdb	10.194	32.934	0.0540541	5.218
swarm_73_2.pdb	17.426	39.555	0	5.196
swarm_34_49.pdb	15.609	31.225	0	4.434
swarm_45_21.pdb	12.592	29.863	0	3.578
swarm_60_75.pdb	10.524	32.289	0.0405405	3.474
swarm_17_168.pdb	7.925	18.472	0.175676	2.491
swarm_14_195.pdb	15.487	24.611	0	2.224
swarm_5_185.pdb	12.359	22.494	0.0405405	2.120
swarm_11_116.pdb	10.975	24.450	0.0135135	1.736
swarm_10_124.pdb	8.695	25.430	0.0945946	1.608
swarm_23_170.pdb	10.955	32.563	0	0.174
