run0-swarm_33_149.pdb	6.106	17.294	0.0135135	40.459
run0-swarm_43_14.pdb	5.884	17.095	0.027027	40.145
run0-swarm_67_47.pdb	6.251	17.706	0.027027	40.093
run0-swarm_47_49.pdb	6.200	20.957	0.027027	39.808
run0-swarm_52_109.pdb	6.054	18.913	0.0405405	39.683
run0-swarm_44_20.pdb	7.314	20.092	0.0135135	39.282
run0-swarm_8_56.pdb	10.459	27.293	0	38.772
run0-swarm_12_9.pdb	6.214	16.243	0.0540541	38.514
run0-swarm_44_125.pdb	6.267	22.228	0.0135135	38.237
run0-swarm_58_1.pdb	6.176	19.482	0.0135135	37.983
run0-swarm_12_11.pdb	1.821	6.440	0.608108	36.608
run0-swarm_59_2.pdb	6.131	21.339	0.0405405	36.553
run0-swarm_5_67.pdb	6.332	17.438	0.0405405	34.777
run0-swarm_43_35.pdb	5.725	17.404	0.216216	33.903
run0-swarm_59_57.pdb	6.712	18.169	0.0135135	33.513
run0-swarm_63_131.pdb	9.816	28.171	0	33.132
run0-swarm_8_31.pdb	6.662	18.946	0.027027	32.653
run0-swarm_59_159.pdb	10.057	26.176	0	32.424
run0-swarm_10_84.pdb	6.331	19.513	0.162162	31.822
run0-swarm_19_31.pdb	8.164	20.915	0.0135135	31.255
run0-swarm_43_105.pdb	2.933	9.677	0.459459	30.983
run0-swarm_10_164.pdb	9.860	26.561	0	30.895
run0-swarm_4_64.pdb	2.780	10.322	0.432432	30.870
run0-swarm_12_72.pdb	6.156	20.813	0.162162	29.785
run0-swarm_16_66.pdb	2.647	8.558	0.351351	29.496
run0-swarm_33_185.pdb	4.620	15.366	0.337838	29.141
run0-swarm_10_119.pdb	6.723	17.575	0	28.988
run0-swarm_68_8.pdb	1.633	3.962	0.581081	28.894
run0-swarm_30_191.pdb	2.877	10.566	0.378378	28.823
run0-swarm_44_48.pdb	10.276	24.730	0	28.397
run0-swarm_52_124.pdb	8.024	20.592	0.0135135	28.231
run0-swarm_4_162.pdb	5.576	18.211	0.202703	27.866
run0-swarm_9_33.pdb	7.016	23.912	0.148649	27.609
run0-swarm_18_172.pdb	5.003	16.860	0.22973	27.580
run0-swarm_14_23.pdb	6.869	23.563	0.148649	27.390
run0-swarm_61_182.pdb	7.481	24.692	0.148649	27.367
run0-swarm_3_63.pdb	6.938	16.244	0.0810811	27.334
run0-swarm_63_60.pdb	12.298	27.898	0	27.256
run0-swarm_3_173.pdb	3.155	10.126	0.310811	26.937
run0-swarm_29_111.pdb	3.042	11.020	0.351351	26.678
run0-swarm_35_2.pdb	5.045	17.836	0.256757	25.778
run0-swarm_18_187.pdb	9.253	26.361	0	25.674
run0-swarm_30_7.pdb	6.889	22.426	0.0540541	25.435
run0-swarm_30_151.pdb	6.827	21.641	0.175676	24.451
run0-swarm_34_115.pdb	6.739	19.555	0	24.004
run0-swarm_68_52.pdb	3.747	13.945	0.256757	23.973
run0-swarm_34_5.pdb	5.853	16.897	0.175676	23.670
run0-swarm_62_66.pdb	5.252	18.266	0.202703	23.586
run0-swarm_45_182.pdb	9.473	30.745	0.0135135	23.554
run0-swarm_35_158.pdb	5.764	12.199	0.027027	23.345
run0-swarm_39_131.pdb	6.375	18.807	0.189189	23.306
run0-swarm_58_54.pdb	8.160	18.113	0	22.988
run0-swarm_18_148.pdb	8.716	21.103	0	22.873
run0-swarm_58_0.pdb	4.884	17.547	0.189189	22.687
run0-swarm_39_72.pdb	5.480	12.203	0.0675676	22.527
run0-swarm_29_6.pdb	6.234	17.998	0.202703	22.302
run0-swarm_46_132.pdb	6.819	26.429	0.027027	22.249
run0-swarm_38_190.pdb	10.526	31.751	0	22.134
run0-swarm_61_89.pdb	6.024	14.505	0.0135135	21.957
run0-swarm_18_197.pdb	6.959	25.803	0.0405405	21.852
run0-swarm_34_149.pdb	5.175	15.185	0.243243	21.314
run0-swarm_3_101.pdb	1.895	6.055	0.445946	21.298
run0-swarm_52_116.pdb	7.580	18.723	0	21.252
run0-swarm_62_2.pdb	6.305	22.781	0.0810811	21.103
run0-swarm_19_135.pdb	3.293	9.874	0.405405	21.037
run0-swarm_14_158.pdb	9.050	31.534	0	20.888
run0-swarm_6_51.pdb	7.631	23.626	0.175676	20.638
run0-swarm_4_51.pdb	6.511	21.919	0.148649	20.359
run0-swarm_42_70.pdb	8.137	26.681	0.108108	20.344
run0-swarm_31_114.pdb	7.916	24.801	0.121622	20.215
run0-swarm_30_95.pdb	6.173	21.153	0.0675676	20.158
run0-swarm_38_160.pdb	7.953	24.822	0.121622	19.976
run0-swarm_42_39.pdb	8.728	27.816	0	19.483
run0-swarm_31_134.pdb	6.353	18.879	0	19.278
run0-swarm_24_119.pdb	7.521	23.010	0.027027	19.028
run0-swarm_14_101.pdb	10.377	29.680	0	19.016
run0-swarm_34_104.pdb	8.156	27.700	0.027027	18.975
run0-swarm_35_51.pdb	8.209	25.854	0.108108	18.459
run0-swarm_30_198.pdb	8.989	18.840	0.027027	17.949
run0-swarm_6_100.pdb	8.669	30.424	0	17.894
run0-swarm_61_155.pdb	7.767	26.437	0	17.522
run0-swarm_26_51.pdb	7.464	20.586	0.121622	17.520
run0-swarm_4_106.pdb	7.320	13.726	0.027027	17.519
run0-swarm_31_165.pdb	5.798	21.086	0.148649	17.452
run0-swarm_23_63.pdb	7.723	25.083	0.121622	17.296
run0-swarm_2_165.pdb	6.605	26.176	0.027027	17.162
run0-swarm_29_25.pdb	7.344	20.281	0	16.825
run0-swarm_59_43.pdb	7.649	14.472	0.027027	16.768
run0-swarm_62_113.pdb	8.190	29.119	0.0135135	16.493
run0-swarm_60_196.pdb	6.658	26.690	0.0405405	16.412
run0-swarm_60_159.pdb	8.292	30.655	0.0135135	16.401
run0-swarm_45_68.pdb	7.599	28.322	0.0135135	16.200
run0-swarm_38_13.pdb	8.000	30.238	0.0135135	15.975
run0-swarm_6_20.pdb	7.102	27.300	0.0135135	15.859
run0-swarm_48_181.pdb	6.407	24.171	0.0405405	14.693
run0-swarm_57_153.pdb	9.657	24.882	0.0810811	14.635
run0-swarm_23_24.pdb	7.014	27.251	0.0135135	14.552
run0-swarm_54_177.pdb	7.240	22.029	0.0810811	14.547
run0-swarm_62_16.pdb	8.552	31.302	0	13.503
run0-swarm_35_57.pdb	9.891	25.702	0	12.203
run0-swarm_64_27.pdb	5.169	14.873	0.0540541	11.726
run0-swarm_19_145.pdb	7.955	21.371	0.0405405	11.211
run0-swarm_6_78.pdb	7.626	29.460	0.0135135	10.187
run0-swarm_45_31.pdb	9.542	26.563	0	9.353
run0-swarm_3_150.pdb	4.192	9.154	0.432432	8.544
run0-swarm_60_6.pdb	9.289	31.511	0	8.011
run0-swarm_37_179.pdb	7.030	18.091	0	7.617
run0-swarm_64_113.pdb	5.046	18.003	0.135135	1.903
