swarm_15_176.pdb	11.196	23.420	0	31.256
swarm_16_90.pdb	8.717	28.423	0	29.430
swarm_33_57.pdb	11.247	22.596	0	29.039
swarm_40_5.pdb	14.191	31.558	0	27.287
swarm_33_175.pdb	10.184	23.029	0	26.791
swarm_15_37.pdb	13.107	26.050	0	26.603
swarm_15_130.pdb	9.974	27.368	0	26.337
swarm_31_181.pdb	10.086	21.720	0.0625	26.174
swarm_19_47.pdb	10.164	23.715	0	25.511
swarm_33_103.pdb	9.042	21.497	0.0208333	24.887
swarm_39_139.pdb	6.332	27.516	0.0416667	24.429
swarm_15_81.pdb	7.783	23.645	0.0416667	24.256
swarm_16_140.pdb	12.159	23.288	0	24.221
swarm_3_147.pdb	7.881	27.222	0.0416667	23.470
swarm_0_143.pdb	10.025	35.145	0	23.422
swarm_50_184.pdb	11.248	23.620	0.0208333	23.269
swarm_31_185.pdb	6.663	21.487	0.0416667	23.145
swarm_0_40.pdb	6.605	28.683	0.0416667	23.058
swarm_41_33.pdb	13.264	28.690	0	22.576
swarm_8_78.pdb	16.973	37.303	0	22.473
swarm_0_30.pdb	10.214	31.984	0.0416667	22.396
swarm_35_75.pdb	12.658	30.116	0	22.272
swarm_16_94.pdb	14.169	29.281	0	21.812
swarm_10_64.pdb	6.118	24.152	0	21.540
swarm_14_108.pdb	18.861	48.181	0	21.441
swarm_39_109.pdb	8.382	32.803	0	21.415
swarm_36_24.pdb	13.655	26.824	0	21.326
swarm_45_173.pdb	17.573	47.228	0	21.240
swarm_10_160.pdb	10.418	32.236	0	21.219
swarm_50_131.pdb	5.826	18.720	0.0416667	21.195
swarm_50_68.pdb	7.999	23.917	0	20.799
swarm_36_85.pdb	8.820	24.759	0	20.365
swarm_50_177.pdb	12.769	22.629	0	20.197
swarm_33_91.pdb	10.124	18.579	0.104167	20.136
swarm_1_31.pdb	12.543	24.374	0	20.062
swarm_19_133.pdb	12.859	25.958	0	19.643
swarm_16_15.pdb	7.588	25.332	0	19.391
swarm_35_190.pdb	12.488	29.178	0	19.309
swarm_31_48.pdb	11.342	24.352	0	19.022
swarm_39_43.pdb	10.479	22.204	0	18.745
swarm_50_107.pdb	11.452	21.114	0.0833333	18.631
swarm_11_163.pdb	17.844	46.743	0	18.248
swarm_16_137.pdb	9.501	27.599	0.0208333	17.669
swarm_43_2.pdb	15.332	34.942	0	17.514
swarm_40_35.pdb	13.824	36.072	0	17.490
swarm_33_85.pdb	11.502	20.073	0.0833333	17.370
swarm_50_31.pdb	7.860	18.975	0	17.024
swarm_16_186.pdb	5.305	22.241	0.0833333	16.707
swarm_19_26.pdb	9.450	22.320	0	16.583
swarm_39_10.pdb	11.856	26.925	0	16.375
swarm_39_82.pdb	12.410	28.785	0	16.190
swarm_39_107.pdb	9.605	22.269	0	16.014
swarm_39_191.pdb	13.531	27.645	0	15.966
swarm_7_131.pdb	9.450	40.154	0.125	15.075
swarm_43_150.pdb	11.353	38.652	0	14.964
swarm_17_162.pdb	16.403	44.028	0	14.091
swarm_0_150.pdb	12.620	30.580	0.0208333	13.664
swarm_35_64.pdb	8.087	30.799	0	13.588
swarm_3_144.pdb	11.065	22.354	0.0833333	12.805
swarm_16_30.pdb	8.047	31.425	0.0208333	11.546
swarm_0_102.pdb	11.198	24.596	0	11.375
swarm_16_167.pdb	7.830	20.848	0.0208333	10.910
swarm_19_72.pdb	7.981	20.267	0.0416667	9.645
swarm_33_89.pdb	7.754	23.134	0	7.223
swarm_20_32.pdb	14.857	31.664	0	6.844
swarm_50_76.pdb	12.041	24.781	0	0.467
