swarm_8_181.pdb	10.315	17.527	0	31.423
swarm_29_182.pdb	12.310	22.920	0	30.781
swarm_7_103.pdb	12.180	21.485	0	29.787
swarm_0_92.pdb	9.891	28.912	0.0967742	29.497
swarm_8_127.pdb	16.538	26.104	0	29.127
swarm_24_195.pdb	11.217	20.424	0.0322581	29.059
swarm_43_108.pdb	15.959	26.087	0.0806452	28.123
swarm_27_29.pdb	11.723	38.383	0	28.010
swarm_44_151.pdb	17.016	41.433	0	27.807
swarm_28_8.pdb	18.197	48.409	0	27.784
swarm_30_192.pdb	12.299	22.220	0.0483871	27.369
swarm_20_116.pdb	17.442	38.788	0	27.344
swarm_30_22.pdb	14.283	26.699	0	27.311
swarm_24_184.pdb	13.581	39.774	0	26.950
swarm_29_143.pdb	11.703	24.262	0	26.776
swarm_0_18.pdb	13.772	27.390	0	26.488
swarm_20_177.pdb	16.185	24.505	0	26.355
swarm_41_101.pdb	11.244	38.119	0.016129	25.963
swarm_20_45.pdb	7.592	27.732	0.112903	25.729
swarm_16_15.pdb	16.471	27.685	0	25.686
swarm_43_133.pdb	12.094	20.897	0	25.539
swarm_31_79.pdb	14.433	25.844	0	25.511
swarm_18_107.pdb	15.494	26.495	0	25.484
swarm_27_133.pdb	14.288	34.245	0.016129	25.367
swarm_13_14.pdb	11.728	25.735	0	25.357
swarm_53_116.pdb	18.026	45.732	0	25.284
swarm_43_154.pdb	17.944	34.002	0	25.116
swarm_5_1.pdb	16.162	39.039	0	25.085
swarm_8_167.pdb	12.011	31.899	0.0322581	25.044
swarm_44_150.pdb	16.468	29.045	0	24.987
swarm_6_156.pdb	13.869	23.973	0	24.983
swarm_0_80.pdb	10.655	23.918	0.0645161	24.931
swarm_0_97.pdb	10.007	22.495	0	24.927
swarm_0_3.pdb	9.455	22.487	0	24.889
swarm_11_84.pdb	15.049	37.960	0	24.583
swarm_14_103.pdb	17.074	34.723	0.0322581	24.388
swarm_20_34.pdb	12.660	27.251	0.016129	24.363
swarm_44_96.pdb	12.367	30.083	0	24.300
swarm_8_95.pdb	15.356	26.691	0	24.298
swarm_43_21.pdb	14.310	26.049	0	24.294
swarm_54_31.pdb	12.504	27.885	0	24.282
swarm_70_108.pdb	6.488	24.957	0.0645161	24.097
swarm_32_163.pdb	14.280	25.101	0.0806452	23.919
swarm_32_125.pdb	18.985	44.329	0	23.877
swarm_1_137.pdb	12.513	49.560	0	23.785
swarm_24_153.pdb	14.895	24.935	0	23.568
swarm_6_7.pdb	16.634	34.662	0	23.560
swarm_7_33.pdb	15.996	34.343	0	23.534
swarm_27_42.pdb	13.138	25.239	0	23.522
swarm_50_182.pdb	9.923	40.694	0.016129	23.481
swarm_79_14.pdb	19.964	48.357	0	23.446
swarm_44_55.pdb	9.627	19.190	0	23.396
swarm_52_20.pdb	12.927	33.318	0	23.375
swarm_31_101.pdb	6.411	21.741	0.129032	23.373
swarm_18_14.pdb	8.990	16.760	0	23.289
swarm_0_116.pdb	7.877	17.779	0	23.266
swarm_29_165.pdb	13.286	28.363	0	23.091
swarm_1_136.pdb	9.856	19.366	0.016129	23.060
swarm_8_188.pdb	2.239	6.003	0.387097	23.056
swarm_26_137.pdb	19.447	36.674	0	23.021
swarm_17_169.pdb	11.058	27.461	0	23.005
swarm_18_173.pdb	10.941	26.656	0	22.927
swarm_14_128.pdb	12.320	38.685	0	22.888
swarm_7_52.pdb	15.297	24.559	0.0322581	22.825
swarm_27_26.pdb	15.180	37.604	0	22.742
swarm_42_131.pdb	9.484	28.910	0	22.737
swarm_2_191.pdb	18.001	46.672	0	22.723
swarm_8_68.pdb	15.632	25.361	0	22.624
swarm_46_192.pdb	13.139	25.389	0.0483871	22.602
swarm_32_49.pdb	6.747	14.017	0.16129	22.586
swarm_11_125.pdb	13.686	34.576	0	22.581
swarm_7_74.pdb	12.484	28.085	0.0967742	22.521
swarm_55_99.pdb	10.461	27.883	0.016129	22.495
swarm_39_113.pdb	17.622	45.899	0	22.454
swarm_17_84.pdb	11.712	31.661	0	22.434
swarm_54_99.pdb	15.375	34.477	0	22.380
swarm_39_44.pdb	13.354	40.313	0	22.362
swarm_27_92.pdb	13.108	25.623	0	22.332
swarm_8_164.pdb	12.706	21.918	0.0806452	22.326
swarm_20_150.pdb	11.450	21.188	0	22.311
swarm_21_66.pdb	16.581	44.724	0	22.234
swarm_40_183.pdb	17.457	43.535	0	22.203
swarm_0_62.pdb	6.008	22.431	0.193548	22.191
swarm_44_5.pdb	19.586	36.364	0	22.185
swarm_0_116.pdb	8.106	18.105	0	22.143
swarm_54_13.pdb	14.121	38.182	0.0322581	22.110
swarm_27_17.pdb	12.543	27.661	0.0483871	22.099
swarm_53_84.pdb	16.039	37.349	0	22.051
swarm_20_146.pdb	11.793	35.482	0.0322581	22.005
swarm_11_50.pdb	12.447	35.910	0.016129	21.990
swarm_35_136.pdb	16.935	41.059	0	21.940
swarm_14_96.pdb	11.199	34.840	0.0967742	21.930
swarm_52_51.pdb	10.496	32.618	0.0645161	21.834
swarm_27_56.pdb	13.756	29.465	0	21.797
swarm_2_174.pdb	15.915	34.014	0	21.796
swarm_41_193.pdb	13.317	32.539	0	21.749
swarm_78_23.pdb	12.224	20.431	0	21.674
swarm_20_73.pdb	11.597	28.175	0	21.625
swarm_45_12.pdb	15.422	30.221	0.0645161	21.616
swarm_43_80.pdb	10.378	35.726	0	21.525
swarm_8_111.pdb	9.215	25.062	0	21.501
swarm_42_57.pdb	9.920	32.135	0	21.488
swarm_2_190.pdb	17.873	38.375	0	21.402
swarm_27_176.pdb	10.645	32.324	0.0322581	21.386
swarm_2_51.pdb	14.507	39.930	0	21.320
swarm_43_74.pdb	16.412	33.423	0	21.276
swarm_43_125.pdb	17.069	33.580	0.0967742	21.275
swarm_52_127.pdb	17.579	36.784	0	21.169
swarm_4_40.pdb	14.109	44.794	0	21.165
swarm_15_138.pdb	14.716	24.807	0	21.147
swarm_32_196.pdb	16.540	27.326	0	21.106
swarm_73_33.pdb	12.401	25.698	0.016129	21.097
swarm_7_189.pdb	15.755	31.582	0	21.085
swarm_22_73.pdb	18.763	42.971	0	21.068
swarm_13_103.pdb	17.606	36.894	0.016129	21.011
swarm_30_147.pdb	12.950	25.244	0	20.942
swarm_4_6.pdb	17.878	43.928	0	20.825
swarm_54_164.pdb	14.794	37.570	0	20.819
swarm_22_181.pdb	18.522	39.869	0	20.773
swarm_17_189.pdb	13.762	22.509	0.0483871	20.724
swarm_29_63.pdb	16.895	26.111	0	20.686
swarm_20_104.pdb	16.578	28.091	0	20.675
swarm_14_87.pdb	15.596	28.200	0	20.673
swarm_44_89.pdb	15.424	30.419	0.0483871	20.664
swarm_7_164.pdb	14.482	31.108	0	20.633
swarm_73_88.pdb	11.279	31.557	0	20.586
swarm_27_21.pdb	15.515	34.576	0	20.540
swarm_15_78.pdb	9.164	18.390	0	20.535
swarm_53_163.pdb	16.540	40.605	0	20.519
swarm_7_99.pdb	12.871	29.520	0	20.501
swarm_6_126.pdb	15.588	30.446	0	20.494
swarm_9_17.pdb	20.261	45.923	0.0483871	20.474
swarm_3_11.pdb	15.979	47.524	0	20.452
swarm_25_189.pdb	8.303	25.201	0	20.442
swarm_35_83.pdb	16.072	40.483	0	20.378
swarm_28_188.pdb	13.958	38.362	0	20.365
swarm_47_64.pdb	13.787	30.898	0	20.345
swarm_24_119.pdb	16.310	40.159	0	20.268
swarm_44_71.pdb	10.683	35.664	0	20.262
swarm_32_14.pdb	16.447	47.070	0	20.204
swarm_8_148.pdb	13.601	25.780	0	20.202
swarm_13_84.pdb	13.711	24.556	0	20.202
swarm_8_164.pdb	12.215	27.170	0.016129	20.199
swarm_22_94.pdb	14.128	37.395	0	20.139
swarm_51_57.pdb	13.121	31.789	0	20.097
swarm_8_124.pdb	9.057	14.798	0	20.059
swarm_26_159.pdb	15.301	34.986	0	20.029
swarm_29_60.pdb	13.963	30.586	0	20.021
swarm_10_60.pdb	12.985	26.916	0	20.013
swarm_11_176.pdb	16.426	40.934	0	19.986
swarm_19_56.pdb	16.512	40.627	0	19.942
swarm_29_167.pdb	16.208	50.556	0.016129	19.936
swarm_19_19.pdb	20.129	41.912	0	19.916
swarm_70_2.pdb	14.079	23.304	0	19.814
swarm_60_121.pdb	13.100	38.352	0	19.800
swarm_5_175.pdb	18.857	43.915	0	19.794
swarm_28_29.pdb	13.539	30.699	0	19.791
swarm_40_126.pdb	18.371	41.174	0	19.777
swarm_53_0.pdb	12.826	49.423	0	19.772
swarm_11_12.pdb	13.093	40.575	0	19.752
swarm_35_84.pdb	15.683	34.503	0	19.724
swarm_8_8.pdb	16.700	28.830	0	19.705
swarm_42_85.pdb	9.905	30.857	0.0806452	19.645
swarm_4_135.pdb	8.818	21.053	0	19.597
swarm_19_102.pdb	15.392	42.539	0	19.584
swarm_24_33.pdb	5.387	17.716	0.0967742	19.508
swarm_43_10.pdb	10.510	25.231	0	19.505
swarm_43_178.pdb	17.193	34.296	0	19.502
swarm_32_114.pdb	15.529	25.832	0	19.500
swarm_26_0.pdb	13.998	32.399	0	19.466
swarm_20_87.pdb	16.038	33.649	0.016129	19.435
swarm_18_27.pdb	18.627	52.351	0	19.421
swarm_9_28.pdb	15.644	49.231	0	19.419
swarm_13_60.pdb	16.618	32.947	0	19.391
swarm_22_111.pdb	12.420	33.876	0	19.381
swarm_8_162.pdb	15.437	35.387	0	19.371
swarm_32_65.pdb	10.025	43.804	0	19.369
swarm_5_36.pdb	14.632	44.776	0	19.363
swarm_42_56.pdb	11.577	41.882	0	19.349
swarm_19_107.pdb	14.459	37.595	0.0322581	19.346
swarm_32_69.pdb	4.918	15.171	0.0322581	19.326
swarm_23_81.pdb	9.812	25.691	0.016129	19.299
swarm_33_79.pdb	14.568	39.092	0	19.286
swarm_37_10.pdb	15.040	27.847	0	19.271
swarm_45_199.pdb	6.561	22.232	0.0806452	19.223
swarm_10_116.pdb	16.388	32.911	0	19.217
swarm_29_187.pdb	15.419	27.118	0.0806452	19.206
swarm_39_55.pdb	17.702	42.212	0	19.189
swarm_18_55.pdb	16.900	30.566	0	19.183
swarm_39_185.pdb	18.483	42.371	0	19.156
swarm_17_42.pdb	13.302	22.734	0	19.143
swarm_8_191.pdb	17.790	36.416	0	19.115
swarm_5_67.pdb	14.609	45.176	0	19.038
swarm_51_162.pdb	17.626	40.664	0	19.033
swarm_47_28.pdb	14.504	38.234	0	19.021
swarm_20_62.pdb	17.833	32.486	0.0806452	19.012
swarm_20_101.pdb	17.863	35.085	0	19.000
swarm_51_47.pdb	16.517	32.951	0	18.981
swarm_7_184.pdb	15.345	27.160	0.0645161	18.935
swarm_50_143.pdb	15.238	45.560	0	18.931
swarm_36_125.pdb	15.737	36.066	0.0483871	18.919
swarm_20_135.pdb	12.491	23.643	0	18.905
swarm_16_48.pdb	14.885	25.376	0	18.897
swarm_36_119.pdb	22.383	46.114	0	18.888
swarm_27_183.pdb	10.336	27.695	0	18.862
swarm_16_126.pdb	8.977	16.944	0.016129	18.861
swarm_29_80.pdb	13.464	29.954	0.0322581	18.800
swarm_18_17.pdb	10.977	28.091	0	18.787
swarm_40_113.pdb	20.833	43.311	0	18.786
swarm_35_166.pdb	17.699	41.458	0	18.785
swarm_33_24.pdb	10.687	36.837	0	18.783
swarm_24_10.pdb	17.976	31.018	0	18.753
swarm_15_56.pdb	16.835	46.608	0	18.739
swarm_31_167.pdb	13.127	30.639	0	18.724
swarm_10_127.pdb	11.630	31.544	0	18.709
swarm_16_170.pdb	14.385	24.384	0	18.706
swarm_28_117.pdb	17.204	38.884	0	18.563
swarm_25_179.pdb	13.120	29.075	0	18.562
swarm_50_4.pdb	15.045	40.096	0	18.544
swarm_18_2.pdb	17.657	34.998	0	18.534
swarm_13_115.pdb	14.403	24.050	0	18.516
swarm_58_16.pdb	14.386	28.331	0.016129	18.491
swarm_15_187.pdb	16.615	25.959	0	18.491
swarm_54_79.pdb	8.169	29.769	0	18.450
swarm_27_126.pdb	9.379	36.880	0.0967742	18.434
swarm_13_23.pdb	9.485	16.635	0	18.430
swarm_58_197.pdb	17.303	31.827	0	18.407
swarm_19_113.pdb	12.895	35.489	0	18.395
swarm_7_116.pdb	13.350	31.839	0	18.380
swarm_58_2.pdb	12.231	35.266	0	18.361
swarm_10_128.pdb	14.032	36.487	0.016129	18.334
swarm_8_100.pdb	11.189	36.861	0.0967742	18.328
swarm_36_191.pdb	11.719	35.882	0	18.323
swarm_4_178.pdb	15.674	37.866	0	18.317
swarm_40_101.pdb	17.643	43.060	0	18.263
swarm_7_134.pdb	14.766	25.090	0	18.231
swarm_39_19.pdb	17.776	37.118	0.016129	18.230
swarm_43_156.pdb	13.077	24.133	0.0806452	18.206
swarm_41_25.pdb	15.376	34.093	0	18.179
swarm_51_178.pdb	17.236	36.067	0	18.164
swarm_40_15.pdb	18.856	40.341	0	18.129
swarm_35_194.pdb	14.824	32.423	0	18.111
swarm_20_22.pdb	16.297	36.189	0	18.066
swarm_37_54.pdb	14.359	23.918	0.0322581	18.041
swarm_44_80.pdb	9.269	26.170	0.0322581	18.000
swarm_20_80.pdb	16.602	37.874	0	17.990
swarm_43_43.pdb	6.844	18.265	0.112903	17.966
swarm_44_1.pdb	17.263	37.725	0	17.952
swarm_23_59.pdb	13.286	32.699	0	17.911
swarm_25_172.pdb	12.048	22.487	0	17.857
swarm_19_129.pdb	17.832	40.345	0	17.832
swarm_41_59.pdb	13.931	36.270	0	17.806
swarm_36_35.pdb	13.358	45.377	0	17.803
swarm_46_123.pdb	16.989	49.834	0	17.752
swarm_54_73.pdb	13.831	27.494	0	17.744
swarm_4_36.pdb	21.683	51.192	0	17.687
swarm_12_48.pdb	19.202	46.601	0	17.624
swarm_32_122.pdb	12.475	21.202	0.0645161	17.612
swarm_43_129.pdb	10.920	22.951	0.0645161	17.595
swarm_45_179.pdb	13.214	18.301	0	17.594
swarm_28_140.pdb	16.277	36.459	0	17.586
swarm_70_178.pdb	8.419	19.360	0.0483871	17.585
swarm_50_163.pdb	19.861	43.437	0	17.576
swarm_25_124.pdb	12.018	26.049	0.016129	17.564
swarm_43_23.pdb	7.885	21.076	0.0806452	17.560
swarm_16_22.pdb	19.114	39.491	0	17.528
swarm_2_37.pdb	18.475	39.593	0	17.474
swarm_2_79.pdb	19.421	35.386	0	17.456
swarm_19_175.pdb	17.710	41.366	0	17.442
swarm_39_172.pdb	17.247	42.697	0	17.439
swarm_20_168.pdb	17.792	37.900	0	17.402
swarm_46_180.pdb	13.720	32.920	0	17.398
swarm_41_88.pdb	14.464	39.797	0	17.371
swarm_37_128.pdb	15.947	28.727	0	17.357
swarm_2_77.pdb	10.162	37.477	0	17.341
swarm_40_91.pdb	15.704	35.576	0	17.312
swarm_17_98.pdb	13.862	33.371	0	17.309
swarm_1_11.pdb	3.694	5.230	0.403226	17.273
swarm_33_131.pdb	19.407	45.407	0	17.228
swarm_5_113.pdb	19.994	42.675	0	17.153
swarm_77_102.pdb	10.001	44.019	0.016129	17.144
swarm_24_59.pdb	15.074	42.529	0	17.134
swarm_33_32.pdb	14.857	38.099	0	17.125
swarm_19_197.pdb	18.632	33.271	0	17.090
swarm_21_177.pdb	15.708	32.390	0	17.014
swarm_17_89.pdb	12.643	25.973	0	17.005
swarm_27_175.pdb	11.598	22.441	0	16.932
swarm_45_72.pdb	15.831	29.530	0	16.867
swarm_19_163.pdb	17.119	44.087	0	16.834
swarm_28_8.pdb	17.483	35.310	0	16.821
swarm_16_101.pdb	12.475	22.425	0	16.754
swarm_7_109.pdb	13.540	22.015	0.016129	16.736
swarm_51_197.pdb	14.009	41.510	0	16.605
swarm_44_1.pdb	16.262	28.888	0.016129	16.562
swarm_47_17.pdb	14.600	39.165	0	16.549
swarm_60_33.pdb	18.388	43.673	0	16.537
swarm_13_189.pdb	18.147	32.240	0	16.533
swarm_35_80.pdb	11.232	28.546	0	16.517
swarm_31_177.pdb	17.672	35.342	0	16.505
swarm_10_97.pdb	16.994	34.713	0.0645161	16.469
swarm_24_96.pdb	10.194	20.580	0	16.459
swarm_14_101.pdb	20.234	40.865	0	16.419
swarm_25_97.pdb	10.869	25.668	0	16.417
swarm_14_193.pdb	10.131	30.924	0	16.339
swarm_3_90.pdb	15.547	50.836	0.0322581	16.312
swarm_35_27.pdb	15.636	35.525	0.0322581	16.301
swarm_43_84.pdb	16.876	37.771	0	16.292
swarm_19_20.pdb	11.075	31.922	0	16.274
swarm_60_184.pdb	18.217	35.566	0	16.273
swarm_28_152.pdb	16.297	34.818	0	16.247
swarm_65_90.pdb	22.526	49.948	0	16.184
swarm_16_33.pdb	13.053	33.441	0	16.163
swarm_13_165.pdb	14.930	34.919	0	16.137
swarm_3_83.pdb	12.756	35.480	0	16.108
swarm_24_66.pdb	15.365	25.221	0	16.065
swarm_17_161.pdb	15.078	26.528	0	16.045
swarm_79_126.pdb	18.870	53.692	0	16.032
swarm_0_94.pdb	6.985	24.538	0	15.996
swarm_14_159.pdb	14.081	33.849	0	15.990
swarm_49_133.pdb	18.866	38.049	0	15.957
swarm_36_185.pdb	14.214	35.953	0	15.952
swarm_41_29.pdb	11.450	42.522	0	15.880
swarm_20_153.pdb	19.351	34.669	0	15.878
swarm_20_123.pdb	17.500	34.471	0	15.876
swarm_32_122.pdb	16.953	39.378	0	15.874
swarm_43_68.pdb	19.216	40.826	0	15.869
swarm_9_116.pdb	19.569	42.918	0	15.842
swarm_65_163.pdb	19.878	48.438	0	15.775
swarm_40_18.pdb	13.438	36.105	0.016129	15.758
swarm_10_157.pdb	16.235	34.534	0.0645161	15.758
swarm_17_24.pdb	13.016	27.725	0.016129	15.750
swarm_41_122.pdb	15.201	39.657	0	15.733
swarm_9_16.pdb	17.218	44.289	0.0483871	15.698
swarm_47_87.pdb	17.582	38.429	0	15.639
swarm_17_68.pdb	14.160	31.358	0	15.634
swarm_47_113.pdb	17.260	41.726	0	15.631
swarm_6_34.pdb	9.906	26.809	0.0322581	15.608
swarm_20_143.pdb	15.538	39.521	0	15.473
swarm_7_118.pdb	14.545	46.856	0	15.380
swarm_22_171.pdb	15.252	35.832	0	15.379
swarm_10_28.pdb	18.337	40.861	0	15.372
swarm_25_169.pdb	11.459	28.998	0	15.331
swarm_36_146.pdb	20.977	46.935	0	15.270
swarm_31_51.pdb	11.826	28.696	0	15.180
swarm_21_112.pdb	16.453	40.532	0	15.176
swarm_31_2.pdb	15.216	39.371	0	15.154
swarm_31_132.pdb	12.159	21.203	0	15.154
swarm_33_114.pdb	15.237	32.753	0.0806452	15.070
swarm_21_19.pdb	16.787	45.212	0	14.939
swarm_43_112.pdb	15.519	42.741	0	14.921
swarm_17_6.pdb	9.665	26.245	0	14.882
swarm_25_148.pdb	16.570	32.930	0	14.879
swarm_34_162.pdb	13.855	38.481	0	14.876
swarm_17_158.pdb	14.644	31.267	0.0806452	14.872
swarm_14_138.pdb	17.478	36.537	0	14.864
swarm_3_32.pdb	8.452	35.649	0.0322581	14.795
swarm_33_51.pdb	17.563	33.398	0	14.790
swarm_0_42.pdb	10.493	18.902	0	14.789
swarm_22_118.pdb	17.094	39.226	0	14.687
swarm_47_24.pdb	11.863	22.474	0.0645161	14.491
swarm_3_29.pdb	16.531	37.317	0	14.398
swarm_50_18.pdb	16.606	44.414	0	14.318
swarm_13_198.pdb	14.418	24.553	0.0322581	14.236
swarm_8_22.pdb	14.602	38.086	0	14.048
swarm_24_54.pdb	19.615	52.894	0	14.035
swarm_50_32.pdb	15.970	41.263	0.016129	13.860
swarm_11_44.pdb	13.364	27.088	0	13.811
swarm_9_59.pdb	15.618	43.760	0.0645161	13.719
swarm_0_173.pdb	15.612	35.151	0	13.717
swarm_60_176.pdb	19.964	45.114	0	13.670
swarm_19_196.pdb	14.555	33.959	0.0322581	13.635
swarm_24_129.pdb	13.694	25.271	0.016129	13.629
swarm_46_66.pdb	7.901	23.087	0	13.571
swarm_33_3.pdb	17.729	38.987	0	13.525
swarm_14_10.pdb	14.736	34.886	0	13.522
swarm_4_141.pdb	17.629	31.671	0	13.481
swarm_19_170.pdb	15.039	36.257	0	13.472
swarm_11_64.pdb	15.136	32.548	0	13.467
swarm_13_50.pdb	18.576	35.985	0	13.437
swarm_1_140.pdb	17.574	29.198	0	13.366
swarm_23_64.pdb	12.049	39.108	0	13.351
swarm_44_129.pdb	10.474	19.917	0.0806452	13.332
swarm_77_50.pdb	10.766	43.193	0	13.149
swarm_6_143.pdb	14.077	27.319	0	13.065
swarm_23_170.pdb	14.127	41.638	0	13.038
swarm_33_122.pdb	10.345	25.497	0	12.973
swarm_17_19.pdb	7.185	15.423	0.0322581	12.952
swarm_52_149.pdb	11.870	34.036	0.0322581	12.822
swarm_8_86.pdb	20.768	48.280	0	12.766
swarm_0_163.pdb	5.436	20.588	0.0322581	12.716
swarm_5_169.pdb	17.298	43.416	0	12.701
swarm_43_56.pdb	6.025	23.326	0.016129	12.646
swarm_44_23.pdb	20.146	38.343	0	12.637
swarm_39_83.pdb	15.520	23.969	0.112903	12.487
swarm_65_170.pdb	18.123	43.311	0	12.459
swarm_65_77.pdb	19.522	47.643	0	12.444
swarm_44_177.pdb	14.750	35.739	0	12.443
swarm_35_169.pdb	20.707	42.638	0	12.406
swarm_28_196.pdb	21.657	53.047	0	12.327
swarm_36_139.pdb	14.232	37.256	0	12.206
swarm_25_108.pdb	12.387	32.688	0	12.194
swarm_20_43.pdb	12.437	24.225	0	12.145
swarm_65_61.pdb	18.308	49.403	0	12.096
swarm_27_117.pdb	14.962	38.482	0	11.791
swarm_32_178.pdb	11.114	20.249	0	11.770
swarm_36_26.pdb	13.978	36.811	0.016129	11.760
swarm_60_22.pdb	21.124	49.677	0	11.462
swarm_14_38.pdb	16.485	39.108	0.0645161	11.355
swarm_54_144.pdb	10.647	26.844	0	11.306
swarm_69_170.pdb	18.514	50.054	0	11.305
swarm_12_188.pdb	13.820	31.638	0	11.119
swarm_20_161.pdb	11.526	26.291	0.0322581	11.061
swarm_54_110.pdb	7.171	24.291	0.145161	10.944
swarm_13_63.pdb	17.352	43.935	0.016129	10.865
swarm_18_109.pdb	14.957	51.913	0.016129	10.798
swarm_14_74.pdb	14.145	28.669	0	10.778
swarm_2_191.pdb	13.333	40.400	0	10.533
swarm_0_12.pdb	16.207	28.617	0	10.391
swarm_44_137.pdb	12.951	27.126	0	10.376
swarm_19_81.pdb	8.235	31.779	0.016129	10.368
swarm_12_174.pdb	14.331	43.527	0.0322581	10.193
swarm_47_31.pdb	15.529	36.009	0	10.102
swarm_8_186.pdb	15.633	35.326	0	9.895
swarm_28_152.pdb	12.170	47.569	0	9.778
swarm_29_103.pdb	13.506	23.623	0.0322581	9.724
swarm_50_186.pdb	16.881	39.098	0	9.692
swarm_2_108.pdb	15.067	40.055	0	9.488
swarm_79_144.pdb	17.015	51.861	0	9.357
swarm_35_190.pdb	14.521	42.582	0	9.187
swarm_35_149.pdb	10.843	37.097	0.0967742	9.134
swarm_65_117.pdb	17.823	49.408	0	9.095
swarm_26_160.pdb	16.484	33.715	0	9.063
swarm_54_53.pdb	11.584	41.393	0	8.770
swarm_1_31.pdb	8.007	13.443	0	8.675
swarm_35_4.pdb	14.100	39.889	0.0483871	8.651
swarm_53_28.pdb	18.669	46.204	0	8.182
swarm_0_55.pdb	9.358	26.609	0	8.178
swarm_20_144.pdb	14.298	25.553	0	7.645
swarm_39_10.pdb	13.686	23.018	0.129032	7.360
swarm_20_156.pdb	9.278	23.173	0.0645161	7.184
swarm_37_116.pdb	13.845	25.135	0	7.146
swarm_80_55.pdb	11.882	26.796	0.112903	7.032
swarm_12_42.pdb	16.563	45.362	0	6.781
swarm_61_125.pdb	13.338	39.825	0	6.746
swarm_10_152.pdb	17.905	39.639	0	6.685
swarm_37_114.pdb	15.573	25.644	0	6.656
swarm_4_181.pdb	15.306	23.960	0.0322581	6.650
swarm_4_105.pdb	11.611	21.041	0.016129	6.610
swarm_50_130.pdb	16.492	42.795	0	6.562
swarm_39_182.pdb	16.429	41.690	0	6.285
swarm_46_188.pdb	17.778	44.360	0	6.012
swarm_0_77.pdb	15.304	27.271	0	5.864
swarm_31_135.pdb	8.355	21.698	0.0322581	5.724
swarm_16_13.pdb	13.539	41.966	0.0483871	5.396
swarm_6_112.pdb	16.688	52.366	0	4.967
swarm_37_193.pdb	15.268	32.054	0	4.938
swarm_13_161.pdb	15.450	35.679	0	4.700
swarm_35_116.pdb	16.384	38.654	0	4.631
swarm_6_23.pdb	18.274	53.504	0	4.630
swarm_9_114.pdb	12.600	42.139	0	4.352
swarm_60_34.pdb	11.653	42.065	0	3.552
swarm_13_58.pdb	10.884	24.194	0.0322581	3.506
swarm_0_2.pdb	11.173	22.830	0	3.440
swarm_58_164.pdb	7.919	22.762	0.209677	3.427
swarm_51_102.pdb	12.677	39.266	0	2.945
swarm_50_11.pdb	10.210	37.851	0	2.861
swarm_43_127.pdb	9.360	36.251	0	2.842
swarm_13_44.pdb	13.843	30.083	0	2.313
swarm_24_109.pdb	10.496	20.005	0	2.217
swarm_50_71.pdb	18.762	44.634	0	1.944
swarm_18_69.pdb	10.399	21.030	0.0483871	1.614
swarm_13_1.pdb	14.078	33.735	0	1.610
swarm_2_147.pdb	16.914	41.318	0	1.437
swarm_35_89.pdb	14.576	45.336	0	1.419
swarm_20_188.pdb	16.209	31.438	0.016129	1.185
swarm_50_155.pdb	11.469	35.826	0	0.724
swarm_26_141.pdb	13.338	36.271	0	0.685
swarm_22_38.pdb	14.863	41.190	0	0.615
swarm_17_129.pdb	13.694	32.462	0.016129	0.130
