swarm_342_38.pdb	11.671	20.820	0.016129	25.099
swarm_384_183.pdb	11.397	25.119	0	23.280
swarm_367_146.pdb	15.555	24.251	0.0483871	23.062
swarm_8_132.pdb	11.657	21.179	0.016129	22.749
swarm_190_140.pdb	7.755	25.343	0.112903	22.356
swarm_5_183.pdb	15.965	30.661	0	21.531
swarm_367_17.pdb	12.580	21.294	0.0483871	21.435
swarm_33_124.pdb	12.405	26.323	0.016129	21.305
swarm_349_142.pdb	9.892	16.542	0	21.240
swarm_350_78.pdb	12.910	24.301	0.016129	20.983
swarm_27_178.pdb	9.619	29.431	0	20.850
swarm_67_1.pdb	13.273	35.531	0	20.804
swarm_33_169.pdb	13.623	25.076	0.0483871	20.731
swarm_302_190.pdb	15.109	54.509	0	20.509
swarm_398_35.pdb	11.505	37.316	0.0967742	20.338
swarm_66_72.pdb	18.803	71.755	0	20.292
swarm_342_150.pdb	15.187	23.450	0.0322581	19.923
swarm_190_29.pdb	4.397	11.463	0.193548	19.354
swarm_330_97.pdb	16.791	58.924	0	19.353
swarm_6_96.pdb	12.727	23.246	0.016129	19.308
swarm_6_154.pdb	12.474	21.077	0	19.246
swarm_31_138.pdb	13.382	25.566	0	18.997
swarm_350_125.pdb	7.742	24.257	0.0967742	18.955
swarm_367_44.pdb	16.022	24.534	0.0645161	18.784
swarm_346_35.pdb	6.790	11.791	0.145161	18.722
swarm_270_1.pdb	18.700	70.390	0	18.664
swarm_54_7.pdb	9.108	31.640	0	18.651
swarm_349_20.pdb	12.784	26.530	0.016129	18.616
swarm_372_126.pdb	7.986	18.564	0	18.590
swarm_384_55.pdb	12.304	23.204	0.0967742	18.589
swarm_392_55.pdb	6.966	13.802	0.0483871	18.548
swarm_190_36.pdb	15.033	24.409	0.0645161	18.530
swarm_342_148.pdb	9.889	21.627	0.016129	18.354
swarm_190_64.pdb	11.065	25.949	0.0322581	18.348
swarm_367_142.pdb	11.738	17.980	0	18.257
swarm_117_23.pdb	25.321	77.647	0	17.991
swarm_307_192.pdb	18.210	55.286	0	17.960
swarm_366_182.pdb	7.918	34.020	0	17.895
swarm_5_114.pdb	17.035	30.451	0.0322581	17.762
swarm_365_6.pdb	10.335	30.453	0.0483871	17.721
swarm_329_48.pdb	18.081	56.995	0	17.521
swarm_49_70.pdb	8.685	23.673	0	17.452
swarm_5_63.pdb	8.439	16.550	0.0806452	17.441
swarm_49_169.pdb	14.578	32.058	0.016129	17.416
swarm_385_0.pdb	13.731	35.653	0	17.280
swarm_257_115.pdb	9.828	14.844	0	17.280
swarm_277_125.pdb	15.352	52.992	0	17.223
swarm_384_86.pdb	13.623	23.578	0.016129	16.946
swarm_213_42.pdb	16.345	48.048	0	16.858
swarm_114_79.pdb	14.094	36.903	0	16.793
swarm_54_148.pdb	8.777	26.362	0.0483871	16.778
swarm_44_59.pdb	14.629	33.270	0.016129	16.692
swarm_243_36.pdb	19.895	61.158	0	16.180
swarm_44_2.pdb	12.569	31.488	0.0645161	16.071
swarm_49_140.pdb	12.966	34.543	0.016129	15.897
swarm_350_94.pdb	15.060	28.624	0.016129	15.834
swarm_302_111.pdb	16.013	53.759	0	15.797
swarm_228_60.pdb	11.369	48.126	0	15.772
swarm_6_166.pdb	7.781	15.142	0.0645161	15.747
swarm_390_69.pdb	13.841	30.399	0.016129	15.734
swarm_257_184.pdb	11.918	22.322	0.0967742	15.350
swarm_25_95.pdb	9.509	31.710	0.016129	15.173
swarm_8_171.pdb	15.487	24.946	0.0806452	15.088
swarm_374_112.pdb	13.737	25.118	0.0483871	14.437
swarm_367_0.pdb	15.082	28.093	0.0322581	14.406
swarm_365_41.pdb	11.928	32.366	0.0483871	14.347
swarm_365_95.pdb	8.650	22.643	0.129032	14.232
swarm_328_96.pdb	20.101	60.160	0	13.148
swarm_325_163.pdb	17.137	54.564	0	12.936
swarm_367_111.pdb	9.054	16.340	0	12.747
swarm_279_53.pdb	9.188	25.572	0	12.582
swarm_342_182.pdb	5.589	10.195	0.016129	12.574
swarm_49_82.pdb	14.201	26.345	0	12.554
swarm_335_187.pdb	7.668	28.411	0	12.321
swarm_302_150.pdb	16.221	54.485	0	10.994
swarm_196_143.pdb	13.344	37.010	0	10.576
swarm_273_138.pdb	16.576	57.833	0	8.916
swarm_8_15.pdb	12.017	17.942	0	8.107
swarm_162_187.pdb	12.922	47.743	0	7.715
swarm_257_196.pdb	11.173	19.170	0	7.533
swarm_219_117.pdb	21.187	69.294	0	7.257
swarm_125_20.pdb	12.601	34.383	0	6.950
swarm_384_74.pdb	14.120	26.552	0.0806452	6.561
swarm_257_109.pdb	12.194	26.091	0.0967742	5.892
swarm_122_130.pdb	17.750	45.182	0.0483871	5.670
swarm_82_181.pdb	16.052	36.801	0	4.971
swarm_33_100.pdb	7.776	28.158	0.177419	4.348
swarm_292_147.pdb	16.645	54.273	0	3.854
swarm_35_191.pdb	11.719	25.783	0.0322581	3.634
swarm_35_181.pdb	12.825	23.486	0.0322581	3.457
swarm_190_55.pdb	15.704	30.668	0.0322581	2.602
swarm_18_186.pdb	25.544	83.794	0	2.403
swarm_64_145.pdb	5.692	29.757	0.177419	1.386
swarm_352_143.pdb	15.132	28.226	0.0322581	1.352
swarm_55_175.pdb	14.561	36.639	0.016129	0.701
swarm_8_188.pdb	14.846	25.104	0	0.441
