swarm_48_197.pdb	16.555	27.170	0	33.866
swarm_51_165.pdb	15.755	32.815	0	31.886
swarm_44_87.pdb	15.742	25.894	0	31.169
swarm_17_194.pdb	11.019	19.997	0	29.133
swarm_55_22.pdb	14.258	28.595	0	29.026
swarm_46_174.pdb	11.229	23.675	0.112903	28.742
swarm_29_42.pdb	12.005	21.952	0	27.893
swarm_14_167.pdb	12.599	22.488	0.0645161	27.867
swarm_46_185.pdb	14.764	23.994	0.016129	27.770
swarm_28_44.pdb	9.631	24.992	0	27.348
swarm_0_77.pdb	13.665	27.234	0	27.211
swarm_46_140.pdb	13.311	21.529	0	27.168
swarm_44_93.pdb	10.192	20.699	0	26.844
swarm_2_31.pdb	14.230	29.663	0	26.826
swarm_15_175.pdb	15.052	24.169	0.0645161	26.540
swarm_16_43.pdb	10.378	15.919	0	26.243
swarm_9_15.pdb	16.927	29.034	0	25.856
swarm_0_185.pdb	10.055	28.704	0.0806452	25.809
swarm_0_65.pdb	9.093	21.363	0.145161	25.734
swarm_53_93.pdb	14.517	29.723	0	25.707
swarm_40_74.pdb	15.138	27.183	0	25.499
swarm_13_70.pdb	7.581	12.914	0.0645161	25.498
swarm_5_53.pdb	8.132	20.006	0.0322581	25.271
swarm_46_92.pdb	7.491	20.892	0	24.875
swarm_17_131.pdb	12.360	24.611	0	24.620
swarm_53_148.pdb	17.978	39.404	0	24.229
swarm_5_27.pdb	16.572	25.001	0	24.153
swarm_13_102.pdb	14.242	24.108	0	24.131
swarm_44_25.pdb	12.993	27.271	0	24.096
swarm_53_190.pdb	12.719	27.636	0	23.867
swarm_25_192.pdb	14.701	28.826	0	23.767
swarm_48_158.pdb	13.614	24.676	0.016129	23.705
swarm_7_144.pdb	5.634	8.936	0.209677	23.649
swarm_48_43.pdb	12.879	23.159	0.016129	23.634
swarm_13_81.pdb	3.541	6.778	0.145161	23.348
swarm_17_180.pdb	14.985	30.545	0	23.209
swarm_5_156.pdb	13.643	29.035	0	23.146
swarm_14_102.pdb	14.750	23.789	0.0322581	23.076
swarm_26_18.pdb	10.297	28.791	0	22.703
swarm_13_109.pdb	15.825	24.298	0	22.645
swarm_48_23.pdb	5.921	11.097	0.16129	22.570
swarm_14_189.pdb	16.159	24.500	0	22.538
swarm_23_84.pdb	10.069	16.181	0	22.510
swarm_53_162.pdb	12.848	28.878	0	22.500
swarm_55_68.pdb	16.016	29.729	0	22.405
swarm_12_40.pdb	14.867	31.703	0.016129	22.376
swarm_51_134.pdb	14.812	34.267	0	22.304
swarm_9_66.pdb	13.838	26.058	0	22.102
swarm_14_34.pdb	14.165	25.247	0	22.078
swarm_7_59.pdb	15.087	26.944	0.016129	21.967
swarm_55_66.pdb	14.694	31.156	0	21.765
swarm_55_28.pdb	11.066	31.463	0.016129	21.726
swarm_15_132.pdb	13.227	21.771	0	21.641
swarm_17_183.pdb	14.602	34.835	0.0322581	21.581
swarm_14_50.pdb	10.300	21.008	0	21.577
swarm_48_99.pdb	14.652	23.142	0	21.539
swarm_36_71.pdb	15.813	29.414	0	21.536
swarm_44_106.pdb	9.861	22.327	0	21.431
swarm_20_179.pdb	9.499	26.167	0.016129	21.311
swarm_25_143.pdb	13.706	33.067	0	21.251
swarm_14_195.pdb	14.190	23.220	0.0645161	21.092
swarm_36_100.pdb	14.151	25.115	0	21.081
swarm_6_144.pdb	8.812	36.219	0.0645161	21.073
swarm_13_182.pdb	9.344	16.820	0	21.012
swarm_31_180.pdb	14.697	25.536	0	20.906
swarm_53_56.pdb	11.166	36.173	0.016129	20.846
swarm_15_3.pdb	10.953	15.218	0	20.842
swarm_16_105.pdb	7.616	15.278	0.129032	20.814
swarm_44_4.pdb	5.464	18.398	0.0322581	20.768
swarm_14_84.pdb	10.973	20.653	0	20.679
swarm_5_147.pdb	6.254	9.728	0.0967742	20.676
swarm_0_61.pdb	10.506	20.926	0	20.598
swarm_23_71.pdb	10.196	22.307	0.016129	20.467
swarm_0_113.pdb	14.157	26.519	0	20.288
swarm_28_160.pdb	16.587	33.778	0	20.167
swarm_7_160.pdb	11.063	21.000	0	20.149
swarm_23_23.pdb	15.161	23.779	0.0645161	20.111
swarm_17_95.pdb	15.044	27.983	0	19.966
swarm_44_40.pdb	10.173	22.124	0	19.868
swarm_14_179.pdb	14.704	25.356	0	19.770
swarm_31_116.pdb	13.998	25.807	0.0322581	19.539
swarm_7_71.pdb	14.694	22.502	0	19.471
swarm_29_44.pdb	9.185	23.589	0.0806452	19.468
swarm_7_117.pdb	16.272	29.936	0.0645161	19.428
swarm_44_2.pdb	6.064	21.435	0.0806452	19.370
swarm_6_142.pdb	15.928	32.854	0	19.357
swarm_15_168.pdb	15.754	24.859	0	19.227
swarm_29_192.pdb	4.278	13.790	0.0806452	19.192
swarm_17_198.pdb	9.279	31.561	0.0322581	19.058
swarm_36_124.pdb	9.765	23.341	0.0483871	18.922
swarm_37_134.pdb	15.041	25.423	0.016129	18.538
swarm_36_93.pdb	15.378	27.235	0	18.489
swarm_13_31.pdb	14.317	23.795	0	18.457
swarm_31_177.pdb	13.159	22.389	0	18.286
swarm_16_24.pdb	10.267	17.923	0	18.249
swarm_0_14.pdb	14.593	24.571	0	18.134
swarm_5_138.pdb	16.027	33.349	0.016129	18.122
swarm_19_8.pdb	10.710	34.183	0	17.932
swarm_23_39.pdb	9.687	19.090	0.0322581	17.855
swarm_23_6.pdb	15.647	23.878	0	17.703
swarm_13_111.pdb	11.455	18.085	0	17.496
swarm_19_135.pdb	14.231	28.019	0	17.345
swarm_12_3.pdb	16.068	25.812	0.0645161	17.321
swarm_45_107.pdb	9.534	23.402	0	17.140
swarm_7_15.pdb	15.722	25.277	0	17.047
swarm_36_56.pdb	8.620	22.093	0	16.939
swarm_0_134.pdb	6.935	24.652	0.016129	16.933
swarm_7_58.pdb	14.212	23.606	0.016129	16.901
swarm_51_22.pdb	16.298	40.065	0.0322581	16.813
swarm_19_75.pdb	6.598	21.466	0	16.713
swarm_29_58.pdb	15.176	28.025	0	16.599
swarm_55_170.pdb	10.873	28.785	0	16.593
swarm_58_179.pdb	15.582	28.505	0	16.574
swarm_36_55.pdb	14.837	26.748	0	16.284
swarm_7_164.pdb	15.795	24.877	0.016129	16.054
swarm_13_30.pdb	14.480	24.759	0.0322581	16.052
swarm_44_85.pdb	5.011	17.936	0.0322581	15.245
swarm_44_8.pdb	5.813	17.829	0.0483871	14.691
swarm_20_86.pdb	5.493	18.042	0.225806	14.574
swarm_12_142.pdb	14.486	26.388	0	14.559
swarm_7_138.pdb	10.965	16.628	0	14.303
swarm_28_19.pdb	16.681	33.066	0	14.079
swarm_0_177.pdb	15.651	35.379	0	14.041
swarm_31_13.pdb	7.859	19.879	0.0483871	13.804
swarm_17_143.pdb	8.589	30.856	0.16129	13.387
swarm_5_144.pdb	15.324	30.629	0.016129	13.343
swarm_23_165.pdb	12.124	22.091	0	13.241
swarm_44_38.pdb	3.724	11.299	0.532258	13.051
swarm_5_43.pdb	15.345	24.893	0	12.279
swarm_28_126.pdb	17.220	37.716	0.0806452	12.233
swarm_8_183.pdb	13.282	26.546	0.0322581	12.054
swarm_13_104.pdb	13.760	22.962	0	11.012
swarm_40_73.pdb	13.056	28.215	0.0322581	9.374
swarm_0_106.pdb	8.962	25.567	0	9.114
swarm_38_82.pdb	10.269	29.356	0.016129	8.228
swarm_41_39.pdb	7.914	32.484	0.016129	7.919
swarm_0_13.pdb	6.501	22.937	0.0645161	7.636
swarm_44_51.pdb	9.647	21.566	0.0645161	7.191
swarm_33_59.pdb	16.672	37.891	0.0322581	3.763
swarm_13_58.pdb	10.889	24.034	0.0322581	2.723
swarm_15_42.pdb	12.524	28.997	0.0645161	1.778
swarm_15_45.pdb	15.450	22.842	0	1.291
