run0-swarm_0_100.pdb	6.417	26.888	0.145161	36.788
run0-swarm_26_188.pdb	6.775	26.661	0.145161	34.551
run0-swarm_40_67.pdb	3.022	9.137	0.209677	33.124
run0-swarm_39_183.pdb	1.233	8.537	0.774194	33.027
run0-swarm_0_185.pdb	5.874	18.802	0.0322581	32.699
run0-swarm_41_23.pdb	4.059	10.991	0.193548	31.373
run0-swarm_42_127.pdb	8.287	33.613	0.0322581	31.093
run0-swarm_46_179.pdb	5.805	26.527	0.145161	30.572
run0-swarm_20_164.pdb	10.045	27.073	0.016129	30.079
run0-swarm_17_141.pdb	2.049	4.933	0.451613	30.053
run0-swarm_41_16.pdb	2.098	4.396	0.516129	29.851
run0-swarm_39_99.pdb	5.105	18.660	0.193548	28.879
run0-swarm_15_32.pdb	3.349	4.328	0.241935	28.247
run0-swarm_40_39.pdb	6.099	14.493	0.0645161	28.088
run0-swarm_44_59.pdb	8.490	23.958	0.016129	28.064
run0-swarm_37_73.pdb	7.801	34.306	0.0483871	27.884
run0-swarm_20_66.pdb	6.636	17.043	0.0483871	27.770
run0-swarm_5_81.pdb	5.819	20.197	0.0806452	27.747
run0-swarm_6_34.pdb	11.439	43.327	0	27.475
run0-swarm_19_112.pdb	3.603	6.872	0.258065	27.471
run0-swarm_5_157.pdb	3.107	9.428	0.274194	27.239
run0-swarm_43_56.pdb	11.525	43.695	0	27.147
run0-swarm_47_92.pdb	3.344	9.872	0.177419	27.031
run0-swarm_50_178.pdb	7.741	23.445	0	26.991
run0-swarm_28_7.pdb	3.293	8.938	0.193548	26.684
run0-swarm_34_45.pdb	3.632	5.191	0.258065	26.614
run0-swarm_8_71.pdb	9.302	28.100	0	26.587
run0-swarm_0_73.pdb	3.598	12.639	0.16129	26.569
run0-swarm_30_81.pdb	7.001	29.454	0.0967742	25.789
run0-swarm_18_101.pdb	4.199	8.386	0.177419	25.690
run0-swarm_38_115.pdb	9.318	37.156	0	25.375
run0-swarm_24_35.pdb	9.219	27.654	0	24.773
run0-swarm_45_192.pdb	7.866	22.751	0	24.230
run0-swarm_15_126.pdb	6.844	13.073	0.0483871	23.927
run0-swarm_27_122.pdb	3.086	11.009	0.209677	23.876
run0-swarm_5_57.pdb	8.104	21.734	0.0806452	23.846
run0-swarm_28_10.pdb	6.271	18.566	0.0483871	23.713
run0-swarm_21_183.pdb	11.625	36.946	0	23.655
run0-swarm_35_138.pdb	5.395	12.856	0.0322581	23.439
run0-swarm_12_23.pdb	8.825	35.246	0	23.375
run0-swarm_31_144.pdb	12.080	39.452	0	23.314
run0-swarm_35_137.pdb	7.988	21.720	0.016129	23.305
run0-swarm_21_118.pdb	8.621	33.861	0	23.002
run0-swarm_49_179.pdb	6.944	17.507	0.0483871	22.867
run0-swarm_38_124.pdb	8.184	36.461	0.016129	22.676
run0-swarm_40_102.pdb	6.342	8.851	0.0967742	22.628
run0-swarm_3_104.pdb	8.365	25.020	0.016129	22.560
run0-swarm_15_177.pdb	2.014	10.212	0.564516	22.457
run0-swarm_13_137.pdb	9.119	35.826	0	22.450
run0-swarm_20_177.pdb	3.538	16.213	0.403226	22.329
run0-swarm_7_3.pdb	6.830	16.261	0.0645161	22.242
run0-swarm_2_62.pdb	10.180	32.742	0	21.886
run0-swarm_8_174.pdb	8.837	24.261	0.0806452	20.963
run0-swarm_13_147.pdb	12.081	38.725	0	20.862
run0-swarm_51_160.pdb	5.645	23.960	0.0967742	20.836
run0-swarm_20_130.pdb	6.475	29.366	0	20.526
run0-swarm_7_63.pdb	5.965	9.380	0.016129	20.365
run0-swarm_13_16.pdb	8.956	35.156	0.016129	20.315
run0-swarm_6_98.pdb	12.766	38.914	0	20.259
run0-swarm_34_46.pdb	7.985	18.599	0.193548	20.253
run0-swarm_37_81.pdb	10.288	41.711	0	20.111
run0-swarm_48_175.pdb	9.596	32.302	0.016129	20.023
run0-swarm_15_1.pdb	5.030	11.628	0	19.738
run0-swarm_26_170.pdb	7.089	31.341	0	19.606
run0-swarm_9_128.pdb	6.990	17.672	0.0645161	19.133
run0-swarm_38_170.pdb	11.111	38.459	0.016129	18.729
run0-swarm_21_141.pdb	11.349	37.414	0	18.653
run0-swarm_49_105.pdb	9.356	22.264	0.209677	18.642
run0-swarm_34_199.pdb	5.637	17.287	0.258065	18.253
run0-swarm_51_190.pdb	8.462	35.739	0.016129	18.186
run0-swarm_18_197.pdb	8.454	26.853	0	18.125
run0-swarm_49_29.pdb	10.067	18.987	0	18.028
run0-swarm_5_72.pdb	5.647	13.577	0.129032	17.894
run0-swarm_51_66.pdb	4.694	17.062	0.322581	17.749
run0-swarm_32_30.pdb	10.363	33.965	0	17.352
run0-swarm_12_120.pdb	8.777	28.689	0.0645161	17.197
run0-swarm_12_141.pdb	6.567	21.359	0.016129	17.092
run0-swarm_40_104.pdb	7.444	17.245	0	16.471
run0-swarm_49_76.pdb	9.156	26.723	0.16129	16.294
run0-swarm_51_54.pdb	6.581	19.218	0.0645161	16.157
run0-swarm_49_32.pdb	6.224	13.450	0.016129	16.097
run0-swarm_51_171.pdb	6.965	26.145	0	15.924
run0-swarm_7_1.pdb	9.170	22.980	0	15.668
run0-swarm_42_13.pdb	5.305	23.966	0.274194	15.387
run0-swarm_4_84.pdb	11.463	37.350	0	15.127
run0-swarm_17_110.pdb	5.350	13.957	0.016129	15.034
run0-swarm_5_46.pdb	6.657	19.755	0.129032	14.446
run0-swarm_34_27.pdb	8.114	19.876	0	13.026
run0-swarm_7_13.pdb	6.245	14.210	0.0322581	12.685
run0-swarm_15_195.pdb	7.078	17.463	0.0645161	10.977
run0-swarm_20_147.pdb	5.843	22.980	0.322581	10.788
run0-swarm_50_126.pdb	8.064	24.196	0.0483871	10.109
run0-swarm_39_84.pdb	5.482	25.913	0.112903	9.613
run0-swarm_23_110.pdb	4.639	18.694	0.145161	8.544
run0-swarm_48_166.pdb	7.500	26.557	0.0322581	8.271
