swarm_44_151.pdb	17.016	41.433	0	27.807
swarm_20_116.pdb	17.442	38.788	0	27.344
swarm_24_184.pdb	13.581	39.774	0	26.950
swarm_16_15.pdb	16.471	27.685	0	25.686
swarm_31_79.pdb	14.433	25.844	0	25.511
swarm_43_154.pdb	17.944	34.002	0	25.116
swarm_5_1.pdb	16.162	39.039	0	25.085
swarm_8_167.pdb	12.011	31.899	0.0322581	25.044
swarm_44_96.pdb	12.367	30.083	0	24.300
swarm_8_95.pdb	15.356	26.691	0	24.298
swarm_6_7.pdb	16.634	34.662	0	23.560
swarm_7_33.pdb	15.996	34.343	0	23.534
swarm_1_136.pdb	9.856	19.366	0.016129	23.060
swarm_7_74.pdb	12.484	28.085	0.0967742	22.521
swarm_21_66.pdb	16.581	44.724	0	22.234
swarm_44_5.pdb	19.586	36.364	0	22.185
swarm_2_174.pdb	15.915	34.014	0	21.796
swarm_45_12.pdb	15.422	30.221	0.0645161	21.616
swarm_8_111.pdb	9.215	25.062	0	21.501
swarm_2_190.pdb	17.873	38.375	0	21.402
swarm_2_51.pdb	14.507	39.930	0	21.320
swarm_43_74.pdb	16.412	33.423	0	21.276
swarm_43_125.pdb	17.069	33.580	0.0967742	21.275
swarm_15_138.pdb	14.716	24.807	0	21.147
swarm_7_189.pdb	15.755	31.582	0	21.085
swarm_22_181.pdb	18.522	39.869	0	20.773
swarm_7_164.pdb	14.482	31.108	0	20.633
swarm_15_78.pdb	9.164	18.390	0	20.535
swarm_7_99.pdb	12.871	29.520	0	20.501
swarm_28_188.pdb	13.958	38.362	0	20.365
swarm_24_119.pdb	16.310	40.159	0	20.268
swarm_8_148.pdb	13.601	25.780	0	20.202
swarm_13_84.pdb	13.711	24.556	0	20.202
swarm_8_164.pdb	12.215	27.170	0.016129	20.199
swarm_22_94.pdb	14.128	37.395	0	20.139
swarm_51_57.pdb	13.121	31.789	0	20.097
swarm_8_124.pdb	9.057	14.798	0	20.059
swarm_19_56.pdb	16.512	40.627	0	19.942
swarm_29_167.pdb	16.208	50.556	0.016129	19.936
swarm_19_19.pdb	20.129	41.912	0	19.916
swarm_28_29.pdb	13.539	30.699	0	19.791
swarm_8_8.pdb	16.700	28.830	0	19.705
swarm_4_135.pdb	8.818	21.053	0	19.597
swarm_19_102.pdb	15.392	42.539	0	19.584
swarm_43_10.pdb	10.510	25.231	0	19.505
swarm_43_178.pdb	17.193	34.296	0	19.502
swarm_18_27.pdb	18.627	52.351	0	19.421
swarm_22_111.pdb	12.420	33.876	0	19.381
swarm_23_81.pdb	9.812	25.691	0.016129	19.299
swarm_17_42.pdb	13.302	22.734	0	19.143
swarm_51_162.pdb	17.626	40.664	0	19.033
swarm_20_62.pdb	17.833	32.486	0.0806452	19.012
swarm_20_101.pdb	17.863	35.085	0	19.000
swarm_51_47.pdb	16.517	32.951	0	18.981
swarm_7_184.pdb	15.345	27.160	0.0645161	18.935
swarm_16_48.pdb	14.885	25.376	0	18.897
swarm_36_119.pdb	22.383	46.114	0	18.888
swarm_16_126.pdb	8.977	16.944	0.016129	18.861
swarm_31_167.pdb	13.127	30.639	0	18.724
swarm_16_170.pdb	14.385	24.384	0	18.706
swarm_28_117.pdb	17.204	38.884	0	18.563
swarm_50_4.pdb	15.045	40.096	0	18.544
swarm_13_115.pdb	14.403	24.050	0	18.516
swarm_15_187.pdb	16.615	25.959	0	18.491
swarm_13_23.pdb	9.485	16.635	0	18.430
swarm_19_113.pdb	12.895	35.489	0	18.395
swarm_7_134.pdb	14.766	25.090	0	18.231
swarm_51_178.pdb	17.236	36.067	0	18.164
swarm_20_80.pdb	16.602	37.874	0	17.990
swarm_23_59.pdb	13.286	32.699	0	17.911
swarm_19_129.pdb	17.832	40.345	0	17.832
swarm_36_35.pdb	13.358	45.377	0	17.803
swarm_45_179.pdb	13.214	18.301	0	17.594
swarm_28_140.pdb	16.277	36.459	0	17.586
swarm_50_163.pdb	19.861	43.437	0	17.576
swarm_2_37.pdb	18.475	39.593	0	17.474
swarm_2_79.pdb	19.421	35.386	0	17.456
swarm_20_168.pdb	17.792	37.900	0	17.402
swarm_2_77.pdb	10.162	37.477	0	17.341
swarm_1_11.pdb	3.694	5.230	0.403226	17.273
swarm_33_131.pdb	19.407	45.407	0	17.228
swarm_24_59.pdb	15.074	42.529	0	17.134
swarm_19_197.pdb	18.632	33.271	0	17.090
swarm_21_177.pdb	15.708	32.390	0	17.014
swarm_17_89.pdb	12.643	25.973	0	17.005
swarm_27_175.pdb	11.598	22.441	0	16.932
swarm_19_163.pdb	17.119	44.087	0	16.834
swarm_28_8.pdb	17.483	35.310	0	16.821
swarm_16_101.pdb	12.475	22.425	0	16.754
swarm_31_177.pdb	17.672	35.342	0	16.505
swarm_14_101.pdb	20.234	40.865	0	16.419
swarm_28_152.pdb	16.297	34.818	0	16.247
swarm_49_133.pdb	18.866	38.049	0	15.957
swarm_20_153.pdb	19.351	34.669	0	15.878
swarm_20_123.pdb	17.500	34.471	0	15.876
swarm_9_116.pdb	19.569	42.918	0	15.842
swarm_17_24.pdb	13.016	27.725	0.016129	15.750
swarm_9_16.pdb	17.218	44.289	0.0483871	15.698
swarm_6_34.pdb	9.906	26.809	0.0322581	15.608
swarm_20_143.pdb	15.538	39.521	0	15.473
swarm_22_171.pdb	15.252	35.832	0	15.379
swarm_36_146.pdb	20.977	46.935	0	15.270
swarm_31_51.pdb	11.826	28.696	0	15.180
swarm_21_112.pdb	16.453	40.532	0	15.176
swarm_31_2.pdb	15.216	39.371	0	15.154
swarm_31_132.pdb	12.159	21.203	0	15.154
swarm_21_19.pdb	16.787	45.212	0	14.939
swarm_17_158.pdb	14.644	31.267	0.0806452	14.872
swarm_22_118.pdb	17.094	39.226	0	14.687
swarm_50_18.pdb	16.606	44.414	0	14.318
swarm_13_198.pdb	14.418	24.553	0.0322581	14.236
swarm_50_32.pdb	15.970	41.263	0.016129	13.860
swarm_9_59.pdb	15.618	43.760	0.0645161	13.719
swarm_4_141.pdb	17.629	31.671	0	13.481
swarm_19_170.pdb	15.039	36.257	0	13.472
swarm_1_140.pdb	17.574	29.198	0	13.366
swarm_6_143.pdb	14.077	27.319	0	13.065
swarm_52_149.pdb	11.870	34.036	0.0322581	12.822
swarm_44_23.pdb	20.146	38.343	0	12.637
swarm_39_83.pdb	15.520	23.969	0.112903	12.487
swarm_44_177.pdb	14.750	35.739	0	12.443
swarm_35_169.pdb	20.707	42.638	0	12.406
swarm_18_109.pdb	14.957	51.913	0.016129	10.798
swarm_2_191.pdb	13.333	40.400	0	10.533
swarm_8_186.pdb	15.633	35.326	0	9.895
swarm_50_186.pdb	16.881	39.098	0	9.692
swarm_2_108.pdb	15.067	40.055	0	9.488
swarm_1_31.pdb	8.007	13.443	0	8.675
swarm_39_10.pdb	13.686	23.018	0.129032	7.360
swarm_4_181.pdb	15.306	23.960	0.0322581	6.650
swarm_4_105.pdb	11.611	21.041	0.016129	6.610
swarm_31_135.pdb	8.355	21.698	0.0322581	5.724
swarm_35_116.pdb	16.384	38.654	0	4.631
swarm_9_114.pdb	12.600	42.139	0	4.352
swarm_13_58.pdb	10.884	24.194	0.0322581	3.506
swarm_50_71.pdb	18.762	44.634	0	1.944
swarm_35_89.pdb	14.576	45.336	0	1.419
swarm_50_155.pdb	11.469	35.826	0	0.724
swarm_22_38.pdb	14.863	41.190	0	0.615
