swarm_13_147.pdb	11.606	16.687	0	31.069
swarm_48_66.pdb	20.657	54.265	0	30.090
swarm_15_60.pdb	7.431	12.670	0.016129	29.338
swarm_1_182.pdb	12.042	16.839	0	29.201
swarm_17_30.pdb	7.532	12.791	0.016129	29.134
swarm_10_103.pdb	20.759	54.369	0	29.119
swarm_13_161.pdb	7.667	12.911	0.0322581	29.116
swarm_5_160.pdb	13.400	37.419	0	28.930
swarm_44_121.pdb	12.574	37.383	0	28.918
swarm_3_121.pdb	11.519	17.891	0	28.517
swarm_12_16.pdb	19.131	52.952	0	27.877
swarm_3_35.pdb	8.021	18.679	0	27.400
swarm_16_16.pdb	7.715	12.692	0.0322581	27.084
swarm_20_83.pdb	15.137	33.911	0	26.726
swarm_42_64.pdb	20.361	54.738	0	26.617
swarm_22_171.pdb	13.598	38.684	0	26.553
swarm_19_161.pdb	15.278	31.890	0	26.509
swarm_8_64.pdb	9.238	22.201	0.016129	26.190
swarm_7_4.pdb	14.560	22.810	0	25.999
swarm_15_43.pdb	10.304	19.919	0.0322581	24.944
swarm_2_126.pdb	16.790	40.354	0	24.712
swarm_23_85.pdb	8.811	19.919	0.0483871	24.668
swarm_28_8.pdb	14.583	24.239	0	24.532
swarm_44_165.pdb	15.525	30.725	0	23.746
swarm_52_177.pdb	16.024	35.713	0	23.542
swarm_4_39.pdb	6.977	11.764	0.0483871	23.470
swarm_51_139.pdb	10.006	28.052	0.016129	23.345
swarm_28_74.pdb	14.067	30.183	0	23.304
swarm_4_140.pdb	13.443	21.779	0	23.212
swarm_4_59.pdb	12.442	18.145	0	23.203
swarm_6_81.pdb	12.415	19.265	0	23.040
swarm_51_129.pdb	8.471	20.400	0.0483871	22.966
swarm_16_77.pdb	11.004	17.050	0	22.857
swarm_2_70.pdb	15.144	36.066	0	22.824
swarm_7_117.pdb	13.798	23.283	0	22.699
swarm_22_73.pdb	16.521	37.478	0	22.484
swarm_49_26.pdb	15.663	31.889	0	22.392
swarm_11_114.pdb	16.061	39.568	0	22.271
swarm_18_62.pdb	18.889	49.235	0	22.249
swarm_43_109.pdb	11.065	30.935	0	22.159
swarm_1_141.pdb	7.068	9.561	0.0483871	22.117
swarm_51_33.pdb	16.858	35.937	0	22.087
swarm_40_42.pdb	7.549	12.824	0.0322581	22.087
swarm_31_169.pdb	9.266	23.725	0.016129	22.032
swarm_16_39.pdb	10.182	15.062	0	22.003
swarm_41_131.pdb	19.062	52.970	0	21.889
swarm_14_56.pdb	16.082	39.648	0	21.867
swarm_36_47.pdb	17.472	42.163	0	21.860
swarm_34_182.pdb	12.196	20.251	0	21.838
swarm_26_15.pdb	11.803	35.294	0	21.707
swarm_7_102.pdb	14.062	29.812	0	21.695
swarm_14_163.pdb	15.310	33.270	0	21.685
swarm_9_13.pdb	16.898	41.622	0	21.606
swarm_28_64.pdb	13.535	24.590	0	21.528
swarm_27_122.pdb	8.798	17.312	0.0322581	21.403
swarm_24_69.pdb	17.084	40.655	0	21.386
swarm_43_115.pdb	14.330	37.720	0	21.292
swarm_6_197.pdb	14.224	26.446	0	21.041
swarm_18_169.pdb	16.358	48.028	0	20.910
swarm_0_132.pdb	5.359	18.690	0.0483871	20.628
swarm_21_165.pdb	18.071	45.230	0	20.454
swarm_23_179.pdb	9.553	23.453	0.0322581	20.044
swarm_28_87.pdb	16.394	33.004	0	20.020
swarm_8_145.pdb	13.723	29.400	0	19.824
swarm_22_65.pdb	17.373	44.785	0	19.763
swarm_1_26.pdb	11.731	19.343	0	19.543
swarm_19_119.pdb	15.917	29.696	0	19.454
swarm_20_12.pdb	14.820	27.011	0	19.306
swarm_28_181.pdb	13.816	32.293	0	19.266
swarm_16_113.pdb	7.144	13.933	0.0322581	19.233
swarm_32_72.pdb	6.761	20.799	0.16129	19.050
swarm_30_72.pdb	16.339	39.623	0	18.938
swarm_18_99.pdb	16.735	52.809	0	18.883
swarm_33_131.pdb	19.107	51.777	0	18.869
swarm_31_29.pdb	13.026	32.807	0	18.662
swarm_2_84.pdb	12.908	38.349	0	18.549
swarm_26_166.pdb	12.534	26.421	0	18.534
swarm_34_96.pdb	12.129	27.978	0	18.414
swarm_8_59.pdb	14.836	26.033	0	18.406
swarm_45_166.pdb	11.715	21.746	0	18.148
swarm_29_182.pdb	18.317	48.861	0	18.065
swarm_19_59.pdb	15.821	39.490	0	17.918
swarm_15_35.pdb	7.823	14.644	0.016129	17.897
swarm_29_52.pdb	14.866	47.900	0	17.840
swarm_43_153.pdb	10.184	24.203	0.016129	17.839
swarm_50_124.pdb	17.513	38.113	0	17.746
swarm_48_38.pdb	14.002	47.553	0	17.605
swarm_6_22.pdb	11.990	27.406	0	17.480
swarm_51_162.pdb	13.040	32.589	0	17.320
swarm_20_11.pdb	14.828	29.783	0	16.857
swarm_2_81.pdb	12.596	31.676	0	16.806
swarm_37_23.pdb	12.226	33.793	0	16.733
swarm_50_44.pdb	13.459	34.147	0	16.630
swarm_14_166.pdb	15.477	44.446	0	16.106
swarm_47_113.pdb	7.257	23.666	0.0967742	16.010
swarm_33_56.pdb	15.083	43.364	0	15.949
swarm_22_88.pdb	17.255	40.075	0	14.701
swarm_0_191.pdb	8.251	24.796	0	13.681
swarm_21_102.pdb	14.550	46.794	0	13.561
swarm_50_31.pdb	11.752	37.214	0	12.963
swarm_9_192.pdb	14.917	47.614	0	12.474
swarm_20_182.pdb	10.389	23.678	0	12.330
swarm_49_5.pdb	11.565	32.595	0	11.997
swarm_20_134.pdb	16.865	36.812	0	11.408
swarm_2_74.pdb	13.125	42.656	0	7.910
swarm_20_135.pdb	14.501	40.382	0	7.724
swarm_10_30.pdb	19.250	51.591	0	7.277
swarm_22_12.pdb	11.796	38.292	0	6.847
swarm_48_89.pdb	13.310	40.484	0	6.463
swarm_36_66.pdb	13.416	37.526	0	6.200
swarm_36_190.pdb	17.168	45.949	0	2.508
swarm_21_187.pdb	15.461	39.432	0	2.437
