swarm_1_74.pdb	3.460	7.987	0.307692	58.043
swarm_49_139.pdb	4.072	15.665	0.346154	54.991
swarm_16_124.pdb	3.806	12.194	0.326923	52.092
swarm_17_147.pdb	4.548	16.152	0.25	51.812
swarm_29_105.pdb	6.832	16.881	0	50.238
swarm_50_44.pdb	3.278	11.467	0.538462	49.950
swarm_4_47.pdb	6.490	19.282	0.0769231	49.262
swarm_20_106.pdb	7.817	34.144	0.0769231	48.975
swarm_48_184.pdb	2.491	9.876	0.653846	48.830
swarm_11_122.pdb	4.681	9.468	0.211538	48.715
swarm_16_159.pdb	3.307	5.780	0.346154	48.688
swarm_32_66.pdb	5.946	14.889	0.0961538	48.043
swarm_48_82.pdb	2.414	5.577	0.596154	47.719
swarm_38_180.pdb	2.685	6.579	0.480769	47.707
swarm_28_3.pdb	4.606	9.345	0.134615	47.328
swarm_6_50.pdb	3.805	17.112	0.403846	45.820
swarm_6_130.pdb	5.826	18.257	0.0769231	44.447
swarm_38_144.pdb	10.974	16.377	0	44.290
swarm_35_111.pdb	7.912	35.361	0.0192308	43.768
swarm_1_111.pdb	6.142	13.432	0.0384615	43.767
swarm_38_53.pdb	6.458	16.936	0.0192308	43.499
swarm_50_184.pdb	2.751	5.128	0.346154	43.453
swarm_24_119.pdb	5.004	9.752	0.192308	42.454
swarm_28_180.pdb	6.893	22.008	0.0576923	42.252
swarm_55_48.pdb	6.556	20.733	0.0576923	41.998
swarm_26_38.pdb	6.175	19.825	0.0769231	41.377
swarm_15_148.pdb	5.532	17.261	0.0576923	41.200
swarm_22_125.pdb	8.576	32.613	0	41.117
swarm_13_37.pdb	5.799	17.660	0.0769231	41.087
swarm_41_73.pdb	8.879	21.049	0	40.666
swarm_46_157.pdb	6.376	13.350	0	40.511
swarm_19_62.pdb	8.971	21.522	0	40.474
swarm_44_102.pdb	6.137	10.436	0.115385	40.438
swarm_21_139.pdb	7.707	15.060	0	40.352
swarm_22_88.pdb	7.006	32.468	0.0384615	40.198
swarm_33_73.pdb	9.763	35.637	0	40.096
swarm_44_114.pdb	5.248	9.530	0.134615	39.146
swarm_22_67.pdb	7.963	34.939	0.0384615	37.925
swarm_17_128.pdb	9.004	26.880	0	37.444
swarm_15_8.pdb	7.099	30.976	0.211538	37.039
swarm_48_172.pdb	4.473	13.381	0.365385	36.842
swarm_42_124.pdb	7.572	13.056	0.0192308	36.659
swarm_11_198.pdb	8.109	16.194	0	36.613
swarm_42_67.pdb	3.082	6.937	0.326923	36.386
swarm_20_112.pdb	5.878	25.934	0.134615	36.362
swarm_24_84.pdb	5.469	12.398	0.0384615	36.186
swarm_26_17.pdb	4.237	16.635	0.25	36.100
swarm_29_53.pdb	10.449	18.703	0	35.645
swarm_38_105.pdb	11.348	19.092	0	35.506
swarm_21_45.pdb	8.567	16.832	0	35.424
swarm_49_34.pdb	8.428	21.507	0	35.370
swarm_48_11.pdb	5.957	11.131	0.0384615	35.352
swarm_15_74.pdb	5.864	26.168	0.134615	35.200
swarm_44_97.pdb	5.241	16.470	0.230769	34.879
swarm_46_46.pdb	5.004	19.537	0.0961538	34.868
swarm_38_36.pdb	8.174	17.425	0	34.763
swarm_5_112.pdb	7.720	16.234	0	34.491
swarm_41_128.pdb	8.846	16.522	0	34.451
swarm_39_37.pdb	14.627	22.917	0	34.292
swarm_3_37.pdb	9.200	23.620	0	34.257
swarm_21_2.pdb	9.578	20.904	0	33.797
swarm_43_26.pdb	9.327	18.871	0	33.786
swarm_17_58.pdb	9.588	19.462	0	33.735
swarm_46_142.pdb	8.977	16.424	0	33.678
swarm_5_59.pdb	10.321	20.198	0	33.609
swarm_9_25.pdb	6.421	24.355	0.0576923	33.596
swarm_32_194.pdb	3.720	7.499	0.519231	33.405
swarm_34_195.pdb	7.481	20.227	0	33.192
swarm_46_54.pdb	13.204	23.917	0	33.148
swarm_53_77.pdb	9.558	30.911	0.0769231	33.128
swarm_48_119.pdb	3.713	10.909	0.384615	33.111
swarm_25_15.pdb	12.471	41.429	0	33.010
swarm_39_145.pdb	7.538	19.071	0	32.061
swarm_35_22.pdb	10.724	35.760	0	31.976
swarm_6_111.pdb	9.506	18.886	0	31.816
swarm_1_121.pdb	5.516	11.046	0.0384615	31.654
swarm_36_94.pdb	14.159	41.782	0	31.333
swarm_17_136.pdb	8.755	28.668	0.0384615	31.115
swarm_55_37.pdb	11.589	34.785	0	30.946
swarm_51_105.pdb	8.183	13.975	0	30.853
swarm_41_119.pdb	8.030	29.615	0.269231	30.803
swarm_41_88.pdb	5.831	18.951	0.269231	30.800
swarm_34_111.pdb	6.390	17.687	0.0961538	30.799
swarm_37_154.pdb	10.353	22.187	0	30.745
swarm_53_20.pdb	7.318	26.332	0.211538	30.706
swarm_42_120.pdb	5.561	21.789	0.423077	30.701
swarm_6_176.pdb	2.948	9.311	0.403846	30.678
swarm_24_145.pdb	8.535	25.150	0.0576923	30.662
swarm_19_12.pdb	8.869	30.429	0.115385	30.656
swarm_50_26.pdb	6.243	15.974	0.0384615	30.606
swarm_21_102.pdb	7.982	21.265	0.0384615	30.541
swarm_26_175.pdb	7.271	32.167	0.115385	30.336
swarm_49_31.pdb	9.217	23.635	0.0384615	30.005
swarm_13_107.pdb	5.326	24.149	0.134615	29.922
swarm_8_62.pdb	10.417	31.685	0	29.866
swarm_21_142.pdb	6.800	18.978	0.153846	29.749
swarm_32_189.pdb	8.179	18.290	0	29.144
swarm_44_53.pdb	9.105	18.287	0	29.130
swarm_26_145.pdb	9.246	27.254	0	29.011
swarm_32_15.pdb	8.102	15.470	0	28.950
swarm_22_82.pdb	11.246	36.636	0	28.899
swarm_11_135.pdb	8.599	20.773	0	28.773
swarm_32_54.pdb	3.008	10.082	0.557692	28.622
swarm_4_3.pdb	8.814	23.743	0.0192308	28.614
swarm_16_74.pdb	7.911	14.023	0	28.340
swarm_0_22.pdb	6.947	30.281	0.115385	28.165
swarm_39_140.pdb	9.635	27.711	0.0384615	28.129
swarm_19_151.pdb	8.444	17.278	0	27.993
swarm_25_54.pdb	12.229	38.934	0	27.648
swarm_11_110.pdb	7.770	19.530	0.0576923	27.545
swarm_11_196.pdb	11.705	17.338	0	27.539
swarm_16_115.pdb	5.608	14.270	0.0576923	27.036
swarm_19_116.pdb	5.966	22.643	0.365385	26.995
swarm_28_47.pdb	6.556	23.844	0.115385	26.960
swarm_32_114.pdb	4.911	12.177	0.153846	26.743
swarm_9_161.pdb	7.514	23.569	0	26.713
swarm_35_2.pdb	12.456	43.246	0.0384615	26.701
swarm_17_130.pdb	8.221	18.159	0	26.345
swarm_54_168.pdb	13.151	41.833	0	26.173
swarm_30_81.pdb	14.660	38.380	0	26.040
swarm_46_165.pdb	2.200	9.297	0.365385	25.974
swarm_4_112.pdb	8.722	21.966	0.0192308	25.955
swarm_0_96.pdb	9.955	33.670	0	25.858
swarm_2_107.pdb	14.130	45.265	0	25.755
swarm_39_65.pdb	10.173	29.303	0.134615	25.697
swarm_31_108.pdb	7.828	32.457	0.0384615	25.669
swarm_4_194.pdb	7.540	28.923	0.192308	25.660
swarm_46_48.pdb	4.067	11.001	0.269231	25.583
swarm_49_48.pdb	9.551	15.815	0	25.577
swarm_47_69.pdb	8.330	23.531	0	25.394
swarm_37_112.pdb	9.249	25.910	0.0384615	25.304
swarm_41_129.pdb	8.063	27.131	0.115385	25.291
swarm_3_167.pdb	5.446	21.859	0.288462	25.256
swarm_51_18.pdb	6.976	19.571	0.0769231	24.926
swarm_0_154.pdb	9.466	30.756	0	24.885
swarm_48_124.pdb	6.252	16.188	0.0769231	24.846
swarm_40_180.pdb	9.237	38.212	0.153846	24.665
swarm_21_41.pdb	6.940	25.912	0.230769	24.527
swarm_22_55.pdb	5.954	24.334	0.134615	23.845
swarm_40_134.pdb	12.661	29.754	0	23.834
swarm_34_131.pdb	9.518	26.942	0	23.674
swarm_9_125.pdb	7.857	31.335	0.0576923	23.506
swarm_13_10.pdb	7.444	26.265	0	23.306
swarm_39_98.pdb	9.922	16.471	0	23.291
swarm_4_161.pdb	8.708	19.660	0	23.227
swarm_45_106.pdb	14.819	50.469	0	22.953
swarm_43_0.pdb	8.046	29.174	0.0576923	22.929
swarm_50_39.pdb	6.551	13.056	0.0384615	22.706
swarm_53_67.pdb	12.895	21.857	0	22.641
swarm_41_75.pdb	5.651	22.755	0.173077	22.483
swarm_13_44.pdb	5.071	14.689	0.0384615	22.408
swarm_47_88.pdb	4.933	20.210	0.134615	22.167
swarm_46_56.pdb	9.663	16.730	0	20.781
swarm_40_70.pdb	8.740	28.763	0.0192308	20.609
swarm_13_126.pdb	5.252	20.954	0.307692	20.507
swarm_54_180.pdb	11.496	37.194	0	20.434
swarm_53_153.pdb	9.835	25.038	0	20.162
swarm_40_164.pdb	11.911	38.655	0.0384615	19.952
swarm_30_129.pdb	13.152	44.144	0	19.725
swarm_34_130.pdb	9.893	31.683	0	19.704
swarm_39_50.pdb	9.689	28.665	0	19.537
swarm_5_26.pdb	8.796	31.269	0.0384615	19.503
swarm_13_25.pdb	5.051	21.134	0.115385	19.455
swarm_39_55.pdb	11.807	28.212	0	19.430
swarm_30_122.pdb	12.993	45.807	0	19.183
swarm_39_126.pdb	8.767	27.152	0	18.767
swarm_4_15.pdb	8.726	24.656	0	18.507
swarm_34_71.pdb	12.042	34.720	0	18.086
swarm_13_62.pdb	3.259	14.130	0.211538	17.837
swarm_22_106.pdb	8.902	35.588	0.0384615	16.694
swarm_12_35.pdb	15.026	49.986	0	16.650
swarm_32_135.pdb	7.551	16.202	0.0192308	16.549
swarm_43_105.pdb	4.864	17.007	0.211538	15.266
swarm_13_104.pdb	5.991	15.785	0.0192308	13.830
swarm_19_81.pdb	10.968	29.085	0	13.057
swarm_15_43.pdb	8.240	30.161	0.0769231	12.975
swarm_1_88.pdb	8.289	14.607	0	0.557
