swarm_89_8.pdb	5.336	13.740	0.0961538	31.524
swarm_277_62.pdb	18.017	58.047	0	30.369
swarm_232_27.pdb	10.156	29.094	0.0384615	29.821
swarm_320_83.pdb	16.732	65.755	0	29.613
swarm_170_15.pdb	11.426	29.109	0.0576923	29.594
swarm_276_143.pdb	17.167	56.766	0	29.370
swarm_165_98.pdb	20.112	42.481	0.0192308	29.071
swarm_211_176.pdb	7.239	18.231	0.211538	28.824
swarm_162_25.pdb	18.733	39.931	0.0384615	28.767
swarm_188_107.pdb	15.621	48.486	0	28.241
swarm_205_7.pdb	17.958	31.106	0	28.042
swarm_166_54.pdb	8.934	25.365	0.0192308	27.722
swarm_166_25.pdb	11.705	24.044	0	27.519
swarm_164_159.pdb	17.247	50.576	0	27.390
swarm_325_88.pdb	15.189	60.036	0	27.118
swarm_48_150.pdb	7.584	18.327	0.0192308	27.099
swarm_114_188.pdb	11.528	28.076	0	26.980
swarm_165_78.pdb	18.725	38.426	0	26.906
swarm_48_118.pdb	17.573	36.983	0	26.760
swarm_15_22.pdb	12.133	36.196	0.0769231	26.588
swarm_211_20.pdb	10.565	31.276	0.0769231	26.532
swarm_161_21.pdb	17.487	39.556	0.0769231	26.460
swarm_204_60.pdb	13.702	43.563	0	26.397
swarm_202_186.pdb	18.080	34.095	0	26.392
swarm_369_60.pdb	4.588	13.685	0.134615	26.115
swarm_166_150.pdb	13.742	29.515	0	26.045
swarm_114_62.pdb	4.558	11.355	0.134615	25.977
swarm_205_58.pdb	11.274	28.386	0	25.888
swarm_205_90.pdb	9.068	24.010	0	25.809
swarm_175_93.pdb	12.702	41.139	0	25.523
swarm_162_118.pdb	9.088	22.578	0.115385	25.409
swarm_262_43.pdb	15.756	61.085	0	25.246
swarm_89_168.pdb	2.359	5.077	0.480769	25.137
swarm_115_107.pdb	17.727	41.345	0	25.103
swarm_165_190.pdb	16.378	32.381	0	25.011
swarm_48_182.pdb	13.474	30.460	0	24.984
swarm_48_176.pdb	19.102	40.157	0.0576923	24.957
swarm_230_162.pdb	19.566	44.804	0.0769231	24.850
swarm_15_137.pdb	21.588	46.352	0	24.646
swarm_47_195.pdb	16.112	48.099	0	24.519
swarm_211_85.pdb	7.302	15.777	0	24.509
swarm_147_107.pdb	20.107	43.878	0.0192308	24.410
swarm_176_43.pdb	8.232	29.260	0.0576923	24.329
swarm_337_101.pdb	12.242	28.574	0.0384615	24.070
swarm_313_30.pdb	12.584	42.634	0	24.044
swarm_202_168.pdb	9.345	21.749	0	23.983
swarm_213_9.pdb	17.338	50.704	0	23.860
swarm_169_0.pdb	15.266	37.778	0	23.782
swarm_291_127.pdb	17.106	56.615	0	23.756
swarm_160_153.pdb	18.514	43.966	0	23.652
swarm_14_112.pdb	13.619	25.239	0	23.645
swarm_159_180.pdb	11.034	31.876	0	23.566
swarm_176_184.pdb	17.741	48.967	0.0384615	23.499
swarm_213_149.pdb	19.029	49.907	0	23.440
swarm_56_43.pdb	19.742	48.921	0.0576923	23.439
swarm_119_116.pdb	5.499	20.555	0.0576923	23.293
swarm_169_125.pdb	12.903	28.536	0	23.227
swarm_94_108.pdb	21.944	42.066	0.0192308	23.208
swarm_119_164.pdb	7.869	21.694	0	23.190
swarm_228_147.pdb	9.501	27.673	0.0192308	23.163
swarm_89_193.pdb	13.339	21.268	0	23.155
swarm_165_8.pdb	13.524	32.429	0	23.079
swarm_207_93.pdb	22.038	59.885	0	22.937
swarm_44_113.pdb	11.164	30.587	0.0384615	22.902
swarm_162_132.pdb	6.325	16.168	0.173077	22.842
swarm_202_197.pdb	18.254	42.492	0	22.690
swarm_179_146.pdb	16.854	42.417	0	22.533
swarm_173_185.pdb	11.164	21.534	0	22.303
swarm_163_65.pdb	18.575	40.718	0	22.247
swarm_115_62.pdb	18.542	39.009	0	22.217
swarm_115_124.pdb	20.897	42.590	0	22.196
swarm_165_170.pdb	10.972	29.494	0.269231	22.080
swarm_228_84.pdb	11.763	30.017	0.0384615	21.995
swarm_272_143.pdb	14.743	50.761	0.0769231	21.964
swarm_163_166.pdb	15.866	39.250	0	21.838
swarm_133_119.pdb	10.525	35.308	0	21.638
swarm_162_32.pdb	17.340	32.213	0	21.568
swarm_15_153.pdb	19.793	42.501	0.0192308	21.458
swarm_93_103.pdb	11.338	26.739	0.0192308	21.429
swarm_369_191.pdb	13.531	30.828	0.0192308	21.411
swarm_228_183.pdb	14.485	36.955	0	21.332
swarm_136_90.pdb	12.546	34.335	0.0961538	21.278
swarm_308_158.pdb	18.525	72.984	0	21.214
swarm_138_111.pdb	17.085	50.267	0.153846	21.070
swarm_136_177.pdb	16.367	41.369	0.173077	21.068
swarm_89_35.pdb	16.029	34.978	0	21.034
swarm_205_136.pdb	15.388	38.681	0.0576923	20.963
swarm_252_10.pdb	17.965	55.089	0.0769231	20.936
swarm_236_190.pdb	6.737	30.266	0.0384615	20.862
swarm_44_111.pdb	13.768	30.456	0	20.698
swarm_87_62.pdb	18.364	42.775	0.192308	20.653
swarm_172_60.pdb	19.732	63.804	0.0576923	20.653
swarm_170_36.pdb	17.850	39.872	0	20.322
swarm_165_82.pdb	11.382	27.799	0.153846	20.222
swarm_110_19.pdb	8.678	25.129	0.0384615	20.140
swarm_85_186.pdb	13.383	41.096	0.0384615	20.138
swarm_141_49.pdb	18.773	38.380	0	20.064
swarm_321_30.pdb	17.602	69.818	0	19.993
swarm_94_172.pdb	12.015	29.281	0.0192308	19.966
swarm_159_16.pdb	11.560	26.257	0	19.867
swarm_111_137.pdb	8.808	27.657	0.0192308	19.811
swarm_89_114.pdb	9.558	20.152	0.115385	19.799
swarm_369_84.pdb	12.311	21.266	0	19.712
swarm_162_85.pdb	17.588	39.627	0.0576923	19.621
swarm_228_58.pdb	13.101	30.499	0	19.580
swarm_107_184.pdb	15.532	45.401	0.134615	19.571
swarm_132_142.pdb	13.954	38.637	0	19.552
swarm_386_162.pdb	12.966	52.694	0	19.451
swarm_10_167.pdb	20.816	44.633	0.0961538	19.415
swarm_207_20.pdb	19.126	58.484	0.0576923	19.411
swarm_37_37.pdb	23.934	89.897	0	19.359
swarm_48_174.pdb	9.979	28.335	0.0384615	19.072
swarm_89_19.pdb	19.293	38.742	0.0769231	19.057
swarm_141_107.pdb	5.300	12.699	0.0576923	19.053
swarm_134_164.pdb	22.426	58.236	0	19.024
swarm_227_61.pdb	17.297	58.759	0	18.757
swarm_167_69.pdb	20.231	63.279	0.0769231	18.647
swarm_392_88.pdb	18.290	41.844	0.0769231	18.575
swarm_162_174.pdb	15.545	37.062	0.0961538	18.371
swarm_165_166.pdb	18.528	39.541	0	18.329
swarm_159_89.pdb	9.163	30.407	0.0576923	18.232
swarm_337_111.pdb	20.573	43.845	0.115385	18.153
swarm_161_32.pdb	18.696	42.552	0.0961538	18.113
swarm_93_139.pdb	14.436	28.333	0	18.016
swarm_10_128.pdb	15.911	43.151	0.134615	17.566
swarm_228_86.pdb	14.037	36.903	0.0769231	17.480
swarm_114_13.pdb	17.235	36.405	0	17.439
swarm_52_120.pdb	16.116	36.243	0.0576923	17.249
swarm_173_113.pdb	18.687	41.146	0.0192308	17.245
swarm_108_67.pdb	17.931	35.339	0	17.238
swarm_12_66.pdb	19.875	50.921	0.0961538	17.237
swarm_94_61.pdb	16.317	36.405	0.0192308	16.825
swarm_173_176.pdb	4.953	14.000	0.173077	16.814
swarm_109_176.pdb	10.187	36.131	0.134615	16.811
swarm_108_153.pdb	18.169	37.230	0	16.224
swarm_171_34.pdb	13.206	44.126	0.0192308	16.122
swarm_107_87.pdb	11.449	32.048	0.0192308	15.870
swarm_205_50.pdb	10.384	33.083	0.269231	15.856
swarm_109_3.pdb	16.848	47.652	0	15.609
swarm_137_69.pdb	12.488	44.121	0.0961538	15.234
swarm_299_186.pdb	22.895	64.181	0	15.101
swarm_110_160.pdb	12.527	27.587	0	15.057
swarm_108_135.pdb	19.998	39.242	0	14.724
swarm_114_19.pdb	7.131	21.519	0.0192308	14.661
swarm_133_137.pdb	15.457	44.758	0.0769231	14.463
swarm_166_196.pdb	4.551	12.604	0.134615	14.454
swarm_369_131.pdb	13.536	27.221	0	14.389
swarm_230_146.pdb	11.064	37.856	0.0961538	14.279
swarm_166_52.pdb	16.510	33.161	0	14.201
swarm_107_155.pdb	8.754	33.509	0.230769	13.703
swarm_133_121.pdb	13.527	43.497	0.0769231	12.973
swarm_107_39.pdb	19.655	48.462	0.0192308	12.794
swarm_174_104.pdb	12.970	42.618	0	12.485
swarm_42_121.pdb	19.779	50.053	0.115385	12.306
swarm_27_106.pdb	14.762	44.966	0	11.304
swarm_139_158.pdb	12.847	40.216	0.0192308	7.757
swarm_133_122.pdb	16.904	41.655	0	7.739
swarm_144_45.pdb	16.699	58.735	0	7.562
swarm_205_48.pdb	19.655	43.841	0.0384615	7.559
