swarm_58_17.pdb	18.383	32.453	0	54.488
swarm_28_1.pdb	16.328	33.969	0	45.482
swarm_44_11.pdb	17.764	30.073	0	41.872
swarm_59_155.pdb	14.996	31.440	0	41.511
swarm_31_0.pdb	18.446	36.865	0	41.348
swarm_64_117.pdb	14.925	31.355	0	41.151
swarm_10_26.pdb	15.172	27.922	0	39.031
swarm_64_108.pdb	6.360	16.509	0.288462	38.707
swarm_62_49.pdb	15.215	32.208	0	37.834
swarm_10_153.pdb	15.868	30.365	0	37.237
swarm_50_42.pdb	16.116	34.586	0	34.675
swarm_32_75.pdb	16.249	36.718	0	34.460
swarm_8_23.pdb	14.947	37.509	0	34.374
swarm_37_144.pdb	7.341	19.225	0	33.903
swarm_4_147.pdb	17.138	39.336	0	33.795
swarm_58_15.pdb	19.248	30.855	0	33.684
swarm_14_42.pdb	20.699	43.498	0	33.559
swarm_58_20.pdb	4.877	13.271	0.173077	33.343
swarm_55_152.pdb	8.990	18.019	0.0576923	33.324
swarm_2_158.pdb	3.633	15.071	0.442308	33.272
swarm_20_162.pdb	10.931	31.437	0.0576923	33.175
swarm_22_129.pdb	18.927	40.537	0	33.059
swarm_44_90.pdb	11.816	32.572	0	33.019
swarm_31_190.pdb	20.149	33.458	0	32.835
swarm_55_161.pdb	18.251	29.824	0	32.681
swarm_15_116.pdb	21.080	35.772	0	32.623
swarm_59_53.pdb	18.639	35.380	0	32.576
swarm_62_116.pdb	11.163	27.733	0.0192308	32.476
swarm_54_74.pdb	14.827	27.261	0	32.431
swarm_64_156.pdb	5.281	19.170	0.173077	32.404
swarm_62_15.pdb	13.402	30.865	0	32.229
swarm_63_124.pdb	3.769	16.506	0.326923	32.172
swarm_50_81.pdb	10.711	21.220	0	32.143
swarm_34_176.pdb	16.946	38.648	0	32.102
swarm_55_26.pdb	16.035	28.752	0	31.954
swarm_1_155.pdb	15.850	29.198	0	31.803
swarm_58_88.pdb	17.762	33.403	0	31.586
swarm_62_142.pdb	10.867	26.253	0.0192308	31.435
swarm_17_122.pdb	13.971	35.750	0	31.424
swarm_47_104.pdb	16.028	36.085	0.0384615	31.108
swarm_24_57.pdb	19.279	33.139	0	31.035
swarm_5_58.pdb	14.635	34.179	0	30.956
swarm_1_44.pdb	14.221	31.034	0.0384615	30.875
swarm_62_101.pdb	16.509	33.859	0	30.748
swarm_1_172.pdb	5.501	11.135	0.0576923	30.681
swarm_64_127.pdb	15.661	30.880	0	30.430
swarm_59_41.pdb	5.578	10.526	0.0384615	30.348
swarm_64_57.pdb	19.873	31.808	0	30.309
swarm_37_47.pdb	20.657	40.677	0.0192308	30.147
swarm_17_109.pdb	18.810	40.624	0.0384615	30.056
swarm_19_12.pdb	19.209	37.036	0	29.814
swarm_14_55.pdb	18.410	31.744	0	29.598
swarm_64_45.pdb	18.949	33.547	0	29.422
swarm_68_161.pdb	22.817	49.620	0	29.296
swarm_63_66.pdb	20.457	36.043	0	29.246
swarm_26_135.pdb	17.424	42.531	0.0576923	29.121
swarm_27_119.pdb	17.472	40.898	0	29.086
swarm_37_96.pdb	19.651	34.745	0	29.078
swarm_14_144.pdb	18.916	31.392	0	29.072
swarm_55_99.pdb	20.024	35.396	0	28.991
swarm_30_168.pdb	16.638	36.575	0	28.959
swarm_2_184.pdb	21.439	42.389	0	28.938
swarm_64_170.pdb	8.737	18.040	0	28.872
swarm_4_41.pdb	18.852	42.578	0	28.857
swarm_5_111.pdb	9.273	23.147	0	28.716
swarm_61_62.pdb	17.691	38.934	0	28.424
swarm_14_164.pdb	17.231	36.720	0	28.291
swarm_10_8.pdb	17.932	36.313	0	28.219
swarm_62_6.pdb	19.959	31.596	0	28.150
swarm_62_27.pdb	14.688	24.012	0	28.063
swarm_57_159.pdb	16.433	39.587	0.0192308	28.062
swarm_54_9.pdb	16.879	35.896	0	28.047
swarm_59_188.pdb	18.646	39.785	0.0384615	28.038
swarm_55_8.pdb	19.254	34.488	0	28.004
swarm_20_100.pdb	19.529	39.832	0	27.971
swarm_39_19.pdb	18.757	44.887	0	27.954
swarm_54_90.pdb	15.742	37.255	0.115385	27.863
swarm_31_121.pdb	17.829	34.894	0	27.786
swarm_2_197.pdb	18.494	33.339	0	27.785
swarm_29_190.pdb	17.738	30.824	0	27.655
swarm_50_51.pdb	19.801	34.935	0	27.573
swarm_5_17.pdb	16.922	34.331	0	27.556
swarm_18_172.pdb	21.972	52.553	0	27.543
swarm_1_76.pdb	16.919	32.247	0	27.464
swarm_51_154.pdb	12.813	32.919	0	27.417
swarm_14_25.pdb	20.375	33.308	0	27.409
swarm_59_104.pdb	15.790	36.242	0.0576923	27.386
swarm_1_166.pdb	18.672	36.844	0	27.378
swarm_62_111.pdb	17.882	36.121	0	27.302
swarm_51_139.pdb	19.479	43.837	0	27.253
swarm_29_9.pdb	19.354	35.523	0	27.225
swarm_54_49.pdb	9.210	26.661	0.0192308	27.202
swarm_17_150.pdb	19.710	42.341	0	27.096
swarm_4_104.pdb	16.364	33.848	0	27.081
swarm_24_163.pdb	8.388	26.357	0.153846	26.997
swarm_57_168.pdb	13.374	31.018	0	26.977
swarm_3_131.pdb	19.891	34.586	0	26.785
swarm_58_129.pdb	10.502	18.597	0	26.735
swarm_24_185.pdb	15.885	26.954	0	26.718
swarm_35_82.pdb	22.153	40.673	0	26.711
swarm_22_20.pdb	19.410	41.813	0	26.541
swarm_28_162.pdb	15.388	34.809	0	26.524
swarm_4_173.pdb	19.406	42.164	0.0384615	26.503
swarm_17_35.pdb	14.634	37.287	0.0961538	26.382
swarm_20_127.pdb	19.528	43.716	0	26.340
swarm_32_49.pdb	21.271	35.592	0	26.246
swarm_36_166.pdb	16.232	40.526	0	26.129
swarm_17_146.pdb	17.621	38.656	0	26.070
swarm_5_115.pdb	17.894	30.296	0	25.838
swarm_1_137.pdb	15.850	32.520	0	25.809
swarm_61_76.pdb	17.787	42.786	0	25.688
swarm_29_120.pdb	15.535	32.304	0	25.462
swarm_5_124.pdb	19.556	38.665	0	25.388
swarm_54_97.pdb	10.414	25.554	0	25.217
swarm_15_169.pdb	22.858	42.682	0	25.112
swarm_34_85.pdb	21.426	43.567	0	24.982
swarm_55_82.pdb	16.551	37.103	0.153846	24.735
swarm_17_78.pdb	9.738	27.087	0.0192308	24.671
swarm_24_6.pdb	20.590	33.275	0	24.540
swarm_10_103.pdb	20.425	42.314	0	24.512
swarm_26_12.pdb	17.764	41.067	0.0192308	24.435
swarm_27_149.pdb	18.490	38.635	0	24.407
swarm_34_43.pdb	20.131	42.675	0	24.399
swarm_66_152.pdb	14.902	32.251	0	24.325
swarm_31_30.pdb	4.848	15.485	0.326923	24.270
swarm_59_62.pdb	11.386	19.745	0	24.205
swarm_28_62.pdb	19.377	37.639	0	24.032
swarm_62_179.pdb	9.797	22.087	0.0384615	23.932
swarm_44_148.pdb	13.666	29.745	0	23.789
swarm_54_124.pdb	11.279	26.964	0.153846	23.709
swarm_24_28.pdb	20.788	41.108	0	23.612
swarm_63_121.pdb	18.573	43.597	0.0192308	23.488
swarm_10_195.pdb	8.025	20.132	0.153846	23.472
swarm_54_170.pdb	18.109	36.272	0	23.449
swarm_10_188.pdb	14.511	25.954	0	23.386
swarm_41_151.pdb	17.988	46.655	0	23.345
swarm_55_176.pdb	16.099	35.867	0.0192308	23.271
swarm_59_185.pdb	19.102	33.127	0	23.264
swarm_35_50.pdb	12.026	29.052	0	23.239
swarm_55_102.pdb	17.221	30.594	0	23.205
swarm_5_109.pdb	19.378	35.419	0	23.098
swarm_54_3.pdb	18.925	37.810	0	23.045
swarm_55_125.pdb	15.363	28.976	0	23.012
swarm_64_63.pdb	13.839	33.215	0.115385	22.971
swarm_14_185.pdb	9.088	24.724	0	22.955
swarm_52_45.pdb	19.560	42.490	0	22.855
swarm_24_139.pdb	20.626	37.469	0	22.780
swarm_1_144.pdb	15.776	34.027	0	22.714
swarm_32_163.pdb	9.822	20.980	0	22.650
swarm_59_178.pdb	18.135	38.209	0	22.488
swarm_29_6.pdb	18.863	38.913	0	22.462
swarm_61_197.pdb	17.619	35.034	0	22.457
swarm_10_187.pdb	14.200	32.223	0	22.407
swarm_57_63.pdb	12.644	24.338	0	22.220
swarm_56_150.pdb	15.084	39.138	0	22.199
swarm_64_118.pdb	19.591	31.712	0	22.069
swarm_39_131.pdb	17.872	41.641	0	22.040
swarm_4_56.pdb	16.015	38.786	0.0192308	21.997
swarm_20_111.pdb	15.421	35.934	0	21.877
swarm_14_20.pdb	19.495	47.057	0.173077	21.851
swarm_33_66.pdb	20.730	38.115	0	21.846
swarm_54_168.pdb	7.291	28.281	0.346154	21.821
swarm_26_77.pdb	17.319	30.061	0	21.765
swarm_50_54.pdb	7.494	21.105	0.134615	21.695
swarm_29_3.pdb	19.176	33.279	0	21.652
swarm_20_151.pdb	17.970	36.530	0	21.592
swarm_44_48.pdb	3.901	14.499	0.403846	21.582
swarm_40_75.pdb	16.514	48.276	0	21.496
swarm_57_6.pdb	9.924	26.150	0	21.221
swarm_27_144.pdb	14.506	30.864	0	21.212
swarm_28_93.pdb	13.688	31.555	0	21.034
swarm_39_67.pdb	20.042	43.239	0	20.680
swarm_58_7.pdb	13.090	31.934	0.0192308	20.274
swarm_8_121.pdb	15.905	38.982	0	20.250
swarm_44_149.pdb	15.414	27.222	0	20.143
swarm_61_29.pdb	19.033	47.142	0.0769231	19.777
swarm_20_120.pdb	11.488	34.862	0	19.649
swarm_29_108.pdb	12.004	23.942	0	19.450
swarm_58_54.pdb	20.792	31.784	0	19.046
swarm_58_70.pdb	18.632	35.506	0	18.911
swarm_27_14.pdb	12.822	32.682	0.230769	18.899
swarm_14_146.pdb	13.790	32.961	0	18.896
swarm_5_147.pdb	16.751	40.611	0.0961538	18.893
swarm_10_47.pdb	20.751	45.480	0	18.856
swarm_39_57.pdb	18.782	50.493	0	18.793
swarm_30_46.pdb	20.339	33.810	0	18.358
swarm_40_31.pdb	22.545	57.721	0	18.273
swarm_27_51.pdb	20.978	46.214	0.0961538	18.207
swarm_42_122.pdb	16.718	44.536	0	18.205
swarm_44_83.pdb	20.861	34.344	0	18.170
swarm_29_121.pdb	12.527	21.066	0	18.044
swarm_62_73.pdb	2.431	8.311	0.346154	18.012
swarm_10_109.pdb	14.296	37.463	0	17.832
swarm_10_145.pdb	11.388	20.189	0	17.788
swarm_26_26.pdb	15.204	39.100	0	17.565
swarm_14_160.pdb	11.649	21.202	0	17.390
swarm_39_156.pdb	23.508	41.115	0	17.356
swarm_28_170.pdb	20.251	42.446	0	17.344
swarm_32_24.pdb	17.068	37.723	0	17.292
swarm_10_99.pdb	15.585	34.001	0	17.074
swarm_51_134.pdb	19.168	39.857	0	16.678
swarm_5_13.pdb	15.004	34.252	0	16.275
swarm_54_169.pdb	5.177	17.665	0.115385	16.070
swarm_4_168.pdb	8.474	23.706	0.0769231	15.559
swarm_12_25.pdb	20.407	51.146	0	14.155
swarm_23_182.pdb	21.379	52.697	0	13.800
swarm_48_126.pdb	21.951	52.738	0	13.417
swarm_12_118.pdb	21.453	54.252	0	13.029
swarm_38_22.pdb	20.302	37.032	0	12.698
swarm_57_158.pdb	10.472	20.101	0	11.977
swarm_54_139.pdb	20.635	43.452	0	11.687
swarm_1_37.pdb	17.376	33.616	0	11.462
swarm_26_165.pdb	20.004	46.265	0.0192308	11.413
swarm_55_132.pdb	15.074	31.138	0	9.767
swarm_1_196.pdb	19.068	35.595	0	8.147
swarm_44_133.pdb	12.943	29.923	0	7.665
swarm_28_161.pdb	17.295	39.361	0.0192308	5.116
swarm_68_129.pdb	21.809	38.302	0	4.706
