swarm_7_67.pdb	5.293	10.900	0.134615	51.477
swarm_15_111.pdb	5.375	13.002	0.115385	49.294
swarm_28_106.pdb	6.858	12.742	0.0192308	47.369
swarm_9_44.pdb	5.471	15.012	0.0576923	46.139
swarm_28_10.pdb	11.697	19.098	0	45.948
swarm_28_82.pdb	6.412	14.850	0.0384615	43.795
swarm_37_178.pdb	5.358	15.261	0.0769231	42.131
swarm_8_159.pdb	6.083	11.117	0.0384615	41.059
swarm_25_22.pdb	6.603	13.550	0.0192308	40.627
swarm_29_164.pdb	8.088	28.065	0	38.927
swarm_23_53.pdb	5.219	13.387	0.0769231	38.374
swarm_23_142.pdb	9.230	19.751	0	38.139
swarm_26_50.pdb	7.675	34.245	0.0576923	37.667
swarm_22_48.pdb	6.889	19.273	0.0192308	36.323
swarm_20_89.pdb	6.333	18.465	0.0192308	35.635
swarm_7_81.pdb	12.608	18.654	0	35.005
swarm_8_108.pdb	6.969	19.190	0.0192308	34.756
swarm_23_59.pdb	11.183	17.588	0	34.599
swarm_15_40.pdb	6.406	18.281	0.0384615	34.298
swarm_28_67.pdb	14.223	25.251	0	33.375
swarm_36_19.pdb	8.079	13.920	0	33.117
swarm_22_80.pdb	11.155	31.894	0	32.997
swarm_38_8.pdb	7.989	15.502	0	32.473
swarm_20_82.pdb	14.202	23.573	0	32.436
swarm_43_174.pdb	11.138	19.293	0	31.792
swarm_29_43.pdb	7.808	19.461	0.0192308	31.440
swarm_8_145.pdb	7.679	16.717	0	31.261
swarm_19_121.pdb	8.439	18.897	0	30.806
swarm_40_70.pdb	16.753	34.845	0	30.786
swarm_9_110.pdb	9.418	16.876	0	30.447
swarm_18_31.pdb	7.598	27.736	0.0192308	30.383
swarm_9_53.pdb	7.007	12.778	0	30.169
swarm_17_101.pdb	9.897	28.803	0	30.000
swarm_21_16.pdb	7.596	26.727	0.0192308	29.899
swarm_15_1.pdb	14.811	24.027	0	29.792
swarm_8_150.pdb	8.633	18.499	0	29.509
swarm_5_199.pdb	7.439	23.669	0.0192308	29.433
swarm_15_67.pdb	8.298	13.017	0	29.388
swarm_43_21.pdb	7.898	25.507	0.0384615	29.286
swarm_29_157.pdb	10.403	22.313	0	29.094
swarm_30_152.pdb	12.797	41.489	0	29.079
swarm_25_85.pdb	14.245	26.640	0	28.914
swarm_30_18.pdb	10.137	29.439	0	28.836
swarm_12_5.pdb	9.749	23.517	0	28.805
swarm_19_157.pdb	10.788	30.174	0	28.758
swarm_41_152.pdb	7.521	25.448	0.0192308	28.749
swarm_25_104.pdb	9.099	18.952	0	27.924
swarm_34_66.pdb	15.430	27.975	0	27.873
swarm_38_34.pdb	7.057	20.600	0.0192308	27.774
swarm_5_22.pdb	15.520	29.049	0	27.658
swarm_24_196.pdb	8.025	28.158	0.0192308	27.464
swarm_21_95.pdb	11.020	27.492	0	27.432
swarm_42_45.pdb	14.112	42.995	0	27.423
swarm_42_10.pdb	15.762	38.569	0	27.252
swarm_27_98.pdb	11.041	37.627	0	26.972
swarm_8_101.pdb	10.422	15.312	0	26.858
swarm_1_26.pdb	14.748	38.458	0	26.512
swarm_5_46.pdb	11.149	24.291	0	26.352
swarm_23_21.pdb	9.345	24.086	0	26.298
swarm_5_112.pdb	8.736	27.362	0.0192308	26.206
swarm_27_60.pdb	14.769	37.489	0	26.102
swarm_37_35.pdb	9.442	17.906	0	25.874
swarm_20_93.pdb	7.690	16.959	0	25.430
swarm_1_124.pdb	10.959	37.775	0	25.410
swarm_15_141.pdb	7.528	14.728	0	25.106
swarm_20_198.pdb	8.224	24.451	0	25.069
swarm_43_176.pdb	6.309	18.506	0.0384615	24.717
swarm_40_6.pdb	11.035	27.221	0	24.390
swarm_20_83.pdb	13.001	26.986	0	24.229
swarm_41_79.pdb	7.451	18.982	0.0192308	24.210
swarm_24_32.pdb	12.937	41.825	0	23.811
swarm_40_71.pdb	11.295	38.854	0	23.465
swarm_16_132.pdb	13.383	25.601	0	23.204
swarm_39_151.pdb	10.264	36.835	0	22.915
swarm_0_178.pdb	13.686	48.682	0	22.260
swarm_15_133.pdb	7.900	19.414	0	22.166
swarm_18_39.pdb	13.390	39.245	0	21.918
swarm_24_17.pdb	9.669	37.308	0.0384615	21.768
swarm_34_158.pdb	9.171	21.611	0	21.190
swarm_43_9.pdb	9.567	27.500	0	20.901
swarm_17_198.pdb	12.658	26.836	0	20.646
swarm_18_168.pdb	11.950	38.487	0	20.332
swarm_18_38.pdb	12.633	43.947	0	19.788
swarm_37_91.pdb	8.496	22.321	0	19.614
swarm_34_163.pdb	16.261	34.128	0	19.195
swarm_34_21.pdb	10.105	33.502	0	19.104
swarm_5_148.pdb	11.000	30.666	0	19.043
swarm_36_161.pdb	6.129	19.373	0.269231	18.506
swarm_0_159.pdb	11.452	40.056	0	17.365
swarm_40_136.pdb	9.893	33.582	0	16.877
swarm_27_32.pdb	11.275	31.045	0	15.844
swarm_34_183.pdb	11.863	31.738	0	15.836
swarm_10_178.pdb	9.494	37.042	0	15.532
swarm_3_178.pdb	13.619	49.371	0	14.195
swarm_18_105.pdb	11.794	41.516	0	11.656
swarm_9_60.pdb	14.297	21.721	0	8.653
swarm_21_180.pdb	13.840	43.525	0	7.894
