swarm_3_145.pdb	12.356	28.016	0.0192308	62.319
swarm_2_115.pdb	20.262	41.782	0.0384615	59.526
swarm_3_143.pdb	19.321	35.256	0	59.087
swarm_9_161.pdb	8.741	23.189	0	54.526
swarm_5_102.pdb	18.057	31.019	0	53.838
swarm_5_21.pdb	9.273	20.643	0	53.759
swarm_6_198.pdb	19.315	41.289	0	52.648
swarm_4_39.pdb	17.715	41.606	0	52.606
swarm_8_72.pdb	20.053	43.334	0.0384615	51.274
swarm_6_165.pdb	15.955	33.301	0	49.919
swarm_4_25.pdb	18.599	40.176	0	49.623
swarm_5_128.pdb	15.856	30.567	0	49.557
swarm_7_197.pdb	18.256	34.741	0	49.297
swarm_6_61.pdb	6.277	10.751	0.153846	49.201
swarm_1_102.pdb	8.940	22.738	0	49.083
swarm_2_87.pdb	20.916	37.878	0	48.551
swarm_6_133.pdb	18.439	31.803	0	48.477
swarm_1_23.pdb	7.070	20.248	0.230769	47.979
swarm_7_65.pdb	11.112	21.125	0	45.996
swarm_5_87.pdb	20.245	39.325	0	45.543
swarm_6_4.pdb	16.742	39.692	0	45.341
swarm_7_136.pdb	17.107	37.124	0	45.220
swarm_8_66.pdb	18.412	40.706	0	45.143
swarm_6_105.pdb	18.949	35.347	0	44.830
swarm_0_82.pdb	19.321	37.292	0	44.473
swarm_9_110.pdb	21.205	34.741	0	44.007
swarm_4_56.pdb	21.151	44.053	0	43.853
swarm_7_109.pdb	16.453	33.596	0	43.598
swarm_3_19.pdb	16.658	35.568	0	43.492
swarm_1_137.pdb	17.303	37.635	0.0384615	43.451
swarm_7_142.pdb	19.857	41.373	0	43.418
swarm_3_23.pdb	12.703	33.834	0.25	43.393
swarm_5_65.pdb	20.147	44.747	0.0192308	43.281
swarm_2_85.pdb	13.634	28.614	0	43.195
swarm_6_121.pdb	16.261	32.091	0	43.028
swarm_7_49.pdb	16.699	31.892	0	42.806
swarm_0_191.pdb	15.393	34.605	0.0384615	41.942
swarm_2_144.pdb	21.765	34.546	0	41.719
swarm_9_62.pdb	15.595	38.896	0	41.717
swarm_9_12.pdb	16.208	36.826	0	41.642
swarm_0_10.pdb	17.231	39.801	0	40.621
swarm_7_144.pdb	19.377	35.531	0	40.213
swarm_2_117.pdb	20.227	32.885	0	39.749
swarm_1_30.pdb	20.209	38.382	0	39.578
swarm_1_165.pdb	6.920	18.858	0.326923	39.576
swarm_3_127.pdb	19.800	47.484	0	39.198
swarm_9_192.pdb	7.993	24.756	0.115385	39.152
swarm_5_138.pdb	17.320	32.062	0	39.017
swarm_6_79.pdb	15.351	37.751	0.115385	38.728
swarm_8_196.pdb	17.588	35.268	0	38.676
swarm_9_145.pdb	13.175	34.262	0	38.494
swarm_1_84.pdb	16.513	38.259	0	38.314
swarm_4_188.pdb	11.804	36.723	0.0192308	38.000
swarm_0_182.pdb	20.094	40.517	0	37.860
swarm_1_128.pdb	18.625	34.755	0	37.633
swarm_4_103.pdb	15.498	36.632	0	37.612
swarm_2_104.pdb	15.020	38.496	0	37.596
swarm_8_85.pdb	19.773	47.843	0.153846	37.447
swarm_5_95.pdb	20.068	39.602	0	37.399
swarm_6_94.pdb	19.224	34.981	0	37.037
swarm_0_25.pdb	17.131	30.928	0	36.976
swarm_5_32.pdb	21.465	40.304	0	36.744
swarm_1_184.pdb	17.769	38.682	0	36.560
swarm_5_35.pdb	17.923	41.193	0.0961538	36.552
swarm_3_187.pdb	16.924	28.553	0	36.511
swarm_1_48.pdb	18.593	36.496	0.0192308	36.334
swarm_6_131.pdb	18.961	36.885	0	36.275
swarm_4_45.pdb	22.842	46.362	0	35.833
swarm_4_119.pdb	13.679	41.378	0	35.496
swarm_9_78.pdb	17.848	37.218	0	35.366
swarm_6_120.pdb	15.941	27.867	0	35.264
swarm_2_3.pdb	3.845	12.216	0.25	34.989
swarm_1_197.pdb	17.583	33.024	0	34.869
swarm_8_47.pdb	19.511	45.026	0	34.729
swarm_5_67.pdb	9.053	20.087	0.0192308	34.501
swarm_5_17.pdb	6.821	17.321	0.115385	34.431
swarm_8_157.pdb	20.560	41.669	0	33.985
swarm_6_113.pdb	20.087	38.456	0	33.918
swarm_4_109.pdb	22.100	42.432	0	33.546
swarm_5_19.pdb	13.610	32.340	0	33.462
swarm_7_86.pdb	18.759	37.999	0	33.451
swarm_5_83.pdb	16.886	35.116	0	33.152
swarm_1_149.pdb	14.171	25.944	0	32.805
swarm_0_84.pdb	17.400	31.699	0	32.481
swarm_4_49.pdb	22.434	44.805	0	32.411
swarm_0_173.pdb	17.615	36.218	0	32.110
swarm_3_174.pdb	18.400	36.535	0	31.943
swarm_8_70.pdb	19.140	41.083	0	31.457
swarm_4_6.pdb	20.341	48.578	0	30.887
swarm_0_47.pdb	18.815	40.896	0	30.104
swarm_5_63.pdb	16.668	41.299	0	29.745
swarm_4_9.pdb	22.970	46.576	0	29.554
swarm_7_169.pdb	17.877	39.029	0.25	29.410
swarm_8_151.pdb	16.435	37.240	0	29.358
swarm_3_132.pdb	17.573	38.726	0	28.680
swarm_6_191.pdb	13.339	28.620	0	28.172
swarm_2_123.pdb	19.408	34.696	0	27.939
swarm_8_55.pdb	20.218	41.822	0	27.866
swarm_8_57.pdb	20.391	39.129	0	27.647
swarm_1_171.pdb	16.804	36.892	0	27.263
swarm_3_76.pdb	21.575	39.310	0	26.563
swarm_5_183.pdb	10.462	29.430	0	25.955
swarm_3_35.pdb	20.286	41.603	0	25.876
swarm_9_177.pdb	6.800	23.423	0.211538	25.561
swarm_0_195.pdb	20.406	38.354	0	25.224
swarm_2_164.pdb	9.487	26.275	0	25.194
swarm_8_36.pdb	19.278	45.281	0.153846	25.094
swarm_8_94.pdb	18.033	43.795	0	24.879
swarm_3_102.pdb	21.566	36.078	0	24.836
swarm_9_5.pdb	17.832	35.583	0	24.647
swarm_4_116.pdb	19.609	48.958	0.0192308	24.568
swarm_5_164.pdb	20.180	42.181	0.0576923	24.051
swarm_8_109.pdb	22.818	44.558	0	21.434
swarm_0_155.pdb	21.450	36.297	0	20.180
swarm_7_92.pdb	16.294	29.987	0	20.087
swarm_4_17.pdb	21.273	42.650	0	19.184
swarm_8_101.pdb	17.283	36.350	0	18.955
swarm_3_130.pdb	21.979	44.353	0	18.853
swarm_0_39.pdb	20.676	48.216	0	17.713
swarm_8_86.pdb	17.374	47.657	0.0192308	15.796
swarm_3_41.pdb	22.114	38.095	0	15.492
swarm_8_22.pdb	8.003	28.234	0.173077	14.131
swarm_8_181.pdb	21.174	43.807	0	14.076
swarm_5_81.pdb	18.505	44.264	0	12.849
swarm_4_94.pdb	11.100	26.602	0	10.810
swarm_8_131.pdb	18.723	36.616	0	10.467
swarm_5_101.pdb	18.256	35.816	0	6.850
swarm_1_18.pdb	16.082	32.270	0	6.650
swarm_7_40.pdb	16.307	35.144	0	1.028
