swarm_36_183.pdb	15.376	29.546	0	51.245
swarm_9_191.pdb	15.184	33.029	0	51.124
swarm_33_145.pdb	17.764	30.739	0	43.504
swarm_36_11.pdb	15.383	32.753	0	40.665
swarm_9_56.pdb	18.012	39.924	0	40.480
swarm_37_14.pdb	19.742	36.825	0	40.246
swarm_7_183.pdb	5.277	16.410	0.0961538	40.028
swarm_25_8.pdb	18.942	29.961	0	38.322
swarm_33_101.pdb	17.285	28.144	0	38.157
swarm_4_186.pdb	9.950	29.215	0.0192308	37.924
swarm_17_173.pdb	16.116	35.720	0	37.868
swarm_17_73.pdb	14.645	40.434	0	37.817
swarm_7_30.pdb	10.996	26.222	0.0384615	37.397
swarm_37_28.pdb	20.020	36.714	0	36.511
swarm_35_179.pdb	17.419	37.255	0	36.225
swarm_14_57.pdb	9.059	23.508	0.0192308	36.086
swarm_25_89.pdb	20.500	39.777	0.0192308	35.890
swarm_28_3.pdb	16.752	35.174	0	35.837
swarm_12_92.pdb	16.838	36.156	0	35.783
swarm_2_171.pdb	17.061	32.738	0	35.372
swarm_25_81.pdb	10.552	25.523	0.0576923	35.209
swarm_12_184.pdb	15.987	32.548	0	35.054
swarm_22_178.pdb	11.917	29.012	0	34.991
swarm_39_62.pdb	21.303	39.072	0	34.872
swarm_21_65.pdb	15.456	33.867	0	34.860
swarm_32_176.pdb	14.616	25.465	0	34.659
swarm_23_17.pdb	16.861	36.377	0	34.606
swarm_8_64.pdb	20.763	34.738	0	34.424
swarm_35_164.pdb	15.357	35.276	0.0192308	34.350
swarm_25_82.pdb	17.947	29.121	0	33.911
swarm_32_66.pdb	8.761	21.445	0.0576923	33.831
swarm_23_111.pdb	19.846	32.340	0	33.471
swarm_28_135.pdb	16.040	35.306	0	33.399
swarm_4_56.pdb	10.890	29.561	0.192308	33.374
swarm_28_75.pdb	17.217	34.563	0	33.002
swarm_39_37.pdb	14.980	40.170	0	32.994
swarm_38_12.pdb	16.962	35.551	0	32.803
swarm_13_44.pdb	18.465	39.174	0	32.474
swarm_25_69.pdb	18.715	30.509	0	32.064
swarm_15_97.pdb	15.800	27.616	0	31.977
swarm_16_116.pdb	16.602	36.900	0	31.938
swarm_38_143.pdb	15.690	34.094	0	31.933
swarm_9_16.pdb	11.774	33.587	0	31.865
swarm_1_46.pdb	22.814	51.984	0	31.835
swarm_29_51.pdb	21.262	39.677	0	31.676
swarm_6_47.pdb	10.208	27.978	0.0192308	31.605
swarm_32_68.pdb	19.447	35.997	0	31.387
swarm_12_177.pdb	15.856	39.409	0.0192308	31.370
swarm_31_170.pdb	18.051	40.091	0	31.335
swarm_38_188.pdb	16.206	32.178	0	31.264
swarm_36_46.pdb	16.515	28.598	0	31.066
swarm_22_23.pdb	20.905	34.090	0	31.046
swarm_20_136.pdb	9.645	26.235	0	30.987
swarm_2_17.pdb	17.397	35.281	0	30.979
swarm_29_44.pdb	21.841	38.013	0	30.871
swarm_19_117.pdb	17.153	35.255	0.0192308	30.822
swarm_31_39.pdb	17.351	31.952	0	30.600
swarm_20_178.pdb	20.819	41.475	0	30.475
swarm_31_147.pdb	17.525	32.803	0	30.465
swarm_25_63.pdb	15.815	33.460	0	30.302
swarm_31_190.pdb	17.020	33.699	0	30.294
swarm_21_22.pdb	20.539	36.478	0	30.108
swarm_8_37.pdb	15.652	28.982	0	30.056
swarm_2_99.pdb	16.297	31.998	0	29.942
swarm_35_171.pdb	11.864	29.185	0.0961538	29.881
swarm_17_81.pdb	17.793	40.405	0	29.851
swarm_21_192.pdb	22.637	40.328	0	29.837
swarm_28_66.pdb	20.980	34.779	0	29.793
swarm_28_169.pdb	18.656	38.243	0	29.727
swarm_14_180.pdb	18.625	29.246	0	29.574
swarm_17_191.pdb	16.254	34.701	0	29.521
swarm_33_69.pdb	19.354	29.759	0	29.356
swarm_8_77.pdb	20.576	35.543	0	29.292
swarm_23_60.pdb	19.041	37.558	0	29.155
swarm_33_117.pdb	13.105	21.428	0	29.137
swarm_8_11.pdb	19.640	31.131	0	29.119
swarm_15_63.pdb	18.901	41.528	0.0384615	29.106
swarm_30_71.pdb	18.288	43.618	0	28.929
swarm_21_72.pdb	20.903	42.766	0	28.926
swarm_8_67.pdb	18.760	39.043	0	28.911
swarm_36_21.pdb	15.487	26.783	0	28.909
swarm_29_8.pdb	15.603	39.816	0.0384615	28.808
swarm_7_58.pdb	18.302	37.335	0.0192308	28.799
swarm_25_140.pdb	19.155	35.334	0	28.797
swarm_25_172.pdb	5.048	13.739	0.153846	28.762
swarm_24_78.pdb	17.891	39.620	0	28.709
swarm_35_38.pdb	15.779	33.776	0	28.616
swarm_12_147.pdb	16.063	34.584	0	28.612
swarm_25_1.pdb	16.333	38.199	0	28.582
swarm_44_169.pdb	17.554	37.604	0	28.517
swarm_23_167.pdb	18.676	40.455	0	28.435
swarm_8_169.pdb	7.243	17.777	0.0192308	28.400
swarm_5_42.pdb	19.865	47.426	0	28.393
swarm_4_24.pdb	16.998	35.662	0	28.332
swarm_32_167.pdb	19.148	37.005	0	28.286
swarm_4_73.pdb	21.341	37.532	0	28.208
swarm_32_8.pdb	8.459	15.097	0	28.164
swarm_12_101.pdb	20.138	40.273	0	28.132
swarm_37_101.pdb	10.182	30.302	0.0192308	28.054
swarm_10_79.pdb	23.057	42.901	0	28.041
swarm_22_74.pdb	14.499	39.231	0.0769231	27.910
swarm_7_181.pdb	17.320	37.195	0	27.909
swarm_20_176.pdb	20.280	40.844	0	27.755
swarm_21_95.pdb	22.599	42.315	0	27.588
swarm_19_176.pdb	10.505	30.114	0	27.588
swarm_15_165.pdb	11.512	22.496	0	27.573
swarm_20_115.pdb	17.659	34.963	0	27.560
swarm_34_109.pdb	19.422	43.818	0	27.494
swarm_19_30.pdb	17.099	39.444	0	27.446
swarm_7_22.pdb	14.336	22.659	0	27.399
swarm_20_54.pdb	17.759	38.974	0	27.367
swarm_16_60.pdb	16.884	33.193	0	27.273
swarm_13_91.pdb	19.733	39.111	0	27.261
swarm_38_4.pdb	20.930	34.804	0	27.226
swarm_41_115.pdb	21.168	40.126	0	27.225
swarm_7_45.pdb	11.973	26.183	0.0192308	27.208
swarm_20_134.pdb	20.962	37.338	0	27.169
swarm_25_71.pdb	20.820	31.974	0	27.100
swarm_7_158.pdb	14.582	32.145	0	26.982
swarm_8_192.pdb	15.289	32.582	0	26.926
swarm_19_16.pdb	13.835	33.496	0.115385	26.883
swarm_6_172.pdb	16.837	35.311	0	26.863
swarm_9_163.pdb	8.000	16.687	0	26.827
swarm_22_5.pdb	21.811	38.214	0	26.780
swarm_26_87.pdb	15.839	42.807	0	26.675
swarm_7_151.pdb	9.872	17.898	0	26.567
swarm_37_59.pdb	21.231	40.132	0	26.443
swarm_36_59.pdb	16.264	27.772	0	26.392
swarm_18_81.pdb	8.499	28.971	0.0192308	26.384
swarm_35_64.pdb	9.305	15.023	0	26.374
swarm_38_173.pdb	15.832	36.124	0.0961538	26.257
swarm_14_115.pdb	11.698	21.891	0	26.233
swarm_38_53.pdb	6.596	20.918	0.0769231	26.177
swarm_9_165.pdb	17.063	37.811	0	26.169
swarm_41_48.pdb	14.794	34.676	0	26.099
swarm_28_197.pdb	12.147	26.691	0.0192308	26.091
swarm_41_4.pdb	19.766	47.005	0.0192308	26.067
swarm_2_133.pdb	10.891	24.223	0	26.049
swarm_20_74.pdb	17.632	39.026	0	26.030
swarm_8_74.pdb	13.802	26.417	0	25.995
swarm_4_81.pdb	17.797	34.181	0	25.861
swarm_19_7.pdb	16.289	35.900	0	25.825
swarm_43_71.pdb	18.635	37.077	0	25.785
swarm_37_0.pdb	16.785	37.449	0	25.758
swarm_23_196.pdb	19.804	39.900	0	25.665
swarm_43_76.pdb	15.439	27.456	0	25.481
swarm_29_83.pdb	17.531	32.879	0	25.434
swarm_36_126.pdb	12.065	29.865	0.153846	25.427
swarm_42_31.pdb	17.821	37.692	0	25.352
swarm_7_11.pdb	17.277	35.177	0	25.322
swarm_9_61.pdb	21.362	41.983	0	25.315
swarm_15_174.pdb	18.713	32.578	0	25.270
swarm_6_143.pdb	21.137	37.896	0	25.264
swarm_28_101.pdb	19.319	38.344	0	25.262
swarm_20_96.pdb	10.162	23.001	0	25.243
swarm_40_198.pdb	16.572	43.759	0	25.150
swarm_18_51.pdb	22.982	38.064	0	25.111
swarm_15_140.pdb	20.179	36.918	0	25.103
swarm_9_171.pdb	18.963	40.213	0	24.857
swarm_4_3.pdb	18.597	40.900	0	24.837
swarm_16_156.pdb	13.169	33.744	0.134615	24.831
swarm_29_61.pdb	18.847	36.330	0	24.761
swarm_32_28.pdb	17.079	34.511	0	24.713
swarm_32_101.pdb	20.252	39.796	0	24.693
swarm_6_92.pdb	6.474	22.006	0.0769231	24.671
swarm_17_30.pdb	18.092	37.792	0	24.662
swarm_17_16.pdb	20.764	38.762	0	24.647
swarm_22_56.pdb	17.178	35.329	0	24.593
swarm_32_12.pdb	19.899	37.835	0	24.518
swarm_41_28.pdb	19.658	40.217	0	24.321
swarm_14_133.pdb	17.478	40.283	0	24.261
swarm_26_196.pdb	18.067	45.444	0.0192308	24.189
swarm_32_83.pdb	17.793	32.132	0	24.118
swarm_24_82.pdb	20.453	47.403	0	24.079
swarm_34_82.pdb	8.885	22.647	0.0192308	24.078
swarm_41_166.pdb	19.236	43.194	0	24.072
swarm_23_186.pdb	18.502	33.906	0	24.069
swarm_22_47.pdb	23.035	42.594	0	23.984
swarm_16_165.pdb	16.612	29.190	0	23.854
swarm_41_103.pdb	17.626	43.788	0	23.701
swarm_29_147.pdb	23.094	39.008	0	23.690
swarm_38_102.pdb	19.296	32.020	0	23.503
swarm_11_34.pdb	17.950	36.990	0	23.480
swarm_5_18.pdb	24.022	42.349	0	23.453
swarm_27_126.pdb	23.366	48.706	0.0192308	23.320
swarm_40_22.pdb	23.998	40.828	0	23.246
swarm_34_151.pdb	21.315	44.662	0	23.238
swarm_42_84.pdb	24.470	52.258	0	23.215
swarm_5_196.pdb	10.399	33.252	0	23.196
swarm_17_45.pdb	12.813	32.671	0.0192308	23.179
swarm_8_188.pdb	17.242	36.655	0	23.155
swarm_43_199.pdb	19.229	38.424	0	23.065
swarm_37_8.pdb	21.773	36.984	0	22.999
swarm_29_60.pdb	20.169	34.967	0	22.994
swarm_24_131.pdb	25.425	52.158	0	22.843
swarm_5_32.pdb	12.564	32.011	0.0384615	22.835
swarm_14_175.pdb	20.731	40.391	0	22.758
swarm_40_179.pdb	21.789	38.698	0	22.709
swarm_8_68.pdb	17.375	38.905	0.0192308	22.672
swarm_4_29.pdb	15.486	36.334	0	22.669
swarm_7_67.pdb	15.449	34.556	0	22.611
swarm_28_11.pdb	16.723	32.542	0	22.423
swarm_28_16.pdb	4.926	16.592	0.0576923	22.375
swarm_20_5.pdb	22.741	39.461	0	22.293
swarm_36_25.pdb	17.116	37.400	0.0192308	22.215
swarm_37_192.pdb	15.954	34.172	0	22.153
swarm_15_52.pdb	16.634	36.958	0	22.093
swarm_40_18.pdb	11.701	36.438	0	22.001
swarm_15_136.pdb	20.572	31.693	0	21.968
swarm_42_19.pdb	10.685	32.935	0	21.928
swarm_13_4.pdb	13.703	26.850	0	21.749
swarm_8_186.pdb	19.414	32.524	0	21.672
swarm_38_54.pdb	21.645	37.841	0	21.643
swarm_15_195.pdb	14.533	29.040	0	21.503
swarm_4_181.pdb	13.655	31.147	0	21.458
swarm_39_115.pdb	18.566	48.483	0	21.364
swarm_43_189.pdb	24.219	38.716	0	21.277
swarm_6_161.pdb	19.094	33.463	0	21.265
swarm_41_88.pdb	15.534	37.753	0	21.216
swarm_8_140.pdb	20.265	30.224	0	21.210
swarm_8_72.pdb	18.083	29.602	0	21.147
swarm_33_153.pdb	17.291	35.163	0	20.948
swarm_0_96.pdb	27.620	54.011	0	20.916
swarm_5_50.pdb	11.107	25.254	0	20.914
swarm_23_48.pdb	14.691	35.537	0	20.856
swarm_36_104.pdb	7.360	11.855	0	20.704
swarm_38_1.pdb	11.006	23.679	0.0769231	20.661
swarm_40_171.pdb	7.281	26.884	0.0192308	20.609
swarm_5_0.pdb	14.916	37.195	0.0192308	20.559
swarm_6_160.pdb	15.562	40.032	0.0769231	20.493
swarm_4_9.pdb	20.172	32.736	0	20.474
swarm_26_123.pdb	16.939	44.922	0	20.461
swarm_37_142.pdb	14.380	31.532	0	20.436
swarm_38_23.pdb	15.211	30.060	0	20.293
swarm_35_12.pdb	17.562	36.524	0	20.155
swarm_33_92.pdb	15.408	34.953	0	20.141
swarm_5_177.pdb	12.299	38.334	0	20.125
swarm_21_158.pdb	20.198	44.636	0	20.087
swarm_23_187.pdb	17.682	36.422	0	20.047
swarm_17_13.pdb	19.490	41.551	0	20.014
swarm_27_173.pdb	11.398	37.594	0	19.885
swarm_27_198.pdb	10.991	36.080	0	19.856
swarm_32_156.pdb	17.470	31.901	0	19.799
swarm_11_156.pdb	15.170	36.819	0.0384615	19.790
swarm_16_77.pdb	15.819	25.747	0	19.751
swarm_29_77.pdb	18.005	41.581	0.0192308	19.730
swarm_5_143.pdb	16.444	37.088	0	19.688
swarm_23_23.pdb	18.965	39.240	0	19.682
swarm_7_109.pdb	17.288	29.788	0	19.665
swarm_41_45.pdb	15.107	39.302	0	19.640
swarm_36_19.pdb	10.654	24.390	0	19.635
swarm_24_170.pdb	18.972	50.573	0	19.511
swarm_22_150.pdb	8.257	23.412	0.0192308	19.381
swarm_7_68.pdb	17.469	35.050	0	19.376
swarm_15_126.pdb	15.699	27.000	0	19.376
swarm_11_68.pdb	19.435	43.555	0	19.344
swarm_21_24.pdb	25.155	49.348	0	19.289
swarm_14_75.pdb	18.561	32.427	0	19.285
swarm_31_180.pdb	16.978	38.395	0	19.169
swarm_35_44.pdb	15.501	24.693	0	19.003
swarm_40_155.pdb	25.848	50.700	0.0192308	18.941
swarm_16_107.pdb	17.523	37.746	0.0384615	18.806
swarm_29_81.pdb	22.464	41.747	0	18.793
swarm_10_183.pdb	19.963	48.589	0	18.774
swarm_5_115.pdb	16.752	39.249	0.0384615	18.767
swarm_25_197.pdb	16.913	36.311	0	18.759
swarm_27_6.pdb	22.516	47.844	0	18.703
swarm_43_110.pdb	23.138	38.154	0	18.670
swarm_20_110.pdb	23.111	42.815	0	18.532
swarm_16_19.pdb	14.850	34.398	0.0192308	18.445
swarm_5_26.pdb	23.352	43.823	0	18.441
swarm_17_125.pdb	12.501	24.070	0	18.323
swarm_20_88.pdb	21.371	31.970	0	18.106
swarm_5_124.pdb	11.399	31.086	0	18.055
swarm_43_52.pdb	10.863	30.077	0	17.972
swarm_40_62.pdb	20.510	49.344	0	17.864
swarm_43_190.pdb	24.759	48.468	0	17.858
swarm_20_103.pdb	21.584	44.361	0.0192308	17.856
swarm_24_57.pdb	17.772	52.825	0	17.772
swarm_43_176.pdb	17.778	43.457	0	17.721
swarm_18_112.pdb	20.411	48.358	0	17.704
swarm_12_82.pdb	19.930	36.264	0	17.561
swarm_5_90.pdb	21.614	36.546	0	17.438
swarm_5_128.pdb	20.465	41.728	0	17.417
swarm_37_134.pdb	19.212	36.004	0	17.318
swarm_30_61.pdb	19.404	43.919	0	17.265
swarm_12_32.pdb	18.062	40.212	0	17.257
swarm_41_30.pdb	21.424	44.235	0.0384615	17.147
swarm_38_129.pdb	8.530	13.217	0	17.143
swarm_12_199.pdb	16.341	33.038	0	17.137
swarm_34_198.pdb	24.310	51.094	0.0192308	17.134
swarm_18_187.pdb	26.205	47.469	0	17.009
swarm_34_37.pdb	18.211	39.219	0	16.587
swarm_43_56.pdb	22.141	42.627	0	16.557
swarm_15_157.pdb	19.688	31.045	0	16.458
swarm_3_39.pdb	26.585	65.739	0	16.439
swarm_3_40.pdb	26.617	57.871	0	16.358
swarm_40_108.pdb	13.480	36.695	0.0576923	16.299
swarm_15_111.pdb	18.213	40.069	0	15.529
swarm_21_142.pdb	19.851	46.789	0	15.426
swarm_43_53.pdb	16.183	32.478	0	15.379
swarm_5_6.pdb	22.882	44.390	0	15.353
swarm_27_148.pdb	22.949	43.443	0	15.153
swarm_19_126.pdb	19.433	36.052	0	15.119
swarm_6_101.pdb	20.034	39.140	0	14.971
swarm_21_199.pdb	16.181	44.651	0.0384615	14.846
swarm_5_4.pdb	24.062	43.974	0	14.707
swarm_22_141.pdb	15.375	40.957	0	14.679
swarm_16_194.pdb	19.044	39.271	0	14.628
swarm_38_3.pdb	17.498	35.865	0	14.455
swarm_18_106.pdb	10.501	33.797	0.0192308	14.439
swarm_21_64.pdb	17.927	43.879	0	14.053
swarm_27_106.pdb	16.442	46.184	0	14.008
swarm_40_192.pdb	21.574	39.188	0	13.772
swarm_38_16.pdb	19.818	41.898	0	13.629
swarm_16_68.pdb	16.461	36.230	0	13.611
swarm_20_108.pdb	17.866	42.530	0	13.578
swarm_1_132.pdb	22.081	53.320	0.0384615	13.290
swarm_4_87.pdb	15.786	37.157	0	12.958
swarm_7_112.pdb	17.182	37.513	0	12.629
swarm_15_86.pdb	21.644	41.107	0	12.372
swarm_24_132.pdb	22.474	54.124	0	12.057
swarm_0_178.pdb	29.322	59.716	0	11.627
swarm_43_104.pdb	18.890	31.625	0	11.260
swarm_33_86.pdb	18.037	38.277	0	11.004
swarm_6_89.pdb	14.866	37.065	0	9.096
swarm_15_68.pdb	14.161	35.644	0	8.728
swarm_21_79.pdb	16.289	42.558	0	4.008
