swarm_18_62.pdb	16.312	39.641	0	48.932
swarm_10_148.pdb	15.724	39.684	0.0645161	48.043
swarm_20_8.pdb	16.279	40.048	0.016129	45.915
swarm_13_9.pdb	3.687	8.588	0.354839	44.076
swarm_9_86.pdb	21.454	38.643	0	43.048
swarm_29_66.pdb	9.443	21.840	0	42.654
swarm_29_179.pdb	7.783	16.240	0	40.426
swarm_28_152.pdb	16.718	34.629	0.0322581	40.119
swarm_18_174.pdb	16.821	36.135	0	40.019
swarm_12_41.pdb	20.283	42.146	0	39.379
swarm_1_106.pdb	7.923	29.627	0.0967742	39.353
swarm_18_8.pdb	17.177	38.680	0	39.147
swarm_28_94.pdb	17.084	38.733	0	39.096
swarm_13_40.pdb	2.905	16.411	0.612903	38.793
swarm_29_44.pdb	14.111	28.425	0	37.258
swarm_9_132.pdb	19.662	37.118	0.016129	37.178
swarm_9_149.pdb	19.360	34.911	0	36.191
swarm_18_159.pdb	19.093	37.138	0	36.070
swarm_28_35.pdb	3.615	13.155	0.403226	35.886
swarm_1_177.pdb	19.713	37.023	0	34.607
swarm_21_17.pdb	18.484	37.983	0	34.533
swarm_26_21.pdb	16.045	37.637	0	34.525
swarm_29_86.pdb	18.512	39.848	0.016129	34.486
swarm_18_121.pdb	19.182	34.816	0	34.383
swarm_14_159.pdb	26.156	45.635	0	33.703
swarm_25_136.pdb	5.828	21.838	0.274194	32.808
swarm_17_181.pdb	12.784	27.178	0	32.620
swarm_29_58.pdb	14.667	24.586	0	32.405
swarm_2_79.pdb	15.307	38.180	0	32.187
swarm_29_135.pdb	17.852	37.910	0	32.126
swarm_25_21.pdb	11.507	18.853	0.016129	31.786
swarm_20_165.pdb	14.352	35.548	0	31.757
swarm_28_112.pdb	20.766	38.940	0	31.756
swarm_25_31.pdb	10.472	32.141	0	31.633
swarm_9_95.pdb	12.788	28.331	0	31.579
swarm_2_84.pdb	15.121	35.019	0	31.562
swarm_25_132.pdb	16.059	39.623	0.0322581	31.464
swarm_27_153.pdb	19.774	39.537	0	31.322
swarm_5_164.pdb	9.874	18.051	0	31.200
swarm_1_147.pdb	17.841	37.574	0	31.031
swarm_7_114.pdb	13.473	33.770	0	30.946
swarm_2_68.pdb	22.627	39.051	0	30.932
swarm_22_180.pdb	11.585	25.901	0	30.745
swarm_9_107.pdb	21.921	37.239	0	30.716
swarm_7_69.pdb	13.573	37.947	0.016129	30.665
swarm_20_63.pdb	15.756	37.987	0.0322581	30.213
swarm_9_167.pdb	5.875	14.746	0.193548	30.149
swarm_5_114.pdb	16.431	32.423	0.016129	30.114
swarm_2_71.pdb	19.058	38.214	0.016129	30.013
swarm_13_72.pdb	6.906	17.056	0.0645161	29.822
swarm_12_92.pdb	18.997	36.396	0	29.577
swarm_25_146.pdb	19.150	35.140	0	29.496
swarm_17_157.pdb	13.887	31.481	0	29.405
swarm_20_192.pdb	4.981	26.249	0.258065	29.393
swarm_30_150.pdb	17.830	35.194	0	29.258
swarm_25_191.pdb	17.196	38.646	0.016129	29.207
swarm_13_168.pdb	18.084	35.786	0.016129	29.153
swarm_36_117.pdb	20.717	38.921	0	28.261
swarm_25_88.pdb	13.078	29.609	0	28.177
swarm_28_110.pdb	17.335	33.589	0	28.152
swarm_10_33.pdb	21.674	39.668	0	27.922
swarm_20_10.pdb	23.411	39.561	0	27.918
swarm_2_153.pdb	16.310	35.365	0.0322581	27.487
swarm_12_34.pdb	15.483	31.918	0.0322581	27.282
swarm_9_144.pdb	12.744	34.927	0.0483871	27.199
swarm_10_178.pdb	11.438	25.561	0	26.923
swarm_31_113.pdb	21.180	40.511	0	26.822
swarm_17_148.pdb	17.206	34.483	0.0806452	26.812
swarm_9_101.pdb	7.533	17.467	0.0806452	26.791
swarm_1_124.pdb	13.954	28.253	0	26.779
swarm_2_76.pdb	17.036	37.340	0.112903	26.696
swarm_24_95.pdb	16.595	26.359	0	26.693
swarm_13_136.pdb	18.114	35.402	0	26.503
swarm_1_9.pdb	18.716	37.672	0	26.350
swarm_28_154.pdb	18.391	33.334	0	25.782
swarm_1_0.pdb	11.677	39.194	0	25.759
swarm_2_123.pdb	25.357	41.739	0	25.675
swarm_25_172.pdb	14.593	35.696	0.0645161	25.563
swarm_26_169.pdb	18.882	38.430	0	25.474
swarm_9_21.pdb	19.526	31.261	0	25.472
swarm_17_176.pdb	20.058	34.835	0	25.354
swarm_17_0.pdb	5.948	16.539	0.322581	24.982
swarm_10_191.pdb	17.722	30.424	0	24.929
swarm_26_60.pdb	18.929	32.938	0	24.897
swarm_7_101.pdb	14.534	35.585	0.0322581	24.827
swarm_21_35.pdb	21.572	39.204	0	24.436
swarm_29_78.pdb	17.532	36.387	0	24.412
swarm_7_100.pdb	24.454	40.943	0	24.369
swarm_5_55.pdb	15.992	30.265	0	24.237
swarm_28_76.pdb	14.456	28.463	0.016129	24.091
swarm_7_194.pdb	14.378	34.009	0	24.018
swarm_7_60.pdb	11.248	28.320	0	23.880
swarm_17_143.pdb	15.725	31.834	0.0645161	23.837
swarm_36_130.pdb	18.510	35.494	0.0483871	23.202
swarm_33_53.pdb	22.662	38.033	0	23.195
swarm_22_68.pdb	20.615	35.590	0	22.792
swarm_22_81.pdb	15.393	27.900	0	22.502
swarm_33_140.pdb	20.498	33.694	0	22.348
swarm_21_25.pdb	15.115	24.499	0	22.302
swarm_10_92.pdb	19.486	34.740	0	22.009
swarm_13_124.pdb	23.372	36.798	0	21.847
swarm_13_7.pdb	19.012	31.578	0	21.724
swarm_24_25.pdb	24.545	40.442	0	21.585
swarm_21_140.pdb	15.676	30.677	0.0483871	21.343
swarm_21_195.pdb	21.322	36.765	0	21.258
swarm_17_123.pdb	18.886	33.503	0	20.466
swarm_25_49.pdb	16.793	30.221	0	19.820
swarm_5_32.pdb	14.808	27.505	0.016129	19.617
swarm_26_8.pdb	21.246	39.055	0	18.798
swarm_21_27.pdb	16.094	29.691	0	18.641
swarm_12_169.pdb	13.005	25.478	0	18.554
swarm_11_91.pdb	16.490	27.692	0.016129	18.059
swarm_21_179.pdb	21.874	36.833	0	17.888
swarm_11_163.pdb	19.364	32.772	0	17.633
swarm_17_75.pdb	18.707	32.469	0	17.502
swarm_4_163.pdb	8.006	19.726	0.0806452	16.575
swarm_5_130.pdb	13.129	24.175	0.016129	16.523
swarm_33_13.pdb	8.679	13.884	0.0322581	16.489
swarm_11_188.pdb	16.403	25.805	0	16.124
swarm_29_167.pdb	8.719	35.255	0	15.454
swarm_28_156.pdb	14.813	22.674	0	15.210
swarm_4_35.pdb	22.531	34.102	0	14.548
swarm_21_155.pdb	21.891	34.653	0	12.461
swarm_4_193.pdb	10.349	20.458	0.0483871	9.396
swarm_2_154.pdb	17.301	35.321	0	6.435
swarm_20_32.pdb	16.860	39.007	0	2.309
