swarm_37_177.pdb	4.297	17.950	0.532258	54.985
swarm_25_46.pdb	7.097	32.457	0.258065	52.533
swarm_19_186.pdb	2.858	12.632	0.629032	50.743
swarm_48_191.pdb	9.382	37.020	0.0322581	50.065
swarm_18_160.pdb	8.751	38.301	0.0322581	49.515
swarm_51_118.pdb	9.743	33.614	0.0483871	48.014
swarm_21_108.pdb	9.035	39.104	0.0322581	46.867
swarm_1_33.pdb	7.576	34.101	0.193548	45.409
swarm_10_97.pdb	8.816	32.666	0.0967742	44.404
swarm_20_59.pdb	3.331	14.644	0.451613	44.278
swarm_13_85.pdb	9.651	32.497	0.0322581	44.108
swarm_3_193.pdb	9.760	32.885	0.0322581	44.101
swarm_11_109.pdb	8.783	29.096	0.0483871	43.353
swarm_24_154.pdb	3.514	10.669	0.435484	43.143
swarm_26_176.pdb	8.804	33.450	0.0967742	42.580
swarm_6_46.pdb	4.208	10.013	0.290323	42.073
swarm_31_165.pdb	2.743	12.964	0.693548	41.918
swarm_40_63.pdb	8.951	34.461	0.0645161	41.824
swarm_39_179.pdb	3.722	14.805	0.370968	41.530
swarm_8_163.pdb	13.610	46.313	0.0322581	40.328
swarm_1_84.pdb	6.349	24.511	0.435484	40.026
swarm_12_47.pdb	8.466	34.291	0.0645161	39.871
swarm_18_121.pdb	6.148	29.803	0.177419	39.734
swarm_45_104.pdb	3.194	10.511	0.403226	39.659
swarm_24_2.pdb	4.571	17.080	0.66129	39.036
swarm_16_186.pdb	8.502	27.541	0.0483871	38.940
swarm_36_121.pdb	6.413	16.769	0.112903	38.839
swarm_29_73.pdb	16.091	50.767	0.016129	38.642
swarm_22_99.pdb	8.742	32.598	0.0806452	38.367
swarm_46_107.pdb	9.630	36.846	0.0322581	37.722
swarm_47_122.pdb	16.092	51.830	0.016129	37.662
swarm_29_113.pdb	15.045	40.461	0	36.668
swarm_40_132.pdb	10.602	39.198	0.0322581	36.666
swarm_31_185.pdb	4.958	21.737	0.33871	36.586
swarm_4_98.pdb	9.501	24.249	0	36.452
swarm_0_142.pdb	10.507	33.972	0.016129	36.447
swarm_10_192.pdb	12.276	36.797	0	35.739
swarm_12_37.pdb	6.823	30.732	0.0967742	35.713
swarm_46_191.pdb	7.161	28.618	0.0645161	35.346
swarm_50_184.pdb	11.658	39.726	0.0483871	35.169
swarm_31_77.pdb	5.738	25.776	0.193548	34.279
swarm_8_38.pdb	15.974	49.162	0.016129	34.137
swarm_36_66.pdb	9.117	27.479	0	33.918
swarm_3_45.pdb	10.144	29.805	0	33.696
swarm_44_98.pdb	13.368	41.820	0	33.543
swarm_36_16.pdb	9.591	21.603	0	33.263
swarm_11_151.pdb	8.252	30.739	0.0483871	33.262
swarm_41_192.pdb	5.128	20.285	0.209677	33.131
swarm_35_100.pdb	9.953	23.796	0	32.899
swarm_24_175.pdb	8.686	29.436	0.0483871	32.710
swarm_16_55.pdb	7.935	29.971	0.0483871	32.142
swarm_47_79.pdb	15.424	48.673	0.016129	31.937
swarm_43_106.pdb	14.903	47.816	0	31.882
swarm_26_167.pdb	11.453	38.641	0.0483871	30.559
swarm_9_46.pdb	14.107	38.005	0	30.549
swarm_45_14.pdb	9.347	22.786	0	29.675
swarm_44_156.pdb	14.832	46.654	0	29.411
swarm_26_168.pdb	11.854	39.651	0.0483871	28.716
swarm_3_37.pdb	10.002	29.760	0	28.657
swarm_2_89.pdb	14.200	37.717	0	28.479
swarm_2_150.pdb	12.274	30.207	0	28.185
swarm_4_18.pdb	11.715	32.670	0	28.086
swarm_51_12.pdb	9.776	32.018	0.0322581	27.676
swarm_43_60.pdb	11.724	37.553	0	27.312
swarm_50_104.pdb	13.379	36.079	0	27.277
swarm_25_190.pdb	7.844	34.334	0.0645161	26.796
swarm_40_131.pdb	9.461	28.020	0.0967742	26.754
swarm_0_28.pdb	11.446	31.352	0	26.709
swarm_4_126.pdb	12.525	31.790	0	26.637
swarm_40_199.pdb	11.970	36.092	0	26.143
swarm_30_87.pdb	11.171	27.959	0	25.262
swarm_8_125.pdb	16.727	53.444	0.016129	25.009
swarm_14_54.pdb	13.424	37.292	0	24.173
swarm_36_173.pdb	11.090	27.863	0	23.217
swarm_13_95.pdb	12.544	37.898	0	22.712
swarm_26_61.pdb	11.669	34.864	0	22.283
swarm_19_106.pdb	5.884	19.567	0.209677	21.541
swarm_33_3.pdb	11.895	31.791	0	21.191
swarm_46_29.pdb	10.770	34.771	0.016129	20.520
swarm_34_77.pdb	7.613	21.221	0.145161	20.284
swarm_34_69.pdb	6.448	12.935	0.0967742	19.968
swarm_46_58.pdb	10.399	26.577	0.0806452	19.808
swarm_13_173.pdb	13.602	37.616	0	19.499
swarm_19_195.pdb	4.324	8.378	0.258065	19.367
swarm_10_88.pdb	7.696	22.794	0.145161	19.210
swarm_45_121.pdb	9.447	20.058	0	19.095
swarm_5_4.pdb	7.657	27.933	0.129032	19.048
swarm_5_95.pdb	5.194	18.517	0.145161	18.477
swarm_44_171.pdb	11.159	33.915	0.016129	17.554
swarm_35_159.pdb	7.184	15.803	0.0967742	17.447
swarm_30_149.pdb	12.030	31.757	0	17.051
swarm_9_197.pdb	11.128	31.267	0.016129	16.789
swarm_50_64.pdb	8.118	24.559	0.145161	16.613
swarm_3_33.pdb	3.933	13.383	0.467742	16.574
swarm_26_65.pdb	10.049	31.761	0.129032	16.574
swarm_30_172.pdb	12.256	27.360	0	16.355
swarm_10_170.pdb	9.891	26.238	0.0806452	15.689
swarm_5_82.pdb	9.796	24.298	0	14.760
swarm_22_55.pdb	11.002	33.350	0	14.729
swarm_5_19.pdb	10.639	22.662	0	14.725
swarm_9_135.pdb	10.872	29.605	0.0483871	14.311
swarm_23_42.pdb	10.285	22.878	0	13.985
swarm_28_68.pdb	7.714	27.327	0.112903	12.963
swarm_10_182.pdb	8.987	28.787	0.0322581	6.425
swarm_40_59.pdb	8.730	29.493	0.0322581	4.487
swarm_41_184.pdb	5.311	19.292	0.354839	3.698
swarm_20_2.pdb	9.842	25.820	0	1.312
swarm_30_150.pdb	9.408	23.595	0.0322581	0.030
