run0-swarm_25_193.pdb	4.184	18.957	0.596774	58.164
run0-swarm_25_16.pdb	3.404	9.090	0.5	57.029
run0-swarm_29_9.pdb	4.862	23.032	0.322581	55.799
run0-swarm_1_125.pdb	5.485	22.496	0.5	55.070
run0-swarm_17_128.pdb	5.022	13.662	0.225806	55.003
run0-swarm_25_88.pdb	5.650	24.604	0.209677	54.600
run0-swarm_9_117.pdb	3.719	10.733	0.419355	53.940
run0-swarm_33_42.pdb	4.135	10.099	0.290323	53.090
run0-swarm_28_156.pdb	3.226	18.024	0.564516	52.927
run0-swarm_18_19.pdb	5.226	26.780	0.258065	51.284
run0-swarm_7_117.pdb	6.587	24.773	0.145161	51.203
run0-swarm_20_156.pdb	5.707	28.174	0.209677	50.006
run0-swarm_10_42.pdb	6.799	31.422	0.145161	49.854
run0-swarm_11_77.pdb	2.910	9.888	0.419355	49.539
run0-swarm_21_60.pdb	2.226	10.348	0.741935	49.386
run0-swarm_2_63.pdb	10.438	35.508	0.0322581	49.124
run0-swarm_5_17.pdb	2.469	10.225	0.645161	48.785
run0-swarm_30_146.pdb	6.059	29.476	0.145161	48.737
run0-swarm_30_34.pdb	7.118	30.860	0.129032	47.242
run0-swarm_13_43.pdb	4.291	10.386	0.306452	47.056
run0-swarm_1_155.pdb	4.146	19.177	0.274194	46.438
run0-swarm_12_195.pdb	9.891	31.487	0	46.302
run0-swarm_14_66.pdb	10.657	37.151	0.0483871	45.291
run0-swarm_36_112.pdb	10.424	35.924	0.0322581	44.874
run0-swarm_10_75.pdb	3.266	17.058	0.532258	44.613
run0-swarm_29_119.pdb	7.232	25.441	0.129032	44.287
run0-swarm_18_142.pdb	5.978	29.378	0.16129	43.687
run0-swarm_8_90.pdb	9.914	33.367	0.0483871	42.818
run0-swarm_13_34.pdb	2.476	9.766	0.5	41.740
run0-swarm_17_188.pdb	3.650	17.015	0.435484	41.512
run0-swarm_30_194.pdb	4.968	22.598	0.306452	40.325
run0-swarm_26_164.pdb	10.010	21.186	0.0322581	39.663
run0-swarm_26_65.pdb	3.158	16.442	0.451613	39.585
run0-swarm_21_42.pdb	3.857	19.153	0.33871	39.440
run0-swarm_34_121.pdb	14.494	47.560	0.016129	37.592
run0-swarm_10_196.pdb	10.790	33.030	0	37.294
run0-swarm_9_84.pdb	8.315	24.281	0.177419	35.563
run0-swarm_24_129.pdb	9.630	25.696	0	34.928
run0-swarm_24_1.pdb	7.995	19.826	0.145161	34.757
run0-swarm_10_119.pdb	6.273	25.412	0.0806452	34.538
run0-swarm_10_174.pdb	5.770	25.308	0.0806452	33.962
run0-swarm_2_154.pdb	8.109	30.018	0.209677	32.728
run0-swarm_19_8.pdb	3.476	13.486	0.403226	32.719
run0-swarm_3_161.pdb	9.651	24.613	0	32.580
run0-swarm_25_57.pdb	6.527	20.509	0.193548	31.966
run0-swarm_1_173.pdb	6.651	31.946	0.209677	31.751
run0-swarm_7_138.pdb	11.895	28.025	0.0645161	31.423
run0-swarm_12_76.pdb	6.287	21.984	0.16129	31.159
run0-swarm_27_69.pdb	8.402	30.632	0.129032	30.754
run0-swarm_2_85.pdb	8.454	22.130	0.0806452	30.552
run0-swarm_22_167.pdb	9.836	20.263	0	30.026
run0-swarm_9_7.pdb	10.121	31.907	0.0967742	29.912
run0-swarm_27_132.pdb	7.528	29.913	0.145161	29.614
run0-swarm_34_5.pdb	13.128	40.409	0	29.589
run0-swarm_21_57.pdb	3.602	11.710	0.370968	26.759
run0-swarm_9_122.pdb	10.409	25.344	0.0645161	25.878
run0-swarm_3_153.pdb	11.520	25.734	0	25.555
run0-swarm_5_0.pdb	2.616	4.476	0.596774	25.507
run0-swarm_0_3.pdb	8.387	25.289	0.016129	25.391
run0-swarm_24_12.pdb	6.947	20.728	0.129032	25.075
run0-swarm_9_5.pdb	8.235	23.099	0.0322581	24.935
run0-swarm_0_171.pdb	11.315	35.991	0	23.119
run0-swarm_2_57.pdb	9.339	28.276	0.016129	22.448
run0-swarm_31_164.pdb	9.014	27.484	0.112903	21.943
run0-swarm_5_125.pdb	6.969	11.995	0.145161	20.364
run0-swarm_22_186.pdb	9.415	18.118	0.0322581	18.859
run0-swarm_31_111.pdb	5.846	22.529	0.370968	5.049
