swarm_30_114.pdb	8.332	32.652	0	34.208
swarm_23_190.pdb	6.131	32.457	0.0408163	33.278
swarm_61_74.pdb	8.451	34.123	0	31.016
swarm_51_9.pdb	5.906	28.438	0.0204082	30.432
swarm_28_75.pdb	7.103	29.625	0	29.471
swarm_24_177.pdb	5.414	30.821	0.102041	29.089
swarm_44_160.pdb	8.137	37.490	0.0408163	27.171
swarm_53_56.pdb	11.374	36.463	0	27.088
swarm_22_174.pdb	7.346	35.488	0.122449	26.597
swarm_58_57.pdb	11.023	25.920	0	25.927
swarm_31_5.pdb	4.828	27.302	0.183673	25.851
swarm_44_162.pdb	5.166	26.712	0.265306	24.883
swarm_42_52.pdb	8.533	19.440	0	24.742
swarm_31_12.pdb	5.037	27.281	0.367347	24.419
swarm_42_91.pdb	5.341	19.292	0.0612245	23.997
swarm_39_91.pdb	5.440	27.952	0.204082	23.263
swarm_37_75.pdb	9.910	18.898	0	22.244
swarm_63_96.pdb	6.126	18.696	0.0408163	22.094
swarm_1_41.pdb	6.872	30.565	0	21.954
swarm_10_104.pdb	6.638	17.195	0.102041	20.730
swarm_17_145.pdb	5.544	8.116	0.0612245	7.628
swarm_26_14.pdb	6.874	21.255	0.122449	1.732
