swarm_1_77.pdb	11.630	22.134	0	53.283
swarm_5_147.pdb	13.894	25.493	0	53.039
swarm_1_42.pdb	13.154	22.667	0	50.430
swarm_0_111.pdb	14.329	29.355	0	49.481
swarm_1_40.pdb	14.619	27.108	0	49.016
swarm_0_45.pdb	14.153	32.564	0	46.128
swarm_6_178.pdb	12.973	34.797	0	45.615
swarm_4_39.pdb	13.400	27.724	0.0816327	45.563
swarm_6_155.pdb	14.483	40.403	0	45.226
swarm_4_45.pdb	14.388	31.678	0	44.712
swarm_3_176.pdb	16.516	37.976	0	44.414
swarm_6_22.pdb	17.916	45.224	0	43.269
swarm_3_195.pdb	15.088	32.764	0	42.434
swarm_2_109.pdb	12.429	27.643	0	42.076
swarm_1_5.pdb	13.892	27.181	0	41.663
swarm_0_178.pdb	15.229	25.949	0	41.588
swarm_2_184.pdb	13.272	26.985	0	40.931
swarm_9_135.pdb	6.638	20.224	0.0612245	40.651
swarm_8_191.pdb	13.616	29.874	0	40.544
swarm_8_177.pdb	14.264	28.630	0	40.293
swarm_5_131.pdb	13.469	27.458	0	39.726
swarm_5_180.pdb	14.502	29.415	0	39.707
swarm_4_128.pdb	13.097	24.452	0	39.161
swarm_7_153.pdb	15.775	39.009	0	39.095
swarm_0_43.pdb	15.799	36.313	0	39.009
swarm_3_37.pdb	13.783	31.900	0	38.980
swarm_5_25.pdb	13.558	28.454	0	38.627
swarm_8_125.pdb	14.473	31.139	0	38.545
swarm_9_187.pdb	11.210	29.239	0	38.442
swarm_8_76.pdb	14.410	32.474	0	38.381
swarm_9_68.pdb	14.644	24.688	0	38.288
swarm_5_41.pdb	14.372	29.569	0	38.085
swarm_7_30.pdb	15.317	37.287	0	38.081
swarm_7_180.pdb	10.471	24.501	0	38.078
swarm_5_89.pdb	5.726	17.024	0	37.537
swarm_4_173.pdb	15.184	29.271	0	37.401
swarm_7_189.pdb	12.495	29.157	0	37.182
swarm_8_147.pdb	9.563	22.217	0	37.181
swarm_4_72.pdb	12.318	23.536	0	37.107
swarm_8_9.pdb	14.148	30.590	0	37.058
swarm_1_98.pdb	14.321	27.639	0.0408163	36.917
swarm_8_166.pdb	11.229	24.585	0	36.623
swarm_0_66.pdb	17.688	35.181	0	36.569
swarm_0_159.pdb	16.971	32.747	0	36.302
swarm_3_131.pdb	13.287	39.137	0	36.073
swarm_6_147.pdb	13.775	34.486	0	36.029
swarm_2_137.pdb	11.491	22.700	0	35.600
swarm_2_135.pdb	10.420	28.391	0	35.600
swarm_6_20.pdb	10.873	30.544	0	35.266
swarm_1_19.pdb	12.035	18.693	0	35.109
swarm_3_156.pdb	14.335	32.041	0	35.023
swarm_5_110.pdb	15.033	26.816	0	35.006
swarm_5_114.pdb	10.244	27.537	0.122449	34.982
swarm_4_122.pdb	11.017	24.582	0	34.466
swarm_0_183.pdb	6.037	23.353	0.122449	34.213
swarm_8_100.pdb	17.530	34.251	0	33.940
swarm_6_9.pdb	14.681	42.640	0	33.859
swarm_9_36.pdb	13.559	30.194	0	33.342
swarm_2_87.pdb	16.314	28.620	0	33.116
swarm_4_199.pdb	12.705	27.119	0	32.846
swarm_6_188.pdb	11.305	29.199	0	32.777
swarm_7_62.pdb	10.706	35.206	0	32.749
swarm_7_155.pdb	8.618	24.739	0.0612245	32.167
swarm_0_25.pdb	15.011	30.203	0	32.156
swarm_7_95.pdb	14.679	36.423	0.0204082	31.953
swarm_6_39.pdb	9.538	25.620	0	31.904
swarm_7_140.pdb	15.214	37.416	0	31.665
swarm_0_37.pdb	16.316	34.342	0	31.297
swarm_1_128.pdb	10.788	21.094	0	31.290
swarm_5_190.pdb	17.543	28.463	0	31.265
swarm_2_145.pdb	12.108	29.657	0	31.071
swarm_9_166.pdb	17.801	35.166	0	31.013
swarm_6_56.pdb	15.193	39.463	0	30.433
swarm_1_78.pdb	13.895	26.344	0	29.845
swarm_8_93.pdb	16.636	30.070	0	29.779
swarm_6_12.pdb	17.187	41.085	0	29.396
swarm_4_14.pdb	13.809	25.710	0	29.179
swarm_9_179.pdb	16.050	25.098	0	28.975
swarm_7_3.pdb	12.170	25.673	0	28.898
swarm_3_88.pdb	16.251	36.949	0	28.841
swarm_2_72.pdb	11.800	33.549	0.102041	28.727
swarm_1_55.pdb	13.321	24.804	0	28.460
swarm_9_192.pdb	17.914	32.804	0	28.426
swarm_2_101.pdb	15.759	24.698	0	28.405
swarm_0_73.pdb	15.591	31.996	0	28.403
swarm_2_70.pdb	11.734	30.831	0	28.400
swarm_9_58.pdb	16.776	28.046	0	28.328
swarm_7_9.pdb	11.869	30.424	0	28.079
swarm_3_145.pdb	15.065	33.251	0	27.632
swarm_5_61.pdb	16.581	28.357	0	27.563
swarm_5_82.pdb	15.595	26.004	0	27.409
swarm_3_83.pdb	14.145	29.236	0	27.133
swarm_3_170.pdb	15.228	34.233	0	27.061
swarm_9_152.pdb	9.678	31.024	0.0612245	26.773
swarm_9_38.pdb	14.175	28.989	0	26.439
swarm_4_166.pdb	9.440	24.838	0	26.199
swarm_9_104.pdb	9.274	23.776	0.122449	26.110
swarm_3_63.pdb	11.280	29.113	0.0816327	26.082
swarm_7_184.pdb	15.024	35.493	0	25.208
swarm_4_33.pdb	13.938	27.319	0	24.496
swarm_5_142.pdb	18.351	30.204	0	24.274
swarm_2_99.pdb	16.954	35.598	0	24.257
swarm_1_147.pdb	15.042	28.092	0	23.450
swarm_1_176.pdb	12.582	30.585	0.0204082	23.045
swarm_0_122.pdb	11.378	35.725	0.0612245	22.724
swarm_2_181.pdb	14.397	28.760	0	22.534
swarm_1_15.pdb	15.831	27.918	0	22.523
swarm_2_25.pdb	15.479	27.809	0	22.358
swarm_7_99.pdb	15.259	28.173	0	20.664
swarm_7_65.pdb	14.483	28.726	0	17.217
swarm_2_169.pdb	15.523	23.611	0	11.611
swarm_0_168.pdb	17.396	32.637	0	11.410
swarm_8_37.pdb	13.017	22.130	0	4.221
