swarm_25_131.pdb	13.683	27.427	0	35.946
swarm_34_74.pdb	13.763	25.720	0	31.820
swarm_23_145.pdb	18.080	40.323	0	31.673
swarm_40_50.pdb	13.214	34.122	0	31.634
swarm_36_19.pdb	20.834	57.386	0	31.444
swarm_26_121.pdb	17.186	36.634	0	30.875
swarm_26_116.pdb	15.115	29.051	0	30.710
swarm_9_59.pdb	16.370	32.209	0	30.099
swarm_19_33.pdb	20.059	55.801	0	29.938
swarm_14_161.pdb	17.312	33.004	0	29.916
swarm_28_178.pdb	20.944	49.980	0	29.844
swarm_24_74.pdb	18.544	33.419	0	29.735
swarm_18_40.pdb	17.225	43.836	0	29.729
swarm_19_156.pdb	20.227	59.229	0	29.582
swarm_35_90.pdb	13.733	34.892	0	29.539
swarm_2_76.pdb	11.771	30.410	0	29.450
swarm_13_48.pdb	18.178	36.883	0	29.131
swarm_11_62.pdb	17.587	29.874	0	29.128
swarm_14_104.pdb	13.482	30.805	0	29.096
swarm_45_102.pdb	11.779	18.498	0	29.040
swarm_16_150.pdb	16.392	33.486	0	28.932
swarm_13_174.pdb	15.931	39.959	0	28.909
swarm_2_146.pdb	14.600	29.011	0	28.897
swarm_39_96.pdb	18.450	48.015	0	28.847
swarm_9_138.pdb	14.554	29.241	0	28.815
swarm_42_42.pdb	14.856	28.723	0.0408163	28.398
swarm_45_35.pdb	14.148	25.589	0	28.339
swarm_16_140.pdb	16.891	34.430	0	28.292
swarm_35_9.pdb	7.459	32.594	0.0612245	28.263
swarm_35_188.pdb	19.032	38.800	0	28.248
swarm_3_148.pdb	16.469	31.569	0	28.127
swarm_20_176.pdb	16.643	37.570	0	28.087
swarm_11_149.pdb	12.927	34.587	0	28.075
swarm_2_82.pdb	16.956	28.747	0	27.726
swarm_42_122.pdb	12.739	26.895	0	27.719
swarm_37_1.pdb	16.339	44.332	0	27.662
swarm_15_54.pdb	17.733	42.887	0	27.596
swarm_2_141.pdb	10.118	23.567	0	27.422
swarm_16_104.pdb	14.730	36.252	0	27.380
swarm_25_127.pdb	14.970	28.551	0	27.327
swarm_12_161.pdb	17.275	40.610	0	27.237
swarm_42_137.pdb	12.020	27.631	0	27.233
swarm_10_158.pdb	18.097	37.116	0	27.145
swarm_24_14.pdb	17.817	39.543	0	27.119
swarm_10_144.pdb	19.487	40.790	0	27.080
swarm_40_64.pdb	8.353	28.995	0.0408163	26.956
swarm_17_23.pdb	15.120	52.384	0	26.884
swarm_19_16.pdb	17.296	56.439	0.0204082	26.855
swarm_41_183.pdb	14.589	28.456	0	26.802
swarm_27_186.pdb	16.801	35.914	0	26.725
swarm_20_87.pdb	14.729	35.225	0.0204082	26.551
swarm_2_41.pdb	11.007	25.121	0.102041	26.539
swarm_24_54.pdb	16.613	35.555	0	26.479
swarm_5_23.pdb	13.894	28.601	0	26.474
swarm_4_9.pdb	14.824	25.839	0	26.459
swarm_17_108.pdb	13.727	49.760	0	26.338
swarm_40_157.pdb	19.813	39.527	0	26.248
swarm_43_146.pdb	14.682	42.481	0	26.167
swarm_33_63.pdb	16.434	45.519	0.0204082	26.103
swarm_36_99.pdb	16.978	48.621	0	26.059
swarm_11_177.pdb	11.924	24.381	0.0204082	26.056
swarm_16_195.pdb	14.461	28.506	0	25.974
swarm_41_79.pdb	11.713	25.495	0	25.956
swarm_8_96.pdb	19.670	51.405	0	25.839
swarm_7_106.pdb	13.074	57.201	0	25.771
swarm_32_83.pdb	18.388	50.329	0	25.721
swarm_27_14.pdb	10.736	26.604	0.0204082	25.702
swarm_14_153.pdb	16.352	30.189	0	25.620
swarm_3_52.pdb	20.942	38.270	0	25.468
swarm_44_154.pdb	15.065	34.992	0	25.387
swarm_9_8.pdb	14.741	32.601	0	25.319
swarm_18_185.pdb	19.316	44.348	0	25.274
swarm_34_101.pdb	14.552	28.071	0	25.021
swarm_19_179.pdb	19.474	52.386	0	24.888
swarm_37_18.pdb	18.216	45.306	0	24.885
swarm_22_19.pdb	18.369	52.688	0	24.869
swarm_14_112.pdb	8.708	31.054	0	24.859
swarm_15_26.pdb	17.010	42.255	0	24.837
swarm_31_172.pdb	19.487	41.569	0	24.815
swarm_2_97.pdb	14.501	27.533	0	24.709
swarm_1_92.pdb	15.210	53.266	0	24.680
swarm_14_11.pdb	14.599	28.856	0	24.648
swarm_3_59.pdb	17.266	37.347	0	24.620
swarm_20_145.pdb	12.962	38.730	0	24.592
swarm_33_186.pdb	14.411	51.557	0	24.546
swarm_17_194.pdb	18.900	50.732	0	24.515
swarm_14_47.pdb	17.128	32.767	0	24.467
swarm_6_71.pdb	19.104	46.135	0	24.431
swarm_14_191.pdb	15.921	38.543	0	24.404
swarm_27_38.pdb	13.769	32.402	0	24.399
swarm_14_168.pdb	11.279	21.134	0	24.351
swarm_23_96.pdb	17.491	43.121	0	24.316
swarm_5_117.pdb	14.425	30.743	0	24.311
swarm_1_43.pdb	13.432	53.720	0.0204082	24.239
swarm_24_83.pdb	16.231	33.807	0	24.128
swarm_5_183.pdb	16.086	31.035	0	24.036
swarm_5_188.pdb	15.706	32.037	0	24.009
swarm_5_59.pdb	10.204	25.577	0.0204082	23.988
swarm_12_118.pdb	13.013	35.217	0	23.837
swarm_44_59.pdb	16.271	32.493	0	23.762
swarm_13_145.pdb	21.065	44.047	0	23.741
swarm_44_86.pdb	19.515	35.153	0	23.716
swarm_38_39.pdb	24.136	57.018	0	23.700
swarm_3_11.pdb	19.626	36.868	0	23.693
swarm_2_28.pdb	14.016	30.436	0.0204082	23.679
swarm_0_126.pdb	16.552	40.285	0	23.528
swarm_24_46.pdb	19.134	43.433	0	23.507
swarm_20_127.pdb	8.653	26.584	0	23.468
swarm_43_182.pdb	20.091	45.164	0	23.342
swarm_11_152.pdb	12.341	25.762	0	23.329
swarm_9_133.pdb	15.627	36.104	0	23.321
swarm_12_99.pdb	16.180	35.763	0	23.294
swarm_5_137.pdb	13.029	26.518	0	23.126
swarm_36_198.pdb	15.388	48.508	0	23.108
swarm_2_172.pdb	11.329	24.705	0	23.107
swarm_39_3.pdb	16.378	37.516	0	23.079
swarm_27_136.pdb	13.560	31.595	0	23.060
swarm_6_43.pdb	17.920	46.118	0	23.053
swarm_44_51.pdb	15.879	35.198	0.0408163	23.001
swarm_20_151.pdb	16.891	36.863	0	22.954
swarm_3_54.pdb	13.262	26.415	0	22.936
swarm_16_177.pdb	13.667	29.929	0	22.922
swarm_29_120.pdb	22.250	44.955	0	22.868
swarm_31_68.pdb	14.401	48.396	0.0612245	22.851
swarm_6_37.pdb	13.388	40.228	0	22.810
swarm_4_47.pdb	14.222	27.963	0	22.785
swarm_27_69.pdb	15.295	35.811	0	22.710
swarm_23_179.pdb	17.649	42.180	0	22.505
swarm_9_147.pdb	16.203	34.245	0	22.392
swarm_14_100.pdb	8.602	23.805	0	22.392
swarm_8_11.pdb	19.993	53.937	0	22.352
swarm_11_90.pdb	18.916	38.811	0	22.344
swarm_36_188.pdb	16.577	54.646	0	22.328
swarm_40_93.pdb	14.745	39.503	0	22.318
swarm_16_90.pdb	11.854	25.222	0	22.293
swarm_12_54.pdb	13.818	32.412	0	22.146
swarm_13_151.pdb	20.683	37.915	0	22.141
swarm_12_2.pdb	15.772	41.275	0	22.110
swarm_23_171.pdb	17.802	48.936	0	22.077
swarm_23_26.pdb	15.053	47.769	0	22.068
swarm_24_0.pdb	18.565	39.351	0	22.019
swarm_10_107.pdb	17.126	38.607	0	21.969
swarm_41_91.pdb	12.019	25.710	0	21.928
swarm_37_122.pdb	17.793	42.896	0	21.843
swarm_39_170.pdb	20.905	47.177	0	21.689
swarm_1_59.pdb	15.747	43.465	0	21.648
swarm_37_12.pdb	16.833	44.233	0	21.629
swarm_41_8.pdb	14.628	29.224	0	21.619
swarm_36_152.pdb	22.648	52.136	0	21.586
swarm_23_54.pdb	14.147	48.999	0	21.525
swarm_12_20.pdb	15.724	37.121	0	21.525
swarm_8_50.pdb	22.810	53.151	0	21.458
swarm_10_40.pdb	13.969	34.498	0	21.435
swarm_24_47.pdb	19.785	42.086	0	21.366
swarm_44_88.pdb	17.503	30.094	0	21.360
swarm_6_103.pdb	9.211	30.949	0.0204082	21.176
swarm_40_164.pdb	19.236	35.550	0	21.099
swarm_26_11.pdb	15.224	34.204	0	21.058
swarm_3_74.pdb	15.005	32.512	0	21.031
swarm_23_41.pdb	14.054	44.401	0	21.020
swarm_13_46.pdb	8.450	29.313	0	21.001
swarm_44_58.pdb	17.210	32.650	0	20.998
swarm_26_18.pdb	17.728	36.790	0	20.917
swarm_31_175.pdb	17.119	46.823	0	20.899
swarm_24_49.pdb	15.326	37.244	0	20.892
swarm_5_143.pdb	8.297	27.997	0.0612245	20.876
swarm_6_42.pdb	9.390	44.755	0.0204082	20.780
swarm_13_185.pdb	14.584	36.933	0	20.656
swarm_17_85.pdb	11.146	43.271	0	20.644
swarm_45_126.pdb	13.470	25.459	0	20.615
swarm_24_179.pdb	9.518	34.316	0.0408163	20.585
swarm_23_129.pdb	11.454	46.074	0	20.534
swarm_3_10.pdb	16.729	31.565	0	20.326
swarm_10_48.pdb	17.415	34.157	0	20.319
swarm_16_197.pdb	13.754	31.010	0	20.306
swarm_33_54.pdb	14.883	49.311	0.0204082	20.250
swarm_10_9.pdb	16.195	36.032	0	20.042
swarm_30_108.pdb	18.195	44.914	0	20.015
swarm_23_161.pdb	15.803	45.085	0	19.894
swarm_5_165.pdb	12.901	27.287	0	19.766
swarm_31_144.pdb	20.340	47.317	0	19.747
swarm_29_93.pdb	21.850	45.631	0	19.678
swarm_26_29.pdb	17.475	32.739	0	19.625
swarm_12_73.pdb	15.780	34.066	0	19.521
swarm_21_161.pdb	22.687	45.760	0	19.442
swarm_9_63.pdb	17.886	31.158	0	19.438
swarm_37_8.pdb	14.718	41.292	0	19.336
swarm_0_91.pdb	14.564	45.409	0	19.280
swarm_41_73.pdb	15.779	24.927	0	19.242
swarm_0_153.pdb	17.655	43.472	0	19.202
swarm_12_31.pdb	15.334	36.565	0	19.165
swarm_30_137.pdb	20.782	47.641	0	19.096
swarm_15_123.pdb	9.583	44.146	0.0204082	19.094
swarm_45_91.pdb	15.397	26.893	0.0612245	18.841
swarm_42_178.pdb	17.259	28.908	0	18.818
swarm_15_94.pdb	14.402	44.495	0	18.815
swarm_13_134.pdb	20.770	41.214	0	18.781
swarm_31_73.pdb	19.664	45.342	0	18.774
swarm_21_46.pdb	13.262	40.279	0.0204082	18.716
swarm_23_119.pdb	15.708	41.424	0	18.684
swarm_43_152.pdb	23.075	44.876	0	18.610
swarm_43_198.pdb	22.832	44.947	0	18.581
swarm_11_132.pdb	17.686	35.619	0	18.520
swarm_31_176.pdb	21.473	39.925	0	18.421
swarm_36_0.pdb	17.951	51.889	0	18.415
swarm_21_16.pdb	18.574	47.642	0	18.378
swarm_37_118.pdb	22.141	46.657	0	18.341
swarm_15_43.pdb	15.003	43.308	0	18.338
swarm_29_111.pdb	17.619	53.607	0.0204082	18.228
swarm_29_179.pdb	9.653	39.580	0	18.102
swarm_20_30.pdb	17.509	31.550	0	18.102
swarm_2_74.pdb	16.888	28.729	0	18.001
swarm_21_38.pdb	21.733	47.387	0	17.940
swarm_18_39.pdb	17.981	48.669	0	17.919
swarm_20_89.pdb	20.491	41.877	0	17.905
swarm_10_55.pdb	10.468	37.606	0.0204082	17.835
swarm_21_32.pdb	24.352	51.619	0	17.831
swarm_41_44.pdb	18.354	32.776	0	17.752
swarm_37_40.pdb	22.146	53.125	0	17.741
swarm_31_49.pdb	16.855	45.695	0	17.732
swarm_33_114.pdb	19.788	52.740	0	17.516
swarm_13_149.pdb	13.988	43.371	0	17.403
swarm_43_136.pdb	13.439	48.073	0	17.262
swarm_33_164.pdb	10.280	39.219	0	17.248
swarm_10_71.pdb	12.278	29.490	0	17.143
swarm_21_10.pdb	12.713	39.455	0	17.088
swarm_2_168.pdb	12.700	26.624	0	17.082
swarm_27_16.pdb	15.909	41.529	0	17.020
swarm_30_84.pdb	16.969	46.654	0	16.959
swarm_39_113.pdb	17.430	41.476	0	16.815
swarm_17_175.pdb	20.513	52.953	0	16.762
swarm_5_108.pdb	14.774	27.962	0.0612245	16.752
swarm_37_147.pdb	10.080	42.700	0	16.686
swarm_19_69.pdb	18.392	52.602	0	16.641
swarm_21_108.pdb	19.604	50.114	0	16.615
swarm_15_91.pdb	16.694	48.963	0	16.587
swarm_16_161.pdb	14.799	29.952	0	16.540
swarm_20_38.pdb	17.692	34.974	0	16.513
swarm_37_192.pdb	18.322	48.961	0	16.088
swarm_10_192.pdb	18.841	48.049	0	16.086
swarm_11_66.pdb	17.268	34.507	0	16.053
swarm_44_139.pdb	17.940	41.192	0	16.043
swarm_44_148.pdb	14.159	37.912	0	15.946
swarm_15_33.pdb	20.184	45.493	0	15.920
swarm_37_156.pdb	18.826	46.326	0	15.865
swarm_29_102.pdb	13.146	52.080	0	15.745
swarm_10_16.pdb	9.633	40.379	0	15.742
swarm_43_95.pdb	17.843	39.213	0	15.433
swarm_45_142.pdb	5.662	17.983	0.183673	15.364
swarm_26_120.pdb	13.928	26.816	0	15.326
swarm_36_74.pdb	14.988	45.884	0.0204082	15.231
swarm_9_176.pdb	15.252	26.835	0	15.100
swarm_21_63.pdb	21.165	47.166	0	15.036
swarm_44_156.pdb	15.788	32.856	0	14.935
swarm_17_19.pdb	13.976	50.843	0	14.563
swarm_34_116.pdb	8.770	28.069	0.102041	14.519
swarm_44_1.pdb	16.701	42.645	0.0408163	14.270
swarm_17_183.pdb	15.526	52.693	0	14.163
swarm_21_36.pdb	17.613	51.813	0	14.015
swarm_10_133.pdb	22.432	47.712	0	13.937
swarm_9_117.pdb	14.217	25.817	0	13.859
swarm_41_42.pdb	13.571	31.814	0.0204082	13.623
swarm_29_40.pdb	15.170	43.448	0	13.245
swarm_36_68.pdb	19.816	56.845	0	12.942
swarm_21_54.pdb	17.018	47.708	0	12.836
swarm_6_47.pdb	10.596	39.074	0	12.654
swarm_6_144.pdb	12.540	37.810	0.0816327	12.540
swarm_18_99.pdb	15.726	42.403	0	12.294
swarm_18_150.pdb	18.181	48.152	0	11.741
swarm_13_6.pdb	15.964	45.245	0	11.737
swarm_41_67.pdb	11.316	19.954	0	11.668
swarm_17_46.pdb	9.763	42.152	0	11.338
swarm_43_52.pdb	12.386	37.257	0	11.214
swarm_33_42.pdb	18.124	51.303	0	10.345
swarm_39_32.pdb	19.857	41.339	0	9.901
swarm_20_21.pdb	17.218	45.617	0.0612245	9.514
swarm_11_119.pdb	17.879	38.962	0	8.457
swarm_23_110.pdb	18.221	44.232	0	6.431
swarm_11_20.pdb	16.743	29.659	0	5.704
swarm_11_24.pdb	13.673	25.808	0	4.644
swarm_44_179.pdb	20.334	40.908	0	4.557
swarm_27_68.pdb	11.121	30.010	0	3.407
swarm_16_111.pdb	15.548	31.358	0	1.043
