swarm_30_58.pdb	16.255	32.484	0	39.249
swarm_28_23.pdb	5.977	19.013	0.122449	38.706
swarm_8_186.pdb	16.994	29.325	0	37.809
swarm_6_11.pdb	13.497	25.586	0	36.546
swarm_38_134.pdb	8.839	31.039	0.0612245	35.396
swarm_22_178.pdb	18.490	41.205	0	34.996
swarm_15_52.pdb	14.812	29.578	0	34.897
swarm_22_58.pdb	13.198	26.060	0	34.164
swarm_12_99.pdb	14.378	36.592	0	34.109
swarm_4_119.pdb	14.267	27.048	0	33.654
swarm_23_42.pdb	13.998	28.940	0	33.256
swarm_36_29.pdb	13.474	36.180	0.0204082	32.518
swarm_36_68.pdb	14.313	38.368	0	32.372
swarm_23_45.pdb	17.819	35.730	0	32.218
swarm_9_46.pdb	13.797	26.822	0	31.865
swarm_27_86.pdb	14.335	33.737	0	31.752
swarm_28_108.pdb	13.205	29.198	0	31.459
swarm_36_43.pdb	12.812	39.908	0.0612245	31.221
swarm_37_59.pdb	12.074	34.187	0	31.064
swarm_9_101.pdb	13.757	23.705	0	31.052
swarm_8_30.pdb	16.334	33.896	0	31.042
swarm_49_74.pdb	13.509	39.003	0	31.012
swarm_8_150.pdb	18.189	33.165	0	30.908
swarm_27_51.pdb	13.942	31.426	0	30.893
swarm_1_14.pdb	11.966	39.328	0.0408163	30.876
swarm_4_120.pdb	12.407	33.397	0.0612245	30.768
swarm_39_67.pdb	17.394	42.134	0	30.721
swarm_36_84.pdb	17.990	40.358	0	30.454
swarm_40_150.pdb	13.066	36.006	0	30.431
swarm_9_184.pdb	14.291	27.789	0	30.356
swarm_17_76.pdb	17.184	45.831	0	30.299
swarm_31_157.pdb	15.921	44.219	0	30.175
swarm_14_70.pdb	16.583	30.845	0	30.046
swarm_8_51.pdb	15.857	26.871	0	30.024
swarm_6_147.pdb	18.598	44.771	0	29.979
swarm_27_98.pdb	13.992	30.086	0	29.719
swarm_4_57.pdb	8.874	23.853	0.0408163	29.685
swarm_6_130.pdb	14.936	42.802	0	29.625
swarm_14_192.pdb	10.545	22.194	0	29.612
swarm_39_110.pdb	17.620	41.762	0	29.611
swarm_9_62.pdb	15.318	29.417	0	29.496
swarm_35_120.pdb	10.423	29.506	0	29.473
swarm_25_90.pdb	17.215	40.634	0.0816327	29.439
swarm_43_122.pdb	10.080	20.095	0	29.375
swarm_9_17.pdb	12.804	29.387	0	29.361
swarm_35_158.pdb	12.300	24.734	0	29.209
swarm_18_166.pdb	17.646	38.396	0	29.189
swarm_24_176.pdb	12.343	38.701	0.0408163	29.177
swarm_38_189.pdb	12.913	33.401	0	29.163
swarm_38_21.pdb	13.661	31.654	0	29.076
swarm_17_17.pdb	18.182	44.102	0	29.070
swarm_27_118.pdb	4.884	14.207	0.204082	28.903
swarm_41_175.pdb	17.684	44.508	0	28.880
swarm_18_103.pdb	17.473	31.682	0	28.835
swarm_25_117.pdb	17.879	34.798	0	28.819
swarm_41_173.pdb	14.803	44.590	0	28.687
swarm_31_39.pdb	10.077	34.100	0.0612245	28.624
swarm_40_106.pdb	13.423	33.954	0	28.599
swarm_14_88.pdb	12.913	29.270	0	28.590
swarm_7_159.pdb	17.027	45.684	0	28.529
swarm_14_126.pdb	13.825	24.891	0	28.469
swarm_16_160.pdb	15.222	32.552	0	28.362
swarm_28_3.pdb	17.059	38.255	0	28.266
swarm_18_146.pdb	14.246	28.113	0	28.187
swarm_31_176.pdb	5.992	24.519	0.265306	28.185
swarm_2_52.pdb	10.556	22.965	0.0816327	27.918
swarm_12_46.pdb	14.492	31.660	0	27.806
swarm_10_186.pdb	13.393	28.120	0	27.755
swarm_43_120.pdb	11.209	19.051	0	27.668
swarm_16_9.pdb	14.259	29.416	0.0204082	27.648
swarm_27_179.pdb	14.762	39.892	0	27.571
swarm_2_185.pdb	12.969	22.543	0	27.528
swarm_16_51.pdb	17.575	34.196	0	27.513
swarm_29_75.pdb	16.952	38.423	0	27.464
swarm_4_151.pdb	17.044	30.200	0	27.453
swarm_18_70.pdb	14.928	32.732	0	27.441
swarm_15_146.pdb	14.948	36.605	0	27.430
swarm_9_51.pdb	5.862	17.716	0.183673	27.325
swarm_5_151.pdb	11.145	17.011	0	27.321
swarm_16_94.pdb	16.291	31.491	0	27.274
swarm_25_183.pdb	14.460	29.672	0	27.247
swarm_43_21.pdb	12.141	27.244	0.0816327	27.232
swarm_15_193.pdb	17.343	35.609	0	27.229
swarm_45_85.pdb	12.466	28.822	0	27.220
swarm_2_21.pdb	16.800	34.677	0	27.187
swarm_3_21.pdb	12.434	25.501	0	27.155
swarm_28_188.pdb	14.430	31.110	0	27.131
swarm_11_134.pdb	12.682	27.824	0	27.131
swarm_2_23.pdb	13.906	26.074	0	27.060
swarm_39_42.pdb	12.521	36.672	0	26.918
swarm_42_119.pdb	6.221	24.034	0.204082	26.876
swarm_31_170.pdb	14.372	47.551	0	26.835
swarm_12_189.pdb	16.367	38.676	0	26.834
swarm_40_172.pdb	13.514	35.215	0.0816327	26.825
swarm_39_119.pdb	12.046	27.129	0	26.818
swarm_38_168.pdb	14.919	36.279	0	26.810
swarm_28_37.pdb	12.883	26.682	0	26.749
swarm_45_29.pdb	14.596	29.461	0	26.743
swarm_27_180.pdb	15.399	27.199	0	26.724
swarm_27_35.pdb	10.032	30.390	0	26.636
swarm_36_97.pdb	15.563	36.650	0	26.618
swarm_39_176.pdb	14.131	34.362	0	26.605
swarm_22_46.pdb	14.071	30.695	0	26.593
swarm_40_16.pdb	11.786	41.714	0.0204082	26.539
swarm_33_71.pdb	13.665	25.159	0	26.502
swarm_24_148.pdb	11.074	42.898	0.0204082	26.463
swarm_40_158.pdb	10.532	30.672	0	26.398
swarm_10_196.pdb	15.042	28.965	0.0816327	26.303
swarm_37_182.pdb	17.741	46.256	0	26.256
swarm_8_149.pdb	15.821	29.257	0	26.097
swarm_20_46.pdb	14.270	28.458	0	26.073
swarm_2_147.pdb	15.720	29.301	0	26.066
swarm_2_96.pdb	14.224	28.770	0.0204082	26.032
swarm_4_62.pdb	15.090	36.377	0	26.022
swarm_10_71.pdb	12.799	27.244	0	25.999
swarm_39_9.pdb	14.214	37.687	0	25.996
swarm_4_193.pdb	18.087	39.884	0.0204082	25.976
swarm_25_186.pdb	14.499	34.190	0	25.950
swarm_41_95.pdb	15.678	40.451	0	25.911
swarm_24_145.pdb	18.540	43.099	0	25.909
swarm_11_25.pdb	9.808	29.130	0	25.799
swarm_20_60.pdb	13.398	27.242	0	25.786
swarm_14_119.pdb	15.670	32.528	0	25.785
swarm_44_5.pdb	14.147	30.684	0	25.658
swarm_44_171.pdb	14.044	30.269	0	25.650
swarm_24_5.pdb	18.329	43.303	0	25.607
swarm_39_65.pdb	10.494	47.901	0.0204082	25.428
swarm_23_149.pdb	12.917	32.856	0	25.406
swarm_27_106.pdb	13.182	25.133	0	25.403
swarm_28_11.pdb	3.988	19.207	0.244898	25.392
swarm_5_182.pdb	7.503	20.262	0.0816327	25.353
swarm_18_63.pdb	13.390	26.891	0	25.185
swarm_23_195.pdb	14.947	34.721	0	25.146
swarm_29_165.pdb	16.102	40.817	0	25.075
swarm_43_101.pdb	14.325	28.199	0	25.030
swarm_4_190.pdb	14.369	37.524	0	24.997
swarm_23_134.pdb	13.790	25.527	0	24.974
swarm_10_166.pdb	5.753	20.507	0.0408163	24.961
swarm_26_76.pdb	10.895	38.980	0.0408163	24.871
swarm_26_54.pdb	16.566	47.554	0	24.842
swarm_22_145.pdb	16.205	31.048	0	24.819
swarm_8_122.pdb	13.898	28.125	0.0408163	24.805
swarm_23_135.pdb	14.600	31.598	0	24.745
swarm_36_34.pdb	17.790	42.101	0	24.717
swarm_1_70.pdb	10.303	26.642	0.0204082	24.683
swarm_29_31.pdb	18.366	36.984	0	24.661
swarm_24_165.pdb	12.570	38.494	0	24.622
swarm_18_36.pdb	15.056	29.541	0	24.604
swarm_3_111.pdb	17.925	29.485	0	24.598
swarm_12_144.pdb	14.403	40.011	0	24.573
swarm_48_163.pdb	9.205	21.225	0.0204082	24.514
swarm_17_178.pdb	14.216	41.225	0	24.482
swarm_3_10.pdb	13.341	26.686	0	24.480
swarm_16_58.pdb	13.024	29.455	0	24.406
swarm_45_66.pdb	12.837	26.768	0	24.400
swarm_12_144.pdb	14.654	27.491	0	24.377
swarm_18_94.pdb	16.027	36.189	0	24.372
swarm_14_103.pdb	16.105	32.278	0	24.333
swarm_5_111.pdb	13.683	24.363	0	24.326
swarm_6_42.pdb	19.622	35.455	0	24.267
swarm_26_70.pdb	9.772	32.446	0.0408163	24.227
swarm_20_88.pdb	12.059	32.596	0	24.215
swarm_6_163.pdb	10.514	26.083	0.0408163	24.205
swarm_6_56.pdb	10.818	20.267	0	24.201
swarm_2_15.pdb	13.318	25.104	0	24.191
swarm_48_3.pdb	16.124	33.593	0	24.183
swarm_16_148.pdb	17.489	33.676	0	24.170
swarm_25_125.pdb	14.070	33.837	0	24.169
swarm_11_100.pdb	14.529	26.970	0	24.108
swarm_42_159.pdb	14.333	32.285	0	24.091
swarm_40_145.pdb	16.281	35.931	0	24.048
swarm_29_74.pdb	17.315	44.381	0	24.044
swarm_20_23.pdb	11.631	28.384	0	24.021
swarm_5_158.pdb	16.665	46.606	0	23.936
swarm_36_173.pdb	9.045	33.358	0	23.928
swarm_28_87.pdb	18.565	36.295	0	23.916
swarm_31_108.pdb	13.863	45.295	0	23.833
swarm_5_28.pdb	15.692	40.462	0	23.800
swarm_6_82.pdb	12.809	23.661	0	23.789
swarm_16_52.pdb	11.156	28.219	0	23.773
swarm_4_184.pdb	14.384	29.710	0	23.768
swarm_10_4.pdb	15.691	30.602	0.0408163	23.766
swarm_39_131.pdb	12.164	38.281	0	23.691
swarm_2_177.pdb	14.844	25.134	0	23.654
swarm_26_103.pdb	15.664	42.206	0	23.652
swarm_36_102.pdb	19.293	43.901	0	23.632
swarm_2_13.pdb	12.828	26.761	0	23.574
swarm_17_165.pdb	17.188	32.206	0	23.382
swarm_47_197.pdb	16.478	45.583	0	23.343
swarm_4_87.pdb	17.918	31.470	0	23.204
swarm_37_143.pdb	18.360	49.542	0	23.177
swarm_29_177.pdb	10.933	27.901	0.0612245	23.123
swarm_17_144.pdb	13.006	36.473	0	23.115
swarm_2_37.pdb	14.108	27.759	0	23.084
swarm_27_192.pdb	8.607	28.026	0.102041	23.061
swarm_15_178.pdb	14.926	28.605	0	23.026
swarm_11_108.pdb	15.912	42.927	0	22.990
swarm_29_182.pdb	15.759	40.764	0	22.865
swarm_15_81.pdb	19.049	36.239	0	22.857
swarm_13_87.pdb	11.401	26.318	0	22.850
swarm_28_196.pdb	16.690	36.212	0	22.839
swarm_5_188.pdb	5.538	9.106	0.102041	22.798
swarm_18_186.pdb	16.974	30.348	0	22.785
swarm_45_42.pdb	11.806	21.624	0	22.769
swarm_45_122.pdb	10.317	24.149	0.0408163	22.731
swarm_4_58.pdb	20.585	36.506	0	22.708
swarm_6_89.pdb	13.686	30.640	0.0408163	22.707
swarm_44_182.pdb	6.594	13.201	0.0408163	22.652
swarm_29_150.pdb	16.367	37.769	0	22.580
swarm_32_136.pdb	15.085	36.067	0	22.576
swarm_39_33.pdb	15.620	37.916	0	22.561
swarm_3_81.pdb	10.748	23.287	0.0612245	22.551
swarm_43_8.pdb	10.504	16.841	0	22.467
swarm_5_12.pdb	9.845	18.840	0	22.465
swarm_20_1.pdb	17.065	34.812	0	22.427
swarm_40_199.pdb	15.125	33.016	0	22.344
swarm_14_113.pdb	13.777	27.672	0	22.264
swarm_25_50.pdb	7.758	22.062	0.0408163	22.148
swarm_2_140.pdb	15.198	39.515	0	22.112
swarm_19_112.pdb	7.072	32.064	0.102041	22.090
swarm_5_2.pdb	13.736	24.539	0	22.012
swarm_39_62.pdb	8.614	14.000	0	21.986
swarm_2_81.pdb	18.504	30.675	0	21.975
swarm_9_136.pdb	14.001	21.697	0	21.935
swarm_7_170.pdb	11.669	36.257	0	21.885
swarm_6_195.pdb	14.444	27.653	0	21.726
swarm_45_73.pdb	10.221	21.308	0	21.714
swarm_12_163.pdb	15.902	40.462	0	21.708
swarm_24_88.pdb	13.206	38.736	0	21.688
swarm_14_58.pdb	15.410	31.845	0	21.684
swarm_27_21.pdb	12.577	27.281	0	21.629
swarm_33_83.pdb	14.226	28.505	0.0408163	21.626
swarm_14_141.pdb	16.457	35.931	0	21.608
swarm_2_162.pdb	11.641	22.696	0.0204082	21.600
swarm_24_49.pdb	15.188	39.253	0	21.460
swarm_17_40.pdb	17.687	42.861	0	21.389
swarm_3_87.pdb	13.887	28.220	0.0408163	21.380
swarm_2_164.pdb	10.320	26.131	0.0408163	21.350
swarm_10_36.pdb	8.453	25.720	0.0408163	21.340
swarm_14_49.pdb	13.823	35.362	0	21.321
swarm_13_198.pdb	11.106	23.124	0	21.281
swarm_15_43.pdb	18.061	38.469	0	21.260
swarm_25_61.pdb	11.929	35.269	0.0612245	21.256
swarm_26_45.pdb	17.128	39.156	0	21.242
swarm_11_113.pdb	16.542	45.790	0.0612245	21.208
swarm_23_188.pdb	15.182	32.071	0	21.198
swarm_16_151.pdb	15.731	31.360	0	21.130
swarm_25_148.pdb	14.068	24.223	0	21.083
swarm_17_140.pdb	16.711	49.034	0	21.042
swarm_15_104.pdb	14.786	36.075	0	21.001
swarm_10_49.pdb	8.329	29.004	0.0408163	20.992
swarm_8_105.pdb	14.740	35.015	0	20.959
swarm_43_181.pdb	17.493	26.832	0	20.934
swarm_39_80.pdb	19.470	41.400	0	20.914
swarm_6_74.pdb	13.597	20.878	0	20.909
swarm_5_132.pdb	16.196	43.936	0	20.875
swarm_20_195.pdb	12.316	30.213	0	20.867
swarm_3_58.pdb	14.746	28.964	0.0408163	20.833
swarm_40_190.pdb	17.272	36.924	0	20.777
swarm_6_95.pdb	15.802	27.988	0	20.742
swarm_45_96.pdb	13.843	32.603	0.163265	20.560
swarm_45_195.pdb	6.646	12.547	0.0204082	20.560
swarm_12_149.pdb	12.322	24.585	0	20.513
swarm_40_72.pdb	13.923	30.097	0	20.474
swarm_29_146.pdb	15.103	36.153	0	20.364
swarm_4_55.pdb	16.940	36.123	0	20.249
swarm_40_99.pdb	17.830	38.090	0	20.198
swarm_28_178.pdb	10.308	42.113	0.0204082	20.180
swarm_20_114.pdb	15.039	34.656	0	20.163
swarm_44_160.pdb	14.641	24.615	0	20.074
swarm_3_185.pdb	10.164	23.077	0.0816327	19.962
swarm_4_84.pdb	17.481	35.702	0	19.946
swarm_3_152.pdb	18.198	46.785	0	19.946
swarm_13_86.pdb	11.929	36.761	0	19.846
swarm_6_175.pdb	15.448	49.214	0	19.830
swarm_5_27.pdb	16.312	47.566	0	19.813
swarm_30_88.pdb	16.015	34.089	0	19.813
swarm_29_114.pdb	10.776	25.476	0	19.655
swarm_3_152.pdb	13.043	24.093	0	19.637
swarm_13_28.pdb	13.711	29.990	0	19.597
swarm_3_41.pdb	10.010	23.174	0.0816327	19.596
swarm_16_73.pdb	14.856	35.659	0.0816327	19.576
swarm_23_94.pdb	15.891	32.801	0	19.503
swarm_33_152.pdb	21.514	43.370	0	19.490
swarm_15_59.pdb	14.177	24.652	0	19.490
swarm_49_70.pdb	16.722	48.327	0	19.472
swarm_13_47.pdb	12.162	27.200	0	19.458
swarm_17_154.pdb	20.057	35.825	0	19.454
swarm_2_78.pdb	17.724	29.600	0	19.435
swarm_9_17.pdb	11.128	20.755	0	19.387
swarm_12_193.pdb	13.573	22.480	0	19.368
swarm_44_26.pdb	11.232	23.099	0.0816327	19.362
swarm_7_176.pdb	15.408	24.474	0	19.295
swarm_2_107.pdb	12.368	37.696	0	19.274
swarm_49_155.pdb	19.426	47.504	0	19.083
swarm_29_71.pdb	15.961	41.855	0	19.079
swarm_1_112.pdb	8.470	32.876	0	19.022
swarm_0_187.pdb	13.548	50.573	0.0204082	18.956
swarm_26_54.pdb	13.736	36.392	0	18.936
swarm_16_173.pdb	14.790	32.372	0	18.847
swarm_23_161.pdb	11.670	27.712	0.0408163	18.826
swarm_25_31.pdb	8.614	33.595	0.0612245	18.721
swarm_11_179.pdb	14.068	27.211	0	18.607
swarm_13_168.pdb	16.007	30.422	0	18.575
swarm_15_95.pdb	11.318	26.158	0	18.512
swarm_7_101.pdb	10.211	18.544	0	18.439
swarm_33_154.pdb	12.660	20.457	0	18.379
swarm_31_133.pdb	14.577	41.282	0	18.291
swarm_11_105.pdb	13.138	24.422	0	18.170
swarm_41_16.pdb	19.720	43.594	0	18.020
swarm_8_41.pdb	14.868	27.291	0	17.919
swarm_23_61.pdb	17.503	31.821	0	17.910
swarm_25_197.pdb	19.418	39.991	0	17.853
swarm_26_105.pdb	18.927	37.215	0	17.830
swarm_36_190.pdb	14.326	36.778	0	17.812
swarm_9_88.pdb	18.869	42.023	0	17.795
swarm_29_113.pdb	14.616	32.142	0	17.691
swarm_4_106.pdb	14.509	37.349	0	17.495
swarm_16_46.pdb	16.917	33.301	0	17.392
swarm_9_124.pdb	16.039	30.088	0	17.264
swarm_4_46.pdb	15.468	34.733	0	17.212
swarm_5_172.pdb	13.299	28.191	0	17.190
swarm_29_73.pdb	13.164	45.268	0.0204082	17.183
swarm_44_109.pdb	12.444	28.049	0	17.153
swarm_13_115.pdb	14.878	33.174	0	17.065
swarm_27_133.pdb	15.756	29.305	0	16.808
swarm_7_175.pdb	14.896	29.471	0	16.470
swarm_43_51.pdb	16.127	31.902	0.0204082	16.394
swarm_11_161.pdb	15.069	27.359	0	16.355
swarm_20_190.pdb	6.855	18.226	0	16.062
swarm_43_80.pdb	13.623	28.996	0	16.006
swarm_40_13.pdb	14.513	34.212	0	15.862
swarm_10_189.pdb	6.221	17.245	0.163265	15.763
swarm_8_57.pdb	14.820	34.213	0	15.522
swarm_39_18.pdb	14.311	37.370	0	15.300
swarm_16_30.pdb	18.263	31.981	0	15.220
swarm_5_171.pdb	12.521	39.248	0	15.171
swarm_13_95.pdb	17.749	34.175	0	15.122
swarm_6_9.pdb	5.062	21.442	0.306122	14.977
swarm_2_189.pdb	15.676	41.169	0	14.658
swarm_15_9.pdb	18.680	40.998	0	14.503
swarm_23_139.pdb	16.377	30.351	0	14.300
swarm_12_119.pdb	15.923	36.636	0	14.267
swarm_19_173.pdb	16.178	38.614	0	14.242
swarm_26_95.pdb	19.539	35.858	0	14.203
swarm_14_130.pdb	13.279	29.113	0	13.950
swarm_4_115.pdb	13.530	27.398	0	13.914
swarm_8_92.pdb	20.722	39.486	0	13.518
swarm_7_48.pdb	16.681	51.384	0	12.604
swarm_6_62.pdb	3.476	11.736	0.408163	11.358
swarm_21_195.pdb	13.529	26.901	0	10.337
swarm_25_9.pdb	13.928	32.859	0	9.304
swarm_29_145.pdb	14.171	43.090	0	8.190
swarm_19_83.pdb	12.406	39.028	0	4.871
swarm_28_151.pdb	5.662	18.650	0.0816327	4.194
swarm_44_81.pdb	9.111	14.753	0	2.231
swarm_9_198.pdb	7.983	18.020	0.0816327	0.816
swarm_23_87.pdb	16.338	30.768	0	0.757
