run0-swarm_4_45.pdb	5.966	26.179	0.0816327	44.372
run1-swarm_28_49.pdb	5.797	18.183	0.142857	41.472
run1-swarm_10_139.pdb	5.453	19.088	0.163265	40.939
run1-swarm_3_127.pdb	5.581	18.304	0.142857	40.930
run0-swarm_29_107.pdb	9.917	38.896	0	40.722
run1-swarm_18_54.pdb	6.031	20.707	0.142857	40.319
run0-swarm_42_36.pdb	6.250	26.172	0.122449	39.377
run0-swarm_41_133.pdb	9.862	38.035	0	39.298
run0-swarm_5_88.pdb	7.604	35.204	0.0204082	39.099
run0-swarm_39_8.pdb	5.788	25.235	0.122449	38.794
run1-swarm_27_177.pdb	6.909	25.386	0.0408163	38.681
run1-swarm_23_118.pdb	7.277	29.685	0	38.655
run0-swarm_5_72.pdb	9.117	36.293	0	38.356
run1-swarm_31_99.pdb	7.001	26.268	0	38.292
run0-swarm_16_123.pdb	5.096	22.302	0.204082	38.241
run0-swarm_41_147.pdb	9.210	36.660	0	37.307
run0-swarm_36_3.pdb	9.578	37.176	0	37.044
run1-swarm_23_199.pdb	7.240	25.961	0.0408163	37.001
run1-swarm_13_32.pdb	7.394	33.359	0.0204082	36.708
run1-swarm_2_24.pdb	4.069	14.333	0.408163	36.201
run1-swarm_18_193.pdb	6.993	27.578	0	35.240
run1-swarm_38_6.pdb	6.609	23.335	0.0204082	34.549
run0-swarm_6_154.pdb	12.100	44.647	0	34.112
run0-swarm_39_98.pdb	5.683	31.043	0.0816327	34.048
run0-swarm_26_82.pdb	9.998	38.350	0	34.021
run0-swarm_40_136.pdb	6.509	29.084	0.0612245	33.939
run0-swarm_8_145.pdb	4.410	15.907	0.163265	33.760
run1-swarm_34_194.pdb	6.757	25.182	0.0408163	33.653
run1-swarm_27_155.pdb	4.654	14.357	0.204082	33.543
run1-swarm_1_0.pdb	5.994	29.898	0.0408163	33.382
run1-swarm_37_79.pdb	7.925	34.005	0	33.351
run0-swarm_39_4.pdb	9.426	39.407	0	33.131
run1-swarm_1_60.pdb	8.977	37.317	0	33.043
run0-swarm_2_22.pdb	7.923	38.838	0.0612245	33.007
run0-swarm_5_31.pdb	11.882	42.742	0	32.889
run0-swarm_34_185.pdb	6.484	30.243	0.0612245	32.743
run1-swarm_10_64.pdb	2.769	10.351	0.489796	32.683
run0-swarm_45_48.pdb	2.277	11.873	0.632653	32.229
run0-swarm_13_35.pdb	6.285	21.389	0.0408163	32.080
run1-swarm_38_185.pdb	6.793	29.140	0.0408163	31.878
run1-swarm_27_18.pdb	3.558	16.627	0.326531	31.645
run0-swarm_17_117.pdb	10.500	40.446	0	31.604
run1-swarm_28_106.pdb	8.789	30.493	0	31.433
run0-swarm_49_41.pdb	8.925	36.135	0	31.396
run0-swarm_23_79.pdb	5.345	22.407	0.122449	31.181
run0-swarm_46_32.pdb	2.048	5.584	0.673469	31.179
run0-swarm_39_106.pdb	7.147	35.915	0.122449	31.095
run0-swarm_1_93.pdb	9.482	42.804	0.0204082	31.041
run1-swarm_8_160.pdb	7.031	21.200	0.0204082	30.977
run0-swarm_7_196.pdb	11.478	38.985	0	30.917
run1-swarm_29_95.pdb	7.235	35.240	0.122449	30.610
run0-swarm_41_145.pdb	11.342	35.382	0	30.581
run1-swarm_14_183.pdb	4.545	18.744	0.204082	30.441
run0-swarm_27_65.pdb	8.179	33.607	0	30.339
run1-swarm_41_52.pdb	7.276	34.791	0.102041	30.161
run0-swarm_37_134.pdb	13.266	48.084	0	30.080
run1-swarm_6_132.pdb	4.191	15.377	0.306122	30.017
run0-swarm_37_75.pdb	9.661	41.561	0	29.943
run1-swarm_22_147.pdb	5.870	23.143	0	29.937
run0-swarm_12_19.pdb	7.302	36.615	0.102041	29.890
run0-swarm_31_133.pdb	10.010	45.819	0.0204082	29.876
run0-swarm_28_16.pdb	8.571	43.002	0	29.824
run1-swarm_9_50.pdb	1.839	5.077	0.530612	29.725
run0-swarm_3_7.pdb	11.538	39.844	0	29.712
run0-swarm_28_191.pdb	10.641	48.772	0.0204082	29.704
run0-swarm_40_16.pdb	10.550	38.946	0	29.644
run0-swarm_39_110.pdb	9.283	44.751	0.0204082	29.502
run0-swarm_26_11.pdb	9.488	41.153	0	29.490
run0-swarm_16_132.pdb	5.890	18.621	0.0204082	29.456
run1-swarm_4_33.pdb	8.632	32.663	0	29.342
run0-swarm_9_173.pdb	8.808	34.747	0	29.274
run0-swarm_21_76.pdb	6.971	25.709	0	29.238
run1-swarm_24_100.pdb	8.566	29.113	0	29.206
run1-swarm_22_143.pdb	8.977	28.109	0	29.174
run1-swarm_15_26.pdb	9.094	40.014	0	29.135
run0-swarm_33_198.pdb	5.567	23.185	0.122449	28.884
run0-swarm_38_185.pdb	5.644	21.364	0	28.835
run1-swarm_20_126.pdb	3.402	17.999	0.530612	28.648
run0-swarm_0_78.pdb	9.733	43.223	0	28.613
run0-swarm_17_78.pdb	8.082	40.330	0.0816327	28.458
run0-swarm_4_147.pdb	5.379	18.382	0.0612245	28.428
run1-swarm_15_154.pdb	9.038	38.392	0	28.050
run0-swarm_47_6.pdb	9.702	45.106	0	27.871
run1-swarm_39_111.pdb	2.839	12.089	0.387755	27.787
run0-swarm_23_3.pdb	5.289	19.028	0.0612245	27.777
run1-swarm_28_193.pdb	4.283	19.813	0.22449	27.758
run1-swarm_4_57.pdb	5.392	23.014	0.142857	27.721
run1-swarm_6_119.pdb	5.052	17.465	0.163265	27.696
run0-swarm_49_188.pdb	11.878	47.143	0	27.582
run1-swarm_5_105.pdb	1.254	5.238	0.632653	27.497
run1-swarm_33_161.pdb	8.450	38.584	0	27.490
run0-swarm_44_194.pdb	1.933	9.186	0.510204	27.317
run0-swarm_31_108.pdb	10.161	46.052	0.0204082	27.223
run0-swarm_11_132.pdb	1.907	9.380	0.612245	27.217
run1-swarm_28_17.pdb	8.046	23.936	0	27.145
run0-swarm_33_55.pdb	4.054	15.657	0.428571	26.936
run0-swarm_12_57.pdb	9.589	38.918	0	26.793
run0-swarm_19_56.pdb	6.205	24.231	0.0612245	26.675
run1-swarm_5_120.pdb	6.498	13.626	0.0612245	26.674
run0-swarm_4_42.pdb	2.994	16.265	0.489796	26.667
run1-swarm_35_196.pdb	6.589	29.651	0.0408163	26.656
run0-swarm_24_173.pdb	6.941	36.754	0.0408163	26.595
run1-swarm_16_116.pdb	7.120	30.126	0	26.326
run1-swarm_11_132.pdb	6.350	31.725	0.0408163	25.777
run0-swarm_24_68.pdb	9.233	38.944	0	25.679
run0-swarm_42_32.pdb	5.562	22.927	0.102041	25.657
run0-swarm_22_24.pdb	10.063	40.492	0	25.648
run0-swarm_12_180.pdb	9.172	41.544	0.0612245	25.645
run1-swarm_26_84.pdb	7.126	31.177	0.0408163	25.500
run0-swarm_27_94.pdb	5.933	25.876	0.102041	25.475
run1-swarm_18_151.pdb	7.278	19.306	0	25.372
run0-swarm_25_68.pdb	7.071	26.448	0.0408163	25.348
run0-swarm_29_55.pdb	7.802	32.835	0	25.340
run1-swarm_7_110.pdb	2.707	10.635	0.428571	25.299
run1-swarm_43_164.pdb	9.179	16.483	0	25.238
run0-swarm_1_160.pdb	7.550	36.730	0.0408163	25.186
run1-swarm_3_2.pdb	3.081	7.065	0.326531	25.181
run0-swarm_3_189.pdb	11.997	45.558	0	25.101
run1-swarm_16_54.pdb	4.099	17.763	0.244898	25.058
run1-swarm_31_97.pdb	8.017	31.105	0.0612245	24.930
run1-swarm_43_96.pdb	2.556	12.236	0.346939	24.910
run1-swarm_19_16.pdb	7.533	23.310	0	24.764
run0-swarm_47_94.pdb	10.071	47.135	0.0408163	24.747
run0-swarm_8_117.pdb	2.598	6.321	0.346939	24.732
run0-swarm_10_63.pdb	8.753	39.175	0	24.719
run1-swarm_25_121.pdb	8.519	38.886	0	24.690
run0-swarm_4_163.pdb	6.853	33.355	0.204082	24.611
run0-swarm_13_120.pdb	3.168	11.157	0.469388	24.596
run0-swarm_15_122.pdb	2.725	12.230	0.612245	24.474
run0-swarm_41_44.pdb	8.247	40.116	0.122449	24.471
run0-swarm_4_107.pdb	5.837	28.671	0.22449	24.426
run1-swarm_0_152.pdb	5.429	30.537	0.204082	24.371
run0-swarm_17_114.pdb	9.624	38.585	0	24.283
run0-swarm_46_14.pdb	2.157	9.497	0.428571	24.177
run1-swarm_16_82.pdb	6.454	25.319	0.122449	24.174
run1-swarm_17_20.pdb	7.925	33.566	0.0204082	24.035
run0-swarm_15_76.pdb	6.213	15.380	0.0204082	23.891
run1-swarm_36_197.pdb	9.531	37.219	0	23.885
run1-swarm_40_112.pdb	6.744	34.171	0.0612245	23.827
run1-swarm_6_157.pdb	4.455	16.394	0.163265	23.722
run0-swarm_12_166.pdb	7.088	32.955	0.204082	23.718
run0-swarm_10_83.pdb	7.094	28.896	0	23.544
run0-swarm_35_175.pdb	9.281	36.811	0	23.531
run0-swarm_12_77.pdb	7.594	35.545	0.0612245	23.529
run1-swarm_25_22.pdb	7.686	25.605	0.0408163	23.412
run1-swarm_37_157.pdb	7.630	30.265	0.102041	23.346
run1-swarm_8_106.pdb	6.791	29.508	0.0408163	23.335
run1-swarm_22_8.pdb	4.889	15.408	0.122449	23.276
run0-swarm_31_161.pdb	9.227	39.117	0	23.158
run0-swarm_23_42.pdb	2.174	10.689	0.428571	23.111
run0-swarm_20_5.pdb	3.285	11.084	0.367347	23.104
run1-swarm_29_58.pdb	5.355	25.149	0.142857	22.957
run0-swarm_24_79.pdb	9.564	42.082	0.0204082	22.922
run0-swarm_2_118.pdb	7.307	32.202	0.0408163	22.918
run1-swarm_37_101.pdb	7.363	27.301	0	22.679
run1-swarm_20_110.pdb	6.171	29.441	0.122449	22.654
run1-swarm_16_2.pdb	7.200	26.105	0.0816327	22.537
run0-swarm_19_1.pdb	7.618	27.371	0.0408163	22.440
run0-swarm_32_66.pdb	8.351	31.138	0	22.429
run0-swarm_40_68.pdb	6.157	28.551	0.142857	22.288
run0-swarm_34_54.pdb	8.469	32.102	0	22.244
run0-swarm_18_106.pdb	9.727	41.463	0	22.223
run1-swarm_18_130.pdb	8.001	21.664	0	22.174
run1-swarm_17_67.pdb	10.223	39.049	0	22.170
run0-swarm_47_141.pdb	10.124	49.083	0	22.112
run1-swarm_3_31.pdb	4.907	12.767	0.0612245	22.097
run1-swarm_27_53.pdb	4.013	15.770	0.142857	22.071
run1-swarm_10_63.pdb	7.458	29.094	0.0816327	21.880
run0-swarm_31_164.pdb	9.102	44.486	0.0408163	21.845
run0-swarm_23_11.pdb	3.571	19.000	0.346939	21.822
run0-swarm_19_91.pdb	6.473	32.542	0.102041	21.774
run1-swarm_15_85.pdb	11.005	40.792	0	21.709
run0-swarm_0_8.pdb	10.600	50.029	0	21.597
run1-swarm_17_130.pdb	7.354	32.084	0.0612245	21.473
run1-swarm_29_135.pdb	5.643	29.292	0.22449	21.435
run0-swarm_19_164.pdb	7.608	27.155	0	21.283
run0-swarm_25_14.pdb	7.684	30.694	0	21.142
run0-swarm_35_15.pdb	7.578	30.853	0.0612245	21.103
run0-swarm_15_70.pdb	4.110	17.201	0.265306	21.085
run0-swarm_42_52.pdb	6.524	30.544	0.0204082	20.711
run0-swarm_42_27.pdb	7.431	25.607	0	20.463
run1-swarm_2_78.pdb	5.368	14.932	0.0612245	20.433
run1-swarm_14_152.pdb	6.523	25.293	0.122449	20.358
run1-swarm_38_132.pdb	5.611	19.573	0	20.182
run0-swarm_11_125.pdb	5.658	12.204	0.0612245	20.001
run1-swarm_8_22.pdb	5.662	20.107	0.0612245	19.986
run1-swarm_6_161.pdb	6.709	22.618	0.183673	19.943
run1-swarm_26_174.pdb	9.387	37.993	0	19.930
run0-swarm_45_86.pdb	5.092	12.053	0.122449	19.860
run0-swarm_0_110.pdb	13.734	49.499	0	19.836
run1-swarm_12_98.pdb	4.193	20.357	0.306122	19.826
run1-swarm_8_112.pdb	7.844	23.158	0	19.804
run0-swarm_18_20.pdb	9.247	38.243	0	19.728
run0-swarm_8_196.pdb	2.004	8.877	0.673469	19.702
run1-swarm_29_73.pdb	6.534	35.119	0.0408163	19.521
run0-swarm_30_20.pdb	3.605	20.187	0.265306	19.506
run0-swarm_24_99.pdb	9.213	40.872	0	19.269
run0-swarm_27_88.pdb	6.420	32.989	0.163265	19.267
run0-swarm_2_132.pdb	9.471	41.032	0.0408163	19.212
run0-swarm_30_156.pdb	5.913	20.199	0.122449	19.187
run0-swarm_20_103.pdb	6.661	22.689	0.0204082	19.108
run0-swarm_14_159.pdb	7.301	21.195	0.0408163	19.008
run0-swarm_38_104.pdb	6.795	32.445	0.0204082	19.007
run0-swarm_15_149.pdb	6.226	19.549	0.0408163	19.005
run0-swarm_40_111.pdb	7.841	39.753	0.102041	18.811
run1-swarm_20_54.pdb	6.459	20.065	0	18.692
run1-swarm_12_72.pdb	3.066	9.937	0.367347	18.603
run0-swarm_25_149.pdb	6.723	22.817	0.0204082	18.423
run0-swarm_21_11.pdb	4.207	12.834	0.22449	18.349
run0-swarm_14_63.pdb	4.997	23.185	0.265306	18.182
run1-swarm_4_126.pdb	6.625	24.086	0.0612245	18.166
run0-swarm_27_142.pdb	7.708	26.878	0.0408163	18.099
run1-swarm_43_185.pdb	5.854	21.587	0.204082	18.049
run1-swarm_26_59.pdb	9.273	31.295	0	17.760
run0-swarm_29_147.pdb	6.393	30.487	0.122449	17.685
run0-swarm_43_36.pdb	11.200	47.291	0	17.392
run0-swarm_11_6.pdb	5.766	18.448	0.122449	17.317
run0-swarm_9_89.pdb	9.203	32.219	0.0204082	17.187
run0-swarm_38_74.pdb	8.945	44.420	0	16.938
run1-swarm_34_138.pdb	9.424	33.530	0.0204082	16.695
run0-swarm_45_49.pdb	6.505	24.405	0.0612245	16.099
run0-swarm_38_4.pdb	8.071	36.360	0	16.018
run0-swarm_9_40.pdb	7.514	24.060	0.0408163	15.880
run1-swarm_40_150.pdb	6.079	25.421	0.0204082	15.877
run0-swarm_39_142.pdb	9.622	36.850	0	15.520
run0-swarm_23_199.pdb	6.831	25.253	0.0612245	15.248
run0-swarm_22_56.pdb	8.518	36.578	0	15.211
run1-swarm_14_91.pdb	5.117	19.227	0.265306	15.107
run0-swarm_45_24.pdb	4.104	18.071	0.204082	14.598
run0-swarm_42_3.pdb	3.882	21.834	0.244898	14.277
run1-swarm_17_69.pdb	9.143	29.096	0	14.008
run1-swarm_37_57.pdb	6.098	24.282	0.163265	11.904
run0-swarm_11_77.pdb	4.672	17.621	0.22449	11.022
run0-swarm_19_92.pdb	5.037	24.436	0.183673	10.179
run1-swarm_18_175.pdb	6.868	26.330	0.183673	9.525
run0-swarm_8_44.pdb	5.209	16.035	0.346939	8.673
run0-swarm_35_131.pdb	4.694	22.329	0.367347	6.100
run0-swarm_36_95.pdb	6.883	30.833	0.163265	5.945
run1-swarm_15_87.pdb	8.417	31.937	0.0816327	5.657
run0-swarm_14_104.pdb	8.779	31.540	0	1.129
run1-swarm_14_136.pdb	7.072	32.102	0.102041	0.485
