swarm_9_58.pdb	15.474	28.226	0	33.232
swarm_4_174.pdb	12.374	38.200	0.0731707	33.160
swarm_28_147.pdb	14.977	36.121	0	32.610
swarm_36_87.pdb	5.940	14.820	0.170732	32.497
swarm_2_98.pdb	14.633	27.511	0	31.869
swarm_13_16.pdb	17.838	34.084	0	30.891
swarm_22_153.pdb	17.627	38.543	0	30.526
swarm_36_30.pdb	15.026	25.647	0	30.370
swarm_33_115.pdb	16.458	30.240	0	29.788
swarm_21_95.pdb	17.160	39.775	0	29.777
swarm_1_68.pdb	16.136	35.129	0	29.747
swarm_28_180.pdb	16.431	33.629	0	29.267
swarm_35_81.pdb	11.227	26.464	0.097561	29.256
swarm_28_130.pdb	18.327	34.274	0	28.898
swarm_3_148.pdb	17.782	37.758	0	28.554
swarm_30_136.pdb	15.652	30.352	0	28.211
swarm_25_47.pdb	10.394	20.694	0	28.093
swarm_33_104.pdb	10.708	23.885	0	28.062
swarm_22_96.pdb	15.879	42.211	0	28.049
swarm_4_51.pdb	11.496	38.449	0	27.693
swarm_31_138.pdb	15.309	24.284	0	27.645
swarm_8_58.pdb	12.011	29.720	0.0243902	27.173
swarm_13_69.pdb	15.673	29.466	0	26.689
swarm_28_62.pdb	16.368	39.500	0	26.346
swarm_19_95.pdb	16.483	38.168	0	26.287
swarm_18_80.pdb	15.681	44.663	0	26.116
swarm_6_37.pdb	12.674	27.088	0	25.999
swarm_27_41.pdb	17.991	34.492	0	25.932
swarm_34_67.pdb	12.680	25.841	0	25.913
swarm_28_65.pdb	10.536	34.617	0	25.909
swarm_34_168.pdb	13.548	27.561	0	25.908
swarm_28_120.pdb	9.448	32.864	0	25.880
swarm_30_67.pdb	12.964	25.948	0	25.784
swarm_21_70.pdb	13.631	49.213	0	25.769
swarm_14_68.pdb	14.816	37.581	0	25.559
swarm_26_39.pdb	9.259	19.725	0.0243902	25.450
swarm_2_2.pdb	14.187	29.517	0	25.401
swarm_34_85.pdb	16.678	30.542	0	25.389
swarm_29_95.pdb	13.579	34.389	0	25.223
swarm_34_12.pdb	14.634	27.961	0.0243902	25.143
swarm_17_2.pdb	9.131	26.886	0.097561	25.099
swarm_15_163.pdb	16.266	26.944	0	25.059
swarm_31_16.pdb	14.027	32.320	0	25.054
swarm_7_28.pdb	12.711	32.717	0	25.019
swarm_15_16.pdb	17.976	33.735	0	24.985
swarm_20_170.pdb	9.291	42.185	0	24.883
swarm_9_154.pdb	15.286	27.299	0	24.860
swarm_13_64.pdb	16.312	31.974	0	24.822
swarm_30_60.pdb	10.741	27.042	0	24.803
swarm_27_193.pdb	19.119	38.282	0	24.428
swarm_18_54.pdb	14.524	38.074	0	24.340
swarm_30_9.pdb	15.610	24.474	0.0243902	24.337
swarm_30_110.pdb	15.154	27.744	0.0243902	24.208
swarm_9_163.pdb	12.583	23.248	0	24.080
swarm_25_118.pdb	9.468	16.960	0	24.038
swarm_19_8.pdb	12.453	33.922	0	24.001
swarm_9_93.pdb	15.640	28.064	0.0487805	23.890
swarm_1_172.pdb	14.650	34.217	0	23.618
swarm_11_13.pdb	18.331	39.786	0	23.467
swarm_37_46.pdb	15.839	30.665	0	23.421
swarm_35_142.pdb	15.209	27.143	0.146341	23.373
swarm_18_170.pdb	16.203	40.269	0	23.276
swarm_2_47.pdb	17.954	36.497	0	23.260
swarm_16_25.pdb	17.453	29.428	0	23.226
swarm_17_35.pdb	15.766	33.500	0	23.058
swarm_17_45.pdb	13.136	35.821	0	23.052
swarm_4_117.pdb	14.672	34.668	0.0487805	22.987
swarm_27_175.pdb	13.141	29.004	0	22.950
swarm_26_165.pdb	14.637	24.386	0	22.795
swarm_22_37.pdb	16.905	39.934	0	22.784
swarm_36_21.pdb	13.562	24.295	0	22.769
swarm_22_0.pdb	19.768	41.008	0	22.738
swarm_0_37.pdb	14.378	38.722	0	22.704
swarm_17_135.pdb	15.756	29.677	0	22.672
swarm_10_68.pdb	10.302	19.769	0.0243902	22.595
swarm_5_102.pdb	15.755	43.363	0	22.569
swarm_20_100.pdb	13.132	36.839	0	22.557
swarm_30_94.pdb	11.163	22.620	0.0487805	22.518
swarm_31_159.pdb	15.850	35.030	0	22.509
swarm_36_106.pdb	16.330	29.647	0	22.507
swarm_36_31.pdb	14.587	25.817	0.0243902	22.504
swarm_22_183.pdb	10.994	34.289	0	22.486
swarm_31_8.pdb	11.504	26.132	0	22.471
swarm_3_175.pdb	16.321	29.562	0	22.435
swarm_8_88.pdb	14.060	27.439	0	22.162
swarm_8_123.pdb	17.168	28.498	0	22.150
swarm_4_152.pdb	9.584	33.017	0	22.032
swarm_34_22.pdb	16.025	30.155	0	22.029
swarm_27_63.pdb	16.077	37.596	0	21.925
swarm_19_150.pdb	14.669	43.834	0	21.912
swarm_18_16.pdb	16.787	38.185	0.0243902	21.891
swarm_25_66.pdb	12.584	22.024	0	21.829
swarm_13_83.pdb	10.914	22.955	0.0487805	21.813
swarm_2_152.pdb	16.622	27.998	0	21.645
swarm_3_120.pdb	8.961	27.243	0.0731707	21.644
swarm_0_102.pdb	9.958	43.561	0	21.629
swarm_8_185.pdb	16.680	29.313	0	21.584
swarm_37_22.pdb	16.612	27.189	0	21.546
swarm_33_151.pdb	13.144	24.416	0	21.443
swarm_12_11.pdb	15.196	26.877	0	21.420
swarm_10_3.pdb	10.092	18.036	0	21.376
swarm_2_149.pdb	18.397	34.461	0	21.348
swarm_29_14.pdb	16.859	37.515	0	21.287
swarm_13_158.pdb	15.343	24.626	0	21.279
swarm_10_134.pdb	10.787	19.140	0	21.274
swarm_3_45.pdb	18.475	38.508	0	21.245
swarm_1_76.pdb	9.285	30.937	0.0243902	20.977
swarm_24_10.pdb	15.749	31.022	0	20.945
swarm_3_18.pdb	11.852	24.885	0.0243902	20.926
swarm_35_188.pdb	16.112	27.164	0	20.914
swarm_15_169.pdb	19.880	37.023	0	20.908
swarm_26_66.pdb	17.755	31.661	0	20.839
swarm_1_162.pdb	13.076	34.172	0.0243902	20.783
swarm_33_32.pdb	12.149	17.487	0	20.728
swarm_12_156.pdb	14.262	26.106	0.0731707	20.691
swarm_19_77.pdb	11.318	32.546	0	20.641
swarm_13_150.pdb	10.245	28.143	0	20.635
swarm_7_90.pdb	19.837	38.014	0	20.567
swarm_35_151.pdb	16.500	31.450	0	20.532
swarm_4_53.pdb	16.652	39.806	0	20.518
swarm_25_157.pdb	13.034	25.517	0.0487805	20.517
swarm_34_185.pdb	14.225	26.923	0	20.463
swarm_37_188.pdb	15.292	29.451	0	20.438
swarm_15_142.pdb	16.313	34.132	0	20.437
swarm_0_70.pdb	15.442	40.115	0	20.426
swarm_17_51.pdb	15.703	28.485	0	20.353
swarm_29_16.pdb	20.198	42.311	0	20.258
swarm_8_107.pdb	16.629	26.725	0	20.226
swarm_29_87.pdb	16.468	40.884	0	20.162
swarm_3_155.pdb	15.815	32.413	0	20.151
swarm_12_70.pdb	11.598	28.769	0	20.145
swarm_17_30.pdb	18.166	30.587	0	20.107
swarm_30_23.pdb	14.533	26.103	0	20.101
swarm_6_42.pdb	11.754	26.252	0	20.055
swarm_0_80.pdb	13.748	40.048	0.0243902	19.948
swarm_16_129.pdb	13.609	24.409	0	19.936
swarm_25_74.pdb	13.859	22.380	0	19.798
swarm_7_44.pdb	19.987	38.946	0	19.789
swarm_24_105.pdb	14.201	26.963	0	19.783
swarm_23_17.pdb	9.547	31.670	0.0731707	19.737
swarm_10_34.pdb	7.683	12.927	0	19.706
swarm_27_137.pdb	15.056	32.717	0	19.692
swarm_33_119.pdb	14.657	25.483	0	19.657
swarm_14_13.pdb	5.846	24.460	0.097561	19.656
swarm_25_88.pdb	10.214	19.681	0.0243902	19.649
swarm_17_79.pdb	17.294	29.765	0	19.621
swarm_31_34.pdb	18.110	31.911	0	19.524
swarm_24_56.pdb	15.452	32.840	0	19.518
swarm_36_13.pdb	13.201	22.611	0	19.478
swarm_18_106.pdb	8.682	34.337	0.0243902	19.478
swarm_34_89.pdb	8.830	28.029	0.0243902	19.432
swarm_20_171.pdb	15.424	39.230	0	19.412
swarm_13_109.pdb	16.147	31.952	0	19.396
swarm_24_173.pdb	9.342	29.641	0.0243902	19.369
swarm_11_3.pdb	15.312	39.559	0	19.361
swarm_35_145.pdb	13.504	25.506	0	19.293
swarm_14_59.pdb	16.039	34.695	0	19.219
swarm_6_99.pdb	15.259	30.771	0	19.208
swarm_33_113.pdb	13.355	21.780	0	19.198
swarm_31_22.pdb	16.138	31.937	0	19.119
swarm_10_67.pdb	15.192	25.443	0	19.025
swarm_37_8.pdb	8.849	30.336	0.0243902	18.857
swarm_37_54.pdb	18.491	31.148	0	18.820
swarm_8_61.pdb	14.850	29.314	0	18.792
swarm_20_151.pdb	12.206	33.341	0	18.791
swarm_27_29.pdb	11.555	29.337	0	18.765
swarm_7_69.pdb	16.286	35.385	0	18.756
swarm_22_100.pdb	15.355	37.211	0	18.713
swarm_23_110.pdb	16.671	38.230	0	18.663
swarm_6_98.pdb	14.665	28.157	0	18.647
swarm_7_19.pdb	12.204	42.324	0	18.603
swarm_16_100.pdb	13.339	25.887	0	18.582
swarm_37_110.pdb	10.567	29.965	0.146341	18.477
swarm_5_127.pdb	12.602	36.457	0	18.408
swarm_34_175.pdb	14.575	24.844	0	18.335
swarm_23_81.pdb	16.135	30.804	0	18.325
swarm_20_113.pdb	9.314	32.087	0	18.264
swarm_0_106.pdb	12.250	44.166	0.0243902	18.084
swarm_31_58.pdb	17.328	30.125	0	18.054
swarm_34_102.pdb	11.492	30.745	0	18.048
swarm_0_166.pdb	17.617	43.367	0	17.755
swarm_11_150.pdb	10.742	30.700	0.0243902	17.705
swarm_37_26.pdb	17.897	29.504	0	17.690
swarm_14_120.pdb	13.895	29.093	0	17.558
swarm_1_181.pdb	10.108	38.212	0	17.543
swarm_0_89.pdb	20.537	46.358	0	17.482
swarm_12_79.pdb	8.563	27.178	0.0243902	17.435
swarm_18_165.pdb	14.002	45.179	0	17.377
swarm_16_170.pdb	10.718	24.856	0	17.322
swarm_37_126.pdb	11.671	24.721	0.0243902	17.277
swarm_12_137.pdb	12.022	24.591	0	17.238
swarm_30_47.pdb	17.088	28.774	0	17.236
swarm_23_71.pdb	10.577	37.932	0	17.209
swarm_14_75.pdb	16.179	38.342	0	17.192
swarm_32_119.pdb	15.578	30.090	0	17.155
swarm_11_71.pdb	10.408	33.932	0	17.155
swarm_13_31.pdb	15.098	27.943	0.0243902	17.143
swarm_2_31.pdb	14.993	39.604	0	17.054
swarm_26_154.pdb	14.141	30.399	0	17.048
swarm_36_85.pdb	7.970	22.118	0.146341	17.013
swarm_18_95.pdb	16.002	41.581	0	17.003
swarm_3_61.pdb	12.746	33.799	0	16.980
swarm_23_94.pdb	15.122	35.501	0	16.734
swarm_11_30.pdb	18.610	37.271	0	16.610
swarm_32_56.pdb	13.259	22.330	0	16.532
swarm_32_147.pdb	12.764	23.514	0	16.481
swarm_1_108.pdb	14.473	31.914	0	16.398
swarm_24_190.pdb	11.391	23.035	0	16.377
swarm_0_180.pdb	20.796	43.338	0	16.372
swarm_10_27.pdb	13.331	19.370	0	16.312
swarm_11_125.pdb	20.562	40.616	0	16.285
swarm_32_173.pdb	13.584	22.654	0	16.249
swarm_24_97.pdb	12.770	25.377	0	16.249
swarm_8_163.pdb	16.156	27.555	0	16.231
swarm_13_136.pdb	15.337	34.272	0	16.229
swarm_8_195.pdb	9.962	20.668	0	16.227
swarm_26_133.pdb	15.729	25.811	0	16.174
swarm_28_98.pdb	16.315	35.811	0	16.148
swarm_8_36.pdb	12.742	23.691	0	16.082
swarm_26_18.pdb	15.768	24.708	0	16.028
swarm_16_38.pdb	8.856	21.603	0.0243902	16.012
swarm_18_23.pdb	10.417	43.928	0	15.759
swarm_23_47.pdb	19.904	37.288	0	15.743
swarm_24_114.pdb	9.386	27.242	0.0487805	15.715
swarm_19_110.pdb	15.925	39.944	0.0487805	15.704
swarm_7_175.pdb	17.774	38.826	0	15.665
swarm_24_47.pdb	14.217	25.191	0	15.650
swarm_6_9.pdb	15.426	30.541	0	15.590
swarm_14_116.pdb	17.890	36.995	0	15.574
swarm_1_80.pdb	15.840	36.029	0	15.572
swarm_33_46.pdb	15.611	26.851	0	15.548
swarm_11_97.pdb	7.281	27.065	0.0731707	15.509
swarm_21_117.pdb	18.791	41.024	0	15.482
swarm_10_128.pdb	7.937	19.114	0	15.411
swarm_37_37.pdb	16.911	33.974	0	15.371
swarm_11_78.pdb	12.422	38.424	0.0243902	15.349
swarm_1_102.pdb	12.077	21.967	0	15.321
swarm_23_189.pdb	10.535	29.425	0	15.312
swarm_6_137.pdb	16.738	35.544	0	15.278
swarm_16_136.pdb	8.286	25.621	0	15.079
swarm_36_17.pdb	10.806	19.867	0.0243902	14.983
swarm_26_41.pdb	14.654	27.939	0.0243902	14.976
swarm_16_95.pdb	5.732	21.008	0.097561	14.948
swarm_26_183.pdb	14.118	29.022	0.0243902	14.875
swarm_2_49.pdb	11.357	34.700	0	14.842
swarm_12_109.pdb	10.252	33.143	0	14.797
swarm_14_157.pdb	16.071	25.614	0	14.776
swarm_2_20.pdb	13.576	34.549	0	14.752
swarm_6_38.pdb	15.782	33.897	0	14.653
swarm_37_29.pdb	18.242	32.997	0	14.622
swarm_14_119.pdb	17.896	39.102	0	14.495
swarm_19_152.pdb	8.640	28.042	0	14.494
swarm_18_89.pdb	16.278	39.255	0	14.372
swarm_37_45.pdb	15.654	29.693	0	14.277
swarm_11_112.pdb	11.750	36.323	0	14.097
swarm_18_120.pdb	15.600	48.131	0	13.991
swarm_6_195.pdb	17.950	30.202	0	13.958
swarm_5_150.pdb	17.597	38.728	0	13.913
swarm_17_12.pdb	6.708	19.348	0.0243902	13.874
swarm_15_18.pdb	17.435	35.200	0	13.797
swarm_19_89.pdb	14.284	35.191	0	13.766
swarm_1_114.pdb	11.621	32.238	0	13.743
swarm_7_58.pdb	17.253	40.317	0	13.545
swarm_24_115.pdb	15.751	29.278	0	13.321
swarm_1_123.pdb	13.945	29.972	0	13.276
swarm_30_127.pdb	13.776	26.368	0	13.238
swarm_36_157.pdb	12.266	22.646	0.0487805	13.131
swarm_21_67.pdb	16.863	43.088	0	12.839
swarm_18_146.pdb	16.425	47.162	0	12.717
swarm_14_49.pdb	11.616	30.525	0	12.607
swarm_2_193.pdb	10.926	30.200	0	12.564
swarm_0_182.pdb	19.957	45.224	0	12.507
swarm_17_168.pdb	15.218	31.757	0	12.362
swarm_24_31.pdb	13.785	30.629	0.0487805	12.332
swarm_37_105.pdb	11.095	26.586	0	12.238
swarm_29_165.pdb	16.611	40.980	0	12.199
swarm_27_37.pdb	16.933	35.265	0	12.093
swarm_5_62.pdb	18.329	41.978	0	12.010
swarm_2_115.pdb	16.709	40.256	0	11.711
swarm_4_83.pdb	10.748	28.638	0	11.424
swarm_36_97.pdb	14.177	25.295	0	11.365
swarm_23_98.pdb	19.459	36.978	0	11.332
swarm_5_178.pdb	16.999	34.178	0	11.290
swarm_31_5.pdb	10.176	33.662	0.121951	11.082
swarm_13_59.pdb	17.603	34.353	0	10.795
swarm_12_86.pdb	15.152	28.043	0	10.622
swarm_2_127.pdb	13.557	34.456	0	10.396
swarm_20_194.pdb	12.421	36.965	0	9.585
swarm_29_67.pdb	15.707	43.670	0	9.452
swarm_5_75.pdb	21.170	40.375	0	9.273
swarm_19_105.pdb	9.878	21.977	0	8.963
swarm_15_128.pdb	16.561	38.320	0	8.870
swarm_6_152.pdb	15.195	31.356	0	5.577
swarm_31_37.pdb	11.150	26.599	0	5.429
swarm_24_40.pdb	10.548	33.983	0.195122	4.447
swarm_8_18.pdb	17.981	33.328	0	2.235
swarm_29_90.pdb	15.723	33.995	0	1.319
