run0-swarm_42_76.pdb	8.112	21.268	0.0243902	43.157
run0-swarm_30_170.pdb	8.113	21.428	0.0243902	42.049
run0-swarm_17_56.pdb	7.967	20.231	0	41.012
run0-swarm_37_172.pdb	7.918	21.453	0.0243902	39.503
run0-swarm_7_67.pdb	7.570	20.543	0	37.720
run1-swarm_12_75.pdb	7.261	22.036	0.146341	35.185
run0-swarm_38_13.pdb	3.035	4.670	0.536585	34.635
run0-swarm_35_140.pdb	2.997	3.950	0.682927	34.055
run0-swarm_40_192.pdb	3.511	7.317	0.560976	33.350
run0-swarm_18_188.pdb	3.221	4.769	0.585366	33.209
run0-swarm_24_24.pdb	3.586	7.393	0.536585	32.720
run1-swarm_34_154.pdb	8.496	19.746	0.097561	31.833
run1-swarm_30_198.pdb	3.018	5.267	0.390244	31.801
run0-swarm_0_130.pdb	3.481	8.070	0.560976	31.763
run0-swarm_54_73.pdb	8.731	23.922	0	31.687
run0-swarm_55_51.pdb	3.256	4.695	0.512195	31.466
run1-swarm_22_22.pdb	14.001	34.353	0	31.134
run1-swarm_19_190.pdb	8.879	24.371	0	31.012
run0-swarm_12_111.pdb	8.422	20.516	0.0243902	30.936
run0-swarm_22_41.pdb	8.774	23.995	0.0243902	30.918
run1-swarm_3_123.pdb	7.895	22.060	0.0487805	30.845
run1-swarm_19_38.pdb	7.293	18.378	0.0487805	30.708
run1-swarm_39_169.pdb	7.620	19.803	0.0487805	30.678
run0-swarm_17_33.pdb	3.113	4.993	0.634146	30.470
run1-swarm_37_34.pdb	5.527	19.033	0.097561	30.204
run1-swarm_31_9.pdb	5.799	21.222	0.0487805	29.889
run0-swarm_16_169.pdb	3.424	8.479	0.585366	29.840
run1-swarm_40_138.pdb	8.868	29.494	0	29.764
run0-swarm_19_186.pdb	2.893	4.467	0.634146	29.547
run1-swarm_7_66.pdb	8.790	22.827	0	29.430
run0-swarm_56_10.pdb	7.884	15.055	0.097561	29.394
run1-swarm_35_80.pdb	6.156	22.614	0.0731707	29.276
run1-swarm_8_76.pdb	7.589	27.620	0.0731707	28.950
run1-swarm_15_125.pdb	5.174	13.258	0.219512	28.724
run1-swarm_6_56.pdb	11.007	42.599	0	28.667
run1-swarm_29_176.pdb	9.978	33.318	0	28.532
run1-swarm_47_44.pdb	8.431	22.124	0	28.469
run1-swarm_3_171.pdb	9.734	24.683	0	28.387
run1-swarm_32_122.pdb	3.354	6.713	0.365854	28.340
run1-swarm_38_24.pdb	8.777	29.789	0	28.307
run1-swarm_12_108.pdb	2.778	4.410	0.414634	28.140
run1-swarm_41_143.pdb	7.870	24.021	0	27.902
run1-swarm_18_107.pdb	8.856	30.059	0	27.762
run1-swarm_1_121.pdb	3.079	6.875	0.341463	27.660
run0-swarm_23_190.pdb	7.191	32.774	0.121951	27.276
run1-swarm_39_136.pdb	9.047	29.081	0	27.247
run1-swarm_34_145.pdb	3.765	11.387	0.292683	27.183
run0-swarm_26_33.pdb	7.302	28.962	0.0487805	27.168
run0-swarm_44_45.pdb	7.983	17.202	0.0243902	27.058
run1-swarm_4_150.pdb	9.813	27.353	0	27.054
run1-swarm_33_111.pdb	11.470	34.535	0	27.041
run1-swarm_34_3.pdb	5.721	14.363	0.170732	27.004
run0-swarm_56_109.pdb	6.524	17.942	0.121951	26.914
run1-swarm_16_128.pdb	9.704	28.522	0	26.897
run1-swarm_23_56.pdb	7.720	25.070	0	26.851
run1-swarm_0_56.pdb	7.438	20.055	0.0243902	26.837
run1-swarm_3_129.pdb	10.390	34.686	0	26.798
run1-swarm_45_97.pdb	4.857	15.352	0.268293	26.766
run1-swarm_22_57.pdb	10.551	37.766	0	26.736
run1-swarm_45_120.pdb	9.379	22.756	0.0243902	26.676
run1-swarm_46_78.pdb	7.951	30.746	0.0731707	26.653
run1-swarm_15_103.pdb	2.926	7.422	0.195122	26.653
run1-swarm_16_50.pdb	11.308	28.220	0	26.635
run1-swarm_11_110.pdb	11.375	45.171	0	26.630
run0-swarm_48_79.pdb	9.012	29.631	0	26.571
run1-swarm_39_182.pdb	9.060	22.238	0	26.568
run0-swarm_22_164.pdb	7.633	24.491	0	26.552
run1-swarm_10_63.pdb	8.325	25.929	0	26.538
run1-swarm_7_0.pdb	7.893	24.543	0	26.392
run1-swarm_9_47.pdb	8.839	31.113	0	26.346
run1-swarm_10_1.pdb	8.989	29.963	0	26.323
run0-swarm_35_86.pdb	7.175	12.335	0.097561	26.257
run1-swarm_45_52.pdb	3.048	7.885	0.317073	26.161
run0-swarm_55_136.pdb	7.299	12.881	0.097561	26.064
run0-swarm_27_15.pdb	9.044	32.672	0	25.953
run1-swarm_46_92.pdb	8.134	27.548	0	25.942
run1-swarm_26_152.pdb	10.991	34.026	0	25.940
run1-swarm_34_63.pdb	8.874	24.805	0	25.930
run1-swarm_18_139.pdb	10.663	40.608	0	25.913
run1-swarm_8_64.pdb	8.398	26.648	0	25.912
run1-swarm_45_174.pdb	7.342	20.252	0.0243902	25.894
run0-swarm_18_119.pdb	5.213	13.535	0.219512	25.778
run0-swarm_57_15.pdb	8.535	22.826	0	25.728
run1-swarm_48_75.pdb	8.667	31.190	0	25.476
run1-swarm_43_22.pdb	10.223	27.033	0	25.414
run1-swarm_2_193.pdb	10.739	26.516	0	25.388
run1-swarm_9_138.pdb	9.173	30.523	0	25.381
run1-swarm_14_89.pdb	11.131	43.341	0	25.365
run0-swarm_9_109.pdb	7.258	22.054	0.0487805	25.277
run1-swarm_48_118.pdb	8.541	18.713	0	25.238
run1-swarm_5_5.pdb	9.644	30.992	0	25.234
run1-swarm_48_103.pdb	9.049	31.137	0	25.231
run0-swarm_10_139.pdb	2.745	4.177	0.414634	25.213
run1-swarm_47_156.pdb	7.147	20.032	0.0487805	25.150
run1-swarm_22_177.pdb	10.340	27.888	0	25.040
run1-swarm_4_196.pdb	8.081	23.876	0.0243902	24.985
run1-swarm_19_80.pdb	5.976	21.071	0.097561	24.909
run1-swarm_27_143.pdb	9.902	36.938	0	24.905
run0-swarm_25_65.pdb	8.779	27.630	0	24.904
run1-swarm_50_61.pdb	10.859	35.935	0	24.851
run1-swarm_25_6.pdb	8.953	26.923	0	24.827
run1-swarm_36_143.pdb	7.151	19.396	0.0243902	24.814
run0-swarm_5_45.pdb	9.711	32.552	0	24.655
run1-swarm_17_71.pdb	7.223	23.381	0.121951	24.478
run1-swarm_20_31.pdb	10.563	39.059	0	24.451
run0-swarm_41_61.pdb	7.292	32.478	0.121951	24.379
run0-swarm_7_119.pdb	11.473	31.991	0.0243902	24.350
run0-swarm_29_56.pdb	6.191	12.239	0.195122	24.256
run0-swarm_21_152.pdb	7.713	28.262	0.0243902	24.218
run0-swarm_3_148.pdb	7.033	18.658	0.0487805	24.189
run0-swarm_32_157.pdb	6.940	30.803	0.121951	24.171
run0-swarm_52_120.pdb	8.143	26.370	0	24.091
run0-swarm_6_79.pdb	8.382	31.546	0	24.086
run0-swarm_4_146.pdb	7.459	30.281	0.0243902	24.073
run1-swarm_27_16.pdb	11.081	39.313	0	24.056
run0-swarm_58_118.pdb	8.140	15.229	0.0487805	24.035
run0-swarm_18_73.pdb	7.394	13.564	0	24.025
run0-swarm_4_158.pdb	6.037	23.487	0.219512	23.933
run1-swarm_44_125.pdb	10.830	35.981	0	23.931
run1-swarm_41_85.pdb	9.056	29.106	0	23.928
run1-swarm_13_96.pdb	3.179	7.567	0.414634	23.887
run0-swarm_46_66.pdb	8.814	29.463	0	23.811
run0-swarm_1_195.pdb	7.285	26.077	0.0243902	23.775
run0-swarm_30_96.pdb	7.753	22.319	0	23.729
run1-swarm_11_172.pdb	9.826	35.499	0	23.686
run1-swarm_0_153.pdb	3.487	10.913	0.219512	23.665
run1-swarm_37_101.pdb	6.975	18.244	0.195122	23.577
run1-swarm_25_130.pdb	10.470	36.622	0	23.568
run0-swarm_2_2.pdb	7.826	26.254	0	23.545
run0-swarm_47_90.pdb	7.336	23.250	0	23.510
run0-swarm_10_159.pdb	7.274	12.492	0.0243902	23.501
run1-swarm_44_83.pdb	9.797	36.002	0	23.426
run1-swarm_14_180.pdb	14.897	50.081	0	23.343
run0-swarm_31_1.pdb	8.879	27.953	0	23.310
run0-swarm_23_29.pdb	7.171	25.499	0.0243902	23.282
run0-swarm_43_157.pdb	8.104	13.721	0	23.263
run0-swarm_8_105.pdb	6.924	16.516	0.0731707	23.232
run0-swarm_26_37.pdb	6.793	29.205	0.195122	23.170
run0-swarm_34_158.pdb	5.712	22.329	0.268293	23.155
run1-swarm_2_4.pdb	8.512	25.347	0	23.143
run1-swarm_19_159.pdb	9.819	28.860	0	23.129
run0-swarm_47_193.pdb	8.520	20.438	0	23.086
run1-swarm_36_6.pdb	4.411	13.665	0.0243902	22.994
run0-swarm_24_96.pdb	7.491	20.213	0.0487805	22.994
run1-swarm_12_52.pdb	5.775	20.027	0.243902	22.988
run0-swarm_51_156.pdb	7.287	31.420	0.0731707	22.874
run0-swarm_44_71.pdb	5.328	11.825	0.146341	22.829
run1-swarm_33_127.pdb	11.695	37.014	0	22.747
run0-swarm_12_107.pdb	8.457	23.780	0	22.643
run0-swarm_17_129.pdb	7.781	12.439	0	22.639
run1-swarm_1_172.pdb	7.257	20.765	0.0243902	22.614
run1-swarm_49_185.pdb	7.879	28.981	0.0243902	22.558
run0-swarm_35_98.pdb	4.232	14.499	0.390244	22.513
run1-swarm_16_197.pdb	4.283	13.823	0.146341	22.470
run1-swarm_4_26.pdb	10.353	35.184	0	22.428
run0-swarm_15_126.pdb	10.108	27.887	0.0243902	22.408
run0-swarm_36_189.pdb	6.595	26.841	0.121951	22.372
run1-swarm_49_188.pdb	9.045	32.596	0.0487805	22.364
run1-swarm_49_157.pdb	10.946	24.528	0	22.359
run1-swarm_43_23.pdb	8.271	21.504	0.0243902	22.219
run1-swarm_38_70.pdb	9.733	35.211	0	22.202
run0-swarm_4_121.pdb	10.318	29.480	0.0243902	22.044
run0-swarm_38_186.pdb	7.897	13.278	0.0243902	21.771
run1-swarm_17_34.pdb	10.160	23.335	0	21.736
run1-swarm_36_49.pdb	7.454	23.176	0	21.721
run0-swarm_3_168.pdb	8.598	29.496	0.0243902	21.646
run1-swarm_21_60.pdb	6.900	26.132	0.0487805	21.625
run1-swarm_1_118.pdb	7.306	16.259	0.0731707	21.543
run0-swarm_45_14.pdb	6.590	13.672	0.0487805	21.504
run0-swarm_54_119.pdb	8.019	30.594	0	21.487
run0-swarm_16_190.pdb	7.090	13.330	0.0243902	21.479
run0-swarm_51_49.pdb	5.909	25.146	0.146341	21.444
run0-swarm_32_2.pdb	5.501	21.481	0.268293	21.432
run1-swarm_50_0.pdb	13.376	44.951	0	21.414
run0-swarm_6_87.pdb	9.368	32.066	0	21.184
run1-swarm_50_116.pdb	9.457	39.289	0	21.171
run1-swarm_47_193.pdb	8.675	27.915	0	21.100
run1-swarm_23_52.pdb	4.562	14.873	0.121951	21.083
run0-swarm_29_79.pdb	9.615	23.819	0	21.054
run0-swarm_31_14.pdb	8.559	30.601	0	21.008
run0-swarm_36_191.pdb	8.124	23.399	0.097561	20.987
run0-swarm_45_155.pdb	8.430	22.793	0	20.922
run1-swarm_2_5.pdb	9.957	30.267	0	20.870
run1-swarm_28_102.pdb	5.828	21.494	0.097561	20.786
run0-swarm_13_72.pdb	6.311	25.592	0.195122	20.640
run1-swarm_2_53.pdb	12.164	36.904	0	20.571
run0-swarm_13_192.pdb	7.926	30.196	0	20.534
run1-swarm_22_68.pdb	11.210	38.096	0	20.501
run1-swarm_26_96.pdb	15.012	47.023	0	20.461
run1-swarm_33_64.pdb	10.890	39.893	0	20.403
run1-swarm_6_46.pdb	14.972	47.329	0	20.383
run1-swarm_37_164.pdb	12.092	25.704	0	20.348
run0-swarm_12_51.pdb	7.349	14.186	0	20.298
run0-swarm_40_153.pdb	5.554	20.924	0.219512	20.280
run1-swarm_36_161.pdb	10.341	19.075	0	20.279
run1-swarm_23_11.pdb	5.640	21.086	0.097561	20.236
run1-swarm_9_18.pdb	7.964	21.954	0.0243902	20.171
run0-swarm_19_140.pdb	8.600	15.278	0	20.137
run1-swarm_47_39.pdb	4.481	16.739	0.146341	20.070
run1-swarm_31_100.pdb	2.984	6.186	0.292683	20.059
run1-swarm_17_183.pdb	9.602	32.972	0	20.049
run0-swarm_50_192.pdb	5.964	26.296	0.219512	19.968
run0-swarm_57_135.pdb	8.250	16.199	0.0487805	19.894
run1-swarm_17_181.pdb	10.311	28.840	0	19.844
run1-swarm_31_113.pdb	5.601	20.971	0.097561	19.815
run0-swarm_34_176.pdb	7.771	17.454	0.0243902	19.778
run1-swarm_7_6.pdb	9.441	31.073	0	19.774
run0-swarm_37_104.pdb	7.722	17.914	0.0487805	19.765
run0-swarm_47_189.pdb	7.346	15.998	0.0487805	19.756
run1-swarm_25_116.pdb	11.620	39.803	0	19.654
run1-swarm_7_36.pdb	6.743	24.865	0.097561	19.587
run1-swarm_16_133.pdb	6.093	16.578	0.097561	19.578
run0-swarm_15_88.pdb	4.331	16.088	0.341463	19.548
run1-swarm_33_125.pdb	8.235	30.327	0.0243902	19.491
run0-swarm_32_66.pdb	8.019	21.846	0	19.464
run1-swarm_39_55.pdb	5.172	17.670	0.170732	19.462
run0-swarm_58_85.pdb	7.811	18.604	0.0243902	19.377
run1-swarm_3_14.pdb	8.663	26.656	0.0731707	19.374
run1-swarm_16_170.pdb	6.888	22.693	0.0487805	19.313
run0-swarm_40_81.pdb	5.638	17.351	0.195122	19.305
run1-swarm_36_48.pdb	8.210	21.556	0	19.279
run0-swarm_15_187.pdb	6.867	30.048	0.121951	19.174
run0-swarm_17_68.pdb	5.527	18.008	0.219512	19.125
run0-swarm_36_114.pdb	6.768	22.082	0.0487805	19.087
run0-swarm_7_103.pdb	8.521	26.881	0.170732	19.033
run0-swarm_13_193.pdb	6.137	23.965	0.317073	18.994
run0-swarm_33_186.pdb	10.563	35.479	0	18.825
run1-swarm_41_61.pdb	6.650	23.042	0.121951	18.696
run0-swarm_51_99.pdb	9.533	30.810	0	18.648
run0-swarm_17_139.pdb	6.185	19.967	0.243902	18.618
run0-swarm_1_77.pdb	8.704	35.257	0.097561	18.614
run0-swarm_23_1.pdb	6.896	26.155	0.097561	18.408
run0-swarm_10_156.pdb	9.303	22.833	0	18.394
run0-swarm_43_57.pdb	7.712	22.853	0.0243902	18.251
run0-swarm_16_13.pdb	8.726	21.013	0	18.218
run1-swarm_18_186.pdb	10.313	36.448	0	18.214
run0-swarm_37_78.pdb	3.710	6.541	0.243902	18.207
run0-swarm_7_73.pdb	7.526	26.742	0.170732	18.198
run0-swarm_30_118.pdb	6.375	20.919	0.219512	18.187
run1-swarm_26_173.pdb	12.652	44.460	0	18.182
run0-swarm_23_0.pdb	8.881	23.008	0	18.167
run1-swarm_43_187.pdb	9.944	35.243	0	18.074
run1-swarm_20_68.pdb	13.301	34.647	0	18.068
run1-swarm_18_108.pdb	9.844	40.068	0	18.049
run0-swarm_54_5.pdb	7.679	21.220	0	18.032
run1-swarm_16_196.pdb	10.340	19.608	0	18.022
run0-swarm_45_196.pdb	5.613	17.974	0.243902	17.941
run0-swarm_24_2.pdb	8.979	20.515	0	17.896
run1-swarm_29_157.pdb	12.728	34.996	0	17.742
run0-swarm_45_40.pdb	5.093	18.158	0.268293	17.596
run0-swarm_16_14.pdb	6.927	18.936	0.146341	17.569
run0-swarm_12_177.pdb	10.847	28.252	0	17.424
run0-swarm_1_38.pdb	6.543	27.917	0.0243902	17.385
run1-swarm_15_100.pdb	6.509	10.607	0.0243902	17.289
run1-swarm_44_146.pdb	14.532	46.966	0	17.285
run0-swarm_4_122.pdb	6.474	25.325	0.341463	17.230
run0-swarm_56_135.pdb	9.348	16.760	0	17.185
run1-swarm_29_131.pdb	7.511	28.243	0.0243902	17.144
run1-swarm_12_46.pdb	6.441	15.472	0.0487805	17.031
run0-swarm_9_58.pdb	7.942	18.817	0.0731707	16.969
run1-swarm_1_74.pdb	7.359	19.212	0.0487805	16.909
run1-swarm_0_44.pdb	4.506	12.830	0.097561	16.903
run1-swarm_21_13.pdb	5.283	19.981	0.0731707	16.761
run1-swarm_2_180.pdb	10.979	36.352	0	16.758
run0-swarm_24_25.pdb	6.626	24.829	0.121951	16.680
run0-swarm_32_134.pdb	5.986	22.252	0.317073	16.615
run0-swarm_22_105.pdb	10.619	32.752	0	16.546
run0-swarm_19_38.pdb	6.071	19.967	0.121951	16.481
run0-swarm_37_97.pdb	7.273	18.370	0.0243902	16.358
run1-swarm_19_25.pdb	9.777	17.406	0	16.043
run1-swarm_19_10.pdb	8.128	26.230	0.121951	15.934
run1-swarm_0_15.pdb	8.522	13.482	0	15.570
run0-swarm_12_1.pdb	6.478	22.243	0.146341	15.479
run0-swarm_30_29.pdb	4.495	16.763	0.195122	15.477
run0-swarm_34_187.pdb	7.710	21.239	0.097561	15.440
run1-swarm_43_75.pdb	8.548	31.907	0	15.425
run1-swarm_48_90.pdb	8.794	32.402	0.0731707	15.361
run0-swarm_10_15.pdb	6.395	12.227	0.170732	15.325
run0-swarm_45_148.pdb	6.738	24.391	0.365854	15.283
run0-swarm_25_136.pdb	4.301	13.382	0.146341	14.924
run0-swarm_12_193.pdb	8.662	30.684	0.0487805	14.745
run0-swarm_12_109.pdb	5.558	18.519	0.0487805	14.745
run0-swarm_34_40.pdb	3.712	8.414	0.170732	14.585
run1-swarm_1_12.pdb	8.444	18.232	0	14.568
run0-swarm_15_2.pdb	6.820	20.940	0	14.498
run0-swarm_23_63.pdb	8.676	22.942	0	14.488
run1-swarm_26_73.pdb	13.663	44.062	0	14.193
run1-swarm_45_76.pdb	10.277	17.657	0	14.150
run0-swarm_38_0.pdb	8.091	14.490	0	13.911
run0-swarm_5_172.pdb	6.529	26.920	0.0487805	13.777
run0-swarm_15_145.pdb	7.615	29.765	0.170732	13.301
run1-swarm_26_2.pdb	11.657	32.027	0	12.460
run0-swarm_13_65.pdb	7.561	33.917	0.0243902	12.400
run0-swarm_16_94.pdb	7.152	19.350	0.0243902	12.133
run0-swarm_48_104.pdb	15.577	48.506	0	11.159
run0-swarm_35_194.pdb	7.572	18.536	0.0243902	10.652
run0-swarm_22_140.pdb	7.683	25.799	0.0731707	10.613
run0-swarm_18_179.pdb	9.107	19.411	0	10.009
run0-swarm_54_169.pdb	8.802	34.962	0.0243902	9.902
run1-swarm_22_118.pdb	15.503	40.111	0	7.770
run0-swarm_27_29.pdb	7.918	29.553	0	7.021
run0-swarm_42_13.pdb	6.238	24.492	0.097561	6.262
run1-swarm_8_21.pdb	5.360	20.347	0.0731707	3.976
run1-swarm_50_170.pdb	15.187	39.029	0	3.264
run1-swarm_50_91.pdb	14.946	48.030	0	2.877
run1-swarm_2_75.pdb	8.437	31.776	0.0243902	1.666
run0-swarm_26_65.pdb	5.303	23.673	0.243902	0.579
