run1-swarm_12_75.pdb	7.261	22.036	0.146341	35.185
run1-swarm_34_154.pdb	8.496	19.746	0.097561	31.833
run1-swarm_30_198.pdb	3.018	5.267	0.390244	31.801
run1-swarm_22_22.pdb	14.001	34.353	0	31.134
run1-swarm_19_190.pdb	8.879	24.371	0	31.012
run1-swarm_3_123.pdb	7.895	22.060	0.0487805	30.845
run1-swarm_19_38.pdb	7.293	18.378	0.0487805	30.708
run1-swarm_39_169.pdb	7.620	19.803	0.0487805	30.678
run1-swarm_37_34.pdb	5.527	19.033	0.097561	30.204
run1-swarm_31_9.pdb	5.799	21.222	0.0487805	29.889
run1-swarm_40_138.pdb	8.868	29.494	0	29.764
run1-swarm_7_66.pdb	8.790	22.827	0	29.430
run1-swarm_35_80.pdb	6.156	22.614	0.0731707	29.276
run1-swarm_8_76.pdb	7.589	27.620	0.0731707	28.950
run1-swarm_15_125.pdb	5.174	13.258	0.219512	28.724
run1-swarm_6_56.pdb	11.007	42.599	0	28.667
run1-swarm_29_176.pdb	9.978	33.318	0	28.532
run1-swarm_47_44.pdb	8.431	22.124	0	28.469
run1-swarm_3_171.pdb	9.734	24.683	0	28.387
run1-swarm_32_122.pdb	3.354	6.713	0.365854	28.340
run1-swarm_38_24.pdb	8.777	29.789	0	28.307
run1-swarm_12_108.pdb	2.778	4.410	0.414634	28.140
run1-swarm_41_143.pdb	7.870	24.021	0	27.902
run1-swarm_18_107.pdb	8.856	30.059	0	27.762
run1-swarm_1_121.pdb	3.079	6.875	0.341463	27.660
run1-swarm_39_136.pdb	9.047	29.081	0	27.247
run1-swarm_34_145.pdb	3.765	11.387	0.292683	27.183
run1-swarm_4_150.pdb	9.813	27.353	0	27.054
run1-swarm_33_111.pdb	11.470	34.535	0	27.041
run1-swarm_34_3.pdb	5.721	14.363	0.170732	27.004
run1-swarm_16_128.pdb	9.704	28.522	0	26.897
run1-swarm_23_56.pdb	7.720	25.070	0	26.851
run1-swarm_0_56.pdb	7.438	20.055	0.0243902	26.837
run1-swarm_3_129.pdb	10.390	34.686	0	26.798
run1-swarm_45_97.pdb	4.857	15.352	0.268293	26.766
run1-swarm_22_57.pdb	10.551	37.766	0	26.736
run1-swarm_45_120.pdb	9.379	22.756	0.0243902	26.676
run1-swarm_46_78.pdb	7.951	30.746	0.0731707	26.653
run1-swarm_15_103.pdb	2.926	7.422	0.195122	26.653
run1-swarm_16_50.pdb	11.308	28.220	0	26.635
run1-swarm_11_110.pdb	11.375	45.171	0	26.630
run1-swarm_39_182.pdb	9.060	22.238	0	26.568
run1-swarm_10_63.pdb	8.325	25.929	0	26.538
run1-swarm_7_0.pdb	7.893	24.543	0	26.392
run1-swarm_9_47.pdb	8.839	31.113	0	26.346
run1-swarm_10_1.pdb	8.989	29.963	0	26.323
run1-swarm_45_52.pdb	3.048	7.885	0.317073	26.161
run1-swarm_46_92.pdb	8.134	27.548	0	25.942
run1-swarm_26_152.pdb	10.991	34.026	0	25.940
run1-swarm_34_63.pdb	8.874	24.805	0	25.930
run1-swarm_18_139.pdb	10.663	40.608	0	25.913
run1-swarm_8_64.pdb	8.398	26.648	0	25.912
run1-swarm_45_174.pdb	7.342	20.252	0.0243902	25.894
run1-swarm_48_75.pdb	8.667	31.190	0	25.476
run1-swarm_43_22.pdb	10.223	27.033	0	25.414
run1-swarm_2_193.pdb	10.739	26.516	0	25.388
run1-swarm_9_138.pdb	9.173	30.523	0	25.381
run1-swarm_14_89.pdb	11.131	43.341	0	25.365
run1-swarm_48_118.pdb	8.541	18.713	0	25.238
run1-swarm_5_5.pdb	9.644	30.992	0	25.234
run1-swarm_48_103.pdb	9.049	31.137	0	25.231
run1-swarm_47_156.pdb	7.147	20.032	0.0487805	25.150
run1-swarm_22_177.pdb	10.340	27.888	0	25.040
run1-swarm_4_196.pdb	8.081	23.876	0.0243902	24.985
run1-swarm_19_80.pdb	5.976	21.071	0.097561	24.909
run1-swarm_27_143.pdb	9.902	36.938	0	24.905
run1-swarm_50_61.pdb	10.859	35.935	0	24.851
run1-swarm_25_6.pdb	8.953	26.923	0	24.827
run1-swarm_36_143.pdb	7.151	19.396	0.0243902	24.814
run1-swarm_17_71.pdb	7.223	23.381	0.121951	24.478
run1-swarm_20_31.pdb	10.563	39.059	0	24.451
run1-swarm_27_16.pdb	11.081	39.313	0	24.056
run1-swarm_44_125.pdb	10.830	35.981	0	23.931
run1-swarm_41_85.pdb	9.056	29.106	0	23.928
run1-swarm_13_96.pdb	3.179	7.567	0.414634	23.887
run1-swarm_11_172.pdb	9.826	35.499	0	23.686
run1-swarm_0_153.pdb	3.487	10.913	0.219512	23.665
run1-swarm_37_101.pdb	6.975	18.244	0.195122	23.577
run1-swarm_25_130.pdb	10.470	36.622	0	23.568
run1-swarm_44_83.pdb	9.797	36.002	0	23.426
run1-swarm_14_180.pdb	14.897	50.081	0	23.343
run1-swarm_2_4.pdb	8.512	25.347	0	23.143
run1-swarm_19_159.pdb	9.819	28.860	0	23.129
run1-swarm_36_6.pdb	4.411	13.665	0.0243902	22.994
run1-swarm_12_52.pdb	5.775	20.027	0.243902	22.988
run1-swarm_33_127.pdb	11.695	37.014	0	22.747
run1-swarm_1_172.pdb	7.257	20.765	0.0243902	22.614
run1-swarm_49_185.pdb	7.879	28.981	0.0243902	22.558
run1-swarm_16_197.pdb	4.283	13.823	0.146341	22.470
run1-swarm_4_26.pdb	10.353	35.184	0	22.428
run1-swarm_49_188.pdb	9.045	32.596	0.0487805	22.364
run1-swarm_49_157.pdb	10.946	24.528	0	22.359
run1-swarm_43_23.pdb	8.271	21.504	0.0243902	22.219
run1-swarm_38_70.pdb	9.733	35.211	0	22.202
run1-swarm_17_34.pdb	10.160	23.335	0	21.736
run1-swarm_36_49.pdb	7.454	23.176	0	21.721
run1-swarm_21_60.pdb	6.900	26.132	0.0487805	21.625
run1-swarm_1_118.pdb	7.306	16.259	0.0731707	21.543
run1-swarm_50_0.pdb	13.376	44.951	0	21.414
run1-swarm_50_116.pdb	9.457	39.289	0	21.171
run1-swarm_47_193.pdb	8.675	27.915	0	21.100
run1-swarm_23_52.pdb	4.562	14.873	0.121951	21.083
run1-swarm_2_5.pdb	9.957	30.267	0	20.870
run1-swarm_28_102.pdb	5.828	21.494	0.097561	20.786
run1-swarm_2_53.pdb	12.164	36.904	0	20.571
run1-swarm_22_68.pdb	11.210	38.096	0	20.501
run1-swarm_26_96.pdb	15.012	47.023	0	20.461
run1-swarm_33_64.pdb	10.890	39.893	0	20.403
run1-swarm_6_46.pdb	14.972	47.329	0	20.383
run1-swarm_37_164.pdb	12.092	25.704	0	20.348
run1-swarm_36_161.pdb	10.341	19.075	0	20.279
run1-swarm_23_11.pdb	5.640	21.086	0.097561	20.236
run1-swarm_9_18.pdb	7.964	21.954	0.0243902	20.171
run1-swarm_47_39.pdb	4.481	16.739	0.146341	20.070
run1-swarm_31_100.pdb	2.984	6.186	0.292683	20.059
run1-swarm_17_183.pdb	9.602	32.972	0	20.049
run1-swarm_17_181.pdb	10.311	28.840	0	19.844
run1-swarm_31_113.pdb	5.601	20.971	0.097561	19.815
run1-swarm_7_6.pdb	9.441	31.073	0	19.774
run1-swarm_25_116.pdb	11.620	39.803	0	19.654
run1-swarm_7_36.pdb	6.743	24.865	0.097561	19.587
run1-swarm_16_133.pdb	6.093	16.578	0.097561	19.578
run1-swarm_33_125.pdb	8.235	30.327	0.0243902	19.491
run1-swarm_39_55.pdb	5.172	17.670	0.170732	19.462
run1-swarm_3_14.pdb	8.663	26.656	0.0731707	19.374
run1-swarm_16_170.pdb	6.888	22.693	0.0487805	19.313
run1-swarm_36_48.pdb	8.210	21.556	0	19.279
run1-swarm_41_61.pdb	6.650	23.042	0.121951	18.696
run1-swarm_18_186.pdb	10.313	36.448	0	18.214
run1-swarm_26_173.pdb	12.652	44.460	0	18.182
run1-swarm_43_187.pdb	9.944	35.243	0	18.074
run1-swarm_20_68.pdb	13.301	34.647	0	18.068
run1-swarm_18_108.pdb	9.844	40.068	0	18.049
run1-swarm_16_196.pdb	10.340	19.608	0	18.022
run1-swarm_29_157.pdb	12.728	34.996	0	17.742
run1-swarm_15_100.pdb	6.509	10.607	0.0243902	17.289
run1-swarm_44_146.pdb	14.532	46.966	0	17.285
run1-swarm_29_131.pdb	7.511	28.243	0.0243902	17.144
run1-swarm_12_46.pdb	6.441	15.472	0.0487805	17.031
run1-swarm_1_74.pdb	7.359	19.212	0.0487805	16.909
run1-swarm_0_44.pdb	4.506	12.830	0.097561	16.903
run1-swarm_21_13.pdb	5.283	19.981	0.0731707	16.761
run1-swarm_2_180.pdb	10.979	36.352	0	16.758
run1-swarm_19_25.pdb	9.777	17.406	0	16.043
run1-swarm_19_10.pdb	8.128	26.230	0.121951	15.934
run1-swarm_0_15.pdb	8.522	13.482	0	15.570
run1-swarm_43_75.pdb	8.548	31.907	0	15.425
run1-swarm_48_90.pdb	8.794	32.402	0.0731707	15.361
run1-swarm_1_12.pdb	8.444	18.232	0	14.568
run1-swarm_26_73.pdb	13.663	44.062	0	14.193
run1-swarm_45_76.pdb	10.277	17.657	0	14.150
run1-swarm_26_2.pdb	11.657	32.027	0	12.460
run1-swarm_22_118.pdb	15.503	40.111	0	7.770
run1-swarm_8_21.pdb	5.360	20.347	0.0731707	3.976
run1-swarm_50_170.pdb	15.187	39.029	0	3.264
run1-swarm_50_91.pdb	14.946	48.030	0	2.877
run1-swarm_2_75.pdb	8.437	31.776	0.0243902	1.666
