swarm_11_169.pdb	17.571	49.533	0	45.051
swarm_1_189.pdb	16.687	47.690	0	35.427
swarm_11_97.pdb	9.613	22.768	0	34.517
swarm_7_68.pdb	20.840	39.887	0	33.288
swarm_18_13.pdb	19.950	37.702	0	32.445
swarm_20_105.pdb	24.259	41.256	0	32.040
swarm_18_143.pdb	17.353	46.432	0.12069	31.564
swarm_12_10.pdb	21.840	47.644	0	31.103
swarm_3_194.pdb	21.327	44.637	0	30.876
swarm_11_7.pdb	17.090	33.174	0	30.544
swarm_1_30.pdb	10.027	30.792	0	30.401
swarm_20_110.pdb	20.574	39.572	0	29.728
swarm_12_31.pdb	20.181	36.834	0	28.587
swarm_15_44.pdb	14.700	48.562	0	28.123
swarm_1_169.pdb	21.920	48.075	0	27.674
swarm_3_3.pdb	19.495	38.321	0	26.978
swarm_1_83.pdb	16.109	33.479	0.0172414	26.310
swarm_5_100.pdb	12.086	41.108	0	26.144
swarm_1_186.pdb	17.390	36.562	0	25.918
swarm_7_175.pdb	15.412	38.649	0	25.862
swarm_1_49.pdb	15.547	43.564	0	25.822
swarm_3_139.pdb	12.685	29.686	0	25.615
swarm_6_66.pdb	25.318	45.812	0	23.834
swarm_1_44.pdb	19.181	38.245	0	23.295
swarm_3_190.pdb	29.598	46.789	0	23.145
swarm_1_126.pdb	20.370	49.211	0	22.897
swarm_3_34.pdb	22.590	43.360	0	21.955
swarm_0_195.pdb	24.757	46.042	0	21.907
swarm_19_157.pdb	12.609	57.061	0	21.869
swarm_14_55.pdb	12.440	48.192	0	20.906
swarm_3_96.pdb	16.092	40.874	0	20.215
swarm_5_27.pdb	25.574	40.964	0	19.789
swarm_7_167.pdb	24.248	41.938	0	19.444
swarm_19_165.pdb	15.812	52.120	0	16.900
swarm_19_40.pdb	23.043	46.223	0	14.502
swarm_11_189.pdb	19.259	38.939	0	13.296
swarm_14_99.pdb	14.225	50.998	0	12.430
swarm_22_165.pdb	21.434	43.876	0	11.091
swarm_7_109.pdb	23.505	40.972	0	8.430
swarm_5_195.pdb	20.788	38.670	0	2.517
swarm_3_184.pdb	16.863	41.525	0	0.810
