swarm_9_158.pdb	7.869	22.166	0	54.976
swarm_8_52.pdb	8.220	22.472	0	53.604
swarm_8_62.pdb	7.530	15.158	0	52.454
swarm_10_117.pdb	7.716	19.665	0	45.493
swarm_14_71.pdb	2.145	9.852	0.586207	45.071
swarm_11_182.pdb	8.244	23.534	0	44.264
swarm_1_147.pdb	7.205	20.798	0	42.432
swarm_1_135.pdb	3.529	14.952	0.241379	41.859
swarm_6_131.pdb	7.926	22.858	0	39.273
swarm_16_45.pdb	2.760	19.097	0.310345	38.695
swarm_3_93.pdb	7.897	36.479	0	38.692
swarm_10_102.pdb	7.487	23.415	0	37.530
swarm_7_124.pdb	7.822	22.411	0	36.158
swarm_17_95.pdb	10.908	62.590	0	33.842
swarm_12_193.pdb	10.663	48.839	0	31.962
swarm_8_20.pdb	7.539	12.311	0	31.881
swarm_15_36.pdb	8.577	43.679	0	31.790
swarm_14_166.pdb	7.173	21.181	0	28.782
swarm_2_47.pdb	11.466	62.095	0	26.392
swarm_16_51.pdb	6.565	18.845	0	25.061
swarm_14_77.pdb	7.294	22.266	0	24.625
swarm_1_52.pdb	7.304	22.808	0	23.804
swarm_11_98.pdb	6.707	12.651	0	20.833
swarm_13_156.pdb	8.017	33.957	0	20.718
swarm_4_123.pdb	8.975	41.149	0.0344828	20.449
swarm_11_191.pdb	7.329	24.493	0	20.227
swarm_16_20.pdb	8.169	30.978	0	19.875
swarm_15_45.pdb	6.433	44.548	0.103448	19.663
swarm_2_170.pdb	8.419	55.660	0.0517241	18.450
swarm_3_143.pdb	8.310	45.546	0.0689655	18.330
swarm_0_26.pdb	7.074	33.068	0.0344828	17.097
swarm_17_89.pdb	11.988	72.753	0	16.179
swarm_8_111.pdb	2.096	15.321	0.396552	15.754
swarm_17_86.pdb	10.786	62.931	0	14.841
swarm_10_137.pdb	7.981	31.586	0.0172414	9.300
swarm_6_74.pdb	7.983	36.212	0	7.383
