swarm_30_199.pdb	17.310	67.893	0	39.285
swarm_15_121.pdb	14.066	57.524	0	36.458
swarm_29_176.pdb	10.525	31.208	0	35.977
swarm_22_68.pdb	14.838	64.408	0	34.516
swarm_0_139.pdb	10.721	32.909	0	31.244
swarm_18_192.pdb	7.969	15.406	0	30.037
swarm_27_104.pdb	9.452	21.980	0	28.817
swarm_0_62.pdb	9.514	20.444	0	28.124
swarm_25_13.pdb	15.938	67.031	0	26.189
swarm_9_40.pdb	9.841	22.991	0	23.949
swarm_15_128.pdb	11.528	60.318	0	23.338
swarm_9_106.pdb	1.399	15.292	0.810345	23.327
swarm_10_194.pdb	12.505	52.023	0	22.408
swarm_6_8.pdb	5.664	43.374	0.258621	22.188
swarm_13_18.pdb	10.137	29.894	0	21.017
swarm_3_45.pdb	15.336	49.394	0	20.911
swarm_15_53.pdb	12.741	48.150	0	20.215
swarm_10_193.pdb	11.021	40.509	0	20.019
swarm_10_147.pdb	10.883	39.347	0	19.872
swarm_25_70.pdb	14.242	55.416	0	19.610
swarm_6_182.pdb	9.153	32.637	0	19.521
swarm_15_91.pdb	12.384	48.401	0	19.061
swarm_20_77.pdb	11.510	39.201	0	18.789
swarm_24_14.pdb	7.652	20.229	0	17.618
swarm_3_26.pdb	9.222	51.275	0	16.428
swarm_3_112.pdb	12.180	61.011	0	14.823
swarm_9_113.pdb	14.109	27.927	0	10.063
