swarm_15_88.pdb	19.917	39.320	0	32.665
swarm_12_36.pdb	21.729	46.736	0	32.175
swarm_14_134.pdb	26.141	53.299	0	31.014
swarm_26_88.pdb	20.324	41.926	0	29.450
swarm_29_1.pdb	23.987	40.980	0	29.404
swarm_12_31.pdb	20.517	38.253	0	27.845
swarm_11_48.pdb	15.076	42.273	0	27.607
swarm_14_174.pdb	21.293	49.833	0	27.103
swarm_14_168.pdb	24.450	60.020	0	27.025
swarm_15_139.pdb	10.081	25.161	0	26.958
swarm_11_32.pdb	19.820	40.604	0	26.220
swarm_25_119.pdb	22.591	43.266	0	25.617
swarm_14_95.pdb	16.306	47.712	0	24.855
swarm_1_167.pdb	15.413	44.408	0	24.475
swarm_1_44.pdb	18.889	38.371	0	24.166
swarm_25_150.pdb	13.153	47.867	0	23.549
swarm_1_107.pdb	16.170	33.681	0.0172414	23.397
swarm_18_103.pdb	24.440	46.901	0	22.030
swarm_10_194.pdb	24.020	42.196	0	21.265
swarm_19_62.pdb	14.564	29.176	0	21.258
swarm_2_90.pdb	20.130	60.021	0	21.195
swarm_0_3.pdb	27.713	50.604	0	20.330
swarm_25_29.pdb	18.279	44.438	0	20.081
swarm_12_5.pdb	12.290	46.627	0.0172414	19.255
swarm_7_106.pdb	21.180	38.033	0	18.584
swarm_14_19.pdb	11.205	52.938	0	14.930
swarm_11_151.pdb	20.444	36.848	0	14.307
swarm_26_99.pdb	13.739	51.316	0	13.234
swarm_32_103.pdb	27.587	65.062	0	11.117
