swarm_218_101.pdb	30.148	127.971	0	31.733
swarm_364_30.pdb	14.527	42.924	0	29.134
swarm_392_19.pdb	18.673	36.373	0	27.764
swarm_364_49.pdb	20.497	48.071	0	26.212
swarm_26_175.pdb	41.485	134.951	0	25.885
swarm_110_127.pdb	23.540	47.299	0	25.081
swarm_31_13.pdb	17.790	38.309	0	24.412
swarm_20_28.pdb	18.816	48.901	0	24.010
swarm_34_138.pdb	24.267	40.636	0	23.907
swarm_370_176.pdb	19.909	40.547	0	23.713
swarm_31_24.pdb	22.731	39.714	0	23.405
swarm_392_142.pdb	9.363	24.525	0.0172414	23.228
swarm_227_177.pdb	38.965	103.074	0	23.016
swarm_31_55.pdb	12.798	33.969	0.0172414	22.970
swarm_346_192.pdb	11.725	37.691	0	22.943
swarm_72_90.pdb	20.930	98.551	0	22.715
swarm_31_169.pdb	16.026	41.527	0.0172414	22.681
swarm_362_142.pdb	9.670	22.856	0.0344828	22.618
swarm_365_124.pdb	14.972	59.261	0	22.583
swarm_339_19.pdb	14.082	42.247	0	22.375
swarm_364_122.pdb	20.257	45.404	0	22.316
swarm_22_67.pdb	14.712	60.781	0	22.135
swarm_392_32.pdb	19.497	42.874	0	21.754
swarm_77_70.pdb	9.650	43.161	0	20.603
swarm_357_196.pdb	13.843	47.884	0	20.362
swarm_43_59.pdb	16.780	65.793	0	20.079
swarm_221_173.pdb	44.226	141.063	0	20.064
swarm_20_178.pdb	22.229	41.865	0	19.540
swarm_392_115.pdb	16.517	37.768	0.0344828	19.452
swarm_346_140.pdb	14.864	43.063	0	19.202
swarm_364_5.pdb	16.218	32.628	0	19.197
swarm_3_146.pdb	31.340	58.042	0	18.929
swarm_41_8.pdb	16.898	57.747	0.0172414	18.170
swarm_326_142.pdb	30.445	119.002	0	18.034
swarm_399_118.pdb	8.745	52.532	0	17.978
swarm_20_160.pdb	23.639	48.389	0	17.870
swarm_157_85.pdb	50.127	162.472	0	17.672
swarm_246_72.pdb	24.234	39.843	0	17.638
swarm_3_5.pdb	13.936	52.895	0	17.579
swarm_42_150.pdb	27.607	56.043	0	17.536
swarm_3_3.pdb	13.938	52.898	0	17.484
swarm_3_41.pdb	13.894	52.831	0	17.445
swarm_3_73.pdb	13.969	52.912	0	17.435
swarm_3_54.pdb	13.914	52.795	0	17.403
swarm_3_74.pdb	13.935	52.893	0	17.315
swarm_3_4.pdb	13.752	52.514	0	17.289
swarm_3_129.pdb	13.960	52.873	0	17.286
swarm_3_161.pdb	13.920	52.870	0	17.275
swarm_3_109.pdb	13.955	52.960	0	17.262
swarm_3_139.pdb	13.974	52.956	0	17.213
swarm_3_179.pdb	13.873	52.802	0	17.034
swarm_60_165.pdb	17.405	51.393	0	16.991
swarm_3_125.pdb	13.944	52.903	0	16.980
swarm_3_196.pdb	13.966	52.940	0	16.904
swarm_399_71.pdb	16.466	53.091	0.0344828	16.752
swarm_36_88.pdb	14.619	31.191	0	16.621
swarm_208_67.pdb	33.575	108.227	0	16.559
swarm_3_36.pdb	15.593	65.528	0	15.972
swarm_3_25.pdb	15.585	65.508	0	15.923
swarm_3_149.pdb	13.940	52.900	0	15.651
swarm_365_151.pdb	20.280	54.412	0	15.188
swarm_344_177.pdb	15.283	53.828	0.12069	15.050
swarm_277_0.pdb	24.109	115.086	0	14.159
swarm_370_133.pdb	19.011	40.424	0	13.776
swarm_340_135.pdb	15.707	59.234	0	13.394
swarm_42_69.pdb	10.263	51.598	0	9.490
swarm_237_130.pdb	24.833	119.104	0	3.891
