swarm_1_85.pdb	7.578	20.058	0.0930233	48.009
swarm_5_82.pdb	9.035	20.260	0	44.440
swarm_7_160.pdb	7.813	17.064	0	42.889
swarm_1_19.pdb	7.180	19.546	0.0465116	42.380
swarm_2_40.pdb	7.621	17.491	0.0465116	40.859
swarm_7_115.pdb	8.459	18.345	0	40.310
swarm_4_60.pdb	8.952	23.405	0	40.006
swarm_5_145.pdb	8.018	17.030	0	39.877
swarm_3_114.pdb	6.017	15.744	0.0697674	39.635
swarm_7_163.pdb	8.638	21.685	0	39.043
swarm_1_15.pdb	7.340	15.437	0.0232558	38.658
swarm_6_151.pdb	8.041	21.394	0	38.489
swarm_6_61.pdb	4.631	14.798	0.209302	38.192
swarm_9_189.pdb	9.568	17.447	0	38.104
swarm_6_94.pdb	5.966	18.475	0.0697674	37.824
swarm_2_198.pdb	7.056	16.617	0	37.807
swarm_6_79.pdb	6.397	16.442	0.0930233	37.613
swarm_4_82.pdb	4.995	17.547	0.0697674	37.502
swarm_0_68.pdb	7.206	18.137	0.0232558	36.866
swarm_1_123.pdb	8.770	23.184	0.0232558	36.286
swarm_6_35.pdb	8.483	16.213	0.0232558	35.879
swarm_5_30.pdb	8.695	16.141	0	35.197
swarm_2_129.pdb	7.923	20.354	0.139535	34.985
swarm_5_64.pdb	9.813	21.331	0	34.834
swarm_1_130.pdb	9.476	18.643	0	34.791
swarm_3_132.pdb	8.401	21.171	0	34.311
swarm_1_99.pdb	10.297	18.955	0	34.210
swarm_8_59.pdb	11.334	29.110	0	33.577
swarm_3_62.pdb	9.058	20.367	0.0465116	33.499
swarm_7_40.pdb	2.791	9.089	0.511628	32.919
swarm_0_95.pdb	8.394	15.886	0.0232558	32.705
swarm_4_196.pdb	6.600	18.099	0.0465116	32.691
swarm_9_35.pdb	6.769	21.654	0.0930233	32.513
swarm_5_129.pdb	7.889	18.041	0.0465116	32.371
swarm_3_6.pdb	11.136	27.280	0	32.244
swarm_6_60.pdb	10.291	22.107	0	31.887
swarm_3_27.pdb	10.661	27.785	0	31.506
swarm_2_70.pdb	8.843	20.002	0	31.233
swarm_3_77.pdb	6.536	13.054	0.0465116	30.887
swarm_3_171.pdb	7.789	16.215	0	30.309
swarm_3_109.pdb	8.395	21.107	0.0465116	30.298
swarm_8_113.pdb	6.141	21.613	0.0232558	30.221
swarm_8_11.pdb	5.141	14.570	0.116279	30.125
swarm_2_97.pdb	11.712	24.794	0	30.100
swarm_9_16.pdb	8.439	21.510	0	30.006
swarm_6_116.pdb	8.678	18.674	0	29.977
swarm_0_169.pdb	7.925	16.686	0.0465116	29.685
swarm_0_58.pdb	9.491	17.074	0	29.583
swarm_4_29.pdb	11.274	29.030	0.0232558	29.551
swarm_8_79.pdb	9.328	22.443	0	29.301
swarm_5_3.pdb	7.659	17.041	0.0232558	29.230
swarm_9_28.pdb	8.083	22.341	0.0465116	29.181
swarm_6_80.pdb	8.316	17.966	0	29.161
swarm_2_138.pdb	9.844	19.430	0	29.118
swarm_9_90.pdb	9.240	16.164	0	28.994
swarm_8_81.pdb	6.753	20.188	0	28.804
swarm_9_157.pdb	8.822	18.980	0.0930233	28.544
swarm_4_91.pdb	7.582	26.895	0.116279	28.511
swarm_6_73.pdb	3.654	6.368	0.162791	28.412
swarm_3_152.pdb	5.466	17.111	0	28.199
swarm_2_114.pdb	9.984	17.889	0	27.999
swarm_5_13.pdb	9.025	20.722	0.0232558	27.985
swarm_6_173.pdb	7.735	17.077	0	27.984
swarm_4_76.pdb	4.658	20.629	0.0930233	27.695
swarm_4_130.pdb	7.778	22.964	0	27.428
swarm_0_79.pdb	7.939	18.816	0	27.327
swarm_9_68.pdb	8.736	17.897	0	27.296
swarm_8_192.pdb	8.512	18.682	0	27.160
swarm_7_188.pdb	6.044	14.578	0.162791	27.144
swarm_0_129.pdb	8.417	21.022	0	26.706
swarm_0_190.pdb	9.584	20.975	0	26.020
swarm_8_190.pdb	7.604	16.108	0	25.637
swarm_8_3.pdb	8.873	18.525	0.139535	25.597
swarm_8_27.pdb	7.652	18.784	0.0232558	25.436
swarm_5_17.pdb	9.672	20.367	0.0232558	25.188
swarm_3_199.pdb	8.804	26.326	0	25.149
swarm_8_145.pdb	9.234	18.008	0	25.071
swarm_7_18.pdb	9.289	24.533	0	24.723
swarm_5_161.pdb	5.292	10.810	0	24.459
swarm_0_5.pdb	8.631	23.992	0.0232558	24.194
swarm_9_152.pdb	6.281	15.827	0.162791	23.875
swarm_6_109.pdb	9.125	20.533	0.0930233	23.201
swarm_2_145.pdb	6.946	14.530	0.0232558	23.131
swarm_5_15.pdb	4.798	9.624	0.0930233	22.609
swarm_7_95.pdb	7.455	18.103	0.116279	22.294
swarm_6_103.pdb	8.990	21.392	0	21.817
swarm_8_83.pdb	7.277	21.697	0.0930233	21.734
swarm_6_170.pdb	8.956	16.808	0	21.724
swarm_0_150.pdb	8.287	20.311	0	20.854
swarm_7_159.pdb	5.433	22.088	0.209302	19.581
swarm_6_104.pdb	8.802	18.943	0.0465116	19.238
swarm_8_137.pdb	9.872	23.944	0.0232558	19.007
swarm_0_194.pdb	9.703	22.818	0.0465116	18.303
swarm_9_127.pdb	5.368	14.253	0.0465116	17.839
swarm_6_124.pdb	9.413	19.212	0	14.284
swarm_8_111.pdb	9.662	24.105	0.0232558	11.225
swarm_5_105.pdb	7.386	13.569	0.0697674	10.735
