swarm_1_171.pdb	9.562	21.952	0	44.065
swarm_30_28.pdb	9.001	22.271	0	42.501
swarm_15_139.pdb	8.986	21.236	0	40.959
swarm_14_132.pdb	12.888	31.028	0	39.748
swarm_53_165.pdb	8.999	21.907	0	38.441
swarm_16_190.pdb	11.326	25.698	0	35.711
swarm_43_181.pdb	8.048	22.459	0	35.472
swarm_37_156.pdb	11.420	25.827	0	34.982
swarm_36_18.pdb	13.141	40.031	0	34.685
swarm_50_45.pdb	9.946	21.114	0	34.037
swarm_2_69.pdb	11.861	25.574	0	33.808
swarm_24_72.pdb	13.129	40.307	0	33.688
swarm_28_26.pdb	8.909	23.185	0	33.673
swarm_4_59.pdb	11.094	23.848	0	33.443
swarm_27_137.pdb	8.603	21.914	0	32.894
swarm_23_33.pdb	15.020	35.530	0	32.839
swarm_16_195.pdb	13.482	30.018	0	32.731
swarm_25_85.pdb	10.729	25.388	0	32.641
swarm_19_146.pdb	7.929	18.072	0	32.485
swarm_21_186.pdb	14.706	34.742	0	31.932
swarm_29_155.pdb	8.428	21.470	0	30.400
swarm_47_143.pdb	10.537	29.149	0	30.371
swarm_15_60.pdb	13.819	29.957	0	30.137
swarm_4_162.pdb	7.739	17.885	0	30.105
swarm_7_19.pdb	4.605	11.498	0.0930233	30.103
swarm_9_110.pdb	9.487	16.606	0	29.531
swarm_20_139.pdb	8.077	16.300	0	29.407
swarm_30_162.pdb	9.199	24.694	0	29.398
swarm_8_131.pdb	15.998	39.358	0	29.305
swarm_14_85.pdb	14.285	32.965	0	29.286
swarm_13_27.pdb	13.892	31.181	0	28.932
swarm_2_41.pdb	13.580	29.861	0	28.927
swarm_34_57.pdb	14.881	34.362	0	28.926
swarm_52_138.pdb	13.531	41.416	0	28.915
swarm_7_107.pdb	9.047	15.607	0	28.908
swarm_8_55.pdb	2.167	13.847	0.581395	28.678
swarm_35_99.pdb	8.134	16.672	0	28.301
swarm_30_102.pdb	5.306	15.916	0.0697674	28.087
swarm_9_91.pdb	5.008	17.695	0.27907	27.766
swarm_14_187.pdb	12.426	25.450	0	27.664
swarm_14_140.pdb	6.177	21.916	0	27.482
swarm_53_97.pdb	8.884	24.835	0	27.443
swarm_17_96.pdb	11.196	24.903	0	27.329
swarm_13_96.pdb	6.452	25.095	0	27.308
swarm_8_181.pdb	6.476	18.669	0	27.299
swarm_20_129.pdb	4.963	19.352	0.116279	27.232
swarm_34_163.pdb	5.972	21.700	0	26.989
swarm_19_47.pdb	8.969	24.086	0	26.963
swarm_1_76.pdb	14.813	35.716	0	26.753
swarm_18_144.pdb	8.192	16.006	0	26.684
swarm_27_111.pdb	6.983	30.092	0	26.502
swarm_22_5.pdb	2.147	12.734	0.511628	26.338
swarm_41_169.pdb	9.137	20.311	0	26.288
swarm_0_74.pdb	5.394	19.454	0.27907	26.274
swarm_40_32.pdb	8.475	18.499	0	25.971
swarm_41_83.pdb	9.956	27.141	0	25.831
swarm_29_55.pdb	2.628	16.574	0.511628	25.826
swarm_24_183.pdb	1.645	11.178	0.72093	25.766
swarm_13_140.pdb	4.426	16.217	0.395349	25.752
swarm_42_191.pdb	10.312	18.935	0	25.714
swarm_30_88.pdb	6.451	18.318	0	25.650
swarm_3_64.pdb	9.460	16.569	0	25.569
swarm_44_7.pdb	14.998	41.543	0	25.513
swarm_43_27.pdb	12.469	36.208	0	25.295
swarm_27_70.pdb	6.209	22.149	0	25.260
swarm_22_23.pdb	5.808	18.007	0	25.227
swarm_41_125.pdb	4.963	21.849	0.186047	25.195
swarm_6_132.pdb	10.720	21.052	0	25.176
swarm_28_83.pdb	6.791	25.487	0	25.089
swarm_25_19.pdb	11.862	34.588	0	24.787
swarm_39_88.pdb	5.446	18.639	0.255814	24.686
swarm_21_15.pdb	4.990	21.757	0.209302	24.376
swarm_2_58.pdb	9.962	17.934	0	24.297
swarm_47_78.pdb	6.740	26.368	0.0232558	24.252
swarm_50_87.pdb	12.961	27.428	0	24.226
swarm_31_141.pdb	13.925	35.138	0	24.221
swarm_31_59.pdb	11.225	41.380	0	24.210
swarm_35_33.pdb	11.769	34.156	0	24.136
swarm_15_167.pdb	12.155	29.656	0	24.114
swarm_54_103.pdb	6.628	20.035	0	24.025
swarm_46_149.pdb	10.040	37.622	0	24.019
swarm_19_20.pdb	6.519	16.405	0.0232558	23.916
swarm_4_3.pdb	6.395	24.448	0	23.843
swarm_26_79.pdb	10.374	40.302	0	23.664
swarm_46_57.pdb	9.488	31.224	0	23.598
swarm_43_79.pdb	6.645	24.852	0	23.534
swarm_29_143.pdb	5.930	21.106	0	23.375
swarm_9_43.pdb	1.852	8.613	0.581395	23.366
swarm_19_124.pdb	9.286	31.478	0	23.266
swarm_5_8.pdb	4.042	9.634	0.209302	23.244
swarm_43_11.pdb	1.288	10.768	0.790698	23.229
swarm_44_46.pdb	10.390	39.806	0	23.227
swarm_32_190.pdb	13.077	38.058	0	23.227
swarm_45_70.pdb	4.944	21.008	0.186047	23.156
swarm_27_30.pdb	9.492	25.346	0	23.097
swarm_32_71.pdb	14.045	40.307	0	22.957
swarm_0_12.pdb	6.406	18.638	0.0232558	22.846
swarm_19_45.pdb	1.503	7.611	0.627907	22.798
swarm_19_157.pdb	4.510	20.159	0.186047	22.662
swarm_22_89.pdb	3.959	19.744	0.348837	22.586
swarm_31_161.pdb	13.123	44.791	0	22.548
swarm_4_195.pdb	5.964	26.585	0.209302	22.546
swarm_35_19.pdb	5.395	17.572	0	22.440
swarm_12_168.pdb	13.284	35.619	0	22.399
swarm_49_88.pdb	9.636	29.231	0	22.312
swarm_41_163.pdb	6.770	24.601	0	22.237
swarm_41_142.pdb	12.920	46.126	0	22.216
swarm_15_138.pdb	11.739	25.957	0	22.209
swarm_33_129.pdb	12.781	36.872	0	22.197
swarm_37_164.pdb	9.104	22.494	0	22.152
swarm_17_85.pdb	13.541	34.619	0	22.027
swarm_3_83.pdb	4.675	16.873	0.162791	22.008
swarm_45_109.pdb	4.206	18.294	0.302326	21.952
swarm_20_107.pdb	9.611	25.990	0	21.870
swarm_48_16.pdb	7.842	24.073	0	21.860
swarm_32_85.pdb	4.621	19.695	0.162791	21.778
swarm_43_50.pdb	5.948	17.449	0	21.753
swarm_19_67.pdb	6.929	16.134	0	21.732
swarm_3_40.pdb	11.135	26.226	0	21.729
swarm_34_132.pdb	6.815	17.326	0	21.722
swarm_38_64.pdb	8.954	27.383	0	21.662
swarm_6_20.pdb	12.556	30.606	0	21.593
swarm_37_105.pdb	6.626	26.233	0	21.564
swarm_0_6.pdb	9.716	35.096	0	21.563
swarm_9_192.pdb	6.148	16.482	0	21.452
swarm_39_175.pdb	9.650	36.154	0	21.355
swarm_18_54.pdb	6.038	15.302	0.0232558	21.241
swarm_40_168.pdb	11.723	27.677	0	21.180
swarm_19_139.pdb	8.099	30.113	0	21.176
swarm_25_75.pdb	12.245	34.588	0	21.096
swarm_1_141.pdb	13.936	34.506	0	21.063
swarm_6_106.pdb	1.678	8.804	0.651163	21.009
swarm_41_22.pdb	8.828	15.874	0	20.678
swarm_45_39.pdb	7.005	20.825	0	20.655
swarm_38_123.pdb	5.070	25.403	0.139535	20.639
swarm_42_143.pdb	10.891	23.991	0	20.541
swarm_48_54.pdb	6.361	28.278	0.139535	20.458
swarm_15_87.pdb	11.563	28.716	0	20.458
swarm_37_145.pdb	9.265	31.840	0	20.425
swarm_5_34.pdb	2.523	8.577	0.465116	20.402
swarm_9_72.pdb	7.656	15.473	0	20.231
swarm_41_131.pdb	8.789	24.871	0	20.175
swarm_43_124.pdb	4.183	23.580	0.232558	20.137
swarm_47_173.pdb	9.700	30.076	0	20.116
swarm_35_6.pdb	8.775	31.035	0	20.072
swarm_7_80.pdb	9.605	22.520	0	20.070
swarm_41_136.pdb	7.319	13.292	0	19.921
swarm_14_32.pdb	5.667	27.907	0.0697674	19.896
swarm_26_171.pdb	13.903	32.248	0	19.809
swarm_38_111.pdb	7.504	30.234	0	19.787
swarm_6_16.pdb	9.153	24.426	0	19.759
swarm_2_13.pdb	8.737	24.080	0	19.717
swarm_54_53.pdb	10.257	24.591	0	19.698
swarm_34_143.pdb	5.836	24.069	0.116279	19.654
swarm_13_56.pdb	12.621	32.738	0	19.640
swarm_18_109.pdb	4.198	17.844	0.325581	19.635
swarm_9_192.pdb	7.460	14.864	0	19.560
swarm_20_103.pdb	6.592	17.549	0.0232558	19.516
swarm_38_92.pdb	9.108	33.736	0	19.513
swarm_34_17.pdb	2.215	14.321	0.511628	19.423
swarm_0_95.pdb	6.378	13.658	0	19.422
swarm_23_185.pdb	5.647	26.596	0.209302	19.382
swarm_9_183.pdb	8.296	31.826	0	19.342
swarm_41_155.pdb	10.526	38.895	0	19.300
swarm_29_84.pdb	6.283	13.627	0	19.227
swarm_12_66.pdb	13.811	40.813	0	19.218
swarm_33_195.pdb	11.997	30.090	0	19.210
swarm_21_113.pdb	15.978	42.405	0	19.208
swarm_44_64.pdb	10.804	28.830	0	19.207
swarm_8_62.pdb	13.388	36.991	0	19.179
swarm_32_153.pdb	8.363	25.288	0	19.065
swarm_48_48.pdb	8.543	32.059	0.0232558	19.049
swarm_12_19.pdb	14.475	35.838	0	18.951
swarm_43_105.pdb	11.169	32.472	0	18.797
swarm_8_193.pdb	5.519	15.075	0	18.718
swarm_23_1.pdb	7.380	28.562	0	18.674
swarm_27_10.pdb	8.550	29.887	0	18.557
swarm_1_27.pdb	8.859	32.759	0.0465116	18.549
swarm_38_83.pdb	8.908	30.333	0	18.532
swarm_10_139.pdb	7.985	30.039	0	18.498
swarm_38_71.pdb	8.270	28.500	0	18.438
swarm_28_92.pdb	5.460	14.055	0.0465116	18.385
swarm_10_21.pdb	5.658	10.480	0	18.377
swarm_30_76.pdb	10.414	38.701	0	18.376
swarm_35_18.pdb	3.475	16.718	0.372093	18.235
swarm_4_169.pdb	6.270	26.356	0.116279	18.215
swarm_12_34.pdb	7.691	28.753	0.0465116	18.210
swarm_21_43.pdb	8.771	23.337	0	17.864
swarm_18_173.pdb	10.497	31.777	0	17.809
swarm_14_89.pdb	2.513	15.739	0.511628	17.582
swarm_14_112.pdb	7.200	21.784	0	17.489
swarm_47_88.pdb	10.784	36.931	0	17.460
swarm_27_176.pdb	10.811	41.148	0	17.448
swarm_18_16.pdb	9.153	14.879	0	17.252
swarm_3_90.pdb	5.328	21.222	0.0697674	17.246
swarm_45_118.pdb	10.538	32.492	0	17.222
swarm_15_31.pdb	3.644	15.037	0.348837	17.162
swarm_16_157.pdb	8.906	28.426	0	17.055
swarm_40_183.pdb	9.797	32.815	0	16.914
swarm_19_4.pdb	4.792	18.932	0.348837	16.904
swarm_48_18.pdb	10.274	36.028	0	16.598
swarm_23_47.pdb	9.280	25.228	0	16.582
swarm_36_15.pdb	11.030	22.113	0	16.506
swarm_32_44.pdb	8.509	26.724	0	16.311
swarm_14_36.pdb	5.220	13.440	0.0465116	16.276
swarm_14_131.pdb	7.789	20.476	0	16.046
swarm_32_22.pdb	6.320	16.695	0	15.980
swarm_22_136.pdb	9.246	28.314	0	15.906
swarm_17_130.pdb	9.339	30.000	0.0465116	15.700
swarm_27_136.pdb	11.759	33.680	0	15.459
swarm_15_21.pdb	8.450	24.493	0	15.437
swarm_47_188.pdb	10.803	35.849	0	15.205
swarm_45_193.pdb	6.708	18.535	0.0232558	15.176
swarm_20_1.pdb	6.176	27.941	0.139535	15.140
swarm_2_24.pdb	8.280	17.496	0	15.122
swarm_46_175.pdb	11.046	35.400	0	14.995
swarm_44_75.pdb	9.972	33.330	0	14.936
swarm_11_116.pdb	9.950	32.661	0	14.470
swarm_42_21.pdb	2.710	14.797	0.488372	14.308
swarm_16_151.pdb	9.638	25.657	0	14.187
swarm_23_43.pdb	7.277	26.343	0.139535	14.147
swarm_40_54.pdb	5.883	24.249	0.139535	14.024
swarm_27_171.pdb	6.482	30.457	0	13.923
swarm_6_114.pdb	8.988	29.908	0	13.686
swarm_3_147.pdb	7.892	16.913	0	13.414
swarm_13_8.pdb	7.336	33.699	0	13.386
swarm_39_24.pdb	8.071	32.377	0	13.351
swarm_46_175.pdb	6.647	32.271	0.0232558	12.501
swarm_32_101.pdb	3.459	16.694	0.27907	12.318
swarm_4_50.pdb	10.175	35.279	0	12.316
swarm_23_180.pdb	11.437	32.866	0	12.057
swarm_17_170.pdb	8.419	28.731	0	11.710
swarm_12_59.pdb	7.918	32.040	0.0697674	11.113
swarm_17_42.pdb	7.605	21.021	0.0697674	11.089
swarm_13_93.pdb	4.211	11.065	0.0930233	10.862
swarm_18_81.pdb	10.993	23.259	0	10.507
swarm_46_149.pdb	7.480	25.066	0.0465116	9.118
swarm_18_81.pdb	13.560	42.958	0	8.120
swarm_35_48.pdb	8.972	29.352	0	5.962
swarm_19_196.pdb	8.181	22.188	0	4.803
swarm_40_60.pdb	7.815	28.462	0	4.789
swarm_16_96.pdb	8.766	32.651	0	0.658
