swarm_39_164.pdb	9.194	35.442	0	29.583
swarm_23_87.pdb	12.816	32.202	0	28.357
swarm_15_106.pdb	9.112	21.556	0	27.856
swarm_32_170.pdb	8.604	22.292	0	27.759
swarm_14_36.pdb	9.455	26.331	0	27.631
swarm_21_9.pdb	9.017	20.165	0	26.845
swarm_6_198.pdb	7.994	18.739	0	26.651
swarm_4_147.pdb	8.478	16.781	0	26.648
swarm_6_119.pdb	8.802	22.739	0	26.562
swarm_32_44.pdb	9.747	26.778	0	26.512
swarm_6_32.pdb	9.445	20.853	0.0232558	26.384
swarm_38_2.pdb	9.373	36.305	0	26.376
swarm_16_184.pdb	8.448	28.086	0	25.878
swarm_14_86.pdb	9.569	25.708	0	25.373
swarm_5_84.pdb	8.081	16.408	0	25.125
swarm_45_33.pdb	7.532	20.515	0	24.483
swarm_8_152.pdb	13.279	37.529	0	24.459
swarm_29_81.pdb	8.113	25.173	0.0465116	24.311
swarm_35_107.pdb	10.890	29.451	0	24.108
swarm_10_72.pdb	9.475	21.535	0	24.000
swarm_29_75.pdb	8.461	18.868	0	23.714
swarm_19_186.pdb	11.537	33.135	0	23.632
swarm_38_190.pdb	9.235	28.052	0	23.575
swarm_44_187.pdb	11.702	30.549	0	23.515
swarm_17_186.pdb	14.744	42.271	0	23.454
swarm_28_9.pdb	7.673	14.299	0	23.047
swarm_44_107.pdb	15.168	40.014	0	22.809
swarm_13_181.pdb	7.317	16.286	0	22.734
swarm_13_132.pdb	7.740	21.567	0.0930233	22.656
swarm_49_76.pdb	10.056	35.827	0	22.576
swarm_19_129.pdb	11.021	29.365	0	22.487
swarm_0_133.pdb	10.303	26.233	0	22.355
swarm_22_165.pdb	8.995	31.639	0	22.339
swarm_13_58.pdb	5.823	16.700	0	22.277
swarm_45_8.pdb	10.525	32.250	0	22.253
swarm_30_157.pdb	11.207	39.146	0	22.230
swarm_36_71.pdb	11.765	34.406	0	22.001
swarm_6_165.pdb	9.908	27.001	0	21.851
swarm_11_36.pdb	8.132	22.550	0.116279	21.837
swarm_32_183.pdb	9.643	29.351	0	21.829
swarm_19_41.pdb	9.088	28.517	0	21.796
swarm_16_13.pdb	11.427	29.549	0.0232558	21.657
swarm_23_125.pdb	11.819	30.729	0.0232558	21.645
swarm_46_19.pdb	9.634	30.756	0	21.347
swarm_22_3.pdb	9.337	32.462	0	21.337
swarm_36_150.pdb	9.545	33.570	0	21.233
swarm_38_89.pdb	10.943	33.020	0	21.099
swarm_15_9.pdb	4.231	22.518	0.325581	20.775
swarm_18_13.pdb	13.097	33.966	0	20.600
swarm_47_135.pdb	10.918	30.364	0	20.564
swarm_16_126.pdb	12.798	35.489	0	20.519
swarm_0_75.pdb	8.536	23.199	0	19.902
swarm_24_120.pdb	12.016	36.474	0	19.859
swarm_22_161.pdb	14.961	38.337	0	19.840
swarm_28_139.pdb	10.228	24.047	0.139535	19.581
swarm_10_58.pdb	9.786	17.084	0	19.542
swarm_3_192.pdb	11.259	23.525	0	19.512
swarm_16_25.pdb	11.484	29.092	0	19.276
swarm_17_162.pdb	11.756	32.216	0	19.220
swarm_14_96.pdb	8.237	14.912	0	19.166
swarm_38_179.pdb	11.544	35.335	0	19.119
swarm_46_140.pdb	9.709	35.411	0	18.810
swarm_28_135.pdb	9.251	25.044	0	18.753
swarm_23_153.pdb	10.817	26.688	0.116279	18.619
swarm_47_120.pdb	13.117	32.588	0	18.455
swarm_47_185.pdb	13.161	32.560	0	18.431
swarm_0_3.pdb	9.958	27.653	0.0930233	17.851
swarm_4_97.pdb	6.570	13.733	0.0697674	17.827
swarm_15_49.pdb	13.513	33.543	0	17.739
swarm_15_138.pdb	9.980	25.995	0	17.638
swarm_38_88.pdb	12.025	37.729	0	17.479
swarm_24_42.pdb	15.003	40.815	0	17.466
swarm_19_145.pdb	8.068	27.796	0	17.399
swarm_21_12.pdb	8.569	23.299	0.139535	17.312
swarm_15_100.pdb	10.995	24.838	0	17.310
swarm_29_99.pdb	7.615	14.232	0	17.007
swarm_35_136.pdb	11.126	30.771	0	16.869
swarm_45_64.pdb	11.720	29.280	0.0232558	16.820
swarm_17_102.pdb	8.885	34.568	0.0232558	16.786
swarm_32_128.pdb	8.216	24.176	0.0232558	16.777
swarm_16_74.pdb	13.917	39.519	0	16.762
swarm_32_35.pdb	9.789	30.585	0.0232558	16.555
swarm_35_140.pdb	10.434	26.633	0	16.457
swarm_46_98.pdb	7.683	29.530	0	16.300
swarm_15_182.pdb	9.691	26.714	0.0697674	16.292
swarm_10_73.pdb	9.197	20.259	0.0232558	16.113
swarm_39_21.pdb	8.944	27.496	0	16.089
swarm_9_110.pdb	12.335	37.455	0	16.072
swarm_14_195.pdb	7.132	21.074	0	16.058
swarm_22_184.pdb	11.384	31.695	0	16.035
swarm_36_130.pdb	8.502	30.199	0.0232558	15.687
swarm_45_38.pdb	7.142	20.596	0	15.599
swarm_22_42.pdb	10.574	27.957	0	15.490
swarm_36_15.pdb	15.191	39.004	0	15.468
swarm_7_106.pdb	9.880	26.872	0	15.319
swarm_15_184.pdb	9.911	24.498	0	15.146
swarm_2_134.pdb	10.669	21.513	0	14.963
swarm_45_23.pdb	11.215	26.685	0	14.940
swarm_30_68.pdb	14.816	42.456	0	14.874
swarm_32_30.pdb	10.927	29.589	0	14.844
swarm_7_136.pdb	9.761	26.097	0	14.766
swarm_30_35.pdb	13.940	40.210	0	14.715
swarm_17_165.pdb	12.654	33.804	0	14.566
swarm_47_175.pdb	10.012	29.472	0.0465116	14.558
swarm_8_76.pdb	11.031	36.052	0.0232558	14.534
swarm_42_141.pdb	8.514	23.695	0	14.503
swarm_39_74.pdb	7.922	37.062	0.0232558	13.789
swarm_35_63.pdb	11.507	33.892	0	13.730
swarm_36_156.pdb	13.185	37.037	0	13.689
swarm_37_12.pdb	12.748	35.811	0	12.665
swarm_35_2.pdb	9.949	26.968	0.0465116	12.366
swarm_45_130.pdb	12.788	34.112	0	12.314
swarm_43_135.pdb	12.067	29.950	0	12.280
swarm_49_67.pdb	17.261	45.178	0	11.685
swarm_25_40.pdb	9.260	40.091	0.0232558	11.671
swarm_23_182.pdb	9.030	32.201	0	11.650
swarm_35_43.pdb	9.353	31.743	0.0232558	10.725
swarm_24_131.pdb	12.054	37.600	0	9.598
swarm_18_89.pdb	11.049	35.394	0.0232558	8.811
swarm_30_160.pdb	13.881	38.235	0	7.844
swarm_8_18.pdb	10.892	29.762	0	4.515
swarm_10_32.pdb	7.761	16.632	0	0.674
