swarm_1_62.pdb	5.976	20.534	0.162791	49.148
swarm_8_181.pdb	1.181	11.166	0.697674	47.264
swarm_2_33.pdb	5.458	16.716	0.116279	46.232
swarm_3_42.pdb	3.597	13.720	0.232558	44.697
swarm_5_13.pdb	4.724	12.714	0.0930233	44.519
swarm_6_87.pdb	1.392	8.115	0.651163	44.493
swarm_9_110.pdb	4.800	12.472	0.0930233	43.104
swarm_4_133.pdb	3.409	11.234	0.372093	42.992
swarm_3_108.pdb	1.775	4.470	0.627907	42.566
swarm_7_13.pdb	1.512	4.921	0.581395	41.731
swarm_7_144.pdb	3.656	15.042	0.302326	40.385
swarm_5_3.pdb	2.133	4.353	0.581395	37.533
swarm_6_161.pdb	4.011	8.976	0.0697674	35.015
swarm_0_72.pdb	4.515	13.644	0.139535	31.109
swarm_4_35.pdb	4.551	18.931	0.116279	29.896
swarm_6_46.pdb	4.380	14.497	0.116279	29.839
swarm_3_140.pdb	4.763	21.294	0.162791	28.969
swarm_3_144.pdb	4.350	18.849	0.0232558	27.442
swarm_8_136.pdb	3.653	12.665	0.0930233	26.092
swarm_1_43.pdb	5.453	15.474	0.27907	23.099
swarm_2_3.pdb	4.678	11.862	0.162791	20.938
swarm_5_29.pdb	5.479	16.459	0.186047	14.295
swarm_4_27.pdb	6.515	27.660	0.186047	6.771
