swarm_8_55.pdb	2.167	13.847	0.581395	28.678
swarm_14_140.pdb	6.177	21.916	0	27.482
swarm_13_96.pdb	6.452	25.095	0	27.308
swarm_34_163.pdb	5.972	21.700	0	26.989
swarm_22_5.pdb	2.147	12.734	0.511628	26.338
swarm_29_55.pdb	2.628	16.574	0.511628	25.826
swarm_24_183.pdb	1.645	11.178	0.72093	25.766
swarm_27_70.pdb	6.209	22.149	0	25.260
swarm_22_23.pdb	5.808	18.007	0	25.227
swarm_28_83.pdb	6.791	25.487	0	25.089
swarm_31_59.pdb	11.225	41.380	0	24.210
swarm_46_149.pdb	10.040	37.622	0	24.019
swarm_4_3.pdb	6.395	24.448	0	23.843
swarm_26_79.pdb	10.374	40.302	0	23.664
swarm_43_79.pdb	6.645	24.852	0	23.534
swarm_29_143.pdb	5.930	21.106	0	23.375
swarm_9_43.pdb	1.852	8.613	0.581395	23.366
swarm_43_11.pdb	1.288	10.768	0.790698	23.229
swarm_44_46.pdb	10.390	39.806	0	23.227
swarm_19_45.pdb	1.503	7.611	0.627907	22.798
swarm_31_161.pdb	13.123	44.791	0	22.548
swarm_4_195.pdb	5.964	26.585	0.209302	22.546
swarm_35_19.pdb	5.395	17.572	0	22.440
swarm_41_142.pdb	12.920	46.126	0	22.216
swarm_43_50.pdb	5.948	17.449	0	21.753
swarm_34_132.pdb	6.815	17.326	0	21.722
swarm_37_105.pdb	6.626	26.233	0	21.564
swarm_0_6.pdb	9.716	35.096	0	21.563
swarm_39_175.pdb	9.650	36.154	0	21.355
swarm_38_123.pdb	5.070	25.403	0.139535	20.639
swarm_48_54.pdb	6.361	28.278	0.139535	20.458
swarm_43_124.pdb	4.183	23.580	0.232558	20.137
swarm_14_32.pdb	5.667	27.907	0.0697674	19.896
swarm_2_13.pdb	8.737	24.080	0	19.717
swarm_34_143.pdb	5.836	24.069	0.116279	19.654
swarm_38_92.pdb	9.108	33.736	0	19.513
swarm_34_17.pdb	2.215	14.321	0.511628	19.423
swarm_23_185.pdb	5.647	26.596	0.209302	19.382
swarm_41_155.pdb	10.526	38.895	0	19.300
swarm_48_48.pdb	8.543	32.059	0.0232558	19.049
swarm_8_193.pdb	5.519	15.075	0	18.718
swarm_23_1.pdb	7.380	28.562	0	18.674
swarm_27_10.pdb	8.550	29.887	0	18.557
swarm_1_27.pdb	8.859	32.759	0.0465116	18.549
swarm_38_83.pdb	8.908	30.333	0	18.532
swarm_10_139.pdb	7.985	30.039	0	18.498
swarm_4_169.pdb	6.270	26.356	0.116279	18.215
swarm_12_34.pdb	7.691	28.753	0.0465116	18.210
swarm_14_89.pdb	2.513	15.739	0.511628	17.582
swarm_14_112.pdb	7.200	21.784	0	17.489
swarm_47_88.pdb	10.784	36.931	0	17.460
swarm_3_90.pdb	5.328	21.222	0.0697674	17.246
swarm_40_183.pdb	9.797	32.815	0	16.914
swarm_19_4.pdb	4.792	18.932	0.348837	16.904
swarm_23_47.pdb	9.280	25.228	0	16.582
swarm_14_131.pdb	7.789	20.476	0	16.046
swarm_17_130.pdb	9.339	30.000	0.0465116	15.700
swarm_47_188.pdb	10.803	35.849	0	15.205
swarm_11_116.pdb	9.950	32.661	0	14.470
swarm_23_43.pdb	7.277	26.343	0.139535	14.147
swarm_40_54.pdb	5.883	24.249	0.139535	14.024
swarm_27_171.pdb	6.482	30.457	0	13.923
swarm_6_114.pdb	8.988	29.908	0	13.686
swarm_13_8.pdb	7.336	33.699	0	13.386
swarm_46_175.pdb	6.647	32.271	0.0232558	12.501
swarm_4_50.pdb	10.175	35.279	0	12.316
swarm_23_180.pdb	11.437	32.866	0	12.057
swarm_17_170.pdb	8.419	28.731	0	11.710
swarm_12_59.pdb	7.918	32.040	0.0697674	11.113
swarm_17_42.pdb	7.605	21.021	0.0697674	11.089
swarm_40_60.pdb	7.815	28.462	0	4.789
