swarm_300_92.pdb	17.893	56.897	0	30.248
swarm_273_83.pdb	24.027	73.785	0	27.422
swarm_221_21.pdb	11.728	50.276	0	26.477
swarm_341_156.pdb	9.996	25.762	0	25.901
swarm_333_166.pdb	17.901	57.637	0	25.630
swarm_325_42.pdb	17.827	60.369	0	24.968
swarm_17_4.pdb	9.692	20.668	0	24.835
swarm_364_154.pdb	8.614	20.909	0	24.163
swarm_324_127.pdb	18.060	57.278	0	24.118
swarm_5_76.pdb	6.706	21.919	0.0344828	23.717
swarm_132_82.pdb	8.544	30.485	0	23.648
swarm_384_131.pdb	12.288	27.821	0.0344828	23.382
swarm_29_21.pdb	9.228	23.765	0	22.678
swarm_177_66.pdb	17.632	70.638	0	22.443
swarm_295_93.pdb	13.843	60.533	0	22.404
swarm_257_26.pdb	10.489	22.250	0	22.404
swarm_344_124.pdb	8.309	32.343	0	22.275
swarm_365_189.pdb	7.676	21.190	0	21.309
swarm_346_89.pdb	7.445	19.573	0	21.192
swarm_343_140.pdb	8.935	20.679	0	21.154
swarm_384_147.pdb	7.578	27.542	0	21.144
swarm_342_38.pdb	7.905	26.344	0.0344828	20.986
swarm_344_169.pdb	7.328	19.354	0	20.914
swarm_365_151.pdb	11.501	24.696	0	20.873
swarm_302_49.pdb	12.952	52.480	0	20.865
swarm_341_121.pdb	11.564	21.184	0	20.841
swarm_360_37.pdb	8.439	24.020	0	20.502
swarm_365_184.pdb	10.000	22.684	0	20.423
swarm_5_118.pdb	8.171	27.864	0.137931	20.289
swarm_171_155.pdb	22.853	72.772	0	19.919
swarm_257_108.pdb	9.825	21.801	0	19.875
swarm_366_15.pdb	9.027	23.867	0.0344828	19.818
swarm_316_8.pdb	13.641	54.851	0	19.796
swarm_346_104.pdb	8.661	22.364	0.103448	19.782
swarm_340_90.pdb	12.681	29.218	0	19.763
swarm_360_35.pdb	10.979	27.495	0.0344828	19.756
swarm_362_140.pdb	9.114	24.793	0	19.684
swarm_254_135.pdb	15.547	68.582	0	19.660
swarm_29_17.pdb	8.036	23.477	0	19.652
swarm_333_155.pdb	18.822	63.527	0	19.545
swarm_340_101.pdb	13.628	31.021	0	19.491
swarm_167_148.pdb	20.474	74.835	0	19.454
swarm_398_26.pdb	13.191	25.951	0	19.423
swarm_398_114.pdb	10.191	24.225	0.0689655	19.304
swarm_5_124.pdb	9.347	19.432	0	19.234
swarm_384_140.pdb	8.909	31.876	0.0689655	19.201
swarm_5_13.pdb	8.777	24.370	0.137931	19.127
swarm_340_70.pdb	9.833	19.400	0	19.083
swarm_188_108.pdb	20.705	76.384	0	19.065
swarm_17_75.pdb	8.744	21.358	0	19.048
swarm_364_77.pdb	10.345	19.505	0	19.045
swarm_19_189.pdb	10.373	23.205	0	19.014
swarm_364_132.pdb	11.009	21.635	0	18.971
swarm_5_66.pdb	8.585	22.284	0.172414	18.965
swarm_291_50.pdb	14.798	54.585	0	18.797
swarm_113_168.pdb	6.670	20.620	0.172414	18.717
swarm_41_59.pdb	10.734	35.600	0.0344828	18.604
swarm_283_106.pdb	19.745	63.702	0	18.583
swarm_341_181.pdb	12.638	23.859	0	18.499
swarm_398_82.pdb	8.976	36.096	0.103448	18.471
swarm_341_82.pdb	10.243	20.732	0	18.332
swarm_398_43.pdb	4.619	15.848	0.137931	18.311
swarm_29_58.pdb	9.499	26.475	0.0689655	18.292
swarm_340_3.pdb	9.691	24.059	0	18.287
swarm_256_196.pdb	12.542	54.190	0	18.153
swarm_5_36.pdb	7.802	21.191	0.172414	18.069
swarm_5_83.pdb	11.522	23.130	0	18.059
swarm_282_37.pdb	13.259	55.046	0	18.026
swarm_29_126.pdb	10.972	23.688	0	17.996
swarm_360_159.pdb	9.404	23.549	0.172414	17.985
swarm_341_99.pdb	8.499	17.318	0	17.953
swarm_161_170.pdb	9.586	38.509	0	17.911
swarm_29_83.pdb	8.010	22.363	0.206897	17.906
swarm_341_143.pdb	10.882	25.150	0.0689655	17.733
swarm_29_185.pdb	9.570	26.045	0.0344828	17.724
swarm_341_72.pdb	6.709	21.862	0	17.529
swarm_383_162.pdb	24.687	89.168	0	17.527
swarm_364_63.pdb	10.750	20.176	0	17.394
swarm_258_192.pdb	22.804	76.444	0	17.390
swarm_310_7.pdb	15.122	55.597	0	17.375
swarm_340_35.pdb	9.001	22.093	0.0689655	17.325
swarm_6_161.pdb	11.065	37.682	0.103448	17.304
swarm_341_37.pdb	10.219	20.262	0.172414	17.015
swarm_113_3.pdb	6.894	24.084	0.172414	16.994
swarm_366_145.pdb	10.792	25.909	0	16.977
swarm_362_180.pdb	8.337	21.668	0	16.892
swarm_30_129.pdb	10.669	49.924	0.0344828	16.744
swarm_193_58.pdb	21.107	81.410	0	16.733
swarm_365_107.pdb	12.397	27.669	0	16.560
swarm_230_2.pdb	21.155	63.473	0	16.535
swarm_41_75.pdb	9.879	37.529	0.137931	16.498
swarm_61_157.pdb	13.758	46.876	0	16.337
swarm_264_27.pdb	14.144	60.075	0	16.280
swarm_31_194.pdb	10.351	28.127	0.241379	16.268
swarm_341_106.pdb	9.754	21.112	0.0344828	16.143
swarm_315_198.pdb	15.911	55.726	0	16.089
swarm_365_99.pdb	11.481	22.285	0	16.050
swarm_387_167.pdb	5.520	22.792	0.206897	15.934
swarm_387_121.pdb	7.150	21.586	0.0689655	15.851
swarm_346_63.pdb	10.250	21.756	0.0344828	15.807
swarm_346_10.pdb	8.119	20.747	0.103448	15.804
swarm_48_85.pdb	6.405	26.719	0.206897	15.772
swarm_327_4.pdb	13.230	50.940	0	15.627
swarm_327_125.pdb	14.717	51.238	0	15.621
swarm_364_96.pdb	12.330	24.458	0	15.599
swarm_174_97.pdb	20.083	80.168	0	15.398
swarm_5_101.pdb	8.408	24.524	0.0344828	15.334
swarm_212_174.pdb	9.874	21.779	0.137931	15.333
swarm_133_111.pdb	8.812	45.084	0	15.331
swarm_398_130.pdb	11.192	28.774	0	15.105
swarm_3_154.pdb	10.822	34.945	0	15.002
swarm_340_27.pdb	10.485	21.487	0	14.937
swarm_113_59.pdb	8.686	18.918	0.0689655	14.890
swarm_323_106.pdb	26.015	93.331	0	14.804
swarm_224_82.pdb	10.100	35.756	0	14.797
swarm_275_138.pdb	20.686	64.180	0	14.756
swarm_321_5.pdb	17.643	58.650	0	14.711
swarm_37_24.pdb	10.584	39.272	0.0344828	14.689
swarm_224_101.pdb	9.664	27.985	0	14.632
swarm_5_147.pdb	11.359	19.627	0	14.379
swarm_201_95.pdb	7.972	29.316	0.241379	14.216
swarm_370_0.pdb	8.234	28.900	0.0689655	14.195
swarm_342_20.pdb	10.604	27.415	0.103448	14.192
swarm_387_54.pdb	11.004	34.366	0	14.118
swarm_224_43.pdb	7.786	25.770	0	14.096
swarm_280_63.pdb	16.972	53.716	0	13.947
swarm_125_178.pdb	11.818	42.331	0	13.931
swarm_313_151.pdb	16.537	53.962	0	13.856
swarm_390_67.pdb	11.659	38.250	0.137931	13.811
swarm_190_106.pdb	5.430	22.389	0.206897	13.143
swarm_360_36.pdb	12.502	22.107	0	12.812
swarm_337_86.pdb	24.535	90.527	0	12.528
swarm_234_81.pdb	15.353	52.271	0	12.046
swarm_333_38.pdb	16.115	62.708	0	11.539
swarm_331_71.pdb	13.992	65.035	0	10.653
swarm_340_44.pdb	10.722	23.452	0.172414	9.871
swarm_201_42.pdb	6.560	28.736	0.137931	9.064
swarm_111_28.pdb	10.735	33.829	0	6.184
swarm_184_163.pdb	10.076	43.469	0	6.022
swarm_15_10.pdb	7.972	35.871	0	4.994
swarm_384_144.pdb	9.496	25.430	0	4.815
swarm_331_145.pdb	15.775	52.531	0	3.918
swarm_201_103.pdb	9.165	37.074	0.172414	0.455
