swarm_2_167.pdb	3.547	6.439	0.137931	42.542
swarm_22_142.pdb	2.454	5.878	0.586207	39.965
swarm_31_186.pdb	2.985	10.363	0.517241	38.493
swarm_10_123.pdb	2.732	10.783	0.413793	38.185
swarm_31_1.pdb	1.331	5.823	0.655172	37.513
swarm_33_116.pdb	5.124	20.625	0.103448	37.215
swarm_1_190.pdb	4.458	12.946	0	37.021
swarm_15_32.pdb	5.366	24.005	0	36.066
swarm_13_80.pdb	2.666	12.871	0.586207	35.647
swarm_2_54.pdb	2.249	10.050	0.551724	35.387
swarm_16_43.pdb	5.021	22.956	0.137931	34.900
swarm_17_46.pdb	5.593	20.550	0	34.791
swarm_8_162.pdb	2.976	6.149	0.137931	34.725
swarm_11_155.pdb	3.971	7.957	0.0689655	33.663
swarm_7_157.pdb	7.206	33.677	0	33.432
swarm_0_134.pdb	3.598	11.140	0.103448	32.892
swarm_14_8.pdb	3.889	12.736	0.172414	32.805
swarm_30_150.pdb	4.385	17.794	0.0689655	32.646
swarm_31_34.pdb	5.944	16.505	0	32.112
swarm_8_53.pdb	5.374	22.834	0	31.872
swarm_29_85.pdb	3.587	18.364	0.62069	31.855
swarm_26_45.pdb	4.823	18.800	0.0344828	31.834
swarm_2_39.pdb	5.718	19.887	0	31.485
swarm_31_8.pdb	1.644	8.889	0.862069	31.367
swarm_20_182.pdb	4.642	18.071	0.103448	31.330
swarm_11_177.pdb	3.864	13.215	0.275862	30.967
swarm_15_130.pdb	5.743	30.185	0.0344828	30.881
swarm_22_73.pdb	2.992	13.987	0.310345	30.227
swarm_22_14.pdb	5.980	19.096	0.0344828	29.613
swarm_9_159.pdb	6.952	26.686	0	29.160
swarm_28_47.pdb	6.054	26.261	0.137931	28.914
swarm_16_39.pdb	4.984	26.327	0.137931	28.590
swarm_17_37.pdb	5.128	21.645	0	28.157
swarm_23_53.pdb	5.956	23.940	0.103448	27.429
swarm_3_169.pdb	4.071	15.283	0.172414	27.128
swarm_0_137.pdb	5.186	15.180	0	26.922
swarm_27_27.pdb	4.630	24.407	0.137931	26.490
swarm_29_84.pdb	5.084	23.658	0.275862	26.469
swarm_33_66.pdb	2.256	11.833	0.62069	26.347
swarm_21_136.pdb	8.301	35.774	0	26.191
swarm_13_132.pdb	5.141	22.480	0.172414	25.955
swarm_32_148.pdb	4.735	21.928	0.103448	25.245
swarm_30_196.pdb	6.179	26.244	0.310345	24.926
swarm_13_158.pdb	6.149	14.978	0	24.923
swarm_29_49.pdb	6.781	22.372	0.0689655	24.555
swarm_15_169.pdb	7.759	36.964	0	24.124
swarm_5_198.pdb	5.827	18.990	0	24.010
swarm_26_134.pdb	4.260	10.991	0.137931	23.964
swarm_27_50.pdb	5.627	27.640	0.137931	23.681
swarm_32_61.pdb	10.680	42.023	0	23.456
swarm_4_135.pdb	6.035	30.049	0.103448	23.255
swarm_5_157.pdb	2.688	8.714	0.448276	23.244
swarm_30_158.pdb	6.688	23.848	0	23.161
swarm_9_70.pdb	7.925	35.054	0	22.873
swarm_24_124.pdb	6.363	29.885	0	22.749
swarm_16_165.pdb	7.070	29.422	0.0344828	22.749
swarm_20_101.pdb	7.126	27.036	0	22.484
swarm_12_92.pdb	5.993	28.226	0.37931	21.526
swarm_33_76.pdb	5.047	24.587	0.137931	21.269
swarm_26_124.pdb	4.680	14.598	0.0344828	21.152
swarm_23_34.pdb	8.368	30.736	0.103448	21.152
swarm_1_4.pdb	5.135	21.984	0.275862	21.137
swarm_16_186.pdb	6.899	26.404	0.0344828	21.029
swarm_25_82.pdb	9.568	39.019	0	20.991
swarm_31_4.pdb	4.575	14.813	0.103448	20.956
swarm_33_124.pdb	6.399	19.260	0	20.810
swarm_1_93.pdb	6.390	19.244	0.103448	20.782
swarm_21_79.pdb	7.951	32.925	0	20.439
swarm_29_72.pdb	6.193	29.357	0.206897	20.288
swarm_0_35.pdb	3.730	18.215	0.241379	20.270
swarm_17_115.pdb	5.064	19.745	0.0689655	20.266
swarm_9_102.pdb	5.552	24.886	0.137931	20.255
swarm_19_148.pdb	5.213	23.681	0.172414	20.240
swarm_32_184.pdb	8.355	34.704	0	20.199
swarm_3_177.pdb	3.657	8.909	0.172414	20.097
swarm_33_78.pdb	6.375	27.732	0.0689655	19.691
swarm_9_142.pdb	7.399	30.587	0.0344828	19.433
swarm_28_120.pdb	9.734	40.235	0	19.036
swarm_29_135.pdb	7.736	32.096	0.206897	18.749
swarm_4_120.pdb	5.465	26.194	0.172414	18.032
swarm_11_58.pdb	4.739	13.724	0.0689655	17.595
swarm_12_153.pdb	9.506	36.202	0.103448	17.256
swarm_0_104.pdb	5.197	15.492	0.137931	17.220
swarm_33_111.pdb	7.256	32.700	0.0689655	15.317
swarm_12_135.pdb	8.008	34.350	0.0689655	13.974
swarm_17_69.pdb	7.460	32.109	0	12.600
swarm_13_67.pdb	4.849	8.427	0.172414	9.446
