swarm_9_116.pdb	6.800	14.954	0	39.026
swarm_33_83.pdb	9.176	17.797	0	38.810
swarm_8_101.pdb	6.121	11.929	0	38.551
swarm_14_122.pdb	11.597	23.707	0	36.910
swarm_20_68.pdb	7.205	16.621	0	36.183
swarm_19_63.pdb	5.074	14.747	0.0344828	35.673
swarm_24_64.pdb	6.307	23.632	0	35.617
swarm_7_76.pdb	6.184	16.561	0	34.907
swarm_26_108.pdb	8.544	18.915	0	34.494
swarm_27_15.pdb	9.162	20.301	0	33.448
swarm_7_61.pdb	8.723	17.758	0	33.188
swarm_7_51.pdb	6.730	12.999	0	33.146
swarm_22_24.pdb	14.089	32.408	0	33.035
swarm_2_96.pdb	10.883	24.443	0	32.427
swarm_31_68.pdb	5.979	13.104	0.0344828	32.186
swarm_30_197.pdb	16.986	41.973	0	31.890
swarm_29_123.pdb	12.502	28.272	0	31.134
swarm_33_72.pdb	5.001	13.869	0.0344828	30.797
swarm_20_38.pdb	5.642	11.670	0	30.377
swarm_21_199.pdb	16.399	40.454	0	30.359
swarm_32_162.pdb	9.920	22.658	0	30.250
swarm_14_43.pdb	13.051	29.420	0	30.229
swarm_0_153.pdb	10.219	24.541	0	29.970
swarm_1_122.pdb	16.947	42.218	0	29.806
swarm_15_156.pdb	10.707	24.751	0	29.482
swarm_16_85.pdb	9.209	19.798	0	29.160
swarm_6_4.pdb	14.117	32.019	0	28.521
swarm_10_69.pdb	7.688	15.668	0	28.245
swarm_25_11.pdb	14.457	33.393	0	28.236
swarm_29_38.pdb	15.198	36.482	0	28.157
swarm_2_127.pdb	11.127	20.150	0	27.983
swarm_28_134.pdb	9.165	24.592	0	27.936
swarm_2_143.pdb	8.459	16.217	0	27.628
swarm_3_115.pdb	9.580	21.574	0	27.187
swarm_30_129.pdb	14.283	34.146	0	26.644
swarm_12_24.pdb	9.681	23.310	0	26.555
swarm_21_57.pdb	14.386	32.268	0	26.186
swarm_3_16.pdb	13.564	29.407	0	26.179
swarm_32_129.pdb	9.386	20.190	0	26.019
swarm_33_164.pdb	10.798	19.809	0	25.505
swarm_17_82.pdb	13.595	29.690	0	25.128
swarm_20_184.pdb	9.244	19.972	0	25.048
swarm_14_81.pdb	11.272	26.136	0	25.022
swarm_0_112.pdb	15.339	36.568	0	25.012
swarm_32_58.pdb	11.799	21.958	0	24.986
swarm_11_107.pdb	6.431	25.050	0	24.737
swarm_33_31.pdb	11.750	26.057	0	24.628
swarm_4_107.pdb	11.320	22.432	0	24.435
swarm_3_51.pdb	12.012	23.863	0	24.314
swarm_4_114.pdb	12.576	24.559	0	24.292
swarm_25_50.pdb	11.281	25.955	0	23.731
swarm_19_138.pdb	12.743	25.992	0	23.579
swarm_31_113.pdb	7.082	14.769	0	23.524
swarm_20_63.pdb	10.412	18.954	0	23.322
swarm_31_60.pdb	8.263	17.278	0	23.198
swarm_22_77.pdb	14.137	31.903	0	22.681
swarm_17_23.pdb	12.292	25.749	0	22.656
swarm_7_175.pdb	11.342	24.907	0	22.602
swarm_4_165.pdb	12.332	24.809	0	22.514
swarm_8_124.pdb	8.955	19.328	0	22.356
swarm_10_161.pdb	10.085	19.329	0	22.093
swarm_18_137.pdb	12.336	24.916	0	22.070
swarm_5_193.pdb	12.169	27.776	0	21.667
swarm_8_160.pdb	3.493	5.801	0.0344828	21.581
swarm_12_20.pdb	12.320	32.835	0	20.215
swarm_1_50.pdb	16.101	36.349	0	20.057
swarm_24_187.pdb	10.219	21.235	0	19.613
swarm_10_80.pdb	12.273	24.861	0	19.286
swarm_5_73.pdb	9.727	18.367	0	18.334
swarm_10_43.pdb	11.946	25.194	0	18.059
swarm_2_173.pdb	11.604	20.768	0	17.810
swarm_11_145.pdb	9.497	21.591	0	16.659
swarm_16_79.pdb	12.322	32.957	0	16.464
swarm_16_159.pdb	12.412	26.468	0	16.329
swarm_3_139.pdb	9.933	23.904	0	13.499
swarm_10_78.pdb	9.457	22.746	0	9.376
swarm_26_111.pdb	9.632	27.057	0	8.814
