swarm_22_178.pdb	7.437	27.215	0.0344828	29.358
swarm_21_4.pdb	11.934	36.341	0	28.104
swarm_23_75.pdb	15.375	40.057	0	28.042
swarm_8_62.pdb	11.330	35.613	0	27.919
swarm_11_121.pdb	14.569	37.828	0	27.441
swarm_36_146.pdb	14.263	39.801	0	27.026
swarm_15_76.pdb	11.504	32.653	0	26.958
swarm_21_96.pdb	7.499	27.856	0	26.658
swarm_22_152.pdb	12.949	31.913	0	26.452
swarm_17_77.pdb	9.338	20.030	0.0689655	26.396
swarm_27_157.pdb	11.141	43.948	0	26.367
swarm_10_121.pdb	9.458	22.094	0	26.181
swarm_10_141.pdb	10.557	22.279	0	25.922
swarm_12_98.pdb	12.253	46.614	0.103448	25.655
swarm_15_189.pdb	13.814	28.753	0	25.652
swarm_40_87.pdb	9.217	22.319	0	25.519
swarm_12_15.pdb	18.224	45.926	0	25.432
swarm_41_75.pdb	11.402	26.519	0	25.150
swarm_9_115.pdb	7.985	20.209	0	25.021
swarm_23_183.pdb	10.371	37.637	0	24.995
swarm_32_33.pdb	11.909	46.395	0.0344828	24.513
swarm_21_146.pdb	9.581	30.698	0.0689655	24.242
swarm_15_120.pdb	12.291	28.990	0	24.123
swarm_9_99.pdb	12.153	27.861	0.0344828	23.943
swarm_27_186.pdb	14.100	37.634	0	23.891
swarm_32_2.pdb	16.544	46.637	0	23.874
swarm_17_104.pdb	11.521	28.003	0	23.598
swarm_35_167.pdb	11.418	37.361	0	23.592
swarm_27_58.pdb	14.915	40.037	0	23.423
swarm_35_69.pdb	13.274	48.813	0	23.383
swarm_21_82.pdb	8.511	22.659	0	23.336
swarm_8_99.pdb	11.849	35.058	0	23.271
swarm_40_40.pdb	11.460	27.634	0	23.104
swarm_4_89.pdb	9.585	27.623	0	23.081
swarm_42_11.pdb	13.939	38.795	0	22.944
swarm_35_144.pdb	11.505	37.402	0	22.914
swarm_17_92.pdb	7.452	23.577	0.0344828	22.872
swarm_38_113.pdb	9.443	28.152	0.103448	22.751
swarm_12_183.pdb	14.026	45.311	0	22.650
swarm_15_12.pdb	7.496	28.206	0.137931	22.573
swarm_29_147.pdb	13.288	40.680	0	22.516
swarm_8_28.pdb	16.412	39.828	0	22.504
swarm_12_144.pdb	14.821	51.070	0	22.504
swarm_28_146.pdb	8.095	22.161	0	22.481
swarm_36_93.pdb	11.048	44.639	0	22.448
swarm_8_29.pdb	15.578	36.090	0	22.405
swarm_10_181.pdb	9.604	23.353	0	22.318
swarm_4_96.pdb	14.418	34.542	0	22.292
swarm_11_197.pdb	7.770	29.301	0	22.264
swarm_36_33.pdb	16.563	40.627	0	22.101
swarm_37_59.pdb	16.954	41.500	0	21.902
swarm_10_91.pdb	12.198	23.801	0	21.830
swarm_35_74.pdb	14.279	35.118	0	21.449
swarm_43_121.pdb	9.034	31.323	0	21.447
swarm_39_82.pdb	9.506	43.108	0	21.382
swarm_4_17.pdb	7.989	26.611	0	21.348
swarm_4_4.pdb	16.072	35.517	0	21.229
swarm_29_131.pdb	11.372	33.612	0	21.061
swarm_9_119.pdb	10.302	24.845	0	20.965
swarm_35_67.pdb	16.091	42.263	0	20.884
swarm_15_115.pdb	11.731	39.914	0	20.779
swarm_29_114.pdb	14.515	37.764	0	20.616
swarm_4_76.pdb	14.926	30.085	0	20.382
swarm_27_83.pdb	13.694	35.465	0	20.344
swarm_39_72.pdb	14.196	38.283	0	20.325
swarm_36_4.pdb	13.479	34.379	0	20.294
swarm_11_56.pdb	11.436	40.803	0.103448	20.228
swarm_2_36.pdb	12.297	30.065	0	20.223
swarm_29_103.pdb	9.574	37.959	0	20.199
swarm_11_114.pdb	8.295	36.558	0	20.078
swarm_37_47.pdb	16.993	42.644	0	19.985
swarm_36_195.pdb	14.538	38.474	0	19.902
swarm_40_128.pdb	9.524	27.642	0.103448	19.808
swarm_36_21.pdb	9.247	42.384	0	19.767
swarm_9_7.pdb	9.083	24.033	0	19.733
swarm_27_107.pdb	7.435	34.545	0.103448	19.696
swarm_11_25.pdb	13.085	36.724	0	19.611
swarm_25_21.pdb	14.331	33.739	0	19.569
swarm_35_177.pdb	12.273	38.394	0	19.506
swarm_38_26.pdb	11.427	21.700	0	19.433
swarm_4_126.pdb	7.320	24.895	0.0344828	19.321
swarm_9_80.pdb	12.857	26.210	0	19.287
swarm_11_69.pdb	9.740	31.524	0	19.163
swarm_27_164.pdb	9.504	35.270	0	19.124
swarm_23_39.pdb	14.001	51.091	0	19.119
swarm_27_176.pdb	11.091	36.774	0	19.072
swarm_2_74.pdb	11.994	36.696	0	19.040
swarm_17_85.pdb	13.763	28.802	0	18.906
swarm_22_156.pdb	11.183	25.407	0	18.695
swarm_15_135.pdb	15.085	32.525	0	18.641
swarm_22_52.pdb	10.574	23.613	0	18.608
swarm_35_25.pdb	13.555	41.037	0	18.444
swarm_17_27.pdb	12.042	24.555	0	18.293
swarm_4_133.pdb	11.350	23.761	0.0344828	18.249
swarm_4_118.pdb	13.500	25.322	0	18.138
swarm_23_118.pdb	14.528	41.583	0	18.059
swarm_25_90.pdb	10.730	33.335	0	17.833
swarm_41_1.pdb	14.748	30.002	0	17.832
swarm_4_102.pdb	11.436	36.421	0	17.831
swarm_27_149.pdb	14.643	35.725	0	17.829
swarm_44_89.pdb	12.887	35.695	0	17.818
swarm_15_134.pdb	12.161	27.600	0	17.696
swarm_35_122.pdb	8.081	40.961	0.137931	17.688
swarm_17_128.pdb	11.891	25.351	0	17.536
swarm_35_108.pdb	10.470	44.375	0	17.519
swarm_11_48.pdb	12.713	25.510	0	17.292
swarm_35_7.pdb	8.837	36.405	0	17.221
swarm_36_184.pdb	8.967	37.251	0	17.199
swarm_40_191.pdb	11.779	30.522	0	17.171
swarm_21_196.pdb	13.815	35.244	0	17.129
swarm_11_60.pdb	9.070	34.054	0	16.733
swarm_37_68.pdb	12.698	44.314	0.0689655	16.722
swarm_9_33.pdb	11.711	29.898	0	16.646
swarm_36_182.pdb	13.191	44.835	0	16.609
swarm_11_38.pdb	9.831	25.872	0	16.539
swarm_38_48.pdb	8.377	22.550	0	16.484
swarm_8_15.pdb	14.626	35.825	0	16.480
swarm_36_140.pdb	13.450	44.402	0	16.462
swarm_22_181.pdb	9.938	31.276	0	16.327
swarm_27_170.pdb	14.730	38.483	0	16.102
swarm_12_40.pdb	16.949	48.499	0	15.895
swarm_32_11.pdb	9.594	39.541	0	15.868
swarm_11_132.pdb	12.374	38.147	0	15.840
swarm_21_119.pdb	5.999	25.899	0.0344828	15.687
swarm_4_42.pdb	14.843	35.456	0	15.665
swarm_23_125.pdb	17.392	46.768	0	15.597
swarm_15_126.pdb	12.105	33.989	0	15.433
swarm_4_8.pdb	12.133	30.228	0	15.054
swarm_22_46.pdb	13.425	27.711	0	15.029
swarm_2_99.pdb	17.344	40.927	0	14.962
swarm_23_36.pdb	14.214	38.133	0	14.961
swarm_25_141.pdb	11.211	37.903	0	14.653
swarm_3_15.pdb	11.266	30.318	0.0689655	14.530
swarm_17_71.pdb	9.681	30.609	0.0689655	14.461
swarm_3_189.pdb	10.165	21.312	0	14.347
swarm_25_93.pdb	12.318	37.693	0	14.193
swarm_15_104.pdb	14.822	36.974	0	13.922
swarm_22_17.pdb	11.867	25.426	0	13.467
swarm_32_41.pdb	15.286	41.444	0	13.336
swarm_4_46.pdb	14.130	32.767	0	12.724
swarm_21_0.pdb	10.644	25.303	0	11.536
swarm_8_141.pdb	15.442	36.297	0	11.481
swarm_8_45.pdb	14.209	36.834	0	10.920
swarm_27_166.pdb	13.332	41.817	0	9.469
swarm_36_0.pdb	15.324	44.519	0	3.365
