swarm_285_94.pdb	7.401	18.310	0.0333333	30.682
swarm_258_37.pdb	19.527	74.768	0	30.497
swarm_148_132.pdb	19.469	76.812	0	27.968
swarm_305_55.pdb	19.330	74.082	0	26.770
swarm_96_13.pdb	12.250	43.352	0	26.712
swarm_130_197.pdb	18.303	63.281	0	26.480
swarm_286_82.pdb	11.559	26.643	0	26.424
swarm_164_70.pdb	17.988	37.892	0	26.091
swarm_169_58.pdb	11.966	31.153	0.0333333	26.051
swarm_203_178.pdb	11.584	30.186	0.0333333	25.977
swarm_324_103.pdb	17.693	78.328	0	25.896
swarm_281_146.pdb	14.184	27.561	0	25.379
swarm_283_155.pdb	10.898	20.979	0	25.364
swarm_14_69.pdb	8.779	44.652	0	25.112
swarm_54_62.pdb	17.985	66.812	0	25.043
swarm_239_3.pdb	13.854	27.444	0	25.031
swarm_200_121.pdb	9.857	23.707	0.0666667	24.971
swarm_272_199.pdb	8.430	27.370	0.0666667	24.890
swarm_275_50.pdb	12.967	32.447	0.0333333	24.663
swarm_288_76.pdb	14.906	39.783	0	24.580
swarm_327_197.pdb	13.678	28.620	0	24.292
swarm_194_155.pdb	18.911	75.073	0	24.272
swarm_281_104.pdb	7.990	14.063	0	24.257
swarm_89_194.pdb	13.214	49.801	0.0333333	24.201
swarm_200_142.pdb	11.986	25.885	0	24.127
swarm_328_57.pdb	4.763	19.505	0.266667	24.095
swarm_326_120.pdb	10.803	37.480	0	24.027
swarm_284_58.pdb	6.840	25.452	0	24.026
swarm_326_118.pdb	9.722	37.509	0	23.998
swarm_151_37.pdb	17.097	68.610	0	23.920
swarm_265_23.pdb	11.385	51.014	0	23.814
swarm_288_190.pdb	15.239	31.658	0	23.808
swarm_319_32.pdb	12.456	39.899	0.0333333	23.718
swarm_281_31.pdb	7.940	16.251	0	23.701
swarm_327_60.pdb	8.129	19.742	0	23.689
swarm_172_153.pdb	17.214	37.995	0	23.678
swarm_242_119.pdb	9.555	21.616	0.1	23.591
swarm_313_41.pdb	14.933	40.773	0	23.586
swarm_313_67.pdb	11.050	46.068	0	23.574
swarm_321_25.pdb	13.733	26.587	0	23.536
swarm_207_91.pdb	12.288	35.814	0.1	23.523
swarm_278_17.pdb	10.188	19.279	0	23.368
swarm_277_104.pdb	13.167	24.962	0	23.310
swarm_288_164.pdb	15.143	33.849	0	23.187
swarm_97_148.pdb	13.783	55.242	0	23.053
swarm_231_109.pdb	15.779	29.059	0	23.012
swarm_173_174.pdb	12.611	29.235	0	23.010
swarm_200_171.pdb	11.546	25.505	0.0666667	22.889
swarm_318_162.pdb	14.146	28.369	0	22.698
swarm_238_123.pdb	16.984	32.646	0	22.679
swarm_328_136.pdb	12.148	25.025	0	22.675
swarm_228_82.pdb	13.642	46.486	0.1	22.644
swarm_256_157.pdb	18.368	80.703	0	22.543
swarm_173_179.pdb	12.934	26.495	0	22.496
swarm_43_140.pdb	16.811	51.988	0	22.388
swarm_252_116.pdb	21.156	78.929	0	22.375
swarm_59_3.pdb	17.905	72.747	0	22.341
swarm_271_198.pdb	10.203	36.841	0	22.317
swarm_165_83.pdb	16.869	61.670	0	22.290
swarm_299_53.pdb	21.635	74.995	0	22.233
swarm_100_196.pdb	18.191	36.740	0	22.122
swarm_283_85.pdb	7.649	15.082	0	22.083
swarm_236_68.pdb	10.896	30.298	0	22.062
swarm_130_90.pdb	17.376	65.678	0	22.008
swarm_262_4.pdb	20.053	76.108	0	21.878
swarm_287_119.pdb	11.439	26.630	0	21.875
swarm_81_129.pdb	18.339	73.383	0	21.704
swarm_242_137.pdb	8.938	25.044	0	21.613
swarm_291_70.pdb	13.898	31.624	0	21.563
swarm_359_19.pdb	17.535	63.323	0	21.547
swarm_271_179.pdb	16.569	38.131	0	21.451
swarm_321_104.pdb	9.905	25.445	0	21.423
swarm_194_30.pdb	15.848	69.383	0	21.416
swarm_283_75.pdb	8.685	19.433	0.0333333	21.401
swarm_256_45.pdb	20.028	81.883	0	21.341
swarm_254_100.pdb	18.665	78.621	0	21.331
swarm_106_2.pdb	16.551	59.003	0	21.324
swarm_147_164.pdb	13.969	39.009	0.0333333	21.272
swarm_303_197.pdb	20.299	80.532	0	21.259
swarm_281_106.pdb	11.927	25.320	0	21.152
swarm_60_65.pdb	16.225	55.391	0	21.126
swarm_274_99.pdb	6.919	26.689	0.1	21.029
swarm_110_159.pdb	13.640	56.887	0	20.973
swarm_328_95.pdb	9.427	31.581	0.0333333	20.946
swarm_239_182.pdb	11.011	22.959	0	20.938
swarm_302_56.pdb	19.269	79.489	0	20.906
swarm_317_38.pdb	6.809	17.777	0.0333333	20.890
swarm_289_75.pdb	10.414	21.107	0.0333333	20.882
swarm_289_119.pdb	7.794	24.308	0.1	20.844
swarm_173_98.pdb	13.730	33.881	0.0666667	20.843
swarm_218_117.pdb	18.490	78.229	0	20.800
swarm_236_5.pdb	13.940	28.574	0	20.707
swarm_316_63.pdb	14.188	27.715	0	20.688
swarm_236_127.pdb	17.293	36.217	0	20.627
swarm_317_134.pdb	11.860	30.327	0.1	20.613
swarm_272_78.pdb	12.141	27.939	0	20.573
swarm_277_5.pdb	11.180	22.525	0	20.541
swarm_42_175.pdb	19.727	75.657	0	20.511
swarm_285_120.pdb	10.605	23.386	0	20.456
swarm_307_24.pdb	21.379	76.998	0	20.450
swarm_283_106.pdb	11.373	28.330	0	20.436
swarm_239_156.pdb	11.819	24.844	0	20.355
swarm_287_130.pdb	12.241	31.005	0.133333	20.345
swarm_308_136.pdb	20.670	83.826	0	20.207
swarm_234_84.pdb	13.600	31.731	0	20.164
swarm_282_140.pdb	12.676	27.072	0	20.138
swarm_58_173.pdb	18.784	69.392	0	20.136
swarm_133_73.pdb	15.595	54.951	0	20.059
swarm_282_126.pdb	7.535	14.875	0	20.032
swarm_195_103.pdb	8.124	26.009	0.0333333	20.025
swarm_242_172.pdb	13.145	33.501	0	19.998
swarm_203_172.pdb	14.226	26.209	0	19.985
swarm_87_197.pdb	20.642	73.803	0	19.930
swarm_304_1.pdb	21.411	82.453	0	19.903
swarm_139_74.pdb	14.374	56.487	0	19.888
swarm_162_150.pdb	20.334	74.212	0	19.859
swarm_182_180.pdb	17.118	64.617	0	19.847
swarm_199_86.pdb	16.388	30.579	0	19.823
swarm_288_42.pdb	13.790	36.216	0.0333333	19.790
swarm_149_183.pdb	20.883	77.233	0	19.731
swarm_276_162.pdb	14.597	29.676	0	19.678
swarm_97_62.pdb	16.846	55.184	0	19.669
swarm_239_175.pdb	10.638	22.543	0.0333333	19.667
swarm_56_44.pdb	18.042	61.651	0	19.666
swarm_282_100.pdb	12.009	28.522	0.133333	19.650
swarm_239_37.pdb	12.663	22.945	0	19.569
swarm_321_129.pdb	11.978	27.775	0	19.564
swarm_121_4.pdb	19.833	83.571	0	19.556
swarm_327_118.pdb	10.610	22.225	0	19.521
swarm_237_199.pdb	12.999	29.142	0	19.493
swarm_282_35.pdb	11.627	30.483	0	19.397
swarm_315_126.pdb	8.035	33.768	0	19.390
swarm_333_149.pdb	15.555	55.011	0	19.301
swarm_66_46.pdb	19.958	81.176	0	19.290
swarm_73_49.pdb	16.473	42.530	0	19.097
swarm_318_47.pdb	12.484	21.539	0	19.055
swarm_287_33.pdb	10.699	29.683	0.1	19.021
swarm_244_46.pdb	18.832	77.258	0	19.003
swarm_282_5.pdb	12.848	28.406	0	18.990
swarm_315_63.pdb	10.988	22.013	0	18.961
swarm_282_198.pdb	13.060	25.274	0	18.918
swarm_230_108.pdb	12.200	20.727	0	18.899
swarm_221_78.pdb	20.446	79.286	0	18.893
swarm_239_121.pdb	9.442	17.264	0	18.858
swarm_270_81.pdb	9.227	37.671	0	18.808
swarm_233_116.pdb	11.747	26.938	0.0333333	18.745
swarm_69_36.pdb	11.484	32.556	0	18.686
swarm_318_80.pdb	15.366	27.007	0	18.684
swarm_281_110.pdb	13.863	23.223	0	18.682
swarm_287_169.pdb	8.460	29.114	0.0666667	18.670
swarm_278_14.pdb	8.592	17.189	0	18.661
swarm_249_131.pdb	18.613	76.017	0	18.659
swarm_255_57.pdb	21.283	79.931	0	18.655
swarm_56_74.pdb	17.422	58.764	0	18.634
swarm_207_52.pdb	13.247	36.818	0.0666667	18.614
swarm_229_161.pdb	13.910	30.363	0	18.564
swarm_286_104.pdb	8.954	18.687	0	18.543
swarm_286_159.pdb	6.989	19.450	0	18.541
swarm_181_35.pdb	19.435	80.478	0	18.537
swarm_261_61.pdb	19.076	74.276	0	18.498
swarm_241_168.pdb	11.314	27.889	0	18.426
swarm_239_15.pdb	13.671	21.583	0	18.422
swarm_204_40.pdb	13.340	43.898	0	18.422
swarm_289_29.pdb	13.929	29.845	0	18.394
swarm_298_44.pdb	21.222	82.678	0	18.391
swarm_280_103.pdb	10.280	39.498	0.0333333	18.385
swarm_203_80.pdb	13.430	24.028	0	18.385
swarm_40_171.pdb	20.291	77.645	0	18.375
swarm_227_117.pdb	10.176	35.999	0	18.367
swarm_232_52.pdb	9.919	36.348	0.1	18.365
swarm_320_67.pdb	15.034	26.634	0	18.342
swarm_198_116.pdb	11.944	32.165	0.0333333	18.284
swarm_277_179.pdb	12.618	28.638	0	18.263
swarm_269_163.pdb	9.577	30.454	0.0666667	18.263
swarm_283_162.pdb	12.748	28.233	0.0333333	18.254
swarm_287_87.pdb	10.250	19.633	0	18.244
swarm_193_33.pdb	16.265	39.934	0	18.236
swarm_239_105.pdb	4.311	15.774	0.233333	18.234
swarm_237_117.pdb	10.529	24.967	0	18.222
swarm_9_179.pdb	16.068	62.872	0	18.218
swarm_285_1.pdb	14.489	24.755	0	18.126
swarm_285_35.pdb	11.590	25.880	0	18.101
swarm_289_133.pdb	7.871	32.707	0.1	18.085
swarm_90_99.pdb	19.873	70.483	0	18.059
swarm_285_88.pdb	11.015	22.560	0	18.059
swarm_228_109.pdb	12.259	44.481	0.0666667	18.038
swarm_72_82.pdb	18.101	62.389	0	17.986
swarm_195_15.pdb	8.467	26.212	0.133333	17.985
swarm_239_116.pdb	13.763	25.993	0	17.974
swarm_133_143.pdb	13.256	49.943	0	17.970
swarm_275_115.pdb	11.392	25.365	0	17.891
swarm_319_117.pdb	9.383	29.924	0	17.877
swarm_112_81.pdb	20.542	80.956	0	17.787
swarm_238_183.pdb	9.312	27.813	0	17.732
swarm_263_27.pdb	19.920	83.630	0	17.658
swarm_237_59.pdb	12.955	25.525	0	17.633
swarm_192_62.pdb	21.132	81.407	0	17.599
swarm_318_40.pdb	4.427	11.787	0.366667	17.584
swarm_203_77.pdb	10.590	22.789	0	17.573
swarm_92_60.pdb	10.751	33.799	0	17.567
swarm_381_31.pdb	19.865	86.705	0	17.527
swarm_272_126.pdb	14.168	33.709	0.0333333	17.471
swarm_250_20.pdb	19.524	83.787	0	17.434
swarm_281_176.pdb	11.350	23.198	0	17.423
swarm_158_14.pdb	19.926	82.810	0	17.420
swarm_286_37.pdb	4.084	11.437	0.233333	17.397
swarm_222_149.pdb	19.933	78.570	0	17.357
swarm_206_82.pdb	15.166	39.323	0.0666667	17.347
swarm_69_192.pdb	15.943	44.983	0	17.301
swarm_5_124.pdb	20.503	72.609	0	17.280
swarm_176_8.pdb	19.400	80.062	0	17.186
swarm_114_167.pdb	13.463	60.525	0	17.165
swarm_67_106.pdb	19.922	82.014	0	17.156
swarm_219_199.pdb	20.996	85.066	0	17.084
swarm_241_46.pdb	13.121	34.614	0	17.079
swarm_207_155.pdb	11.476	34.313	0.133333	17.000
swarm_32_125.pdb	13.719	52.750	0	16.991
swarm_160_66.pdb	10.608	33.381	0.0666667	16.986
swarm_205_51.pdb	13.096	34.072	0	16.973
swarm_267_44.pdb	13.753	45.570	0.0333333	16.963
swarm_149_179.pdb	21.592	79.854	0	16.952
swarm_191_69.pdb	9.543	33.612	0	16.896
swarm_86_37.pdb	16.524	46.985	0	16.888
swarm_237_54.pdb	8.930	26.992	0.0666667	16.786
swarm_236_114.pdb	10.385	28.788	0	16.779
swarm_273_105.pdb	11.179	22.942	0	16.749
swarm_39_78.pdb	22.298	84.115	0	16.707
swarm_232_107.pdb	11.781	33.143	0.0333333	16.704
swarm_382_130.pdb	22.995	90.094	0	16.685
swarm_143_149.pdb	9.662	36.035	0	16.664
swarm_107_179.pdb	13.368	44.003	0	16.604
swarm_269_155.pdb	11.334	31.000	0	16.512
swarm_328_130.pdb	13.896	28.099	0	16.510
swarm_55_135.pdb	19.698	85.486	0	16.504
swarm_121_117.pdb	20.813	85.568	0	16.442
swarm_286_75.pdb	13.160	25.491	0	16.439
swarm_222_111.pdb	19.483	82.365	0	16.365
swarm_248_62.pdb	20.567	83.772	0	16.353
swarm_199_60.pdb	14.573	32.432	0	16.351
swarm_37_154.pdb	18.786	56.018	0	16.350
swarm_283_175.pdb	6.957	19.217	0.266667	16.247
swarm_316_10.pdb	7.096	21.426	0.1	16.202
swarm_110_158.pdb	15.987	56.170	0	16.192
swarm_180_194.pdb	19.715	85.716	0	16.158
swarm_282_91.pdb	14.654	25.524	0	16.155
swarm_282_176.pdb	13.839	22.159	0	16.141
swarm_94_152.pdb	7.923	37.928	0.0333333	16.096
swarm_318_49.pdb	14.202	24.558	0	16.090
swarm_173_96.pdb	12.609	30.680	0.0333333	16.058
swarm_160_17.pdb	8.563	27.713	0	16.032
swarm_351_111.pdb	17.246	51.495	0	16.017
swarm_270_0.pdb	12.771	26.316	0	15.970
swarm_318_100.pdb	9.353	17.327	0	15.969
swarm_230_9.pdb	14.437	27.114	0	15.939
swarm_172_144.pdb	10.941	36.780	0	15.932
swarm_145_34.pdb	16.296	52.293	0	15.931
swarm_146_88.pdb	18.887	56.682	0	15.925
swarm_287_10.pdb	5.571	24.046	0.2	15.905
swarm_233_195.pdb	16.132	29.657	0	15.891
swarm_273_190.pdb	13.396	35.375	0.1	15.849
swarm_200_177.pdb	11.003	25.619	0	15.799
swarm_195_97.pdb	14.291	40.520	0.0666667	15.798
swarm_6_197.pdb	18.489	48.834	0	15.705
swarm_78_105.pdb	13.851	45.849	0	15.683
swarm_152_169.pdb	19.943	80.229	0	15.645
swarm_316_162.pdb	11.591	30.015	0.0333333	15.644
swarm_230_193.pdb	10.818	27.867	0	15.644
swarm_240_139.pdb	10.143	27.484	0	15.640
swarm_164_128.pdb	13.053	29.346	0.0666667	15.593
swarm_240_113.pdb	14.701	28.613	0	15.566
swarm_253_149.pdb	20.604	84.928	0	15.524
swarm_200_191.pdb	3.704	6.514	0.133333	15.518
swarm_278_138.pdb	9.365	21.922	0	15.517
swarm_236_138.pdb	6.476	24.297	0.3	15.473
swarm_230_19.pdb	8.327	30.993	0	15.458
swarm_96_37.pdb	11.905	38.410	0	15.456
swarm_75_85.pdb	10.883	44.657	0	15.388
swarm_185_86.pdb	19.739	84.663	0	15.373
swarm_240_9.pdb	9.490	27.986	0	15.340
swarm_251_146.pdb	19.730	84.825	0	15.337
swarm_166_137.pdb	9.846	29.622	0	15.326
swarm_93_109.pdb	16.938	54.221	0	15.287
swarm_251_23.pdb	20.763	84.819	0	15.226
swarm_255_135.pdb	19.824	82.938	0	15.224
swarm_203_108.pdb	7.273	17.588	0	15.206
swarm_51_22.pdb	12.357	41.158	0.0666667	15.157
swarm_275_186.pdb	4.831	14.040	0.133333	15.141
swarm_167_178.pdb	15.836	44.178	0	15.134
swarm_197_94.pdb	18.266	73.624	0	15.133
swarm_318_152.pdb	10.754	19.371	0	15.087
swarm_394_150.pdb	21.204	79.703	0	15.080
swarm_327_64.pdb	7.171	24.414	0.133333	15.069
swarm_144_54.pdb	14.050	51.012	0.0333333	15.059
swarm_159_137.pdb	16.905	52.015	0	15.053
swarm_68_157.pdb	21.985	87.738	0	14.925
swarm_203_82.pdb	13.537	27.691	0.0333333	14.914
swarm_285_89.pdb	13.538	22.703	0	14.876
swarm_199_184.pdb	8.195	30.642	0.0333333	14.874
swarm_11_37.pdb	20.363	77.845	0	14.807
swarm_80_67.pdb	20.248	80.329	0	14.778
swarm_321_141.pdb	13.929	30.413	0	14.715
swarm_173_111.pdb	10.366	32.592	0	14.590
swarm_209_185.pdb	21.653	84.403	0	14.581
swarm_240_179.pdb	12.979	28.254	0	14.523
swarm_179_54.pdb	19.235	62.754	0	14.501
swarm_356_137.pdb	15.721	64.092	0	14.496
swarm_278_45.pdb	11.455	28.152	0	14.476
swarm_230_42.pdb	9.083	22.797	0	14.476
swarm_155_17.pdb	20.540	84.530	0	14.394
swarm_239_4.pdb	11.822	24.755	0	14.385
swarm_242_127.pdb	5.028	22.418	0.333333	14.375
swarm_200_141.pdb	17.035	28.494	0	14.286
swarm_293_124.pdb	20.160	83.147	0	14.249
swarm_168_130.pdb	22.144	78.036	0	14.181
swarm_275_196.pdb	7.230	19.017	0.0666667	14.171
swarm_298_145.pdb	21.676	86.736	0	14.147
swarm_236_56.pdb	10.402	20.115	0	14.114
swarm_49_18.pdb	16.400	59.927	0	14.093
swarm_356_62.pdb	20.345	69.280	0	14.051
swarm_327_6.pdb	9.858	21.847	0	14.042
swarm_156_180.pdb	13.870	33.990	0	13.836
swarm_286_35.pdb	12.271	24.630	0	13.831
swarm_287_139.pdb	8.084	30.101	0.0333333	13.783
swarm_29_186.pdb	21.640	78.771	0	13.782
swarm_207_176.pdb	9.001	28.655	0	13.773
swarm_242_37.pdb	7.288	24.159	0.0666667	13.748
swarm_166_179.pdb	11.878	37.613	0	13.720
swarm_221_56.pdb	20.499	82.050	0	13.620
swarm_193_107.pdb	11.717	34.756	0	13.552
swarm_231_129.pdb	11.105	21.532	0	13.537
swarm_20_11.pdb	19.890	70.411	0	13.520
swarm_278_143.pdb	10.992	22.624	0.133333	13.468
swarm_287_68.pdb	13.920	29.384	0	13.440
swarm_15_3.pdb	19.469	76.951	0	13.437
swarm_279_95.pdb	18.871	61.567	0	13.388
swarm_203_26.pdb	11.897	23.619	0.0666667	13.293
swarm_327_154.pdb	16.319	31.010	0	13.287
swarm_165_55.pdb	17.288	61.843	0	13.245
swarm_119_53.pdb	20.092	80.192	0	13.147
swarm_237_44.pdb	9.165	23.758	0	13.109
swarm_395_147.pdb	23.530	90.413	0	13.108
swarm_285_113.pdb	13.220	28.343	0.0333333	13.107
swarm_184_163.pdb	20.155	85.101	0	13.067
swarm_200_168.pdb	15.011	24.862	0	13.001
swarm_340_189.pdb	22.039	75.540	0	12.943
swarm_382_185.pdb	22.908	91.969	0	12.925
swarm_282_175.pdb	16.191	24.454	0	12.849
swarm_180_97.pdb	21.895	89.045	0	12.839
swarm_228_58.pdb	6.726	33.347	0.0666667	12.786
swarm_207_180.pdb	11.718	25.522	0	12.740
swarm_195_13.pdb	8.891	33.844	0.0666667	12.621
swarm_20_32.pdb	19.862	60.770	0	12.571
swarm_318_34.pdb	9.384	19.916	0	12.540
swarm_12_165.pdb	18.701	74.718	0	12.502
swarm_132_160.pdb	17.776	70.433	0	12.487
swarm_31_23.pdb	22.802	83.663	0	12.437
swarm_231_199.pdb	11.508	19.371	0	12.360
swarm_66_163.pdb	20.612	82.338	0	12.352
swarm_355_4.pdb	20.399	74.988	0	12.315
swarm_109_115.pdb	15.553	59.335	0	12.310
swarm_285_61.pdb	8.469	20.919	0.0666667	12.270
swarm_277_177.pdb	12.017	22.401	0	12.244
swarm_318_103.pdb	16.468	27.700	0	12.137
swarm_199_171.pdb	9.544	24.609	0	12.116
swarm_75_188.pdb	11.826	35.801	0	12.107
swarm_392_197.pdb	18.591	65.368	0	12.091
swarm_79_57.pdb	23.434	82.978	0	12.068
swarm_157_110.pdb	20.487	68.427	0	12.038
swarm_281_193.pdb	12.390	23.507	0	11.855
swarm_237_184.pdb	8.948	24.233	0.0666667	11.853
swarm_271_70.pdb	10.461	45.602	0	11.663
swarm_87_190.pdb	19.286	75.915	0	11.436
swarm_148_32.pdb	20.725	83.705	0	11.400
swarm_198_172.pdb	12.391	34.892	0.1	11.390
swarm_73_181.pdb	18.897	46.350	0	11.194
swarm_282_27.pdb	13.080	28.222	0.166667	11.101
swarm_101_65.pdb	22.518	78.598	0	11.084
swarm_282_185.pdb	8.367	19.223	0.0333333	10.990
swarm_361_195.pdb	16.491	48.489	0	10.874
swarm_241_36.pdb	8.610	36.777	0	10.648
swarm_248_11.pdb	21.131	84.399	0	10.515
swarm_232_188.pdb	7.161	23.372	0	10.510
swarm_289_163.pdb	12.165	31.342	0.0333333	10.386
swarm_104_75.pdb	18.024	70.547	0	10.324
swarm_337_194.pdb	21.465	82.011	0	10.251
swarm_318_143.pdb	11.982	25.818	0	10.235
swarm_84_82.pdb	21.959	77.753	0	10.148
swarm_179_96.pdb	19.459	65.051	0	10.112
swarm_239_118.pdb	11.373	22.718	0.0333333	10.109
swarm_264_97.pdb	21.076	86.278	0	9.937
swarm_281_71.pdb	12.404	28.510	0.0666667	9.600
swarm_241_80.pdb	15.698	31.389	0	9.527
swarm_388_140.pdb	22.414	77.256	0	8.488
swarm_83_194.pdb	20.731	76.688	0	6.377
swarm_285_50.pdb	5.801	22.786	0.133333	5.212
swarm_121_59.pdb	22.841	85.224	0	4.972
swarm_236_7.pdb	10.411	31.875	0.1	4.459
swarm_322_134.pdb	19.997	84.787	0	4.282
swarm_286_44.pdb	8.300	22.782	0	3.798
swarm_286_165.pdb	15.310	29.623	0	3.430
swarm_273_31.pdb	8.843	31.986	0.133333	3.005
swarm_205_90.pdb	8.676	27.494	0.0333333	1.914
swarm_318_167.pdb	9.986	19.325	0	1.256
swarm_295_5.pdb	19.051	75.600	0	0.357
swarm_327_38.pdb	7.865	22.147	0.266667	0.286
