swarm_14_147.pdb	10.856	30.603	0	38.255
swarm_23_94.pdb	11.532	23.661	0	37.254
swarm_18_153.pdb	14.832	28.253	0	37.087
swarm_23_180.pdb	14.149	27.411	0	34.365
swarm_25_114.pdb	14.956	31.431	0	34.058
swarm_23_45.pdb	13.964	26.639	0	33.404
swarm_23_198.pdb	14.433	34.144	0	33.159
swarm_28_85.pdb	18.653	42.277	0	32.647
swarm_6_12.pdb	10.655	26.855	0	32.275
swarm_1_21.pdb	12.823	30.294	0	32.260
swarm_11_18.pdb	7.413	17.223	0.166667	31.715
swarm_25_184.pdb	10.810	28.238	0.1	31.608
swarm_13_169.pdb	6.738	12.929	0	31.449
swarm_15_64.pdb	12.012	29.863	0.0666667	30.975
swarm_25_22.pdb	14.550	28.156	0	30.971
swarm_1_114.pdb	14.624	37.064	0	30.849
swarm_17_59.pdb	13.674	33.217	0.133333	30.493
swarm_19_146.pdb	6.448	26.239	0.1	30.379
swarm_18_5.pdb	10.775	32.543	0.0666667	30.270
swarm_14_138.pdb	13.892	27.445	0	30.023
swarm_21_88.pdb	12.920	29.008	0	29.681
swarm_16_173.pdb	13.549	28.665	0.0333333	28.993
swarm_2_175.pdb	11.548	25.962	0	28.881
swarm_18_9.pdb	14.380	32.403	0	28.731
swarm_28_42.pdb	13.507	43.870	0	28.589
swarm_15_67.pdb	13.934	30.390	0	28.561
swarm_11_104.pdb	14.303	25.239	0	28.531
swarm_18_70.pdb	12.382	26.078	0	28.382
swarm_17_9.pdb	15.034	33.789	0	28.374
swarm_15_160.pdb	12.463	25.259	0	28.350
swarm_29_44.pdb	8.571	23.545	0	28.321
swarm_27_14.pdb	13.575	27.445	0	28.289
swarm_15_53.pdb	9.071	23.207	0	28.138
swarm_21_128.pdb	11.558	33.706	0	27.704
swarm_6_152.pdb	14.460	33.741	0	27.673
swarm_16_74.pdb	11.656	33.620	0.1	27.651
swarm_3_148.pdb	8.167	35.360	0.0666667	27.336
swarm_4_161.pdb	18.307	37.401	0	27.115
swarm_5_83.pdb	13.909	24.600	0	27.090
swarm_13_194.pdb	10.283	24.582	0	26.914
swarm_12_34.pdb	12.166	27.282	0.0333333	26.904
swarm_18_43.pdb	13.886	28.893	0	26.755
swarm_3_173.pdb	9.017	26.910	0.0666667	26.711
swarm_13_174.pdb	12.694	28.361	0	26.627
swarm_12_163.pdb	11.342	23.068	0	26.617
swarm_25_117.pdb	16.594	26.485	0	26.531
swarm_11_163.pdb	10.164	17.635	0	26.443
swarm_0_178.pdb	11.889	23.851	0	26.323
swarm_20_105.pdb	15.371	46.858	0	26.162
swarm_29_175.pdb	10.861	20.940	0	26.096
swarm_3_46.pdb	9.118	23.251	0.133333	25.982
swarm_22_65.pdb	15.822	43.837	0	25.936
swarm_2_79.pdb	13.818	26.539	0	25.904
swarm_23_34.pdb	7.736	24.265	0.0666667	25.766
swarm_18_188.pdb	13.548	22.968	0	25.736
swarm_25_150.pdb	10.055	27.163	0	25.717
swarm_15_117.pdb	8.581	17.436	0	25.404
swarm_18_191.pdb	8.236	29.611	0.0666667	25.379
swarm_23_63.pdb	6.988	23.268	0.0333333	25.270
swarm_1_33.pdb	12.130	30.192	0	25.175
swarm_10_2.pdb	9.494	17.210	0	25.174
swarm_10_144.pdb	6.106	18.619	0.1	25.123
swarm_2_123.pdb	11.309	22.642	0	25.024
swarm_16_120.pdb	13.008	24.254	0	24.852
swarm_15_183.pdb	12.878	24.846	0	24.815
swarm_2_176.pdb	11.952	21.667	0	24.801
swarm_18_77.pdb	11.961	35.468	0	24.755
swarm_22_68.pdb	16.492	38.969	0	24.751
swarm_27_195.pdb	11.558	33.351	0	24.597
swarm_5_12.pdb	12.995	29.840	0	24.577
swarm_6_135.pdb	16.386	31.479	0	24.538
swarm_28_16.pdb	18.454	41.439	0	24.524
swarm_23_53.pdb	10.445	23.010	0	24.500
swarm_29_71.pdb	8.312	16.288	0	24.431
swarm_26_166.pdb	18.464	39.241	0	24.373
swarm_0_88.pdb	11.262	21.944	0	24.357
swarm_5_82.pdb	10.185	23.502	0.0666667	24.242
swarm_17_92.pdb	14.304	35.629	0	24.077
swarm_13_159.pdb	12.025	26.659	0.0333333	23.766
swarm_4_10.pdb	17.804	37.932	0	23.673
swarm_12_108.pdb	15.671	28.157	0	23.601
swarm_19_75.pdb	13.673	37.350	0	23.586
swarm_8_74.pdb	9.964	18.878	0	23.576
swarm_7_115.pdb	11.753	25.772	0.133333	23.508
swarm_4_95.pdb	10.618	27.971	0	23.315
swarm_16_13.pdb	12.290	26.902	0	23.277
swarm_17_133.pdb	11.940	34.512	0	23.266
swarm_12_159.pdb	12.826	24.148	0	23.079
swarm_22_48.pdb	13.528	36.313	0	22.977
swarm_13_25.pdb	8.201	19.072	0	22.962
swarm_4_80.pdb	18.912	40.727	0	22.917
swarm_6_69.pdb	15.870	40.102	0.0333333	22.728
swarm_19_118.pdb	9.959	33.386	0.0333333	22.688
swarm_21_54.pdb	12.075	34.201	0	22.588
swarm_14_118.pdb	14.273	25.927	0	22.587
swarm_14_30.pdb	12.901	24.965	0	22.282
swarm_0_6.pdb	10.954	23.199	0	22.228
swarm_18_38.pdb	13.945	23.531	0	22.194
swarm_13_75.pdb	7.999	26.216	0	22.086
swarm_29_84.pdb	11.654	30.811	0	22.053
swarm_21_49.pdb	14.090	29.303	0	22.040
swarm_20_171.pdb	17.078	41.379	0	22.033
swarm_16_150.pdb	13.241	27.370	0.0666667	21.914
swarm_11_53.pdb	11.223	24.363	0	21.893
swarm_29_91.pdb	10.351	19.588	0	21.878
swarm_4_196.pdb	12.110	31.481	0	21.858
swarm_5_162.pdb	11.293	29.420	0	21.812
swarm_17_98.pdb	16.975	36.221	0	21.595
swarm_14_150.pdb	11.369	19.799	0	21.585
swarm_21_114.pdb	10.968	29.340	0	21.403
swarm_6_89.pdb	16.288	33.391	0	21.378
swarm_14_54.pdb	12.828	24.503	0	21.368
swarm_28_36.pdb	14.164	34.276	0	21.171
swarm_5_125.pdb	11.333	23.610	0	21.083
swarm_23_67.pdb	13.792	25.055	0	21.049
swarm_15_69.pdb	18.064	32.671	0	21.044
swarm_19_152.pdb	14.179	29.084	0	21.002
swarm_14_130.pdb	13.192	22.295	0	20.910
swarm_12_175.pdb	11.640	27.637	0	20.842
swarm_5_28.pdb	13.063	24.521	0	20.835
swarm_10_59.pdb	9.671	20.605	0.2	20.790
swarm_16_95.pdb	6.661	29.489	0.0666667	20.714
swarm_2_43.pdb	15.304	27.880	0	20.682
swarm_29_88.pdb	13.660	24.634	0	20.656
swarm_21_100.pdb	13.404	29.393	0.1	20.618
swarm_12_58.pdb	8.250	20.441	0.0333333	20.581
swarm_27_75.pdb	11.492	38.786	0.166667	20.527
swarm_6_75.pdb	12.150	34.937	0	20.497
swarm_4_2.pdb	12.270	36.355	0	20.372
swarm_11_139.pdb	11.706	24.714	0	20.372
swarm_8_86.pdb	10.039	21.844	0.0666667	20.294
swarm_6_62.pdb	18.025	33.918	0	20.260
swarm_2_160.pdb	12.501	24.021	0.0333333	20.256
swarm_8_177.pdb	10.486	28.433	0.266667	20.248
swarm_29_26.pdb	14.050	31.373	0	20.241
swarm_12_187.pdb	9.627	18.626	0.0333333	20.240
swarm_27_175.pdb	15.478	36.806	0	20.098
swarm_6_125.pdb	7.476	27.318	0.166667	20.024
swarm_0_63.pdb	13.263	23.246	0	19.985
swarm_29_82.pdb	12.830	31.445	0	19.924
swarm_13_97.pdb	7.904	15.953	0	19.881
swarm_26_68.pdb	18.411	43.499	0	19.683
swarm_19_106.pdb	12.653	36.663	0	19.624
swarm_12_4.pdb	15.674	31.225	0	19.571
swarm_26_16.pdb	18.528	43.957	0	19.568
swarm_17_31.pdb	13.612	43.819	0	19.519
swarm_2_14.pdb	17.122	29.311	0	19.422
swarm_26_190.pdb	15.314	32.021	0	19.254
swarm_20_152.pdb	18.618	43.075	0	19.068
swarm_15_125.pdb	8.668	18.843	0	18.873
swarm_27_166.pdb	19.342	40.159	0	18.805
swarm_28_67.pdb	11.835	39.040	0.0333333	18.795
swarm_0_3.pdb	16.108	26.051	0	18.768
swarm_29_14.pdb	13.162	28.987	0.1	18.715
swarm_11_108.pdb	14.272	27.994	0	18.697
swarm_8_6.pdb	11.797	21.525	0	18.616
swarm_27_3.pdb	12.947	32.636	0	18.316
swarm_3_20.pdb	9.766	27.215	0	18.307
swarm_3_1.pdb	7.852	28.491	0.166667	18.158
swarm_2_178.pdb	4.858	10.648	0.4	18.145
swarm_18_104.pdb	15.591	33.686	0	17.802
swarm_22_100.pdb	10.744	38.212	0.0666667	17.557
swarm_7_49.pdb	11.955	25.936	0.0333333	17.493
swarm_27_92.pdb	11.910	33.252	0.0333333	17.304
swarm_3_23.pdb	13.826	27.148	0	17.255
swarm_5_71.pdb	10.812	18.444	0	17.208
swarm_18_161.pdb	17.033	34.743	0	17.148
swarm_15_54.pdb	13.672	26.759	0	17.067
swarm_14_46.pdb	13.910	26.418	0	17.053
swarm_1_189.pdb	14.443	35.783	0	16.708
swarm_23_162.pdb	10.934	32.291	0.2	16.440
swarm_4_197.pdb	12.342	29.745	0	16.338
swarm_9_111.pdb	14.564	35.659	0	16.309
swarm_16_9.pdb	15.492	28.339	0	16.175
swarm_26_86.pdb	8.815	43.933	0.0333333	16.154
swarm_16_76.pdb	16.745	30.620	0	16.117
swarm_2_112.pdb	11.883	21.523	0	16.102
swarm_25_63.pdb	12.769	32.149	0	16.054
swarm_18_81.pdb	15.539	29.572	0	15.924
swarm_4_168.pdb	16.987	33.217	0	15.861
swarm_13_101.pdb	11.999	27.505	0	15.850
swarm_21_86.pdb	10.919	32.105	0	15.747
swarm_24_173.pdb	9.923	22.972	0.0666667	15.637
swarm_14_36.pdb	12.907	28.445	0	15.357
swarm_21_84.pdb	15.037	31.660	0	15.312
swarm_16_187.pdb	14.060	34.305	0	15.035
swarm_5_171.pdb	7.405	26.647	0.0333333	15.004
swarm_3_153.pdb	13.391	33.734	0	14.972
swarm_1_191.pdb	15.093	30.587	0	14.153
swarm_16_176.pdb	15.952	28.895	0	14.146
swarm_13_18.pdb	15.876	25.237	0	13.934
swarm_5_147.pdb	13.546	31.961	0	13.527
swarm_0_131.pdb	6.852	16.676	0.0333333	13.438
swarm_1_198.pdb	12.067	32.524	0	13.375
swarm_1_38.pdb	15.871	33.223	0	13.298
swarm_21_57.pdb	11.381	39.626	0	13.278
swarm_27_2.pdb	12.255	31.125	0	13.068
swarm_29_87.pdb	14.348	28.824	0	12.707
swarm_26_193.pdb	19.137	37.616	0	12.510
swarm_5_176.pdb	15.812	29.777	0	12.482
swarm_21_35.pdb	15.302	32.258	0	12.021
swarm_13_23.pdb	12.279	21.279	0	11.903
swarm_17_135.pdb	8.103	31.772	0.0333333	11.732
swarm_17_107.pdb	14.051	41.456	0	11.686
swarm_17_105.pdb	19.186	42.445	0	11.658
swarm_2_180.pdb	15.561	27.766	0	9.527
swarm_20_98.pdb	14.961	33.354	0	6.524
swarm_27_52.pdb	10.712	31.318	0	5.979
swarm_10_169.pdb	12.885	27.547	0.0333333	5.594
swarm_15_112.pdb	10.638	29.562	0	1.340
