swarm_19_141.pdb	7.457	27.874	0	33.830
swarm_8_175.pdb	9.787	27.237	0	33.401
swarm_12_185.pdb	10.331	28.669	0	33.249
swarm_11_100.pdb	6.360	32.169	0.0666667	32.949
swarm_26_29.pdb	9.508	28.447	0	32.582
swarm_31_140.pdb	6.660	31.039	0.0666667	32.447
swarm_23_54.pdb	7.954	22.760	0	32.331
swarm_9_83.pdb	10.145	28.548	0	31.557
swarm_13_131.pdb	6.505	33.756	0.0333333	31.525
swarm_43_16.pdb	7.207	25.172	0	30.189
swarm_22_158.pdb	4.844	18.381	0.0333333	30.125
swarm_9_188.pdb	9.226	36.487	0	29.687
swarm_15_145.pdb	7.499	14.677	0	29.593
swarm_37_36.pdb	9.189	34.285	0	29.580
swarm_25_168.pdb	7.314	12.876	0	29.239
swarm_14_143.pdb	10.473	27.957	0	28.882
swarm_47_42.pdb	8.644	35.780	0	28.638
swarm_40_176.pdb	10.195	40.775	0	28.191
swarm_10_130.pdb	3.542	15.653	0.2	27.802
swarm_0_17.pdb	11.000	32.588	0	27.669
swarm_17_79.pdb	1.412	7.500	0.766667	27.585
swarm_13_172.pdb	6.813	38.071	0.133333	27.334
swarm_27_120.pdb	5.802	26.312	0.0666667	27.177
swarm_42_68.pdb	10.807	40.059	0	26.898
swarm_35_90.pdb	6.336	28.750	0	26.863
swarm_25_121.pdb	4.586	15.664	0.0666667	26.635
swarm_20_12.pdb	14.710	49.444	0	26.590
swarm_8_126.pdb	9.505	40.143	0	26.583
swarm_13_79.pdb	14.094	38.713	0	26.536
swarm_12_191.pdb	6.315	28.069	0.0666667	26.424
swarm_29_154.pdb	1.345	7.924	0.8	26.062
swarm_4_143.pdb	7.063	32.273	0.0666667	25.971
swarm_1_54.pdb	0.853	2.495	0.933333	25.696
swarm_5_109.pdb	5.739	28.390	0.1	25.688
swarm_41_81.pdb	5.070	22.905	0.0666667	25.675
swarm_36_97.pdb	4.925	17.687	0.166667	25.369
swarm_11_3.pdb	10.192	33.074	0	25.366
swarm_29_123.pdb	7.803	17.456	0	25.244
swarm_31_13.pdb	10.572	30.542	0	25.074
swarm_37_175.pdb	9.216	36.128	0	25.068
swarm_14_10.pdb	6.602	28.975	0.0333333	25.042
swarm_45_168.pdb	6.851	32.207	0.0666667	24.950
swarm_33_103.pdb	12.127	45.483	0	24.931
swarm_6_113.pdb	11.927	46.980	0	24.679
swarm_39_190.pdb	13.043	54.016	0	24.596
swarm_7_171.pdb	9.528	39.801	0	24.426
swarm_24_120.pdb	2.442	5.775	0.566667	24.275
swarm_36_145.pdb	5.863	22.283	0	24.179
swarm_16_25.pdb	5.200	31.463	0.3	24.171
swarm_44_190.pdb	5.833	19.417	0	24.075
swarm_15_81.pdb	2.197	10.471	0.633333	24.073
swarm_18_46.pdb	5.907	24.574	0.0666667	23.842
swarm_24_191.pdb	4.494	22.307	0.166667	23.685
swarm_42_142.pdb	9.111	38.397	0	23.585
swarm_46_124.pdb	6.872	35.426	0.0666667	23.401
swarm_4_101.pdb	14.028	39.294	0	23.270
swarm_15_184.pdb	6.237	24.679	0.0666667	23.162
swarm_46_113.pdb	10.053	45.250	0	23.099
swarm_18_65.pdb	5.028	22.190	0.0666667	22.887
swarm_9_187.pdb	8.244	36.683	0.0333333	22.533
swarm_19_13.pdb	6.418	31.346	0	21.987
swarm_13_103.pdb	8.268	42.164	0.0333333	21.375
swarm_27_160.pdb	4.626	19.542	0.133333	19.747
swarm_26_111.pdb	12.986	32.656	0	19.572
swarm_38_146.pdb	6.505	36.079	0	19.343
swarm_24_181.pdb	4.141	23.180	0.233333	19.117
swarm_5_179.pdb	6.547	35.504	0.1	18.735
swarm_41_20.pdb	6.433	31.740	0	17.970
swarm_19_148.pdb	6.858	29.626	0.0666667	17.476
swarm_5_58.pdb	7.902	23.447	0	17.362
swarm_23_102.pdb	5.531	25.694	0.133333	17.343
swarm_27_63.pdb	6.473	19.436	0.0333333	17.285
swarm_35_147.pdb	6.436	27.453	0.0333333	17.105
swarm_2_90.pdb	4.911	23.353	0.266667	17.083
swarm_17_170.pdb	2.277	7.563	0.433333	16.299
swarm_16_33.pdb	5.796	25.167	0.0666667	16.189
swarm_23_139.pdb	6.512	28.451	0.0333333	16.029
swarm_39_7.pdb	12.242	46.581	0	15.900
swarm_15_91.pdb	6.341	20.719	0.0333333	15.870
swarm_34_41.pdb	8.610	24.006	0	15.091
swarm_23_108.pdb	3.823	13.333	0.333333	13.973
swarm_40_104.pdb	8.650	39.778	0.0333333	13.804
swarm_5_82.pdb	5.997	29.817	0.0666667	13.678
swarm_29_74.pdb	5.459	14.188	0.0666667	13.511
swarm_42_30.pdb	8.522	36.058	0.0666667	12.460
swarm_31_27.pdb	11.727	39.143	0	10.680
swarm_19_83.pdb	5.243	23.928	0.133333	10.211
swarm_31_92.pdb	7.582	37.262	0	9.157
swarm_35_160.pdb	10.555	34.053	0	8.808
swarm_36_163.pdb	5.684	27.094	0.3	6.172
swarm_16_177.pdb	5.834	31.920	0.266667	4.021
swarm_18_127.pdb	8.395	13.610	0	1.651
