swarm_5_125.pdb	9.304	32.577	0	39.822
swarm_1_132.pdb	9.195	20.983	0	39.758
swarm_24_51.pdb	9.069	22.315	0	38.429
swarm_2_87.pdb	18.763	38.093	0	37.653
swarm_20_97.pdb	7.833	34.563	0.133333	37.027
swarm_26_195.pdb	6.073	21.151	0.0333333	36.337
swarm_22_11.pdb	8.379	23.091	0	35.452
swarm_17_178.pdb	13.603	28.398	0	35.216
swarm_6_0.pdb	16.344	30.675	0	34.941
swarm_3_65.pdb	7.730	25.481	0	34.649
swarm_7_148.pdb	15.410	29.305	0	34.480
swarm_9_78.pdb	7.306	20.526	0	34.414
swarm_25_196.pdb	13.320	31.869	0	34.350
swarm_4_160.pdb	6.578	33.418	0.0666667	33.909
swarm_24_153.pdb	8.909	19.473	0	33.892
swarm_24_179.pdb	10.889	27.146	0	33.875
swarm_10_140.pdb	8.834	20.895	0	33.762
swarm_21_175.pdb	10.788	27.902	0	33.385
swarm_19_53.pdb	16.340	35.619	0	33.202
swarm_10_114.pdb	10.347	26.217	0.1	33.142
swarm_8_26.pdb	14.107	26.785	0	33.073
swarm_12_69.pdb	6.734	19.041	0	33.041
swarm_23_35.pdb	14.713	28.982	0	32.789
swarm_25_112.pdb	15.491	33.567	0	32.756
swarm_23_193.pdb	15.045	29.147	0	32.481
swarm_6_145.pdb	4.220	21.382	0.433333	32.186
swarm_27_130.pdb	12.781	26.370	0	31.977
swarm_19_132.pdb	10.544	31.141	0	31.674
swarm_7_66.pdb	14.061	32.587	0	31.629
swarm_27_163.pdb	6.596	21.725	0.1	31.409
swarm_7_105.pdb	8.334	22.624	0.0666667	31.390
swarm_12_72.pdb	12.118	27.375	0.0333333	31.107
swarm_20_39.pdb	10.949	25.625	0	31.027
swarm_6_153.pdb	12.259	33.827	0	30.855
swarm_13_77.pdb	10.521	23.685	0	30.819
swarm_23_129.pdb	10.899	22.110	0.0333333	30.703
swarm_6_195.pdb	9.248	27.700	0	30.678
swarm_5_164.pdb	16.734	32.405	0	30.648
swarm_28_186.pdb	13.842	28.098	0	30.614
swarm_8_12.pdb	11.369	30.303	0	30.478
swarm_16_119.pdb	14.111	28.767	0	30.477
swarm_21_11.pdb	10.187	22.324	0	30.455
swarm_13_164.pdb	11.479	22.081	0	30.419
swarm_5_173.pdb	14.593	34.579	0	30.276
swarm_0_117.pdb	8.123	19.485	0	30.203
swarm_2_81.pdb	11.117	25.916	0	29.960
swarm_22_148.pdb	16.075	32.333	0	29.894
swarm_18_75.pdb	8.642	32.763	0	29.616
swarm_28_96.pdb	17.913	34.496	0	29.595
swarm_19_176.pdb	16.966	33.329	0	29.558
swarm_20_185.pdb	14.063	30.181	0	29.546
swarm_3_33.pdb	13.249	25.398	0	29.482
swarm_14_20.pdb	8.562	17.257	0	29.442
swarm_13_129.pdb	10.898	24.510	0	29.401
swarm_4_124.pdb	18.800	37.519	0	29.385
swarm_4_17.pdb	13.107	27.442	0	29.384
swarm_7_174.pdb	14.981	28.369	0	29.229
swarm_7_69.pdb	12.428	26.174	0	29.130
swarm_18_92.pdb	8.819	31.716	0	29.064
swarm_21_32.pdb	7.876	31.416	0.0333333	28.482
swarm_26_99.pdb	8.931	20.946	0.0333333	28.236
swarm_20_66.pdb	13.959	28.326	0	28.214
swarm_5_175.pdb	6.426	31.191	0.0666667	28.201
swarm_0_42.pdb	14.903	32.195	0	28.170
swarm_7_175.pdb	12.899	32.849	0	27.967
swarm_1_72.pdb	10.386	22.413	0	27.782
swarm_27_83.pdb	11.121	20.562	0	27.554
swarm_17_156.pdb	15.445	33.022	0	27.507
swarm_11_100.pdb	13.806	26.169	0	27.501
swarm_28_79.pdb	14.432	27.242	0	27.419
swarm_5_2.pdb	15.534	29.155	0	27.414
swarm_9_156.pdb	11.540	20.179	0	27.231
swarm_28_184.pdb	15.540	29.684	0	26.911
swarm_18_58.pdb	13.772	29.768	0	26.887
swarm_8_65.pdb	12.817	25.895	0	26.801
swarm_0_75.pdb	11.497	25.400	0	26.626
swarm_6_72.pdb	11.665	23.427	0.1	26.613
swarm_20_178.pdb	16.757	36.940	0	26.399
swarm_26_144.pdb	9.427	19.973	0	26.334
swarm_6_141.pdb	12.930	31.396	0.0333333	26.310
swarm_22_105.pdb	9.842	29.915	0.1	26.136
swarm_0_147.pdb	14.528	22.910	0	26.047
swarm_22_115.pdb	14.571	27.831	0	26.036
swarm_29_29.pdb	11.971	24.533	0	25.987
swarm_25_52.pdb	15.899	30.626	0	25.987
swarm_22_96.pdb	12.137	32.764	0	25.910
swarm_21_66.pdb	10.788	24.092	0	25.889
swarm_19_124.pdb	11.857	33.513	0	25.765
swarm_2_180.pdb	13.858	36.856	0	25.567
swarm_10_88.pdb	6.349	17.867	0.0333333	25.529
swarm_24_45.pdb	13.772	33.399	0	25.494
swarm_10_178.pdb	10.611	18.279	0	25.486
swarm_19_194.pdb	12.816	35.427	0	25.356
swarm_20_31.pdb	11.841	29.993	0	25.338
swarm_6_147.pdb	16.773	34.877	0	25.295
swarm_4_32.pdb	11.984	31.569	0	25.201
swarm_27_149.pdb	10.683	22.724	0	24.976
swarm_28_65.pdb	16.109	27.787	0	24.906
swarm_10_43.pdb	11.505	22.333	0.1	24.852
swarm_28_52.pdb	11.020	26.716	0	24.843
swarm_27_0.pdb	12.069	28.173	0	24.775
swarm_11_3.pdb	8.936	17.910	0	24.698
swarm_12_71.pdb	14.034	25.901	0	24.697
swarm_16_120.pdb	13.320	25.213	0	24.617
swarm_28_178.pdb	16.832	32.789	0	24.612
swarm_18_38.pdb	13.155	34.786	0	24.605
swarm_10_118.pdb	13.602	29.354	0	24.532
swarm_29_170.pdb	2.832	6.270	0.6	24.513
swarm_16_53.pdb	9.332	25.215	0	24.379
swarm_29_103.pdb	7.317	15.457	0	24.349
swarm_18_133.pdb	18.927	32.309	0	24.315
swarm_29_90.pdb	7.259	15.114	0	24.242
swarm_27_103.pdb	12.509	32.839	0	24.185
swarm_13_23.pdb	11.972	22.250	0	24.166
swarm_8_9.pdb	7.817	23.544	0.1	24.159
swarm_23_143.pdb	14.497	26.280	0	24.149
swarm_4_15.pdb	13.762	35.635	0	24.135
swarm_26_150.pdb	11.133	24.350	0	24.025
swarm_21_44.pdb	14.649	30.144	0	23.563
swarm_9_67.pdb	13.630	21.037	0	23.449
swarm_24_100.pdb	9.665	29.547	0	23.429
swarm_1_17.pdb	11.076	24.152	0	23.404
swarm_12_1.pdb	8.717	22.654	0	23.345
swarm_29_196.pdb	8.706	21.506	0	23.287
swarm_20_12.pdb	11.336	31.488	0	23.195
swarm_8_149.pdb	9.859	22.614	0	23.181
swarm_25_123.pdb	12.399	35.632	0	23.151
swarm_4_140.pdb	16.189	33.591	0	23.147
swarm_8_152.pdb	12.624	24.831	0	23.121
swarm_2_113.pdb	13.893	31.773	0.0333333	23.062
swarm_4_47.pdb	11.079	28.399	0	23.006
swarm_20_183.pdb	18.642	38.273	0	22.991
swarm_0_137.pdb	10.156	34.047	0	22.789
swarm_10_15.pdb	9.715	20.965	0.233333	22.782
swarm_12_17.pdb	11.982	27.431	0	22.641
swarm_10_49.pdb	9.732	20.270	0	22.542
swarm_28_108.pdb	8.191	28.835	0	22.400
swarm_14_106.pdb	11.776	24.718	0	22.365
swarm_1_39.pdb	6.782	15.010	0.2	22.231
swarm_22_77.pdb	16.620	31.372	0	22.157
swarm_26_174.pdb	14.194	27.082	0	22.130
swarm_18_70.pdb	21.511	44.963	0	22.129
swarm_29_12.pdb	10.976	23.611	0.0333333	21.992
swarm_29_124.pdb	9.060	17.820	0.0666667	21.815
swarm_6_69.pdb	11.877	23.600	0	21.761
swarm_6_100.pdb	12.182	29.369	0	21.628
swarm_22_6.pdb	18.699	32.048	0	21.530
swarm_9_69.pdb	10.781	20.363	0	21.484
swarm_3_53.pdb	10.345	29.105	0	21.372
swarm_6_181.pdb	11.744	28.396	0	21.354
swarm_22_138.pdb	13.850	32.140	0.0666667	21.309
swarm_29_159.pdb	9.157	22.057	0	21.068
swarm_27_59.pdb	14.434	27.583	0	21.024
swarm_26_121.pdb	16.673	25.556	0	20.716
swarm_3_157.pdb	15.458	33.120	0	20.647
swarm_1_161.pdb	8.000	16.707	0	20.581
swarm_29_171.pdb	10.232	25.443	0	20.576
swarm_9_79.pdb	10.064	16.385	0	20.575
swarm_6_117.pdb	15.271	25.570	0	20.564
swarm_29_111.pdb	13.761	28.220	0	20.484
swarm_9_191.pdb	8.000	24.088	0.0333333	20.473
swarm_25_154.pdb	11.016	26.146	0	20.456
swarm_19_50.pdb	15.229	34.497	0	20.364
swarm_2_122.pdb	16.112	31.245	0	20.262
swarm_2_34.pdb	13.688	25.036	0	20.261
swarm_18_83.pdb	21.559	41.209	0	20.260
swarm_27_166.pdb	11.888	24.635	0	20.204
swarm_21_21.pdb	13.357	30.898	0	20.115
swarm_11_21.pdb	11.890	21.483	0	20.045
swarm_24_132.pdb	12.657	27.611	0	20.006
swarm_2_21.pdb	14.430	29.507	0	19.930
swarm_20_104.pdb	18.022	30.886	0	19.924
swarm_14_15.pdb	8.540	26.871	0	19.921
swarm_12_14.pdb	15.040	29.316	0	19.535
swarm_11_81.pdb	12.720	26.344	0	19.521
swarm_7_125.pdb	12.932	31.269	0.0666667	19.480
swarm_20_52.pdb	17.580	32.046	0	19.396
swarm_9_42.pdb	11.011	28.740	0.0333333	19.278
swarm_27_25.pdb	14.884	28.255	0	19.251
swarm_8_107.pdb	6.251	16.636	0.0666667	19.235
swarm_2_2.pdb	11.417	36.003	0	19.166
swarm_23_81.pdb	6.843	15.744	0	19.077
swarm_1_95.pdb	11.691	21.153	0	19.040
swarm_29_48.pdb	10.701	25.260	0	18.936
swarm_1_185.pdb	10.363	23.228	0	18.803
swarm_2_64.pdb	14.495	31.262	0	18.762
swarm_24_112.pdb	11.072	28.973	0	18.694
swarm_22_30.pdb	13.277	22.341	0	18.691
swarm_9_143.pdb	15.952	33.434	0	18.296
swarm_1_81.pdb	13.098	26.618	0	18.014
swarm_0_95.pdb	14.765	24.825	0	17.647
swarm_2_28.pdb	12.591	34.224	0	17.627
swarm_10_87.pdb	12.514	23.984	0	17.579
swarm_24_138.pdb	16.043	25.616	0	17.530
swarm_1_114.pdb	10.636	23.573	0	17.487
swarm_6_146.pdb	19.025	33.899	0	17.378
swarm_7_30.pdb	13.108	22.764	0	17.368
swarm_10_6.pdb	9.794	15.404	0	17.307
swarm_9_193.pdb	16.503	27.553	0	17.048
swarm_1_182.pdb	9.807	20.101	0	16.960
swarm_17_43.pdb	13.868	32.808	0.0666667	16.958
swarm_24_173.pdb	15.414	25.784	0	16.775
swarm_7_12.pdb	15.824	31.827	0	16.744
swarm_24_139.pdb	11.832	20.103	0	16.554
swarm_21_90.pdb	10.823	36.555	0	16.352
swarm_9_188.pdb	16.775	26.168	0	16.307
swarm_22_71.pdb	18.355	30.735	0	16.283
swarm_0_28.pdb	16.282	30.777	0	16.205
swarm_1_10.pdb	10.005	18.591	0	15.787
swarm_24_151.pdb	12.827	24.971	0	15.785
swarm_22_90.pdb	15.188	34.955	0	15.561
swarm_8_165.pdb	16.693	28.281	0	15.414
swarm_27_74.pdb	14.074	23.236	0	15.290
swarm_2_29.pdb	13.379	27.987	0	15.057
swarm_2_25.pdb	12.406	38.553	0.0333333	14.815
swarm_28_198.pdb	8.813	29.866	0.133333	14.563
swarm_24_120.pdb	13.011	26.433	0	14.554
swarm_1_110.pdb	8.658	17.242	0.0333333	14.545
swarm_29_9.pdb	8.504	19.909	0	14.507
swarm_10_59.pdb	13.559	25.722	0	14.446
swarm_29_39.pdb	11.060	18.734	0	14.425
swarm_8_86.pdb	15.404	24.477	0	14.391
swarm_26_5.pdb	11.556	20.147	0	14.039
swarm_7_181.pdb	10.532	24.212	0	13.657
swarm_26_42.pdb	14.834	26.708	0	13.607
swarm_4_82.pdb	14.066	26.713	0	13.486
swarm_6_177.pdb	5.173	16.854	0.0333333	13.467
swarm_21_72.pdb	10.743	24.377	0	12.926
swarm_8_123.pdb	13.722	23.921	0	12.738
swarm_13_137.pdb	16.166	24.954	0	12.031
swarm_9_17.pdb	16.554	31.444	0	11.314
swarm_24_160.pdb	7.486	25.061	0.0333333	10.441
swarm_0_76.pdb	8.620	20.407	0	9.028
swarm_12_88.pdb	12.474	29.386	0	8.965
swarm_13_134.pdb	11.496	23.711	0	5.727
swarm_3_150.pdb	15.649	28.622	0	0.392
