run1-swarm_42_120.pdb	5.656	26.144	0.166667	41.046
run1-swarm_34_81.pdb	4.813	14.587	0.0333333	38.982
run1-swarm_29_55.pdb	5.372	19.409	0	37.945
run1-swarm_8_192.pdb	4.431	21.477	0.266667	37.259
run1-swarm_17_170.pdb	5.191	18.076	0	36.903
run1-swarm_13_187.pdb	4.828	14.192	0.0333333	35.890
run1-swarm_20_11.pdb	7.731	24.300	0	35.507
run1-swarm_32_140.pdb	5.351	19.777	0	35.497
run1-swarm_23_74.pdb	6.322	24.865	0	35.126
run1-swarm_18_105.pdb	7.690	25.035	0	34.947
run1-swarm_6_118.pdb	8.742	22.690	0	34.282
run1-swarm_25_139.pdb	2.379	8.032	0.6	33.456
run1-swarm_11_141.pdb	7.197	21.965	0	33.415
run1-swarm_33_179.pdb	7.442	27.042	0	33.368
run1-swarm_35_42.pdb	8.509	36.685	0	33.298
run1-swarm_8_110.pdb	3.042	17.849	0.733333	33.253
run1-swarm_3_105.pdb	8.185	41.254	0	33.053
run1-swarm_44_90.pdb	5.431	19.326	0	32.224
run1-swarm_43_129.pdb	7.398	13.915	0	32.190
run1-swarm_22_45.pdb	2.514	9.718	0.433333	31.921
run1-swarm_8_183.pdb	6.409	28.306	0.2	31.789
run1-swarm_19_23.pdb	7.798	22.020	0	31.614
run1-swarm_28_121.pdb	7.538	37.766	0	31.600
run1-swarm_21_6.pdb	2.956	17.303	0.7	31.253
run1-swarm_42_160.pdb	8.048	28.369	0	31.241
run1-swarm_4_135.pdb	8.850	39.475	0	31.141
run1-swarm_6_72.pdb	2.877	14.187	0.7	31.059
run1-swarm_5_105.pdb	5.227	15.378	0.0333333	30.942
run1-swarm_26_58.pdb	2.279	7.270	0.433333	30.657
run1-swarm_1_179.pdb	1.968	9.541	0.6	30.607
run1-swarm_30_51.pdb	12.829	48.035	0	30.523
run1-swarm_33_189.pdb	10.099	39.223	0	30.492
run1-swarm_17_84.pdb	1.386	5.007	0.966667	30.362
run1-swarm_43_176.pdb	3.016	13.667	0.566667	29.950
run1-swarm_41_126.pdb	8.441	24.257	0	29.831
run1-swarm_13_144.pdb	1.279	6.137	0.866667	29.786
run1-swarm_45_187.pdb	5.421	22.203	0.0333333	29.601
run1-swarm_15_11.pdb	5.508	19.249	0.0666667	29.491
run1-swarm_2_132.pdb	11.413	44.091	0	29.454
run1-swarm_1_24.pdb	6.859	17.777	0	29.370
run1-swarm_12_45.pdb	8.520	35.924	0	29.056
run1-swarm_41_38.pdb	3.414	18.079	0.566667	29.045
run1-swarm_43_63.pdb	2.857	8.716	0.4	29.036
run1-swarm_40_79.pdb	7.694	29.827	0	28.892
run1-swarm_8_39.pdb	5.339	14.777	0	28.809
run1-swarm_24_92.pdb	6.533	34.814	0.0333333	28.465
run1-swarm_19_169.pdb	5.746	23.037	0.233333	28.457
run1-swarm_38_167.pdb	11.125	42.620	0	28.421
run1-swarm_16_69.pdb	5.541	22.650	0	28.222
run1-swarm_45_168.pdb	7.019	24.221	0	27.910
run1-swarm_12_100.pdb	6.196	34.554	0.133333	27.888
run1-swarm_13_9.pdb	2.232	8.437	0.633333	27.828
run1-swarm_2_65.pdb	12.570	46.023	0	27.774
run1-swarm_9_170.pdb	10.008	43.114	0	27.300
run1-swarm_39_56.pdb	7.848	32.719	0	27.283
run1-swarm_23_101.pdb	6.866	18.686	0	27.283
run1-swarm_31_192.pdb	9.187	32.693	0	27.204
run1-swarm_33_145.pdb	10.972	33.756	0	27.118
run1-swarm_36_118.pdb	3.521	15.800	0.366667	27.094
run1-swarm_27_56.pdb	2.280	8.747	0.533333	26.742
run1-swarm_26_175.pdb	5.698	18.822	0	26.710
run1-swarm_23_133.pdb	2.626	12.548	0.666667	26.663
run1-swarm_36_41.pdb	5.742	28.211	0.3	26.639
run1-swarm_19_190.pdb	5.385	19.343	0.1	26.607
run1-swarm_16_140.pdb	8.128	30.678	0	26.267
run1-swarm_26_131.pdb	6.798	18.217	0	26.034
run1-swarm_39_178.pdb	11.803	40.498	0	25.923
run1-swarm_11_122.pdb	5.190	16.017	0.1	25.807
run1-swarm_18_173.pdb	5.342	27.306	0.266667	25.603
run1-swarm_1_195.pdb	3.399	10.944	0.233333	25.577
run1-swarm_20_3.pdb	5.968	21.921	0.0666667	25.465
run1-swarm_5_175.pdb	8.284	29.942	0	25.144
run1-swarm_21_13.pdb	4.503	14.284	0.0666667	25.016
run1-swarm_6_191.pdb	5.092	9.059	0.0333333	24.948
run1-swarm_20_111.pdb	2.656	12.632	0.7	24.680
run1-swarm_19_58.pdb	2.725	9.620	0.533333	24.640
run1-swarm_25_138.pdb	2.579	10.852	0.566667	24.497
run1-swarm_32_45.pdb	6.581	23.570	0.0666667	24.447
run1-swarm_29_162.pdb	5.923	19.308	0.0666667	24.319
run1-swarm_7_137.pdb	6.809	25.534	0.0333333	24.208
run1-swarm_19_110.pdb	7.208	28.967	0.0333333	24.121
run1-swarm_27_176.pdb	6.386	20.715	0.0666667	24.119
run1-swarm_8_74.pdb	5.103	22.525	0.0666667	24.091
run1-swarm_37_141.pdb	4.908	20.271	0	23.814
run1-swarm_17_11.pdb	8.254	18.464	0	23.685
run1-swarm_5_65.pdb	6.615	20.445	0	23.629
run1-swarm_10_77.pdb	7.729	25.334	0	23.625
run1-swarm_46_86.pdb	7.753	24.232	0	23.564
run1-swarm_1_113.pdb	2.709	7.019	0.5	23.464
run1-swarm_34_182.pdb	7.613	30.624	0	23.442
run1-swarm_36_86.pdb	8.910	30.090	0	23.386
run1-swarm_24_129.pdb	7.806	41.047	0	23.303
run1-swarm_25_165.pdb	3.953	19.734	0.366667	23.078
run1-swarm_14_40.pdb	5.231	26.643	0.0666667	22.491
run1-swarm_27_182.pdb	6.624	24.321	0.0666667	22.480
run1-swarm_18_140.pdb	8.488	31.985	0	22.436
run1-swarm_37_72.pdb	6.136	24.926	0.0333333	22.146
run1-swarm_0_175.pdb	5.462	21.100	0.1	22.102
run1-swarm_14_57.pdb	5.858	20.939	0.0666667	21.867
run1-swarm_40_46.pdb	5.978	24.707	0.0333333	21.800
run1-swarm_35_74.pdb	9.078	36.604	0	21.718
run1-swarm_43_62.pdb	6.269	23.875	0.0333333	21.620
run1-swarm_29_131.pdb	6.270	18.730	0	21.581
run1-swarm_26_29.pdb	6.018	9.852	0.0333333	21.038
run1-swarm_15_71.pdb	5.958	18.439	0.1	21.037
run1-swarm_5_14.pdb	5.973	24.628	0.0333333	20.672
run1-swarm_15_5.pdb	4.700	25.617	0.2	20.567
run1-swarm_46_108.pdb	6.221	21.119	0.0333333	20.477
run1-swarm_0_3.pdb	8.443	29.334	0	20.329
run1-swarm_15_157.pdb	3.266	12.879	0.333333	20.229
run1-swarm_27_89.pdb	4.772	21.712	0.1	20.213
run1-swarm_10_71.pdb	4.934	29.386	0.366667	19.731
run1-swarm_40_149.pdb	5.200	16.856	0.1	19.491
run1-swarm_25_67.pdb	6.798	13.319	0	19.233
run1-swarm_35_177.pdb	5.786	26.570	0.0666667	18.680
run1-swarm_13_103.pdb	4.618	15.952	0.0666667	18.622
run1-swarm_27_153.pdb	5.203	11.991	0.0666667	18.000
run1-swarm_41_112.pdb	4.628	24.532	0.366667	17.652
run1-swarm_33_71.pdb	8.609	25.694	0	17.627
run1-swarm_40_71.pdb	5.083	25.365	0.133333	17.614
run1-swarm_22_104.pdb	4.573	17.312	0.233333	17.444
run1-swarm_46_44.pdb	5.963	27.775	0.0666667	17.391
run1-swarm_1_31.pdb	6.823	11.568	0	16.904
run1-swarm_11_19.pdb	4.628	26.618	0.233333	16.790
run1-swarm_0_101.pdb	6.296	24.277	0.0666667	16.091
run1-swarm_5_38.pdb	4.209	12.434	0.166667	14.752
run1-swarm_36_61.pdb	7.861	27.942	0	13.988
run1-swarm_25_128.pdb	5.241	17.356	0.1	13.846
run1-swarm_4_88.pdb	5.980	31.550	0.1	13.686
run1-swarm_1_69.pdb	4.613	19.105	0.366667	13.178
run1-swarm_29_48.pdb	8.686	17.047	0	12.563
run1-swarm_23_3.pdb	6.573	19.651	0	12.112
run1-swarm_21_48.pdb	5.544	21.375	0.0666667	11.767
run1-swarm_17_39.pdb	5.653	11.110	0.0333333	11.492
run1-swarm_26_87.pdb	4.009	19.131	0.366667	11.468
run1-swarm_46_155.pdb	7.201	33.647	0.0333333	11.299
run1-swarm_15_120.pdb	4.834	26.544	0.3	11.025
run1-swarm_7_86.pdb	9.345	34.279	0	5.369
run1-swarm_3_20.pdb	7.598	29.288	0	4.968
