swarm_27_82.pdb	10.688	20.535	0	41.932
swarm_17_73.pdb	6.974	15.105	0	40.551
swarm_16_137.pdb	10.190	29.097	0	39.490
swarm_27_194.pdb	9.380	19.588	0	39.035
swarm_8_166.pdb	11.782	20.907	0	38.245
swarm_41_175.pdb	7.302	21.300	0	38.094
swarm_5_116.pdb	14.378	31.102	0	38.018
swarm_22_182.pdb	6.661	14.291	0	37.411
swarm_42_168.pdb	15.065	29.490	0	37.115
swarm_22_79.pdb	11.054	25.438	0.1	36.948
swarm_11_177.pdb	13.635	31.857	0	36.265
swarm_22_112.pdb	14.032	29.644	0	36.101
swarm_6_80.pdb	11.415	22.933	0	36.031
swarm_22_124.pdb	5.178	20.156	0.166667	35.951
swarm_22_151.pdb	14.188	28.134	0	35.814
swarm_1_156.pdb	8.999	19.643	0	35.812
swarm_10_113.pdb	14.589	35.607	0	35.680
swarm_29_146.pdb	12.683	28.837	0	35.475
swarm_25_126.pdb	11.370	22.447	0	35.343
swarm_43_159.pdb	8.653	19.785	0	34.799
swarm_26_14.pdb	15.564	31.901	0	34.785
swarm_33_89.pdb	16.117	34.095	0	34.578
swarm_24_186.pdb	8.280	16.807	0	34.552
swarm_13_52.pdb	6.967	12.625	0	34.416
swarm_23_196.pdb	14.637	31.664	0	34.135
swarm_6_98.pdb	8.094	21.631	0.0666667	34.132
swarm_37_91.pdb	8.286	18.736	0	34.052
swarm_21_18.pdb	13.030	30.456	0	34.040
swarm_11_59.pdb	7.954	15.559	0	34.030
swarm_11_36.pdb	10.948	20.795	0	33.960
swarm_0_22.pdb	14.044	28.165	0	33.838
swarm_35_158.pdb	12.743	31.929	0	33.738
swarm_3_158.pdb	12.123	41.342	0.0333333	33.682
swarm_21_107.pdb	10.596	26.026	0	33.578
swarm_6_45.pdb	14.999	42.612	0	33.436
swarm_15_165.pdb	7.349	13.196	0	33.378
swarm_13_15.pdb	8.345	24.037	0.133333	33.208
swarm_44_192.pdb	14.409	31.369	0	33.138
swarm_29_37.pdb	13.399	27.336	0	33.001
swarm_9_28.pdb	12.141	24.374	0	32.958
swarm_34_187.pdb	13.405	25.923	0	32.941
swarm_7_132.pdb	12.892	28.323	0	32.902
swarm_21_154.pdb	9.356	20.596	0.0333333	32.864
swarm_26_155.pdb	11.296	27.590	0.0333333	32.666
swarm_29_3.pdb	14.945	32.245	0	32.636
swarm_26_145.pdb	10.365	30.650	0	32.610
swarm_18_126.pdb	12.432	35.700	0	32.509
swarm_34_178.pdb	12.999	25.010	0	32.459
swarm_34_57.pdb	9.261	31.743	0	32.260
swarm_45_196.pdb	10.206	25.058	0	32.208
swarm_41_164.pdb	14.511	26.145	0	32.197
swarm_26_73.pdb	13.122	29.096	0	32.144
swarm_32_90.pdb	14.470	30.790	0	32.143
swarm_5_170.pdb	11.538	29.300	0	31.992
swarm_10_92.pdb	13.656	28.988	0	31.963
swarm_34_58.pdb	11.742	22.029	0	31.927
swarm_13_106.pdb	13.419	26.540	0	31.855
swarm_22_15.pdb	12.195	25.115	0	31.770
swarm_44_18.pdb	12.586	30.595	0	31.754
swarm_34_141.pdb	15.689	30.536	0	31.695
swarm_16_87.pdb	11.518	36.296	0	31.615
swarm_41_173.pdb	8.285	32.667	0.2	31.585
swarm_12_65.pdb	10.134	33.143	0	31.575
swarm_23_71.pdb	13.921	30.987	0	31.562
swarm_32_35.pdb	12.094	22.947	0	31.534
swarm_29_142.pdb	11.634	26.105	0	31.467
swarm_19_13.pdb	8.523	22.870	0	31.405
swarm_23_188.pdb	14.263	27.919	0	31.351
swarm_25_96.pdb	8.752	16.280	0	31.069
swarm_8_55.pdb	9.563	27.668	0.0666667	31.014
swarm_45_13.pdb	9.174	22.673	0	30.993
swarm_8_32.pdb	4.109	22.152	0.433333	30.980
swarm_5_113.pdb	8.694	30.371	0.0666667	30.952
swarm_33_6.pdb	13.203	33.459	0	30.831
swarm_0_54.pdb	8.927	19.555	0	30.732
swarm_9_109.pdb	13.379	28.160	0	30.590
swarm_7_83.pdb	12.881	27.019	0	30.569
swarm_20_10.pdb	12.019	21.485	0	30.473
swarm_33_194.pdb	7.810	25.833	0.0666667	30.440
swarm_42_197.pdb	9.374	29.016	0.0333333	30.241
swarm_44_41.pdb	10.005	23.857	0	30.123
swarm_15_83.pdb	10.448	26.141	0	30.021
swarm_1_9.pdb	8.663	17.269	0	29.981
swarm_15_35.pdb	15.346	32.203	0	29.945
swarm_15_121.pdb	10.620	25.924	0	29.942
swarm_24_54.pdb	7.519	21.988	0.0666667	29.872
swarm_31_155.pdb	12.042	24.341	0	29.780
swarm_39_123.pdb	8.805	33.435	0.1	29.701
swarm_25_160.pdb	11.125	22.162	0	29.682
swarm_21_108.pdb	14.542	27.263	0	29.584
swarm_20_172.pdb	9.605	25.527	0	29.476
swarm_1_7.pdb	8.674	18.552	0	29.367
swarm_12_171.pdb	13.201	36.837	0	29.326
swarm_42_155.pdb	10.413	27.957	0	29.307
swarm_23_28.pdb	12.793	25.249	0	29.305
swarm_20_166.pdb	12.303	27.574	0	29.303
swarm_32_193.pdb	13.908	28.806	0	29.297
swarm_24_127.pdb	10.609	26.736	0	29.143
swarm_23_71.pdb	8.457	24.828	0.166667	29.108
swarm_0_120.pdb	8.442	20.106	0	29.108
swarm_13_53.pdb	12.654	31.955	0	29.091
swarm_15_179.pdb	12.050	27.500	0	28.994
swarm_22_32.pdb	13.509	27.226	0	28.980
swarm_16_170.pdb	5.460	17.887	0.0666667	28.968
swarm_32_43.pdb	15.945	33.433	0	28.962
swarm_10_187.pdb	12.218	22.248	0	28.854
swarm_6_33.pdb	12.830	41.107	0	28.790
swarm_16_73.pdb	11.723	30.315	0	28.719
swarm_25_165.pdb	9.753	27.302	0.0333333	28.618
swarm_3_28.pdb	13.842	38.610	0	28.573
swarm_2_29.pdb	15.416	40.603	0	28.570
swarm_29_100.pdb	7.449	25.081	0	28.550
swarm_24_94.pdb	9.782	22.253	0	28.490
swarm_23_147.pdb	14.531	28.349	0	28.474
swarm_26_82.pdb	12.415	29.443	0.0333333	28.472
swarm_18_118.pdb	12.515	42.866	0.0333333	28.439
swarm_44_95.pdb	16.921	36.138	0	28.415
swarm_10_148.pdb	12.703	35.137	0	28.351
swarm_11_24.pdb	18.232	38.041	0	28.281
swarm_13_15.pdb	11.982	23.728	0	28.270
swarm_8_152.pdb	12.919	26.841	0	28.237
swarm_35_49.pdb	11.350	28.920	0	28.220
swarm_16_55.pdb	10.505	37.735	0.1	28.195
swarm_33_67.pdb	14.737	32.504	0	28.127
swarm_22_89.pdb	12.280	23.777	0	28.036
swarm_28_120.pdb	16.878	31.912	0	27.933
swarm_14_15.pdb	12.817	25.833	0	27.882
swarm_2_119.pdb	17.296	38.191	0	27.853
swarm_37_199.pdb	12.081	31.221	0.0333333	27.745
swarm_44_173.pdb	11.802	36.230	0	27.698
swarm_16_90.pdb	12.508	24.619	0	27.676
swarm_42_22.pdb	14.660	28.997	0	27.644
swarm_4_163.pdb	8.888	31.122	0.0333333	27.635
swarm_21_25.pdb	10.222	22.532	0	27.556
swarm_35_90.pdb	9.943	25.621	0.0666667	27.544
swarm_34_147.pdb	13.841	26.174	0	27.492
swarm_20_108.pdb	7.441	21.977	0.1	27.491
swarm_32_44.pdb	9.407	22.685	0	27.455
swarm_12_32.pdb	12.531	39.229	0	27.434
swarm_33_142.pdb	14.882	29.590	0	27.387
swarm_3_155.pdb	12.230	35.559	0	27.237
swarm_25_192.pdb	13.741	26.609	0	27.191
swarm_32_12.pdb	8.048	16.484	0	27.170
swarm_23_76.pdb	10.178	20.824	0	27.169
swarm_25_156.pdb	9.080	21.646	0	27.135
swarm_7_137.pdb	12.860	30.694	0	27.116
swarm_18_30.pdb	11.395	38.656	0.0333333	27.115
swarm_31_26.pdb	11.809	22.201	0	27.086
swarm_1_160.pdb	8.906	19.142	0	27.013
swarm_10_58.pdb	11.577	20.205	0	26.955
swarm_24_52.pdb	12.770	29.928	0	26.921
swarm_42_86.pdb	16.199	31.528	0	26.860
swarm_45_14.pdb	11.469	20.602	0	26.811
swarm_11_54.pdb	13.517	26.660	0	26.807
swarm_29_161.pdb	7.091	28.057	0.0666667	26.701
swarm_2_13.pdb	19.650	43.898	0	26.677
swarm_34_8.pdb	15.231	36.100	0	26.647
swarm_20_106.pdb	13.337	25.701	0	26.626
swarm_17_113.pdb	9.998	18.157	0	26.607
swarm_2_163.pdb	10.969	41.138	0.0333333	26.573
swarm_19_185.pdb	9.428	19.652	0	26.571
swarm_19_25.pdb	9.360	18.791	0	26.563
swarm_35_73.pdb	16.502	27.188	0	26.442
swarm_13_49.pdb	9.802	22.296	0	26.426
swarm_19_89.pdb	10.434	25.491	0.0333333	26.414
swarm_23_12.pdb	11.827	24.808	0	26.378
swarm_25_167.pdb	9.427	19.911	0.0333333	26.348
swarm_3_119.pdb	7.598	34.835	0.0333333	26.321
swarm_35_16.pdb	14.066	28.205	0	26.320
swarm_9_36.pdb	13.956	26.988	0	26.316
swarm_17_63.pdb	6.695	22.024	0.1	26.314
swarm_34_159.pdb	11.844	34.266	0	26.310
swarm_17_159.pdb	14.312	28.329	0	26.293
swarm_15_174.pdb	16.382	32.178	0	26.279
swarm_12_97.pdb	7.749	31.091	0.0333333	26.248
swarm_10_98.pdb	16.384	33.675	0	26.245
swarm_43_114.pdb	13.155	30.885	0	26.227
swarm_25_126.pdb	12.224	31.668	0.0333333	26.150
swarm_8_85.pdb	7.934	27.103	0.0333333	26.120
swarm_11_30.pdb	7.362	19.525	0	26.053
swarm_29_53.pdb	11.671	30.520	0.0333333	26.032
swarm_8_31.pdb	14.752	27.785	0	25.977
swarm_34_125.pdb	17.832	38.122	0	25.942
swarm_11_28.pdb	10.875	39.886	0.1	25.916
swarm_0_118.pdb	14.778	32.562	0	25.909
swarm_16_76.pdb	16.592	30.479	0	25.856
swarm_1_16.pdb	10.234	20.563	0	25.693
swarm_8_4.pdb	16.312	29.089	0	25.668
swarm_10_22.pdb	7.156	23.000	0	25.665
swarm_29_152.pdb	11.849	28.817	0.1	25.649
swarm_25_8.pdb	11.629	24.026	0.2	25.629
swarm_34_56.pdb	9.305	27.524	0.0333333	25.588
swarm_6_76.pdb	18.337	40.577	0	25.450
swarm_16_20.pdb	14.573	25.721	0	25.419
swarm_36_21.pdb	14.031	26.111	0	25.365
swarm_43_124.pdb	15.019	30.922	0	25.333
swarm_13_56.pdb	11.979	29.653	0	25.289
swarm_17_24.pdb	12.545	26.526	0	25.263
swarm_17_55.pdb	10.775	27.672	0.1	25.206
swarm_33_173.pdb	11.348	32.909	0.0333333	25.205
swarm_19_63.pdb	13.606	26.857	0	25.198
swarm_8_21.pdb	14.125	25.763	0	25.164
swarm_6_34.pdb	6.468	14.936	0.133333	25.145
swarm_33_133.pdb	8.242	22.842	0	25.139
swarm_20_166.pdb	13.280	34.037	0	25.099
swarm_4_167.pdb	11.418	28.638	0	25.089
swarm_8_40.pdb	14.423	28.016	0	25.076
swarm_40_1.pdb	9.141	29.016	0.0333333	25.038
swarm_35_187.pdb	11.143	35.587	0	24.991
swarm_7_185.pdb	10.325	27.675	0	24.969
swarm_32_122.pdb	2.625	12.024	0.366667	24.966
swarm_32_55.pdb	12.499	32.482	0.0333333	24.819
swarm_29_120.pdb	14.040	29.052	0.1	24.819
swarm_11_26.pdb	16.178	28.493	0	24.760
swarm_26_27.pdb	13.606	29.622	0	24.751
swarm_1_16.pdb	6.472	14.967	0.233333	24.747
swarm_8_58.pdb	10.671	30.997	0	24.696
swarm_6_52.pdb	16.233	34.550	0	24.653
swarm_22_173.pdb	10.414	25.506	0.0333333	24.637
swarm_10_30.pdb	10.077	24.996	0.1	24.580
swarm_17_6.pdb	14.346	24.292	0	24.563
swarm_21_5.pdb	13.899	26.675	0	24.530
swarm_8_144.pdb	16.845	30.394	0	24.509
swarm_8_127.pdb	11.592	23.378	0	24.491
swarm_36_69.pdb	15.861	31.652	0	24.463
swarm_22_39.pdb	13.461	27.326	0	24.400
swarm_5_182.pdb	12.990	28.714	0	24.392
swarm_34_109.pdb	13.384	30.484	0	24.380
swarm_33_130.pdb	14.578	34.984	0	24.335
swarm_45_31.pdb	13.219	25.962	0	24.303
swarm_6_101.pdb	14.399	44.827	0	24.290
swarm_9_59.pdb	14.519	26.260	0	24.282
swarm_26_155.pdb	11.016	20.074	0	24.262
swarm_43_135.pdb	17.950	29.777	0	24.211
swarm_18_158.pdb	13.905	37.499	0	24.182
swarm_46_90.pdb	13.945	24.497	0	24.154
swarm_3_111.pdb	18.239	41.546	0	24.134
swarm_31_129.pdb	13.415	24.352	0	23.996
swarm_15_27.pdb	7.842	17.386	0	23.969
swarm_31_133.pdb	14.043	33.351	0.0333333	23.965
swarm_4_85.pdb	11.121	39.087	0	23.943
swarm_17_153.pdb	17.260	31.052	0	23.937
swarm_12_128.pdb	8.173	17.508	0	23.914
swarm_0_27.pdb	14.738	23.143	0	23.909
swarm_4_179.pdb	10.475	18.183	0	23.887
swarm_22_17.pdb	7.955	24.985	0.133333	23.871
swarm_21_13.pdb	12.226	23.048	0.2	23.868
swarm_32_17.pdb	10.108	21.197	0	23.812
swarm_36_65.pdb	13.015	36.950	0	23.802
swarm_5_137.pdb	12.612	27.901	0	23.697
swarm_42_73.pdb	10.825	30.941	0	23.648
swarm_9_86.pdb	13.355	23.698	0	23.630
swarm_11_12.pdb	12.380	27.022	0.0333333	23.627
swarm_5_38.pdb	9.077	31.551	0	23.592
swarm_36_51.pdb	8.257	19.432	0	23.547
swarm_11_140.pdb	11.271	26.761	0	23.492
swarm_26_169.pdb	13.759	29.614	0	23.479
swarm_17_141.pdb	3.677	14.910	0.266667	23.453
swarm_17_159.pdb	12.421	23.462	0	23.435
swarm_28_34.pdb	13.759	35.410	0	23.409
swarm_35_140.pdb	12.581	31.461	0.0666667	23.378
swarm_13_6.pdb	8.902	16.462	0.133333	23.374
swarm_23_158.pdb	12.456	22.722	0	23.334
swarm_30_96.pdb	10.225	28.760	0	23.327
swarm_17_40.pdb	13.226	32.599	0	23.319
swarm_21_72.pdb	12.568	24.581	0.0666667	23.282
swarm_9_165.pdb	11.847	25.135	0	23.271
swarm_1_184.pdb	12.269	25.585	0	23.268
swarm_27_108.pdb	9.395	26.105	0	23.237
swarm_6_71.pdb	16.146	32.664	0	23.212
swarm_7_95.pdb	12.199	33.336	0	23.200
swarm_4_83.pdb	14.679	25.321	0	23.144
swarm_23_86.pdb	16.860	32.646	0	23.134
swarm_41_148.pdb	13.929	26.826	0	23.113
swarm_15_115.pdb	18.115	29.194	0	23.087
swarm_5_66.pdb	8.919	24.331	0	23.066
swarm_29_62.pdb	17.649	36.051	0	23.029
swarm_4_140.pdb	18.839	33.696	0	23.028
swarm_11_64.pdb	10.422	36.460	0	22.911
swarm_26_113.pdb	14.403	28.311	0	22.875
swarm_16_42.pdb	11.039	22.651	0	22.869
swarm_13_135.pdb	8.558	14.794	0	22.825
swarm_1_185.pdb	11.508	25.705	0	22.777
swarm_0_55.pdb	14.827	23.216	0	22.771
swarm_44_189.pdb	12.903	28.277	0.0666667	22.733
swarm_0_185.pdb	8.136	23.564	0	22.727
swarm_34_12.pdb	13.128	24.359	0	22.715
swarm_34_83.pdb	13.681	37.298	0	22.700
swarm_19_30.pdb	14.446	27.793	0	22.690
swarm_43_6.pdb	15.551	27.175	0	22.664
swarm_14_16.pdb	13.905	31.797	0	22.650
swarm_3_121.pdb	14.276	44.648	0.0666667	22.562
swarm_4_50.pdb	14.979	35.131	0	22.499
swarm_37_157.pdb	15.479	30.108	0	22.469
swarm_4_121.pdb	15.797	26.838	0	22.391
swarm_1_129.pdb	12.994	26.474	0	22.381
swarm_5_82.pdb	13.764	26.327	0	22.348
swarm_35_59.pdb	15.397	34.903	0	22.343
swarm_1_168.pdb	9.678	19.487	0	22.334
swarm_4_170.pdb	13.605	29.333	0	22.290
swarm_8_131.pdb	8.434	16.098	0	22.228
swarm_7_100.pdb	8.251	29.022	0.166667	22.226
swarm_7_145.pdb	17.322	31.575	0	22.189
swarm_11_199.pdb	17.402	32.874	0	22.054
swarm_23_24.pdb	12.338	22.608	0	22.051
swarm_9_6.pdb	12.300	27.606	0.2	22.040
swarm_23_192.pdb	14.611	28.175	0	21.988
swarm_19_187.pdb	11.505	22.821	0	21.979
swarm_24_131.pdb	11.472	31.322	0	21.962
swarm_23_181.pdb	11.119	23.064	0.1	21.962
swarm_18_28.pdb	19.100	40.663	0	21.919
swarm_22_82.pdb	12.770	26.688	0.133333	21.917
swarm_9_180.pdb	6.916	15.659	0.0666667	21.885
swarm_32_198.pdb	11.446	32.979	0	21.885
swarm_5_25.pdb	15.047	29.876	0	21.861
swarm_22_11.pdb	11.723	24.626	0	21.771
swarm_25_190.pdb	12.789	28.945	0	21.713
swarm_13_145.pdb	12.301	24.540	0	21.712
swarm_25_86.pdb	7.032	25.390	0	21.708
swarm_29_146.pdb	8.428	32.033	0.0333333	21.681
swarm_9_164.pdb	11.871	24.470	0	21.653
swarm_19_81.pdb	11.353	21.553	0	21.637
swarm_23_114.pdb	14.425	25.359	0	21.611
swarm_3_70.pdb	13.602	34.988	0	21.602
swarm_46_88.pdb	6.633	22.528	0.0333333	21.546
swarm_18_70.pdb	16.562	41.288	0	21.540
swarm_13_61.pdb	3.627	13.767	0.5	21.536
swarm_22_115.pdb	10.162	23.764	0.133333	21.535
swarm_0_149.pdb	12.445	23.739	0	21.518
swarm_25_36.pdb	11.902	22.984	0	21.491
swarm_30_32.pdb	12.607	23.807	0	21.445
swarm_29_76.pdb	11.940	20.186	0	21.432
swarm_19_111.pdb	8.920	25.129	0	21.399
swarm_19_163.pdb	2.495	6.713	0.5	21.393
swarm_10_62.pdb	9.787	27.841	0	21.370
swarm_6_129.pdb	12.300	46.430	0	21.335
swarm_8_93.pdb	12.529	23.079	0	21.318
swarm_3_192.pdb	16.643	43.955	0	21.310
swarm_13_20.pdb	9.733	22.154	0	21.308
swarm_1_142.pdb	10.186	19.448	0	21.290
swarm_36_52.pdb	8.211	36.687	0.0666667	21.252
swarm_26_64.pdb	11.805	29.646	0	21.204
swarm_25_85.pdb	11.230	24.973	0	21.160
swarm_4_186.pdb	14.381	25.540	0	21.116
swarm_26_42.pdb	13.530	26.012	0	21.032
swarm_2_171.pdb	14.441	34.391	0	21.029
swarm_10_172.pdb	8.634	28.800	0.0666667	21.001
swarm_40_157.pdb	12.949	37.229	0	20.898
swarm_36_53.pdb	13.322	37.920	0	20.894
swarm_31_168.pdb	18.094	30.965	0	20.883
swarm_14_8.pdb	8.072	25.582	0	20.872
swarm_19_38.pdb	15.064	27.433	0	20.848
swarm_10_59.pdb	13.668	37.707	0	20.817
swarm_0_87.pdb	13.738	27.307	0.0333333	20.730
swarm_7_119.pdb	10.394	27.967	0.0333333	20.727
swarm_45_39.pdb	18.154	34.190	0	20.725
swarm_36_188.pdb	13.044	30.002	0	20.688
swarm_15_61.pdb	14.612	28.689	0	20.639
swarm_20_14.pdb	11.242	29.718	0.0666667	20.634
swarm_17_187.pdb	9.105	15.215	0	20.634
swarm_14_135.pdb	12.821	37.559	0.0666667	20.634
swarm_16_153.pdb	12.052	23.401	0.133333	20.615
swarm_25_114.pdb	14.937	27.308	0	20.556
swarm_12_129.pdb	9.252	20.944	0	20.540
swarm_43_158.pdb	10.661	19.318	0	20.519
swarm_35_12.pdb	8.188	29.175	0.0666667	20.486
swarm_17_179.pdb	14.550	27.530	0	20.455
swarm_35_53.pdb	12.788	25.216	0	20.433
swarm_8_13.pdb	13.941	23.357	0	20.426
swarm_26_22.pdb	9.984	27.334	0	20.397
swarm_20_197.pdb	16.662	29.006	0	20.373
swarm_35_82.pdb	12.231	25.879	0.2	20.341
swarm_9_94.pdb	14.828	23.151	0	20.314
swarm_17_166.pdb	8.409	20.348	0	20.292
swarm_35_45.pdb	12.289	23.891	0	20.279
swarm_21_167.pdb	15.999	27.636	0	20.271
swarm_15_102.pdb	11.854	27.505	0	20.207
swarm_45_79.pdb	11.438	28.059	0	20.163
swarm_1_88.pdb	11.595	21.372	0	20.140
swarm_6_48.pdb	11.899	21.519	0	20.054
swarm_14_50.pdb	9.996	30.051	0.133333	20.037
swarm_26_196.pdb	11.567	28.184	0	20.011
swarm_21_80.pdb	12.458	29.531	0	20.007
swarm_7_135.pdb	12.157	26.841	0	19.991
swarm_25_89.pdb	14.810	23.700	0	19.985
swarm_45_97.pdb	13.010	33.784	0	19.930
swarm_30_73.pdb	5.896	17.468	0.0333333	19.892
swarm_15_100.pdb	12.050	30.434	0	19.876
swarm_31_58.pdb	10.758	21.497	0	19.869
swarm_42_119.pdb	16.686	30.252	0	19.850
swarm_25_138.pdb	12.943	28.888	0	19.816
swarm_9_53.pdb	16.873	25.699	0	19.772
swarm_33_74.pdb	17.000	27.599	0	19.599
swarm_36_0.pdb	18.427	35.375	0	19.566
swarm_15_180.pdb	13.461	34.247	0	19.563
swarm_26_133.pdb	15.363	25.413	0	19.547
swarm_15_66.pdb	15.708	34.540	0	19.437
swarm_15_95.pdb	13.629	33.893	0	19.366
swarm_20_154.pdb	13.871	23.738	0	19.343
swarm_13_48.pdb	13.372	28.575	0	19.326
swarm_10_87.pdb	13.779	25.201	0	19.311
swarm_1_28.pdb	9.752	20.320	0	19.301
swarm_1_86.pdb	7.849	16.792	0	19.264
swarm_26_101.pdb	16.243	29.000	0	19.256
swarm_21_157.pdb	14.331	23.156	0	19.255
swarm_26_24.pdb	16.576	29.456	0	19.247
swarm_34_1.pdb	6.831	27.426	0.233333	19.239
swarm_40_112.pdb	10.510	27.881	0	19.230
swarm_29_7.pdb	18.055	31.190	0	19.220
swarm_24_41.pdb	17.157	30.772	0	19.214
swarm_27_31.pdb	16.516	28.736	0	19.209
swarm_21_42.pdb	7.589	22.478	0.233333	19.206
swarm_28_163.pdb	15.335	30.988	0	19.204
swarm_40_4.pdb	10.204	29.627	0.0333333	19.183
swarm_24_83.pdb	12.836	25.726	0	19.154
swarm_5_21.pdb	12.975	31.739	0	19.124
swarm_45_92.pdb	14.189	29.752	0	19.123
swarm_0_167.pdb	13.560	30.965	0	19.094
swarm_41_172.pdb	14.417	28.562	0	19.081
swarm_36_169.pdb	14.805	31.874	0	19.061
swarm_13_87.pdb	16.660	32.373	0	19.059
swarm_44_190.pdb	16.329	31.415	0	19.056
swarm_19_35.pdb	7.815	16.413	0.166667	19.049
swarm_6_35.pdb	7.513	34.664	0	19.039
swarm_19_192.pdb	14.167	22.122	0	19.038
swarm_9_110.pdb	9.592	21.503	0.0333333	19.033
swarm_14_22.pdb	15.182	26.959	0	19.029
swarm_1_57.pdb	8.348	18.013	0	19.018
swarm_7_182.pdb	10.599	30.532	0	18.984
swarm_5_169.pdb	16.931	42.228	0	18.984
swarm_32_175.pdb	11.431	27.952	0	18.962
swarm_9_191.pdb	11.583	36.882	0	18.952
swarm_31_110.pdb	12.345	25.666	0	18.937
swarm_3_153.pdb	18.707	38.003	0	18.900
swarm_35_79.pdb	9.696	28.882	0	18.867
swarm_32_146.pdb	18.490	34.200	0	18.831
swarm_17_178.pdb	9.106	19.776	0	18.810
swarm_24_8.pdb	12.629	26.295	0	18.789
swarm_5_131.pdb	13.167	27.216	0	18.710
swarm_20_182.pdb	14.190	21.830	0	18.678
swarm_25_40.pdb	14.209	22.426	0	18.662
swarm_26_43.pdb	17.816	32.953	0	18.634
swarm_36_35.pdb	14.450	25.184	0	18.602
swarm_15_15.pdb	13.658	33.032	0	18.560
swarm_0_63.pdb	14.728	24.782	0	18.528
swarm_17_87.pdb	14.186	22.960	0	18.389
swarm_4_15.pdb	13.110	31.806	0.1	18.369
swarm_5_113.pdb	13.259	27.044	0.166667	18.360
swarm_34_74.pdb	13.412	31.196	0	18.245
swarm_16_160.pdb	10.603	18.621	0	18.245
swarm_7_70.pdb	12.600	27.701	0.1	18.188
swarm_8_177.pdb	13.159	24.574	0	18.176
swarm_22_72.pdb	15.569	31.419	0	18.132
swarm_37_14.pdb	11.138	22.804	0	18.080
swarm_22_60.pdb	13.223	23.730	0	18.052
swarm_26_58.pdb	11.832	34.424	0	18.043
swarm_21_125.pdb	15.466	25.283	0	18.038
swarm_6_185.pdb	11.665	24.003	0.0333333	18.012
swarm_1_26.pdb	12.062	22.092	0	18.001
swarm_15_147.pdb	12.551	27.035	0	17.999
swarm_18_161.pdb	7.609	37.302	0.166667	17.921
swarm_13_37.pdb	13.372	36.065	0	17.906
swarm_46_186.pdb	12.300	28.651	0	17.866
swarm_29_103.pdb	13.048	23.696	0	17.778
swarm_2_113.pdb	17.791	37.090	0	17.771
swarm_27_15.pdb	8.434	20.626	0	17.730
swarm_2_16.pdb	16.132	37.317	0	17.726
swarm_10_120.pdb	5.323	26.596	0.0666667	17.704
swarm_17_117.pdb	15.950	25.836	0	17.676
swarm_26_173.pdb	13.578	32.082	0.1	17.637
swarm_10_199.pdb	10.451	32.661	0	17.630
swarm_8_25.pdb	13.902	31.412	0	17.583
swarm_10_180.pdb	13.862	33.200	0	17.509
swarm_15_103.pdb	12.002	30.636	0	17.486
swarm_26_166.pdb	16.162	33.172	0	17.458
swarm_1_75.pdb	12.791	26.476	0	17.440
swarm_21_138.pdb	11.737	29.118	0	17.366
swarm_40_92.pdb	7.544	27.783	0.2	17.240
swarm_24_102.pdb	15.757	27.111	0	17.239
swarm_28_117.pdb	15.524	29.175	0	17.238
swarm_33_28.pdb	12.613	30.790	0	17.131
swarm_31_168.pdb	13.477	31.247	0	17.118
swarm_13_17.pdb	17.356	36.428	0	17.091
swarm_16_168.pdb	14.199	27.234	0	16.981
swarm_10_10.pdb	15.978	32.351	0	16.936
swarm_10_93.pdb	11.700	23.955	0	16.819
swarm_25_170.pdb	11.689	35.212	0	16.806
swarm_1_44.pdb	11.911	22.633	0.0333333	16.774
swarm_4_168.pdb	9.259	19.266	0.0333333	16.674
swarm_24_97.pdb	10.365	19.915	0	16.669
swarm_37_166.pdb	17.001	32.219	0	16.655
swarm_20_194.pdb	13.949	29.993	0	16.623
swarm_22_50.pdb	15.166	25.360	0	16.571
swarm_45_148.pdb	16.145	29.486	0	16.526
swarm_30_115.pdb	15.093	28.329	0	16.462
swarm_43_31.pdb	8.791	26.864	0.0666667	16.455
swarm_13_103.pdb	13.188	26.508	0	16.455
swarm_12_137.pdb	11.992	30.877	0	16.432
swarm_21_85.pdb	13.742	23.480	0	16.364
swarm_5_23.pdb	15.206	36.053	0	16.340
swarm_37_55.pdb	17.648	28.758	0	16.329
swarm_8_60.pdb	12.710	27.338	0	16.272
swarm_26_100.pdb	9.710	19.321	0	16.227
swarm_1_69.pdb	12.119	28.118	0	16.214
swarm_29_13.pdb	12.598	25.103	0	16.205
swarm_11_179.pdb	11.246	34.689	0	16.134
swarm_22_93.pdb	15.694	26.142	0	16.099
swarm_9_69.pdb	14.190	25.030	0	16.089
swarm_20_153.pdb	11.487	21.483	0	16.064
swarm_19_146.pdb	12.975	33.903	0.0333333	15.995
swarm_19_139.pdb	15.047	26.074	0	15.984
swarm_6_122.pdb	13.448	26.133	0	15.946
swarm_15_91.pdb	12.416	25.638	0.1	15.932
swarm_5_193.pdb	8.040	24.609	0.266667	15.908
swarm_8_102.pdb	14.124	25.870	0	15.890
swarm_11_107.pdb	13.191	29.773	0	15.885
swarm_34_11.pdb	18.671	35.002	0	15.852
swarm_13_22.pdb	14.191	20.568	0	15.821
swarm_24_66.pdb	16.032	28.954	0	15.790
swarm_33_59.pdb	15.619	26.568	0	15.766
swarm_2_64.pdb	7.245	36.410	0.133333	15.753
swarm_11_107.pdb	14.002	26.204	0	15.686
swarm_5_94.pdb	11.829	21.301	0	15.669
swarm_1_110.pdb	8.745	17.384	0.1	15.568
swarm_16_189.pdb	13.293	36.437	0	15.567
swarm_46_162.pdb	15.290	26.020	0	15.372
swarm_11_45.pdb	5.570	16.012	0	15.263
swarm_9_176.pdb	12.671	24.384	0.0333333	15.235
swarm_21_73.pdb	12.964	20.907	0	15.199
swarm_7_150.pdb	13.791	34.280	0	15.194
swarm_22_158.pdb	4.769	12.463	0.0333333	15.161
swarm_1_136.pdb	9.772	20.137	0	15.141
swarm_19_35.pdb	10.400	22.056	0.0333333	15.082
swarm_26_150.pdb	12.037	20.782	0	14.962
swarm_4_145.pdb	15.074	33.405	0	14.952
swarm_46_176.pdb	11.186	22.641	0	14.854
swarm_25_40.pdb	16.569	29.668	0	14.752
swarm_13_158.pdb	10.592	17.476	0	14.428
swarm_22_97.pdb	10.104	20.879	0	14.415
swarm_22_190.pdb	11.264	19.557	0	14.363
swarm_36_6.pdb	11.714	25.527	0	14.328
swarm_5_186.pdb	15.334	38.059	0	14.101
swarm_9_146.pdb	11.547	21.033	0	13.970
swarm_13_23.pdb	15.320	28.956	0	13.931
swarm_27_166.pdb	16.970	25.432	0	13.843
swarm_29_39.pdb	8.099	23.875	0	13.774
swarm_17_157.pdb	11.705	23.570	0	13.730
swarm_27_91.pdb	12.080	28.365	0.0333333	13.652
swarm_6_117.pdb	14.793	22.564	0	13.597
swarm_15_153.pdb	17.341	28.611	0	13.481
swarm_7_170.pdb	8.298	17.713	0	13.403
swarm_13_171.pdb	15.324	30.029	0	13.244
swarm_24_104.pdb	12.793	26.963	0	13.222
swarm_12_39.pdb	14.850	30.523	0	13.202
swarm_11_175.pdb	5.970	20.631	0.233333	13.125
swarm_26_172.pdb	13.055	33.483	0	13.046
swarm_43_95.pdb	14.562	28.381	0	13.035
swarm_20_17.pdb	14.069	25.167	0	12.963
swarm_7_24.pdb	14.940	35.336	0	12.813
swarm_8_102.pdb	13.029	28.960	0	12.661
swarm_15_186.pdb	15.693	33.082	0	12.637
swarm_36_1.pdb	13.187	29.828	0	12.605
swarm_11_164.pdb	14.931	40.032	0.0333333	12.506
swarm_34_120.pdb	15.595	26.060	0	12.330
swarm_14_65.pdb	10.204	24.292	0	12.221
swarm_17_48.pdb	12.659	29.225	0	12.134
swarm_35_65.pdb	11.728	33.832	0.0666667	11.730
swarm_6_9.pdb	14.127	25.123	0	11.558
swarm_10_39.pdb	13.889	36.605	0.0333333	11.498
swarm_11_171.pdb	10.658	20.587	0	11.454
swarm_21_47.pdb	14.236	23.193	0	11.339
swarm_12_45.pdb	14.974	30.493	0	11.061
swarm_25_46.pdb	11.772	29.871	0.1	10.381
swarm_36_75.pdb	13.571	34.092	0.0666667	9.464
swarm_14_154.pdb	12.213	29.702	0.0333333	9.412
swarm_9_155.pdb	16.853	27.724	0	9.344
swarm_16_172.pdb	17.103	29.303	0	6.971
swarm_2_74.pdb	18.691	40.475	0	6.867
swarm_20_66.pdb	14.672	25.851	0	6.345
swarm_12_146.pdb	7.579	33.220	0.3	4.801
swarm_11_57.pdb	13.588	43.803	0	3.757
swarm_11_144.pdb	18.335	37.754	0	3.474
swarm_18_79.pdb	14.370	40.616	0	1.320
