swarm_6_185.pdb	10.209	19.722	0.0344828	46.441
swarm_3_140.pdb	16.089	29.778	0	46.211
swarm_1_47.pdb	17.057	28.560	0	45.745
swarm_4_3.pdb	15.176	27.688	0	45.417
swarm_1_96.pdb	8.810	21.433	0.0517241	45.100
swarm_5_58.pdb	12.920	33.955	0	45.049
swarm_0_28.pdb	10.708	38.394	0.0689655	44.201
swarm_3_158.pdb	17.300	39.510	0	43.414
swarm_8_156.pdb	16.274	32.324	0	41.910
swarm_4_78.pdb	15.520	32.544	0	41.527
swarm_4_151.pdb	9.902	24.497	0.0689655	41.295
swarm_3_46.pdb	8.566	28.276	0.0517241	40.865
swarm_6_34.pdb	10.986	20.778	0.0344828	40.441
swarm_5_79.pdb	15.791	29.783	0	40.061
swarm_2_160.pdb	14.624	28.468	0.0172414	39.890
swarm_2_188.pdb	16.100	31.216	0	38.824
swarm_5_67.pdb	17.655	37.791	0	38.730
swarm_5_59.pdb	15.741	31.802	0.0517241	38.729
swarm_1_172.pdb	15.427	26.243	0	38.565
swarm_3_198.pdb	7.867	32.523	0.137931	38.532
swarm_9_171.pdb	15.081	24.124	0	38.515
swarm_7_52.pdb	16.937	29.229	0	38.375
swarm_3_195.pdb	19.606	42.334	0	38.095
swarm_8_32.pdb	15.440	33.260	0	38.059
swarm_7_158.pdb	15.453	26.364	0	37.393
swarm_6_114.pdb	10.902	21.829	0	36.893
swarm_9_66.pdb	11.440	20.295	0	36.892
swarm_6_49.pdb	14.218	24.704	0	35.398
swarm_8_195.pdb	14.494	26.893	0	35.371
swarm_3_42.pdb	9.960	28.520	0.0172414	35.364
swarm_2_145.pdb	11.729	24.424	0	34.260
swarm_4_63.pdb	12.865	22.916	0	33.554
swarm_8_33.pdb	12.985	27.636	0	33.445
swarm_7_40.pdb	10.479	21.068	0	33.305
swarm_8_16.pdb	8.818	24.819	0	33.290
swarm_2_79.pdb	8.924	24.468	0	32.669
swarm_2_187.pdb	11.711	28.031	0.0344828	32.495
swarm_5_119.pdb	14.394	28.283	0.103448	32.005
swarm_0_161.pdb	9.215	24.754	0.0344828	31.303
swarm_5_42.pdb	14.269	26.825	0	31.051
swarm_6_152.pdb	13.119	21.143	0	30.607
swarm_7_23.pdb	14.523	24.475	0	30.537
swarm_8_53.pdb	12.060	19.364	0	30.508
swarm_7_195.pdb	13.857	29.500	0	30.178
swarm_5_6.pdb	13.583	27.551	0	30.154
swarm_7_36.pdb	13.959	24.127	0	30.022
swarm_7_125.pdb	12.826	24.934	0.0689655	29.935
swarm_7_59.pdb	15.575	26.711	0.0344828	29.704
swarm_4_18.pdb	13.761	32.456	0	29.682
swarm_4_44.pdb	13.065	25.814	0.0172414	29.643
swarm_4_1.pdb	14.685	30.555	0	29.581
swarm_6_4.pdb	13.658	23.032	0.0689655	28.058
swarm_7_39.pdb	14.942	28.021	0	28.004
swarm_2_54.pdb	16.403	33.893	0	27.741
swarm_0_35.pdb	16.615	33.657	0	27.731
swarm_0_2.pdb	16.368	33.553	0	27.041
swarm_9_123.pdb	3.098	7.139	0.155172	25.256
swarm_2_11.pdb	16.621	29.628	0	24.634
swarm_2_23.pdb	16.933	35.142	0	24.422
swarm_9_175.pdb	14.037	24.848	0	24.299
swarm_5_154.pdb	13.715	22.322	0	23.822
swarm_9_57.pdb	11.311	19.714	0	22.708
swarm_6_44.pdb	13.867	26.170	0.0344828	21.632
swarm_6_1.pdb	13.001	23.651	0	21.587
swarm_7_142.pdb	14.789	25.855	0	20.273
swarm_1_169.pdb	14.674	24.447	0	19.655
swarm_9_82.pdb	16.999	24.275	0	16.990
swarm_5_48.pdb	14.021	32.948	0	15.810
swarm_4_54.pdb	12.669	28.231	0	14.435
swarm_4_160.pdb	14.232	27.713	0.0689655	12.406
swarm_4_142.pdb	14.337	26.650	0	10.921
swarm_1_34.pdb	12.837	24.656	0	10.877
swarm_5_16.pdb	11.837	25.942	0.0517241	5.912
