swarm_3_91.pdb	7.501	33.437	0.137931	57.894
swarm_0_139.pdb	7.400	33.306	0.137931	57.232
swarm_5_7.pdb	7.187	31.793	0.155172	53.316
swarm_4_49.pdb	6.966	26.816	0.172414	45.845
swarm_0_122.pdb	6.569	25.740	0.12069	45.135
swarm_1_102.pdb	6.811	20.852	0.103448	45.005
swarm_2_121.pdb	6.376	23.531	0.0862069	44.023
swarm_7_88.pdb	3.241	9.063	0.241379	43.596
swarm_2_47.pdb	6.532	26.684	0.103448	41.673
swarm_7_57.pdb	6.277	12.845	0.0517241	41.532
swarm_8_63.pdb	6.980	25.099	0.103448	40.279
swarm_9_147.pdb	4.188	7.490	0.12069	37.900
swarm_7_11.pdb	5.835	19.702	0.103448	37.356
swarm_5_153.pdb	5.747	18.097	0.0862069	36.538
swarm_6_49.pdb	4.542	10.234	0.103448	34.514
swarm_0_142.pdb	7.859	31.641	0.12069	34.412
swarm_4_128.pdb	5.172	13.739	0.137931	33.358
swarm_1_103.pdb	4.602	7.671	0.0862069	32.425
swarm_9_98.pdb	5.332	14.286	0.0689655	31.447
swarm_2_96.pdb	3.733	11.014	0.275862	31.190
swarm_9_19.pdb	4.222	9.798	0.0517241	31.148
