swarm_0_124.pdb	17.748	33.114	0	36.905
swarm_1_194.pdb	9.508	23.891	0.0517241	36.793
swarm_21_74.pdb	9.507	30.479	0	33.503
swarm_17_126.pdb	12.920	27.275	0	33.333
swarm_16_189.pdb	13.796	27.903	0.0517241	32.693
swarm_10_45.pdb	14.772	28.391	0	32.364
swarm_8_58.pdb	9.327	28.160	0	32.294
swarm_34_156.pdb	16.605	45.271	0.0344828	31.743
swarm_0_33.pdb	12.716	25.431	0	31.024
swarm_8_189.pdb	12.348	31.629	0	30.866
swarm_30_192.pdb	19.844	38.814	0	30.796
swarm_33_126.pdb	16.519	35.597	0	30.503
swarm_1_177.pdb	13.524	26.084	0	30.362
swarm_24_72.pdb	17.194	30.905	0	30.178
swarm_28_109.pdb	9.740	32.430	0	29.781
swarm_19_98.pdb	11.542	37.115	0	29.771
swarm_21_117.pdb	7.881	23.540	0	29.431
swarm_28_80.pdb	14.956	42.298	0	29.287
swarm_21_152.pdb	12.197	27.753	0.0344828	28.895
swarm_0_195.pdb	9.261	28.127	0	28.884
swarm_11_108.pdb	15.848	46.746	0.0172414	28.761
swarm_17_41.pdb	10.051	27.263	0	28.507
swarm_2_105.pdb	11.132	28.076	0	28.240
swarm_19_83.pdb	12.526	36.019	0.0172414	28.161
swarm_21_160.pdb	14.910	31.923	0	28.149
swarm_19_159.pdb	14.746	40.924	0	28.009
swarm_32_160.pdb	21.375	41.286	0	27.857
swarm_8_183.pdb	16.934	33.180	0	27.846
swarm_22_32.pdb	11.416	26.167	0.0517241	27.594
swarm_20_161.pdb	7.826	24.732	0	27.495
swarm_10_56.pdb	12.449	25.859	0.0689655	27.250
swarm_13_50.pdb	14.165	26.166	0	27.113
swarm_17_121.pdb	10.647	21.587	0.0344828	26.907
swarm_16_183.pdb	16.706	36.342	0	26.888
swarm_25_31.pdb	9.098	17.584	0	26.755
swarm_9_62.pdb	13.905	48.219	0.0172414	26.723
swarm_1_121.pdb	18.077	31.711	0	26.681
swarm_32_164.pdb	18.703	47.315	0	26.607
swarm_24_119.pdb	13.423	25.995	0	26.453
swarm_14_101.pdb	16.833	39.174	0	26.331
swarm_16_141.pdb	18.639	32.141	0	26.317
swarm_34_54.pdb	17.931	38.083	0	26.238
swarm_0_145.pdb	8.711	28.690	0.0862069	26.227
swarm_28_149.pdb	17.156	32.399	0	26.202
swarm_10_1.pdb	9.453	28.570	0	25.957
swarm_31_36.pdb	21.441	42.939	0	25.885
swarm_2_140.pdb	15.855	32.682	0	25.750
swarm_28_30.pdb	19.041	37.345	0	25.674
swarm_0_173.pdb	13.255	36.994	0	25.655
swarm_31_33.pdb	18.404	39.449	0	25.551
swarm_10_92.pdb	15.383	33.878	0	25.219
swarm_2_135.pdb	12.927	31.546	0.0862069	25.114
swarm_21_139.pdb	15.709	36.056	0	24.933
swarm_24_152.pdb	16.866	28.847	0	24.792
swarm_5_125.pdb	17.958	37.405	0	24.522
swarm_15_176.pdb	18.064	36.839	0	24.460
swarm_21_169.pdb	6.989	21.457	0.0172414	24.327
swarm_39_110.pdb	15.675	52.493	0	24.137
swarm_31_37.pdb	17.251	47.683	0	24.123
swarm_8_87.pdb	17.069	39.084	0	24.097
swarm_15_34.pdb	18.508	32.780	0	23.996
swarm_10_66.pdb	15.360	31.480	0	23.822
swarm_25_68.pdb	15.278	25.352	0	23.698
swarm_15_61.pdb	14.487	35.762	0.0344828	23.690
swarm_28_31.pdb	15.293	37.335	0	23.683
swarm_19_26.pdb	11.307	30.219	0.12069	23.666
swarm_39_32.pdb	18.754	46.461	0	23.637
swarm_28_38.pdb	18.098	35.706	0	23.532
swarm_30_60.pdb	15.850	49.570	0	23.408
swarm_10_75.pdb	14.717	31.802	0	23.272
swarm_22_124.pdb	12.215	28.490	0	23.217
swarm_16_84.pdb	10.508	25.939	0.0344828	22.890
swarm_21_51.pdb	7.908	18.062	0	22.854
swarm_39_184.pdb	16.069	48.431	0	22.688
swarm_9_92.pdb	16.168	53.571	0	22.486
swarm_30_15.pdb	17.987	44.972	0.0172414	22.403
swarm_17_148.pdb	15.939	26.485	0	22.246
swarm_5_127.pdb	14.638	36.814	0	22.240
swarm_16_172.pdb	6.145	21.683	0	22.208
swarm_2_193.pdb	16.098	32.430	0	22.074
swarm_0_125.pdb	14.551	30.087	0.0172414	21.532
swarm_19_176.pdb	18.240	35.552	0	21.449
swarm_14_7.pdb	12.367	43.513	0	21.405
swarm_29_126.pdb	17.438	49.760	0	21.293
swarm_24_20.pdb	13.182	27.046	0	20.979
swarm_16_12.pdb	9.905	28.393	0	20.911
swarm_15_13.pdb	16.292	32.873	0	20.891
swarm_37_82.pdb	15.873	51.929	0	20.874
swarm_13_26.pdb	4.131	13.073	0.0862069	20.824
swarm_30_185.pdb	16.745	51.612	0	20.697
swarm_37_98.pdb	21.572	52.738	0	20.387
swarm_15_43.pdb	16.571	41.832	0	20.322
swarm_5_104.pdb	9.634	34.916	0.0172414	20.299
swarm_8_123.pdb	15.791	30.407	0	20.232
swarm_16_45.pdb	10.483	28.671	0.0172414	20.026
swarm_15_135.pdb	18.318	37.798	0	20.026
swarm_22_108.pdb	14.020	32.185	0	20.000
swarm_15_174.pdb	18.522	39.295	0.0344828	19.907
swarm_26_54.pdb	13.189	44.522	0	19.869
swarm_6_150.pdb	14.720	50.675	0	19.867
swarm_5_15.pdb	17.218	43.190	0	19.836
swarm_34_184.pdb	14.136	41.984	0	19.814
swarm_15_2.pdb	22.035	43.559	0	19.566
swarm_31_98.pdb	19.141	46.692	0	19.546
swarm_1_0.pdb	8.013	20.361	0	19.501
swarm_11_4.pdb	13.203	48.602	0	19.253
swarm_29_14.pdb	18.365	43.892	0.0172414	19.032
swarm_15_71.pdb	17.399	40.245	0	18.989
swarm_7_90.pdb	15.731	53.342	0	18.861
swarm_9_120.pdb	18.021	49.169	0	18.755
swarm_9_199.pdb	21.991	50.491	0	18.724
swarm_33_97.pdb	16.965	34.684	0	18.631
swarm_13_179.pdb	12.035	25.349	0	18.500
swarm_13_89.pdb	7.141	18.531	0.0172414	18.485
swarm_34_177.pdb	22.747	49.004	0	18.166
swarm_6_38.pdb	18.774	49.764	0	18.062
swarm_13_103.pdb	15.157	24.451	0	17.905
swarm_4_163.pdb	21.817	50.877	0	17.794
swarm_19_86.pdb	20.494	38.401	0	17.715
swarm_8_15.pdb	16.251	36.436	0	17.652
swarm_29_20.pdb	18.538	48.069	0	17.624
swarm_14_68.pdb	13.263	41.105	0	17.616
swarm_14_16.pdb	15.436	42.223	0	17.458
swarm_29_122.pdb	14.516	48.038	0	17.452
swarm_26_0.pdb	13.266	44.527	0	17.296
swarm_5_169.pdb	19.517	38.061	0	17.030
swarm_2_97.pdb	15.084	37.779	0	16.974
swarm_8_83.pdb	18.543	36.023	0	16.938
swarm_15_65.pdb	11.657	29.660	0	16.896
swarm_14_30.pdb	13.118	34.657	0	16.685
swarm_8_51.pdb	16.387	37.515	0	16.587
swarm_5_78.pdb	13.406	44.063	0	16.440
swarm_30_119.pdb	20.211	47.988	0	16.270
swarm_10_4.pdb	16.351	33.085	0	16.241
swarm_15_39.pdb	11.095	35.258	0	16.034
swarm_5_19.pdb	11.111	29.017	0	15.968
swarm_5_8.pdb	17.428	37.908	0	15.788
swarm_6_101.pdb	21.283	54.849	0	15.615
swarm_6_6.pdb	23.212	52.389	0	15.539
swarm_16_191.pdb	15.549	34.167	0	15.426
swarm_29_26.pdb	14.284	48.092	0	15.219
swarm_39_86.pdb	21.942	52.769	0	14.799
swarm_10_57.pdb	11.797	22.646	0	14.353
swarm_25_124.pdb	12.976	23.125	0	14.337
swarm_2_192.pdb	17.732	36.033	0	13.828
swarm_9_107.pdb	18.294	45.638	0	13.663
swarm_34_25.pdb	21.848	50.653	0	13.101
swarm_7_63.pdb	16.024	53.655	0	13.031
swarm_37_179.pdb	23.828	56.544	0	12.392
swarm_13_150.pdb	11.295	21.089	0	10.755
swarm_28_94.pdb	18.654	39.008	0	10.551
swarm_38_65.pdb	12.581	46.151	0	7.572
swarm_37_18.pdb	19.332	54.506	0	6.334
swarm_15_70.pdb	17.280	33.679	0	6.280
swarm_1_195.pdb	15.454	35.173	0	3.334
swarm_15_149.pdb	18.787	39.026	0	2.920
swarm_24_46.pdb	13.666	24.796	0.0172414	2.876
swarm_15_166.pdb	18.343	38.766	0	2.340
