swarm_35_73.pdb	10.896	29.579	0.0384615	42.220
swarm_11_172.pdb	12.597	33.836	0	33.550
swarm_28_26.pdb	18.627	48.053	0	30.452
swarm_13_78.pdb	13.386	30.026	0	29.274
swarm_32_85.pdb	19.530	55.823	0	26.949
swarm_16_99.pdb	11.223	32.282	0	26.748
swarm_24_81.pdb	11.549	44.405	0	26.691
swarm_5_57.pdb	13.744	46.283	0	26.687
swarm_29_77.pdb	11.837	28.764	0	26.098
swarm_2_8.pdb	11.119	25.420	0	25.719
swarm_12_153.pdb	10.293	51.400	0	25.619
swarm_34_57.pdb	13.857	40.818	0	25.512
swarm_21_150.pdb	12.990	37.307	0	25.482
swarm_18_87.pdb	10.331	40.501	0	25.283
swarm_29_144.pdb	15.863	39.017	0	25.184
swarm_11_76.pdb	16.591	36.372	0	24.915
swarm_34_119.pdb	14.224	52.715	0	24.739
swarm_33_145.pdb	11.582	44.872	0	24.516
swarm_10_86.pdb	17.312	38.178	0	24.358
swarm_33_115.pdb	17.498	45.627	0	24.214
swarm_14_0.pdb	9.915	32.504	0.230769	24.051
swarm_11_66.pdb	12.722	29.927	0	24.049
swarm_25_154.pdb	16.025	32.306	0	23.947
swarm_24_185.pdb	9.476	32.071	0.153846	23.936
swarm_33_180.pdb	12.376	44.721	0.0769231	23.930
swarm_11_84.pdb	14.782	21.458	0	23.864
swarm_21_74.pdb	10.677	34.752	0	23.623
swarm_23_81.pdb	13.698	38.368	0	23.405
swarm_7_90.pdb	10.777	40.052	0	23.399
swarm_28_83.pdb	15.621	61.001	0	23.234
swarm_1_24.pdb	16.527	31.595	0	23.209
swarm_29_131.pdb	17.269	35.476	0	23.135
swarm_13_97.pdb	13.494	32.030	0	23.048
swarm_9_36.pdb	16.720	33.964	0	22.977
swarm_20_90.pdb	9.902	30.104	0	22.902
swarm_18_177.pdb	17.094	48.071	0	22.879
swarm_7_89.pdb	12.142	37.219	0.0769231	22.872
swarm_27_180.pdb	15.662	42.334	0	22.832
swarm_18_153.pdb	12.427	38.058	0.115385	22.815
swarm_36_30.pdb	13.538	38.305	0	22.756
swarm_32_182.pdb	11.640	42.215	0	22.730
swarm_22_19.pdb	15.146	38.880	0	22.692
swarm_18_77.pdb	15.323	40.827	0	22.677
swarm_31_172.pdb	17.528	43.581	0	22.569
swarm_13_142.pdb	9.918	34.870	0	22.407
swarm_10_49.pdb	15.478	36.559	0	22.305
swarm_24_172.pdb	16.882	36.393	0	22.179
swarm_30_183.pdb	17.786	46.191	0	22.093
swarm_32_162.pdb	13.919	55.117	0	22.080
swarm_15_130.pdb	16.350	39.621	0	22.040
swarm_32_186.pdb	16.605	46.669	0	22.025
swarm_14_150.pdb	10.835	29.103	0	21.854
swarm_21_128.pdb	7.829	31.349	0.0769231	21.836
swarm_17_29.pdb	10.867	48.015	0	21.717
swarm_21_76.pdb	8.924	32.766	0	21.660
swarm_12_148.pdb	13.167	54.551	0.0384615	21.660
swarm_31_121.pdb	15.997	38.652	0	21.617
swarm_11_9.pdb	8.978	27.892	0.230769	21.483
swarm_23_112.pdb	17.850	42.703	0	21.419
swarm_15_74.pdb	13.672	39.901	0	21.406
swarm_4_53.pdb	17.654	45.573	0	21.395
swarm_19_6.pdb	13.895	32.571	0	21.392
swarm_36_79.pdb	15.908	28.518	0	21.266
swarm_27_146.pdb	18.579	43.214	0	21.259
swarm_29_189.pdb	12.178	31.851	0	21.205
swarm_34_27.pdb	18.513	43.825	0	21.105
swarm_36_139.pdb	16.477	36.526	0	21.079
swarm_31_134.pdb	14.367	46.998	0	20.981
swarm_20_141.pdb	12.760	37.502	0	20.972
swarm_19_76.pdb	15.939	33.644	0	20.941
swarm_35_78.pdb	10.425	25.567	0	20.898
swarm_4_137.pdb	16.722	47.510	0	20.888
swarm_29_116.pdb	14.282	35.885	0	20.845
swarm_33_149.pdb	14.382	46.020	0	20.820
swarm_17_166.pdb	14.263	51.334	0	20.699
swarm_4_48.pdb	11.167	36.720	0	20.690
swarm_27_156.pdb	17.293	44.298	0	20.642
swarm_26_126.pdb	11.055	43.428	0.115385	20.585
swarm_27_70.pdb	12.788	49.536	0	20.582
swarm_3_20.pdb	16.745	46.193	0	20.542
swarm_6_53.pdb	14.205	25.586	0	20.520
swarm_32_62.pdb	18.601	59.511	0	20.507
swarm_29_44.pdb	12.202	30.129	0	20.490
swarm_25_96.pdb	9.830	27.195	0.192308	20.471
swarm_36_183.pdb	9.666	32.577	0	20.351
swarm_4_62.pdb	9.694	31.529	0	20.339
swarm_0_43.pdb	19.447	59.975	0	20.290
swarm_13_116.pdb	14.675	40.934	0.0384615	20.262
swarm_0_141.pdb	12.934	55.967	0	20.249
swarm_12_142.pdb	9.392	48.159	0.0769231	20.238
swarm_25_72.pdb	13.927	37.322	0	20.228
swarm_2_183.pdb	7.930	32.025	0.115385	20.200
swarm_17_65.pdb	11.478	41.017	0.0769231	20.169
swarm_9_129.pdb	12.070	35.183	0	20.144
swarm_35_24.pdb	17.734	41.937	0	20.132
swarm_26_125.pdb	18.301	50.453	0	20.111
swarm_6_93.pdb	5.859	17.942	0.269231	20.085
swarm_34_42.pdb	9.687	51.551	0	20.050
swarm_34_88.pdb	11.712	41.984	0.0384615	20.037
swarm_36_63.pdb	13.680	32.226	0	19.985
swarm_33_14.pdb	19.846	47.144	0	19.971
swarm_0_105.pdb	15.585	50.762	0	19.962
swarm_21_159.pdb	16.157	38.365	0	19.945
swarm_24_180.pdb	16.234	41.123	0	19.876
swarm_35_147.pdb	14.946	40.108	0	19.870
swarm_0_51.pdb	19.485	60.096	0	19.868
swarm_27_138.pdb	14.510	42.077	0	19.839
swarm_14_34.pdb	8.822	34.986	0.115385	19.830
swarm_9_198.pdb	7.101	23.655	0.230769	19.755
swarm_18_116.pdb	11.438	45.146	0.0384615	19.743
swarm_26_2.pdb	19.478	48.077	0	19.715
swarm_30_61.pdb	13.100	33.856	0	19.580
swarm_21_152.pdb	17.207	43.472	0	19.556
swarm_30_8.pdb	15.695	45.225	0	19.504
swarm_11_181.pdb	13.819	34.155	0	19.503
swarm_36_76.pdb	12.990	33.207	0	19.451
swarm_31_24.pdb	14.845	32.770	0	19.308
swarm_16_117.pdb	12.716	39.076	0	19.292
swarm_16_79.pdb	12.355	39.575	0.115385	19.171
swarm_32_103.pdb	17.630	45.710	0	19.161
swarm_7_118.pdb	14.443	34.494	0	19.137
swarm_12_63.pdb	13.829	36.186	0	19.111
swarm_17_152.pdb	10.710	48.928	0	19.083
swarm_30_122.pdb	16.793	44.046	0	19.076
swarm_2_179.pdb	15.654	39.979	0	19.069
swarm_1_150.pdb	16.155	42.613	0	19.065
swarm_2_185.pdb	21.341	46.761	0	19.060
swarm_31_67.pdb	12.843	43.055	0.0384615	19.039
swarm_6_118.pdb	14.230	32.981	0	19.033
swarm_7_2.pdb	9.254	42.383	0	19.014
swarm_26_169.pdb	12.618	48.664	0	18.971
swarm_19_81.pdb	8.125	18.881	0.0384615	18.927
swarm_20_1.pdb	11.833	31.869	0	18.912
swarm_23_108.pdb	16.393	35.502	0	18.873
swarm_33_168.pdb	14.611	56.258	0	18.771
swarm_28_95.pdb	15.958	54.240	0	18.756
swarm_18_37.pdb	14.339	48.933	0	18.749
swarm_16_110.pdb	14.593	43.178	0	18.721
swarm_34_2.pdb	16.266	41.679	0	18.674
swarm_16_102.pdb	16.538	40.364	0	18.579
swarm_2_39.pdb	6.321	22.255	0.230769	18.539
swarm_33_191.pdb	14.753	47.252	0	18.459
swarm_10_83.pdb	10.402	30.771	0	18.434
swarm_21_69.pdb	12.914	41.201	0	18.400
swarm_22_99.pdb	7.785	37.615	0	18.372
swarm_36_88.pdb	14.800	36.615	0	18.279
swarm_4_92.pdb	10.934	30.520	0	18.250
swarm_22_54.pdb	13.960	48.296	0	18.199
swarm_16_129.pdb	9.247	36.000	0	18.189
swarm_36_67.pdb	7.606	35.971	0	18.149
swarm_27_175.pdb	15.562	53.309	0	18.054
swarm_27_111.pdb	18.210	48.069	0	18.031
swarm_0_162.pdb	20.720	58.594	0	18.014
swarm_26_21.pdb	17.381	53.639	0	17.989
swarm_24_13.pdb	14.606	44.109	0	17.955
swarm_18_53.pdb	15.869	35.401	0	17.921
swarm_18_106.pdb	15.946	43.214	0	17.903
swarm_19_44.pdb	17.865	34.863	0	17.892
swarm_33_114.pdb	15.399	40.633	0	17.843
swarm_20_178.pdb	11.878	29.586	0	17.804
swarm_33_128.pdb	12.334	47.204	0	17.783
swarm_31_9.pdb	13.190	45.070	0	17.777
swarm_26_43.pdb	11.428	48.494	0	17.732
swarm_25_189.pdb	11.128	29.369	0	17.722
swarm_18_187.pdb	18.814	45.459	0	17.707
swarm_32_50.pdb	16.286	50.645	0	17.644
swarm_14_122.pdb	13.151	39.369	0	17.611
swarm_5_67.pdb	16.185	47.671	0	17.545
swarm_3_175.pdb	9.858	41.607	0	17.457
swarm_1_145.pdb	18.651	44.797	0	17.445
swarm_28_116.pdb	17.907	48.010	0	17.433
swarm_37_93.pdb	15.221	23.317	0	17.363
swarm_22_139.pdb	13.925	45.276	0	17.333
swarm_3_100.pdb	20.502	48.043	0	17.220
swarm_29_178.pdb	10.008	26.033	0	17.210
swarm_36_187.pdb	11.254	27.141	0	17.166
swarm_17_163.pdb	17.224	46.441	0	17.102
swarm_28_148.pdb	9.934	44.956	0	17.090
swarm_5_190.pdb	15.092	50.331	0	17.001
swarm_17_109.pdb	15.495	44.225	0	16.988
swarm_34_17.pdb	14.439	49.262	0	16.979
swarm_34_75.pdb	17.244	43.897	0	16.977
swarm_34_191.pdb	14.553	38.723	0	16.962
swarm_5_73.pdb	12.008	39.604	0	16.933
swarm_32_74.pdb	20.403	56.875	0	16.841
swarm_26_142.pdb	13.629	54.671	0	16.826
swarm_10_47.pdb	15.260	32.270	0	16.735
swarm_11_59.pdb	12.899	33.578	0.0384615	16.671
swarm_9_126.pdb	13.240	34.039	0	16.669
swarm_18_45.pdb	15.656	37.947	0	16.623
swarm_31_129.pdb	15.973	29.749	0	16.609
swarm_35_157.pdb	15.982	32.630	0	16.536
swarm_1_103.pdb	14.112	36.686	0.0384615	16.534
swarm_7_179.pdb	16.108	39.407	0	16.504
swarm_26_61.pdb	17.354	39.519	0	16.485
swarm_25_169.pdb	15.277	28.069	0	16.446
swarm_27_136.pdb	18.527	41.992	0	16.424
swarm_24_160.pdb	9.121	40.021	0.0769231	16.416
swarm_20_116.pdb	9.605	28.229	0	16.365
swarm_31_112.pdb	10.450	36.867	0	16.358
swarm_10_84.pdb	18.361	43.761	0	16.242
swarm_17_16.pdb	13.477	44.724	0	16.225
swarm_3_194.pdb	10.625	45.359	0	16.204
swarm_20_0.pdb	12.354	36.601	0.115385	16.191
swarm_5_163.pdb	20.964	49.526	0	16.178
swarm_20_129.pdb	16.225	34.964	0	16.130
swarm_23_67.pdb	7.598	34.616	0	16.058
swarm_13_181.pdb	15.230	31.447	0.0769231	16.005
swarm_7_34.pdb	17.745	47.780	0	15.919
swarm_16_149.pdb	13.100	36.697	0.0384615	15.895
swarm_7_132.pdb	18.319	41.491	0	15.883
swarm_13_196.pdb	12.358	30.037	0	15.857
swarm_10_73.pdb	15.732	41.430	0	15.856
swarm_29_141.pdb	15.960	39.018	0	15.839
swarm_24_22.pdb	12.791	34.669	0	15.781
swarm_7_82.pdb	12.269	32.396	0	15.703
swarm_18_137.pdb	11.878	44.600	0	15.698
swarm_19_122.pdb	13.578	29.939	0	15.697
swarm_29_166.pdb	13.805	39.381	0	15.545
swarm_30_184.pdb	13.940	49.040	0	15.540
swarm_26_101.pdb	16.778	52.399	0	15.490
swarm_35_48.pdb	10.888	36.997	0	15.479
swarm_15_123.pdb	15.446	41.727	0	15.470
swarm_3_165.pdb	21.007	50.075	0	15.416
swarm_4_167.pdb	16.741	33.748	0	15.410
swarm_23_4.pdb	12.008	36.375	0.0384615	15.326
swarm_36_106.pdb	14.939	33.712	0	15.265
swarm_21_46.pdb	17.492	41.625	0	15.252
swarm_16_182.pdb	12.407	41.281	0	15.229
swarm_13_157.pdb	10.449	29.608	0	15.197
swarm_31_113.pdb	14.735	45.379	0	15.187
swarm_17_159.pdb	17.965	41.756	0	15.175
swarm_37_161.pdb	15.721	31.585	0	15.167
swarm_36_11.pdb	14.720	37.944	0	15.162
swarm_22_4.pdb	10.199	41.431	0.0769231	15.122
swarm_7_61.pdb	17.284	36.405	0	15.079
swarm_35_117.pdb	20.219	42.748	0	15.076
swarm_29_110.pdb	11.717	43.164	0	15.049
swarm_30_91.pdb	9.703	42.021	0	14.995
swarm_35_11.pdb	15.416	43.703	0	14.988
swarm_17_133.pdb	15.164	48.633	0	14.949
swarm_21_123.pdb	7.699	39.050	0	14.940
swarm_31_94.pdb	17.580	48.720	0	14.871
swarm_21_191.pdb	15.079	38.484	0	14.853
swarm_15_4.pdb	15.734	47.859	0	14.853
swarm_30_140.pdb	12.462	50.558	0	14.841
swarm_4_106.pdb	9.245	41.203	0	14.819
swarm_4_165.pdb	16.820	46.947	0	14.770
swarm_31_95.pdb	15.851	39.944	0.0384615	14.766
swarm_31_0.pdb	14.709	49.035	0	14.751
swarm_31_82.pdb	15.080	47.661	0	14.695
swarm_29_159.pdb	14.897	37.807	0	14.693
swarm_35_15.pdb	12.459	39.687	0	14.690
swarm_21_124.pdb	14.356	41.017	0	14.681
swarm_17_58.pdb	9.345	47.128	0	14.573
swarm_31_69.pdb	8.792	39.361	0.192308	14.546
swarm_15_180.pdb	15.659	48.780	0	14.492
swarm_21_113.pdb	11.952	33.655	0	14.491
swarm_7_72.pdb	8.443	32.112	0.0384615	14.423
swarm_23_62.pdb	9.778	42.056	0	14.421
swarm_5_130.pdb	13.518	52.648	0	14.405
swarm_28_92.pdb	19.126	55.655	0	14.357
swarm_8_173.pdb	6.876	16.569	0.115385	14.329
swarm_25_120.pdb	10.255	24.182	0	14.242
swarm_21_41.pdb	8.811	33.389	0	14.187
swarm_22_155.pdb	14.955	37.303	0	14.166
swarm_32_172.pdb	14.112	53.453	0	14.099
swarm_24_183.pdb	14.411	45.137	0	14.045
swarm_20_91.pdb	13.046	21.300	0	14.029
swarm_25_57.pdb	13.954	31.837	0	14.017
swarm_10_132.pdb	12.441	34.333	0	13.936
swarm_21_71.pdb	8.148	39.550	0	13.926
swarm_15_135.pdb	13.898	35.931	0	13.827
swarm_22_13.pdb	13.603	53.599	0	13.782
swarm_4_116.pdb	13.823	44.590	0	13.731
swarm_21_60.pdb	15.465	40.592	0	13.687
swarm_16_58.pdb	12.596	39.784	0	13.641
swarm_12_24.pdb	14.837	53.602	0	13.620
swarm_22_63.pdb	17.308	46.489	0	13.530
swarm_2_127.pdb	14.343	27.887	0	13.526
swarm_11_176.pdb	10.310	28.310	0.0384615	13.477
swarm_36_198.pdb	12.494	34.007	0	13.475
swarm_5_123.pdb	18.532	48.455	0	13.436
swarm_12_116.pdb	14.983	47.941	0	13.425
swarm_4_129.pdb	17.305	45.670	0	13.325
swarm_1_28.pdb	16.415	31.808	0	13.289
swarm_6_64.pdb	13.158	30.277	0	13.280
swarm_3_126.pdb	11.831	44.004	0	13.266
swarm_32_72.pdb	21.097	51.137	0	13.250
swarm_24_163.pdb	16.022	45.546	0	13.234
swarm_3_185.pdb	16.101	50.372	0	13.214
swarm_34_5.pdb	11.471	53.381	0.0384615	13.132
swarm_12_12.pdb	14.887	53.735	0	13.117
swarm_13_179.pdb	13.021	23.084	0	13.030
swarm_13_47.pdb	17.059	38.404	0	13.004
swarm_27_195.pdb	13.848	48.727	0	12.992
swarm_24_4.pdb	9.330	35.461	0.115385	12.970
swarm_8_105.pdb	13.546	30.289	0	12.958
swarm_0_33.pdb	14.454	62.977	0	12.719
swarm_2_42.pdb	13.876	27.010	0	12.592
swarm_16_66.pdb	14.905	35.670	0	12.576
swarm_15_131.pdb	9.597	44.126	0	12.569
swarm_15_87.pdb	12.954	45.989	0	12.545
swarm_22_81.pdb	15.584	53.359	0	12.474
swarm_0_117.pdb	14.478	53.459	0	12.459
swarm_2_67.pdb	9.543	24.031	0	12.453
swarm_0_22.pdb	23.666	56.563	0	12.370
swarm_32_151.pdb	17.433	55.636	0	12.364
swarm_12_194.pdb	18.139	47.553	0	12.323
swarm_15_59.pdb	15.635	38.067	0	12.308
swarm_8_11.pdb	13.197	27.423	0	12.269
swarm_35_23.pdb	13.906	38.413	0	12.230
swarm_35_1.pdb	13.889	41.230	0	12.201
swarm_16_60.pdb	11.750	41.875	0.0769231	12.183
swarm_4_93.pdb	15.029	38.938	0	12.140
swarm_25_89.pdb	14.681	32.461	0	12.134
swarm_24_90.pdb	12.868	44.405	0.0769231	12.072
swarm_4_67.pdb	18.557	39.511	0	12.071
swarm_6_133.pdb	16.501	35.734	0	12.008
swarm_13_29.pdb	17.846	37.828	0	11.913
swarm_22_196.pdb	16.144	44.317	0	11.900
swarm_19_114.pdb	6.931	15.851	0.0769231	11.872
swarm_36_167.pdb	18.061	34.574	0	11.760
swarm_20_74.pdb	10.206	30.650	0	11.723
swarm_36_26.pdb	16.359	29.292	0	11.702
swarm_3_135.pdb	15.967	52.485	0	11.692
swarm_10_164.pdb	13.010	32.493	0	11.680
swarm_4_58.pdb	12.538	36.511	0	11.671
swarm_27_40.pdb	17.099	48.298	0	11.650
swarm_12_40.pdb	14.069	45.583	0	11.627
swarm_18_90.pdb	8.738	40.471	0	11.570
swarm_27_172.pdb	15.199	50.334	0	11.471
swarm_5_160.pdb	14.014	56.284	0	11.397
swarm_2_156.pdb	9.023	32.926	0	11.313
swarm_2_1.pdb	12.682	34.876	0	11.236
swarm_22_149.pdb	19.089	46.295	0	11.188
swarm_7_182.pdb	17.415	35.519	0	11.161
swarm_17_193.pdb	14.867	44.045	0	11.141
swarm_4_185.pdb	10.969	44.090	0.0769231	11.106
swarm_34_131.pdb	15.322	47.951	0	11.059
swarm_2_61.pdb	17.050	33.475	0	11.032
swarm_13_134.pdb	14.544	33.858	0	11.011
swarm_12_84.pdb	12.521	49.028	0	10.997
swarm_14_190.pdb	7.139	29.743	0.0384615	10.979
swarm_36_53.pdb	13.985	37.359	0	10.967
swarm_15_45.pdb	13.736	47.331	0	10.859
swarm_23_120.pdb	8.263	37.937	0	10.829
swarm_15_61.pdb	15.117	42.848	0.0384615	10.647
swarm_4_82.pdb	13.823	45.516	0.0769231	10.603
swarm_5_104.pdb	14.853	52.864	0	10.545
swarm_29_107.pdb	12.807	30.932	0	10.491
swarm_24_50.pdb	14.107	38.216	0	10.479
swarm_29_29.pdb	11.964	42.135	0	10.440
swarm_21_87.pdb	15.865	42.221	0	10.333
swarm_26_172.pdb	16.312	54.975	0	10.277
swarm_31_15.pdb	14.538	49.350	0	10.269
swarm_20_188.pdb	14.990	31.272	0	10.089
swarm_32_11.pdb	13.584	50.256	0.115385	9.984
swarm_21_119.pdb	11.015	34.340	0.115385	9.881
swarm_7_157.pdb	14.399	46.977	0	9.857
swarm_28_186.pdb	17.912	59.336	0	9.840
swarm_26_154.pdb	13.884	49.521	0	9.752
swarm_23_97.pdb	14.927	44.211	0.0384615	9.726
swarm_10_57.pdb	16.025	46.414	0	9.671
swarm_21_40.pdb	10.723	40.258	0	9.651
swarm_2_138.pdb	15.365	34.695	0	9.601
swarm_17_168.pdb	17.948	52.299	0	9.572
swarm_18_130.pdb	17.047	41.453	0	9.546
swarm_37_126.pdb	5.700	19.122	0.230769	9.192
swarm_16_114.pdb	15.577	44.329	0	8.886
swarm_23_10.pdb	15.331	31.593	0	8.820
swarm_16_118.pdb	11.423	43.401	0	8.817
swarm_6_117.pdb	11.559	32.357	0	8.743
swarm_7_46.pdb	11.560	43.166	0	8.622
swarm_15_9.pdb	19.792	38.879	0	8.368
swarm_4_186.pdb	16.177	47.881	0	8.177
swarm_23_48.pdb	13.413	38.696	0	7.482
swarm_20_72.pdb	13.455	36.677	0.115385	6.516
swarm_24_112.pdb	11.306	33.896	0	6.232
swarm_18_64.pdb	16.264	47.271	0	5.212
swarm_11_145.pdb	13.083	30.754	0	1.168
