run1-swarm_21_74.pdb	5.695	26.280	0.5	38.544
run1-swarm_18_158.pdb	5.343	23.287	0.576923	33.531
run1-swarm_14_28.pdb	6.576	32.387	0.307692	32.584
run1-swarm_10_197.pdb	2.285	11.953	0.692308	32.490
run1-swarm_18_83.pdb	5.768	29.352	0.5	32.146
run1-swarm_11_152.pdb	2.858	7.425	0.653846	31.834
run1-swarm_4_170.pdb	4.544	20.161	0.538462	30.611
run1-swarm_18_137.pdb	3.121	11.212	0.615385	30.595
run1-swarm_22_116.pdb	4.536	21.774	0.538462	29.970
run1-swarm_3_36.pdb	4.288	20.226	0.576923	29.588
run1-swarm_29_100.pdb	2.270	6.104	0.692308	29.570
run1-swarm_7_169.pdb	5.620	29.503	0.5	29.356
run1-swarm_14_3.pdb	5.761	32.288	0.461538	28.656
run1-swarm_11_26.pdb	2.701	13.995	0.346154	28.302
run1-swarm_28_184.pdb	2.128	11.008	0.653846	28.055
run1-swarm_15_29.pdb	2.660	7.577	0.615385	27.472
run1-swarm_17_121.pdb	4.827	26.112	0.384615	27.365
run1-swarm_2_181.pdb	3.655	18.463	0.538462	27.277
run1-swarm_24_81.pdb	2.006	4.455	0.653846	26.789
run1-swarm_21_175.pdb	5.109	28.143	0.384615	26.077
run1-swarm_28_152.pdb	2.171	8.611	0.615385	25.936
run1-swarm_4_134.pdb	6.040	30.755	0.269231	25.793
run1-swarm_1_60.pdb	4.769	26.799	0.384615	25.543
run1-swarm_7_199.pdb	4.521	25.807	0.461538	24.938
run1-swarm_17_13.pdb	2.696	6.592	0.5	24.808
run1-swarm_3_130.pdb	3.597	12.921	0.653846	24.148
run1-swarm_3_113.pdb	2.573	8.257	0.576923	24.022
run1-swarm_0_24.pdb	3.281	16.157	0.423077	23.922
run1-swarm_16_21.pdb	5.491	29.152	0.384615	23.523
run1-swarm_14_21.pdb	9.693	39.462	0.0384615	23.327
run1-swarm_2_121.pdb	4.659	26.954	0.307692	23.088
run1-swarm_11_192.pdb	5.231	14.425	0.0769231	23.083
run1-swarm_25_2.pdb	2.117	10.841	0.653846	23.069
run1-swarm_15_104.pdb	3.076	15.179	0.384615	22.828
run1-swarm_5_99.pdb	4.877	26.687	0.346154	22.784
run1-swarm_6_117.pdb	5.962	32.446	0.307692	22.437
run1-swarm_10_194.pdb	3.171	17.688	0.346154	22.389
run1-swarm_9_193.pdb	7.065	38.372	0	22.126
run1-swarm_28_164.pdb	2.754	15.867	0.269231	22.049
run1-swarm_1_164.pdb	6.405	35.125	0.346154	21.983
run1-swarm_13_51.pdb	6.112	33.411	0.269231	21.702
run1-swarm_23_30.pdb	8.617	41.180	0	21.501
run1-swarm_29_63.pdb	6.892	19.574	0.0769231	20.847
run1-swarm_4_92.pdb	6.036	28.980	0.153846	20.846
run1-swarm_24_92.pdb	3.073	16.506	0.346154	20.837
run1-swarm_12_89.pdb	5.073	29.293	0.384615	20.609
run1-swarm_16_20.pdb	5.204	29.202	0.269231	20.572
run1-swarm_27_73.pdb	7.299	37.956	0	20.349
run1-swarm_9_101.pdb	7.290	37.543	0	20.334
run1-swarm_27_95.pdb	8.210	39.685	0	20.019
run1-swarm_19_37.pdb	8.034	39.856	0	19.787
run1-swarm_21_141.pdb	8.197	37.173	0.0769231	19.697
run1-swarm_26_145.pdb	7.573	39.288	0	19.633
run1-swarm_4_169.pdb	6.370	25.147	0.0384615	19.618
run1-swarm_20_193.pdb	6.948	36.935	0.230769	19.425
run1-swarm_2_5.pdb	2.650	13.650	0.269231	19.070
run1-swarm_0_10.pdb	4.647	24.685	0.346154	18.660
run1-swarm_26_123.pdb	8.448	41.838	0	18.414
run1-swarm_8_136.pdb	7.192	35.962	0	18.158
run1-swarm_13_10.pdb	9.066	38.584	0	17.806
run1-swarm_12_118.pdb	6.903	36.763	0.192308	17.672
run1-swarm_23_79.pdb	9.131	36.273	0	17.629
run1-swarm_21_150.pdb	7.483	30.997	0	17.466
run1-swarm_14_6.pdb	8.285	41.032	0.192308	17.373
run1-swarm_12_162.pdb	9.184	34.762	0	17.079
run1-swarm_6_198.pdb	7.807	39.066	0	17.065
run1-swarm_15_131.pdb	11.090	20.794	0	17.023
run1-swarm_20_101.pdb	8.947	42.178	0	16.881
run1-swarm_29_104.pdb	3.418	12.437	0.230769	16.873
run1-swarm_22_199.pdb	4.903	26.966	0.307692	16.664
run1-swarm_12_51.pdb	7.798	28.479	0	16.563
run1-swarm_12_42.pdb	3.833	20.425	0.384615	16.287
run1-swarm_8_2.pdb	4.827	24.723	0.307692	16.258
run1-swarm_0_38.pdb	7.657	20.014	0	16.255
run1-swarm_27_72.pdb	12.617	42.418	0	16.077
run1-swarm_21_165.pdb	9.244	36.071	0.0384615	15.842
run1-swarm_17_168.pdb	5.670	20.153	0.0384615	15.694
run1-swarm_8_82.pdb	5.585	30.149	0.230769	15.529
run1-swarm_28_92.pdb	6.846	10.811	0.115385	15.091
run1-swarm_22_182.pdb	8.042	28.912	0	15.085
run1-swarm_13_111.pdb	8.798	32.144	0	15.070
run1-swarm_3_80.pdb	7.207	15.676	0.0384615	14.755
run1-swarm_7_47.pdb	5.399	24.285	0.0769231	14.731
run1-swarm_14_177.pdb	9.541	34.067	0	14.644
run1-swarm_20_132.pdb	7.312	29.961	0	14.360
run1-swarm_1_116.pdb	6.361	20.225	0.0384615	13.961
run1-swarm_17_100.pdb	8.077	17.616	0.0384615	13.939
run1-swarm_25_137.pdb	7.010	12.088	0	13.904
run1-swarm_25_112.pdb	4.447	18.804	0.0384615	13.664
run1-swarm_5_104.pdb	4.149	17.544	0.0769231	13.617
run1-swarm_3_70.pdb	4.493	13.353	0.153846	13.555
run1-swarm_19_73.pdb	7.747	27.007	0	13.257
run1-swarm_8_74.pdb	7.419	31.422	0	13.135
run1-swarm_10_143.pdb	7.176	12.621	0	13.002
run1-swarm_13_49.pdb	8.941	41.494	0	12.892
run1-swarm_24_185.pdb	7.265	14.694	0	12.848
run1-swarm_8_76.pdb	5.098	23.967	0.230769	12.750
run1-swarm_9_103.pdb	9.547	38.978	0	12.729
run1-swarm_0_60.pdb	7.846	26.981	0	12.702
run1-swarm_22_128.pdb	5.682	19.236	0	12.358
run1-swarm_6_161.pdb	5.492	25.117	0	12.087
run1-swarm_16_87.pdb	6.523	17.322	0	12.068
run1-swarm_2_84.pdb	7.411	33.127	0.192308	11.977
run1-swarm_28_170.pdb	4.909	17.351	0.0384615	11.794
run1-swarm_2_19.pdb	7.066	17.516	0	11.621
run1-swarm_3_111.pdb	6.386	23.047	0	11.470
run1-swarm_7_125.pdb	7.754	33.552	0.0769231	11.324
run1-swarm_29_126.pdb	5.862	16.935	0.0769231	9.998
run1-swarm_0_95.pdb	5.877	10.815	0	9.673
run1-swarm_8_196.pdb	6.202	23.203	0	8.940
run1-swarm_5_181.pdb	7.476	28.057	0	4.744
run1-swarm_13_16.pdb	7.724	38.126	0	1.116
