run1-swarm_21_74.pdb	5.695	26.280	0.5	38.544
run1-swarm_18_158.pdb	5.343	23.287	0.576923	33.531
run1-swarm_14_28.pdb	6.576	32.387	0.307692	32.584
run1-swarm_10_197.pdb	2.285	11.953	0.692308	32.490
run1-swarm_18_83.pdb	5.768	29.352	0.5	32.146
run1-swarm_11_152.pdb	2.858	7.425	0.653846	31.834
run0-swarm_3_95.pdb	11.037	45.882	0	31.631
run1-swarm_4_170.pdb	4.544	20.161	0.538462	30.611
run1-swarm_18_137.pdb	3.121	11.212	0.615385	30.595
run0-swarm_21_86.pdb	8.721	24.004	0	30.168
run1-swarm_22_116.pdb	4.536	21.774	0.538462	29.970
run1-swarm_3_36.pdb	4.288	20.226	0.576923	29.588
run1-swarm_29_100.pdb	2.270	6.104	0.692308	29.570
run1-swarm_7_169.pdb	5.620	29.503	0.5	29.356
run1-swarm_14_3.pdb	5.761	32.288	0.461538	28.656
run1-swarm_11_26.pdb	2.701	13.995	0.346154	28.302
run1-swarm_28_184.pdb	2.128	11.008	0.653846	28.055
run1-swarm_15_29.pdb	2.660	7.577	0.615385	27.472
run1-swarm_17_121.pdb	4.827	26.112	0.384615	27.365
run1-swarm_2_181.pdb	3.655	18.463	0.538462	27.277
run0-swarm_9_142.pdb	7.061	31.220	0.0384615	27.194
run1-swarm_24_81.pdb	2.006	4.455	0.653846	26.789
run0-swarm_33_148.pdb	10.937	45.190	0	26.694
run0-swarm_15_45.pdb	9.165	39.703	0	26.511
run0-swarm_19_33.pdb	7.671	30.116	0	26.152
run1-swarm_21_175.pdb	5.109	28.143	0.384615	26.077
run1-swarm_28_152.pdb	2.171	8.611	0.615385	25.936
run0-swarm_20_18.pdb	7.592	32.449	0	25.932
run1-swarm_4_134.pdb	6.040	30.755	0.269231	25.793
run1-swarm_1_60.pdb	4.769	26.799	0.384615	25.543
run0-swarm_18_20.pdb	8.921	23.175	0	25.271
run1-swarm_7_199.pdb	4.521	25.807	0.461538	24.938
run1-swarm_17_13.pdb	2.696	6.592	0.5	24.808
run0-swarm_13_199.pdb	10.487	45.413	0	24.593
run0-swarm_32_11.pdb	6.513	22.240	0.0384615	24.574
run0-swarm_32_60.pdb	7.338	28.868	0	24.559
run0-swarm_23_170.pdb	7.899	29.351	0	24.315
run0-swarm_29_188.pdb	7.694	29.735	0	24.250
run0-swarm_24_25.pdb	6.871	28.601	0.0384615	24.154
run1-swarm_3_130.pdb	3.597	12.921	0.653846	24.148
run1-swarm_3_113.pdb	2.573	8.257	0.576923	24.022
run1-swarm_0_24.pdb	3.281	16.157	0.423077	23.922
run0-swarm_14_121.pdb	10.764	43.478	0	23.617
run1-swarm_16_21.pdb	5.491	29.152	0.384615	23.523
run0-swarm_0_102.pdb	7.419	24.838	0	23.371
run1-swarm_14_21.pdb	9.693	39.462	0.0384615	23.327
run0-swarm_21_52.pdb	6.268	21.174	0	23.130
run1-swarm_2_121.pdb	4.659	26.954	0.307692	23.088
run1-swarm_11_192.pdb	5.231	14.425	0.0769231	23.083
run1-swarm_25_2.pdb	2.117	10.841	0.653846	23.069
run0-swarm_18_125.pdb	6.930	28.829	0	22.838
run0-swarm_22_132.pdb	7.674	23.234	0	22.832
run1-swarm_15_104.pdb	3.076	15.179	0.384615	22.828
run1-swarm_5_99.pdb	4.877	26.687	0.346154	22.784
run0-swarm_4_114.pdb	10.061	18.099	0	22.753
run0-swarm_28_122.pdb	7.977	17.932	0	22.739
run0-swarm_2_192.pdb	10.118	18.708	0	22.696
run0-swarm_15_97.pdb	11.187	46.844	0	22.563
run1-swarm_6_117.pdb	5.962	32.446	0.307692	22.437
run0-swarm_5_46.pdb	10.505	23.572	0	22.421
run1-swarm_10_194.pdb	3.171	17.688	0.346154	22.389
run1-swarm_9_193.pdb	7.065	38.372	0	22.126
run1-swarm_28_164.pdb	2.754	15.867	0.269231	22.049
run1-swarm_1_164.pdb	6.405	35.125	0.346154	21.983
run0-swarm_1_51.pdb	8.054	32.318	0	21.875
run1-swarm_13_51.pdb	6.112	33.411	0.269231	21.702
run1-swarm_23_30.pdb	8.617	41.180	0	21.501
run0-swarm_20_93.pdb	9.597	40.205	0	21.476
run0-swarm_2_105.pdb	12.292	27.002	0	21.471
run0-swarm_7_62.pdb	7.489	33.871	0.0769231	21.431
run0-swarm_26_166.pdb	6.873	20.611	0	21.417
run0-swarm_10_195.pdb	7.581	32.247	0	21.325
run0-swarm_20_170.pdb	7.859	33.506	0	21.253
run0-swarm_14_79.pdb	8.417	30.700	0	21.123
run0-swarm_27_188.pdb	7.851	35.258	0.0384615	21.047
run0-swarm_31_64.pdb	7.404	28.872	0	20.971
run0-swarm_3_198.pdb	7.878	37.308	0.0384615	20.873
run1-swarm_29_63.pdb	6.892	19.574	0.0769231	20.847
run1-swarm_4_92.pdb	6.036	28.980	0.153846	20.846
run1-swarm_24_92.pdb	3.073	16.506	0.346154	20.837
run0-swarm_13_28.pdb	9.354	42.972	0	20.746
run1-swarm_12_89.pdb	5.073	29.293	0.384615	20.609
run1-swarm_16_20.pdb	5.204	29.202	0.269231	20.572
run0-swarm_23_34.pdb	6.427	27.667	0.0384615	20.507
run0-swarm_8_1.pdb	9.737	20.926	0	20.454
run0-swarm_29_86.pdb	6.601	24.085	0	20.396
run1-swarm_27_73.pdb	7.299	37.956	0	20.349
run1-swarm_9_101.pdb	7.290	37.543	0	20.334
run0-swarm_2_178.pdb	2.152	12.703	0.461538	20.211
run0-swarm_1_137.pdb	9.009	38.094	0	20.182
run0-swarm_30_53.pdb	9.351	19.949	0	20.093
run0-swarm_16_140.pdb	2.293	8.624	0.461538	20.055
run0-swarm_17_133.pdb	10.513	19.302	0	20.037
run1-swarm_27_95.pdb	8.210	39.685	0	20.019
run0-swarm_22_171.pdb	6.277	17.467	0.0384615	19.985
run0-swarm_6_82.pdb	2.041	5.927	0.538462	19.796
run1-swarm_19_37.pdb	8.034	39.856	0	19.787
run0-swarm_17_49.pdb	11.127	25.867	0	19.742
run1-swarm_21_141.pdb	8.197	37.173	0.0769231	19.697
run1-swarm_26_145.pdb	7.573	39.288	0	19.633
run1-swarm_4_169.pdb	6.370	25.147	0.0384615	19.618
run0-swarm_0_190.pdb	6.844	23.375	0	19.607
run0-swarm_11_181.pdb	9.363	35.513	0	19.603
run0-swarm_34_62.pdb	6.443	19.978	0	19.486
run0-swarm_4_186.pdb	2.120	12.171	0.461538	19.432
run1-swarm_20_193.pdb	6.948	36.935	0.230769	19.425
run0-swarm_16_1.pdb	1.782	12.286	0.5	19.263
run0-swarm_17_122.pdb	11.561	20.559	0	19.254
run0-swarm_1_44.pdb	6.802	22.374	0	19.117
run1-swarm_2_5.pdb	2.650	13.650	0.269231	19.070
run0-swarm_18_126.pdb	6.110	18.984	0.0769231	18.894
run0-swarm_1_123.pdb	11.162	28.685	0	18.866
run0-swarm_32_170.pdb	7.132	27.216	0	18.854
run0-swarm_6_136.pdb	8.655	22.403	0	18.816
run1-swarm_0_10.pdb	4.647	24.685	0.346154	18.660
run0-swarm_33_163.pdb	10.199	43.008	0	18.575
run0-swarm_29_28.pdb	9.070	28.764	0	18.527
run0-swarm_1_40.pdb	7.290	32.213	0	18.448
run0-swarm_26_165.pdb	6.054	13.265	0	18.445
run1-swarm_26_123.pdb	8.448	41.838	0	18.414
run0-swarm_19_23.pdb	10.499	42.038	0	18.325
run0-swarm_14_175.pdb	7.589	38.929	0.0769231	18.256
run1-swarm_8_136.pdb	7.192	35.962	0	18.158
run0-swarm_6_35.pdb	5.174	16.301	0.153846	18.131
run0-swarm_22_155.pdb	7.475	28.084	0	17.921
run1-swarm_13_10.pdb	9.066	38.584	0	17.806
run0-swarm_4_69.pdb	11.870	24.644	0	17.782
run0-swarm_13_42.pdb	11.010	39.874	0	17.740
run0-swarm_11_170.pdb	7.845	30.851	0	17.708
run1-swarm_12_118.pdb	6.903	36.763	0.192308	17.672
run1-swarm_23_79.pdb	9.131	36.273	0	17.629
run0-swarm_8_191.pdb	6.876	25.417	0	17.534
run0-swarm_19_160.pdb	6.525	27.716	0.0384615	17.513
run1-swarm_21_150.pdb	7.483	30.997	0	17.466
run1-swarm_14_6.pdb	8.285	41.032	0.192308	17.373
run0-swarm_16_122.pdb	11.965	23.573	0	17.146
run0-swarm_9_47.pdb	8.408	23.241	0	17.117
run1-swarm_12_162.pdb	9.184	34.762	0	17.079
run1-swarm_6_198.pdb	7.807	39.066	0	17.065
run1-swarm_15_131.pdb	11.090	20.794	0	17.023
run1-swarm_20_101.pdb	8.947	42.178	0	16.881
run1-swarm_29_104.pdb	3.418	12.437	0.230769	16.873
run0-swarm_19_183.pdb	6.749	37.822	0.115385	16.786
run0-swarm_28_194.pdb	3.513	16.965	0.346154	16.758
run0-swarm_6_37.pdb	10.240	22.690	0	16.691
run1-swarm_22_199.pdb	4.903	26.966	0.307692	16.664
run0-swarm_3_41.pdb	6.537	29.070	0.0769231	16.646
run1-swarm_12_51.pdb	7.798	28.479	0	16.563
run1-swarm_12_42.pdb	3.833	20.425	0.384615	16.287
run1-swarm_8_2.pdb	4.827	24.723	0.307692	16.258
run1-swarm_0_38.pdb	7.657	20.014	0	16.255
run0-swarm_31_179.pdb	7.252	19.777	0	16.171
run0-swarm_11_126.pdb	9.162	37.068	0	16.086
run1-swarm_27_72.pdb	12.617	42.418	0	16.077
run0-swarm_5_93.pdb	12.692	23.417	0	16.077
run0-swarm_33_129.pdb	9.988	38.459	0	16.030
run1-swarm_21_165.pdb	9.244	36.071	0.0384615	15.842
run0-swarm_32_174.pdb	9.413	23.886	0	15.813
run0-swarm_0_88.pdb	8.353	39.788	0.0384615	15.735
run0-swarm_14_116.pdb	10.117	32.185	0	15.706
run1-swarm_17_168.pdb	5.670	20.153	0.0384615	15.694
run0-swarm_17_80.pdb	12.090	24.795	0	15.669
run1-swarm_8_82.pdb	5.585	30.149	0.230769	15.529
run0-swarm_8_143.pdb	2.222	11.670	0.730769	15.501
run0-swarm_17_170.pdb	4.803	12.350	0.0384615	15.488
run0-swarm_33_131.pdb	11.778	26.651	0	15.437
run0-swarm_33_54.pdb	10.669	35.192	0	15.253
run0-swarm_2_182.pdb	9.733	26.010	0.0384615	15.153
run1-swarm_28_92.pdb	6.846	10.811	0.115385	15.091
run1-swarm_22_182.pdb	8.042	28.912	0	15.085
run1-swarm_13_111.pdb	8.798	32.144	0	15.070
run0-swarm_13_52.pdb	7.512	35.068	0.0769231	14.956
run0-swarm_8_133.pdb	10.069	25.516	0	14.896
run0-swarm_17_40.pdb	7.294	18.220	0	14.829
run1-swarm_3_80.pdb	7.207	15.676	0.0384615	14.755
run0-swarm_18_61.pdb	9.501	27.272	0	14.755
run1-swarm_7_47.pdb	5.399	24.285	0.0769231	14.731
run0-swarm_30_162.pdb	5.783	11.541	0	14.661
run1-swarm_14_177.pdb	9.541	34.067	0	14.644
run0-swarm_29_19.pdb	8.957	27.530	0	14.576
run0-swarm_30_67.pdb	2.371	8.860	0.653846	14.492
run0-swarm_3_29.pdb	13.005	36.293	0	14.404
run0-swarm_6_52.pdb	10.772	20.559	0	14.388
run1-swarm_20_132.pdb	7.312	29.961	0	14.360
run0-swarm_23_151.pdb	8.671	27.190	0	14.225
run0-swarm_33_142.pdb	11.867	41.664	0	14.214
run0-swarm_30_91.pdb	4.800	14.411	0.0769231	14.198
run0-swarm_19_132.pdb	13.763	38.557	0	14.182
run0-swarm_30_135.pdb	10.243	20.712	0	14.025
run1-swarm_1_116.pdb	6.361	20.225	0.0384615	13.961
run1-swarm_17_100.pdb	8.077	17.616	0.0384615	13.939
run1-swarm_25_137.pdb	7.010	12.088	0	13.904
run1-swarm_25_112.pdb	4.447	18.804	0.0384615	13.664
run1-swarm_5_104.pdb	4.149	17.544	0.0769231	13.617
run0-swarm_4_139.pdb	9.202	17.384	0	13.611
run1-swarm_3_70.pdb	4.493	13.353	0.153846	13.555
run1-swarm_19_73.pdb	7.747	27.007	0	13.257
run0-swarm_33_79.pdb	7.932	37.869	0	13.206
run0-swarm_4_66.pdb	5.824	11.778	0	13.165
run1-swarm_8_74.pdb	7.419	31.422	0	13.135
run1-swarm_10_143.pdb	7.176	12.621	0	13.002
run0-swarm_34_118.pdb	3.779	14.165	0.153846	12.939
run1-swarm_13_49.pdb	8.941	41.494	0	12.892
run1-swarm_24_185.pdb	7.265	14.694	0	12.848
run0-swarm_33_147.pdb	10.135	32.742	0	12.816
run1-swarm_8_76.pdb	5.098	23.967	0.230769	12.750
run1-swarm_9_103.pdb	9.547	38.978	0	12.729
run1-swarm_0_60.pdb	7.846	26.981	0	12.702
run0-swarm_26_118.pdb	8.208	18.877	0	12.561
run1-swarm_22_128.pdb	5.682	19.236	0	12.358
run1-swarm_6_161.pdb	5.492	25.117	0	12.087
run1-swarm_16_87.pdb	6.523	17.322	0	12.068
run1-swarm_2_84.pdb	7.411	33.127	0.192308	11.977
run1-swarm_28_170.pdb	4.909	17.351	0.0384615	11.794
run1-swarm_2_19.pdb	7.066	17.516	0	11.621
run1-swarm_3_111.pdb	6.386	23.047	0	11.470
run1-swarm_7_125.pdb	7.754	33.552	0.0769231	11.324
run0-swarm_19_146.pdb	9.819	33.914	0	11.186
run0-swarm_7_134.pdb	11.780	36.992	0	10.594
run1-swarm_29_126.pdb	5.862	16.935	0.0769231	9.998
run1-swarm_0_95.pdb	5.877	10.815	0	9.673
run1-swarm_8_196.pdb	6.202	23.203	0	8.940
run0-swarm_34_14.pdb	10.174	21.909	0	7.176
run0-swarm_21_48.pdb	6.975	19.406	0.115385	6.048
run0-swarm_7_67.pdb	9.735	41.406	0	5.278
run0-swarm_34_112.pdb	11.487	18.162	0	5.097
run1-swarm_5_181.pdb	7.476	28.057	0	4.744
run1-swarm_13_16.pdb	7.724	38.126	0	1.116
