swarm_4_112.pdb	8.902	17.185	0.0769231	41.107
swarm_9_161.pdb	8.392	18.540	0	37.557
swarm_7_146.pdb	14.516	33.968	0	35.865
swarm_6_198.pdb	12.810	28.165	0	34.796
swarm_1_0.pdb	17.315	35.528	0	34.705
swarm_8_10.pdb	13.957	30.516	0	34.366
swarm_7_128.pdb	14.431	31.468	0	34.293
swarm_9_68.pdb	15.364	24.009	0	33.097
swarm_0_184.pdb	12.014	32.186	0	32.916
swarm_9_65.pdb	16.343	30.292	0	32.885
swarm_6_170.pdb	11.131	20.446	0	32.802
swarm_2_113.pdb	10.484	26.618	0.0384615	32.672
swarm_0_144.pdb	14.560	38.422	0	32.321
swarm_1_158.pdb	14.841	28.671	0	32.095
swarm_4_148.pdb	14.895	21.987	0	31.555
swarm_0_46.pdb	7.437	21.782	0.115385	31.495
swarm_5_99.pdb	7.764	25.021	0.115385	30.656
swarm_2_6.pdb	10.892	31.714	0.0384615	30.418
swarm_9_187.pdb	11.605	21.140	0	30.075
swarm_2_158.pdb	14.135	33.195	0	30.030
swarm_4_52.pdb	9.109	28.871	0.192308	29.989
swarm_5_175.pdb	12.534	37.678	0	29.779
swarm_4_28.pdb	9.094	21.945	0.0384615	29.764
swarm_6_86.pdb	12.386	30.747	0.0769231	29.514
swarm_0_195.pdb	7.783	18.387	0	28.701
swarm_4_154.pdb	6.563	17.215	0	28.664
swarm_5_68.pdb	13.340	38.836	0	28.618
swarm_3_43.pdb	13.361	30.982	0.115385	28.490
swarm_8_31.pdb	13.554	31.116	0	28.292
swarm_5_124.pdb	12.243	34.523	0	28.255
swarm_5_145.pdb	7.310	24.073	0.0384615	28.210
swarm_9_158.pdb	14.596	20.933	0.0384615	28.123
swarm_3_11.pdb	15.480	29.884	0	28.068
swarm_9_141.pdb	16.716	36.577	0	27.967
swarm_7_87.pdb	7.015	19.154	0.0769231	27.314
swarm_1_93.pdb	5.247	25.602	0.307692	27.272
swarm_8_191.pdb	14.678	28.893	0.0769231	27.062
swarm_2_43.pdb	13.585	25.188	0	27.042
swarm_4_31.pdb	9.399	24.065	0.0384615	26.771
swarm_0_49.pdb	10.756	29.533	0	26.509
swarm_8_19.pdb	15.425	33.781	0	26.378
swarm_7_49.pdb	12.204	26.354	0	26.366
swarm_1_138.pdb	10.627	34.124	0.115385	26.310
swarm_0_147.pdb	14.000	34.119	0	25.912
swarm_2_82.pdb	2.327	6.932	0.230769	25.901
swarm_9_84.pdb	2.070	10.164	0.538462	25.872
swarm_0_79.pdb	14.960	30.092	0	25.781
swarm_6_64.pdb	12.569	33.703	0	25.646
swarm_7_36.pdb	7.364	12.705	0	25.593
swarm_3_5.pdb	12.676	20.653	0	25.541
swarm_0_157.pdb	14.911	26.792	0	25.504
swarm_9_169.pdb	10.621	24.472	0.0769231	25.440
swarm_3_9.pdb	14.811	27.453	0	25.382
swarm_4_190.pdb	10.951	29.255	0	25.213
swarm_2_24.pdb	14.477	24.758	0	25.070
swarm_8_67.pdb	14.178	28.594	0	25.043
swarm_1_46.pdb	9.172	33.620	0	24.801
swarm_6_120.pdb	8.772	20.682	0	24.484
swarm_7_84.pdb	13.410	22.156	0	24.455
swarm_8_152.pdb	18.905	36.909	0	24.222
swarm_6_36.pdb	15.267	20.879	0	24.059
swarm_0_188.pdb	10.554	26.675	0	24.042
swarm_5_154.pdb	14.092	30.356	0	23.835
swarm_4_124.pdb	16.049	32.059	0	23.707
swarm_8_113.pdb	3.696	12.960	0.423077	23.342
swarm_0_128.pdb	6.041	19.048	0.192308	23.239
swarm_8_189.pdb	15.595	34.974	0	23.035
swarm_6_42.pdb	15.668	32.699	0	22.804
swarm_1_188.pdb	15.807	36.714	0	22.799
swarm_5_147.pdb	13.509	34.144	0	22.355
swarm_8_177.pdb	16.655	34.088	0	22.320
swarm_1_11.pdb	13.367	35.099	0	22.206
swarm_2_179.pdb	10.919	32.630	0.0769231	22.062
swarm_9_4.pdb	15.080	32.564	0	21.892
swarm_0_190.pdb	10.821	23.488	0.0384615	21.851
swarm_5_115.pdb	11.573	29.758	0.0384615	21.738
swarm_9_181.pdb	8.253	20.738	0.0384615	21.660
swarm_3_164.pdb	15.073	33.225	0	21.622
swarm_0_182.pdb	12.928	34.257	0	21.585
swarm_3_151.pdb	7.687	16.202	0	21.579
swarm_0_187.pdb	14.747	29.719	0	21.539
swarm_2_168.pdb	12.687	33.046	0.0384615	21.311
swarm_8_108.pdb	15.046	27.405	0	21.294
swarm_7_192.pdb	9.934	23.092	0	21.095
swarm_5_75.pdb	10.989	29.141	0	21.068
swarm_5_89.pdb	11.550	37.374	0.0769231	21.025
swarm_7_100.pdb	19.395	35.963	0	20.945
swarm_3_15.pdb	12.865	31.257	0	20.779
swarm_3_16.pdb	11.455	32.612	0.115385	20.745
swarm_9_75.pdb	16.700	35.376	0	20.722
swarm_8_142.pdb	14.741	21.570	0	20.399
swarm_6_18.pdb	12.807	32.057	0	20.335
swarm_0_90.pdb	15.890	29.828	0	20.237
swarm_3_17.pdb	11.704	35.369	0	20.219
swarm_1_49.pdb	7.792	34.069	0.115385	20.052
swarm_4_105.pdb	12.761	34.055	0.0384615	19.893
swarm_7_23.pdb	9.446	20.150	0	19.879
swarm_7_11.pdb	14.102	34.215	0	19.831
swarm_4_171.pdb	10.519	34.077	0.115385	19.815
swarm_4_176.pdb	8.697	32.169	0.0384615	19.776
swarm_1_184.pdb	11.604	38.935	0	19.411
swarm_8_178.pdb	9.629	28.271	0.0384615	19.300
swarm_7_85.pdb	8.026	20.804	0	19.087
swarm_3_136.pdb	12.716	36.904	0	18.810
swarm_7_181.pdb	11.708	21.789	0	18.719
swarm_9_154.pdb	12.625	31.753	0	18.587
swarm_2_152.pdb	15.521	27.354	0	18.564
swarm_2_123.pdb	14.923	26.177	0.0769231	18.562
swarm_1_165.pdb	5.605	26.904	0.115385	18.203
swarm_9_55.pdb	4.230	8.048	0.153846	18.160
swarm_3_189.pdb	17.809	39.489	0	18.087
swarm_4_58.pdb	12.034	24.445	0	18.022
swarm_3_143.pdb	4.720	20.555	0.0769231	17.805
swarm_3_76.pdb	13.291	18.421	0	17.742
swarm_3_133.pdb	15.103	24.135	0	17.734
swarm_2_45.pdb	6.192	21.205	0.0769231	17.541
swarm_0_76.pdb	9.999	32.638	0	17.235
swarm_5_39.pdb	7.605	25.011	0	17.233
swarm_0_36.pdb	7.970	20.466	0.0769231	16.778
swarm_7_133.pdb	17.251	30.922	0	16.755
swarm_4_126.pdb	5.973	20.431	0.115385	16.520
swarm_0_33.pdb	7.357	22.217	0	16.359
swarm_6_87.pdb	15.920	37.269	0	16.211
swarm_2_170.pdb	8.939	25.879	0.0384615	16.080
swarm_1_170.pdb	12.470	42.466	0	16.076
swarm_9_13.pdb	11.833	28.258	0	15.673
swarm_1_87.pdb	12.982	38.584	0	15.344
swarm_3_188.pdb	12.857	30.472	0	15.343
swarm_3_199.pdb	16.099	32.428	0	15.195
swarm_1_121.pdb	18.977	39.352	0	15.195
swarm_2_169.pdb	12.111	21.653	0	15.178
swarm_7_83.pdb	8.832	24.282	0.115385	15.109
swarm_1_35.pdb	11.722	38.579	0.0384615	15.066
swarm_7_99.pdb	10.781	23.344	0	14.848
swarm_2_122.pdb	10.795	14.418	0	14.708
swarm_8_2.pdb	7.263	21.256	0.0769231	14.062
swarm_2_167.pdb	16.269	38.512	0	13.398
swarm_7_9.pdb	16.340	21.877	0	13.390
swarm_4_6.pdb	15.328	24.695	0	13.232
swarm_5_103.pdb	13.514	35.601	0	12.400
swarm_2_46.pdb	14.586	35.776	0	12.005
swarm_1_117.pdb	16.212	34.479	0	11.431
swarm_3_139.pdb	15.372	28.172	0	11.302
swarm_4_83.pdb	17.671	37.954	0	11.050
swarm_4_21.pdb	14.495	26.599	0	10.312
swarm_6_92.pdb	3.881	11.867	0.153846	9.941
swarm_6_189.pdb	13.990	25.025	0	9.495
swarm_3_158.pdb	17.899	40.867	0	4.932
