swarm_26_53.pdb	10.677	21.033	0.0142857	46.171
swarm_3_90.pdb	12.451	28.502	0.0428571	44.051
swarm_17_176.pdb	11.514	28.289	0.0428571	43.999
swarm_56_137.pdb	10.920	20.737	0.0285714	39.175
swarm_26_108.pdb	14.869	25.888	0.0285714	38.337
swarm_92_9.pdb	10.994	21.566	0	38.149
swarm_85_73.pdb	10.225	27.792	0.0857143	37.112
swarm_55_106.pdb	11.060	25.966	0.0571429	36.588
swarm_45_101.pdb	14.739	28.317	0.0142857	36.413
swarm_84_130.pdb	8.562	25.049	0.0571429	36.223
swarm_54_64.pdb	15.654	29.822	0	35.968
swarm_26_5.pdb	11.145	27.379	0.0142857	35.781
swarm_91_25.pdb	8.876	24.902	0.0285714	35.726
swarm_3_135.pdb	8.372	26.247	0.0571429	35.726
swarm_88_152.pdb	9.537	19.040	0	35.311
swarm_91_62.pdb	10.298	19.965	0.0428571	34.927
swarm_107_116.pdb	12.068	25.523	0	34.845
swarm_26_56.pdb	6.928	14.331	0.0428571	34.577
swarm_8_113.pdb	11.951	22.923	0.0285714	33.770
swarm_16_192.pdb	11.139	27.747	0.0285714	33.591
swarm_81_20.pdb	12.248	23.130	0	33.106
swarm_3_36.pdb	11.610	26.652	0.0142857	32.827
swarm_87_33.pdb	10.917	27.610	0.0571429	32.786
swarm_82_16.pdb	14.058	25.271	0.0142857	32.694
swarm_70_57.pdb	2.984	5.677	0.285714	32.637
swarm_84_64.pdb	10.746	28.509	0.0142857	32.403
swarm_65_64.pdb	14.886	29.845	0	32.195
swarm_78_30.pdb	12.254	28.989	0.0142857	32.193
swarm_35_116.pdb	11.768	23.054	0.0714286	32.143
swarm_4_125.pdb	14.286	26.967	0	31.924
swarm_83_151.pdb	14.624	27.715	0	31.666
swarm_70_36.pdb	9.451	19.194	0	31.537
swarm_66_60.pdb	11.627	20.172	0.0285714	31.508
swarm_39_163.pdb	17.060	38.650	0	31.183
swarm_52_186.pdb	16.598	38.191	0	30.905
swarm_84_8.pdb	13.221	26.852	0.0285714	30.866
swarm_88_120.pdb	9.956	21.992	0.0857143	30.779
swarm_9_114.pdb	15.437	26.594	0.0285714	30.685
swarm_25_199.pdb	9.372	18.608	0	30.216
swarm_25_109.pdb	3.612	8.838	0.257143	30.180
swarm_54_0.pdb	14.407	33.607	0	30.092
swarm_78_171.pdb	13.429	26.644	0	30.042
swarm_83_87.pdb	8.394	29.907	0.0142857	29.954
swarm_23_14.pdb	11.324	21.340	0	29.843
swarm_18_73.pdb	9.994	20.146	0.0142857	29.800
swarm_26_129.pdb	9.345	22.574	0.0142857	29.368
swarm_65_156.pdb	12.011	21.558	0.0142857	29.348
swarm_34_146.pdb	12.846	27.270	0	29.192
swarm_83_38.pdb	12.051	26.778	0.0571429	28.913
swarm_23_34.pdb	11.179	22.687	0	28.889
swarm_93_172.pdb	10.739	17.549	0.0142857	28.709
swarm_35_74.pdb	4.750	14.580	0.185714	28.672
swarm_70_15.pdb	8.500	15.627	0.0285714	28.652
swarm_83_157.pdb	11.164	36.357	0.0142857	28.551
swarm_31_163.pdb	15.293	32.609	0	28.378
swarm_82_148.pdb	11.328	20.660	0.0142857	28.360
swarm_65_31.pdb	13.264	24.860	0	28.288
swarm_86_88.pdb	7.335	19.381	0.0857143	28.223
swarm_18_60.pdb	11.029	19.841	0.0285714	28.161
swarm_40_67.pdb	10.459	34.090	0	28.114
swarm_93_58.pdb	9.482	19.044	0	27.865
swarm_81_189.pdb	12.345	29.256	0.0571429	27.856
swarm_39_10.pdb	12.813	27.153	0	27.855
swarm_78_2.pdb	14.781	32.675	0	27.823
swarm_3_166.pdb	13.061	30.958	0.0142857	27.696
swarm_26_120.pdb	14.904	29.079	0	27.543
swarm_56_39.pdb	16.184	35.575	0	27.507
swarm_84_104.pdb	7.861	13.701	0.0714286	27.332
swarm_35_152.pdb	13.744	25.051	0.0142857	27.332
swarm_18_94.pdb	13.308	27.323	0	27.300
swarm_52_51.pdb	15.283	31.572	0	27.246
swarm_34_142.pdb	9.344	16.916	0	27.168
swarm_78_108.pdb	11.485	29.987	0.0285714	26.820
swarm_88_11.pdb	11.927	24.510	0.0142857	26.740
swarm_93_116.pdb	13.121	25.530	0	26.731
swarm_94_136.pdb	18.693	47.560	0	26.695
swarm_31_154.pdb	10.533	35.395	0	26.616
swarm_88_56.pdb	10.424	19.899	0.0142857	26.599
swarm_18_25.pdb	12.184	27.450	0	26.562
swarm_40_20.pdb	12.972	30.857	0	26.481
swarm_55_189.pdb	14.105	25.802	0.0285714	26.333
swarm_11_78.pdb	3.391	9.390	0.271429	26.266
swarm_61_171.pdb	14.824	28.791	0	26.239
swarm_67_132.pdb	18.496	52.089	0	26.167
swarm_64_9.pdb	10.756	18.803	0.1	26.146
swarm_45_119.pdb	10.951	23.613	0	25.986
swarm_61_6.pdb	18.256	36.870	0	25.876
swarm_81_23.pdb	11.454	31.682	0	25.726
swarm_0_140.pdb	17.411	43.780	0	25.587
swarm_55_87.pdb	10.935	18.615	0.0571429	25.549
swarm_63_143.pdb	16.788	38.117	0	25.535
swarm_27_105.pdb	14.771	33.783	0	25.499
swarm_55_176.pdb	19.401	53.028	0	25.464
swarm_88_194.pdb	13.242	23.699	0.0142857	25.452
swarm_67_54.pdb	22.317	51.814	0	25.399
swarm_64_69.pdb	8.067	14.480	0	25.377
swarm_8_176.pdb	12.514	45.042	0	25.322
swarm_57_106.pdb	17.789	40.515	0	25.243
swarm_6_117.pdb	14.026	37.322	0	25.225
swarm_35_125.pdb	12.067	22.446	0.0285714	25.173
swarm_70_139.pdb	16.202	51.200	0	25.109
swarm_65_159.pdb	16.721	33.366	0	25.019
swarm_10_53.pdb	16.787	38.499	0	25.004
swarm_44_106.pdb	16.808	31.210	0	25.002
swarm_109_132.pdb	13.507	26.032	0	24.991
swarm_39_168.pdb	6.226	18.130	0.2	24.965
swarm_33_198.pdb	13.097	33.868	0	24.764
swarm_83_174.pdb	15.464	29.552	0	24.721
swarm_72_159.pdb	20.227	50.553	0	24.707
swarm_82_173.pdb	17.043	43.965	0	24.679
swarm_18_48.pdb	10.375	24.380	0	24.557
swarm_84_7.pdb	11.838	29.802	0	24.550
swarm_39_194.pdb	11.664	23.297	0	24.541
swarm_54_73.pdb	15.137	38.044	0	24.498
swarm_41_76.pdb	8.842	15.234	0.0714286	24.490
swarm_56_194.pdb	3.426	9.480	0.328571	24.475
swarm_37_83.pdb	20.283	54.665	0	24.311
swarm_59_30.pdb	17.971	48.206	0	24.283
swarm_26_176.pdb	14.920	26.575	0	24.178
swarm_91_163.pdb	12.101	23.443	0.0571429	24.157
swarm_32_155.pdb	15.912	39.660	0	24.130
swarm_81_28.pdb	11.297	32.612	0	24.073
swarm_83_6.pdb	13.041	33.530	0	24.001
swarm_66_74.pdb	8.926	22.143	0.0142857	23.983
swarm_55_23.pdb	12.842	22.944	0.0142857	23.967
swarm_93_181.pdb	12.811	24.491	0	23.960
swarm_65_26.pdb	7.055	16.337	0.142857	23.934
swarm_40_170.pdb	13.770	32.026	0	23.925
swarm_38_83.pdb	17.508	38.166	0	23.905
swarm_82_42.pdb	13.538	23.403	0	23.882
swarm_6_71.pdb	16.503	32.480	0	23.866
swarm_66_180.pdb	10.043	23.175	0	23.780
swarm_33_195.pdb	15.168	39.190	0	23.776
swarm_32_15.pdb	14.513	41.880	0	23.703
swarm_27_177.pdb	10.690	23.550	0	23.647
swarm_58_110.pdb	18.157	39.312	0	23.645
swarm_14_36.pdb	12.945	31.762	0	23.617
swarm_56_106.pdb	14.236	34.191	0	23.597
swarm_55_121.pdb	8.243	19.563	0.0571429	23.518
swarm_31_177.pdb	14.538	38.071	0	23.517
swarm_48_152.pdb	22.658	52.151	0	23.512
swarm_22_116.pdb	17.376	41.231	0	23.450
swarm_78_47.pdb	12.362	35.145	0	23.426
swarm_78_34.pdb	12.474	36.058	0	23.379
swarm_61_74.pdb	10.138	30.777	0	23.315
swarm_61_38.pdb	12.512	35.709	0.0142857	23.289
swarm_76_164.pdb	18.400	51.481	0	23.242
swarm_72_140.pdb	21.885	56.602	0	23.231
swarm_94_43.pdb	11.965	39.973	0.0142857	23.188
swarm_11_54.pdb	17.143	35.916	0	23.144
swarm_62_99.pdb	15.743	30.582	0	22.952
swarm_67_99.pdb	17.766	41.501	0	22.945
swarm_13_160.pdb	17.833	40.989	0	22.884
swarm_86_191.pdb	13.375	24.394	0	22.862
swarm_39_125.pdb	4.775	13.578	0.142857	22.846
swarm_18_182.pdb	11.327	22.589	0	22.806
swarm_62_54.pdb	16.088	37.664	0	22.802
swarm_66_121.pdb	11.581	21.401	0	22.760
swarm_5_15.pdb	16.938	30.033	0	22.628
swarm_21_112.pdb	15.385	35.513	0	22.603
swarm_90_97.pdb	16.336	40.843	0	22.571
swarm_79_150.pdb	19.297	46.665	0	22.517
swarm_91_96.pdb	21.443	55.758	0	22.420
swarm_96_130.pdb	13.753	33.795	0	22.405
swarm_20_49.pdb	14.668	39.158	0	22.386
swarm_72_89.pdb	18.177	44.919	0	22.212
swarm_3_162.pdb	14.486	32.595	0	22.211
swarm_54_40.pdb	12.609	39.993	0	22.183
swarm_28_15.pdb	21.737	54.867	0	22.178
swarm_72_102.pdb	18.633	53.949	0	22.177
swarm_18_129.pdb	11.889	25.137	0.0428571	22.167
swarm_82_172.pdb	18.461	46.253	0	22.148
swarm_54_111.pdb	9.459	17.517	0	22.146
swarm_86_18.pdb	12.038	20.961	0.0428571	22.136
swarm_78_16.pdb	13.358	37.276	0.0142857	22.119
swarm_1_149.pdb	17.303	39.132	0	22.097
swarm_67_33.pdb	14.501	34.872	0	22.096
swarm_66_32.pdb	7.336	17.055	0.0142857	21.871
swarm_91_56.pdb	10.390	24.683	0.0285714	21.836
swarm_38_66.pdb	18.010	40.108	0	21.826
swarm_27_138.pdb	11.720	38.441	0	21.821
swarm_78_68.pdb	17.729	45.271	0	21.783
swarm_48_65.pdb	21.719	55.287	0	21.752
swarm_19_125.pdb	14.924	38.762	0	21.750
swarm_15_26.pdb	16.768	29.290	0	21.722
swarm_25_7.pdb	7.734	13.430	0.0428571	21.711
swarm_59_94.pdb	13.129	28.919	0	21.706
swarm_35_26.pdb	11.565	24.939	0	21.606
swarm_38_107.pdb	12.939	37.839	0	21.572
swarm_4_165.pdb	17.148	36.327	0	21.558
swarm_68_114.pdb	22.458	51.818	0	21.556
swarm_31_141.pdb	12.642	22.125	0.0142857	21.530
swarm_26_112.pdb	9.038	26.603	0.0428571	21.445
swarm_27_6.pdb	9.054	33.102	0.0285714	21.443
swarm_57_33.pdb	18.556	39.221	0	21.438
swarm_1_56.pdb	13.841	30.626	0	21.409
swarm_6_196.pdb	13.856	30.160	0	21.400
swarm_63_66.pdb	13.713	45.228	0	21.359
swarm_94_71.pdb	15.819	41.227	0	21.345
swarm_104_100.pdb	20.335	54.142	0	21.341
swarm_88_158.pdb	12.408	26.576	0	21.340
swarm_63_61.pdb	17.931	42.787	0	21.328
swarm_64_173.pdb	11.916	21.770	0	21.280
swarm_91_49.pdb	9.833	23.648	0.0142857	21.267
swarm_35_168.pdb	9.426	31.489	0.0714286	21.225
swarm_11_120.pdb	17.928	42.602	0	21.185
swarm_74_180.pdb	15.439	45.217	0	21.183
swarm_78_108.pdb	15.418	40.342	0	21.135
swarm_89_55.pdb	18.893	51.189	0	21.132
swarm_61_190.pdb	16.819	29.677	0	21.116
swarm_50_183.pdb	21.467	54.201	0	21.091
swarm_72_36.pdb	18.356	53.957	0.0142857	21.068
swarm_78_8.pdb	19.190	47.141	0	20.991
swarm_54_145.pdb	9.783	28.825	0.0714286	20.922
swarm_63_10.pdb	19.363	43.206	0	20.918
swarm_54_174.pdb	12.404	23.861	0.0142857	20.901
swarm_6_149.pdb	17.098	43.967	0	20.830
swarm_14_92.pdb	13.160	26.540	0	20.804
swarm_83_118.pdb	15.700	44.774	0	20.715
swarm_56_176.pdb	15.955	41.757	0	20.707
swarm_59_114.pdb	16.038	45.812	0	20.697
swarm_0_128.pdb	12.838	32.054	0	20.696
swarm_27_158.pdb	11.450	27.532	0	20.673
swarm_78_79.pdb	8.272	17.761	0	20.659
swarm_39_97.pdb	10.074	31.009	0	20.644
swarm_83_42.pdb	12.967	44.079	0	20.520
swarm_62_77.pdb	15.003	36.188	0	20.511
swarm_18_192.pdb	18.281	39.750	0	20.498
swarm_11_193.pdb	10.784	34.353	0	20.497
swarm_25_70.pdb	10.246	17.677	0	20.443
swarm_57_9.pdb	16.564	37.384	0	20.405
swarm_40_18.pdb	18.213	42.850	0	20.390
swarm_67_9.pdb	18.256	39.122	0	20.386
swarm_16_172.pdb	17.589	45.081	0	20.291
swarm_83_30.pdb	18.249	39.926	0	20.280
swarm_55_190.pdb	18.046	52.632	0	20.276
swarm_34_20.pdb	7.424	18.686	0	20.214
swarm_15_168.pdb	17.046	30.995	0	20.207
swarm_36_115.pdb	17.218	42.920	0	20.186
swarm_61_126.pdb	15.635	31.916	0	20.178
swarm_33_109.pdb	16.524	33.022	0	20.165
swarm_6_110.pdb	16.198	44.041	0	20.154
swarm_48_144.pdb	15.950	29.975	0	20.146
swarm_78_70.pdb	15.705	34.172	0.0142857	20.143
swarm_81_112.pdb	11.843	24.517	0.0142857	20.142
swarm_49_150.pdb	18.115	42.417	0	20.138
swarm_77_185.pdb	11.739	29.131	0	20.072
swarm_58_164.pdb	18.576	47.535	0	20.059
swarm_49_21.pdb	15.539	45.176	0	20.032
swarm_57_166.pdb	12.742	40.878	0	20.000
swarm_49_31.pdb	14.283	40.188	0.0142857	19.882
swarm_6_58.pdb	16.702	36.915	0	19.871
swarm_19_66.pdb	19.301	42.107	0	19.839
swarm_27_52.pdb	12.232	39.879	0	19.835
swarm_89_54.pdb	21.107	54.621	0	19.828
swarm_80_89.pdb	16.541	39.524	0	19.813
swarm_61_84.pdb	13.369	26.690	0.0142857	19.813
swarm_15_113.pdb	16.374	34.788	0	19.792
swarm_17_2.pdb	11.924	26.467	0	19.769
swarm_52_161.pdb	21.763	55.748	0	19.696
swarm_74_47.pdb	17.421	37.144	0	19.627
swarm_60_138.pdb	16.163	41.283	0	19.620
swarm_76_15.pdb	19.673	50.719	0	19.593
swarm_18_3.pdb	16.571	30.339	0.0142857	19.547
swarm_59_77.pdb	19.258	48.977	0	19.533
swarm_37_116.pdb	15.959	38.036	0	19.533
swarm_6_55.pdb	13.638	33.927	0	19.514
swarm_59_143.pdb	16.736	37.599	0	19.502
swarm_13_27.pdb	13.853	38.586	0.0428571	19.493
swarm_48_175.pdb	13.695	32.108	0.0285714	19.470
swarm_9_161.pdb	9.244	19.918	0	19.437
swarm_32_67.pdb	15.684	38.105	0	19.433
swarm_18_170.pdb	11.854	23.953	0	19.410
swarm_54_60.pdb	20.232	54.506	0	19.364
swarm_84_197.pdb	12.335	30.387	0	19.349
swarm_39_18.pdb	18.162	36.502	0	19.347
swarm_26_52.pdb	18.736	45.689	0	19.345
swarm_40_151.pdb	16.575	34.955	0	19.317
swarm_55_178.pdb	5.964	12.067	0.0428571	19.292
swarm_34_134.pdb	16.841	38.137	0	19.239
swarm_54_55.pdb	13.985	34.380	0	19.238
swarm_47_40.pdb	10.579	23.379	0	19.225
swarm_59_170.pdb	13.991	39.655	0	19.188
swarm_62_22.pdb	16.051	36.492	0	19.177
swarm_55_115.pdb	13.541	25.090	0	19.149
swarm_60_10.pdb	14.916	34.932	0	19.125
swarm_60_73.pdb	15.360	41.934	0	19.101
swarm_74_100.pdb	14.946	42.347	0	19.099
swarm_61_111.pdb	11.050	23.150	0	19.067
swarm_64_99.pdb	11.045	23.170	0	19.065
swarm_62_159.pdb	16.940	36.676	0.0142857	19.058
swarm_31_49.pdb	18.679	37.973	0	19.058
swarm_58_84.pdb	13.321	40.775	0	19.054
swarm_50_18.pdb	21.134	53.007	0	19.050
swarm_89_120.pdb	19.956	51.920	0	19.041
swarm_27_159.pdb	18.931	40.617	0	19.029
swarm_31_39.pdb	18.023	38.690	0	18.910
swarm_11_22.pdb	18.921	41.387	0	18.823
swarm_59_102.pdb	11.076	19.748	0.0142857	18.774
swarm_70_58.pdb	14.801	26.190	0	18.733
swarm_51_170.pdb	17.201	39.941	0	18.722
swarm_18_197.pdb	12.049	23.176	0	18.707
swarm_90_67.pdb	16.664	49.862	0	18.692
swarm_34_155.pdb	13.708	26.360	0	18.574
swarm_31_150.pdb	10.533	17.766	0	18.565
swarm_49_80.pdb	19.354	47.846	0	18.521
swarm_7_26.pdb	10.856	19.560	0.1	18.512
swarm_18_127.pdb	13.852	35.998	0	18.502
swarm_4_121.pdb	14.632	33.212	0	18.451
swarm_26_142.pdb	8.214	15.606	0.0428571	18.448
swarm_42_71.pdb	13.651	23.335	0.0142857	18.418
swarm_61_147.pdb	13.909	32.891	0	18.413
swarm_31_108.pdb	16.100	34.273	0	18.392
swarm_11_92.pdb	12.569	29.153	0	18.355
swarm_89_65.pdb	19.947	54.089	0	18.350
swarm_60_156.pdb	16.108	37.628	0	18.332
swarm_18_60.pdb	15.592	37.495	0	18.318
swarm_60_4.pdb	16.964	33.435	0	18.314
swarm_84_118.pdb	14.558	32.556	0	18.270
swarm_13_88.pdb	14.254	36.048	0	18.234
swarm_33_130.pdb	16.985	43.219	0	18.226
swarm_93_125.pdb	7.589	13.777	0.0285714	18.203
swarm_33_121.pdb	16.653	37.536	0	18.166
swarm_59_199.pdb	14.930	30.088	0	18.087
swarm_58_82.pdb	16.236	35.819	0	18.047
swarm_7_108.pdb	15.902	26.590	0.0428571	18.017
swarm_48_61.pdb	7.681	27.306	0.0571429	18.009
swarm_60_104.pdb	14.955	36.875	0	17.965
swarm_67_93.pdb	15.112	26.021	0.0142857	17.945
swarm_1_10.pdb	9.916	24.601	0.0285714	17.943
swarm_41_94.pdb	14.834	45.918	0	17.808
swarm_31_167.pdb	14.333	41.157	0.0285714	17.782
swarm_42_181.pdb	13.226	23.572	0	17.701
swarm_27_74.pdb	15.922	42.436	0	17.693
swarm_70_44.pdb	13.281	24.533	0	17.666
swarm_12_76.pdb	17.518	30.284	0	17.663
swarm_32_198.pdb	17.179	33.227	0	17.658
swarm_83_183.pdb	19.085	40.667	0	17.641
swarm_60_88.pdb	13.372	30.204	0	17.599
swarm_31_46.pdb	15.236	33.512	0.0571429	17.593
swarm_58_15.pdb	15.572	46.102	0	17.539
swarm_4_20.pdb	15.353	34.999	0	17.526
swarm_20_124.pdb	16.595	45.542	0	17.458
swarm_31_89.pdb	13.525	32.753	0	17.426
swarm_35_66.pdb	13.166	36.532	0	17.424
swarm_31_31.pdb	15.053	40.417	0	17.397
swarm_0_122.pdb	16.842	38.338	0	17.385
swarm_83_196.pdb	12.710	35.526	0	17.364
swarm_67_63.pdb	15.819	49.806	0.0142857	17.350
swarm_26_171.pdb	15.158	25.666	0.0142857	17.259
swarm_1_27.pdb	17.577	41.757	0	17.233
swarm_36_136.pdb	19.029	64.333	0.0142857	17.224
swarm_56_109.pdb	16.730	37.602	0	17.223
swarm_12_73.pdb	16.202	32.521	0	17.189
swarm_1_157.pdb	13.687	36.913	0	17.167
swarm_4_8.pdb	15.942	38.063	0	17.132
swarm_4_10.pdb	13.622	29.687	0	17.112
swarm_16_168.pdb	17.153	37.812	0	17.105
swarm_93_127.pdb	9.529	18.064	0.0142857	17.098
swarm_16_17.pdb	13.296	36.483	0	17.094
swarm_89_10.pdb	17.925	30.323	0	17.090
swarm_16_114.pdb	14.644	40.472	0	17.085
swarm_35_123.pdb	11.970	23.196	0	17.041
swarm_26_14.pdb	16.418	28.149	0	17.012
swarm_20_142.pdb	17.989	41.558	0	17.010
swarm_33_186.pdb	14.561	40.965	0.0285714	16.986
swarm_61_13.pdb	15.969	37.976	0	16.952
swarm_56_182.pdb	18.490	37.812	0	16.934
swarm_61_108.pdb	12.661	30.570	0	16.926
swarm_42_44.pdb	15.259	29.677	0	16.916
swarm_62_64.pdb	18.057	50.455	0	16.903
swarm_60_37.pdb	20.496	42.203	0	16.854
swarm_6_74.pdb	12.490	28.125	0	16.817
swarm_57_187.pdb	13.932	42.955	0.0142857	16.797
swarm_67_190.pdb	16.057	43.013	0	16.795
swarm_31_158.pdb	13.813	34.624	0	16.786
swarm_53_107.pdb	16.189	36.303	0	16.768
swarm_67_26.pdb	12.591	42.398	0	16.740
swarm_13_180.pdb	13.575	30.458	0.0285714	16.739
swarm_79_169.pdb	12.994	42.589	0	16.728
swarm_65_54.pdb	11.963	27.090	0	16.700
swarm_52_76.pdb	16.598	45.265	0	16.655
swarm_4_28.pdb	15.668	30.975	0	16.599
swarm_58_38.pdb	13.801	38.760	0	16.587
swarm_76_110.pdb	20.013	49.357	0	16.557
swarm_52_169.pdb	14.260	48.232	0.0142857	16.554
swarm_4_155.pdb	13.846	29.198	0	16.549
swarm_13_119.pdb	17.409	33.161	0	16.530
swarm_59_35.pdb	11.657	25.721	0	16.522
swarm_25_83.pdb	13.265	22.646	0.0285714	16.502
swarm_9_90.pdb	13.340	27.838	0.0714286	16.474
swarm_65_136.pdb	11.843	28.730	0.0714286	16.453
swarm_18_94.pdb	17.652	38.614	0	16.442
swarm_61_101.pdb	12.812	27.757	0	16.423
swarm_31_5.pdb	14.942	38.770	0	16.414
swarm_63_191.pdb	16.652	49.939	0	16.400
swarm_31_117.pdb	16.399	36.553	0	16.388
swarm_61_164.pdb	13.859	31.101	0	16.286
swarm_10_47.pdb	17.919	38.109	0	16.273
swarm_8_42.pdb	16.833	48.507	0	16.254
swarm_60_158.pdb	14.997	36.455	0	16.243
swarm_32_26.pdb	17.787	39.532	0	16.186
swarm_60_199.pdb	15.974	32.387	0	16.154
swarm_11_4.pdb	16.776	28.147	0.0285714	16.098
swarm_50_154.pdb	19.739	51.222	0	16.075
swarm_11_106.pdb	20.307	47.995	0	16.005
swarm_19_9.pdb	17.839	47.613	0	15.965
swarm_49_97.pdb	15.298	30.267	0	15.926
swarm_61_120.pdb	15.556	39.574	0	15.915
swarm_19_196.pdb	13.020	44.204	0	15.869
swarm_89_4.pdb	13.474	27.448	0	15.847
swarm_3_42.pdb	16.179	34.069	0	15.847
swarm_31_69.pdb	12.346	33.634	0	15.841
swarm_66_130.pdb	13.840	27.593	0	15.829
swarm_6_145.pdb	15.352	37.000	0	15.827
swarm_49_31.pdb	9.828	35.406	0.0285714	15.777
swarm_0_173.pdb	17.148	41.594	0	15.776
swarm_18_155.pdb	12.225	35.267	0	15.771
swarm_31_6.pdb	15.998	40.188	0	15.768
swarm_89_142.pdb	20.614	51.787	0	15.698
swarm_31_129.pdb	14.888	46.482	0	15.698
swarm_9_72.pdb	12.266	20.694	0	15.672
swarm_41_37.pdb	17.902	42.809	0	15.624
swarm_15_93.pdb	13.307	29.295	0.0285714	15.620
swarm_13_5.pdb	15.049	31.953	0.0285714	15.618
swarm_62_32.pdb	16.473	41.309	0	15.606
swarm_11_151.pdb	18.722	43.347	0	15.589
swarm_23_41.pdb	16.409	48.722	0	15.546
swarm_40_59.pdb	13.414	31.422	0	15.512
swarm_55_40.pdb	13.396	22.936	0.0285714	15.507
swarm_6_33.pdb	15.581	47.145	0	15.440
swarm_53_172.pdb	24.961	60.540	0	15.411
swarm_59_123.pdb	17.387	37.005	0	15.401
swarm_93_164.pdb	9.898	18.260	0	15.382
swarm_83_54.pdb	15.456	36.018	0	15.349
swarm_29_84.pdb	17.995	29.859	0	15.282
swarm_4_142.pdb	13.261	23.873	0.0428571	15.273
swarm_61_133.pdb	13.220	35.745	0	15.258
swarm_42_69.pdb	8.540	19.577	0	15.148
swarm_16_185.pdb	17.029	40.694	0.0142857	15.086
swarm_61_126.pdb	8.639	24.560	0	14.989
swarm_18_181.pdb	13.651	33.157	0	14.909
swarm_54_122.pdb	16.588	28.818	0	14.862
swarm_57_90.pdb	14.067	39.939	0	14.843
swarm_4_130.pdb	18.827	37.740	0	14.806
swarm_59_79.pdb	15.697	30.618	0	14.777
swarm_16_35.pdb	13.529	37.035	0.0142857	14.776
swarm_49_151.pdb	14.867	47.197	0	14.729
swarm_61_9.pdb	15.354	28.936	0	14.726
swarm_59_35.pdb	13.245	38.644	0	14.707
swarm_76_183.pdb	16.301	45.029	0	14.691
swarm_48_139.pdb	17.139	39.985	0	14.688
swarm_19_11.pdb	15.352	30.840	0	14.671
swarm_48_51.pdb	11.078	24.045	0	14.663
swarm_13_79.pdb	17.655	48.914	0	14.629
swarm_12_33.pdb	14.312	36.001	0	14.612
swarm_13_196.pdb	20.310	49.565	0	14.589
swarm_49_49.pdb	14.167	34.597	0	14.561
swarm_93_69.pdb	22.024	49.661	0	14.544
swarm_59_183.pdb	13.679	37.246	0.0142857	14.532
swarm_4_36.pdb	13.567	33.324	0	14.487
swarm_84_148.pdb	10.609	26.415	0	14.475
swarm_4_139.pdb	15.554	26.426	0.0142857	14.439
swarm_49_199.pdb	15.256	36.348	0	14.393
swarm_10_58.pdb	17.048	40.936	0	14.321
swarm_49_3.pdb	14.050	35.512	0	14.276
swarm_4_167.pdb	13.992	38.597	0	14.257
swarm_51_56.pdb	14.272	47.797	0.0142857	14.234
swarm_74_0.pdb	17.272	38.634	0.0142857	14.197
swarm_41_32.pdb	10.857	37.097	0	14.196
swarm_49_91.pdb	12.989	39.478	0	14.194
swarm_15_45.pdb	15.688	30.812	0.0285714	14.175
swarm_19_71.pdb	14.554	34.958	0	14.144
swarm_15_113.pdb	15.170	38.138	0	14.144
swarm_6_36.pdb	14.557	38.458	0	14.104
swarm_89_124.pdb	17.179	61.288	0.0142857	14.091
swarm_60_164.pdb	15.242	36.067	0	14.085
swarm_41_131.pdb	19.403	39.072	0	14.081
swarm_63_37.pdb	17.368	48.525	0	14.079
swarm_16_16.pdb	14.404	47.949	0	13.936
swarm_20_15.pdb	17.364	36.986	0	13.912
swarm_59_39.pdb	22.226	55.826	0	13.826
swarm_72_25.pdb	18.146	43.889	0	13.636
swarm_59_55.pdb	13.535	33.969	0	13.557
swarm_61_62.pdb	16.984	32.243	0	13.556
swarm_4_49.pdb	13.662	31.727	0	13.545
swarm_35_169.pdb	8.796	24.156	0	13.519
swarm_53_70.pdb	17.525	44.092	0	13.431
swarm_5_153.pdb	16.274	32.920	0.0142857	13.422
swarm_63_34.pdb	15.608	45.878	0	13.348
swarm_13_54.pdb	17.427	31.927	0	13.327
swarm_86_8.pdb	11.672	19.581	0.0571429	13.244
swarm_31_139.pdb	11.804	35.815	0.0428571	13.242
swarm_15_190.pdb	12.652	28.250	0	13.237
swarm_49_65.pdb	13.968	37.403	0	13.176
swarm_39_182.pdb	10.177	23.424	0	13.116
swarm_4_34.pdb	13.083	32.073	0	13.019
swarm_1_176.pdb	14.693	32.843	0	12.986
swarm_9_146.pdb	14.455	26.805	0	12.976
swarm_73_0.pdb	11.448	38.447	0	12.962
swarm_4_152.pdb	15.281	42.322	0	12.957
swarm_32_199.pdb	16.461	42.815	0	12.923
swarm_61_18.pdb	9.932	33.340	0.0428571	12.790
swarm_49_94.pdb	12.979	39.542	0.0142857	12.777
swarm_18_77.pdb	13.916	32.262	0	12.694
swarm_5_68.pdb	12.360	29.141	0.0285714	12.599
swarm_40_81.pdb	12.576	44.234	0.0142857	12.570
swarm_13_165.pdb	13.925	39.146	0	12.570
swarm_25_111.pdb	22.414	49.826	0	12.461
swarm_4_73.pdb	17.479	32.095	0	12.442
swarm_41_195.pdb	18.142	44.332	0	12.415
swarm_3_19.pdb	18.120	39.779	0	12.282
swarm_10_41.pdb	17.591	42.971	0	12.244
swarm_62_160.pdb	11.899	40.688	0.0142857	12.176
swarm_63_160.pdb	14.905	39.862	0	12.099
swarm_3_163.pdb	17.846	35.767	0	11.963
swarm_89_17.pdb	17.657	31.563	0	11.959
swarm_81_73.pdb	14.175	28.121	0	11.958
swarm_22_91.pdb	17.867	43.189	0	11.933
swarm_48_13.pdb	15.098	33.382	0	11.866
swarm_59_136.pdb	13.433	25.934	0.0142857	11.810
swarm_35_131.pdb	15.363	35.177	0	11.739
swarm_49_192.pdb	15.254	31.835	0	11.685
swarm_32_81.pdb	16.176	41.411	0	11.672
swarm_1_138.pdb	16.046	40.472	0	11.548
swarm_89_26.pdb	11.935	24.744	0.0142857	11.469
swarm_13_159.pdb	15.555	39.328	0	11.272
swarm_62_167.pdb	14.654	36.948	0	11.258
swarm_61_13.pdb	15.498	39.714	0	11.171
swarm_60_98.pdb	18.115	42.739	0	11.024
swarm_63_87.pdb	18.095	39.533	0	11.015
swarm_62_163.pdb	15.084	29.772	0	10.577
swarm_21_156.pdb	20.161	47.440	0	10.569
swarm_22_167.pdb	18.300	41.651	0	10.505
swarm_89_188.pdb	16.628	33.253	0	10.379
swarm_4_28.pdb	11.853	27.677	0	10.164
swarm_32_143.pdb	13.766	40.759	0	10.151
swarm_55_38.pdb	21.697	53.925	0	10.144
swarm_74_98.pdb	15.125	34.538	0	10.130
swarm_53_78.pdb	17.860	40.428	0	10.002
swarm_93_176.pdb	19.100	49.351	0	9.936
swarm_78_173.pdb	17.209	31.916	0	9.617
swarm_71_59.pdb	15.421	38.542	0	9.512
swarm_0_3.pdb	14.968	40.693	0	9.380
swarm_79_190.pdb	18.360	41.184	0	9.189
swarm_23_135.pdb	19.135	47.203	0	9.065
swarm_5_197.pdb	13.180	33.770	0	8.996
swarm_57_194.pdb	18.866	41.594	0	8.908
swarm_107_154.pdb	11.655	28.646	0	8.894
swarm_42_117.pdb	16.514	38.159	0	8.859
swarm_15_22.pdb	9.786	27.363	0.0142857	8.797
swarm_49_194.pdb	16.901	34.886	0	8.778
swarm_15_30.pdb	14.796	24.134	0	8.544
swarm_41_91.pdb	16.685	29.074	0	8.540
swarm_52_3.pdb	16.561	33.627	0	8.347
swarm_33_183.pdb	12.030	32.465	0	8.329
swarm_45_55.pdb	12.555	32.327	0	8.110
swarm_38_136.pdb	18.343	45.293	0	7.641
swarm_31_26.pdb	11.059	29.943	0	7.493
swarm_73_164.pdb	19.419	47.930	0	7.468
swarm_41_153.pdb	14.686	32.378	0	7.401
swarm_15_9.pdb	14.825	37.523	0.0142857	7.087
swarm_35_131.pdb	11.240	20.552	0	6.950
swarm_48_115.pdb	19.643	50.628	0	6.813
swarm_96_29.pdb	14.444	35.095	0	6.803
swarm_13_12.pdb	16.837	41.409	0	6.792
swarm_39_153.pdb	12.521	22.539	0.0571429	6.404
swarm_80_197.pdb	20.828	45.753	0	6.256
swarm_54_122.pdb	18.342	57.707	0.0142857	5.816
swarm_58_111.pdb	16.774	40.617	0	5.310
swarm_91_44.pdb	10.036	17.033	0.0857143	5.201
swarm_51_37.pdb	18.049	40.671	0	5.109
swarm_33_25.pdb	16.212	46.570	0	5.066
swarm_54_172.pdb	14.618	35.975	0	5.029
swarm_83_58.pdb	16.156	33.827	0	4.973
swarm_16_51.pdb	13.332	29.193	0	4.519
swarm_14_111.pdb	14.779	30.056	0	4.180
swarm_58_66.pdb	18.380	41.631	0	4.087
swarm_36_33.pdb	17.447	45.213	0	4.029
swarm_10_161.pdb	13.041	38.792	0.0428571	3.998
swarm_53_81.pdb	22.345	56.626	0	3.507
swarm_66_8.pdb	13.603	39.095	0	3.304
swarm_11_135.pdb	11.878	25.988	0	3.236
swarm_9_170.pdb	15.620	27.492	0.0142857	2.801
swarm_76_69.pdb	17.645	46.072	0	2.212
swarm_76_49.pdb	16.067	40.345	0	2.203
swarm_61_121.pdb	9.402	22.135	0.185714	2.056
swarm_78_35.pdb	15.495	27.882	0	1.970
swarm_54_22.pdb	12.434	30.017	0	1.515
swarm_64_38.pdb	13.767	29.462	0.0142857	1.329
swarm_26_103.pdb	11.436	23.780	0	0.533
swarm_31_154.pdb	15.779	36.694	0	0.410
swarm_56_117.pdb	14.949	46.118	0	0.349
swarm_31_188.pdb	19.068	41.054	0	0.213
