swarm_8_20.pdb	11.005	20.900	0.0285714	43.886
swarm_112_37.pdb	13.052	25.798	0	43.756
swarm_15_3.pdb	13.158	26.102	0	42.578
swarm_9_191.pdb	10.127	19.768	0	40.626
swarm_110_173.pdb	12.570	24.319	0	40.271
swarm_15_193.pdb	10.663	22.494	0	38.973
swarm_110_103.pdb	13.165	26.765	0.0714286	36.539
swarm_5_127.pdb	12.168	21.707	0	36.222
swarm_70_158.pdb	12.171	24.437	0.0285714	34.996
swarm_5_29.pdb	14.257	26.980	0	34.691
swarm_7_71.pdb	11.911	24.889	0	34.444
swarm_109_28.pdb	8.095	24.465	0.0571429	33.133
swarm_14_116.pdb	10.683	19.975	0.0142857	33.105
swarm_110_136.pdb	12.017	22.395	0.0142857	32.723
swarm_14_143.pdb	4.943	9.336	0.257143	32.204
swarm_46_198.pdb	12.021	25.563	0.0285714	32.146
swarm_15_69.pdb	11.120	30.626	0.0428571	32.045
swarm_12_8.pdb	14.175	26.505	0.0142857	31.942
swarm_70_34.pdb	12.333	25.610	0.0142857	31.917
swarm_12_106.pdb	13.330	26.201	0	31.461
swarm_7_108.pdb	10.696	26.041	0.1	31.265
swarm_105_110.pdb	7.034	12.847	0.128571	31.120
swarm_15_189.pdb	12.359	27.069	0.0857143	31.066
swarm_15_96.pdb	14.582	28.893	0	31.050
swarm_104_165.pdb	13.236	28.315	0	30.913
swarm_53_74.pdb	6.232	15.841	0.171429	30.147
swarm_42_195.pdb	14.828	26.858	0	29.761
swarm_101_44.pdb	12.394	22.911	0	29.192
swarm_8_65.pdb	9.586	17.562	0	29.158
swarm_100_75.pdb	14.282	29.207	0	29.001
swarm_39_38.pdb	12.938	27.284	0	28.587
swarm_8_101.pdb	13.732	26.952	0	27.988
swarm_104_174.pdb	10.063	18.540	0	27.635
swarm_12_99.pdb	4.905	16.078	0.228571	27.559
swarm_9_198.pdb	7.636	21.989	0.0142857	26.917
swarm_12_115.pdb	10.566	19.106	0	26.906
swarm_12_85.pdb	10.165	19.705	0	26.422
swarm_89_8.pdb	13.362	27.245	0	26.237
swarm_8_95.pdb	13.340	27.940	0	26.187
swarm_16_153.pdb	12.405	23.372	0.0428571	26.134
swarm_8_32.pdb	11.682	21.113	0.0428571	26.044
swarm_101_2.pdb	13.301	26.723	0	25.782
swarm_101_158.pdb	9.710	23.493	0	25.627
swarm_12_153.pdb	10.233	30.005	0.0285714	25.620
swarm_12_30.pdb	9.033	16.008	0.0285714	25.598
swarm_49_184.pdb	13.338	27.092	0.0714286	25.504
swarm_18_57.pdb	12.911	34.483	0.0285714	25.471
swarm_9_107.pdb	14.368	26.928	0	25.246
swarm_110_5.pdb	11.416	22.541	0.0285714	25.238
swarm_16_151.pdb	12.362	25.478	0.0571429	24.772
swarm_89_138.pdb	10.257	22.034	0	24.416
swarm_109_180.pdb	14.319	27.486	0.0142857	24.072
swarm_9_121.pdb	9.657	19.709	0.0285714	24.008
swarm_12_159.pdb	4.061	9.760	0.314286	23.943
swarm_7_90.pdb	13.628	29.867	0.0142857	23.527
swarm_70_110.pdb	7.031	20.013	0.0571429	23.454
swarm_12_171.pdb	6.388	21.592	0.1	22.947
swarm_89_78.pdb	13.193	22.834	0	22.868
swarm_14_194.pdb	12.109	24.188	0.0428571	22.697
swarm_9_189.pdb	13.350	24.794	0.0714286	22.545
swarm_89_104.pdb	13.790	23.865	0	22.453
swarm_5_141.pdb	12.886	25.346	0.0142857	22.452
swarm_7_91.pdb	14.320	26.546	0	22.204
swarm_104_176.pdb	11.209	21.004	0	21.576
swarm_14_150.pdb	13.357	26.567	0	20.982
swarm_16_84.pdb	12.337	24.328	0	20.809
swarm_70_7.pdb	12.301	26.841	0	20.708
swarm_96_144.pdb	12.824	24.704	0	19.617
swarm_39_184.pdb	14.291	26.443	0	19.561
swarm_110_90.pdb	13.676	27.808	0	19.220
swarm_104_63.pdb	12.200	22.806	0	19.062
swarm_112_71.pdb	14.900	27.793	0	18.817
swarm_16_51.pdb	13.683	30.675	0	18.772
swarm_46_167.pdb	12.374	27.194	0	17.979
swarm_110_25.pdb	12.389	25.202	0	16.549
swarm_101_36.pdb	12.269	24.739	0.0142857	16.336
swarm_70_81.pdb	13.840	25.315	0	14.869
swarm_34_48.pdb	18.473	42.413	0	12.461
swarm_22_107.pdb	20.052	43.315	0	12.433
swarm_14_147.pdb	8.932	22.104	0.0428571	7.134
swarm_86_119.pdb	15.078	29.078	0	6.885
swarm_109_125.pdb	15.749	32.110	0.0142857	4.327
