swarm_101_195.pdb	10.330	20.714	0	52.584
swarm_95_109.pdb	12.061	23.704	0	51.590
swarm_3_151.pdb	11.028	27.169	0.0714286	50.787
swarm_99_32.pdb	11.990	24.887	0	45.309
swarm_97_0.pdb	10.969	20.857	0.0285714	44.281
swarm_8_20.pdb	11.005	20.900	0.0285714	43.886
swarm_112_37.pdb	13.052	25.798	0	43.756
swarm_96_2.pdb	13.875	29.591	0.0428571	43.204
swarm_15_3.pdb	13.158	26.102	0	42.578
swarm_9_191.pdb	10.127	19.768	0	40.626
swarm_110_173.pdb	12.570	24.319	0	40.271
swarm_3_1.pdb	12.953	28.361	0.1	39.559
swarm_64_59.pdb	10.988	21.156	0	39.232
swarm_97_146.pdb	12.163	28.254	0.0285714	39.191
swarm_78_99.pdb	10.628	21.357	0	39.162
swarm_71_163.pdb	14.668	25.816	0.0285714	39.025
swarm_15_193.pdb	10.663	22.494	0	38.973
swarm_4_165.pdb	9.373	18.719	0	38.619
swarm_29_180.pdb	4.642	8.404	0.328571	37.556
swarm_13_103.pdb	4.897	8.690	0.2	36.565
swarm_110_103.pdb	13.165	26.765	0.0714286	36.539
swarm_5_127.pdb	12.168	21.707	0	36.222
swarm_4_171.pdb	12.900	24.868	0.0571429	36.083
swarm_41_199.pdb	12.315	23.562	0.0571429	36.060
swarm_4_81.pdb	12.683	27.354	0	35.470
swarm_65_13.pdb	13.099	24.274	0	35.403
swarm_70_158.pdb	12.171	24.437	0.0285714	34.996
swarm_95_42.pdb	8.012	28.270	0.0714286	34.909
swarm_41_40.pdb	3.973	8.004	0.257143	34.703
swarm_5_29.pdb	14.257	26.980	0	34.691
swarm_101_197.pdb	13.099	25.851	0.0571429	34.662
swarm_96_18.pdb	10.293	17.862	0.0571429	34.552
swarm_99_185.pdb	12.468	30.994	0	34.540
swarm_7_71.pdb	11.911	24.889	0	34.444
swarm_54_192.pdb	14.584	25.805	0	34.185
swarm_100_95.pdb	11.814	23.043	0.0571429	34.088
swarm_92_69.pdb	12.786	31.088	0	33.857
swarm_4_133.pdb	11.471	23.902	0	33.549
swarm_100_67.pdb	13.746	26.080	0	33.490
swarm_96_129.pdb	8.689	24.524	0.0571429	33.476
swarm_74_35.pdb	16.783	32.114	0	33.230
swarm_109_28.pdb	8.095	24.465	0.0571429	33.133
swarm_14_116.pdb	10.683	19.975	0.0142857	33.105
swarm_110_136.pdb	12.017	22.395	0.0142857	32.723
swarm_97_114.pdb	12.141	27.859	0	32.486
swarm_84_168.pdb	14.163	25.522	0.0142857	32.467
swarm_95_150.pdb	8.577	20.321	0.0285714	32.424
swarm_14_143.pdb	4.943	9.336	0.257143	32.204
swarm_46_198.pdb	12.021	25.563	0.0285714	32.146
swarm_84_195.pdb	7.412	15.165	0.0857143	32.081
swarm_15_69.pdb	11.120	30.626	0.0428571	32.045
swarm_4_39.pdb	9.599	17.461	0.0714286	31.994
swarm_12_8.pdb	14.175	26.505	0.0142857	31.942
swarm_70_34.pdb	12.333	25.610	0.0142857	31.917
swarm_96_13.pdb	10.382	24.241	0.0428571	31.758
swarm_12_106.pdb	13.330	26.201	0	31.461
swarm_7_108.pdb	10.696	26.041	0.1	31.265
swarm_105_110.pdb	7.034	12.847	0.128571	31.120
swarm_97_94.pdb	11.236	19.070	0.0571429	31.094
swarm_15_189.pdb	12.359	27.069	0.0857143	31.066
swarm_15_96.pdb	14.582	28.893	0	31.050
swarm_104_165.pdb	13.236	28.315	0	30.913
swarm_100_28.pdb	13.030	25.254	0.0571429	30.860
swarm_78_89.pdb	14.087	26.471	0	30.792
swarm_30_124.pdb	14.662	25.763	0	30.629
swarm_97_93.pdb	3.892	7.218	0.185714	30.425
swarm_53_74.pdb	6.232	15.841	0.171429	30.147
swarm_98_12.pdb	9.207	16.016	0.0428571	30.061
swarm_99_5.pdb	12.737	24.204	0	29.995
swarm_89_76.pdb	13.857	25.649	0.0285714	29.790
swarm_42_195.pdb	14.828	26.858	0	29.761
swarm_78_80.pdb	9.643	26.547	0.0142857	29.658
swarm_87_9.pdb	13.557	29.694	0	29.519
swarm_96_179.pdb	11.726	29.311	0	29.516
swarm_96_21.pdb	10.855	26.329	0	29.443
swarm_78_195.pdb	11.325	28.536	0.0714286	29.340
swarm_89_107.pdb	12.408	31.407	0	29.226
swarm_101_44.pdb	12.394	22.911	0	29.192
swarm_8_65.pdb	9.586	17.562	0	29.158
swarm_15_140.pdb	2.779	6.592	0.457143	29.026
swarm_71_193.pdb	10.015	19.507	0	29.023
swarm_100_75.pdb	14.282	29.207	0	29.001
swarm_98_193.pdb	9.461	17.576	0	28.975
swarm_98_110.pdb	12.857	26.892	0	28.911
swarm_11_92.pdb	14.503	25.325	0.0428571	28.835
swarm_64_187.pdb	7.964	26.315	0.0571429	28.818
swarm_39_38.pdb	12.938	27.284	0	28.587
swarm_99_63.pdb	12.356	33.012	0	28.573
swarm_54_177.pdb	13.821	26.519	0	28.239
swarm_3_116.pdb	12.197	21.974	0	28.235
swarm_43_194.pdb	12.112	25.252	0	28.180
swarm_98_194.pdb	9.281	18.448	0	28.158
swarm_41_93.pdb	2.522	7.226	0.428571	28.087
swarm_8_101.pdb	13.732	26.952	0	27.988
swarm_48_88.pdb	13.827	26.955	0	27.965
swarm_3_145.pdb	15.595	28.986	0	27.955
swarm_4_101.pdb	10.747	19.407	0.0285714	27.924
swarm_100_125.pdb	11.428	29.035	0	27.726
swarm_75_132.pdb	13.505	26.853	0	27.718
swarm_97_61.pdb	7.655	15.341	0.0428571	27.646
swarm_104_174.pdb	10.063	18.540	0	27.635
swarm_101_56.pdb	12.677	25.972	0	27.630
swarm_29_51.pdb	3.578	7.024	0.2	27.597
swarm_12_99.pdb	4.905	16.078	0.228571	27.559
swarm_101_160.pdb	15.097	25.730	0.0142857	27.526
swarm_77_108.pdb	7.483	24.826	0	27.124
swarm_84_27.pdb	11.166	20.754	0.0142857	27.049
swarm_29_65.pdb	6.179	10.706	0.1	27.030
swarm_9_198.pdb	7.636	21.989	0.0142857	26.917
swarm_3_161.pdb	9.146	17.345	0	26.910
swarm_12_115.pdb	10.566	19.106	0	26.906
swarm_97_122.pdb	14.233	27.755	0	26.892
swarm_30_142.pdb	6.852	12.222	0.0142857	26.832
swarm_92_85.pdb	10.122	23.260	0	26.553
swarm_64_103.pdb	10.944	27.059	0.0142857	26.463
swarm_12_85.pdb	10.165	19.705	0	26.422
swarm_89_8.pdb	13.362	27.245	0	26.237
swarm_100_131.pdb	14.447	27.023	0	26.216
swarm_8_95.pdb	13.340	27.940	0	26.187
swarm_97_101.pdb	9.391	23.305	0	26.185
swarm_96_153.pdb	11.385	20.655	0.0571429	26.180
swarm_16_153.pdb	12.405	23.372	0.0428571	26.134
swarm_8_32.pdb	11.682	21.113	0.0428571	26.044
swarm_101_183.pdb	13.067	23.414	0	26.010
swarm_96_135.pdb	11.368	23.550	0.0571429	25.915
swarm_101_2.pdb	13.301	26.723	0	25.782
swarm_71_115.pdb	9.810	18.808	0.0142857	25.742
swarm_97_69.pdb	9.744	26.340	0.0142857	25.688
swarm_101_158.pdb	9.710	23.493	0	25.627
swarm_12_153.pdb	10.233	30.005	0.0285714	25.620
swarm_12_30.pdb	9.033	16.008	0.0285714	25.598
swarm_4_151.pdb	10.837	26.315	0	25.592
swarm_24_50.pdb	16.247	31.395	0	25.536
swarm_49_184.pdb	13.338	27.092	0.0714286	25.504
swarm_18_57.pdb	12.911	34.483	0.0285714	25.471
swarm_95_152.pdb	13.010	22.905	0.0285714	25.311
swarm_41_51.pdb	11.518	19.821	0.0285714	25.248
swarm_9_107.pdb	14.368	26.928	0	25.246
swarm_110_5.pdb	11.416	22.541	0.0285714	25.238
swarm_87_103.pdb	7.201	26.492	0.0285714	25.235
swarm_84_28.pdb	12.536	23.738	0	25.099
swarm_69_163.pdb	4.291	11.802	0.128571	25.055
swarm_78_4.pdb	13.075	26.445	0.0285714	24.945
swarm_78_77.pdb	11.251	26.797	0	24.799
swarm_16_151.pdb	12.362	25.478	0.0571429	24.772
swarm_100_14.pdb	7.515	23.943	0.114286	24.759
swarm_71_154.pdb	2.904	8.036	0.3	24.615
swarm_89_138.pdb	10.257	22.034	0	24.416
swarm_95_121.pdb	13.151	27.044	0.0714286	24.381
swarm_64_115.pdb	11.696	27.584	0.0285714	24.371
swarm_3_83.pdb	12.243	24.064	0.0285714	24.266
swarm_71_92.pdb	6.432	10.847	0.0857143	24.262
swarm_98_169.pdb	12.433	21.680	0.0285714	24.205
swarm_84_3.pdb	13.509	23.262	0	24.075
swarm_109_180.pdb	14.319	27.486	0.0142857	24.072
swarm_9_121.pdb	9.657	19.709	0.0285714	24.008
swarm_12_159.pdb	4.061	9.760	0.314286	23.943
swarm_3_107.pdb	10.587	30.739	0	23.638
swarm_71_128.pdb	8.389	15.182	0.0857143	23.569
swarm_7_90.pdb	13.628	29.867	0.0142857	23.527
swarm_70_110.pdb	7.031	20.013	0.0571429	23.454
swarm_39_117.pdb	14.519	34.398	0	23.422
swarm_63_126.pdb	14.651	33.573	0	23.296
swarm_77_98.pdb	7.173	19.249	0	23.268
swarm_100_77.pdb	3.514	9.619	0.228571	23.172
swarm_71_61.pdb	7.573	17.266	0	23.156
swarm_87_133.pdb	11.370	32.429	0	23.070
swarm_12_171.pdb	6.388	21.592	0.1	22.947
swarm_77_174.pdb	13.817	29.104	0	22.936
swarm_89_78.pdb	13.193	22.834	0	22.868
swarm_14_194.pdb	12.109	24.188	0.0428571	22.697
swarm_9_189.pdb	13.350	24.794	0.0714286	22.545
swarm_95_163.pdb	10.498	26.718	0.0714286	22.503
swarm_89_104.pdb	13.790	23.865	0	22.453
swarm_5_141.pdb	12.886	25.346	0.0142857	22.452
swarm_9_181.pdb	17.308	35.037	0	22.290
swarm_30_98.pdb	4.169	13.196	0.214286	22.233
swarm_7_91.pdb	14.320	26.546	0	22.204
swarm_98_188.pdb	4.094	9.784	0.2	22.178
swarm_96_166.pdb	12.938	28.184	0	22.103
swarm_64_172.pdb	15.461	35.409	0.0142857	21.978
swarm_54_132.pdb	9.046	16.201	0.0285714	21.755
swarm_54_171.pdb	10.671	17.649	0.0142857	21.699
swarm_71_24.pdb	5.431	13.774	0.0428571	21.582
swarm_104_176.pdb	11.209	21.004	0	21.576
swarm_95_78.pdb	11.983	23.447	0	21.385
swarm_29_82.pdb	13.984	23.827	0	21.318
swarm_95_190.pdb	6.964	19.828	0.0142857	21.263
swarm_77_198.pdb	12.347	28.417	0	21.132
swarm_48_98.pdb	11.876	36.501	0.0142857	21.104
swarm_3_50.pdb	10.586	20.830	0.0285714	21.019
swarm_11_27.pdb	7.066	13.365	0.0142857	20.994
swarm_14_150.pdb	13.357	26.567	0	20.982
swarm_3_72.pdb	12.689	28.675	0.0142857	20.819
swarm_16_84.pdb	12.337	24.328	0	20.809
swarm_70_7.pdb	12.301	26.841	0	20.708
swarm_92_19.pdb	7.505	13.768	0.0142857	20.707
swarm_75_108.pdb	14.719	32.001	0	20.638
swarm_11_55.pdb	9.024	16.143	0.0571429	20.567
swarm_17_194.pdb	17.124	30.971	0	20.540
swarm_92_89.pdb	12.561	33.706	0	20.364
swarm_54_3.pdb	14.290	24.717	0.0428571	20.258
swarm_92_162.pdb	12.294	34.426	0	20.155
swarm_65_114.pdb	9.142	24.727	0.0285714	20.115
swarm_95_88.pdb	11.324	21.832	0.0571429	20.068
swarm_13_168.pdb	10.781	21.841	0	19.800
swarm_87_134.pdb	14.172	24.895	0	19.736
swarm_96_144.pdb	12.824	24.704	0	19.617
swarm_71_77.pdb	6.368	16.605	0.0428571	19.565
swarm_39_184.pdb	14.291	26.443	0	19.561
swarm_100_18.pdb	10.518	29.607	0	19.535
swarm_96_173.pdb	12.014	22.828	0.0571429	19.240
swarm_110_90.pdb	13.676	27.808	0	19.220
swarm_95_18.pdb	12.372	32.371	0.0142857	19.218
swarm_95_156.pdb	11.730	22.002	0	19.117
swarm_104_63.pdb	12.200	22.806	0	19.062
swarm_13_147.pdb	15.126	25.790	0.0142857	18.939
swarm_98_14.pdb	11.271	26.417	0.0142857	18.891
swarm_112_71.pdb	14.900	27.793	0	18.817
swarm_16_51.pdb	13.683	30.675	0	18.772
swarm_43_36.pdb	16.024	27.714	0	18.457
swarm_30_48.pdb	10.163	20.286	0	18.380
swarm_11_140.pdb	12.511	22.416	0	18.371
swarm_100_193.pdb	11.206	29.810	0	18.026
swarm_46_167.pdb	12.374	27.194	0	17.979
swarm_100_174.pdb	10.450	18.478	0	17.947
swarm_97_130.pdb	11.063	21.386	0.0142857	17.932
swarm_2_50.pdb	13.957	30.238	0	17.680
swarm_87_136.pdb	11.955	25.101	0.0571429	17.555
swarm_68_52.pdb	17.344	36.042	0	17.554
swarm_15_165.pdb	7.599	16.210	0	16.789
swarm_78_172.pdb	12.741	31.689	0	16.739
swarm_101_42.pdb	14.491	27.754	0	16.579
swarm_110_25.pdb	12.389	25.202	0	16.549
swarm_13_125.pdb	9.910	20.240	0.0142857	16.426
swarm_101_36.pdb	12.269	24.739	0.0142857	16.336
swarm_56_177.pdb	17.848	33.811	0	16.273
swarm_101_134.pdb	11.658	22.254	0.0285714	16.067
swarm_29_16.pdb	11.554	21.124	0	15.915
swarm_29_96.pdb	10.761	16.459	0	15.760
swarm_41_151.pdb	13.427	23.310	0.0285714	15.708
swarm_54_195.pdb	11.253	19.948	0	15.354
swarm_11_26.pdb	16.947	27.521	0	15.240
swarm_70_81.pdb	13.840	25.315	0	14.869
swarm_99_24.pdb	9.928	24.017	0.0142857	14.163
swarm_29_74.pdb	12.390	24.289	0	13.235
swarm_69_103.pdb	14.863	24.570	0.0285714	13.146
swarm_2_89.pdb	14.250	30.460	0.0428571	12.948
swarm_34_48.pdb	18.473	42.413	0	12.461
swarm_22_107.pdb	20.052	43.315	0	12.433
swarm_92_122.pdb	11.221	21.425	0	12.401
swarm_100_133.pdb	12.483	27.739	0	12.207
swarm_48_138.pdb	15.051	29.566	0	11.153
swarm_54_163.pdb	9.912	20.562	0	10.741
swarm_30_94.pdb	10.312	19.205	0	10.540
swarm_66_168.pdb	12.907	25.841	0	10.251
swarm_11_66.pdb	10.940	19.488	0	9.660
swarm_75_146.pdb	15.682	31.472	0	8.993
swarm_100_45.pdb	13.668	25.496	0	7.945
swarm_17_3.pdb	12.262	21.899	0	7.513
swarm_89_41.pdb	10.276	19.608	0	7.158
swarm_14_147.pdb	8.932	22.104	0.0428571	7.134
swarm_86_119.pdb	15.078	29.078	0	6.885
swarm_61_105.pdb	13.368	29.666	0	5.534
swarm_29_175.pdb	8.562	19.509	0.0714286	4.770
swarm_109_125.pdb	15.749	32.110	0.0142857	4.327
swarm_64_183.pdb	15.281	34.816	0	1.641
swarm_15_27.pdb	11.741	18.694	0	0.452
