swarm_23_159.pdb	12.150	22.004	0	48.003
swarm_65_10.pdb	11.351	20.534	0	47.621
swarm_56_49.pdb	12.041	21.832	0	47.515
swarm_64_185.pdb	11.970	21.456	0	46.192
swarm_47_178.pdb	10.918	18.951	0	45.077
swarm_38_116.pdb	12.188	22.325	0	44.739
swarm_18_177.pdb	10.843	18.347	0	41.410
swarm_52_175.pdb	11.496	20.635	0	41.093
swarm_9_118.pdb	11.619	20.578	0	40.147
swarm_66_79.pdb	11.207	20.326	0	37.710
swarm_34_66.pdb	11.046	18.948	0	36.070
swarm_30_104.pdb	11.753	21.401	0	35.618
swarm_34_145.pdb	8.091	13.977	0	34.429
swarm_56_181.pdb	8.390	14.384	0	33.682
swarm_34_181.pdb	5.824	10.650	0.0857143	30.680
swarm_66_157.pdb	8.176	14.224	0	30.452
swarm_38_43.pdb	11.157	19.609	0	30.238
swarm_39_87.pdb	10.556	18.186	0	29.039
swarm_54_149.pdb	4.044	11.489	0.2	27.327
swarm_62_15.pdb	16.293	36.215	0	25.629
swarm_39_58.pdb	11.468	20.395	0	25.086
swarm_57_76.pdb	17.433	41.029	0	24.811
swarm_66_0.pdb	10.219	16.497	0	24.628
swarm_18_126.pdb	11.530	20.643	0	24.420
swarm_9_112.pdb	11.212	20.407	0	24.352
swarm_63_63.pdb	18.522	43.626	0	24.343
swarm_53_36.pdb	18.222	42.251	0	24.012
swarm_51_71.pdb	17.846	42.003	0	23.203
swarm_53_71.pdb	18.235	43.259	0	22.618
swarm_21_30.pdb	13.015	23.278	0	22.577
swarm_34_194.pdb	10.371	19.263	0	22.418
swarm_59_118.pdb	9.747	20.797	0	22.349
swarm_61_193.pdb	11.748	31.698	0	21.860
swarm_0_66.pdb	17.174	37.748	0	21.814
swarm_59_180.pdb	13.414	27.478	0	21.533
swarm_36_118.pdb	17.242	38.845	0	21.375
swarm_1_165.pdb	17.877	39.194	0	20.971
swarm_3_29.pdb	17.898	42.137	0	20.506
swarm_34_60.pdb	8.744	16.721	0	20.231
swarm_31_95.pdb	12.098	22.601	0	20.008
swarm_4_36.pdb	12.264	27.914	0	19.892
swarm_60_77.pdb	17.916	37.677	0	19.812
swarm_61_54.pdb	11.041	24.139	0	19.758
swarm_66_164.pdb	9.615	19.654	0	19.709
swarm_60_186.pdb	16.515	37.767	0	19.048
swarm_31_87.pdb	9.040	18.865	0.0285714	18.661
swarm_57_112.pdb	13.007	32.134	0	18.368
swarm_48_9.pdb	13.135	31.159	0	17.681
swarm_4_145.pdb	16.665	31.541	0	17.136
swarm_20_20.pdb	21.185	50.330	0	17.042
swarm_39_48.pdb	9.854	16.303	0	16.693
swarm_66_178.pdb	8.694	16.274	0	16.616
swarm_54_126.pdb	10.295	20.098	0	16.124
swarm_48_12.pdb	12.325	26.600	0	15.249
swarm_61_94.pdb	16.512	32.673	0	14.145
swarm_0_30.pdb	17.252	35.643	0	13.423
swarm_17_149.pdb	18.657	40.093	0	12.354
swarm_64_195.pdb	5.913	12.529	0.0285714	11.543
swarm_61_111.pdb	15.275	29.288	0	11.515
swarm_51_47.pdb	16.390	41.413	0	9.552
swarm_5_60.pdb	9.665	30.341	0	7.373
