swarm_318_160.pdb	21.822	92.470	0	32.344
swarm_41_134.pdb	14.158	72.458	0.0135135	29.170
swarm_386_68.pdb	13.613	66.358	0	28.266
swarm_104_128.pdb	15.944	93.811	0.0135135	27.911
swarm_151_143.pdb	13.902	92.231	0.0405405	27.083
swarm_22_59.pdb	13.741	37.899	0	26.957
swarm_366_56.pdb	13.572	55.160	0.027027	26.483
swarm_355_5.pdb	11.965	62.575	0.0540541	26.254
swarm_351_74.pdb	12.791	67.135	0.0540541	26.170
swarm_125_32.pdb	13.993	82.781	0.0135135	25.913
swarm_53_138.pdb	19.914	65.518	0	25.860
swarm_66_174.pdb	10.731	48.582	0	25.859
swarm_67_42.pdb	12.033	50.222	0.0135135	25.682
swarm_152_99.pdb	13.400	87.553	0.027027	25.563
swarm_56_163.pdb	30.638	66.218	0	25.463
swarm_344_62.pdb	7.468	52.035	0.0945946	25.438
swarm_379_114.pdb	12.192	75.662	0	25.355
swarm_375_171.pdb	12.191	26.422	0	24.972
swarm_336_182.pdb	6.643	44.195	0.0540541	24.755
swarm_279_141.pdb	2.917	26.303	0.337838	24.428
swarm_75_177.pdb	13.470	83.471	0	24.279
swarm_346_54.pdb	7.836	46.398	0.0135135	24.088
swarm_392_106.pdb	25.983	52.847	0	23.773
swarm_16_165.pdb	26.503	60.838	0	23.722
swarm_377_185.pdb	9.710	29.756	0	23.697
swarm_40_193.pdb	6.671	37.777	0.0675676	23.680
swarm_152_14.pdb	12.512	85.319	0.027027	23.506
swarm_384_174.pdb	11.972	55.165	0	23.387
swarm_379_135.pdb	12.469	69.037	0.0810811	23.270
swarm_384_198.pdb	28.038	52.511	0	23.060
swarm_71_67.pdb	8.916	41.405	0.0135135	23.033
swarm_294_121.pdb	14.153	96.609	0	23.022
swarm_383_72.pdb	13.731	56.967	0.0540541	22.784
swarm_149_27.pdb	13.628	85.881	0.0405405	22.494
swarm_393_147.pdb	12.888	51.536	0.0540541	22.459
swarm_376_188.pdb	11.184	34.492	0	22.263
swarm_14_193.pdb	14.344	69.555	0.027027	21.957
swarm_114_157.pdb	10.880	58.800	0.027027	21.885
swarm_22_198.pdb	22.608	54.321	0	21.575
swarm_31_102.pdb	18.338	77.803	0	21.504
swarm_350_132.pdb	32.432	55.771	0	21.364
swarm_376_135.pdb	12.436	42.287	0.0405405	21.338
swarm_151_99.pdb	16.381	97.023	0.0540541	21.206
swarm_392_22.pdb	10.744	40.901	0	21.187
swarm_246_114.pdb	14.053	59.153	0.0405405	21.088
swarm_394_131.pdb	32.553	62.470	0	20.701
swarm_385_163.pdb	8.764	48.744	0.0540541	20.287
swarm_350_190.pdb	11.977	46.749	0.0540541	20.230
swarm_279_186.pdb	11.622	35.026	0	20.225
swarm_375_53.pdb	8.104	19.207	0	20.219
swarm_50_188.pdb	11.365	70.312	0.0135135	20.124
swarm_346_100.pdb	12.127	56.547	0.0540541	20.057
swarm_385_52.pdb	8.947	40.264	0.0135135	19.759
swarm_328_108.pdb	17.124	79.948	0	19.510
swarm_366_36.pdb	27.199	54.585	0	19.300
swarm_376_4.pdb	11.973	40.175	0.0135135	19.127
swarm_346_41.pdb	14.265	61.529	0.0405405	19.021
swarm_33_182.pdb	11.828	47.322	0	18.947
swarm_285_158.pdb	15.725	109.493	0	18.918
swarm_76_48.pdb	11.040	67.476	0.027027	18.813
swarm_350_19.pdb	9.463	42.994	0.0135135	18.511
swarm_335_186.pdb	9.259	41.299	0.202703	18.446
swarm_7_30.pdb	12.926	67.653	0	18.250
swarm_48_66.pdb	10.608	86.461	0.027027	17.360
swarm_19_3.pdb	32.344	53.774	0	17.308
swarm_396_121.pdb	15.216	65.494	0	17.210
swarm_386_165.pdb	28.094	49.258	0	16.738
swarm_66_1.pdb	9.037	36.558	0.0540541	16.664
swarm_106_67.pdb	11.757	67.479	0	16.486
swarm_30_164.pdb	9.205	69.230	0.0405405	16.384
swarm_33_102.pdb	24.298	53.866	0	15.990
swarm_56_161.pdb	16.280	74.372	0	15.665
swarm_99_78.pdb	14.508	98.973	0.0540541	15.590
swarm_366_62.pdb	13.245	60.249	0.0540541	15.414
swarm_16_106.pdb	10.861	61.880	0.027027	14.985
swarm_338_116.pdb	28.966	52.020	0	13.434
swarm_390_153.pdb	24.716	61.296	0	13.168
swarm_351_90.pdb	8.494	49.834	0.0135135	11.682
swarm_356_3.pdb	29.105	140.726	0	11.659
swarm_148_124.pdb	16.296	99.166	0.0810811	11.511
swarm_384_141.pdb	14.724	53.778	0	10.690
swarm_17_188.pdb	21.503	119.159	0	10.516
swarm_391_53.pdb	27.346	131.683	0	9.465
swarm_50_62.pdb	8.312	77.709	0.0135135	9.214
swarm_96_128.pdb	10.891	94.215	0	5.752
swarm_153_130.pdb	16.973	96.466	0.121622	5.537
swarm_60_66.pdb	27.149	130.363	0	4.730
swarm_214_1.pdb	19.266	104.252	0	4.724
