swarm_0_140.pdb	18.538	63.507	0	53.224
swarm_4_80.pdb	17.952	53.720	0	52.420
swarm_5_19.pdb	18.356	57.987	0	51.477
swarm_2_123.pdb	15.833	69.202	0	49.742
swarm_0_158.pdb	33.705	56.697	0	49.693
swarm_3_93.pdb	18.298	64.312	0.0135135	48.883
swarm_2_2.pdb	20.568	66.048	0	48.417
swarm_7_96.pdb	10.307	30.897	0	48.066
swarm_0_180.pdb	18.080	58.231	0	46.143
swarm_7_21.pdb	18.669	45.954	0	45.728
swarm_5_194.pdb	18.965	66.866	0	45.494
swarm_7_164.pdb	34.048	52.813	0	44.577
swarm_7_94.pdb	17.927	51.314	0	43.811
swarm_6_49.pdb	19.788	66.487	0	43.804
swarm_1_157.pdb	24.656	57.686	0	43.504
swarm_3_191.pdb	25.798	61.939	0	43.213
swarm_5_181.pdb	32.874	63.815	0	42.742
swarm_3_7.pdb	34.408	70.988	0	42.420
swarm_8_184.pdb	28.948	53.223	0	42.357
swarm_8_128.pdb	31.064	62.332	0	42.210
swarm_1_167.pdb	15.438	52.521	0	41.517
swarm_4_78.pdb	24.275	58.114	0	40.811
swarm_6_167.pdb	17.282	60.388	0	40.598
swarm_9_166.pdb	33.092	62.245	0	38.938
swarm_7_8.pdb	19.942	47.009	0	38.901
swarm_4_42.pdb	31.527	64.136	0	38.834
swarm_1_2.pdb	29.826	52.830	0	38.223
swarm_6_13.pdb	29.212	58.672	0	37.654
swarm_2_90.pdb	17.282	76.985	0	37.604
swarm_1_109.pdb	28.692	56.553	0	37.087
swarm_6_117.pdb	13.071	55.631	0	36.772
swarm_1_6.pdb	8.931	29.932	0	36.587
swarm_8_74.pdb	28.309	57.008	0	36.468
swarm_8_53.pdb	32.820	63.663	0	36.127
swarm_9_57.pdb	29.691	52.412	0	35.834
swarm_3_57.pdb	21.128	72.359	0	35.173
swarm_6_24.pdb	34.535	65.279	0	35.105
swarm_1_67.pdb	18.957	40.411	0	34.923
swarm_7_193.pdb	19.266	41.748	0	34.786
swarm_3_112.pdb	22.328	66.143	0	34.653
swarm_0_135.pdb	28.895	56.031	0	34.583
swarm_5_32.pdb	15.234	60.121	0	34.462
swarm_2_9.pdb	19.785	60.896	0	34.204
swarm_5_160.pdb	19.688	68.212	0	34.136
swarm_9_179.pdb	19.795	55.779	0	33.810
swarm_7_7.pdb	14.675	33.318	0	33.590
swarm_5_122.pdb	33.457	60.632	0	33.466
swarm_6_31.pdb	33.823	61.089	0	32.902
swarm_4_198.pdb	20.797	61.151	0	32.534
swarm_4_167.pdb	16.991	47.209	0	32.470
swarm_3_88.pdb	15.743	51.993	0	32.101
swarm_7_196.pdb	11.830	30.001	0	31.919
swarm_7_57.pdb	19.394	54.779	0	31.720
swarm_6_14.pdb	26.549	63.836	0	31.696
swarm_2_51.pdb	15.384	58.757	0	31.665
swarm_1_90.pdb	30.203	57.876	0	31.269
swarm_1_83.pdb	29.334	55.949	0	31.187
swarm_9_84.pdb	16.226	53.892	0	30.714
swarm_3_58.pdb	31.456	72.628	0	30.704
swarm_4_160.pdb	18.379	46.784	0	30.352
swarm_0_88.pdb	15.360	67.850	0	30.256
swarm_7_147.pdb	13.636	30.945	0	30.129
swarm_0_19.pdb	13.939	59.898	0	29.673
swarm_0_20.pdb	19.077	54.876	0	29.380
swarm_3_126.pdb	26.953	60.512	0	29.329
swarm_5_108.pdb	21.209	52.954	0	29.091
swarm_6_82.pdb	27.852	60.978	0	28.509
swarm_3_5.pdb	14.568	74.426	0	28.186
swarm_8_23.pdb	24.108	50.162	0	28.136
swarm_5_139.pdb	19.386	55.187	0	27.830
swarm_5_56.pdb	24.069	52.415	0	27.247
swarm_2_39.pdb	28.761	66.750	0	26.925
swarm_9_184.pdb	26.863	55.642	0	26.502
swarm_6_147.pdb	31.952	68.091	0	25.853
swarm_3_148.pdb	26.554	57.226	0	25.623
swarm_2_23.pdb	30.011	69.353	0	25.243
swarm_8_170.pdb	15.771	56.884	0	25.068
swarm_4_141.pdb	20.118	46.112	0	25.064
swarm_6_51.pdb	21.436	72.289	0	24.959
swarm_3_37.pdb	17.589	75.239	0	24.937
swarm_6_188.pdb	21.572	65.889	0	24.795
swarm_7_158.pdb	28.269	52.389	0	24.780
swarm_8_111.pdb	21.648	56.062	0	24.725
swarm_8_167.pdb	18.830	61.144	0	24.499
swarm_0_174.pdb	16.301	62.796	0	24.488
swarm_4_37.pdb	24.324	48.357	0	24.173
swarm_4_48.pdb	23.319	48.500	0	23.933
swarm_0_72.pdb	19.304	68.393	0	23.780
swarm_4_72.pdb	17.495	59.356	0	23.492
swarm_9_3.pdb	25.589	64.764	0	23.403
swarm_1_45.pdb	34.087	55.502	0	20.522
swarm_3_52.pdb	23.625	59.245	0	20.503
swarm_1_135.pdb	28.725	55.134	0	20.490
swarm_2_195.pdb	16.496	70.424	0	20.201
swarm_8_191.pdb	19.186	60.336	0	19.665
swarm_2_54.pdb	22.738	61.403	0	18.963
swarm_8_25.pdb	18.446	47.967	0	18.898
swarm_6_52.pdb	17.186	74.654	0	18.878
swarm_2_164.pdb	15.510	81.603	0.0135135	18.454
swarm_7_116.pdb	30.282	58.962	0	17.508
swarm_2_4.pdb	16.843	71.490	0	17.389
swarm_1_40.pdb	26.517	55.737	0	16.543
swarm_0_11.pdb	28.263	52.821	0	15.924
swarm_7_38.pdb	22.814	58.706	0	15.752
swarm_5_166.pdb	28.460	63.540	0	15.489
swarm_7_103.pdb	20.251	57.148	0	14.592
swarm_9_17.pdb	27.404	62.234	0	14.448
swarm_6_5.pdb	35.261	68.484	0	14.323
swarm_7_175.pdb	14.402	34.622	0	14.291
swarm_9_183.pdb	14.199	62.383	0	13.441
swarm_3_53.pdb	17.380	77.039	0	12.666
swarm_2_100.pdb	16.890	58.022	0	12.199
