swarm_54_16.pdb	7.576	61.596	0.0675676	37.177
swarm_6_146.pdb	5.004	40.639	0.162162	36.976
swarm_37_47.pdb	13.852	40.607	0	35.997
swarm_65_135.pdb	8.291	67.860	0.0675676	34.136
swarm_55_90.pdb	9.845	56.870	0	33.935
swarm_63_31.pdb	8.003	69.865	0.0810811	33.750
swarm_58_66.pdb	10.040	46.663	0	33.743
swarm_0_158.pdb	9.897	44.103	0	33.178
swarm_56_177.pdb	13.508	51.457	0	33.129
swarm_27_59.pdb	6.972	57.533	0.0945946	32.472
swarm_51_148.pdb	13.652	51.784	0	31.957
swarm_51_93.pdb	12.773	62.360	0	31.162
swarm_10_4.pdb	11.538	62.516	0	30.966
swarm_63_96.pdb	11.385	61.003	0	30.168
swarm_41_109.pdb	8.114	69.555	0.0540541	30.004
swarm_28_135.pdb	10.406	53.503	0	29.967
swarm_50_109.pdb	12.788	63.155	0	29.939
swarm_8_64.pdb	8.747	37.805	0	29.856
swarm_14_161.pdb	7.739	62.953	0.0540541	29.171
swarm_8_83.pdb	4.840	44.632	0.175676	29.162
swarm_42_27.pdb	13.605	34.229	0	28.665
swarm_39_103.pdb	13.068	49.530	0	28.578
swarm_31_140.pdb	13.241	77.195	0	28.218
swarm_45_46.pdb	14.194	67.908	0	27.710
swarm_30_30.pdb	11.287	34.497	0	27.538
swarm_7_105.pdb	10.341	67.203	0	27.388
swarm_28_75.pdb	8.807	39.366	0.0135135	26.933
swarm_42_84.pdb	9.810	42.271	0	26.517
swarm_45_190.pdb	13.670	63.735	0	25.952
swarm_60_42.pdb	11.434	26.833	0	25.669
swarm_2_110.pdb	16.933	57.481	0	25.549
swarm_0_45.pdb	11.087	62.948	0	25.476
swarm_48_86.pdb	11.140	15.948	0	25.427
swarm_19_195.pdb	18.104	61.076	0	24.998
swarm_39_35.pdb	12.860	44.278	0	24.833
swarm_37_181.pdb	19.899	54.474	0	24.596
swarm_34_2.pdb	14.330	71.445	0	24.300
swarm_60_67.pdb	12.265	19.929	0	23.570
swarm_28_118.pdb	8.778	58.147	0	22.892
swarm_46_106.pdb	17.682	59.930	0	22.675
swarm_32_117.pdb	11.806	19.408	0	22.045
swarm_35_78.pdb	13.070	77.034	0	21.562
swarm_0_140.pdb	14.009	41.592	0	21.025
swarm_55_23.pdb	10.347	64.369	0	20.839
swarm_38_98.pdb	13.226	41.976	0	20.173
swarm_48_95.pdb	12.284	23.619	0	20.078
swarm_60_125.pdb	13.922	38.935	0	19.960
swarm_32_120.pdb	11.896	31.404	0	19.836
swarm_59_46.pdb	12.988	47.412	0	19.492
swarm_18_2.pdb	16.352	48.584	0	19.165
swarm_32_119.pdb	16.881	37.950	0	19.032
swarm_66_127.pdb	12.374	59.838	0	18.371
swarm_66_148.pdb	15.393	54.849	0	18.009
swarm_52_40.pdb	12.546	46.076	0	17.586
swarm_42_68.pdb	15.482	42.568	0	17.549
swarm_8_74.pdb	11.052	43.622	0	17.502
swarm_32_77.pdb	4.249	32.920	0.432432	17.395
swarm_37_166.pdb	14.579	59.241	0	16.974
swarm_39_76.pdb	6.994	47.156	0.216216	16.755
swarm_48_67.pdb	11.554	22.910	0	16.176
swarm_59_9.pdb	12.510	54.200	0	16.155
swarm_18_94.pdb	16.200	54.451	0	16.038
swarm_36_21.pdb	14.920	30.201	0	15.440
swarm_32_131.pdb	13.349	29.669	0	14.755
swarm_48_109.pdb	13.921	25.495	0	14.240
swarm_44_199.pdb	15.466	61.515	0	13.960
swarm_30_138.pdb	12.096	45.852	0	13.691
swarm_58_164.pdb	13.296	55.847	0	12.859
swarm_20_150.pdb	12.337	39.649	0	12.353
swarm_44_32.pdb	15.346	57.722	0	11.450
swarm_8_28.pdb	10.868	52.925	0	9.483
swarm_0_170.pdb	13.227	52.821	0	8.884
swarm_19_43.pdb	13.987	46.060	0	8.832
swarm_59_141.pdb	16.697	52.983	0	6.034
swarm_7_23.pdb	9.034	75.435	0.0540541	4.924
swarm_59_43.pdb	13.918	60.342	0	1.527
