swarm_18_91.pdb	24.455	57.020	0	35.392
swarm_9_39.pdb	31.985	57.027	0	33.345
swarm_9_42.pdb	22.731	55.909	0	33.270
swarm_26_49.pdb	19.377	38.384	0	32.882
swarm_40_1.pdb	10.797	47.281	0	32.697
swarm_34_55.pdb	14.632	56.685	0	32.237
swarm_15_117.pdb	35.578	61.480	0	31.261
swarm_16_60.pdb	19.549	44.890	0	30.986
swarm_3_160.pdb	29.832	69.550	0	29.609
swarm_21_184.pdb	32.475	59.291	0	29.525
swarm_20_32.pdb	33.684	57.947	0	29.399
swarm_11_163.pdb	14.943	77.494	0	29.193
swarm_15_26.pdb	36.558	66.370	0	28.620
swarm_35_152.pdb	24.103	52.345	0	27.918
swarm_32_158.pdb	32.731	46.881	0	27.600
swarm_17_37.pdb	32.397	50.250	0	27.346
swarm_14_74.pdb	39.006	65.079	0	27.295
swarm_34_42.pdb	19.079	58.904	0	27.224
swarm_6_5.pdb	13.878	35.903	0	26.735
swarm_16_83.pdb	30.128	49.279	0	26.558
swarm_24_28.pdb	24.520	49.966	0	26.497
swarm_4_45.pdb	11.815	70.522	0.0135135	26.489
swarm_31_99.pdb	20.835	60.203	0	26.312
swarm_39_133.pdb	9.694	41.898	0.0135135	26.199
swarm_21_115.pdb	30.596	55.614	0	26.090
swarm_14_60.pdb	38.410	61.133	0	25.895
swarm_14_97.pdb	38.468	62.002	0	25.543
swarm_35_86.pdb	26.799	50.670	0	25.513
swarm_7_19.pdb	14.095	59.388	0	25.157
swarm_25_83.pdb	33.618	61.473	0	25.078
swarm_18_18.pdb	20.166	39.922	0	24.974
swarm_39_122.pdb	12.063	46.554	0	24.904
swarm_6_55.pdb	33.572	50.975	0	24.519
swarm_17_17.pdb	32.171	47.612	0	24.456
swarm_38_51.pdb	29.731	58.246	0	24.230
swarm_2_177.pdb	9.886	45.505	0.0135135	24.050
swarm_17_161.pdb	6.529	21.742	0.0945946	23.911
swarm_14_162.pdb	35.467	55.571	0	23.652
swarm_21_15.pdb	33.585	55.419	0	23.418
swarm_19_12.pdb	33.340	48.401	0	23.402
swarm_10_118.pdb	32.570	59.446	0	23.382
swarm_40_87.pdb	24.571	54.229	0	23.171
swarm_17_106.pdb	36.919	52.080	0	23.029
swarm_1_133.pdb	37.294	59.299	0	23.023
swarm_0_116.pdb	28.445	53.326	0	22.671
swarm_37_174.pdb	33.507	57.868	0	22.551
swarm_34_157.pdb	12.499	61.704	0	22.541
swarm_22_49.pdb	35.975	55.256	0	22.379
swarm_36_95.pdb	38.533	68.321	0	22.215
swarm_1_134.pdb	19.438	51.146	0	22.073
swarm_19_165.pdb	23.956	50.022	0	22.049
swarm_36_1.pdb	29.655	60.971	0	21.970
swarm_29_30.pdb	39.255	75.195	0	21.875
swarm_16_185.pdb	17.376	42.276	0	21.824
swarm_35_62.pdb	35.242	56.878	0	21.756
swarm_7_15.pdb	34.829	55.779	0	21.712
swarm_40_164.pdb	11.093	45.696	0	21.657
swarm_28_4.pdb	13.303	74.372	0	21.496
swarm_19_61.pdb	17.249	34.796	0	21.267
swarm_24_110.pdb	31.430	62.888	0	20.787
swarm_10_191.pdb	35.734	61.669	0	20.766
swarm_22_19.pdb	30.894	51.815	0	20.654
swarm_14_100.pdb	35.545	67.279	0	20.644
swarm_17_152.pdb	31.573	51.906	0	20.573
swarm_15_81.pdb	36.388	56.889	0	20.542
swarm_38_59.pdb	34.441	51.309	0	20.318
swarm_38_182.pdb	32.667	58.539	0	20.170
swarm_37_64.pdb	35.273	61.809	0	19.952
swarm_26_32.pdb	16.999	37.837	0	19.939
swarm_40_102.pdb	9.937	45.245	0.0540541	19.862
swarm_2_101.pdb	32.321	61.919	0	19.786
swarm_8_61.pdb	18.502	45.491	0	19.632
swarm_4_83.pdb	30.609	70.351	0	19.607
swarm_22_6.pdb	30.074	47.655	0	19.501
swarm_22_14.pdb	32.134	54.514	0	19.468
swarm_1_196.pdb	35.956	55.779	0	19.456
swarm_37_60.pdb	31.679	57.285	0	19.398
swarm_1_12.pdb	15.495	30.885	0	19.278
swarm_32_178.pdb	22.118	40.910	0	19.157
swarm_33_28.pdb	25.409	40.909	0	19.047
swarm_30_152.pdb	14.992	58.961	0	19.034
swarm_41_163.pdb	31.800	55.878	0	19.019
swarm_10_157.pdb	36.707	63.295	0	18.911
swarm_4_103.pdb	36.134	65.793	0	18.649
swarm_28_96.pdb	16.649	67.279	0	18.634
swarm_17_46.pdb	28.227	52.009	0	18.618
swarm_23_73.pdb	27.512	57.833	0	18.387
swarm_36_0.pdb	29.509	50.868	0	18.329
swarm_32_80.pdb	23.938	39.327	0	18.186
swarm_26_114.pdb	33.674	54.195	0	18.160
swarm_36_180.pdb	9.069	52.851	0	17.738
swarm_6_19.pdb	28.747	46.095	0	17.520
swarm_35_35.pdb	20.130	39.796	0	17.045
swarm_4_17.pdb	11.216	65.425	0	17.043
swarm_35_39.pdb	20.145	44.978	0	16.862
swarm_4_96.pdb	32.673	65.536	0	16.507
swarm_30_153.pdb	33.523	64.921	0	16.435
swarm_33_67.pdb	33.506	47.509	0	16.379
swarm_33_17.pdb	33.423	53.857	0	16.296
swarm_3_179.pdb	13.396	80.320	0.0405405	16.136
swarm_14_41.pdb	35.469	56.006	0	16.061
swarm_27_49.pdb	22.193	59.939	0	15.875
swarm_20_100.pdb	19.668	51.045	0	15.803
swarm_4_140.pdb	34.055	60.033	0	15.462
swarm_39_19.pdb	19.083	39.325	0	14.920
swarm_19_65.pdb	30.116	52.278	0	14.870
swarm_27_126.pdb	31.652	63.311	0	14.117
swarm_1_117.pdb	33.101	50.237	0	13.636
swarm_8_48.pdb	27.122	44.290	0	13.537
swarm_15_186.pdb	35.899	64.626	0	13.436
swarm_4_60.pdb	32.169	63.577	0	13.271
swarm_14_122.pdb	32.874	51.711	0	12.453
swarm_0_109.pdb	26.680	64.678	0	3.282
