swarm_3_4.pdb	20.384	37.884	0	60.215
swarm_7_91.pdb	5.898	9.524	0.0566038	58.496
swarm_2_143.pdb	18.221	32.390	0	56.470
swarm_9_126.pdb	14.997	25.967	0	52.667
swarm_1_117.pdb	20.855	37.827	0	49.700
swarm_2_23.pdb	16.658	36.187	0	48.194
swarm_8_51.pdb	17.836	25.310	0	48.085
swarm_0_46.pdb	20.450	33.851	0	47.089
swarm_3_72.pdb	20.558	36.544	0	46.896
swarm_9_40.pdb	22.271	33.246	0	46.636
swarm_8_103.pdb	19.270	30.504	0	45.836
swarm_6_108.pdb	15.298	29.497	0	45.427
swarm_4_146.pdb	15.221	34.892	0.0188679	45.367
swarm_7_0.pdb	14.986	28.683	0	45.186
swarm_0_112.pdb	15.966	28.380	0	45.015
swarm_6_14.pdb	19.321	30.414	0	44.712
swarm_9_100.pdb	13.399	23.766	0	44.240
swarm_1_49.pdb	18.242	29.628	0	44.084
swarm_5_40.pdb	12.351	20.946	0	42.636
swarm_6_160.pdb	16.905	29.551	0	42.558
swarm_0_180.pdb	19.883	32.006	0	42.477
swarm_2_148.pdb	20.007	35.749	0	42.355
swarm_3_128.pdb	16.100	30.056	0	41.989
swarm_8_106.pdb	14.978	29.016	0	41.724
swarm_4_161.pdb	19.872	36.323	0	40.837
swarm_7_198.pdb	19.629	29.671	0	40.495
swarm_5_178.pdb	16.102	27.907	0	40.118
swarm_2_62.pdb	14.786	26.055	0	39.461
swarm_4_78.pdb	21.000	30.707	0	38.921
swarm_1_107.pdb	17.961	28.885	0	38.914
swarm_5_53.pdb	15.077	29.144	0	38.828
swarm_5_10.pdb	19.800	29.645	0	37.371
swarm_0_84.pdb	16.617	31.317	0	37.173
swarm_1_87.pdb	14.868	29.730	0	35.768
swarm_1_104.pdb	11.602	29.261	0	35.760
swarm_8_28.pdb	14.231	29.835	0	35.610
swarm_8_69.pdb	19.525	29.988	0	35.390
swarm_6_0.pdb	16.826	30.332	0	35.320
swarm_6_74.pdb	16.882	33.634	0	35.203
swarm_5_173.pdb	16.607	24.049	0	35.170
swarm_6_66.pdb	21.089	31.075	0	34.162
swarm_7_16.pdb	19.572	28.375	0	34.118
swarm_5_69.pdb	19.549	37.142	0	33.869
swarm_4_104.pdb	15.480	30.130	0.0188679	33.613
swarm_3_113.pdb	16.963	31.235	0	33.178
swarm_9_8.pdb	18.655	30.091	0.0754717	32.387
swarm_8_169.pdb	9.209	26.411	0	32.317
swarm_5_161.pdb	17.374	31.928	0	32.249
swarm_7_115.pdb	20.014	35.208	0.0566038	32.220
swarm_6_188.pdb	20.284	33.777	0	31.995
swarm_3_65.pdb	22.534	33.431	0	30.398
swarm_5_91.pdb	23.026	33.077	0	29.773
swarm_3_158.pdb	23.138	38.417	0	28.775
swarm_3_157.pdb	19.488	36.399	0	28.629
swarm_1_34.pdb	9.890	27.868	0	27.655
swarm_7_110.pdb	17.637	36.403	0.0377358	27.462
swarm_9_166.pdb	13.564	28.557	0	26.082
swarm_9_94.pdb	17.361	30.422	0	25.682
swarm_9_159.pdb	18.960	30.707	0	24.069
swarm_4_81.pdb	15.121	34.179	0.0377358	23.837
swarm_0_147.pdb	16.069	28.741	0	23.324
swarm_0_2.pdb	15.312	27.029	0	21.657
swarm_5_183.pdb	12.473	27.634	0	20.959
swarm_7_135.pdb	14.885	30.306	0.0188679	20.257
swarm_5_185.pdb	12.756	30.359	0.132075	20.242
swarm_1_65.pdb	14.713	25.187	0	19.666
swarm_0_196.pdb	20.978	35.290	0	18.720
swarm_8_19.pdb	10.266	19.899	0.0566038	17.823
swarm_5_44.pdb	12.632	25.810	0	17.485
swarm_5_191.pdb	13.861	33.555	0	17.470
swarm_0_194.pdb	13.012	21.759	0	17.323
swarm_8_99.pdb	13.912	28.004	0	15.307
swarm_8_110.pdb	17.130	29.881	0	14.891
swarm_4_44.pdb	13.118	25.542	0.0377358	14.570
swarm_4_37.pdb	11.590	31.577	0	14.139
swarm_5_34.pdb	9.637	23.426	0	13.347
swarm_2_140.pdb	21.542	36.804	0	9.277
swarm_5_83.pdb	15.259	28.626	0	6.491
