swarm_18_16.pdb	5.591	12.328	0.150943	45.644
swarm_3_91.pdb	17.738	33.015	0	44.412
swarm_60_2.pdb	10.992	23.732	0	39.805
swarm_49_191.pdb	17.777	37.091	0	35.942
swarm_21_177.pdb	17.189	31.736	0	35.701
swarm_48_68.pdb	6.312	15.077	0.0188679	34.694
swarm_64_93.pdb	16.966	32.120	0.0377358	34.605
swarm_44_105.pdb	18.515	30.735	0	34.172
swarm_61_67.pdb	17.180	31.917	0	33.821
swarm_32_95.pdb	20.378	34.218	0	33.795
swarm_33_44.pdb	17.970	33.444	0	33.781
swarm_45_52.pdb	18.797	34.434	0	33.727
swarm_46_3.pdb	14.572	23.226	0.0566038	33.240
swarm_45_129.pdb	21.830	41.322	0	32.678
swarm_35_134.pdb	20.171	34.957	0	32.511
swarm_34_154.pdb	17.142	32.331	0	32.314
swarm_57_101.pdb	16.522	31.079	0	31.690
swarm_1_183.pdb	18.491	45.987	0.0377358	31.046
swarm_44_60.pdb	16.247	36.770	0	31.029
swarm_44_105.pdb	18.694	31.044	0	30.996
swarm_17_124.pdb	21.990	58.617	0	30.902
swarm_19_156.pdb	16.117	31.937	0	30.741
swarm_53_87.pdb	19.660	30.385	0	30.696
swarm_60_10.pdb	16.666	29.357	0.113208	30.603
swarm_44_144.pdb	10.410	32.912	0.0377358	30.541
swarm_8_15.pdb	20.800	30.518	0	30.312
swarm_68_194.pdb	18.572	29.659	0	30.269
swarm_55_35.pdb	18.064	34.063	0	30.238
swarm_7_76.pdb	10.866	23.596	0	30.082
swarm_19_166.pdb	19.848	33.109	0	29.988
swarm_66_43.pdb	15.324	25.851	0	29.970
swarm_53_194.pdb	19.671	28.830	0	29.806
swarm_49_29.pdb	20.833	30.366	0	29.516
swarm_16_115.pdb	15.034	34.170	0	29.503
swarm_31_83.pdb	17.981	35.616	0	29.288
swarm_20_70.pdb	19.846	52.585	0	29.262
swarm_17_161.pdb	16.670	34.252	0	29.246
swarm_34_108.pdb	20.044	36.027	0	29.231
swarm_23_96.pdb	19.550	34.691	0	29.067
swarm_14_66.pdb	18.050	58.355	0	28.988
swarm_68_151.pdb	20.434	30.623	0	28.986
swarm_55_125.pdb	12.165	33.158	0.0188679	28.849
swarm_54_78.pdb	22.260	30.979	0	28.797
swarm_18_73.pdb	22.077	49.875	0	28.782
swarm_53_187.pdb	23.231	67.360	0	28.715
swarm_0_193.pdb	20.519	30.363	0	28.649
swarm_71_76.pdb	14.555	34.126	0	28.612
swarm_48_120.pdb	20.888	27.414	0	28.533
swarm_34_30.pdb	19.693	30.269	0	28.459
swarm_3_179.pdb	15.255	57.407	0	28.395
swarm_27_40.pdb	17.088	33.404	0	28.222
swarm_1_171.pdb	14.465	22.083	0	28.108
swarm_25_41.pdb	14.976	29.672	0	28.037
swarm_24_29.pdb	17.558	62.264	0	27.878
swarm_65_52.pdb	8.430	14.607	0.0188679	27.871
swarm_53_164.pdb	17.717	33.603	0.0188679	27.847
swarm_44_5.pdb	16.991	34.335	0	27.840
swarm_49_3.pdb	13.563	19.992	0	27.764
swarm_54_36.pdb	9.232	21.331	0	27.760
swarm_51_19.pdb	22.336	33.004	0	27.723
swarm_1_102.pdb	16.954	36.600	0	27.720
swarm_44_156.pdb	17.411	35.449	0.0188679	27.714
swarm_46_71.pdb	19.303	35.749	0	27.703
swarm_7_188.pdb	11.594	24.267	0	27.635
swarm_51_7.pdb	12.727	24.638	0.0188679	27.632
swarm_27_50.pdb	17.443	29.947	0	27.610
swarm_47_95.pdb	21.321	32.748	0	27.592
swarm_33_36.pdb	17.253	33.092	0	27.537
swarm_44_18.pdb	18.405	30.937	0	27.517
swarm_56_168.pdb	16.840	30.816	0	27.504
swarm_3_180.pdb	21.188	35.664	0	27.358
swarm_49_88.pdb	12.369	32.453	0	27.352
swarm_29_136.pdb	17.927	35.329	0	27.232
swarm_3_140.pdb	22.477	64.918	0	27.222
swarm_32_41.pdb	21.068	35.049	0	27.216
swarm_53_160.pdb	18.938	33.981	0	27.196
swarm_43_165.pdb	18.743	33.346	0	27.190
swarm_33_186.pdb	16.924	30.434	0	27.110
swarm_42_17.pdb	21.869	37.782	0	26.951
swarm_54_85.pdb	19.926	30.658	0	26.915
swarm_31_17.pdb	20.006	33.212	0	26.818
swarm_60_102.pdb	15.967	27.301	0	26.725
swarm_46_68.pdb	14.474	33.503	0	26.590
swarm_34_164.pdb	16.040	28.344	0	26.496
swarm_58_142.pdb	14.225	33.786	0	26.492
swarm_48_42.pdb	19.413	30.778	0	26.486
swarm_1_96.pdb	15.047	25.272	0	26.408
swarm_32_169.pdb	17.272	41.255	0	26.350
swarm_3_70.pdb	17.468	66.836	0	26.327
swarm_31_184.pdb	17.853	41.585	0	26.297
swarm_54_163.pdb	24.279	65.959	0	26.214
swarm_65_122.pdb	15.633	28.499	0	26.209
swarm_17_179.pdb	22.987	63.164	0	26.201
swarm_61_101.pdb	9.550	22.403	0.0754717	26.136
swarm_52_194.pdb	17.316	40.520	0.0188679	26.115
swarm_44_41.pdb	22.862	33.239	0	26.075
swarm_36_97.pdb	12.775	26.966	0.0188679	26.071
swarm_19_183.pdb	25.085	53.642	0	25.996
swarm_1_20.pdb	15.084	26.689	0.0188679	25.959
swarm_0_101.pdb	20.086	31.996	0	25.839
swarm_24_105.pdb	19.516	61.872	0	25.831
swarm_19_188.pdb	18.678	48.338	0	25.828
swarm_35_24.pdb	17.736	34.253	0	25.822
swarm_6_14.pdb	15.874	38.219	0	25.819
swarm_47_94.pdb	11.866	26.197	0	25.786
swarm_4_109.pdb	19.018	40.775	0	25.783
swarm_49_24.pdb	15.157	29.396	0	25.755
swarm_19_185.pdb	18.461	33.159	0	25.707
swarm_42_148.pdb	16.179	38.169	0	25.690
swarm_44_18.pdb	17.641	34.958	0.0566038	25.572
swarm_53_8.pdb	16.730	25.701	0	25.571
swarm_57_112.pdb	18.430	35.206	0	25.548
swarm_44_120.pdb	18.623	30.335	0	25.489
swarm_32_106.pdb	16.221	31.326	0	25.436
swarm_43_121.pdb	18.536	64.031	0	25.394
swarm_51_126.pdb	22.364	31.970	0	25.284
swarm_28_154.pdb	18.219	37.566	0	25.265
swarm_36_187.pdb	11.819	27.853	0	25.264
swarm_58_193.pdb	20.325	72.040	0	25.239
swarm_53_161.pdb	21.097	29.892	0	25.219
swarm_4_83.pdb	19.263	42.589	0	25.216
swarm_35_157.pdb	17.370	35.709	0	25.211
swarm_48_110.pdb	22.120	36.836	0	25.198
swarm_50_150.pdb	20.486	30.033	0	25.168
swarm_45_114.pdb	18.873	34.612	0	25.164
swarm_51_189.pdb	20.015	63.877	0	25.082
swarm_71_99.pdb	18.357	31.549	0	25.077
swarm_37_36.pdb	20.320	62.389	0	25.062
swarm_44_163.pdb	13.901	35.604	0	25.027
swarm_64_84.pdb	20.336	29.497	0	25.003
swarm_62_168.pdb	21.657	30.091	0	25.000
swarm_3_103.pdb	18.348	60.796	0	24.988
swarm_48_86.pdb	17.212	27.937	0	24.974
swarm_13_34.pdb	19.774	56.227	0	24.929
swarm_55_58.pdb	14.475	26.049	0	24.897
swarm_40_171.pdb	15.639	43.576	0	24.896
swarm_57_13.pdb	12.333	29.448	0	24.819
swarm_58_130.pdb	18.580	69.885	0	24.776
swarm_18_21.pdb	22.245	44.534	0	24.770
swarm_45_173.pdb	17.737	44.320	0	24.728
swarm_15_29.pdb	16.471	43.559	0	24.716
swarm_14_83.pdb	23.580	51.180	0	24.643
swarm_35_34.pdb	21.366	56.093	0	24.627
swarm_31_136.pdb	15.523	44.701	0.0188679	24.605
swarm_15_189.pdb	14.953	35.269	0	24.553
swarm_33_164.pdb	18.281	38.249	0	24.495
swarm_47_8.pdb	11.170	33.998	0	24.475
swarm_52_192.pdb	18.939	35.065	0	24.459
swarm_60_80.pdb	15.187	33.536	0	24.429
swarm_35_106.pdb	21.021	58.875	0	24.409
swarm_0_82.pdb	16.073	28.336	0	24.401
swarm_50_194.pdb	18.643	27.673	0	24.399
swarm_18_151.pdb	18.939	50.484	0	24.368
swarm_9_20.pdb	20.217	54.321	0	24.359
swarm_8_50.pdb	20.821	30.194	0	24.246
swarm_19_43.pdb	17.316	49.595	0	24.222
swarm_64_29.pdb	8.942	19.351	0.207547	24.221
swarm_44_110.pdb	18.528	36.412	0	24.181
swarm_49_160.pdb	12.186	30.500	0.0188679	24.127
swarm_16_135.pdb	17.105	37.244	0	24.045
swarm_26_14.pdb	15.231	30.997	0	24.020
swarm_25_141.pdb	19.753	33.408	0	23.999
swarm_15_158.pdb	20.938	53.599	0	23.999
swarm_55_85.pdb	18.864	32.080	0	23.972
swarm_21_4.pdb	24.823	67.456	0	23.966
swarm_23_169.pdb	19.677	36.248	0	23.943
swarm_53_108.pdb	11.754	29.592	0	23.894
swarm_44_4.pdb	18.607	39.765	0	23.890
swarm_19_10.pdb	17.479	26.000	0	23.853
swarm_33_2.pdb	18.557	41.861	0	23.852
swarm_23_66.pdb	20.275	41.299	0	23.842
swarm_25_31.pdb	20.253	41.383	0	23.838
swarm_46_161.pdb	17.035	32.950	0	23.775
swarm_9_10.pdb	16.552	55.804	0	23.748
swarm_54_17.pdb	20.150	32.052	0	23.722
swarm_42_53.pdb	26.585	69.715	0	23.631
swarm_33_72.pdb	17.658	31.124	0	23.550
swarm_20_186.pdb	23.265	62.312	0	23.493
swarm_70_2.pdb	24.588	41.210	0	23.437
swarm_48_167.pdb	13.215	20.845	0.0188679	23.407
swarm_53_143.pdb	12.711	33.838	0.0377358	23.401
swarm_7_78.pdb	9.306	27.302	0	23.370
swarm_38_40.pdb	14.421	53.636	0	23.344
swarm_17_91.pdb	19.585	61.766	0	23.327
swarm_21_77.pdb	17.202	65.833	0	23.313
swarm_50_22.pdb	21.324	31.316	0	23.262
swarm_15_78.pdb	23.355	54.452	0	23.174
swarm_40_116.pdb	20.556	52.660	0	23.136
swarm_55_97.pdb	14.628	30.226	0.0754717	23.105
swarm_38_140.pdb	27.211	59.298	0	23.093
swarm_45_93.pdb	18.049	49.496	0	23.058
swarm_53_172.pdb	13.738	32.786	0	23.055
swarm_36_154.pdb	14.515	23.496	0.0188679	23.042
swarm_52_14.pdb	16.107	29.923	0	23.038
swarm_26_111.pdb	21.195	27.727	0	23.021
swarm_5_155.pdb	16.210	36.432	0	22.997
swarm_10_30.pdb	19.479	46.586	0	22.986
swarm_64_39.pdb	15.757	29.402	0.0566038	22.975
swarm_26_74.pdb	13.765	27.344	0	22.908
swarm_15_98.pdb	17.639	36.964	0	22.903
swarm_58_140.pdb	16.424	35.871	0	22.893
swarm_36_71.pdb	16.118	59.447	0	22.875
swarm_50_45.pdb	20.209	33.372	0.0188679	22.867
swarm_1_21.pdb	12.349	35.068	0	22.866
swarm_36_130.pdb	25.518	66.762	0	22.820
swarm_44_5.pdb	12.984	31.879	0	22.782
swarm_49_180.pdb	19.961	53.858	0	22.771
swarm_41_124.pdb	18.554	54.718	0	22.700
swarm_52_45.pdb	20.734	33.688	0	22.682
swarm_29_78.pdb	20.973	57.329	0	22.675
swarm_19_73.pdb	16.947	52.175	0	22.640
swarm_33_143.pdb	14.997	37.493	0	22.615
swarm_28_30.pdb	17.065	56.012	0	22.610
swarm_51_143.pdb	24.056	70.820	0	22.606
swarm_25_185.pdb	13.521	34.316	0.0754717	22.605
swarm_57_86.pdb	19.389	34.049	0.0566038	22.580
swarm_27_80.pdb	22.498	42.735	0	22.509
swarm_42_191.pdb	22.628	43.222	0	22.474
swarm_25_24.pdb	19.603	51.141	0	22.463
swarm_10_183.pdb	19.366	57.045	0	22.442
swarm_17_39.pdb	23.743	62.530	0	22.440
swarm_10_76.pdb	18.030	54.865	0	22.405
swarm_33_88.pdb	19.260	36.464	0	22.394
swarm_58_118.pdb	20.785	38.382	0	22.389
swarm_14_111.pdb	27.649	60.251	0	22.381
swarm_12_69.pdb	22.082	61.806	0	22.372
swarm_54_13.pdb	27.790	67.447	0	22.337
swarm_4_21.pdb	15.524	44.708	0	22.327
swarm_42_80.pdb	14.592	39.139	0	22.321
swarm_61_29.pdb	20.733	48.733	0	22.317
swarm_69_150.pdb	18.316	33.023	0	22.311
swarm_32_56.pdb	20.105	41.727	0.0188679	22.274
swarm_23_45.pdb	22.743	64.070	0	22.204
swarm_22_10.pdb	15.309	35.009	0	22.124
swarm_71_181.pdb	15.863	27.675	0.0566038	22.089
swarm_29_12.pdb	15.056	31.328	0	22.086
swarm_13_119.pdb	19.074	52.985	0	22.062
swarm_0_162.pdb	17.074	47.783	0	22.007
swarm_7_55.pdb	25.349	68.449	0	21.994
swarm_31_115.pdb	18.281	34.714	0	21.991
swarm_52_171.pdb	18.200	38.733	0	21.986
swarm_49_91.pdb	22.298	29.324	0	21.945
swarm_55_195.pdb	22.344	66.753	0	21.933
swarm_60_58.pdb	20.988	28.634	0	21.902
swarm_26_68.pdb	19.492	39.841	0	21.863
swarm_46_10.pdb	15.539	34.488	0	21.858
swarm_9_76.pdb	17.523	49.778	0	21.825
swarm_55_159.pdb	21.596	30.107	0	21.790
swarm_68_79.pdb	18.681	32.284	0.0188679	21.784
swarm_54_173.pdb	21.989	34.055	0	21.768
swarm_25_187.pdb	24.365	61.750	0	21.739
swarm_1_157.pdb	20.894	38.365	0	21.700
swarm_44_156.pdb	22.096	36.151	0	21.647
swarm_1_112.pdb	19.715	43.595	0	21.606
swarm_6_157.pdb	20.572	33.791	0	21.605
swarm_41_144.pdb	15.810	43.216	0	21.601
swarm_54_199.pdb	12.722	23.179	0.0188679	21.590
swarm_24_97.pdb	21.541	60.614	0	21.519
swarm_53_18.pdb	22.476	65.534	0	21.515
swarm_40_195.pdb	17.039	37.012	0	21.510
swarm_30_172.pdb	18.140	50.505	0	21.461
swarm_9_107.pdb	19.807	40.199	0	21.453
swarm_49_172.pdb	8.988	18.977	0.0188679	21.432
swarm_58_155.pdb	17.377	33.595	0	21.429
swarm_54_85.pdb	28.646	71.233	0	21.379
swarm_14_131.pdb	19.562	62.926	0	21.379
swarm_22_30.pdb	22.656	68.326	0	21.369
swarm_6_102.pdb	14.010	34.870	0	21.328
swarm_26_45.pdb	8.559	16.280	0	21.316
swarm_23_35.pdb	20.409	58.760	0	21.288
swarm_6_176.pdb	17.572	33.807	0	21.284
swarm_53_125.pdb	21.736	66.074	0	21.283
swarm_35_9.pdb	18.511	41.544	0	21.281
swarm_14_181.pdb	19.633	55.092	0	21.241
swarm_42_63.pdb	10.210	28.736	0	21.224
swarm_57_122.pdb	15.800	26.050	0	21.201
swarm_29_131.pdb	20.349	67.238	0	21.187
swarm_30_102.pdb	24.505	52.637	0	21.121
swarm_19_119.pdb	16.802	43.780	0	21.116
swarm_31_119.pdb	15.693	33.512	0	21.109
swarm_43_19.pdb	17.748	37.281	0	21.048
swarm_42_147.pdb	26.371	67.550	0	21.031
swarm_61_159.pdb	11.570	26.440	0.113208	20.989
swarm_14_24.pdb	17.535	49.486	0	20.975
swarm_52_92.pdb	22.587	71.485	0	20.972
swarm_18_51.pdb	23.436	53.456	0	20.965
swarm_27_193.pdb	18.066	36.392	0	20.930
swarm_7_104.pdb	25.058	66.573	0	20.911
swarm_36_34.pdb	22.211	55.402	0	20.898
swarm_10_79.pdb	20.409	51.559	0	20.863
swarm_54_114.pdb	11.364	23.431	0.0188679	20.814
swarm_21_71.pdb	26.059	70.124	0	20.810
swarm_26_152.pdb	15.695	38.626	0	20.783
swarm_43_53.pdb	18.264	38.538	0	20.730
swarm_2_38.pdb	8.508	21.243	0.0754717	20.699
swarm_26_46.pdb	16.394	48.231	0	20.657
swarm_66_148.pdb	15.137	31.166	0	20.641
swarm_30_32.pdb	17.913	57.133	0	20.631
swarm_54_189.pdb	16.821	29.508	0	20.626
swarm_17_168.pdb	22.475	37.063	0	20.594
swarm_40_148.pdb	21.006	51.865	0	20.568
swarm_61_85.pdb	26.941	52.837	0	20.509
swarm_8_97.pdb	17.755	53.760	0.0566038	20.506
swarm_42_108.pdb	15.037	40.369	0	20.430
swarm_44_135.pdb	22.976	39.397	0	20.392
swarm_41_46.pdb	15.139	43.101	0.0188679	20.369
swarm_70_112.pdb	21.680	35.266	0	20.343
swarm_18_141.pdb	16.761	47.539	0.0377358	20.307
swarm_4_121.pdb	20.890	40.507	0	20.301
swarm_7_38.pdb	22.266	67.353	0	20.250
swarm_0_105.pdb	10.812	21.958	0.113208	20.227
swarm_8_5.pdb	18.672	47.349	0.0188679	20.190
swarm_8_59.pdb	19.891	29.186	0	20.148
swarm_58_177.pdb	11.734	26.805	0	20.148
swarm_51_89.pdb	19.680	62.351	0	20.143
swarm_10_78.pdb	16.028	37.603	0	20.105
swarm_57_154.pdb	18.462	32.049	0.0188679	20.078
swarm_55_44.pdb	13.017	29.861	0.0566038	20.071
swarm_41_100.pdb	22.880	58.120	0	20.070
swarm_58_4.pdb	11.907	26.746	0	20.053
swarm_57_147.pdb	10.771	21.561	0	20.048
swarm_19_171.pdb	25.507	53.678	0	20.036
swarm_4_105.pdb	23.856	42.287	0	20.030
swarm_20_73.pdb	24.572	46.420	0	20.005
swarm_24_116.pdb	19.815	34.929	0	19.992
swarm_7_143.pdb	24.563	37.282	0	19.944
swarm_2_117.pdb	15.651	28.927	0	19.883
swarm_14_175.pdb	24.251	52.927	0	19.790
swarm_52_25.pdb	25.740	68.781	0	19.789
swarm_50_33.pdb	12.957	25.879	0	19.783
swarm_36_159.pdb	21.675	59.343	0	19.781
swarm_44_31.pdb	16.971	28.289	0	19.774
swarm_44_113.pdb	15.785	36.512	0	19.746
swarm_54_83.pdb	16.274	30.086	0	19.651
swarm_46_115.pdb	18.799	29.645	0	19.649
swarm_9_174.pdb	26.022	45.563	0	19.624
swarm_58_22.pdb	17.648	35.033	0	19.620
swarm_55_181.pdb	22.804	32.799	0	19.612
swarm_13_185.pdb	23.048	41.677	0	19.594
swarm_3_71.pdb	23.862	64.701	0	19.581
swarm_69_163.pdb	21.493	36.169	0	19.544
swarm_20_115.pdb	23.813	59.325	0	19.526
swarm_3_134.pdb	27.192	64.760	0	19.474
swarm_50_160.pdb	24.226	42.154	0	19.473
swarm_14_45.pdb	20.341	52.847	0	19.399
swarm_53_91.pdb	14.531	29.652	0	19.374
swarm_59_177.pdb	17.210	44.373	0	19.371
swarm_36_144.pdb	19.814	53.341	0	19.357
swarm_54_1.pdb	22.959	70.316	0	19.348
swarm_32_123.pdb	11.025	24.737	0.0188679	19.348
swarm_8_101.pdb	16.716	54.263	0	19.312
swarm_10_88.pdb	18.982	50.157	0	19.312
swarm_3_95.pdb	28.058	63.117	0	19.303
swarm_44_3.pdb	18.847	45.873	0	19.274
swarm_21_1.pdb	27.062	37.751	0	19.245
swarm_25_85.pdb	17.793	50.088	0.0377358	19.242
swarm_36_193.pdb	21.864	31.241	0	19.212
swarm_35_35.pdb	15.384	43.674	0	19.173
swarm_28_116.pdb	18.087	49.624	0	19.160
swarm_29_60.pdb	26.133	69.308	0	19.141
swarm_52_77.pdb	16.861	35.544	0	19.121
swarm_9_196.pdb	20.778	37.743	0	19.093
swarm_38_110.pdb	20.718	58.538	0	19.063
swarm_25_165.pdb	23.074	57.505	0	19.028
swarm_23_121.pdb	21.840	56.019	0	19.008
swarm_4_176.pdb	18.756	49.695	0	18.990
swarm_7_43.pdb	10.071	26.394	0.0188679	18.961
swarm_8_61.pdb	15.029	52.848	0	18.927
swarm_36_131.pdb	20.465	53.217	0	18.926
swarm_8_32.pdb	21.770	49.249	0	18.904
swarm_3_103.pdb	20.088	34.609	0	18.900
swarm_26_116.pdb	17.384	52.922	0	18.890
swarm_15_181.pdb	21.142	47.517	0	18.884
swarm_35_112.pdb	26.703	49.933	0	18.881
swarm_59_60.pdb	19.627	37.145	0	18.872
swarm_44_47.pdb	19.189	43.658	0	18.867
swarm_35_117.pdb	20.633	62.210	0	18.859
swarm_3_139.pdb	26.702	67.240	0	18.835
swarm_17_6.pdb	21.285	39.244	0	18.830
swarm_35_155.pdb	25.749	58.033	0	18.826
swarm_10_103.pdb	17.193	41.343	0	18.806
swarm_49_159.pdb	18.239	30.191	0	18.790
swarm_31_106.pdb	18.413	34.213	0	18.761
swarm_9_37.pdb	14.941	34.595	0	18.740
swarm_2_77.pdb	19.240	46.297	0	18.687
swarm_21_191.pdb	23.148	71.024	0	18.623
swarm_25_197.pdb	15.917	58.727	0	18.557
swarm_17_98.pdb	25.947	63.891	0	18.532
swarm_0_132.pdb	24.143	61.736	0	18.522
swarm_14_21.pdb	21.460	57.737	0	18.511
swarm_38_181.pdb	19.982	62.932	0	18.495
swarm_17_89.pdb	21.064	53.318	0	18.463
swarm_53_35.pdb	23.193	66.180	0	18.461
swarm_38_130.pdb	20.615	59.487	0	18.452
swarm_13_16.pdb	23.779	67.159	0	18.424
swarm_17_15.pdb	22.969	62.316	0	18.348
swarm_35_163.pdb	19.518	57.962	0	18.323
swarm_55_38.pdb	9.710	26.457	0.0188679	18.317
swarm_28_192.pdb	24.590	56.042	0	18.312
swarm_4_163.pdb	18.629	49.529	0	18.287
swarm_39_34.pdb	21.747	63.780	0	18.258
swarm_19_58.pdb	13.835	32.138	0	18.258
swarm_68_197.pdb	11.204	27.525	0.0943396	18.246
swarm_7_66.pdb	18.340	73.957	0	18.245
swarm_70_66.pdb	24.365	38.088	0	18.236
swarm_12_111.pdb	18.028	51.172	0	18.201
swarm_26_67.pdb	20.351	44.477	0	18.195
swarm_54_12.pdb	14.008	24.179	0	18.130
swarm_10_7.pdb	17.569	41.616	0	18.111
swarm_6_118.pdb	21.724	69.277	0	18.110
swarm_17_154.pdb	18.440	42.632	0	18.110
swarm_27_194.pdb	21.033	31.710	0	18.104
swarm_9_192.pdb	17.790	54.582	0	18.076
swarm_58_127.pdb	19.792	71.711	0	18.058
swarm_30_176.pdb	25.077	57.616	0	18.039
swarm_69_49.pdb	21.932	28.709	0	17.993
swarm_41_56.pdb	17.133	59.924	0	17.980
swarm_53_38.pdb	21.226	57.901	0	17.944
swarm_9_136.pdb	19.537	43.062	0	17.939
swarm_35_122.pdb	16.795	32.429	0	17.925
swarm_39_10.pdb	20.386	62.688	0	17.894
swarm_17_27.pdb	16.673	36.620	0	17.864
swarm_21_98.pdb	19.417	51.093	0	17.859
swarm_15_80.pdb	23.756	59.368	0	17.852
swarm_70_184.pdb	26.093	35.096	0	17.842
swarm_41_110.pdb	9.812	44.326	0.0566038	17.807
swarm_64_95.pdb	21.209	29.760	0	17.784
swarm_37_112.pdb	24.396	63.971	0	17.762
swarm_2_50.pdb	22.570	54.762	0	17.753
swarm_59_166.pdb	27.982	45.436	0	17.746
swarm_50_122.pdb	8.631	12.653	0.0754717	17.693
swarm_4_130.pdb	18.821	42.811	0	17.676
swarm_20_114.pdb	20.451	63.047	0	17.674
swarm_13_89.pdb	24.310	48.197	0	17.652
swarm_44_190.pdb	26.120	39.347	0	17.645
swarm_5_198.pdb	18.377	42.917	0	17.632
swarm_43_194.pdb	19.274	67.668	0	17.580
swarm_18_137.pdb	21.693	59.998	0	17.579
swarm_31_142.pdb	16.018	30.947	0	17.543
swarm_55_113.pdb	23.833	65.966	0	17.511
swarm_5_163.pdb	17.296	30.118	0	17.486
swarm_41_32.pdb	18.414	58.572	0	17.470
swarm_3_98.pdb	16.728	40.544	0	17.456
swarm_31_180.pdb	17.055	44.968	0	17.440
swarm_61_95.pdb	21.512	55.055	0	17.426
swarm_32_17.pdb	16.044	28.019	0	17.423
swarm_42_196.pdb	28.730	70.424	0	17.416
swarm_14_58.pdb	20.896	47.373	0	17.401
swarm_54_16.pdb	23.601	66.249	0	17.397
swarm_30_76.pdb	19.598	46.114	0	17.376
swarm_3_126.pdb	18.081	45.097	0	17.354
swarm_35_150.pdb	21.087	35.560	0	17.301
swarm_58_49.pdb	15.940	30.440	0	17.299
swarm_12_190.pdb	21.337	44.284	0	17.217
swarm_38_76.pdb	20.930	68.664	0	17.164
swarm_9_66.pdb	18.523	51.939	0	17.156
swarm_14_44.pdb	22.708	63.746	0	17.128
swarm_52_156.pdb	17.131	47.131	0	17.123
swarm_23_142.pdb	21.436	60.928	0	17.083
swarm_36_108.pdb	19.877	66.513	0	17.065
swarm_35_116.pdb	26.144	66.327	0	17.051
swarm_19_185.pdb	20.683	49.384	0	17.030
swarm_53_188.pdb	27.984	63.914	0	17.022
swarm_28_137.pdb	21.977	61.491	0	17.015
swarm_20_88.pdb	20.723	65.360	0	16.967
swarm_26_97.pdb	18.817	27.128	0	16.952
swarm_57_130.pdb	9.197	24.006	0.0188679	16.938
swarm_44_29.pdb	16.816	34.078	0	16.916
swarm_61_171.pdb	24.765	56.138	0	16.879
swarm_47_25.pdb	25.542	41.851	0	16.794
swarm_26_183.pdb	16.344	25.080	0	16.755
swarm_51_175.pdb	27.205	69.590	0	16.739
swarm_18_69.pdb	13.165	30.853	0	16.736
swarm_53_97.pdb	15.575	34.827	0	16.722
swarm_38_21.pdb	22.427	54.774	0	16.646
swarm_45_158.pdb	18.082	51.595	0	16.635
swarm_10_38.pdb	18.367	45.474	0	16.623
swarm_0_166.pdb	19.510	41.835	0	16.611
swarm_28_179.pdb	13.388	45.949	0	16.577
swarm_15_190.pdb	22.166	53.736	0	16.557
swarm_19_72.pdb	16.378	45.401	0	16.527
swarm_15_73.pdb	20.344	61.125	0.0754717	16.514
swarm_26_50.pdb	15.805	39.141	0	16.498
swarm_16_34.pdb	18.373	49.959	0	16.442
swarm_23_89.pdb	22.385	47.952	0	16.427
swarm_7_173.pdb	13.195	27.484	0	16.411
swarm_18_181.pdb	25.558	51.984	0	16.396
swarm_41_18.pdb	14.759	37.487	0	16.362
swarm_38_118.pdb	24.184	60.388	0	16.355
swarm_3_120.pdb	16.123	38.071	0	16.346
swarm_55_7.pdb	21.590	31.408	0	16.345
swarm_5_84.pdb	16.957	36.173	0	16.329
swarm_31_138.pdb	17.695	43.208	0	16.323
swarm_60_122.pdb	12.954	20.212	0	16.296
swarm_42_7.pdb	23.285	39.769	0	16.295
swarm_10_26.pdb	16.471	41.497	0	16.295
swarm_7_107.pdb	21.771	29.479	0	16.285
swarm_25_102.pdb	20.496	41.880	0	16.250
swarm_39_81.pdb	22.427	60.564	0	16.205
swarm_57_70.pdb	9.342	26.026	0	16.204
swarm_52_24.pdb	15.961	39.756	0	16.089
swarm_14_191.pdb	17.223	48.683	0	16.037
swarm_36_125.pdb	23.352	59.509	0	16.017
swarm_9_45.pdb	20.420	46.826	0	15.984
swarm_51_193.pdb	19.073	67.420	0	15.980
swarm_20_43.pdb	23.321	53.816	0	15.957
swarm_20_78.pdb	21.218	63.839	0	15.951
swarm_62_179.pdb	19.464	26.492	0	15.918
swarm_29_12.pdb	8.739	25.924	0.0566038	15.862
swarm_18_101.pdb	19.236	55.370	0	15.835
swarm_35_110.pdb	19.204	55.434	0	15.833
swarm_63_112.pdb	25.214	61.146	0	15.818
swarm_46_95.pdb	18.786	34.040	0	15.795
swarm_66_24.pdb	10.499	23.475	0	15.667
swarm_53_154.pdb	19.409	41.293	0	15.643
swarm_21_143.pdb	16.107	42.535	0	15.635
swarm_35_191.pdb	19.657	58.084	0	15.603
swarm_46_167.pdb	10.927	24.009	0	15.578
swarm_18_100.pdb	17.462	51.210	0	15.509
swarm_39_33.pdb	24.449	60.296	0	15.500
swarm_27_5.pdb	16.663	32.668	0	15.471
swarm_7_120.pdb	26.467	40.685	0	15.443
swarm_1_132.pdb	12.916	26.590	0	15.369
swarm_36_43.pdb	17.417	26.549	0	15.362
swarm_47_107.pdb	14.502	34.035	0	15.361
swarm_14_152.pdb	15.868	58.337	0	15.357
swarm_31_36.pdb	19.782	39.047	0	15.332
swarm_12_167.pdb	17.080	44.918	0	15.315
swarm_24_127.pdb	23.382	42.689	0	15.289
swarm_41_148.pdb	20.516	59.164	0	15.281
swarm_14_153.pdb	16.465	58.995	0	15.281
swarm_31_52.pdb	15.727	41.666	0.0377358	15.277
swarm_28_65.pdb	18.474	49.539	0	15.256
swarm_25_134.pdb	20.160	45.267	0	15.253
swarm_52_178.pdb	17.860	35.503	0	15.207
swarm_17_68.pdb	23.371	65.453	0	15.203
swarm_17_45.pdb	24.673	60.536	0	15.190
swarm_18_101.pdb	14.789	32.279	0	15.164
swarm_3_107.pdb	20.940	45.714	0	15.156
swarm_10_56.pdb	17.706	43.275	0	15.135
swarm_48_14.pdb	22.439	28.298	0	15.130
swarm_4_130.pdb	21.407	45.050	0	15.010
swarm_4_112.pdb	15.020	41.724	0	14.943
swarm_24_123.pdb	20.977	43.816	0	14.941
swarm_70_180.pdb	15.299	40.859	0	14.939
swarm_35_72.pdb	25.755	58.199	0	14.906
swarm_54_156.pdb	8.958	20.219	0.0377358	14.884
swarm_49_146.pdb	19.380	53.469	0	14.884
swarm_67_132.pdb	9.112	37.180	0.0377358	14.834
swarm_42_172.pdb	13.401	29.316	0	14.823
swarm_10_69.pdb	15.524	39.175	0	14.702
swarm_7_131.pdb	10.740	23.731	0	14.701
swarm_45_112.pdb	19.024	45.748	0	14.633
swarm_69_8.pdb	13.859	32.550	0	14.621
swarm_54_78.pdb	23.950	66.110	0	14.529
swarm_38_30.pdb	20.845	55.890	0	14.465
swarm_60_115.pdb	19.458	27.728	0	14.419
swarm_29_160.pdb	14.638	34.283	0.0943396	14.418
swarm_12_152.pdb	15.119	31.138	0	14.406
swarm_3_130.pdb	24.824	65.602	0	14.357
swarm_30_96.pdb	21.579	51.783	0	14.334
swarm_38_182.pdb	20.029	59.768	0	14.314
swarm_44_73.pdb	18.047	32.864	0.0943396	14.281
swarm_25_105.pdb	20.537	59.028	0	14.218
swarm_42_121.pdb	20.462	64.989	0	14.137
swarm_15_111.pdb	21.940	47.891	0	14.131
swarm_28_153.pdb	19.436	40.515	0	13.986
swarm_23_24.pdb	19.457	55.597	0	13.926
swarm_43_36.pdb	14.207	26.101	0	13.904
swarm_24_82.pdb	23.355	45.886	0	13.827
swarm_17_64.pdb	21.712	31.107	0	13.813
swarm_59_145.pdb	24.160	36.018	0	13.786
swarm_51_127.pdb	14.566	26.244	0	13.781
swarm_60_178.pdb	13.434	27.837	0	13.734
swarm_35_170.pdb	22.662	45.264	0	13.730
swarm_12_116.pdb	11.884	29.907	0	13.726
swarm_35_76.pdb	18.099	47.888	0	13.720
swarm_9_13.pdb	21.885	39.668	0	13.575
swarm_44_55.pdb	22.249	39.201	0	13.572
swarm_9_172.pdb	24.862	48.784	0	13.515
swarm_55_194.pdb	20.704	34.178	0	13.391
swarm_14_78.pdb	25.714	61.406	0	13.385
swarm_13_40.pdb	24.251	61.955	0	13.247
swarm_20_179.pdb	20.584	43.030	0	13.213
swarm_49_79.pdb	21.497	47.862	0	13.035
swarm_22_133.pdb	23.912	65.132	0	12.956
swarm_30_29.pdb	19.564	54.891	0	12.952
swarm_60_83.pdb	19.715	29.444	0	12.951
swarm_17_132.pdb	22.190	33.094	0	12.930
swarm_38_170.pdb	18.679	66.076	0	12.863
swarm_28_21.pdb	25.915	55.836	0	12.568
swarm_21_142.pdb	21.841	48.378	0	12.511
swarm_45_79.pdb	18.621	41.070	0	12.478
swarm_31_152.pdb	19.262	50.371	0	12.406
swarm_26_32.pdb	10.729	20.320	0	12.319
swarm_68_75.pdb	19.732	30.840	0	12.315
swarm_14_171.pdb	24.709	60.158	0	12.183
swarm_23_64.pdb	12.546	25.388	0	12.159
swarm_39_195.pdb	28.940	62.209	0	12.047
swarm_0_175.pdb	14.165	46.567	0	12.009
swarm_32_84.pdb	22.805	37.452	0.0566038	11.984
swarm_26_185.pdb	13.389	42.575	0	11.944
swarm_50_24.pdb	20.990	38.976	0	11.833
swarm_19_186.pdb	19.024	47.172	0	11.827
swarm_49_119.pdb	23.731	31.995	0	11.812
swarm_53_35.pdb	18.216	33.265	0	11.769
swarm_35_43.pdb	25.395	60.797	0	11.753
swarm_0_109.pdb	19.447	59.443	0	11.751
swarm_28_136.pdb	20.332	47.710	0	11.669
swarm_5_167.pdb	20.727	39.752	0	11.658
swarm_0_41.pdb	21.219	49.607	0	11.645
swarm_8_65.pdb	16.667	27.304	0	11.617
swarm_30_30.pdb	17.143	53.688	0	11.600
swarm_54_168.pdb	15.750	29.415	0	11.531
swarm_1_55.pdb	15.158	32.671	0	11.487
swarm_58_147.pdb	11.202	35.075	0	11.484
swarm_42_39.pdb	21.056	40.047	0	11.454
swarm_25_147.pdb	15.781	43.446	0	11.329
swarm_57_42.pdb	20.426	32.296	0	11.274
swarm_4_87.pdb	19.591	38.098	0	11.240
swarm_42_151.pdb	9.882	42.814	0.0377358	11.201
swarm_17_117.pdb	16.196	37.212	0	11.080
swarm_15_172.pdb	14.349	42.289	0	11.023
swarm_12_100.pdb	20.986	50.850	0	10.988
swarm_18_75.pdb	21.808	51.910	0	10.713
swarm_9_30.pdb	27.943	49.792	0	10.598
swarm_41_119.pdb	18.140	71.562	0.0188679	10.573
swarm_21_163.pdb	21.890	37.914	0	10.424
swarm_2_78.pdb	7.978	23.548	0.0188679	10.299
swarm_67_187.pdb	12.910	28.770	0	9.901
swarm_9_109.pdb	15.055	45.468	0	9.777
swarm_46_80.pdb	11.886	26.283	0	9.731
swarm_21_170.pdb	20.907	65.647	0	9.582
swarm_31_59.pdb	17.420	43.382	0	9.578
swarm_60_46.pdb	20.152	31.083	0	9.552
swarm_60_68.pdb	12.809	21.283	0	9.444
swarm_45_28.pdb	22.327	50.232	0	9.391
swarm_6_109.pdb	15.224	38.800	0	9.368
swarm_68_87.pdb	7.153	30.800	0.0188679	8.681
swarm_9_146.pdb	22.952	39.748	0	8.451
swarm_61_144.pdb	28.871	59.534	0	8.408
swarm_30_132.pdb	17.526	44.498	0	8.372
swarm_15_100.pdb	18.380	51.805	0	8.303
swarm_6_83.pdb	18.982	44.114	0	8.139
swarm_53_14.pdb	11.787	27.512	0	7.798
swarm_33_40.pdb	17.077	40.055	0	7.796
swarm_57_5.pdb	14.713	28.412	0.0188679	7.754
swarm_46_123.pdb	12.787	23.137	0	7.532
swarm_44_163.pdb	17.031	37.348	0	7.528
swarm_39_40.pdb	15.518	61.495	0	7.415
swarm_37_83.pdb	22.156	63.504	0.0188679	7.331
swarm_40_98.pdb	21.451	55.192	0	7.215
swarm_48_140.pdb	16.399	34.882	0	7.082
swarm_17_38.pdb	19.438	54.511	0	6.866
swarm_32_181.pdb	23.007	40.347	0	6.411
swarm_26_141.pdb	17.191	48.667	0	6.238
swarm_19_22.pdb	16.763	27.006	0.0188679	6.148
swarm_18_18.pdb	20.448	45.138	0	5.797
swarm_64_184.pdb	13.458	25.026	0.0188679	5.666
swarm_55_37.pdb	14.013	24.727	0	5.545
swarm_62_199.pdb	6.893	14.858	0.433962	5.170
swarm_19_26.pdb	15.301	24.746	0	5.041
swarm_27_38.pdb	19.033	50.081	0	4.975
swarm_60_42.pdb	16.191	30.194	0	4.914
swarm_47_52.pdb	17.501	33.973	0	4.851
swarm_11_97.pdb	26.460	67.794	0	4.806
swarm_13_80.pdb	20.563	60.786	0	4.620
swarm_52_39.pdb	9.889	26.777	0	4.588
swarm_51_72.pdb	24.209	71.520	0	4.434
swarm_11_175.pdb	20.091	62.653	0	3.901
swarm_3_171.pdb	17.120	43.415	0	3.418
swarm_46_107.pdb	16.801	31.083	0	3.167
swarm_56_93.pdb	8.312	28.429	0.0754717	3.057
swarm_8_174.pdb	16.050	31.627	0	2.917
swarm_44_104.pdb	16.767	32.568	0	2.907
swarm_31_31.pdb	13.412	26.812	0	2.495
swarm_16_119.pdb	19.783	42.787	0	2.388
swarm_1_130.pdb	17.197	27.209	0	2.200
swarm_41_190.pdb	17.161	33.630	0	2.089
swarm_30_195.pdb	19.450	48.940	0	1.822
swarm_29_54.pdb	16.900	38.294	0	1.768
swarm_51_84.pdb	21.408	65.075	0	1.500
swarm_1_170.pdb	14.388	25.951	0	1.174
swarm_19_181.pdb	13.993	37.836	0	0.714
swarm_14_169.pdb	24.616	57.972	0	0.634
swarm_26_184.pdb	16.375	26.341	0	0.200
