swarm_17_124.pdb	21.990	58.617	0	30.902
swarm_16_115.pdb	15.034	34.170	0	29.503
swarm_31_83.pdb	17.981	35.616	0	29.288
swarm_20_70.pdb	19.846	52.585	0	29.262
swarm_14_66.pdb	18.050	58.355	0	28.988
swarm_18_73.pdb	22.077	49.875	0	28.782
swarm_53_187.pdb	23.231	67.360	0	28.715
swarm_3_179.pdb	15.255	57.407	0	28.395
swarm_24_29.pdb	17.558	62.264	0	27.878
swarm_3_140.pdb	22.477	64.918	0	27.222
swarm_32_169.pdb	17.272	41.255	0	26.350
swarm_3_70.pdb	17.468	66.836	0	26.327
swarm_54_163.pdb	24.279	65.959	0	26.214
swarm_17_179.pdb	22.987	63.164	0	26.201
swarm_19_183.pdb	25.085	53.642	0	25.996
swarm_24_105.pdb	19.516	61.872	0	25.831
swarm_19_188.pdb	18.678	48.338	0	25.828
swarm_44_120.pdb	18.623	30.335	0	25.489
swarm_32_106.pdb	16.221	31.326	0	25.436
swarm_43_121.pdb	18.536	64.031	0	25.394
swarm_58_193.pdb	20.325	72.040	0	25.239
swarm_4_83.pdb	19.263	42.589	0	25.216
swarm_51_189.pdb	20.015	63.877	0	25.082
swarm_37_36.pdb	20.320	62.389	0	25.062
swarm_3_103.pdb	18.348	60.796	0	24.988
swarm_13_34.pdb	19.774	56.227	0	24.929
swarm_40_171.pdb	15.639	43.576	0	24.896
swarm_58_130.pdb	18.580	69.885	0	24.776
swarm_14_83.pdb	23.580	51.180	0	24.643
swarm_35_34.pdb	21.366	56.093	0	24.627
swarm_15_189.pdb	14.953	35.269	0	24.553
swarm_35_106.pdb	21.021	58.875	0	24.409
swarm_18_151.pdb	18.939	50.484	0	24.368
swarm_19_43.pdb	17.316	49.595	0	24.222
swarm_21_4.pdb	24.823	67.456	0	23.966
swarm_23_66.pdb	20.275	41.299	0	23.842
swarm_9_10.pdb	16.552	55.804	0	23.748
swarm_42_53.pdb	26.585	69.715	0	23.631
swarm_33_72.pdb	17.658	31.124	0	23.550
swarm_20_186.pdb	23.265	62.312	0	23.493
swarm_38_40.pdb	14.421	53.636	0	23.344
swarm_17_91.pdb	19.585	61.766	0	23.327
swarm_21_77.pdb	17.202	65.833	0	23.313
swarm_40_116.pdb	20.556	52.660	0	23.136
swarm_38_140.pdb	27.211	59.298	0	23.093
swarm_15_98.pdb	17.639	36.964	0	22.903
swarm_36_71.pdb	16.118	59.447	0	22.875
swarm_36_130.pdb	25.518	66.762	0	22.820
swarm_41_124.pdb	18.554	54.718	0	22.700
swarm_29_78.pdb	20.973	57.329	0	22.675
swarm_19_73.pdb	16.947	52.175	0	22.640
swarm_51_143.pdb	24.056	70.820	0	22.606
swarm_17_39.pdb	23.743	62.530	0	22.440
swarm_10_76.pdb	18.030	54.865	0	22.405
swarm_14_111.pdb	27.649	60.251	0	22.381
swarm_54_13.pdb	27.790	67.447	0	22.337
swarm_13_119.pdb	19.074	52.985	0	22.062
swarm_7_55.pdb	25.349	68.449	0	21.994
swarm_55_195.pdb	22.344	66.753	0	21.933
swarm_9_76.pdb	17.523	49.778	0	21.825
swarm_25_187.pdb	24.365	61.750	0	21.739
swarm_24_97.pdb	21.541	60.614	0	21.519
swarm_53_18.pdb	22.476	65.534	0	21.515
swarm_30_172.pdb	18.140	50.505	0	21.461
swarm_54_85.pdb	28.646	71.233	0	21.379
swarm_14_131.pdb	19.562	62.926	0	21.379
swarm_22_30.pdb	22.656	68.326	0	21.369
swarm_53_125.pdb	21.736	66.074	0	21.283
swarm_14_181.pdb	19.633	55.092	0	21.241
swarm_29_131.pdb	20.349	67.238	0	21.187
swarm_30_102.pdb	24.505	52.637	0	21.121
swarm_19_119.pdb	16.802	43.780	0	21.116
swarm_42_147.pdb	26.371	67.550	0	21.031
swarm_52_92.pdb	22.587	71.485	0	20.972
swarm_18_51.pdb	23.436	53.456	0	20.965
swarm_7_104.pdb	25.058	66.573	0	20.911
swarm_36_34.pdb	22.211	55.402	0	20.898
swarm_10_79.pdb	20.409	51.559	0	20.863
swarm_21_71.pdb	26.059	70.124	0	20.810
swarm_26_46.pdb	16.394	48.231	0	20.657
swarm_30_32.pdb	17.913	57.133	0	20.631
swarm_40_148.pdb	21.006	51.865	0	20.568
swarm_8_97.pdb	17.755	53.760	0.0566038	20.506
swarm_7_38.pdb	22.266	67.353	0	20.250
swarm_8_5.pdb	18.672	47.349	0.0188679	20.190
swarm_51_89.pdb	19.680	62.351	0	20.143
swarm_41_100.pdb	22.880	58.120	0	20.070
swarm_19_171.pdb	25.507	53.678	0	20.036
swarm_14_175.pdb	24.251	52.927	0	19.790
swarm_52_25.pdb	25.740	68.781	0	19.789
swarm_36_159.pdb	21.675	59.343	0	19.781
swarm_44_113.pdb	15.785	36.512	0	19.746
swarm_3_71.pdb	23.862	64.701	0	19.581
swarm_20_115.pdb	23.813	59.325	0	19.526
swarm_3_134.pdb	27.192	64.760	0	19.474
swarm_36_144.pdb	19.814	53.341	0	19.357
swarm_54_1.pdb	22.959	70.316	0	19.348
swarm_8_101.pdb	16.716	54.263	0	19.312
swarm_10_88.pdb	18.982	50.157	0	19.312
swarm_3_95.pdb	28.058	63.117	0	19.303
swarm_28_116.pdb	18.087	49.624	0	19.160
swarm_29_60.pdb	26.133	69.308	0	19.141
swarm_38_110.pdb	20.718	58.538	0	19.063
swarm_25_165.pdb	23.074	57.505	0	19.028
swarm_8_61.pdb	15.029	52.848	0	18.927
swarm_36_131.pdb	20.465	53.217	0	18.926
swarm_8_32.pdb	21.770	49.249	0	18.904
swarm_26_116.pdb	17.384	52.922	0	18.890
swarm_35_117.pdb	20.633	62.210	0	18.859
swarm_3_139.pdb	26.702	67.240	0	18.835
swarm_35_155.pdb	25.749	58.033	0	18.826
swarm_10_103.pdb	17.193	41.343	0	18.806
swarm_21_191.pdb	23.148	71.024	0	18.623
swarm_25_197.pdb	15.917	58.727	0	18.557
swarm_17_98.pdb	25.947	63.891	0	18.532
swarm_14_21.pdb	21.460	57.737	0	18.511
swarm_38_181.pdb	19.982	62.932	0	18.495
swarm_17_89.pdb	21.064	53.318	0	18.463
swarm_53_35.pdb	23.193	66.180	0	18.461
swarm_38_130.pdb	20.615	59.487	0	18.452
swarm_17_15.pdb	22.969	62.316	0	18.348
swarm_35_163.pdb	19.518	57.962	0	18.323
swarm_4_163.pdb	18.629	49.529	0	18.287
swarm_39_34.pdb	21.747	63.780	0	18.258
swarm_7_66.pdb	18.340	73.957	0	18.245
swarm_26_67.pdb	20.351	44.477	0	18.195
swarm_6_118.pdb	21.724	69.277	0	18.110
swarm_9_192.pdb	17.790	54.582	0	18.076
swarm_58_127.pdb	19.792	71.711	0	18.058
swarm_30_176.pdb	25.077	57.616	0	18.039
swarm_41_56.pdb	17.133	59.924	0	17.980
swarm_53_38.pdb	21.226	57.901	0	17.944
swarm_39_10.pdb	20.386	62.688	0	17.894
swarm_37_112.pdb	24.396	63.971	0	17.762
swarm_4_130.pdb	18.821	42.811	0	17.676
swarm_20_114.pdb	20.451	63.047	0	17.674
swarm_43_194.pdb	19.274	67.668	0	17.580
swarm_18_137.pdb	21.693	59.998	0	17.579
swarm_55_113.pdb	23.833	65.966	0	17.511
swarm_41_32.pdb	18.414	58.572	0	17.470
swarm_42_196.pdb	28.730	70.424	0	17.416
swarm_54_16.pdb	23.601	66.249	0	17.397
swarm_30_76.pdb	19.598	46.114	0	17.376
swarm_9_66.pdb	18.523	51.939	0	17.156
swarm_36_108.pdb	19.877	66.513	0	17.065
swarm_35_116.pdb	26.144	66.327	0	17.051
swarm_19_185.pdb	20.683	49.384	0	17.030
swarm_53_188.pdb	27.984	63.914	0	17.022
swarm_20_88.pdb	20.723	65.360	0	16.967
swarm_51_175.pdb	27.205	69.590	0	16.739
swarm_38_21.pdb	22.427	54.774	0	16.646
swarm_0_166.pdb	19.510	41.835	0	16.611
swarm_19_72.pdb	16.378	45.401	0	16.527
swarm_26_50.pdb	15.805	39.141	0	16.498
swarm_18_181.pdb	25.558	51.984	0	16.396
swarm_38_118.pdb	24.184	60.388	0	16.355
swarm_31_138.pdb	17.695	43.208	0	16.323
swarm_57_70.pdb	9.342	26.026	0	16.204
swarm_36_125.pdb	23.352	59.509	0	16.017
swarm_51_193.pdb	19.073	67.420	0	15.980
swarm_20_78.pdb	21.218	63.839	0	15.951
swarm_18_101.pdb	19.236	55.370	0	15.835
swarm_35_110.pdb	19.204	55.434	0	15.833
swarm_35_191.pdb	19.657	58.084	0	15.603
swarm_18_100.pdb	17.462	51.210	0	15.509
swarm_14_152.pdb	15.868	58.337	0	15.357
swarm_41_148.pdb	20.516	59.164	0	15.281
swarm_14_153.pdb	16.465	58.995	0	15.281
swarm_17_68.pdb	23.371	65.453	0	15.203
swarm_17_45.pdb	24.673	60.536	0	15.190
swarm_10_56.pdb	17.706	43.275	0	15.135
swarm_4_112.pdb	15.020	41.724	0	14.943
swarm_35_72.pdb	25.755	58.199	0	14.906
swarm_10_69.pdb	15.524	39.175	0	14.702
swarm_54_78.pdb	23.950	66.110	0	14.529
swarm_38_30.pdb	20.845	55.890	0	14.465
swarm_3_130.pdb	24.824	65.602	0	14.357
swarm_30_96.pdb	21.579	51.783	0	14.334
swarm_38_182.pdb	20.029	59.768	0	14.314
swarm_25_105.pdb	20.537	59.028	0	14.218
swarm_42_121.pdb	20.462	64.989	0	14.137
swarm_12_116.pdb	11.884	29.907	0	13.726
swarm_13_40.pdb	24.251	61.955	0	13.247
swarm_49_79.pdb	21.497	47.862	0	13.035
swarm_22_133.pdb	23.912	65.132	0	12.956
swarm_30_29.pdb	19.564	54.891	0	12.952
swarm_14_171.pdb	24.709	60.158	0	12.183
swarm_26_185.pdb	13.389	42.575	0	11.944
swarm_19_186.pdb	19.024	47.172	0	11.827
swarm_35_43.pdb	25.395	60.797	0	11.753
swarm_30_30.pdb	17.143	53.688	0	11.600
swarm_4_87.pdb	19.591	38.098	0	11.240
swarm_15_172.pdb	14.349	42.289	0	11.023
swarm_18_75.pdb	21.808	51.910	0	10.713
swarm_33_40.pdb	17.077	40.055	0	7.796
swarm_44_163.pdb	17.031	37.348	0	7.528
swarm_39_40.pdb	15.518	61.495	0	7.415
swarm_26_141.pdb	17.191	48.667	0	6.238
swarm_18_18.pdb	20.448	45.138	0	5.797
swarm_62_199.pdb	6.893	14.858	0.433962	5.170
swarm_27_38.pdb	19.033	50.081	0	4.975
swarm_11_97.pdb	26.460	67.794	0	4.806
swarm_13_80.pdb	20.563	60.786	0	4.620
swarm_51_72.pdb	24.209	71.520	0	4.434
swarm_11_175.pdb	20.091	62.653	0	3.901
swarm_56_93.pdb	8.312	28.429	0.0754717	3.057
swarm_16_119.pdb	19.783	42.787	0	2.388
swarm_30_195.pdb	19.450	48.940	0	1.822
swarm_51_84.pdb	21.408	65.075	0	1.500
swarm_14_169.pdb	24.616	57.972	0	0.634
