swarm_64_93.pdb	16.966	32.120	0.0377358	34.605
swarm_1_183.pdb	18.491	45.987	0.0377358	31.046
swarm_44_60.pdb	16.247	36.770	0	31.029
swarm_44_105.pdb	18.694	31.044	0	30.996
swarm_53_87.pdb	19.660	30.385	0	30.696
swarm_27_40.pdb	17.088	33.404	0	28.222
swarm_25_41.pdb	14.976	29.672	0	28.037
swarm_44_5.pdb	16.991	34.335	0	27.840
swarm_1_102.pdb	16.954	36.600	0	27.720
swarm_44_156.pdb	17.411	35.449	0.0188679	27.714
swarm_27_50.pdb	17.443	29.947	0	27.610
swarm_53_160.pdb	18.938	33.981	0	27.196
swarm_42_17.pdb	21.869	37.782	0	26.951
swarm_60_102.pdb	15.967	27.301	0	26.725
swarm_58_142.pdb	14.225	33.786	0	26.492
swarm_52_194.pdb	17.316	40.520	0.0188679	26.115
swarm_19_185.pdb	18.461	33.159	0	25.707
swarm_42_148.pdb	16.179	38.169	0	25.690
swarm_44_18.pdb	17.641	34.958	0.0566038	25.572
swarm_53_8.pdb	16.730	25.701	0	25.571
swarm_18_21.pdb	22.245	44.534	0	24.770
swarm_45_173.pdb	17.737	44.320	0	24.728
swarm_60_80.pdb	15.187	33.536	0	24.429
swarm_64_29.pdb	8.942	19.351	0.207547	24.221
swarm_26_14.pdb	15.231	30.997	0	24.020
swarm_25_141.pdb	19.753	33.408	0	23.999
swarm_15_158.pdb	20.938	53.599	0	23.999
swarm_44_4.pdb	18.607	39.765	0	23.890
swarm_19_10.pdb	17.479	26.000	0	23.853
swarm_25_31.pdb	20.253	41.383	0	23.838
swarm_53_143.pdb	12.711	33.838	0.0377358	23.401
swarm_15_78.pdb	23.355	54.452	0	23.174
swarm_45_93.pdb	18.049	49.496	0	23.058
swarm_5_155.pdb	16.210	36.432	0	22.997
swarm_10_30.pdb	19.479	46.586	0	22.986
swarm_58_140.pdb	16.424	35.871	0	22.893
swarm_49_180.pdb	19.961	53.858	0	22.771
swarm_28_30.pdb	17.065	56.012	0	22.610
swarm_25_185.pdb	13.521	34.316	0.0754717	22.605
swarm_27_80.pdb	22.498	42.735	0	22.509
swarm_58_118.pdb	20.785	38.382	0	22.389
swarm_12_69.pdb	22.082	61.806	0	22.372
swarm_42_80.pdb	14.592	39.139	0	22.321
swarm_61_29.pdb	20.733	48.733	0	22.317
swarm_23_45.pdb	22.743	64.070	0	22.204
swarm_26_68.pdb	19.492	39.841	0	21.863
swarm_1_157.pdb	20.894	38.365	0	21.700
swarm_1_112.pdb	19.715	43.595	0	21.606
swarm_40_195.pdb	17.039	37.012	0	21.510
swarm_9_107.pdb	19.807	40.199	0	21.453
swarm_58_155.pdb	17.377	33.595	0	21.429
swarm_23_35.pdb	20.409	58.760	0	21.288
swarm_42_63.pdb	10.210	28.736	0	21.224
swarm_26_152.pdb	15.695	38.626	0	20.783
swarm_61_85.pdb	26.941	52.837	0	20.509
swarm_42_108.pdb	15.037	40.369	0	20.430
swarm_44_135.pdb	22.976	39.397	0	20.392
swarm_18_141.pdb	16.761	47.539	0.0377358	20.307
swarm_10_78.pdb	16.028	37.603	0	20.105
swarm_58_4.pdb	11.907	26.746	0	20.053
swarm_24_116.pdb	19.815	34.929	0	19.992
swarm_9_174.pdb	26.022	45.563	0	19.624
swarm_58_22.pdb	17.648	35.033	0	19.620
swarm_59_177.pdb	17.210	44.373	0	19.371
swarm_44_3.pdb	18.847	45.873	0	19.274
swarm_52_77.pdb	16.861	35.544	0	19.121
swarm_23_121.pdb	21.840	56.019	0	19.008
swarm_9_37.pdb	14.941	34.595	0	18.740
swarm_2_77.pdb	19.240	46.297	0	18.687
swarm_0_132.pdb	24.143	61.736	0	18.522
swarm_13_16.pdb	23.779	67.159	0	18.424
swarm_28_192.pdb	24.590	56.042	0	18.312
swarm_68_197.pdb	11.204	27.525	0.0943396	18.246
swarm_12_111.pdb	18.028	51.172	0	18.201
swarm_27_194.pdb	21.033	31.710	0	18.104
swarm_9_136.pdb	19.537	43.062	0	17.939
swarm_21_98.pdb	19.417	51.093	0	17.859
swarm_15_80.pdb	23.756	59.368	0	17.852
swarm_2_50.pdb	22.570	54.762	0	17.753
swarm_5_198.pdb	18.377	42.917	0	17.632
swarm_5_163.pdb	17.296	30.118	0	17.486
swarm_3_98.pdb	16.728	40.544	0	17.456
swarm_61_95.pdb	21.512	55.055	0	17.426
swarm_3_126.pdb	18.081	45.097	0	17.354
swarm_12_190.pdb	21.337	44.284	0	17.217
swarm_38_76.pdb	20.930	68.664	0	17.164
swarm_14_44.pdb	22.708	63.746	0	17.128
swarm_23_142.pdb	21.436	60.928	0	17.083
swarm_28_137.pdb	21.977	61.491	0	17.015
swarm_61_171.pdb	24.765	56.138	0	16.879
swarm_53_97.pdb	15.575	34.827	0	16.722
swarm_45_158.pdb	18.082	51.595	0	16.635
swarm_10_38.pdb	18.367	45.474	0	16.623
swarm_28_179.pdb	13.388	45.949	0	16.577
swarm_15_190.pdb	22.166	53.736	0	16.557
swarm_15_73.pdb	20.344	61.125	0.0754717	16.514
swarm_16_34.pdb	18.373	49.959	0	16.442
swarm_23_89.pdb	22.385	47.952	0	16.427
swarm_5_84.pdb	16.957	36.173	0	16.329
swarm_25_102.pdb	20.496	41.880	0	16.250
swarm_39_81.pdb	22.427	60.564	0	16.205
swarm_52_24.pdb	15.961	39.756	0	16.089
swarm_9_45.pdb	20.420	46.826	0	15.984
swarm_20_43.pdb	23.321	53.816	0	15.957
swarm_63_112.pdb	25.214	61.146	0	15.818
swarm_53_154.pdb	19.409	41.293	0	15.643
swarm_39_33.pdb	24.449	60.296	0	15.500
swarm_27_5.pdb	16.663	32.668	0	15.471
swarm_12_167.pdb	17.080	44.918	0	15.315
swarm_24_127.pdb	23.382	42.689	0	15.289
swarm_25_134.pdb	20.160	45.267	0	15.253
swarm_3_107.pdb	20.940	45.714	0	15.156
swarm_24_123.pdb	20.977	43.816	0	14.941
swarm_49_146.pdb	19.380	53.469	0	14.884
swarm_67_132.pdb	9.112	37.180	0.0377358	14.834
swarm_45_112.pdb	19.024	45.748	0	14.633
swarm_60_115.pdb	19.458	27.728	0	14.419
swarm_15_111.pdb	21.940	47.891	0	14.131
swarm_28_153.pdb	19.436	40.515	0	13.986
swarm_23_24.pdb	19.457	55.597	0	13.926
swarm_24_82.pdb	23.355	45.886	0	13.827
swarm_60_178.pdb	13.434	27.837	0	13.734
swarm_35_76.pdb	18.099	47.888	0	13.720
swarm_9_172.pdb	24.862	48.784	0	13.515
swarm_14_78.pdb	25.714	61.406	0	13.385
swarm_38_170.pdb	18.679	66.076	0	12.863
swarm_28_21.pdb	25.915	55.836	0	12.568
swarm_21_142.pdb	21.841	48.378	0	12.511
swarm_45_79.pdb	18.621	41.070	0	12.478
swarm_39_195.pdb	28.940	62.209	0	12.047
swarm_0_109.pdb	19.447	59.443	0	11.751
swarm_28_136.pdb	20.332	47.710	0	11.669
swarm_54_168.pdb	15.750	29.415	0	11.531
swarm_1_55.pdb	15.158	32.671	0	11.487
swarm_25_147.pdb	15.781	43.446	0	11.329
swarm_12_100.pdb	20.986	50.850	0	10.988
swarm_9_30.pdb	27.943	49.792	0	10.598
swarm_41_119.pdb	18.140	71.562	0.0188679	10.573
swarm_67_187.pdb	12.910	28.770	0	9.901
swarm_9_109.pdb	15.055	45.468	0	9.777
swarm_46_80.pdb	11.886	26.283	0	9.731
swarm_21_170.pdb	20.907	65.647	0	9.582
swarm_45_28.pdb	22.327	50.232	0	9.391
swarm_68_87.pdb	7.153	30.800	0.0188679	8.681
swarm_61_144.pdb	28.871	59.534	0	8.408
swarm_15_100.pdb	18.380	51.805	0	8.303
swarm_6_83.pdb	18.982	44.114	0	8.139
swarm_53_14.pdb	11.787	27.512	0	7.798
swarm_37_83.pdb	22.156	63.504	0.0188679	7.331
swarm_17_38.pdb	19.438	54.511	0	6.866
swarm_64_184.pdb	13.458	25.026	0.0188679	5.666
swarm_3_171.pdb	17.120	43.415	0	3.418
swarm_44_104.pdb	16.767	32.568	0	2.907
