swarm_329_111.pdb	18.413	34.842	0	34.765
swarm_313_62.pdb	16.996	30.818	0	32.094
swarm_251_119.pdb	18.329	36.719	0	30.646
swarm_333_184.pdb	16.996	30.464	0	30.485
swarm_332_187.pdb	17.947	33.005	0	29.554
swarm_307_194.pdb	19.212	35.384	0	29.358
swarm_307_155.pdb	15.793	29.671	0.0377358	27.848
swarm_308_151.pdb	15.585	24.604	0	26.826
swarm_311_93.pdb	8.310	22.748	0	26.387
swarm_315_161.pdb	18.297	33.556	0	26.208
swarm_306_77.pdb	16.020	25.897	0	25.996
swarm_321_28.pdb	17.156	31.011	0	25.843
swarm_86_49.pdb	17.835	36.082	0	25.723
swarm_245_92.pdb	18.051	34.606	0	25.671
swarm_160_109.pdb	13.450	31.911	0	25.570
swarm_278_71.pdb	19.518	32.401	0	25.477
swarm_296_174.pdb	16.791	32.154	0.0188679	25.452
swarm_278_82.pdb	16.786	32.536	0	25.256
swarm_96_182.pdb	18.545	41.911	0.0754717	24.725
swarm_142_58.pdb	6.657	11.406	0.0566038	24.703
swarm_331_173.pdb	13.357	32.141	0	24.665
swarm_326_140.pdb	8.942	26.590	0.0377358	24.544
swarm_302_111.pdb	17.696	34.776	0	24.030
swarm_309_39.pdb	18.224	31.193	0	24.007
swarm_58_10.pdb	20.013	46.149	0	23.986
swarm_319_154.pdb	12.318	34.106	0	23.968
swarm_241_174.pdb	15.409	34.890	0	23.685
swarm_325_161.pdb	16.075	27.189	0	23.610
swarm_298_4.pdb	13.971	31.109	0.0377358	23.601
swarm_313_1.pdb	15.802	34.731	0.0188679	23.487
swarm_302_135.pdb	18.403	35.318	0.0188679	23.415
swarm_303_37.pdb	14.256	28.077	0	23.092
swarm_308_176.pdb	17.655	32.638	0.0754717	22.950
swarm_302_115.pdb	16.275	27.006	0	22.877
swarm_329_17.pdb	9.675	23.575	0	22.729
swarm_243_54.pdb	13.298	37.122	0.0566038	22.541
swarm_309_4.pdb	13.994	30.895	0	22.031
swarm_255_64.pdb	20.356	34.400	0.0943396	21.686
swarm_297_1.pdb	19.595	36.724	0	21.620
swarm_219_168.pdb	9.133	14.122	0	21.063
swarm_320_62.pdb	15.229	29.126	0.0566038	21.055
swarm_327_186.pdb	12.516	36.776	0	21.005
swarm_142_139.pdb	9.043	21.969	0	20.562
swarm_277_12.pdb	17.614	35.538	0.0943396	20.159
swarm_311_9.pdb	18.839	33.209	0	20.131
swarm_317_117.pdb	11.983	42.801	0	20.055
swarm_86_143.pdb	14.200	33.685	0	20.014
swarm_303_47.pdb	5.112	13.003	0.0943396	19.762
swarm_256_121.pdb	5.525	23.410	0.0754717	19.629
swarm_304_63.pdb	19.459	31.945	0.113208	19.624
swarm_297_100.pdb	19.775	37.586	0.0943396	19.467
swarm_272_56.pdb	17.547	36.246	0	19.416
swarm_278_16.pdb	17.481	34.463	0.132075	19.301
swarm_313_45.pdb	16.751	31.633	0	19.213
swarm_321_20.pdb	12.166	24.108	0	19.185
swarm_325_32.pdb	19.005	33.557	0	19.166
swarm_51_39.pdb	18.031	35.921	0	18.724
swarm_159_134.pdb	4.614	7.046	0.320755	18.382
swarm_263_149.pdb	19.225	47.106	0	18.373
swarm_251_168.pdb	18.750	25.276	0	17.975
swarm_160_169.pdb	21.122	33.340	0	17.711
swarm_241_112.pdb	18.594	37.318	0	17.638
swarm_328_181.pdb	12.858	40.424	0	17.315
swarm_82_142.pdb	19.429	47.294	0.0188679	17.258
swarm_266_88.pdb	14.164	57.755	0.0566038	17.211
swarm_308_116.pdb	8.807	17.328	0	17.112
swarm_158_56.pdb	9.038	17.879	0	16.726
swarm_314_153.pdb	20.571	34.553	0.113208	16.194
swarm_296_120.pdb	16.020	34.732	0	16.023
swarm_313_59.pdb	13.131	20.771	0	15.939
swarm_142_32.pdb	11.650	18.615	0	15.937
swarm_267_94.pdb	20.323	43.322	0	15.508
swarm_307_149.pdb	18.318	26.572	0	15.483
swarm_306_33.pdb	13.512	25.260	0	15.445
swarm_332_106.pdb	9.242	25.495	0.0188679	14.494
swarm_33_142.pdb	21.144	62.969	0	14.250
swarm_38_8.pdb	19.783	55.400	0	14.228
swarm_155_98.pdb	19.430	69.274	0	13.582
swarm_278_72.pdb	14.127	42.846	0.132075	13.417
swarm_325_141.pdb	9.238	20.317	0.0377358	12.999
swarm_307_31.pdb	15.934	31.775	0	12.860
swarm_359_170.pdb	17.364	53.419	0	12.750
swarm_307_141.pdb	7.947	14.314	0	12.276
swarm_333_116.pdb	12.482	37.902	0	11.802
swarm_303_143.pdb	20.335	32.368	0	11.769
swarm_303_102.pdb	16.887	36.278	0	11.569
swarm_25_55.pdb	20.746	51.221	0	11.517
swarm_298_80.pdb	16.010	35.847	0	11.159
swarm_251_45.pdb	15.174	32.724	0.169811	10.812
swarm_290_28.pdb	24.910	63.597	0.0377358	10.557
swarm_298_196.pdb	14.525	29.008	0	9.774
swarm_330_194.pdb	18.577	40.853	0	9.560
swarm_320_158.pdb	16.539	33.370	0	8.642
swarm_333_17.pdb	17.828	33.425	0	8.439
swarm_51_88.pdb	11.951	34.095	0.0188679	6.658
swarm_51_7.pdb	15.651	30.560	0	6.491
swarm_87_93.pdb	20.265	32.861	0	5.725
swarm_114_186.pdb	16.541	39.944	0.0188679	4.911
swarm_332_168.pdb	18.019	31.558	0	4.692
swarm_331_139.pdb	16.809	31.949	0	3.974
swarm_263_6.pdb	15.114	37.282	0	2.464
swarm_12_149.pdb	23.626	69.598	0	1.833
swarm_278_29.pdb	15.576	37.098	0.0188679	1.726
swarm_293_24.pdb	17.633	66.919	0	1.691
swarm_315_190.pdb	18.556	41.027	0	1.469
