swarm_43_167.pdb	7.616	21.022	0.0377358	42.423
swarm_44_195.pdb	11.850	20.437	0	39.627
swarm_19_106.pdb	11.866	19.662	0	38.601
swarm_48_100.pdb	16.150	23.117	0	37.245
swarm_69_169.pdb	6.855	16.171	0	35.894
swarm_64_115.pdb	15.559	21.957	0	35.067
swarm_27_170.pdb	18.466	26.279	0	33.451
swarm_54_81.pdb	10.385	14.610	0	33.292
swarm_68_13.pdb	11.340	37.975	0	32.478
swarm_58_180.pdb	14.891	24.825	0	32.311
swarm_52_55.pdb	17.172	24.025	0	32.230
swarm_34_136.pdb	11.457	28.741	0	31.890
swarm_43_163.pdb	11.633	33.703	0	31.424
swarm_60_38.pdb	17.180	24.867	0	31.411
swarm_67_117.pdb	10.987	34.468	0	31.344
swarm_22_55.pdb	11.730	35.466	0	31.200
swarm_5_179.pdb	17.287	23.633	0	30.540
swarm_68_184.pdb	10.281	26.108	0	29.997
swarm_58_120.pdb	15.462	21.757	0	29.352
swarm_48_191.pdb	11.304	20.567	0	29.321
swarm_58_57.pdb	16.827	24.158	0	29.244
swarm_58_29.pdb	11.452	19.745	0	28.953
swarm_25_197.pdb	17.270	25.051	0	28.828
swarm_28_102.pdb	18.168	46.532	0	28.681
swarm_46_85.pdb	13.584	21.171	0	28.664
swarm_13_27.pdb	23.660	66.578	0	28.550
swarm_56_10.pdb	9.621	37.492	0	28.351
swarm_53_76.pdb	10.680	14.890	0	27.932
swarm_56_22.pdb	12.725	32.836	0	27.786
swarm_17_175.pdb	19.067	47.472	0	27.752
swarm_60_104.pdb	16.657	25.350	0	27.382
swarm_69_33.pdb	10.608	25.943	0	27.290
swarm_19_107.pdb	14.061	22.982	0	26.997
swarm_35_81.pdb	17.880	44.151	0	26.973
swarm_17_89.pdb	18.429	49.054	0	26.940
swarm_60_109.pdb	11.696	16.048	0	26.784
swarm_25_131.pdb	16.384	28.744	0	26.702
swarm_9_161.pdb	19.117	37.654	0	26.526
swarm_54_120.pdb	15.977	25.087	0	26.522
swarm_6_110.pdb	14.039	28.137	0	26.111
swarm_34_110.pdb	17.030	27.017	0	26.074
swarm_36_27.pdb	19.388	54.253	0	25.917
swarm_21_49.pdb	21.280	51.430	0	25.622
swarm_16_177.pdb	15.795	41.189	0	25.415
swarm_59_57.pdb	14.712	31.439	0	25.329
swarm_30_152.pdb	13.158	34.999	0	25.277
swarm_34_71.pdb	7.943	21.434	0.0188679	25.269
swarm_1_55.pdb	15.984	25.206	0	25.082
swarm_9_197.pdb	21.143	34.284	0	24.930
swarm_12_129.pdb	20.730	38.517	0	24.856
swarm_26_174.pdb	14.867	24.620	0	24.845
swarm_23_20.pdb	19.353	43.045	0	24.774
swarm_25_37.pdb	20.573	32.139	0	24.688
swarm_15_162.pdb	18.129	50.019	0	24.603
swarm_52_183.pdb	16.647	28.427	0	24.575
swarm_20_120.pdb	20.494	53.185	0	24.545
swarm_46_84.pdb	17.297	33.662	0	24.358
swarm_5_93.pdb	20.397	30.396	0	24.242
swarm_49_91.pdb	18.038	47.058	0	24.007
swarm_1_180.pdb	18.090	28.611	0	24.000
swarm_41_40.pdb	22.446	67.928	0	23.915
swarm_24_123.pdb	20.404	30.974	0	23.761
swarm_3_76.pdb	18.288	35.638	0	23.638
swarm_19_153.pdb	13.516	20.696	0	23.570
swarm_51_31.pdb	25.491	71.863	0	23.536
swarm_30_24.pdb	18.705	50.032	0	23.527
swarm_59_193.pdb	18.117	40.377	0	23.504
swarm_16_120.pdb	18.943	51.593	0	23.414
swarm_18_16.pdb	15.359	38.929	0	23.216
swarm_3_153.pdb	18.804	35.379	0	23.177
swarm_9_194.pdb	19.221	30.717	0	23.122
swarm_37_168.pdb	20.213	58.852	0	23.090
swarm_39_39.pdb	18.121	56.930	0	23.010
swarm_49_134.pdb	19.169	55.552	0	22.965
swarm_38_192.pdb	21.021	59.177	0	22.914
swarm_40_92.pdb	18.260	34.322	0	22.815
swarm_33_113.pdb	13.895	37.657	0	22.798
swarm_27_176.pdb	18.240	30.125	0	22.724
swarm_26_94.pdb	14.354	24.502	0	22.641
swarm_28_70.pdb	20.126	44.507	0	22.596
swarm_16_35.pdb	17.931	44.318	0	22.400
swarm_38_68.pdb	23.147	62.675	0	22.325
swarm_45_177.pdb	14.882	32.522	0	22.324
swarm_42_11.pdb	17.494	30.750	0	22.288
swarm_16_38.pdb	17.833	44.578	0	22.204
swarm_63_13.pdb	23.459	61.537	0	22.137
swarm_24_98.pdb	18.754	30.324	0	22.057
swarm_26_22.pdb	17.382	29.887	0	21.977
swarm_58_148.pdb	12.059	16.703	0	21.966
swarm_59_177.pdb	18.578	37.455	0	21.782
swarm_52_130.pdb	14.617	25.959	0	21.753
swarm_54_192.pdb	14.882	21.552	0	21.751
swarm_9_102.pdb	20.013	38.765	0	21.504
swarm_18_158.pdb	15.786	44.064	0	21.429
swarm_14_171.pdb	24.019	62.400	0	21.383
swarm_15_192.pdb	20.750	45.342	0	21.312
swarm_35_193.pdb	14.704	42.348	0	21.280
swarm_44_148.pdb	16.499	23.213	0	21.072
swarm_36_170.pdb	17.828	54.455	0	21.046
swarm_5_56.pdb	18.170	29.430	0	20.990
swarm_23_169.pdb	21.058	57.646	0	20.863
swarm_2_92.pdb	21.646	41.472	0	20.843
swarm_18_168.pdb	13.505	38.333	0	20.739
swarm_63_173.pdb	22.963	58.948	0	20.654
swarm_51_125.pdb	22.208	65.361	0	20.457
swarm_24_196.pdb	12.779	34.363	0	20.315
swarm_50_13.pdb	25.265	73.889	0	20.292
swarm_39_182.pdb	23.609	52.025	0	20.290
swarm_45_186.pdb	18.394	39.468	0	20.248
swarm_49_53.pdb	17.834	48.480	0	20.031
swarm_0_137.pdb	20.905	53.431	0	19.997
swarm_58_100.pdb	13.348	21.224	0	19.913
swarm_12_186.pdb	21.472	49.986	0	19.904
swarm_44_163.pdb	14.823	28.696	0	19.903
swarm_36_134.pdb	15.738	43.556	0	19.890
swarm_41_164.pdb	20.434	61.397	0	19.766
swarm_14_76.pdb	25.731	67.863	0	19.726
swarm_40_39.pdb	15.337	37.345	0	19.685
swarm_63_149.pdb	25.317	65.682	0	19.632
swarm_1_121.pdb	19.930	36.796	0	19.428
swarm_61_179.pdb	24.679	55.922	0	19.376
swarm_14_77.pdb	23.294	67.601	0	19.217
swarm_61_76.pdb	21.915	45.480	0	19.200
swarm_27_32.pdb	19.276	30.352	0	19.122
swarm_28_29.pdb	18.400	40.611	0	18.993
swarm_23_175.pdb	21.375	47.161	0	18.915
swarm_42_88.pdb	12.704	26.968	0	18.758
swarm_45_144.pdb	13.539	39.365	0	18.727
swarm_28_98.pdb	21.964	50.475	0	18.353
swarm_0_32.pdb	25.395	63.380	0	18.223
swarm_0_63.pdb	19.214	56.553	0	18.199
swarm_20_23.pdb	23.227	58.849	0	18.197
swarm_45_1.pdb	17.237	44.563	0	18.044
swarm_21_182.pdb	22.837	56.516	0	17.793
swarm_21_16.pdb	20.601	52.370	0	17.613
swarm_64_147.pdb	11.283	26.380	0	17.532
swarm_24_43.pdb	21.424	35.801	0	17.328
swarm_35_136.pdb	15.232	37.600	0	17.304
swarm_12_140.pdb	22.429	46.511	0	17.251
swarm_68_29.pdb	17.823	39.685	0	17.076
swarm_40_118.pdb	14.936	24.180	0	17.076
swarm_9_71.pdb	11.393	29.635	0	17.015
swarm_67_41.pdb	16.370	35.814	0	16.983
swarm_40_32.pdb	12.581	26.384	0	16.360
swarm_21_66.pdb	20.231	54.793	0	16.294
swarm_40_3.pdb	13.129	28.053	0	16.263
swarm_28_87.pdb	11.850	39.756	0	16.206
swarm_13_174.pdb	23.058	64.746	0	15.715
swarm_9_142.pdb	21.391	42.096	0	15.624
swarm_39_96.pdb	17.819	51.232	0	15.564
swarm_1_185.pdb	12.883	28.206	0	15.464
swarm_3_10.pdb	11.754	32.169	0	15.453
swarm_46_76.pdb	16.541	28.439	0	15.411
swarm_1_117.pdb	14.339	29.447	0	15.406
swarm_44_92.pdb	16.906	32.235	0	15.382
swarm_27_38.pdb	15.473	25.067	0	14.318
swarm_14_154.pdb	22.379	61.994	0	13.961
swarm_39_190.pdb	20.320	50.113	0	13.767
swarm_64_31.pdb	14.271	22.392	0	13.482
swarm_21_184.pdb	25.018	51.068	0	13.055
swarm_45_192.pdb	17.737	40.823	0	12.674
swarm_9_199.pdb	18.803	34.199	0	11.872
swarm_59_180.pdb	12.349	34.486	0	9.982
swarm_34_36.pdb	9.031	28.432	0	9.645
swarm_39_198.pdb	23.301	56.540	0	8.753
swarm_17_188.pdb	18.175	49.215	0	4.854
swarm_2_83.pdb	20.034	35.422	0	0.543
