swarm_300_192.pdb	20.317	76.242	0	38.095
swarm_170_36.pdb	15.967	42.992	0	37.418
swarm_154_112.pdb	16.848	84.332	0	35.767
swarm_270_26.pdb	16.140	57.057	0	35.604
swarm_373_179.pdb	19.802	74.775	0	33.948
swarm_173_69.pdb	8.715	39.938	0	33.506
swarm_326_107.pdb	26.636	88.892	0	33.191
swarm_73_16.pdb	15.790	43.609	0	32.927
swarm_394_199.pdb	10.707	53.389	0.130435	32.673
swarm_274_19.pdb	21.527	85.808	0	32.399
swarm_82_197.pdb	24.719	88.772	0	32.376
swarm_83_199.pdb	11.371	49.639	0	31.731
swarm_224_98.pdb	5.810	14.758	0.130435	31.653
swarm_205_10.pdb	14.309	63.380	0	31.324
swarm_203_66.pdb	14.479	51.382	0	30.974
swarm_114_23.pdb	27.393	100.149	0	30.889
swarm_276_77.pdb	18.035	71.051	0	30.802
swarm_273_51.pdb	18.972	67.755	0	30.447
swarm_344_91.pdb	10.325	49.175	0.0434783	30.291
swarm_299_53.pdb	13.358	68.140	0	30.206
swarm_260_38.pdb	24.593	89.946	0	29.721
swarm_165_56.pdb	20.964	85.407	0	29.588
swarm_48_45.pdb	25.197	70.660	0	29.488
swarm_106_106.pdb	15.988	65.468	0	29.390
swarm_339_33.pdb	12.123	53.437	0.130435	29.380
swarm_61_28.pdb	25.087	96.142	0	29.286
swarm_15_26.pdb	15.676	59.766	0	29.219
swarm_292_146.pdb	23.826	89.561	0	28.905
swarm_350_183.pdb	11.610	38.120	0	28.723
swarm_20_82.pdb	12.787	56.426	0	28.598
swarm_176_0.pdb	24.273	82.440	0	28.571
swarm_43_5.pdb	24.107	77.940	0	28.474
swarm_18_21.pdb	24.111	99.595	0	28.321
swarm_128_78.pdb	24.798	74.661	0	28.259
swarm_34_178.pdb	30.516	99.106	0	28.176
swarm_253_183.pdb	14.371	50.522	0	28.155
swarm_168_191.pdb	7.758	37.322	0.0652174	28.119
swarm_35_148.pdb	6.817	23.429	0.0869565	28.115
swarm_82_3.pdb	27.057	89.134	0	28.114
swarm_280_146.pdb	11.795	63.399	0	27.960
swarm_17_98.pdb	20.052	61.634	0	27.896
swarm_237_182.pdb	21.346	87.335	0	27.851
swarm_291_45.pdb	25.823	90.399	0	27.830
swarm_57_199.pdb	12.905	39.067	0.0217391	27.692
swarm_260_44.pdb	25.110	87.449	0	27.680
swarm_17_19.pdb	20.014	61.460	0	27.660
swarm_336_183.pdb	13.597	37.711	0	27.635
swarm_17_103.pdb	20.093	61.743	0	27.612
swarm_316_111.pdb	20.656	73.900	0	27.605
swarm_17_170.pdb	20.005	61.479	0	27.603
swarm_17_23.pdb	20.066	61.632	0	27.602
swarm_17_17.pdb	19.944	61.353	0	27.597
swarm_17_101.pdb	20.058	61.670	0	27.568
swarm_17_64.pdb	20.079	61.711	0	27.508
swarm_17_29.pdb	20.029	61.557	0	27.481
swarm_17_40.pdb	19.954	61.338	0	27.472
swarm_17_144.pdb	19.903	61.265	0	27.459
swarm_17_41.pdb	20.040	61.649	0	27.457
swarm_264_157.pdb	13.170	47.260	0	27.446
swarm_17_134.pdb	20.046	61.543	0	27.414
swarm_366_128.pdb	11.761	49.580	0.0434783	27.408
swarm_206_181.pdb	19.325	65.211	0	27.337
swarm_323_134.pdb	9.170	42.872	0.130435	27.334
swarm_162_24.pdb	16.429	59.283	0	27.327
swarm_17_195.pdb	20.006	61.498	0	27.317
swarm_17_90.pdb	20.038	61.649	0	27.279
swarm_17_44.pdb	20.072	61.682	0	27.269
swarm_17_181.pdb	19.997	61.394	0	27.245
swarm_277_101.pdb	17.285	80.440	0	27.231
swarm_104_74.pdb	25.195	89.170	0	27.227
swarm_2_100.pdb	7.552	34.099	0.0869565	27.221
swarm_385_155.pdb	32.099	104.671	0	27.212
swarm_2_119.pdb	7.574	34.228	0.0869565	27.208
swarm_363_42.pdb	10.088	42.563	0.0217391	27.206
swarm_17_27.pdb	19.846	61.101	0	27.194
swarm_17_146.pdb	19.998	61.465	0	27.191
swarm_263_170.pdb	11.795	42.799	0	27.172
swarm_338_113.pdb	10.373	45.202	0	27.169
swarm_2_21.pdb	7.536	33.986	0.0869565	27.148
swarm_17_55.pdb	19.999	61.539	0	27.139
swarm_17_188.pdb	19.892	61.261	0	27.125
swarm_45_125.pdb	11.103	37.801	0	27.085
swarm_17_53.pdb	19.939	61.313	0	27.076
swarm_234_98.pdb	14.752	36.974	0	27.072
swarm_17_118.pdb	19.979	61.391	0	27.069
swarm_379_43.pdb	30.285	104.422	0	27.068
swarm_17_130.pdb	20.100	61.730	0	27.061
swarm_96_64.pdb	28.670	101.723	0	27.039
swarm_149_123.pdb	22.832	84.236	0	27.024
swarm_268_16.pdb	13.924	55.481	0	27.010
swarm_2_190.pdb	7.481	34.180	0.0869565	26.988
swarm_2_80.pdb	7.507	33.686	0.0869565	26.947
swarm_17_117.pdb	20.019	61.626	0	26.934
swarm_17_180.pdb	19.988	61.453	0	26.929
swarm_4_153.pdb	10.687	41.428	0	26.922
swarm_65_111.pdb	30.694	95.633	0	26.916
swarm_228_142.pdb	27.542	101.862	0	26.912
swarm_2_41.pdb	7.516	33.831	0.0869565	26.902
swarm_17_160.pdb	19.910	61.284	0	26.896
swarm_2_51.pdb	7.595	33.845	0.0869565	26.895
swarm_2_103.pdb	7.515	33.835	0.0869565	26.894
swarm_2_134.pdb	7.569	33.874	0.0869565	26.882
swarm_2_99.pdb	7.551	34.176	0.0869565	26.857
swarm_17_39.pdb	20.051	61.570	0	26.857
swarm_2_67.pdb	7.578	33.929	0.0869565	26.776
swarm_2_39.pdb	7.519	34.241	0.0869565	26.776
swarm_17_78.pdb	20.061	61.664	0	26.742
swarm_73_199.pdb	14.826	43.903	0.0217391	26.719
swarm_187_110.pdb	12.762	55.698	0.108696	26.590
swarm_17_79.pdb	20.186	61.922	0	26.588
swarm_228_94.pdb	23.846	95.653	0	26.559
swarm_341_159.pdb	31.293	108.233	0	26.525
swarm_2_149.pdb	7.494	34.152	0.0869565	26.500
swarm_84_72.pdb	10.119	50.104	0	26.466
swarm_2_47.pdb	7.600	34.300	0.0869565	26.465
swarm_2_181.pdb	7.531	33.993	0.0869565	26.458
swarm_2_14.pdb	7.565	33.839	0.0869565	26.429
swarm_2_63.pdb	7.520	33.893	0.0869565	26.371
swarm_153_36.pdb	22.452	94.916	0	26.355
swarm_24_154.pdb	15.028	36.847	0	26.331
swarm_333_163.pdb	15.289	76.652	0	26.221
swarm_2_102.pdb	7.523	34.150	0.0869565	26.173
swarm_2_81.pdb	7.535	34.167	0.0869565	26.095
swarm_366_46.pdb	15.594	49.045	0	26.058
swarm_227_139.pdb	11.201	34.909	0	26.052
swarm_83_66.pdb	10.819	47.794	0	25.985
swarm_228_128.pdb	27.188	96.468	0	25.985
swarm_252_134.pdb	12.338	59.001	0	25.962
swarm_386_8.pdb	10.671	53.539	0.0217391	25.915
swarm_366_90.pdb	11.672	58.295	0.0652174	25.878
swarm_332_31.pdb	25.604	88.655	0	25.833
swarm_190_79.pdb	18.340	41.073	0	25.827
swarm_2_52.pdb	7.520	33.888	0.0869565	25.761
swarm_196_114.pdb	26.592	94.120	0	25.687
swarm_290_122.pdb	8.182	31.357	0	25.670
swarm_89_37.pdb	17.841	71.582	0	25.653
swarm_184_179.pdb	12.209	58.483	0.0869565	25.640
swarm_190_108.pdb	10.722	40.802	0	25.559
swarm_134_126.pdb	17.172	80.739	0	25.323
swarm_356_9.pdb	19.373	33.040	0	25.250
swarm_234_113.pdb	10.427	40.696	0.0217391	25.238
swarm_190_198.pdb	13.564	41.376	0	25.233
swarm_167_77.pdb	21.502	81.352	0	25.039
swarm_27_92.pdb	17.423	66.447	0	25.017
swarm_24_146.pdb	17.529	35.848	0	25.016
swarm_254_139.pdb	16.179	52.289	0	24.986
swarm_250_94.pdb	17.864	76.055	0	24.900
swarm_262_69.pdb	27.446	89.385	0	24.893
swarm_338_1.pdb	12.823	49.248	0.108696	24.841
swarm_291_114.pdb	25.573	91.964	0	24.775
swarm_147_168.pdb	16.680	51.840	0	24.771
swarm_257_23.pdb	28.446	93.472	0	24.637
swarm_126_118.pdb	18.301	65.717	0	24.541
swarm_301_198.pdb	12.205	40.694	0.0217391	24.485
swarm_332_130.pdb	25.340	93.029	0	24.347
swarm_363_114.pdb	12.212	51.980	0.0652174	24.343
swarm_57_14.pdb	16.614	37.524	0	24.313
swarm_386_168.pdb	12.010	58.281	0.0652174	24.258
swarm_328_101.pdb	9.860	38.011	0	24.188
swarm_332_198.pdb	26.613	94.286	0	24.184
swarm_231_72.pdb	12.917	35.612	0	24.094
swarm_105_98.pdb	10.758	58.206	0.0217391	24.004
swarm_2_129.pdb	10.036	38.580	0.0434783	23.990
swarm_179_19.pdb	12.485	48.823	0.0869565	23.981
swarm_382_94.pdb	23.602	79.717	0	23.924
swarm_2_188.pdb	10.069	38.520	0.0217391	23.863
swarm_2_125.pdb	10.067	38.517	0.0217391	23.848
swarm_139_114.pdb	21.308	89.006	0	23.778
swarm_2_77.pdb	10.034	38.580	0.0434783	23.764
swarm_2_141.pdb	10.057	38.532	0.0217391	23.710
swarm_2_131.pdb	10.110	38.528	0.0217391	23.690
swarm_156_123.pdb	17.489	65.224	0	23.635
swarm_18_192.pdb	26.205	97.903	0	23.632
swarm_2_177.pdb	10.042	38.564	0.0217391	23.601
swarm_2_186.pdb	10.120	38.494	0.0217391	23.597
swarm_2_123.pdb	10.027	38.579	0.0434783	23.554
swarm_159_31.pdb	19.428	54.698	0	23.479
swarm_2_33.pdb	10.153	38.555	0.0217391	23.473
swarm_2_93.pdb	10.036	38.579	0.0434783	23.444
swarm_2_94.pdb	10.035	38.597	0.0434783	23.431
swarm_2_120.pdb	10.104	38.529	0.0217391	23.416
swarm_366_75.pdb	18.143	45.053	0	23.377
swarm_2_167.pdb	10.011	38.675	0.0434783	23.371
swarm_2_140.pdb	10.141	38.505	0.0217391	23.327
swarm_70_78.pdb	26.859	85.542	0	23.273
swarm_3_94.pdb	26.951	79.307	0	23.242
swarm_2_74.pdb	10.071	38.429	0.0217391	23.119
swarm_2_117.pdb	10.008	38.450	0.0434783	23.057
swarm_301_29.pdb	7.466	30.058	0.0217391	23.034
swarm_2_29.pdb	9.952	38.460	0.0434783	22.961
swarm_263_37.pdb	16.277	43.020	0	22.903
swarm_32_185.pdb	18.267	79.312	0	22.887
swarm_356_199.pdb	19.390	31.194	0	22.786
swarm_339_167.pdb	11.846	48.824	0	22.737
swarm_103_159.pdb	22.174	77.600	0	22.672
swarm_35_174.pdb	4.038	15.425	0.173913	22.631
swarm_367_44.pdb	18.419	29.569	0	22.576
swarm_9_152.pdb	17.611	73.339	0	22.538
swarm_179_32.pdb	11.437	48.401	0.0652174	22.516
swarm_302_159.pdb	17.660	76.686	0	22.462
swarm_86_116.pdb	27.471	99.147	0	22.400
swarm_57_95.pdb	17.272	36.743	0	22.382
swarm_286_181.pdb	13.884	37.742	0	22.380
swarm_301_98.pdb	16.653	36.644	0	22.341
swarm_190_128.pdb	11.062	40.441	0	22.326
swarm_264_123.pdb	17.895	50.497	0	22.323
swarm_179_77.pdb	16.049	41.502	0	22.308
swarm_55_171.pdb	30.626	96.331	0	22.274
swarm_190_42.pdb	20.244	44.656	0	22.261
swarm_323_165.pdb	15.067	42.726	0	22.244
swarm_130_113.pdb	22.589	70.455	0	22.243
swarm_271_111.pdb	25.388	77.428	0	22.230
swarm_301_192.pdb	14.386	44.498	0	22.077
swarm_332_177.pdb	26.753	96.733	0	22.071
swarm_335_36.pdb	7.497	22.937	0	22.052
swarm_356_7.pdb	15.579	38.127	0	22.002
swarm_338_73.pdb	21.763	43.534	0	21.955
swarm_391_54.pdb	14.645	45.114	0	21.876
swarm_179_165.pdb	10.619	47.265	0	21.828
swarm_182_96.pdb	12.498	58.078	0.108696	21.737
swarm_110_108.pdb	20.192	66.852	0	21.728
swarm_262_46.pdb	22.668	90.900	0	21.657
swarm_24_170.pdb	15.245	37.409	0	21.519
swarm_91_127.pdb	21.763	88.093	0	21.502
swarm_342_54.pdb	18.186	34.202	0	21.433
swarm_81_18.pdb	27.073	102.653	0	21.401
swarm_48_133.pdb	25.219	79.002	0	21.395
swarm_153_42.pdb	24.338	98.097	0	21.384
swarm_64_107.pdb	8.398	28.405	0	21.380
swarm_58_31.pdb	25.066	79.951	0	21.219
swarm_63_151.pdb	11.056	48.060	0	21.198
swarm_290_58.pdb	12.972	32.334	0	21.179
swarm_199_12.pdb	14.127	46.236	0	21.098
swarm_201_93.pdb	8.575	32.188	0	21.095
swarm_148_41.pdb	26.945	93.522	0	21.025
swarm_190_2.pdb	20.955	45.888	0	20.989
swarm_2_68.pdb	11.162	40.791	0.0217391	20.939
swarm_122_23.pdb	23.343	75.833	0	20.938
swarm_110_161.pdb	24.382	80.429	0	20.934
swarm_241_0.pdb	17.174	58.266	0	20.932
swarm_224_192.pdb	12.590	35.500	0	20.893
swarm_57_101.pdb	18.689	32.939	0	20.886
swarm_118_58.pdb	22.823	83.003	0	20.860
swarm_2_150.pdb	11.110	40.684	0.0217391	20.800
swarm_378_172.pdb	21.287	35.305	0	20.788
swarm_238_20.pdb	18.474	47.355	0	20.773
swarm_191_89.pdb	26.320	100.518	0	20.753
swarm_2_49.pdb	11.116	40.729	0.0217391	20.739
swarm_2_78.pdb	11.104	40.630	0.0217391	20.733
swarm_44_30.pdb	16.981	69.347	0	20.710
swarm_2_172.pdb	11.115	40.725	0.0217391	20.668
swarm_84_170.pdb	12.951	42.675	0	20.665
swarm_286_37.pdb	6.872	30.599	0	20.633
swarm_2_48.pdb	11.177	41.008	0	20.616
swarm_286_89.pdb	8.589	37.170	0.0434783	20.573
swarm_391_140.pdb	11.945	54.148	0.0652174	20.528
swarm_260_98.pdb	24.501	87.811	0	20.524
swarm_179_25.pdb	13.556	40.457	0	20.523
swarm_342_39.pdb	4.385	17.392	0.108696	20.512
swarm_24_186.pdb	17.392	32.946	0	20.476
swarm_83_97.pdb	10.805	51.627	0.152174	20.393
swarm_2_66.pdb	11.152	41.006	0	20.309
swarm_220_34.pdb	11.714	49.091	0.108696	20.305
swarm_237_140.pdb	28.392	96.847	0	20.301
swarm_161_148.pdb	20.373	92.209	0	20.230
swarm_2_30.pdb	11.137	41.031	0	20.216
swarm_179_163.pdb	9.302	37.410	0.0652174	20.211
swarm_2_9.pdb	11.135	40.982	0.0217391	20.198
swarm_201_82.pdb	11.122	42.008	0.195652	20.161
swarm_85_131.pdb	12.355	64.196	0	20.137
swarm_71_19.pdb	20.684	69.807	0	20.071
swarm_2_184.pdb	11.147	40.917	0.0217391	20.067
swarm_114_53.pdb	29.365	103.702	0	20.030
swarm_2_20.pdb	11.168	41.041	0	19.992
swarm_24_108.pdb	6.612	25.988	0.0217391	19.972
swarm_57_4.pdb	15.910	38.284	0	19.946
swarm_2_114.pdb	11.138	40.878	0.0217391	19.936
swarm_2_128.pdb	11.103	40.639	0.0217391	19.925
swarm_4_197.pdb	12.219	51.870	0	19.908
swarm_2_133.pdb	11.142	41.173	0	19.908
swarm_290_59.pdb	9.958	36.232	0	19.908
swarm_2_111.pdb	11.057	40.589	0.0217391	19.900
swarm_2_60.pdb	11.124	40.887	0.0217391	19.789
swarm_243_108.pdb	23.190	70.984	0	19.784
swarm_73_67.pdb	14.241	48.157	0	19.768
swarm_2_132.pdb	11.192	41.380	0.0217391	19.761
swarm_2_85.pdb	11.115	40.728	0.0217391	19.750
swarm_2_38.pdb	11.142	40.900	0.0217391	19.684
swarm_367_46.pdb	10.912	31.756	0.0652174	19.660
swarm_2_37.pdb	11.134	40.886	0.0217391	19.648
swarm_74_129.pdb	23.765	85.126	0	19.634
swarm_336_161.pdb	12.270	24.785	0	19.586
swarm_2_69.pdb	11.157	41.179	0	19.575
swarm_217_92.pdb	22.369	85.896	0	19.501
swarm_2_42.pdb	11.160	40.989	0	19.492
swarm_355_189.pdb	30.057	93.110	0	19.491
swarm_24_162.pdb	13.267	39.254	0.0869565	19.480
swarm_22_146.pdb	14.569	70.552	0.0434783	19.468
swarm_2_124.pdb	11.147	40.956	0	19.436
swarm_344_17.pdb	13.345	50.913	0.0869565	19.404
swarm_179_27.pdb	11.682	38.127	0	19.403
swarm_339_52.pdb	16.037	56.322	0	19.379
swarm_2_6.pdb	11.153	40.889	0.0217391	19.334
swarm_370_145.pdb	23.667	80.221	0	19.303
swarm_288_47.pdb	11.027	42.888	0	19.205
swarm_44_146.pdb	14.512	67.353	0	19.172
swarm_200_125.pdb	10.718	24.504	0	19.133
swarm_266_119.pdb	20.912	62.198	0	18.968
swarm_356_13.pdb	9.607	27.832	0	18.927
swarm_347_175.pdb	33.604	114.468	0	18.921
swarm_7_79.pdb	22.866	83.091	0	18.918
swarm_220_89.pdb	12.817	46.636	0.0869565	18.912
swarm_63_19.pdb	19.143	48.627	0	18.860
swarm_113_99.pdb	10.505	34.482	0	18.778
swarm_274_69.pdb	23.741	90.919	0	18.755
swarm_356_22.pdb	7.449	25.703	0.0217391	18.750
swarm_199_76.pdb	14.330	48.705	0	18.708
swarm_375_73.pdb	22.108	45.317	0	18.692
swarm_224_73.pdb	18.706	28.661	0	18.664
swarm_161_172.pdb	20.281	90.960	0	18.650
swarm_367_145.pdb	19.519	29.668	0	18.611
swarm_35_54.pdb	6.289	23.425	0.217391	18.510
swarm_232_178.pdb	18.771	48.030	0	18.455
swarm_232_169.pdb	19.902	55.971	0	18.363
swarm_156_49.pdb	15.974	63.325	0	18.338
swarm_5_28.pdb	13.390	47.256	0	18.133
swarm_44_21.pdb	14.842	61.317	0	18.119
swarm_5_143.pdb	13.420	47.328	0	18.100
swarm_2_57.pdb	11.971	44.162	0.0652174	18.070
swarm_290_140.pdb	19.919	41.989	0	18.070
swarm_5_114.pdb	13.410	47.291	0	18.055
swarm_20_131.pdb	19.587	50.787	0	18.030
swarm_5_30.pdb	13.408	47.274	0	18.018
swarm_138_126.pdb	18.747	57.657	0	18.018
swarm_5_3.pdb	13.369	47.113	0.0217391	17.999
swarm_5_39.pdb	13.480	47.600	0	17.928
swarm_356_123.pdb	20.199	36.958	0	17.901
swarm_5_85.pdb	13.493	47.582	0	17.889
swarm_2_71.pdb	11.982	44.233	0.0652174	17.879
swarm_2_19.pdb	11.974	44.180	0.0652174	17.810
swarm_391_104.pdb	12.368	58.574	0.0869565	17.786
swarm_334_102.pdb	19.340	30.057	0	17.777
swarm_5_49.pdb	13.481	47.487	0	17.772
swarm_95_54.pdb	5.371	25.573	0.173913	17.757
swarm_335_132.pdb	6.581	30.462	0.0652174	17.752
swarm_301_9.pdb	11.249	36.326	0	17.683
swarm_2_27.pdb	11.970	44.154	0.0652174	17.681
swarm_52_31.pdb	18.973	75.964	0	17.674
swarm_5_167.pdb	13.430	47.323	0	17.645
swarm_2_118.pdb	11.417	39.268	0	17.642
swarm_367_67.pdb	18.708	33.480	0	17.631
swarm_378_136.pdb	5.024	18.014	0.217391	17.593
swarm_2_112.pdb	11.425	39.125	0	17.581
swarm_378_179.pdb	20.469	39.679	0	17.574
swarm_2_157.pdb	11.380	42.944	0.108696	17.559
swarm_366_98.pdb	14.840	53.030	0	17.541
swarm_339_196.pdb	12.725	55.698	0.0652174	17.528
swarm_231_7.pdb	15.167	41.372	0	17.509
swarm_251_180.pdb	11.104	48.385	0.0217391	17.468
swarm_5_161.pdb	13.375	47.052	0	17.426
swarm_179_96.pdb	17.925	37.633	0	17.380
swarm_3_149.pdb	26.152	81.705	0	17.362
swarm_57_15.pdb	15.829	36.858	0	17.344
swarm_35_49.pdb	18.283	33.341	0	17.321
swarm_5_137.pdb	13.431	47.293	0	17.269
swarm_162_20.pdb	20.590	67.146	0	17.244
swarm_2_154.pdb	11.352	39.036	0	17.228
swarm_255_157.pdb	24.254	90.020	0	17.227
swarm_338_44.pdb	10.994	52.149	0.0434783	17.204
swarm_334_178.pdb	14.051	28.483	0	17.174
swarm_227_77.pdb	10.665	40.340	0	17.103
swarm_375_43.pdb	16.290	48.227	0	17.047
swarm_15_181.pdb	20.382	67.952	0	17.025
swarm_279_167.pdb	29.599	106.125	0	17.021
swarm_2_18.pdb	11.403	39.252	0	16.960
swarm_189_174.pdb	22.307	90.265	0	16.934
swarm_113_76.pdb	8.123	25.615	0.0217391	16.899
swarm_336_101.pdb	3.955	17.739	0.173913	16.829
swarm_57_92.pdb	13.357	36.565	0	16.796
swarm_335_156.pdb	16.385	37.653	0	16.790
swarm_182_58.pdb	15.336	67.860	0	16.780
swarm_135_101.pdb	11.358	34.096	0.0652174	16.715
swarm_38_37.pdb	11.439	32.356	0	16.657
swarm_38_92.pdb	11.393	32.359	0	16.589
swarm_38_157.pdb	11.409	32.306	0	16.566
swarm_229_160.pdb	18.776	63.681	0	16.518
swarm_38_187.pdb	11.358	32.469	0	16.499
swarm_375_159.pdb	18.011	45.942	0	16.471
swarm_122_79.pdb	19.823	72.655	0	16.462
swarm_38_112.pdb	11.452	32.430	0	16.415
swarm_71_11.pdb	19.187	62.439	0	16.330
swarm_38_100.pdb	11.373	32.432	0	16.302
swarm_24_178.pdb	19.668	33.068	0	16.299
swarm_38_71.pdb	11.439	32.320	0	16.278
swarm_38_168.pdb	11.418	32.295	0	16.082
swarm_38_11.pdb	11.384	32.482	0	16.064
swarm_38_69.pdb	11.381	32.404	0	16.012
swarm_35_53.pdb	12.663	35.469	0	16.003
swarm_38_197.pdb	11.369	32.399	0	15.939
swarm_63_67.pdb	11.154	47.619	0	15.904
swarm_38_10.pdb	11.375	32.383	0	15.863
swarm_378_23.pdb	11.274	35.859	0.0217391	15.857
swarm_2_62.pdb	11.908	44.128	0.0652174	15.833
swarm_38_38.pdb	11.379	32.474	0	15.793
swarm_301_164.pdb	14.044	38.305	0	15.790
swarm_203_146.pdb	10.054	35.530	0.0217391	15.764
swarm_38_9.pdb	11.430	32.436	0	15.739
swarm_38_85.pdb	11.412	32.288	0	15.712
swarm_0_127.pdb	37.216	125.178	0	15.688
swarm_24_56.pdb	12.814	40.701	0	15.637
swarm_184_167.pdb	13.544	57.280	0	15.626
swarm_96_61.pdb	34.673	99.776	0	15.590
swarm_38_43.pdb	11.390	32.251	0	15.563
swarm_38_122.pdb	11.438	32.423	0	15.548
swarm_38_41.pdb	11.444	32.433	0	15.523
swarm_0_21.pdb	37.296	125.322	0	15.509
swarm_0_37.pdb	37.082	124.852	0	15.504
swarm_0_56.pdb	37.128	124.988	0	15.499
swarm_38_24.pdb	11.364	32.443	0	15.486
swarm_0_41.pdb	36.944	124.617	0	15.478
swarm_0_57.pdb	37.110	124.919	0	15.464
swarm_168_82.pdb	12.908	46.020	0.108696	15.448
swarm_313_144.pdb	20.097	58.775	0	15.442
swarm_0_164.pdb	37.252	125.281	0	15.433
swarm_38_179.pdb	11.338	32.354	0	15.428
swarm_38_67.pdb	11.389	32.422	0	15.412
swarm_0_69.pdb	37.171	125.097	0	15.407
swarm_0_68.pdb	37.081	124.857	0	15.406
swarm_0_120.pdb	37.092	124.879	0	15.405
swarm_0_40.pdb	37.119	124.967	0	15.389
swarm_0_72.pdb	37.014	124.726	0	15.372
swarm_0_13.pdb	37.160	125.078	0	15.372
swarm_0_170.pdb	37.128	124.983	0	15.360
swarm_113_12.pdb	12.827	37.041	0	15.325
swarm_38_133.pdb	11.384	32.325	0	15.322
swarm_0_96.pdb	37.262	125.274	0	15.294
swarm_141_7.pdb	24.279	86.950	0	15.265
swarm_0_142.pdb	37.111	124.942	0	15.242
swarm_35_83.pdb	8.075	27.293	0.0869565	15.241
swarm_0_88.pdb	37.116	124.948	0	15.208
swarm_2_168.pdb	6.013	31.413	0.0434783	15.180
swarm_0_139.pdb	37.099	124.896	0	15.155
swarm_38_141.pdb	11.396	32.348	0	15.135
swarm_0_199.pdb	37.064	124.796	0	15.110
swarm_0_5.pdb	37.137	125.009	0	15.065
swarm_0_105.pdb	37.009	124.706	0	15.029
swarm_38_144.pdb	11.435	32.183	0.0217391	15.009
swarm_0_28.pdb	37.110	124.956	0	15.002
swarm_0_190.pdb	37.087	124.843	0	14.919
swarm_301_20.pdb	11.683	30.902	0	14.855
swarm_378_148.pdb	16.909	33.991	0	14.826
swarm_57_2.pdb	13.460	32.057	0.0434783	14.820
swarm_38_66.pdb	11.482	32.415	0	14.783
swarm_350_81.pdb	14.219	36.498	0	14.781
swarm_323_86.pdb	8.977	39.653	0	14.726
swarm_62_95.pdb	17.990	63.424	0	14.632
swarm_74_102.pdb	16.936	75.106	0	14.549
swarm_334_103.pdb	20.628	35.360	0	14.456
swarm_288_90.pdb	22.254	52.947	0	14.324
swarm_67_112.pdb	25.460	67.596	0	14.220
swarm_31_29.pdb	23.105	91.828	0	14.165
swarm_62_195.pdb	12.525	61.588	0.0434783	14.133
swarm_20_134.pdb	13.498	61.079	0.195652	13.937
swarm_335_57.pdb	9.107	31.199	0	13.924
swarm_367_89.pdb	10.634	30.478	0.0434783	13.457
swarm_2_122.pdb	19.252	39.569	0	13.419
swarm_272_43.pdb	18.368	66.430	0	13.351
swarm_252_101.pdb	12.069	45.761	0	13.335
swarm_2_56.pdb	19.154	39.193	0	13.160
swarm_343_61.pdb	23.941	80.263	0	13.127
swarm_251_100.pdb	17.341	58.587	0	12.199
swarm_10_82.pdb	32.666	102.807	0	12.029
swarm_336_181.pdb	15.547	35.146	0	11.717
swarm_164_158.pdb	13.998	40.670	0	11.616
swarm_24_47.pdb	13.911	34.535	0	11.557
swarm_367_91.pdb	16.195	30.897	0	11.280
swarm_6_132.pdb	19.649	76.959	0	11.234
swarm_113_149.pdb	11.294	30.612	0	10.586
swarm_367_187.pdb	10.753	34.284	0.0652174	10.315
swarm_2_139.pdb	11.521	43.157	0.108696	9.687
swarm_2_54.pdb	8.935	36.894	0.0434783	9.686
swarm_338_192.pdb	10.805	47.146	0.0217391	8.439
swarm_27_79.pdb	15.821	60.160	0	8.398
swarm_324_165.pdb	10.658	62.150	0.0652174	7.893
swarm_105_101.pdb	11.321	61.563	0.0652174	7.426
swarm_315_148.pdb	26.339	80.569	0	5.972
swarm_363_140.pdb	18.396	41.393	0	4.659
swarm_339_81.pdb	12.642	46.851	0	3.342
swarm_106_74.pdb	18.007	60.076	0	3.152
swarm_378_156.pdb	7.537	24.211	0.0217391	3.108
swarm_228_33.pdb	29.230	94.510	0	3.043
swarm_113_124.pdb	15.833	38.737	0	2.135
swarm_391_195.pdb	15.238	55.968	0	0.643
