swarm_28_50.pdb	23.206	43.516	0	43.865
swarm_27_146.pdb	10.395	32.385	0	41.822
swarm_11_106.pdb	10.548	34.912	0	40.969
swarm_17_98.pdb	14.958	43.122	0	38.826
swarm_16_28.pdb	19.358	34.277	0	38.772
swarm_25_194.pdb	10.121	41.528	0	38.194
swarm_24_70.pdb	13.540	38.145	0	37.983
swarm_28_46.pdb	23.287	41.712	0	37.391
swarm_3_181.pdb	8.959	25.022	0.0217391	36.198
swarm_11_58.pdb	23.036	48.442	0	34.751
swarm_7_31.pdb	8.045	30.562	0	34.252
swarm_30_99.pdb	13.585	46.581	0	34.022
swarm_21_175.pdb	14.943	40.168	0	33.579
swarm_16_86.pdb	11.162	33.262	0.0434783	32.763
swarm_28_121.pdb	23.943	48.115	0	32.552
swarm_24_31.pdb	17.769	37.481	0	32.454
swarm_25_175.pdb	16.467	38.468	0	32.286
swarm_26_197.pdb	9.043	26.171	0	32.102
swarm_22_45.pdb	15.721	40.945	0	32.025
swarm_16_4.pdb	17.275	29.329	0	32.006
swarm_8_71.pdb	15.277	35.766	0	31.672
swarm_17_102.pdb	18.599	44.589	0	31.251
swarm_29_124.pdb	23.633	49.153	0	30.814
swarm_22_35.pdb	20.404	39.065	0	30.782
swarm_14_118.pdb	19.638	39.053	0	30.472
swarm_26_101.pdb	16.778	35.677	0	30.272
swarm_27_69.pdb	7.088	33.497	0	30.151
swarm_4_75.pdb	8.773	29.793	0.0217391	30.063
swarm_22_182.pdb	19.163	35.806	0	30.062
swarm_25_170.pdb	20.362	45.470	0	29.655
swarm_15_77.pdb	17.084	27.791	0	29.507
swarm_22_92.pdb	16.925	37.679	0	29.419
swarm_3_158.pdb	11.899	33.850	0.0434783	29.277
swarm_5_117.pdb	17.386	42.189	0	29.217
swarm_28_41.pdb	16.936	47.993	0	29.023
swarm_25_28.pdb	16.155	41.968	0	28.792
swarm_24_107.pdb	21.614	37.316	0	28.758
swarm_4_107.pdb	12.261	41.172	0	28.634
swarm_3_166.pdb	18.439	29.597	0	28.578
swarm_5_19.pdb	17.043	32.720	0	28.103
swarm_19_55.pdb	13.981	26.581	0	28.067
swarm_10_187.pdb	16.333	33.810	0	27.964
swarm_27_156.pdb	17.486	39.181	0	27.902
swarm_31_108.pdb	18.476	36.222	0	27.865
swarm_0_109.pdb	7.251	22.544	0.108696	27.840
swarm_14_82.pdb	16.332	37.758	0	27.827
swarm_11_119.pdb	13.888	35.927	0	27.518
swarm_23_197.pdb	17.787	29.387	0	27.515
swarm_16_126.pdb	17.615	34.191	0	26.871
swarm_25_86.pdb	11.735	38.723	0	26.570
swarm_14_1.pdb	12.846	38.737	0	26.461
swarm_26_64.pdb	11.449	28.105	0	26.389
swarm_0_84.pdb	17.919	28.448	0	26.276
swarm_11_112.pdb	10.054	37.284	0	26.091
swarm_5_103.pdb	15.191	35.669	0	25.857
swarm_13_25.pdb	6.474	19.770	0	25.593
swarm_19_24.pdb	10.641	37.774	0.0217391	25.586
swarm_15_14.pdb	9.079	29.015	0	25.394
swarm_28_107.pdb	10.775	37.516	0.0217391	25.304
swarm_26_13.pdb	13.812	38.709	0	25.273
swarm_26_45.pdb	10.734	41.929	0.0217391	25.147
swarm_12_17.pdb	13.043	35.037	0.130435	25.027
swarm_13_195.pdb	10.921	33.486	0.0217391	25.026
swarm_24_168.pdb	18.978	45.647	0	24.860
swarm_4_100.pdb	18.861	36.204	0	24.850
swarm_25_74.pdb	22.137	41.963	0	24.736
swarm_19_179.pdb	11.263	30.572	0	24.736
swarm_26_36.pdb	22.065	40.085	0	24.681
swarm_2_92.pdb	17.211	31.920	0	24.586
swarm_11_10.pdb	17.354	39.185	0	24.331
swarm_19_30.pdb	11.875	34.436	0	24.204
swarm_12_36.pdb	15.429	29.812	0	24.033
swarm_17_149.pdb	20.366	47.555	0	23.852
swarm_15_195.pdb	9.931	22.488	0	23.703
swarm_4_132.pdb	8.776	32.028	0	23.685
swarm_8_32.pdb	12.021	45.091	0.0652174	23.526
swarm_14_39.pdb	22.350	43.373	0	23.477
swarm_31_33.pdb	14.008	41.041	0	23.344
swarm_14_42.pdb	15.149	33.672	0	23.266
swarm_25_108.pdb	24.441	52.280	0	23.189
swarm_16_68.pdb	19.899	41.457	0	23.182
swarm_11_21.pdb	21.065	43.115	0	23.168
swarm_30_133.pdb	17.877	39.563	0	22.970
swarm_0_30.pdb	18.130	31.468	0	22.688
swarm_13_51.pdb	17.277	31.105	0	22.674
swarm_26_0.pdb	20.109	42.419	0	22.651
swarm_15_37.pdb	21.687	36.722	0	22.566
swarm_5_94.pdb	9.165	29.027	0	22.517
swarm_6_97.pdb	20.217	34.481	0	22.358
swarm_3_65.pdb	14.410	23.786	0	22.217
swarm_19_46.pdb	16.976	36.043	0	22.146
swarm_5_127.pdb	19.382	37.774	0	22.050
swarm_14_100.pdb	22.834	44.090	0	21.713
swarm_11_160.pdb	13.976	38.638	0	21.685
swarm_19_100.pdb	16.461	35.363	0	21.650
swarm_19_174.pdb	19.973	39.339	0	21.542
swarm_6_196.pdb	14.156	28.293	0	21.494
swarm_7_179.pdb	19.132	35.313	0	21.191
swarm_11_199.pdb	16.990	40.300	0	21.143
swarm_32_59.pdb	11.899	40.284	0.152174	20.796
swarm_3_191.pdb	23.645	37.895	0	20.563
swarm_14_56.pdb	13.923	36.303	0	20.452
swarm_18_126.pdb	9.390	33.780	0	20.388
swarm_27_112.pdb	24.473	47.786	0	20.284
swarm_6_54.pdb	22.506	37.562	0	20.246
swarm_15_61.pdb	18.430	38.472	0	19.900
swarm_15_2.pdb	17.465	35.122	0	19.805
swarm_25_114.pdb	15.792	37.663	0	19.614
swarm_14_45.pdb	14.491	37.176	0	19.363
swarm_22_110.pdb	7.967	30.457	0.130435	19.347
swarm_3_116.pdb	15.561	29.191	0	19.266
swarm_22_38.pdb	12.355	41.677	0	19.207
swarm_19_86.pdb	7.898	17.812	0	19.021
swarm_22_183.pdb	11.530	34.019	0	18.832
swarm_18_129.pdb	13.821	31.569	0	18.781
swarm_30_193.pdb	17.577	34.641	0	18.568
swarm_6_139.pdb	12.755	33.783	0	18.540
swarm_16_65.pdb	14.856	22.356	0	18.444
swarm_6_198.pdb	11.640	32.374	0.0434783	18.265
swarm_31_58.pdb	13.463	42.968	0.0217391	18.059
swarm_24_147.pdb	22.609	42.875	0	18.042
swarm_15_99.pdb	23.746	42.603	0	17.801
swarm_5_129.pdb	7.191	19.759	0	17.700
swarm_11_52.pdb	12.803	43.125	0	17.501
swarm_13_101.pdb	11.950	37.823	0.0869565	17.458
swarm_16_167.pdb	15.687	24.488	0	17.387
swarm_0_195.pdb	15.617	25.113	0	17.149
swarm_6_118.pdb	15.841	33.384	0	17.145
swarm_9_80.pdb	15.916	36.229	0.0217391	17.108
swarm_6_95.pdb	15.663	24.098	0	17.031
swarm_13_70.pdb	14.426	31.549	0	16.810
swarm_19_25.pdb	13.300	28.672	0	16.542
swarm_1_23.pdb	18.423	37.753	0	16.294
swarm_15_32.pdb	13.069	33.933	0.0217391	16.148
swarm_32_115.pdb	8.996	28.274	0	16.123
swarm_26_74.pdb	24.837	45.376	0	16.077
swarm_14_185.pdb	15.965	38.342	0	16.054
swarm_27_181.pdb	12.948	43.048	0.0217391	15.980
swarm_32_166.pdb	12.302	30.792	0	15.843
swarm_19_1.pdb	12.187	27.436	0	15.679
swarm_12_106.pdb	19.036	32.858	0	15.487
swarm_15_69.pdb	23.654	38.181	0	15.195
swarm_7_24.pdb	12.320	40.182	0.152174	14.848
swarm_32_144.pdb	12.996	31.971	0	14.592
swarm_5_146.pdb	12.490	28.721	0	14.417
swarm_12_30.pdb	21.319	35.689	0	14.102
swarm_12_120.pdb	19.572	35.132	0	13.961
swarm_6_48.pdb	11.223	24.345	0	13.555
swarm_8_114.pdb	9.133	30.045	0	13.173
swarm_12_101.pdb	10.517	26.253	0	11.863
swarm_17_142.pdb	9.478	41.774	0.0652174	11.485
swarm_4_73.pdb	16.915	42.106	0	9.391
swarm_4_166.pdb	21.206	43.240	0	9.138
swarm_28_35.pdb	21.491	46.638	0	8.741
swarm_26_152.pdb	16.578	38.933	0	8.741
swarm_26_37.pdb	15.241	30.735	0.0217391	5.427
swarm_16_122.pdb	14.357	37.283	0.0217391	5.359
swarm_9_164.pdb	12.381	39.250	0.0652174	3.900
