swarm_21_93.pdb	13.191	43.930	0	54.761
swarm_17_35.pdb	10.614	50.622	0.0869565	44.327
swarm_26_78.pdb	12.454	37.063	0	43.711
swarm_14_52.pdb	11.220	53.840	0.152174	42.921
swarm_22_197.pdb	20.873	47.061	0	41.923
swarm_12_108.pdb	16.983	37.175	0	41.792
swarm_18_92.pdb	13.784	48.484	0	41.467
swarm_22_177.pdb	8.685	47.214	0.0217391	40.679
swarm_9_81.pdb	11.282	53.306	0.108696	40.548
swarm_12_48.pdb	9.601	37.315	0	40.518
swarm_9_1.pdb	19.661	46.675	0	38.448
swarm_1_190.pdb	6.327	33.503	0.0869565	38.062
swarm_8_181.pdb	11.275	42.029	0	37.890
swarm_27_19.pdb	9.082	30.986	0	37.418
swarm_17_100.pdb	12.236	51.162	0	36.935
swarm_21_104.pdb	17.706	51.318	0	36.447
swarm_20_149.pdb	11.219	52.284	0.108696	36.268
swarm_22_107.pdb	9.044	42.212	0	36.044
swarm_30_114.pdb	11.011	48.181	0	35.902
swarm_26_157.pdb	17.158	38.454	0	35.862
swarm_12_193.pdb	13.374	40.314	0.0217391	35.857
swarm_25_132.pdb	21.788	50.449	0	35.514
swarm_15_51.pdb	14.445	39.456	0	35.145
swarm_19_48.pdb	11.674	63.947	0.152174	34.887
swarm_31_199.pdb	20.524	46.297	0	34.793
swarm_6_25.pdb	17.809	41.822	0	34.678
swarm_5_15.pdb	16.283	38.564	0	34.487
swarm_23_65.pdb	17.759	33.905	0	34.088
swarm_18_42.pdb	17.298	47.135	0	33.883
swarm_8_183.pdb	10.831	51.775	0.0869565	33.786
swarm_31_177.pdb	14.474	39.362	0	33.765
swarm_14_45.pdb	16.331	47.584	0	33.627
swarm_30_119.pdb	19.976	42.005	0	33.596
swarm_27_91.pdb	12.399	38.456	0.0217391	33.144
swarm_27_184.pdb	15.641	34.162	0	32.860
swarm_18_179.pdb	17.171	50.113	0	32.758
swarm_9_24.pdb	16.010	46.126	0	32.735
swarm_21_55.pdb	16.210	50.223	0	32.623
swarm_18_29.pdb	8.604	32.762	0	32.433
swarm_25_7.pdb	15.271	50.685	0	32.397
swarm_16_20.pdb	20.398	49.429	0	32.271
swarm_30_71.pdb	14.767	47.147	0	32.149
swarm_13_168.pdb	3.885	18.902	0.195652	31.751
swarm_23_159.pdb	12.667	36.090	0.108696	31.592
swarm_9_2.pdb	11.077	46.232	0	31.522
swarm_31_156.pdb	11.779	44.292	0	31.409
swarm_18_56.pdb	13.800	47.127	0	31.221
swarm_29_183.pdb	16.964	37.095	0	31.132
swarm_31_35.pdb	19.503	38.049	0	30.759
swarm_30_175.pdb	11.882	39.871	0.0434783	30.355
swarm_14_187.pdb	16.098	48.136	0	30.239
swarm_5_9.pdb	15.712	40.301	0	30.173
swarm_17_193.pdb	18.728	52.557	0	29.878
swarm_31_130.pdb	14.912	52.131	0.0652174	29.677
swarm_0_123.pdb	15.007	36.653	0	29.671
swarm_4_186.pdb	13.446	31.260	0	29.615
swarm_6_15.pdb	6.207	29.482	0.0217391	29.556
swarm_2_102.pdb	13.697	56.392	0	29.393
swarm_28_13.pdb	19.419	38.240	0	29.357
swarm_31_82.pdb	19.555	44.545	0	29.012
swarm_30_88.pdb	12.082	46.693	0.0217391	28.964
swarm_5_37.pdb	18.192	37.529	0	28.926
swarm_14_109.pdb	22.486	53.094	0	28.872
swarm_20_143.pdb	18.832	46.787	0	28.780
swarm_31_192.pdb	17.531	43.307	0	28.733
swarm_9_15.pdb	19.190	50.378	0	28.676
swarm_29_84.pdb	11.667	43.020	0	28.502
swarm_19_164.pdb	17.411	57.097	0	28.430
swarm_28_135.pdb	13.823	45.561	0.0434783	28.311
swarm_24_141.pdb	12.520	60.721	0.0652174	28.082
swarm_29_56.pdb	19.893	43.852	0	27.942
swarm_0_130.pdb	8.274	36.528	0	27.900
swarm_6_183.pdb	6.800	27.705	0.130435	27.819
swarm_9_96.pdb	11.110	56.381	0.0434783	27.771
swarm_0_155.pdb	17.233	38.133	0	27.737
swarm_17_74.pdb	18.178	51.471	0	27.727
swarm_5_159.pdb	11.401	46.536	0	27.719
swarm_18_33.pdb	19.675	48.957	0	27.693
swarm_20_142.pdb	19.741	57.984	0	27.461
swarm_20_32.pdb	17.253	55.032	0	27.460
swarm_27_71.pdb	18.981	43.523	0	27.437
swarm_16_2.pdb	12.789	51.111	0.0434783	27.422
swarm_18_40.pdb	15.251	50.544	0	27.399
swarm_31_176.pdb	11.636	43.543	0.0217391	27.291
swarm_19_115.pdb	13.877	50.591	0	27.204
swarm_23_40.pdb	18.170	34.156	0	27.069
swarm_17_127.pdb	11.833	51.744	0	26.923
swarm_16_18.pdb	21.297	50.245	0	26.795
swarm_6_6.pdb	16.779	37.431	0	26.783
swarm_17_128.pdb	15.427	51.895	0	26.689
swarm_0_19.pdb	14.112	46.468	0	26.651
swarm_24_164.pdb	22.847	55.337	0	26.543
swarm_0_125.pdb	15.812	37.284	0	26.526
swarm_30_51.pdb	19.274	44.701	0	26.364
swarm_28_40.pdb	11.366	43.849	0.0869565	26.354
swarm_9_121.pdb	12.476	39.255	0	26.328
swarm_2_41.pdb	11.345	53.730	0.0652174	26.162
swarm_29_116.pdb	6.832	34.917	0.0652174	25.946
swarm_29_60.pdb	17.601	41.570	0	25.825
swarm_24_115.pdb	15.385	60.019	0	25.735
swarm_5_182.pdb	14.947	33.812	0	25.618
swarm_26_114.pdb	20.327	35.845	0	25.560
swarm_0_116.pdb	12.390	39.480	0	25.497
swarm_25_95.pdb	23.985	58.428	0	25.349
swarm_22_23.pdb	21.983	54.729	0	25.338
swarm_2_121.pdb	12.669	59.559	0.0869565	25.247
swarm_29_176.pdb	17.378	42.024	0	25.213
swarm_17_2.pdb	19.113	47.099	0	25.167
swarm_18_76.pdb	21.820	48.447	0	25.050
swarm_22_130.pdb	10.864	49.928	0	25.030
swarm_8_179.pdb	13.771	42.291	0	25.022
swarm_19_169.pdb	22.123	55.462	0	24.874
swarm_1_100.pdb	5.202	23.296	0.0217391	24.869
swarm_27_34.pdb	18.156	37.903	0	24.856
swarm_24_153.pdb	15.611	54.200	0	24.728
swarm_24_39.pdb	17.293	56.903	0	24.706
swarm_22_43.pdb	18.978	49.674	0	24.699
swarm_26_44.pdb	10.980	28.650	0	24.640
swarm_18_172.pdb	21.492	46.465	0	24.424
swarm_31_134.pdb	12.165	42.632	0	24.378
swarm_10_124.pdb	13.112	43.213	0	24.375
swarm_24_60.pdb	11.518	56.408	0.0652174	24.197
swarm_6_56.pdb	20.144	45.699	0	23.854
swarm_14_194.pdb	11.037	42.798	0	23.779
swarm_12_139.pdb	13.914	32.270	0	23.671
swarm_14_97.pdb	18.430	48.772	0	23.655
swarm_27_166.pdb	15.920	34.175	0	23.633
swarm_12_71.pdb	16.253	38.001	0	23.597
swarm_12_88.pdb	18.313	36.275	0	23.587
swarm_14_10.pdb	23.725	55.133	0	23.577
swarm_18_188.pdb	16.979	41.038	0	23.382
swarm_18_60.pdb	17.572	40.229	0	23.348
swarm_5_21.pdb	12.119	33.738	0	23.299
swarm_26_117.pdb	16.577	33.187	0	23.281
swarm_20_101.pdb	18.640	52.533	0	23.277
swarm_16_160.pdb	12.076	46.719	0	23.200
swarm_19_75.pdb	12.282	57.004	0.0652174	23.173
swarm_26_113.pdb	5.747	21.970	0.413043	23.161
swarm_19_34.pdb	21.009	63.208	0	23.017
swarm_21_19.pdb	19.476	56.539	0	22.959
swarm_17_20.pdb	10.796	49.367	0.108696	22.939
swarm_15_149.pdb	24.248	48.438	0	22.919
swarm_20_3.pdb	19.900	52.462	0	22.785
swarm_26_145.pdb	17.780	38.079	0	22.629
swarm_27_183.pdb	20.539	37.259	0	22.471
swarm_15_176.pdb	13.056	44.964	0	22.456
swarm_11_80.pdb	11.734	45.947	0	22.440
swarm_29_17.pdb	16.111	38.046	0	22.426
swarm_19_97.pdb	24.869	62.326	0	22.326
swarm_20_160.pdb	17.372	53.687	0	22.175
swarm_20_40.pdb	16.426	52.759	0	22.081
swarm_10_30.pdb	22.963	54.156	0	22.059
swarm_6_75.pdb	22.263	38.382	0	22.056
swarm_29_177.pdb	14.396	48.928	0	22.045
swarm_25_110.pdb	18.218	50.945	0	22.022
swarm_23_156.pdb	14.805	31.729	0	21.992
swarm_0_76.pdb	18.281	35.862	0	21.856
swarm_5_29.pdb	16.223	38.610	0	21.817
swarm_6_60.pdb	13.963	31.529	0	21.783
swarm_25_54.pdb	18.435	50.238	0	21.738
swarm_24_122.pdb	20.818	54.048	0	21.564
swarm_26_90.pdb	17.042	31.540	0	21.499
swarm_4_60.pdb	14.563	32.097	0	21.333
swarm_0_68.pdb	18.658	40.234	0	21.333
swarm_3_171.pdb	22.271	46.415	0	21.258
swarm_15_50.pdb	16.434	37.954	0	21.186
swarm_8_187.pdb	20.716	50.381	0	21.155
swarm_23_6.pdb	8.081	27.104	0.108696	21.155
swarm_22_144.pdb	13.579	45.039	0	21.141
swarm_9_5.pdb	14.631	56.353	0.0652174	21.108
swarm_19_170.pdb	17.115	62.983	0	21.028
swarm_5_85.pdb	18.179	39.061	0	21.017
swarm_31_73.pdb	13.685	39.451	0	20.990
swarm_9_115.pdb	17.592	42.763	0	20.968
swarm_18_173.pdb	11.127	47.859	0.0434783	20.894
swarm_23_15.pdb	14.405	29.211	0	20.773
swarm_15_168.pdb	12.321	32.755	0	20.624
swarm_27_95.pdb	20.590	36.482	0	20.533
swarm_21_198.pdb	24.718	59.373	0	20.450
swarm_7_5.pdb	19.874	40.803	0	20.390
swarm_22_149.pdb	11.210	52.194	0.152174	20.355
swarm_26_179.pdb	15.649	36.264	0	19.968
swarm_14_152.pdb	22.231	53.360	0	19.817
swarm_30_21.pdb	16.816	47.632	0	19.692
swarm_22_180.pdb	17.734	55.076	0	19.658
swarm_25_78.pdb	17.835	58.506	0	19.653
swarm_24_43.pdb	22.367	56.532	0	19.649
swarm_12_171.pdb	18.743	41.474	0	19.589
swarm_21_192.pdb	24.340	56.662	0	19.583
swarm_23_64.pdb	19.520	31.027	0	19.552
swarm_16_69.pdb	19.751	55.157	0	19.313
swarm_0_199.pdb	13.867	42.531	0	19.154
swarm_29_106.pdb	12.369	50.618	0.130435	19.127
swarm_15_103.pdb	13.310	46.219	0	19.052
swarm_15_7.pdb	19.104	46.036	0	18.928
swarm_3_28.pdb	22.558	54.465	0	18.896
swarm_18_135.pdb	16.472	46.454	0	18.868
swarm_6_182.pdb	14.253	37.565	0	18.795
swarm_18_184.pdb	18.410	42.863	0	18.495
swarm_29_35.pdb	17.645	55.130	0	18.354
swarm_4_69.pdb	9.192	32.129	0	18.345
swarm_0_165.pdb	19.611	38.472	0	18.264
swarm_8_104.pdb	12.704	47.845	0	18.171
swarm_2_101.pdb	19.396	54.317	0	18.121
swarm_4_184.pdb	18.809	37.746	0	17.723
swarm_12_75.pdb	15.263	41.079	0	17.670
swarm_17_41.pdb	16.372	52.879	0	17.657
swarm_8_143.pdb	17.095	48.747	0	17.614
swarm_11_37.pdb	12.261	45.587	0	17.516
swarm_13_5.pdb	14.320	31.495	0	17.233
swarm_22_17.pdb	23.517	52.983	0	17.037
swarm_0_3.pdb	20.922	35.449	0	16.958
swarm_29_152.pdb	16.985	49.153	0	16.954
swarm_17_76.pdb	17.240	55.345	0	16.629
swarm_20_38.pdb	19.513	59.031	0	16.625
swarm_17_129.pdb	12.463	56.567	0	16.433
swarm_23_32.pdb	12.595	33.457	0	16.264
swarm_22_123.pdb	11.274	41.833	0	16.232
swarm_24_68.pdb	14.720	58.285	0	16.229
swarm_21_121.pdb	14.039	47.238	0	16.092
swarm_28_109.pdb	19.344	37.864	0	16.069
swarm_3_170.pdb	12.494	47.683	0	15.840
swarm_20_24.pdb	13.780	48.082	0	15.625
swarm_8_176.pdb	6.635	39.759	0.0652174	14.927
swarm_29_156.pdb	12.194	44.994	0	14.856
swarm_16_156.pdb	21.719	47.505	0	14.779
swarm_15_78.pdb	11.792	39.905	0.173913	14.672
swarm_24_22.pdb	23.309	66.294	0	13.918
swarm_23_117.pdb	11.288	33.910	0.130435	13.895
swarm_10_101.pdb	14.561	49.574	0	13.371
swarm_5_175.pdb	13.176	40.385	0	13.261
swarm_16_153.pdb	12.567	45.476	0	13.246
swarm_30_100.pdb	18.273	41.148	0	13.088
swarm_30_62.pdb	17.449	47.059	0	13.005
swarm_31_194.pdb	18.776	52.922	0	12.779
swarm_30_19.pdb	12.471	41.732	0	12.625
swarm_14_32.pdb	10.241	43.955	0	12.388
swarm_6_177.pdb	20.208	37.187	0	12.070
swarm_1_35.pdb	12.428	36.239	0	9.693
swarm_31_22.pdb	13.421	34.551	0	9.089
swarm_24_20.pdb	13.424	60.111	0.0217391	8.762
swarm_21_88.pdb	15.247	55.872	0	8.562
swarm_16_182.pdb	9.876	50.414	0.413043	6.368
swarm_29_87.pdb	16.438	47.129	0	2.833
