swarm_5_160.pdb	7.294	32.924	0	41.901
swarm_11_136.pdb	7.473	35.051	0.0652174	41.294
swarm_1_155.pdb	7.157	30.766	0	38.206
swarm_8_75.pdb	7.142	34.583	0.0217391	37.936
swarm_28_9.pdb	7.236	33.147	0	37.686
swarm_22_114.pdb	8.793	40.356	0	36.750
swarm_28_71.pdb	7.273	31.101	0	34.576
swarm_20_181.pdb	10.268	49.480	0.0434783	33.181
swarm_29_6.pdb	7.154	29.336	0	33.049
swarm_23_111.pdb	14.069	60.369	0	32.875
swarm_3_11.pdb	9.009	32.299	0	32.484
swarm_27_94.pdb	9.377	35.782	0	32.449
swarm_17_56.pdb	8.768	36.134	0.0217391	31.888
swarm_16_172.pdb	16.128	58.180	0	31.875
swarm_30_176.pdb	9.907	40.666	0	30.005
swarm_16_96.pdb	11.657	54.704	0	29.297
swarm_6_182.pdb	10.288	37.767	0	29.013
swarm_22_135.pdb	8.397	31.377	0	28.640
swarm_11_185.pdb	9.258	32.035	0	27.484
swarm_3_183.pdb	9.560	35.197	0	27.459
swarm_21_34.pdb	13.566	54.953	0	27.184
swarm_26_36.pdb	7.928	26.619	0.0217391	26.983
swarm_24_183.pdb	19.494	48.962	0	26.891
swarm_5_66.pdb	8.015	37.511	0.0217391	26.361
swarm_26_31.pdb	9.156	26.043	0	26.068
swarm_10_34.pdb	9.882	43.106	0.0652174	25.918
swarm_26_198.pdb	8.729	28.950	0	25.639
swarm_4_187.pdb	9.082	31.477	0	25.405
swarm_29_188.pdb	7.634	35.171	0	25.226
swarm_29_7.pdb	9.020	35.436	0	24.988
swarm_25_112.pdb	13.898	59.831	0	24.376
swarm_22_18.pdb	11.466	48.465	0	23.652
swarm_21_171.pdb	9.884	43.007	0	23.617
swarm_29_192.pdb	13.016	39.094	0	23.389
swarm_15_70.pdb	9.973	42.569	0	23.029
swarm_10_91.pdb	13.307	49.473	0	22.498
swarm_20_131.pdb	16.160	50.216	0	22.241
swarm_10_190.pdb	15.789	42.996	0	21.977
swarm_17_72.pdb	9.518	38.855	0	21.813
swarm_21_84.pdb	14.213	52.694	0	21.489
swarm_1_112.pdb	5.767	32.657	0.152174	21.226
swarm_17_13.pdb	12.503	43.971	0	20.882
swarm_10_59.pdb	10.254	36.459	0	20.643
swarm_3_53.pdb	7.928	32.338	0	20.418
swarm_25_185.pdb	13.716	54.785	0	20.404
swarm_1_123.pdb	8.069	34.670	0	20.115
swarm_16_160.pdb	14.203	55.598	0	20.091
swarm_17_190.pdb	11.211	33.286	0	19.985
swarm_28_67.pdb	7.111	39.587	0.0869565	19.313
swarm_6_9.pdb	15.757	52.331	0	18.775
swarm_4_86.pdb	9.439	25.659	0	18.635
swarm_15_113.pdb	16.975	42.566	0	18.377
swarm_30_169.pdb	11.300	48.141	0	18.318
swarm_20_6.pdb	13.472	54.819	0	16.640
swarm_27_84.pdb	14.482	35.133	0	16.214
swarm_25_133.pdb	13.474	50.884	0	16.121
swarm_30_66.pdb	13.113	48.692	0	16.051
swarm_21_62.pdb	14.085	48.625	0	15.949
swarm_11_92.pdb	11.540	26.697	0	4.888
