run1-swarm_22_184.pdb	8.170	43.044	0.152174	59.247
run1-swarm_0_43.pdb	6.532	26.426	0	54.467
run1-swarm_15_142.pdb	7.708	40.629	0.217391	52.936
run1-swarm_23_74.pdb	4.489	16.804	0.173913	52.258
run1-swarm_5_100.pdb	8.756	38.349	0.130435	49.505
run1-swarm_8_61.pdb	9.440	43.046	0.0434783	48.543
run1-swarm_29_64.pdb	10.025	41.294	0	47.230
run1-swarm_18_123.pdb	7.634	39.884	0.217391	47.024
run1-swarm_4_116.pdb	4.649	19.781	0.195652	46.751
run1-swarm_14_153.pdb	8.903	38.749	0.0434783	46.722
run1-swarm_12_42.pdb	6.858	30.075	0.0217391	46.697
run1-swarm_9_34.pdb	9.597	41.587	0	46.315
run1-swarm_13_116.pdb	4.162	13.469	0.152174	46.039
run1-swarm_12_141.pdb	8.891	35.131	0.0217391	45.608
run0-swarm_3_50.pdb	7.820	31.462	0	45.542
run1-swarm_11_8.pdb	9.352	42.000	0	45.380
run0-swarm_38_195.pdb	6.559	29.881	0.0434783	45.183
run0-swarm_34_104.pdb	7.178	28.188	0	44.442
run1-swarm_18_138.pdb	8.900	38.742	0.0434783	44.077
run1-swarm_31_186.pdb	8.814	40.802	0.173913	43.233
run1-swarm_1_144.pdb	6.194	31.058	0.152174	43.215
run1-swarm_9_186.pdb	10.788	39.724	0	43.042
run1-swarm_6_160.pdb	6.113	31.106	0.304348	42.717
run1-swarm_16_135.pdb	10.059	44.525	0	42.533
run1-swarm_30_115.pdb	10.721	40.271	0	42.431
run1-swarm_26_73.pdb	4.040	16.154	0.195652	41.994
run0-swarm_39_23.pdb	7.310	27.634	0	41.095
run1-swarm_4_38.pdb	5.256	30.339	0.304348	40.411
run0-swarm_33_135.pdb	9.720	37.136	0	40.300
run0-swarm_29_54.pdb	6.922	29.909	0	40.104
run1-swarm_8_108.pdb	7.691	35.622	0	39.957
run1-swarm_28_198.pdb	7.526	38.386	0.108696	39.658
run1-swarm_21_61.pdb	8.805	43.242	0.0434783	39.308
run1-swarm_29_173.pdb	8.960	36.693	0	38.818
run1-swarm_17_34.pdb	10.506	40.853	0	38.807
run1-swarm_15_66.pdb	7.740	37.314	0.173913	38.775
run1-swarm_27_95.pdb	8.132	34.230	0.0652174	38.580
run1-swarm_23_40.pdb	3.903	16.361	0.456522	38.139
run1-swarm_13_19.pdb	3.177	14.834	0.565217	38.100
run0-swarm_3_166.pdb	4.580	27.091	0.23913	37.576
run1-swarm_7_75.pdb	4.348	25.360	0.26087	37.193
run0-swarm_27_116.pdb	9.619	39.260	0.0652174	37.075
run1-swarm_13_68.pdb	4.366	25.046	0.369565	37.012
run0-swarm_36_83.pdb	9.681	39.552	0	36.910
run1-swarm_6_159.pdb	7.522	36.010	0.26087	36.617
run1-swarm_31_111.pdb	8.417	36.012	0.0434783	36.605
run1-swarm_28_38.pdb	5.247	29.112	0.282609	36.266
run1-swarm_6_125.pdb	7.329	34.798	0.217391	36.248
run1-swarm_15_105.pdb	8.584	41.726	0.23913	35.973
run1-swarm_8_76.pdb	7.216	39.199	0.130435	35.867
run0-swarm_42_31.pdb	7.653	30.931	0.0652174	35.859
run1-swarm_26_109.pdb	4.328	20.856	0.413043	35.772
run0-swarm_25_127.pdb	2.823	10.660	0.630435	35.537
run0-swarm_21_63.pdb	4.409	24.539	0.108696	35.528
run1-swarm_7_191.pdb	5.955	26.335	0.0652174	35.397
run1-swarm_15_41.pdb	6.045	29.812	0.413043	35.365
run1-swarm_23_43.pdb	5.426	27.540	0.0869565	35.360
run1-swarm_30_63.pdb	8.591	33.050	0	35.289
run1-swarm_3_194.pdb	7.749	38.087	0.152174	34.800
run1-swarm_16_155.pdb	9.567	38.809	0	34.644
run0-swarm_17_195.pdb	8.447	31.898	0	34.597
run0-swarm_31_166.pdb	8.311	36.367	0.195652	34.284
run0-swarm_25_71.pdb	8.787	27.463	0	34.279
run0-swarm_9_54.pdb	2.729	5.430	0.695652	33.755
run0-swarm_39_76.pdb	8.447	36.938	0.0434783	33.732
run0-swarm_40_52.pdb	5.516	22.963	0	33.315
run0-swarm_6_159.pdb	9.036	37.271	0.0869565	33.255
run0-swarm_13_34.pdb	8.415	35.453	0.108696	33.092
run0-swarm_2_110.pdb	3.510	11.753	0.326087	33.081
run0-swarm_5_104.pdb	7.608	29.402	0	32.857
run1-swarm_30_120.pdb	9.772	37.981	0	32.627
run0-swarm_31_33.pdb	7.925	40.548	0.282609	32.521
run0-swarm_11_169.pdb	4.569	23.631	0.0869565	32.204
run1-swarm_4_178.pdb	4.267	22.819	0.369565	32.096
run1-swarm_0_123.pdb	5.099	30.089	0.347826	31.919
run1-swarm_10_61.pdb	11.513	45.252	0	31.900
run0-swarm_4_121.pdb	5.153	32.224	0.195652	31.759
run0-swarm_38_186.pdb	4.495	27.588	0.217391	31.735
run1-swarm_27_194.pdb	6.862	28.757	0	31.710
run1-swarm_6_44.pdb	4.640	22.918	0.434783	31.394
run1-swarm_18_47.pdb	8.487	41.361	0.152174	31.329
run0-swarm_35_109.pdb	8.176	35.243	0	31.308
run1-swarm_20_116.pdb	11.963	45.563	0	30.963
run0-swarm_24_165.pdb	9.669	33.121	0	30.453
run1-swarm_31_31.pdb	9.636	37.251	0	30.190
run1-swarm_5_109.pdb	8.541	42.383	0.173913	30.189
run0-swarm_3_141.pdb	7.866	30.578	0	30.117
run0-swarm_0_190.pdb	2.731	7.606	0.5	30.084
run0-swarm_13_151.pdb	8.889	40.981	0.130435	30.078
run0-swarm_0_146.pdb	6.515	18.797	0.26087	29.874
run1-swarm_23_79.pdb	6.883	29.431	0.23913	29.841
run1-swarm_5_33.pdb	6.308	32.253	0.0869565	29.608
run0-swarm_6_26.pdb	8.805	31.566	0	29.465
run0-swarm_14_116.pdb	7.399	28.272	0.0434783	29.447
run0-swarm_12_103.pdb	5.572	14.932	0.304348	29.291
run0-swarm_39_175.pdb	6.823	29.488	0.0869565	28.969
run1-swarm_12_168.pdb	4.645	23.271	0.195652	28.965
run1-swarm_22_180.pdb	10.745	52.203	0.130435	28.723
run0-swarm_40_87.pdb	7.431	24.725	0.130435	28.629
run0-swarm_35_51.pdb	8.418	32.875	0	28.594
run0-swarm_7_92.pdb	6.834	30.910	0.108696	28.486
run0-swarm_16_5.pdb	5.555	30.046	0.217391	28.473
run1-swarm_2_17.pdb	11.076	43.120	0	28.282
run1-swarm_26_14.pdb	5.837	24.961	0.369565	27.964
run0-swarm_7_74.pdb	4.805	29.884	0.23913	27.931
run1-swarm_15_178.pdb	9.884	41.720	0	27.488
run0-swarm_1_185.pdb	8.796	26.923	0	27.463
run0-swarm_2_47.pdb	4.288	9.418	0.369565	27.447
run0-swarm_41_90.pdb	4.622	19.731	0.478261	27.159
run1-swarm_27_34.pdb	8.697	31.142	0	27.078
run1-swarm_17_38.pdb	12.294	43.186	0	27.037
run1-swarm_14_5.pdb	12.023	44.395	0	27.011
run1-swarm_21_132.pdb	11.259	54.574	0.0217391	26.880
run1-swarm_3_155.pdb	6.705	38.422	0.282609	26.855
run0-swarm_41_52.pdb	7.789	30.290	0.0434783	26.741
run1-swarm_30_153.pdb	7.834	34.876	0	26.716
run0-swarm_29_147.pdb	4.806	26.468	0.456522	26.394
run1-swarm_1_25.pdb	5.920	33.672	0.347826	26.189
run0-swarm_1_144.pdb	7.397	26.212	0.0217391	25.973
run1-swarm_0_50.pdb	6.080	31.477	0.369565	25.953
run0-swarm_37_47.pdb	4.364	21.936	0.195652	25.838
run1-swarm_20_113.pdb	9.958	47.644	0	25.668
run0-swarm_23_26.pdb	4.657	15.282	0.5	25.040
run0-swarm_42_25.pdb	8.037	34.417	0.0869565	25.024
run0-swarm_3_98.pdb	9.555	28.706	0	24.911
run0-swarm_12_64.pdb	4.820	15.974	0.23913	24.623
run1-swarm_23_61.pdb	5.425	30.667	0.304348	24.563
run1-swarm_14_72.pdb	8.456	44.783	0.0869565	24.559
run1-swarm_14_143.pdb	11.022	49.772	0	24.346
run0-swarm_12_69.pdb	6.545	20.556	0.173913	24.326
run0-swarm_21_129.pdb	6.001	22.713	0.195652	24.208
run1-swarm_22_163.pdb	10.879	52.256	0.0869565	24.017
run1-swarm_27_184.pdb	6.026	30.139	0.0869565	23.908
run0-swarm_15_104.pdb	6.481	30.540	0.282609	23.804
run0-swarm_28_115.pdb	10.173	45.099	0.0217391	23.516
run1-swarm_29_108.pdb	6.671	35.174	0.108696	23.269
run0-swarm_18_74.pdb	9.745	39.014	0	23.189
run0-swarm_9_158.pdb	5.209	10.227	0.195652	22.948
run1-swarm_25_152.pdb	12.126	53.271	0	22.855
run0-swarm_41_15.pdb	5.249	19.475	0.195652	22.483
run0-swarm_24_34.pdb	3.354	14.619	0.304348	22.352
run0-swarm_33_108.pdb	8.215	39.429	0.0869565	22.342
run0-swarm_24_20.pdb	11.026	31.623	0	22.140
run0-swarm_1_145.pdb	4.244	22.402	0.195652	22.090
run1-swarm_0_193.pdb	8.312	33.803	0	21.983
run1-swarm_30_195.pdb	8.373	41.434	0	21.928
run0-swarm_3_106.pdb	6.511	30.691	0.0217391	21.894
run1-swarm_8_106.pdb	8.732	43.188	0.0217391	21.848
run0-swarm_38_145.pdb	9.582	32.956	0	21.846
run1-swarm_21_28.pdb	10.531	47.049	0	21.652
run0-swarm_1_27.pdb	4.931	15.560	0.282609	21.639
run0-swarm_30_194.pdb	3.810	16.194	0.173913	21.563
run0-swarm_41_160.pdb	6.622	27.454	0.0869565	21.193
run0-swarm_14_160.pdb	8.048	33.878	0.0217391	21.109
run1-swarm_12_33.pdb	7.062	31.470	0.0434783	21.052
run1-swarm_11_27.pdb	10.235	49.305	0.0217391	20.882
run1-swarm_31_22.pdb	7.659	36.376	0.0652174	20.833
run0-swarm_25_152.pdb	8.301	25.497	0	20.750
run0-swarm_29_131.pdb	4.202	18.189	0.434783	20.542
run1-swarm_29_66.pdb	7.709	34.610	0	20.215
run1-swarm_14_21.pdb	9.639	45.460	0	20.112
run0-swarm_23_38.pdb	4.182	9.980	0.282609	20.102
run0-swarm_37_48.pdb	9.007	36.279	0.0652174	19.907
run1-swarm_30_196.pdb	8.517	40.016	0.108696	19.887
run1-swarm_30_108.pdb	8.863	40.916	0	19.853
run1-swarm_7_36.pdb	5.671	24.350	0.0434783	19.410
run1-swarm_27_142.pdb	8.049	39.963	0.130435	19.329
run0-swarm_40_75.pdb	6.584	26.357	0.217391	19.144
run1-swarm_7_98.pdb	7.208	32.928	0	19.072
run1-swarm_28_175.pdb	8.799	44.308	0.0869565	19.068
run1-swarm_10_178.pdb	9.844	50.689	0.0217391	18.781
run0-swarm_41_137.pdb	9.258	26.777	0	18.495
run0-swarm_37_126.pdb	8.714	37.536	0.0652174	18.322
run0-swarm_30_41.pdb	11.617	24.017	0	17.819
run0-swarm_35_119.pdb	6.286	28.429	0.152174	17.314
run0-swarm_35_14.pdb	4.906	27.812	0.130435	16.416
run1-swarm_12_47.pdb	7.733	39.053	0.0217391	16.151
run1-swarm_12_62.pdb	8.161	36.787	0	15.966
run1-swarm_4_56.pdb	7.245	34.208	0.0217391	15.899
run0-swarm_28_183.pdb	6.940	31.370	0.173913	15.876
run0-swarm_24_65.pdb	5.632	25.541	0.217391	15.796
run0-swarm_33_86.pdb	9.624	38.993	0.0434783	15.640
run1-swarm_29_154.pdb	7.893	39.304	0	15.426
run0-swarm_9_48.pdb	9.463	19.659	0	14.959
run0-swarm_28_169.pdb	11.213	40.885	0	14.637
run0-swarm_29_83.pdb	8.141	25.030	0	14.559
run0-swarm_37_24.pdb	5.108	23.831	0.391304	14.172
run0-swarm_25_51.pdb	4.216	23.064	0.478261	14.116
run0-swarm_36_166.pdb	10.709	39.941	0	14.056
run0-swarm_33_91.pdb	5.610	28.577	0.456522	13.445
run0-swarm_23_182.pdb	8.202	27.826	0.173913	12.649
run1-swarm_3_142.pdb	9.340	40.982	0	12.039
run1-swarm_9_161.pdb	8.564	42.616	0	11.936
run1-swarm_17_101.pdb	12.677	42.481	0	11.384
run0-swarm_36_154.pdb	8.357	33.881	0.0652174	11.035
run0-swarm_37_91.pdb	10.233	34.554	0	10.536
run0-swarm_3_76.pdb	4.118	18.779	0.26087	10.285
run1-swarm_15_77.pdb	8.219	31.499	0.0652174	9.552
run0-swarm_1_0.pdb	6.986	28.290	0.0217391	9.085
run1-swarm_10_15.pdb	15.295	45.689	0	8.552
run0-swarm_30_153.pdb	10.372	30.542	0	6.286
run0-swarm_24_131.pdb	7.924	24.212	0.0652174	4.161
run1-swarm_19_183.pdb	16.669	50.426	0	1.251
