swarm_26_126.pdb	7.968	21.738	0.025641	30.725
swarm_30_155.pdb	17.066	46.212	0	29.774
swarm_23_33.pdb	15.740	42.029	0	28.638
swarm_26_177.pdb	5.657	10.481	0.333333	28.442
swarm_21_5.pdb	10.156	25.755	0	28.218
swarm_35_150.pdb	5.467	9.093	0.307692	28.101
swarm_2_178.pdb	5.231	7.640	0.333333	27.896
swarm_42_13.pdb	12.593	32.401	0	27.584
swarm_45_35.pdb	15.925	42.398	0	27.199
swarm_46_8.pdb	15.900	42.208	0	26.703
swarm_6_82.pdb	6.219	10.757	0.230769	25.632
swarm_44_32.pdb	14.996	35.108	0.025641	24.577
swarm_43_80.pdb	14.807	37.539	0.025641	23.665
swarm_23_82.pdb	12.593	32.550	0	23.071
swarm_3_53.pdb	14.132	44.034	0	23.059
swarm_49_114.pdb	8.098	16.601	0.179487	22.841
swarm_31_16.pdb	5.637	10.340	0.205128	22.795
swarm_1_34.pdb	12.562	34.388	0	22.663
swarm_8_171.pdb	5.553	7.479	0.179487	21.648
swarm_19_138.pdb	9.238	18.469	0	21.259
swarm_9_164.pdb	9.264	23.600	0	19.568
swarm_8_110.pdb	11.206	21.660	0	18.712
swarm_18_94.pdb	9.881	19.894	0.0512821	17.924
swarm_49_107.pdb	9.064	17.376	0.153846	16.457
swarm_2_79.pdb	10.237	21.581	0.025641	16.292
swarm_21_199.pdb	11.046	25.803	0	15.527
swarm_8_116.pdb	7.815	11.052	0.205128	15.095
swarm_35_5.pdb	6.655	12.661	0.102564	13.753
swarm_49_9.pdb	10.769	17.535	0.025641	13.089
swarm_1_47.pdb	11.114	28.185	0.102564	13.015
swarm_6_85.pdb	11.721	27.277	0.0512821	11.258
swarm_31_88.pdb	13.460	29.082	0.025641	9.015
swarm_6_196.pdb	7.113	16.453	0.102564	8.473
swarm_26_147.pdb	13.728	32.771	0.0769231	2.987
