swarm_23_52.pdb	21.464	33.253	0	33.922
swarm_34_28.pdb	11.886	17.638	0	33.744
swarm_60_25.pdb	15.164	31.390	0	32.853
swarm_54_184.pdb	13.606	23.243	0	29.253
swarm_36_130.pdb	16.918	30.379	0	29.189
swarm_23_23.pdb	21.172	31.671	0	29.022
swarm_36_13.pdb	12.562	20.113	0	27.995
swarm_64_73.pdb	13.997	27.036	0	27.680
swarm_25_167.pdb	16.476	38.140	0	27.174
swarm_68_80.pdb	16.247	49.563	0	26.965
swarm_18_130.pdb	12.207	20.753	0.0512821	26.355
swarm_12_75.pdb	15.451	38.525	0	26.257
swarm_3_172.pdb	18.994	38.661	0	25.952
swarm_41_70.pdb	19.238	32.133	0	25.614
swarm_35_52.pdb	15.235	34.117	0	25.197
swarm_16_161.pdb	19.274	36.095	0	24.877
swarm_50_42.pdb	15.154	24.373	0	23.638
swarm_50_185.pdb	20.165	31.579	0	23.222
swarm_49_76.pdb	19.060	43.841	0	23.117
swarm_45_146.pdb	15.917	26.529	0	23.029
swarm_39_50.pdb	14.376	26.061	0	22.481
swarm_41_148.pdb	18.287	28.761	0	21.706
swarm_47_185.pdb	14.359	24.505	0.025641	21.335
swarm_18_82.pdb	14.788	25.659	0	20.997
swarm_19_144.pdb	17.467	31.045	0	20.931
swarm_23_133.pdb	19.449	33.022	0	20.819
swarm_19_139.pdb	17.776	29.159	0	20.564
swarm_17_186.pdb	11.732	19.777	0.025641	20.369
swarm_42_23.pdb	9.875	22.660	0	20.226
swarm_39_65.pdb	12.733	24.462	0.025641	19.795
swarm_39_162.pdb	9.975	13.583	0	18.991
swarm_4_38.pdb	16.187	34.451	0.025641	18.780
swarm_28_102.pdb	16.565	37.424	0	18.648
swarm_14_12.pdb	21.865	42.543	0	18.599
swarm_67_63.pdb	13.785	34.493	0	18.544
swarm_31_134.pdb	15.565	27.199	0	18.235
swarm_54_78.pdb	15.958	30.189	0.0512821	18.169
swarm_8_199.pdb	15.607	38.208	0	17.857
swarm_20_129.pdb	18.352	28.316	0	17.160
swarm_67_66.pdb	18.766	49.597	0	16.943
swarm_47_54.pdb	17.878	29.969	0.025641	16.805
swarm_41_9.pdb	14.056	27.723	0	16.382
swarm_23_157.pdb	16.682	29.691	0	16.068
swarm_18_75.pdb	16.081	30.296	0.0512821	16.020
swarm_45_124.pdb	18.317	28.697	0	15.323
swarm_43_30.pdb	11.596	25.716	0.0512821	14.931
swarm_71_90.pdb	16.319	31.724	0	14.927
swarm_42_137.pdb	17.253	36.853	0	14.846
swarm_43_128.pdb	8.282	17.403	0	14.833
swarm_7_197.pdb	12.742	32.825	0.025641	14.798
swarm_32_137.pdb	18.621	34.368	0	14.788
swarm_37_19.pdb	19.120	45.397	0	14.311
swarm_21_186.pdb	18.637	50.972	0	12.349
swarm_15_174.pdb	21.718	54.936	0	12.195
swarm_53_10.pdb	10.966	25.378	0.0769231	8.353
swarm_39_79.pdb	13.798	31.362	0	1.946
