swarm_71_20.pdb	18.170	44.046	0	33.135
swarm_49_120.pdb	12.347	37.501	0	30.432
swarm_25_1.pdb	15.923	40.406	0	30.245
swarm_66_190.pdb	16.233	40.362	0	30.239
swarm_13_52.pdb	13.954	37.355	0	29.732
swarm_6_151.pdb	7.829	15.908	0.128205	29.445
swarm_39_2.pdb	10.492	15.528	0	29.409
swarm_1_97.pdb	14.868	41.084	0	29.131
swarm_55_87.pdb	11.578	37.581	0	28.924
swarm_17_134.pdb	11.839	21.469	0	28.849
swarm_71_173.pdb	16.126	42.459	0	28.489
swarm_40_131.pdb	10.770	16.936	0	27.497
swarm_12_139.pdb	15.982	41.496	0	27.044
swarm_69_115.pdb	16.449	38.525	0	26.533
swarm_41_186.pdb	9.618	17.067	0	25.814
swarm_1_123.pdb	18.575	48.571	0	25.509
swarm_18_142.pdb	5.618	9.236	0.282051	25.157
swarm_40_20.pdb	9.981	18.575	0	25.093
swarm_48_77.pdb	12.914	23.880	0	24.638
swarm_39_44.pdb	8.292	17.742	0	24.412
swarm_42_67.pdb	9.958	19.311	0	24.175
swarm_35_146.pdb	12.267	35.555	0	23.081
swarm_63_80.pdb	12.961	43.043	0	22.909
swarm_18_81.pdb	9.851	16.419	0	21.868
swarm_19_166.pdb	5.883	15.153	0.179487	21.723
swarm_16_51.pdb	11.622	25.661	0	20.887
swarm_41_109.pdb	9.122	19.311	0	20.857
swarm_36_108.pdb	9.578	23.353	0.0512821	20.009
swarm_19_198.pdb	8.380	15.401	0.0512821	18.458
swarm_39_181.pdb	10.444	17.385	0	18.003
swarm_38_111.pdb	12.378	30.769	0	17.390
swarm_9_127.pdb	7.972	17.119	0.25641	17.367
swarm_69_193.pdb	11.950	29.782	0.128205	8.221
