swarm_1_101.pdb	16.017	50.461	0	40.232
swarm_29_96.pdb	9.714	33.061	0.0142857	36.483
swarm_28_157.pdb	9.559	34.374	0.0428571	33.961
swarm_28_158.pdb	14.114	41.509	0	33.013
swarm_31_125.pdb	9.781	34.194	0.0285714	32.914
swarm_11_175.pdb	3.794	5.880	0.2	31.081
swarm_19_14.pdb	8.798	31.315	0.0571429	30.338
swarm_29_78.pdb	13.989	40.199	0	29.530
swarm_1_41.pdb	13.050	42.152	0	28.907
swarm_15_170.pdb	6.058	11.674	0.0142857	28.708
swarm_46_152.pdb	12.702	40.490	0	28.297
swarm_7_163.pdb	10.376	29.054	0	28.295
swarm_6_108.pdb	5.951	9.726	0.0428571	28.182
swarm_27_63.pdb	14.028	40.933	0	26.827
swarm_16_15.pdb	6.012	12.505	0.0142857	26.177
swarm_19_183.pdb	11.827	28.646	0	25.407
swarm_17_38.pdb	11.642	27.047	0	25.382
swarm_27_156.pdb	9.642	31.966	0.0142857	24.178
swarm_4_188.pdb	6.597	12.876	0	23.849
swarm_16_79.pdb	5.369	18.106	0.314286	23.781
swarm_26_12.pdb	8.452	18.789	0	23.087
swarm_26_85.pdb	6.987	16.883	0	22.460
swarm_30_54.pdb	11.742	39.501	0	22.249
swarm_28_21.pdb	12.542	42.547	0	22.008
swarm_37_80.pdb	12.597	35.536	0	21.950
swarm_21_4.pdb	11.701	25.650	0	21.841
swarm_44_189.pdb	11.513	38.579	0	21.648
swarm_30_21.pdb	14.005	36.441	0	21.601
swarm_11_82.pdb	5.634	13.856	0.128571	21.597
swarm_20_184.pdb	7.912	22.602	0.0142857	21.347
swarm_39_143.pdb	12.639	33.818	0	21.326
swarm_35_3.pdb	7.142	16.744	0.0142857	20.744
swarm_22_92.pdb	12.108	31.858	0	20.596
swarm_0_58.pdb	12.377	34.436	0	20.455
swarm_16_60.pdb	7.359	25.976	0.0285714	19.758
swarm_18_183.pdb	6.770	15.279	0.0142857	19.113
swarm_37_59.pdb	11.747	30.072	0	18.977
swarm_21_168.pdb	8.455	26.404	0.0142857	18.971
swarm_19_130.pdb	7.792	22.619	0.0142857	18.783
swarm_26_15.pdb	7.261	25.705	0.0428571	18.772
swarm_35_121.pdb	7.568	19.951	0.0142857	18.577
swarm_15_68.pdb	7.516	14.610	0.0285714	18.105
swarm_28_51.pdb	12.452	33.305	0	18.095
swarm_14_172.pdb	6.165	20.376	0.0714286	18.051
swarm_37_156.pdb	6.636	24.650	0.0714286	18.048
swarm_40_97.pdb	12.093	37.486	0	17.701
swarm_20_124.pdb	8.367	29.236	0.0285714	17.484
swarm_32_36.pdb	12.573	37.706	0	16.735
swarm_10_48.pdb	10.426	25.674	0	16.390
swarm_38_71.pdb	7.466	18.146	0.0285714	14.483
swarm_7_196.pdb	4.609	10.507	0.0428571	13.281
swarm_31_70.pdb	7.274	22.122	0.0142857	12.604
swarm_22_90.pdb	11.245	24.711	0	11.361
swarm_19_55.pdb	12.312	33.379	0	11.237
swarm_39_128.pdb	10.739	33.717	0	2.463
swarm_17_163.pdb	7.997	26.775	0.0857143	0.296
