swarm_20_92.pdb	12.115	30.650	0.0285714	36.413
swarm_37_18.pdb	11.539	30.191	0.0571429	33.250
swarm_46_106.pdb	13.755	41.609	0	32.732
swarm_22_20.pdb	11.765	33.134	0.0428571	29.112
swarm_35_137.pdb	11.124	28.382	0.0571429	28.915
swarm_18_37.pdb	12.954	32.397	0.0142857	27.688
swarm_19_170.pdb	12.472	28.556	0.0142857	27.594
swarm_21_120.pdb	15.118	31.265	0.0857143	27.032
swarm_39_107.pdb	14.329	35.060	0	25.378
swarm_35_139.pdb	14.657	33.139	0.1	25.118
swarm_40_139.pdb	14.343	39.957	0.0142857	24.936
swarm_17_181.pdb	12.435	30.773	0.0142857	24.361
swarm_35_12.pdb	7.702	29.615	0.0285714	22.783
swarm_6_191.pdb	5.827	10.639	0.0857143	22.760
swarm_7_185.pdb	14.000	26.532	0	22.680
swarm_28_82.pdb	12.131	32.707	0	22.327
swarm_7_82.pdb	12.001	25.646	0	21.811
swarm_37_17.pdb	14.749	33.255	0	21.767
swarm_15_129.pdb	15.601	26.356	0.0428571	21.642
swarm_18_91.pdb	7.513	15.878	0	20.933
swarm_15_149.pdb	16.619	31.688	0.0714286	20.828
swarm_9_5.pdb	14.963	35.811	0	20.795
swarm_19_45.pdb	7.807	24.500	0.142857	20.096
swarm_15_21.pdb	15.254	31.784	0.1	19.805
swarm_35_4.pdb	16.603	31.659	0	19.763
swarm_26_41.pdb	15.016	32.582	0.0428571	19.203
swarm_4_82.pdb	12.958	24.059	0	19.078
swarm_6_182.pdb	14.609	26.209	0.0142857	19.004
swarm_39_80.pdb	11.042	40.676	0	18.755
swarm_37_52.pdb	11.908	21.921	0	18.238
swarm_9_105.pdb	15.437	42.165	0	17.868
swarm_35_15.pdb	14.592	34.553	0.0571429	17.830
swarm_27_162.pdb	8.865	29.541	0.0142857	17.651
swarm_10_136.pdb	13.842	37.072	0	15.895
swarm_20_17.pdb	18.076	35.833	0	13.373
swarm_35_23.pdb	15.485	35.859	0.114286	13.112
swarm_13_38.pdb	11.712	28.485	0	11.440
swarm_38_43.pdb	13.806	23.879	0	10.773
swarm_10_152.pdb	9.982	25.333	0	8.220
swarm_9_23.pdb	9.412	27.071	0.0428571	7.689
swarm_19_31.pdb	13.871	30.978	0.0428571	3.275
