swarm_22_101.pdb	11.680	27.736	0	28.235
swarm_35_127.pdb	9.188	28.552	0	27.010
swarm_17_125.pdb	14.319	36.786	0	25.633
swarm_23_54.pdb	13.537	29.829	0	25.608
swarm_2_1.pdb	8.035	28.736	0	24.747
swarm_21_48.pdb	15.395	34.468	0	24.124
swarm_15_12.pdb	11.592	32.280	0	24.094
swarm_37_150.pdb	11.908	27.435	0	23.960
swarm_37_67.pdb	7.845	25.449	0	23.562
swarm_3_137.pdb	11.396	23.909	0	23.463
swarm_43_175.pdb	14.661	38.577	0	23.451
swarm_38_3.pdb	11.604	27.617	0	23.353
swarm_48_99.pdb	9.965	27.859	0	23.336
swarm_3_38.pdb	11.916	29.022	0.1	23.293
swarm_14_117.pdb	8.664	28.213	0	23.289
swarm_37_97.pdb	12.463	32.707	0.0333333	22.938
swarm_12_67.pdb	11.976	28.482	0	22.789
swarm_1_47.pdb	12.985	31.605	0	22.721
swarm_0_108.pdb	11.639	26.270	0	22.708
swarm_9_29.pdb	13.452	34.810	0	22.569
swarm_23_67.pdb	11.972	29.060	0	22.446
swarm_18_114.pdb	12.123	29.769	0.1	22.387
swarm_48_78.pdb	14.225	32.844	0	22.343
swarm_1_49.pdb	12.272	33.385	0	22.323
swarm_26_37.pdb	14.171	32.252	0	22.243
swarm_29_159.pdb	15.509	36.540	0	22.192
swarm_23_85.pdb	12.445	28.205	0.133333	22.056
swarm_17_199.pdb	8.676	29.548	0	21.998
swarm_14_135.pdb	12.417	27.837	0	21.985
swarm_0_64.pdb	11.750	32.783	0.0333333	21.974
swarm_17_91.pdb	13.800	36.079	0	21.914
swarm_2_67.pdb	9.120	25.948	0	21.886
swarm_13_22.pdb	16.517	38.251	0	21.845
swarm_15_139.pdb	12.990	28.318	0	21.797
swarm_16_8.pdb	13.245	31.087	0.0666667	21.681
swarm_45_43.pdb	15.590	38.179	0	21.641
swarm_3_74.pdb	13.582	29.815	0	21.535
swarm_46_30.pdb	11.064	32.459	0.0333333	21.505
swarm_46_183.pdb	14.373	33.847	0	21.471
swarm_18_137.pdb	13.735	34.192	0	21.419
swarm_31_55.pdb	8.087	29.505	0	21.396
swarm_0_158.pdb	14.848	38.252	0	21.365
swarm_45_16.pdb	16.362	41.730	0	21.240
swarm_31_118.pdb	9.474	27.039	0	21.218
swarm_18_76.pdb	15.768	39.107	0	21.216
swarm_2_179.pdb	11.022	33.671	0	21.195
swarm_17_71.pdb	9.757	33.454	0	21.116
swarm_1_130.pdb	13.975	35.842	0	21.045
swarm_17_42.pdb	14.421	39.289	0	20.961
swarm_1_167.pdb	7.620	25.175	0	20.960
swarm_35_137.pdb	14.682	31.597	0	20.919
swarm_46_77.pdb	12.389	32.049	0	20.811
swarm_10_50.pdb	8.927	30.252	0	20.778
swarm_45_107.pdb	14.267	37.279	0	20.714
swarm_29_9.pdb	10.208	30.478	0	20.696
swarm_11_121.pdb	14.080	38.101	0.0333333	20.693
swarm_17_54.pdb	13.148	36.379	0	20.649
swarm_31_146.pdb	12.187	33.175	0	20.644
swarm_10_191.pdb	13.547	33.408	0	20.609
swarm_17_192.pdb	13.719	36.590	0	20.569
swarm_28_62.pdb	10.206	26.961	0.0333333	20.552
swarm_45_112.pdb	15.121	35.335	0.0333333	20.540
swarm_11_75.pdb	14.695	39.391	0	20.537
swarm_9_153.pdb	10.398	33.046	0.0333333	20.368
swarm_10_121.pdb	14.125	33.801	0	20.351
swarm_25_175.pdb	11.287	25.555	0	20.312
swarm_41_192.pdb	12.916	37.915	0	20.248
swarm_3_8.pdb	9.755	26.485	0.133333	20.127
swarm_46_22.pdb	8.978	28.176	0.0333333	20.124
swarm_44_73.pdb	8.863	29.115	0	20.043
swarm_44_138.pdb	14.000	28.862	0	19.990
swarm_14_71.pdb	13.616	32.303	0	19.950
swarm_31_197.pdb	15.002	33.594	0	19.914
swarm_41_79.pdb	10.635	37.429	0.0333333	19.823
swarm_27_178.pdb	12.486	33.968	0.0333333	19.778
swarm_15_2.pdb	8.212	26.539	0.1	19.727
swarm_12_142.pdb	12.142	32.479	0	19.617
swarm_33_77.pdb	14.060	29.864	0.0666667	19.512
swarm_5_171.pdb	14.212	34.540	0	19.491
swarm_18_187.pdb	14.055	34.028	0	19.450
swarm_26_183.pdb	13.971	27.902	0	19.436
swarm_7_127.pdb	11.305	25.692	0	19.402
swarm_34_13.pdb	13.179	27.851	0	19.369
swarm_26_192.pdb	12.976	32.316	0	19.224
swarm_29_126.pdb	15.243	32.763	0	19.182
swarm_41_171.pdb	14.001	35.150	0	19.145
swarm_38_54.pdb	10.457	31.195	0	19.127
swarm_29_180.pdb	14.000	37.483	0	19.127
swarm_41_141.pdb	12.217	34.671	0	19.101
swarm_2_173.pdb	13.919	36.197	0	19.065
swarm_0_121.pdb	11.841	34.014	0	19.036
swarm_14_41.pdb	12.240	30.540	0	18.999
swarm_43_87.pdb	13.369	38.420	0	18.891
swarm_13_68.pdb	16.177	39.023	0	18.876
swarm_10_75.pdb	15.182	39.044	0	18.796
swarm_8_41.pdb	13.530	30.985	0	18.737
swarm_26_62.pdb	11.677	28.817	0.0333333	18.684
swarm_13_126.pdb	13.313	33.956	0	18.671
swarm_21_171.pdb	9.737	26.876	0	18.611
swarm_18_10.pdb	13.771	35.490	0	18.524
swarm_41_123.pdb	14.199	39.839	0	18.488
swarm_17_104.pdb	14.767	38.504	0	18.418
swarm_37_20.pdb	13.188	27.302	0	18.390
swarm_35_25.pdb	14.348	34.548	0	18.317
swarm_0_177.pdb	14.187	31.433	0	18.255
swarm_47_122.pdb	10.311	27.979	0	18.194
swarm_38_160.pdb	11.670	32.528	0.0333333	18.132
swarm_28_195.pdb	9.777	26.465	0	18.069
swarm_8_8.pdb	14.656	37.820	0	18.042
swarm_5_71.pdb	14.988	37.176	0.0333333	18.035
swarm_21_99.pdb	13.800	36.213	0	17.986
swarm_43_86.pdb	11.752	33.994	0	17.737
swarm_18_188.pdb	13.605	34.727	0	17.698
swarm_31_45.pdb	10.196	30.308	0	17.568
swarm_3_54.pdb	13.247	31.042	0	17.539
swarm_46_89.pdb	12.720	32.458	0	17.533
swarm_43_27.pdb	13.355	39.517	0	17.522
swarm_31_179.pdb	14.380	28.287	0	17.505
swarm_18_47.pdb	13.067	29.656	0	17.503
swarm_0_90.pdb	14.434	34.627	0	17.457
swarm_5_101.pdb	14.807	38.250	0	17.431
swarm_16_182.pdb	11.887	28.015	0	17.427
swarm_7_61.pdb	9.768	25.918	0	17.420
swarm_31_9.pdb	13.170	35.528	0	17.398
swarm_15_175.pdb	11.343	30.711	0	17.389
swarm_13_114.pdb	14.261	33.505	0	17.389
swarm_19_44.pdb	11.340	23.305	0	17.370
swarm_45_191.pdb	15.214	32.185	0	17.306
swarm_13_155.pdb	12.327	33.200	0	17.303
swarm_44_18.pdb	9.265	27.191	0	17.264
swarm_25_125.pdb	11.347	22.431	0	17.235
swarm_13_112.pdb	12.054	33.972	0	17.198
swarm_8_141.pdb	8.023	24.490	0	17.066
swarm_7_50.pdb	11.982	30.558	0	17.000
swarm_38_112.pdb	13.154	37.268	0	16.960
swarm_40_135.pdb	10.496	24.724	0	16.909
swarm_11_152.pdb	10.002	32.650	0	16.869
swarm_35_95.pdb	11.327	35.218	0	16.821
swarm_46_98.pdb	11.052	28.755	0.166667	16.705
swarm_44_2.pdb	13.499	29.799	0.133333	16.672
swarm_37_48.pdb	12.341	28.066	0	16.672
swarm_13_10.pdb	17.471	42.395	0	16.663
swarm_45_62.pdb	16.271	40.871	0	16.646
swarm_35_27.pdb	15.112	33.862	0	16.617
swarm_21_126.pdb	14.551	37.301	0	16.582
swarm_37_95.pdb	10.405	25.979	0	16.495
swarm_29_198.pdb	14.215	32.120	0	16.473
swarm_14_128.pdb	13.557	27.703	0	16.414
swarm_10_169.pdb	14.444	37.717	0	16.390
swarm_29_150.pdb	12.370	31.006	0	16.383
swarm_18_77.pdb	10.000	28.345	0	16.315
swarm_46_37.pdb	14.038	31.909	0	16.272
swarm_27_63.pdb	11.740	33.584	0	16.198
swarm_10_128.pdb	14.978	37.286	0.0333333	16.095
swarm_6_118.pdb	12.857	28.931	0	16.087
swarm_34_19.pdb	13.121	26.287	0	15.960
swarm_4_125.pdb	12.127	25.173	0	15.949
swarm_29_15.pdb	14.045	38.315	0	15.864
swarm_21_66.pdb	13.463	29.751	0	15.822
swarm_29_129.pdb	15.933	37.281	0	15.804
swarm_43_13.pdb	13.801	40.523	0	15.758
swarm_41_99.pdb	15.227	34.682	0	15.758
swarm_11_95.pdb	15.196	39.130	0	15.709
swarm_46_23.pdb	13.127	27.110	0	15.641
swarm_27_27.pdb	9.683	30.163	0.0333333	15.558
swarm_37_130.pdb	15.010	31.922	0	15.549
swarm_11_52.pdb	16.782	39.759	0	15.548
swarm_37_71.pdb	9.082	26.498	0	15.456
swarm_10_139.pdb	12.410	33.552	0	15.446
swarm_21_119.pdb	14.124	34.967	0	15.381
swarm_26_50.pdb	8.916	23.385	0	15.242
swarm_46_199.pdb	10.231	34.766	0	15.235
swarm_41_168.pdb	13.274	32.830	0	15.231
swarm_16_89.pdb	10.548	28.408	0	15.220
swarm_46_29.pdb	11.874	34.913	0	15.099
swarm_46_115.pdb	12.966	28.013	0	15.086
swarm_33_175.pdb	12.823	25.509	0	15.071
swarm_38_179.pdb	13.967	35.555	0	15.026
swarm_5_76.pdb	14.936	38.012	0	15.006
swarm_44_170.pdb	11.892	33.746	0	14.753
swarm_5_158.pdb	15.966	39.926	0	14.743
swarm_31_186.pdb	12.389	28.196	0	14.695
swarm_15_128.pdb	9.649	27.671	0.0333333	14.659
swarm_46_197.pdb	15.475	36.050	0	14.643
swarm_48_32.pdb	11.828	36.962	0	14.577
swarm_47_157.pdb	12.624	35.815	0.0666667	14.568
swarm_5_9.pdb	16.371	38.536	0	14.548
swarm_30_192.pdb	11.494	29.491	0.0666667	14.454
swarm_45_159.pdb	13.237	30.832	0	14.411
swarm_45_193.pdb	15.338	39.691	0	14.279
swarm_35_173.pdb	8.819	27.239	0.0333333	14.201
swarm_26_110.pdb	14.282	31.666	0	13.846
swarm_27_135.pdb	14.932	38.998	0.0333333	13.553
swarm_33_121.pdb	7.714	23.203	0.0333333	13.489
swarm_32_167.pdb	10.580	25.541	0	13.471
swarm_30_90.pdb	14.117	25.848	0	13.450
swarm_23_71.pdb	13.382	27.133	0	13.344
swarm_27_134.pdb	15.803	41.819	0	13.321
swarm_16_0.pdb	13.550	34.336	0	13.078
swarm_46_154.pdb	15.327	33.678	0	12.955
swarm_37_193.pdb	12.939	27.159	0	12.889
swarm_47_137.pdb	14.669	28.814	0	12.867
swarm_18_33.pdb	12.366	35.839	0	12.753
swarm_41_172.pdb	14.525	31.100	0	12.668
swarm_26_15.pdb	7.147	24.009	0.1	12.497
swarm_30_136.pdb	11.880	24.263	0	12.444
swarm_48_95.pdb	14.738	36.569	0	12.240
swarm_14_183.pdb	9.822	22.033	0	11.823
swarm_10_42.pdb	13.507	38.433	0	11.722
swarm_38_75.pdb	15.614	39.507	0	11.528
swarm_0_25.pdb	12.108	25.926	0	11.422
swarm_30_97.pdb	12.642	24.458	0	11.033
swarm_13_67.pdb	14.366	37.212	0	10.798
swarm_35_52.pdb	10.101	28.820	0	10.773
swarm_35_197.pdb	12.550	27.663	0	9.922
swarm_27_148.pdb	15.079	39.550	0	9.568
swarm_35_123.pdb	15.604	36.200	0	8.943
swarm_15_104.pdb	11.283	24.934	0	8.659
swarm_16_46.pdb	12.993	33.072	0	8.038
swarm_44_118.pdb	13.220	29.545	0.0666667	7.319
swarm_7_197.pdb	12.747	31.089	0	6.371
swarm_29_128.pdb	11.516	36.644	0	6.028
swarm_21_138.pdb	13.526	33.441	0	0.701
