swarm_144_190.pdb	9.096	21.042	0	22.177
swarm_300_37.pdb	11.504	24.610	0	21.983
swarm_294_2.pdb	10.032	20.442	0.133333	21.625
swarm_144_45.pdb	6.273	17.313	0.166667	21.422
swarm_294_188.pdb	9.071	21.999	0	21.192
swarm_181_47.pdb	10.997	20.779	0	21.073
swarm_234_176.pdb	8.706	22.941	0.1	20.840
swarm_186_153.pdb	9.729	22.028	0.0333333	20.519
swarm_300_147.pdb	11.128	18.807	0	20.432
swarm_120_86.pdb	5.417	12.104	0.1	20.089
swarm_236_100.pdb	13.173	23.814	0	20.056
swarm_104_89.pdb	7.421	20.430	0.1	19.945
swarm_264_71.pdb	12.385	31.537	0.0666667	19.812
swarm_300_5.pdb	5.578	13.490	0.0333333	19.810
swarm_262_145.pdb	10.319	30.006	0.1	19.713
swarm_63_17.pdb	13.127	23.966	0	19.621
swarm_324_4.pdb	11.726	44.557	0	19.537
swarm_165_113.pdb	11.429	35.992	0	19.430
swarm_322_95.pdb	13.313	50.436	0	19.334
swarm_205_18.pdb	11.097	24.311	0.0333333	19.163
swarm_152_154.pdb	8.132	16.173	0	19.140
swarm_155_189.pdb	10.684	33.127	0	19.078
swarm_152_68.pdb	11.268	22.150	0	19.056
swarm_181_101.pdb	12.983	24.127	0.1	18.902
swarm_21_59.pdb	3.970	13.800	0.333333	18.786
swarm_331_156.pdb	14.492	37.647	0	18.573
swarm_148_173.pdb	13.417	29.956	0.1	18.524
swarm_25_76.pdb	6.443	17.138	0.133333	18.481
swarm_144_48.pdb	13.125	23.455	0.0666667	18.370
swarm_63_23.pdb	10.566	25.545	0	18.351
swarm_185_180.pdb	10.517	21.724	0.0333333	18.260
swarm_173_173.pdb	15.132	54.940	0	18.209
swarm_287_137.pdb	11.440	37.613	0	18.158
swarm_315_175.pdb	12.459	41.911	0	18.073
swarm_274_40.pdb	13.969	51.148	0	17.973
swarm_309_102.pdb	13.080	35.265	0	17.931
swarm_148_35.pdb	11.892	30.930	0.0333333	17.881
swarm_293_118.pdb	13.358	27.141	0.0333333	17.844
swarm_275_31.pdb	9.816	31.640	0	17.835
swarm_253_29.pdb	13.907	51.968	0	17.828
swarm_245_125.pdb	11.116	28.747	0.0666667	17.784
swarm_351_58.pdb	11.490	24.305	0	17.706
swarm_234_149.pdb	11.123	27.946	0	17.672
swarm_237_115.pdb	14.177	27.855	0.0666667	17.632
swarm_218_175.pdb	13.205	49.851	0	17.574
swarm_162_180.pdb	14.641	43.130	0	17.524
swarm_152_100.pdb	7.679	15.163	0.366667	17.507
swarm_238_7.pdb	12.182	27.635	0.1	17.446
swarm_108_70.pdb	11.872	33.404	0.0333333	17.349
swarm_59_69.pdb	11.655	21.006	0.0333333	17.342
swarm_298_54.pdb	14.408	48.283	0	17.332
swarm_114_56.pdb	11.756	44.487	0	17.278
swarm_74_143.pdb	11.468	34.029	0	17.219
swarm_294_155.pdb	14.144	27.235	0.0333333	17.156
swarm_234_129.pdb	11.394	29.969	0	17.155
swarm_182_14.pdb	15.031	50.001	0	17.150
swarm_311_108.pdb	14.306	46.758	0	17.127
swarm_315_26.pdb	11.701	42.662	0	17.121
swarm_320_170.pdb	13.344	33.554	0.0333333	17.046
swarm_137_89.pdb	17.162	54.280	0	17.021
swarm_181_94.pdb	2.680	8.821	0.533333	16.833
swarm_187_96.pdb	10.088	26.163	0.133333	16.807
swarm_266_26.pdb	13.948	48.178	0	16.799
swarm_171_113.pdb	15.997	56.190	0	16.728
swarm_300_79.pdb	6.648	11.176	0	16.724
swarm_209_133.pdb	12.355	27.742	0.0666667	16.647
swarm_131_80.pdb	15.534	44.439	0	16.617
swarm_255_108.pdb	11.397	31.633	0	16.589
swarm_330_23.pdb	7.973	24.850	0.0333333	16.582
swarm_208_126.pdb	10.750	33.245	0	16.582
swarm_206_185.pdb	13.350	44.982	0	16.576
swarm_328_72.pdb	9.030	28.106	0	16.569
swarm_129_152.pdb	14.960	46.669	0	16.520
swarm_270_57.pdb	12.470	35.886	0.0333333	16.408
swarm_215_151.pdb	14.624	52.935	0	16.349
swarm_267_191.pdb	12.962	42.127	0	16.325
swarm_53_45.pdb	8.956	28.451	0	16.324
swarm_27_57.pdb	5.276	12.378	0.3	16.312
swarm_326_185.pdb	9.676	29.340	0	16.292
swarm_76_90.pdb	10.792	40.190	0	16.224
swarm_237_134.pdb	8.103	19.948	0	16.222
swarm_207_96.pdb	13.971	49.472	0	16.176
swarm_289_138.pdb	10.925	43.088	0	16.122
swarm_236_145.pdb	9.009	16.279	0.0333333	16.118
swarm_354_148.pdb	12.546	40.687	0	16.106
swarm_33_102.pdb	11.800	38.540	0	16.095
swarm_323_168.pdb	8.160	25.419	0.0333333	16.084
swarm_275_103.pdb	8.573	25.557	0	16.079
swarm_20_22.pdb	11.129	22.222	0.1	16.073
swarm_23_70.pdb	8.746	31.489	0	16.062
swarm_53_135.pdb	13.307	33.723	0.1	15.997
swarm_214_19.pdb	16.220	53.688	0	15.954
swarm_327_90.pdb	12.794	33.021	0	15.922
swarm_346_151.pdb	13.111	38.371	0	15.912
swarm_399_1.pdb	9.337	34.222	0	15.838
swarm_286_150.pdb	11.624	34.252	0	15.807
swarm_232_192.pdb	14.093	42.955	0	15.766
swarm_8_3.pdb	11.207	25.341	0.0333333	15.755
swarm_153_22.pdb	6.614	15.220	0.2	15.705
swarm_250_162.pdb	15.452	53.456	0	15.664
swarm_375_53.pdb	12.790	28.905	0.0333333	15.576
swarm_241_110.pdb	10.697	36.460	0	15.558
swarm_159_14.pdb	10.216	25.605	0.133333	15.474
swarm_143_77.pdb	11.183	33.995	0.0333333	15.472
swarm_145_30.pdb	14.213	48.701	0	15.331
swarm_329_136.pdb	8.419	29.134	0	15.326
swarm_319_181.pdb	9.522	36.769	0	15.326
swarm_184_86.pdb	10.238	33.087	0	15.318
swarm_3_195.pdb	11.935	29.795	0.0333333	15.262
swarm_347_79.pdb	8.957	29.722	0	15.034
swarm_278_146.pdb	9.438	25.030	0	15.029
swarm_138_174.pdb	17.603	56.111	0	15.021
swarm_184_147.pdb	13.266	33.066	0.0333333	15.017
swarm_275_172.pdb	13.432	30.857	0.0333333	15.004
swarm_11_86.pdb	15.697	52.556	0	14.990
swarm_150_151.pdb	11.765	32.564	0	14.970
swarm_158_186.pdb	7.080	15.169	0	14.969
swarm_275_16.pdb	12.140	36.867	0	14.950
swarm_169_95.pdb	16.879	54.798	0	14.920
swarm_55_75.pdb	12.985	47.178	0	14.841
swarm_130_12.pdb	11.027	32.045	0	14.817
swarm_124_70.pdb	14.223	45.009	0	14.763
swarm_227_84.pdb	11.136	36.773	0	14.761
swarm_350_85.pdb	13.464	41.463	0.0333333	14.759
swarm_199_150.pdb	11.683	24.723	0	14.737
swarm_225_116.pdb	14.371	39.948	0	14.692
swarm_148_36.pdb	10.700	28.116	0	14.644
swarm_214_0.pdb	14.327	51.123	0	14.638
swarm_305_71.pdb	15.111	52.000	0	14.636
swarm_131_109.pdb	15.838	45.912	0	14.620
swarm_281_198.pdb	9.460	28.135	0	14.593
swarm_317_9.pdb	11.034	33.590	0	14.583
swarm_380_197.pdb	16.847	55.104	0	14.474
swarm_254_28.pdb	10.059	24.547	0	14.454
swarm_185_130.pdb	11.070	17.873	0.0666667	14.416
swarm_326_148.pdb	11.439	26.660	0.1	14.386
swarm_189_49.pdb	12.926	35.955	0	14.313
swarm_154_194.pdb	12.285	47.509	0	14.297
swarm_207_76.pdb	14.051	51.532	0	14.288
swarm_236_144.pdb	5.567	11.105	0	14.239
swarm_256_184.pdb	14.198	45.369	0	14.228
swarm_107_2.pdb	9.856	19.326	0.2	14.227
swarm_327_105.pdb	11.466	35.447	0	14.223
swarm_229_122.pdb	14.114	41.378	0	14.218
swarm_366_47.pdb	8.853	28.512	0.0333333	14.187
swarm_200_89.pdb	10.947	28.687	0	14.152
swarm_3_59.pdb	13.106	27.402	0.1	14.107
swarm_65_114.pdb	10.347	18.317	0.2	14.091
swarm_78_86.pdb	8.561	17.694	0.133333	14.058
swarm_25_118.pdb	11.603	21.052	0.2	14.034
swarm_393_20.pdb	9.501	26.409	0.0666667	14.004
swarm_307_169.pdb	13.567	48.113	0	13.994
swarm_240_38.pdb	7.281	25.098	0.0333333	13.966
swarm_66_133.pdb	9.618	34.755	0	13.959
swarm_3_8.pdb	9.866	25.113	0	13.954
swarm_240_39.pdb	10.381	26.802	0	13.952
swarm_390_127.pdb	6.737	21.758	0.0666667	13.950
swarm_260_69.pdb	13.100	42.084	0	13.916
swarm_3_197.pdb	8.127	22.435	0.133333	13.883
swarm_40_101.pdb	13.451	29.011	0.0666667	13.844
swarm_20_64.pdb	12.448	19.946	0.0333333	13.839
swarm_377_145.pdb	10.675	34.261	0	13.830
swarm_158_152.pdb	11.470	25.722	0.0333333	13.760
swarm_240_171.pdb	9.917	30.516	0	13.759
swarm_189_192.pdb	13.822	40.689	0	13.695
swarm_388_199.pdb	11.010	27.159	0.0666667	13.692
swarm_97_40.pdb	13.419	40.653	0	13.667
swarm_185_111.pdb	5.152	11.881	0.166667	13.659
swarm_294_88.pdb	4.782	12.915	0.133333	13.635
swarm_118_193.pdb	9.215	24.637	0.1	13.610
swarm_392_188.pdb	8.742	28.016	0.0333333	13.570
swarm_53_21.pdb	10.964	27.069	0	13.556
swarm_388_110.pdb	10.777	26.054	0.1	13.521
swarm_325_181.pdb	14.666	48.169	0	13.501
swarm_107_169.pdb	6.051	10.373	0.0333333	13.490
swarm_73_104.pdb	4.027	7.867	0.233333	13.418
swarm_369_92.pdb	14.088	25.850	0.0333333	13.392
swarm_56_11.pdb	11.510	30.123	0.0666667	13.390
swarm_53_102.pdb	11.387	29.284	0	13.359
swarm_174_129.pdb	8.508	26.181	0	13.328
swarm_78_40.pdb	6.201	11.850	0.2	13.303
swarm_69_50.pdb	14.295	47.873	0	13.263
swarm_30_73.pdb	12.935	28.209	0.133333	13.237
swarm_394_161.pdb	12.869	23.129	0.1	13.236
swarm_113_4.pdb	17.453	54.701	0	13.221
swarm_65_71.pdb	12.672	23.307	0.166667	13.215
swarm_65_60.pdb	3.155	8.515	0.6	13.192
swarm_40_12.pdb	10.624	23.312	0	13.168
swarm_32_73.pdb	11.734	27.399	0.0666667	13.156
swarm_198_180.pdb	9.331	26.269	0	13.133
swarm_255_97.pdb	9.835	26.608	0	13.127
swarm_285_21.pdb	13.726	32.972	0	13.122
swarm_186_118.pdb	13.223	22.733	0	13.112
swarm_117_104.pdb	9.760	17.446	0.0666667	13.112
swarm_88_132.pdb	11.751	37.397	0	13.097
swarm_159_197.pdb	7.548	14.981	0.0666667	13.082
swarm_151_127.pdb	4.062	8.239	0.166667	13.062
swarm_121_13.pdb	15.288	54.149	0	13.060
swarm_391_71.pdb	11.544	31.946	0	13.057
swarm_238_73.pdb	8.978	33.600	0	13.023
swarm_260_42.pdb	9.319	30.389	0	12.962
swarm_174_181.pdb	12.050	23.626	0.1	12.958
swarm_397_0.pdb	7.345	19.898	0.2	12.952
swarm_358_60.pdb	8.664	25.871	0.0666667	12.952
swarm_236_30.pdb	11.006	19.393	0.1	12.947
swarm_291_3.pdb	12.958	45.892	0	12.882
swarm_251_168.pdb	8.137	22.157	0.233333	12.789
swarm_397_164.pdb	11.824	19.255	0.0666667	12.786
swarm_391_136.pdb	10.359	31.192	0	12.739
swarm_57_184.pdb	13.885	33.620	0.0333333	12.718
swarm_382_66.pdb	11.121	28.876	0	12.502
swarm_219_9.pdb	11.710	23.094	0.0666667	12.448
swarm_181_104.pdb	4.491	13.269	0.266667	12.416
swarm_4_94.pdb	7.614	13.869	0.0666667	12.411
swarm_346_195.pdb	13.129	37.431	0	12.397
swarm_107_151.pdb	6.450	10.489	0.0666667	12.360
swarm_53_34.pdb	8.927	28.211	0	12.268
swarm_56_82.pdb	10.934	26.935	0.1	12.238
swarm_347_140.pdb	8.591	28.074	0.0666667	12.190
swarm_21_94.pdb	4.437	12.749	0.3	12.163
swarm_130_6.pdb	11.768	26.658	0.133333	12.058
swarm_177_72.pdb	10.704	24.533	0	12.034
swarm_117_72.pdb	7.614	13.089	0.133333	11.976
swarm_20_79.pdb	12.594	22.804	0.2	11.922
swarm_240_199.pdb	14.948	35.770	0	11.899
swarm_169_66.pdb	15.457	49.305	0	11.887
swarm_174_178.pdb	7.355	21.413	0	11.859
swarm_329_101.pdb	11.477	35.775	0	11.849
swarm_178_87.pdb	12.811	38.599	0	11.812
swarm_395_129.pdb	11.350	31.125	0.133333	11.759
swarm_179_46.pdb	17.654	54.543	0	11.747
swarm_118_183.pdb	10.187	21.661	0.133333	11.700
swarm_186_72.pdb	7.418	19.638	0	11.677
swarm_292_155.pdb	14.543	48.930	0	11.672
swarm_62_12.pdb	13.842	51.435	0	11.601
swarm_395_71.pdb	10.340	28.373	0.0333333	11.558
swarm_34_5.pdb	12.771	27.808	0	11.478
swarm_358_73.pdb	6.754	12.239	0.0666667	11.426
swarm_369_128.pdb	12.011	22.785	0.166667	11.423
swarm_394_83.pdb	11.722	23.088	0.0666667	11.272
swarm_185_85.pdb	10.709	17.556	0.1	11.259
swarm_136_119.pdb	13.819	26.676	0.0666667	11.252
swarm_366_96.pdb	15.578	33.038	0	11.211
swarm_107_86.pdb	7.594	13.645	0.166667	11.175
swarm_95_20.pdb	11.384	29.412	0	11.048
swarm_328_68.pdb	13.497	30.766	0	10.995
swarm_236_19.pdb	10.405	18.415	0.0333333	10.992
swarm_3_38.pdb	4.334	13.150	0.233333	10.988
swarm_390_103.pdb	11.315	27.272	0.0666667	10.903
swarm_338_39.pdb	13.585	28.666	0.166667	10.852
swarm_375_128.pdb	12.422	29.956	0.0333333	10.654
swarm_329_173.pdb	14.391	40.403	0	10.652
swarm_9_24.pdb	10.324	26.852	0.0333333	10.446
swarm_393_143.pdb	10.239	29.933	0	10.276
swarm_339_174.pdb	8.450	16.640	0.2	10.267
swarm_339_55.pdb	5.032	13.384	0.233333	10.251
swarm_369_46.pdb	9.628	17.875	0	10.193
swarm_374_144.pdb	9.317	15.227	0.133333	10.179
swarm_27_104.pdb	11.555	21.876	0.0333333	10.104
swarm_123_63.pdb	13.155	49.998	0	10.066
swarm_336_171.pdb	10.853	23.716	0.233333	9.996
swarm_388_184.pdb	6.389	13.370	0.1	9.993
swarm_4_147.pdb	9.079	15.901	0.0666667	9.872
swarm_340_114.pdb	7.454	18.573	0.0666667	9.696
swarm_56_84.pdb	13.529	33.502	0.0333333	9.676
swarm_358_20.pdb	8.990	16.758	0.0666667	9.574
swarm_339_171.pdb	6.175	15.530	0.3	9.485
swarm_107_41.pdb	7.406	14.974	0.166667	9.408
swarm_117_197.pdb	13.108	19.532	0.133333	9.299
swarm_386_117.pdb	11.210	40.744	0	9.234
swarm_339_61.pdb	8.933	20.239	0.0666667	9.188
swarm_338_80.pdb	12.286	19.529	0.0666667	9.112
swarm_117_86.pdb	12.398	22.217	0	8.938
swarm_236_178.pdb	6.643	15.115	0.266667	8.618
swarm_118_103.pdb	10.833	23.511	0.1	8.507
swarm_374_146.pdb	12.216	20.077	0	8.460
swarm_372_118.pdb	13.020	29.669	0	8.396
swarm_339_197.pdb	9.624	21.256	0	8.319
swarm_172_160.pdb	15.301	54.387	0	8.291
swarm_117_149.pdb	12.659	22.936	0.1	7.883
swarm_376_144.pdb	11.101	28.534	0.0333333	7.711
swarm_195_118.pdb	13.106	44.400	0	7.403
swarm_261_163.pdb	11.742	23.106	0	5.356
swarm_120_103.pdb	7.554	20.303	0	2.404
swarm_111_35.pdb	9.553	36.241	0	0.833
