swarm_47_49.pdb	5.865	14.557	0.0666667	34.283
swarm_30_108.pdb	9.951	20.081	0	33.570
swarm_35_170.pdb	7.842	19.308	0	32.331
swarm_14_123.pdb	7.725	19.395	0	32.251
swarm_36_40.pdb	6.438	15.987	0	31.283
swarm_35_141.pdb	5.863	16.016	0	31.116
swarm_36_139.pdb	5.154	13.306	0.166667	30.996
swarm_8_153.pdb	5.419	16.020	0	29.190
swarm_2_35.pdb	5.053	11.449	0.0666667	28.573
swarm_10_139.pdb	6.177	15.295	0	28.182
swarm_8_160.pdb	9.694	20.308	0	27.645
swarm_23_164.pdb	7.016	15.797	0	27.420
swarm_6_123.pdb	7.038	17.926	0	26.721
swarm_9_32.pdb	6.914	16.427	0	26.264
swarm_30_59.pdb	5.950	18.307	0	26.065
swarm_37_123.pdb	6.545	17.126	0.0333333	26.030
swarm_11_64.pdb	6.933	16.239	0	26.028
swarm_33_26.pdb	11.040	38.865	0	25.992
swarm_31_141.pdb	14.334	38.711	0	25.906
swarm_46_30.pdb	14.162	38.883	0	25.515
swarm_6_137.pdb	5.316	11.159	0.0333333	25.466
swarm_12_18.pdb	14.617	39.713	0	25.024
swarm_34_10.pdb	4.507	9.903	0.0666667	24.659
swarm_44_115.pdb	11.380	40.449	0	24.110
swarm_47_138.pdb	8.003	15.862	0	24.031
swarm_47_155.pdb	7.104	19.578	0	23.955
swarm_10_59.pdb	9.167	24.468	0	23.944
swarm_46_149.pdb	14.385	38.900	0	23.887
swarm_34_7.pdb	5.346	12.046	0.0666667	23.517
swarm_25_153.pdb	8.599	22.737	0	23.515
swarm_24_133.pdb	14.160	37.840	0	23.461
swarm_37_199.pdb	7.643	20.057	0	23.383
swarm_0_25.pdb	14.580	39.422	0	22.847
swarm_13_168.pdb	14.329	38.827	0	22.589
swarm_23_194.pdb	8.382	20.155	0	22.532
swarm_10_30.pdb	9.291	20.837	0	22.512
swarm_43_131.pdb	14.538	38.523	0	22.231
swarm_1_41.pdb	9.235	27.177	0	22.133
swarm_3_191.pdb	12.711	42.254	0	22.009
swarm_11_92.pdb	7.632	17.439	0	21.582
swarm_33_35.pdb	14.002	38.992	0	21.524
swarm_1_121.pdb	14.478	38.464	0	21.201
swarm_25_67.pdb	9.783	28.852	0	21.131
swarm_37_52.pdb	11.017	27.914	0	21.096
swarm_6_74.pdb	8.683	15.081	0	20.929
swarm_30_24.pdb	4.350	12.807	0.1	20.915
swarm_33_173.pdb	14.695	39.689	0	20.879
swarm_32_110.pdb	14.004	38.484	0	20.866
swarm_8_178.pdb	8.676	23.755	0	20.684
swarm_6_156.pdb	7.832	20.626	0	20.142
swarm_4_18.pdb	7.787	22.471	0	20.141
swarm_10_7.pdb	9.766	18.742	0	20.065
swarm_34_81.pdb	7.450	13.052	0	19.950
swarm_32_51.pdb	13.485	42.762	0	19.609
swarm_31_112.pdb	12.439	42.165	0	18.907
swarm_18_145.pdb	13.842	36.401	0	18.825
swarm_24_111.pdb	9.150	27.534	0	18.711
swarm_35_178.pdb	8.297	29.317	0	18.352
swarm_26_4.pdb	6.649	20.040	0.0333333	18.181
swarm_22_155.pdb	5.374	9.438	0.0666667	17.501
swarm_4_177.pdb	7.747	26.979	0	17.464
swarm_43_171.pdb	14.199	44.145	0	17.269
swarm_36_83.pdb	7.191	11.930	0	16.735
swarm_36_38.pdb	8.898	23.292	0	16.578
swarm_36_129.pdb	7.913	13.463	0.0333333	16.543
swarm_20_183.pdb	6.997	18.837	0.0666667	16.476
swarm_8_74.pdb	8.760	30.812	0	16.432
swarm_9_157.pdb	8.032	13.472	0	16.385
swarm_33_37.pdb	15.820	45.823	0	16.356
swarm_17_36.pdb	7.274	19.672	0.0666667	16.261
swarm_23_8.pdb	10.380	23.220	0	15.932
swarm_41_144.pdb	5.274	11.139	0.1	15.779
swarm_6_19.pdb	8.298	12.568	0	15.168
swarm_23_187.pdb	7.704	13.567	0	11.996
swarm_10_86.pdb	5.838	12.301	0.0666667	9.617
swarm_42_195.pdb	10.887	37.722	0	9.285
swarm_37_142.pdb	7.390	13.079	0	9.242
swarm_47_113.pdb	5.616	16.939	0.0333333	7.997
swarm_4_82.pdb	9.091	26.167	0	3.810
swarm_25_198.pdb	13.165	35.188	0	0.334
