swarm_0_54.pdb	9.221	18.110	0.133333	35.348
swarm_4_32.pdb	5.924	18.085	0.166667	31.894
swarm_0_102.pdb	10.881	22.257	0	30.973
swarm_26_73.pdb	11.833	24.000	0	30.449
swarm_27_123.pdb	6.729	20.321	0.0333333	29.441
swarm_22_124.pdb	9.800	21.946	0	29.287
swarm_7_146.pdb	11.327	18.762	0.0333333	29.048
swarm_26_135.pdb	4.693	11.821	0.166667	29.041
swarm_4_109.pdb	11.884	23.440	0	27.743
swarm_41_117.pdb	5.641	15.401	0.1	27.621
swarm_1_1.pdb	10.112	19.840	0.0666667	27.443
swarm_5_124.pdb	7.604	22.768	0.0333333	27.221
swarm_5_76.pdb	8.381	19.701	0.133333	26.542
swarm_4_43.pdb	11.713	19.713	0	26.429
swarm_22_145.pdb	6.122	20.455	0.1	25.998
swarm_4_99.pdb	7.740	14.479	0.0666667	25.819
swarm_7_48.pdb	8.919	14.361	0	25.520
swarm_41_64.pdb	8.672	17.556	0.133333	25.401
swarm_35_74.pdb	8.689	21.419	0	25.008
swarm_5_167.pdb	8.140	17.655	0.133333	25.007
swarm_23_3.pdb	13.361	28.785	0	24.565
swarm_37_172.pdb	7.643	22.990	0.133333	24.450
swarm_35_136.pdb	4.993	13.460	0.366667	24.442
swarm_23_56.pdb	11.594	25.598	0	24.353
swarm_41_110.pdb	10.001	18.639	0	24.006
swarm_41_33.pdb	11.131	19.673	0	23.895
swarm_1_70.pdb	11.519	20.408	0	23.503
swarm_0_18.pdb	11.319	22.460	0	23.432
swarm_26_139.pdb	3.756	15.139	0.3	23.241
swarm_4_19.pdb	9.991	21.069	0.133333	23.070
swarm_22_187.pdb	6.313	15.103	0.2	23.032
swarm_24_31.pdb	13.237	31.006	0.0333333	22.992
swarm_19_95.pdb	11.945	20.856	0.2	22.921
swarm_41_111.pdb	4.930	10.342	0.166667	22.729
swarm_11_96.pdb	9.265	16.099	0	22.677
swarm_10_117.pdb	11.667	24.003	0	22.662
swarm_11_176.pdb	7.489	13.150	0.0666667	22.486
swarm_11_195.pdb	11.113	22.339	0	22.463
swarm_25_174.pdb	2.296	6.385	0.433333	22.444
swarm_35_123.pdb	11.906	23.677	0.0666667	22.229
swarm_2_57.pdb	10.271	25.148	0.166667	22.064
swarm_5_71.pdb	11.741	26.812	0	21.908
swarm_1_52.pdb	5.224	12.110	0.0666667	21.883
swarm_22_60.pdb	11.551	24.052	0	21.711
swarm_28_11.pdb	10.860	17.531	0	21.640
swarm_4_154.pdb	11.555	18.612	0	21.624
swarm_41_22.pdb	11.928	24.301	0	21.578
swarm_26_22.pdb	9.075	23.601	0	21.572
swarm_9_91.pdb	13.261	31.028	0	21.440
swarm_41_8.pdb	11.793	22.101	0.0333333	21.292
swarm_8_24.pdb	12.184	24.016	0	21.190
swarm_6_38.pdb	11.633	26.160	0.166667	21.104
swarm_0_35.pdb	8.772	18.197	0	21.096
swarm_1_181.pdb	7.361	13.383	0.1	20.993
swarm_7_139.pdb	9.111	15.274	0.2	20.689
swarm_40_53.pdb	11.811	26.254	0	20.425
swarm_4_0.pdb	10.392	16.354	0	20.395
swarm_39_187.pdb	13.814	31.180	0	20.306
swarm_33_189.pdb	9.581	16.179	0.0333333	20.298
swarm_21_64.pdb	2.507	8.764	0.433333	20.230
swarm_16_41.pdb	10.027	18.117	0.1	20.133
swarm_30_96.pdb	12.841	23.151	0	20.105
swarm_16_182.pdb	13.665	27.660	0	20.064
swarm_42_123.pdb	11.256	25.630	0	19.947
swarm_12_151.pdb	12.600	29.970	0	19.907
swarm_41_185.pdb	10.076	18.762	0	19.824
swarm_25_111.pdb	9.228	14.560	0	19.787
swarm_32_16.pdb	11.516	20.271	0	19.736
swarm_30_65.pdb	11.074	20.193	0.1	19.663
swarm_31_159.pdb	7.147	24.852	0.0666667	19.590
swarm_16_146.pdb	9.561	16.492	0	19.497
swarm_2_40.pdb	11.366	27.211	0.0333333	19.440
swarm_7_0.pdb	9.547	15.763	0.166667	19.434
swarm_3_35.pdb	11.432	21.712	0	19.273
swarm_39_28.pdb	12.724	28.010	0	19.211
swarm_12_167.pdb	11.536	28.727	0.0666667	19.136
swarm_39_55.pdb	12.008	28.161	0	19.106
swarm_11_121.pdb	10.223	16.769	0.133333	19.097
swarm_23_192.pdb	12.595	24.044	0	19.090
swarm_25_22.pdb	10.307	16.322	0	19.079
swarm_12_72.pdb	12.482	26.985	0	18.915
swarm_17_38.pdb	13.391	26.907	0.133333	18.908
swarm_13_114.pdb	9.490	14.858	0.0666667	18.875
swarm_32_192.pdb	10.833	20.763	0	18.867
swarm_3_179.pdb	11.849	25.943	0	18.743
swarm_42_55.pdb	13.418	25.159	0	18.693
swarm_28_50.pdb	9.768	16.630	0	18.623
swarm_10_1.pdb	10.877	19.117	0	18.539
swarm_25_196.pdb	10.145	18.214	0	18.509
swarm_39_87.pdb	13.249	30.560	0.1	18.431
swarm_7_127.pdb	5.248	12.360	0.2	18.406
swarm_28_131.pdb	11.612	27.434	0.1	18.395
swarm_31_97.pdb	10.966	28.460	0.0666667	18.339
swarm_38_198.pdb	13.816	28.603	0.1	18.327
swarm_5_138.pdb	11.096	22.739	0	18.323
swarm_13_36.pdb	11.593	18.176	0.0333333	18.283
swarm_10_92.pdb	6.997	11.846	0.0666667	18.197
swarm_20_33.pdb	8.308	18.641	0.2	18.195
swarm_36_51.pdb	12.124	27.357	0	18.183
swarm_26_192.pdb	10.916	19.580	0	18.095
swarm_40_9.pdb	13.389	28.174	0.1	18.051
swarm_5_18.pdb	6.599	14.002	0	17.962
swarm_22_148.pdb	12.188	24.217	0	17.935
swarm_6_79.pdb	13.810	29.868	0	17.916
swarm_23_135.pdb	9.044	22.314	0	17.817
swarm_33_170.pdb	9.666	15.800	0.166667	17.791
swarm_3_112.pdb	11.936	23.041	0	17.756
swarm_11_0.pdb	6.483	14.286	0.0333333	17.736
swarm_14_168.pdb	11.143	25.436	0.0333333	17.580
swarm_28_24.pdb	12.864	23.518	0	17.572
swarm_2_90.pdb	10.996	28.521	0.0333333	17.521
swarm_15_197.pdb	12.937	28.281	0	17.477
swarm_23_82.pdb	11.588	20.606	0	17.411
swarm_10_150.pdb	12.424	25.818	0	17.322
swarm_22_52.pdb	10.750	19.665	0	17.298
swarm_27_105.pdb	11.715	23.570	0.0333333	17.271
swarm_11_92.pdb	11.560	20.931	0	17.240
swarm_26_93.pdb	9.881	19.419	0.2	17.139
swarm_42_106.pdb	8.717	22.808	0	17.135
swarm_22_20.pdb	9.893	18.907	0	17.122
swarm_13_196.pdb	10.756	17.331	0	17.120
swarm_40_155.pdb	11.314	22.755	0	17.029
swarm_12_137.pdb	9.428	22.391	0	16.949
swarm_34_20.pdb	10.216	25.253	0	16.926
swarm_8_124.pdb	12.510	26.206	0	16.832
swarm_34_123.pdb	8.113	28.803	0	16.801
swarm_28_181.pdb	12.759	22.360	0	16.781
swarm_31_21.pdb	9.652	26.343	0	16.738
swarm_38_89.pdb	10.821	29.547	0	16.731
swarm_36_116.pdb	9.128	22.453	0	16.715
swarm_18_176.pdb	12.230	30.253	0	16.708
swarm_21_36.pdb	8.051	19.237	0	16.669
swarm_10_130.pdb	12.175	21.213	0	16.649
swarm_28_81.pdb	13.017	24.171	0	16.595
swarm_19_3.pdb	11.715	18.027	0	16.595
swarm_11_183.pdb	11.090	17.008	0	16.449
swarm_7_166.pdb	11.400	17.898	0.0666667	16.414
swarm_26_89.pdb	9.816	16.464	0	16.392
swarm_34_76.pdb	10.794	27.213	0.133333	16.365
swarm_37_12.pdb	12.862	24.389	0	16.291
swarm_10_29.pdb	12.318	21.859	0.0666667	16.280
swarm_1_80.pdb	10.557	16.776	0	16.265
swarm_9_83.pdb	10.285	25.313	0.0666667	16.235
swarm_14_4.pdb	13.075	27.174	0.133333	16.219
swarm_30_160.pdb	13.457	27.349	0	16.175
swarm_16_160.pdb	7.356	19.358	0.166667	16.161
swarm_21_182.pdb	13.178	25.277	0.133333	16.145
swarm_37_173.pdb	12.779	25.269	0	16.136
swarm_22_4.pdb	8.770	23.029	0	16.113
swarm_2_156.pdb	11.366	23.750	0	16.078
swarm_1_121.pdb	10.130	16.252	0	16.056
swarm_15_44.pdb	9.144	21.739	0.166667	15.963
swarm_32_133.pdb	10.342	18.124	0	15.942
swarm_40_184.pdb	13.183	23.545	0	15.901
swarm_6_8.pdb	8.400	24.792	0.133333	15.823
swarm_15_128.pdb	7.914	17.427	0.1	15.778
swarm_18_58.pdb	12.753	28.806	0.0333333	15.774
swarm_19_190.pdb	12.872	21.884	0.0333333	15.770
swarm_22_102.pdb	10.180	19.935	0	15.757
swarm_9_37.pdb	14.563	33.701	0	15.672
swarm_31_197.pdb	12.774	24.564	0	15.668
swarm_10_172.pdb	12.103	22.473	0	15.665
swarm_13_145.pdb	11.997	17.566	0.0333333	15.639
swarm_25_150.pdb	11.509	17.540	0.166667	15.561
swarm_14_19.pdb	11.368	23.083	0	15.470
swarm_33_99.pdb	9.481	15.719	0	15.449
swarm_13_126.pdb	11.809	17.953	0	15.335
swarm_32_67.pdb	13.221	27.171	0	15.279
swarm_14_163.pdb	14.324	28.579	0.1	15.224
swarm_34_15.pdb	13.681	30.548	0	15.200
swarm_9_117.pdb	10.967	22.724	0	15.124
swarm_40_101.pdb	10.814	26.141	0	15.090
swarm_33_151.pdb	3.319	7.934	0.433333	15.068
swarm_30_35.pdb	9.144	21.661	0.0666667	14.970
swarm_33_139.pdb	12.575	21.210	0	14.942
swarm_23_162.pdb	11.029	22.956	0	14.899
swarm_16_35.pdb	11.844	23.226	0	14.883
swarm_34_180.pdb	12.977	28.051	0	14.877
swarm_30_20.pdb	11.248	21.728	0	14.874
swarm_14_86.pdb	8.212	22.710	0.1	14.783
swarm_28_88.pdb	11.599	21.767	0	14.762
swarm_33_26.pdb	11.547	19.280	0	14.751
swarm_37_186.pdb	11.334	19.552	0	14.747
swarm_34_130.pdb	12.159	27.206	0	14.741
swarm_37_159.pdb	11.854	21.576	0	14.685
swarm_19_69.pdb	5.345	11.929	0.2	14.675
swarm_24_8.pdb	11.103	26.511	0.133333	14.664
swarm_28_15.pdb	13.891	27.939	0	14.550
swarm_17_74.pdb	9.691	23.947	0	14.523
swarm_20_10.pdb	13.506	24.272	0	14.487
swarm_25_137.pdb	12.262	18.524	0	14.480
swarm_1_171.pdb	10.113	14.961	0	14.456
swarm_19_63.pdb	11.162	22.586	0.133333	14.444
swarm_16_180.pdb	11.012	23.318	0	14.392
swarm_10_23.pdb	14.018	28.724	0	14.392
swarm_4_156.pdb	9.803	16.009	0	14.342
swarm_26_113.pdb	9.662	15.281	0	14.195
swarm_11_1.pdb	11.180	20.314	0.1	14.136
swarm_25_122.pdb	8.677	15.533	0.133333	14.080
swarm_30_138.pdb	10.479	21.353	0	14.037
swarm_8_168.pdb	7.727	24.733	0	14.036
swarm_21_90.pdb	13.082	23.237	0	13.955
swarm_8_32.pdb	11.316	21.529	0	13.922
swarm_36_61.pdb	14.539	32.559	0	13.897
swarm_30_177.pdb	12.452	22.101	0.1	13.801
swarm_38_129.pdb	7.928	22.650	0	13.799
swarm_15_103.pdb	13.857	27.961	0	13.799
swarm_15_182.pdb	9.249	21.803	0.0666667	13.737
swarm_33_17.pdb	11.915	20.249	0.0666667	13.637
swarm_15_30.pdb	11.335	23.904	0	13.615
swarm_24_146.pdb	11.772	26.040	0.2	13.604
swarm_23_94.pdb	12.207	24.310	0	13.505
swarm_19_94.pdb	8.782	16.329	0	13.492
swarm_10_83.pdb	11.986	20.656	0	13.460
swarm_17_19.pdb	13.618	25.125	0	13.360
swarm_33_145.pdb	10.657	16.743	0	13.329
swarm_5_19.pdb	11.534	22.166	0	13.282
swarm_8_101.pdb	12.069	25.779	0	13.233
swarm_6_150.pdb	12.955	35.161	0	13.231
swarm_19_14.pdb	12.502	25.616	0	13.217
swarm_28_198.pdb	14.184	26.355	0	13.123
swarm_1_184.pdb	11.116	22.036	0	13.112
swarm_42_197.pdb	11.872	20.406	0	13.087
swarm_8_85.pdb	13.321	23.083	0	13.025
swarm_17_7.pdb	13.721	28.602	0	12.995
swarm_19_96.pdb	11.532	23.162	0	12.988
swarm_31_32.pdb	12.946	23.295	0	12.969
swarm_36_199.pdb	13.465	28.174	0.0666667	12.966
swarm_37_31.pdb	13.158	26.652	0.0333333	12.933
swarm_19_53.pdb	12.231	24.053	0	12.849
swarm_34_66.pdb	8.809	24.573	0.0333333	12.696
swarm_39_120.pdb	11.914	23.899	0	12.663
swarm_17_16.pdb	9.212	19.307	0.133333	12.644
swarm_21_8.pdb	11.946	20.559	0	12.588
swarm_30_133.pdb	13.411	27.463	0	12.581
swarm_40_93.pdb	12.563	22.648	0	12.546
swarm_15_34.pdb	11.742	22.874	0	12.302
swarm_27_149.pdb	10.598	20.710	0	12.286
swarm_17_170.pdb	12.699	23.149	0	12.266
swarm_21_114.pdb	8.197	18.439	0	12.232
swarm_16_179.pdb	13.288	26.963	0	12.209
swarm_37_122.pdb	11.954	22.860	0	12.165
swarm_34_94.pdb	10.638	21.629	0	11.995
swarm_7_126.pdb	10.621	16.294	0	11.944
swarm_25_31.pdb	7.644	13.657	0.2	11.714
swarm_17_130.pdb	10.797	20.879	0	11.700
swarm_6_119.pdb	11.897	24.359	0	11.555
swarm_16_44.pdb	8.995	17.341	0.166667	11.517
swarm_6_37.pdb	11.320	23.306	0	11.498
swarm_9_162.pdb	14.093	27.096	0	11.394
swarm_11_30.pdb	10.251	17.399	0	11.357
swarm_9_73.pdb	11.515	22.131	0	11.270
swarm_38_52.pdb	12.579	26.136	0	11.129
swarm_34_86.pdb	11.765	24.337	0	10.880
swarm_28_54.pdb	9.423	17.671	0.0333333	10.786
swarm_13_85.pdb	10.932	21.191	0	10.748
swarm_13_101.pdb	11.102	20.261	0	10.516
swarm_37_132.pdb	5.449	15.404	0.1	10.497
swarm_13_40.pdb	13.138	21.431	0	10.366
swarm_40_73.pdb	13.271	25.485	0.0666667	10.101
swarm_15_188.pdb	12.886	24.168	0	10.082
swarm_36_0.pdb	13.309	23.707	0	9.893
swarm_37_74.pdb	11.261	21.022	0	9.728
swarm_13_189.pdb	11.997	21.385	0	9.385
swarm_13_78.pdb	12.541	20.891	0	9.369
swarm_13_33.pdb	10.478	19.946	0	9.221
swarm_13_107.pdb	12.322	21.803	0	9.039
swarm_13_135.pdb	12.622	20.283	0	8.452
swarm_24_132.pdb	11.699	21.129	0.233333	8.185
swarm_17_6.pdb	10.754	19.812	0	7.861
swarm_41_154.pdb	5.502	15.561	0.1	7.781
swarm_7_24.pdb	9.854	16.482	0	7.498
swarm_6_27.pdb	12.317	30.205	0	7.135
swarm_4_87.pdb	9.780	17.687	0	5.927
swarm_19_170.pdb	10.949	18.895	0.0333333	5.357
swarm_35_140.pdb	11.522	21.011	0	3.706
swarm_8_106.pdb	11.750	21.384	0	2.222
