swarm_0_26.pdb	8.899	19.078	0.166667	26.889
swarm_23_114.pdb	13.788	31.348	0	24.841
swarm_34_170.pdb	13.544	29.455	0	24.690
swarm_1_169.pdb	8.390	26.873	0	24.448
swarm_12_80.pdb	13.895	30.688	0	23.798
swarm_33_186.pdb	11.397	27.689	0	22.775
swarm_7_96.pdb	9.935	17.520	0.133333	22.479
swarm_43_50.pdb	8.967	29.090	0.133333	21.772
swarm_34_13.pdb	11.304	27.376	0.0333333	21.667
swarm_8_117.pdb	11.388	21.335	0	21.358
swarm_21_120.pdb	11.915	26.317	0	20.831
swarm_21_72.pdb	11.502	28.437	0.0333333	20.756
swarm_9_160.pdb	13.861	26.614	0	20.443
swarm_45_54.pdb	8.769	27.180	0.1	20.368
swarm_5_81.pdb	12.190	30.790	0.0333333	20.312
swarm_44_72.pdb	12.966	30.550	0	20.089
swarm_38_80.pdb	6.008	14.935	0	19.739
swarm_33_187.pdb	8.321	24.950	0	19.731
swarm_10_52.pdb	12.546	30.885	0	19.665
swarm_21_168.pdb	10.152	27.303	0.0666667	19.546
swarm_15_55.pdb	15.368	35.879	0.0333333	19.539
swarm_32_41.pdb	10.453	22.269	0	19.520
swarm_32_77.pdb	6.875	15.984	0.0333333	19.382
swarm_45_168.pdb	8.246	23.217	0	18.685
swarm_47_140.pdb	9.898	23.603	0	18.681
swarm_45_3.pdb	10.104	23.726	0	18.668
swarm_29_67.pdb	14.005	29.950	0.0666667	18.656
swarm_47_168.pdb	11.377	27.522	0.0333333	18.606
swarm_22_167.pdb	9.548	19.291	0	18.259
swarm_0_138.pdb	11.182	21.342	0	17.948
swarm_34_165.pdb	13.016	25.881	0	17.726
swarm_25_56.pdb	12.333	30.590	0	17.715
swarm_13_18.pdb	12.742	29.873	0	17.405
swarm_28_1.pdb	12.658	22.481	0	17.396
swarm_27_57.pdb	15.053	33.989	0	17.329
swarm_21_122.pdb	13.366	32.989	0.0333333	17.057
swarm_21_158.pdb	12.730	28.366	0	16.766
swarm_28_87.pdb	4.340	9.484	0.4	16.759
swarm_0_133.pdb	10.637	16.910	0	16.657
swarm_10_142.pdb	8.299	28.208	0.0333333	16.591
swarm_45_118.pdb	15.285	35.797	0	16.541
swarm_43_186.pdb	14.086	29.225	0	16.296
swarm_24_109.pdb	9.902	21.789	0.1	16.292
swarm_40_112.pdb	12.333	23.422	0	16.244
swarm_43_7.pdb	12.973	28.379	0	16.187
swarm_13_0.pdb	12.362	28.302	0.133333	16.150
swarm_47_160.pdb	13.903	32.591	0	16.069
swarm_26_102.pdb	8.580	25.932	0	16.008
swarm_45_155.pdb	12.929	27.323	0	15.917
swarm_29_62.pdb	10.545	27.354	0.0666667	15.852
swarm_28_164.pdb	4.239	15.054	0.3	15.677
swarm_37_93.pdb	11.237	21.865	0	15.460
swarm_26_115.pdb	12.584	24.975	0	15.380
swarm_44_63.pdb	15.093	31.582	0	15.045
swarm_31_132.pdb	10.767	23.156	0	14.972
swarm_33_8.pdb	12.810	28.303	0	14.845
swarm_30_40.pdb	13.033	29.490	0	14.819
swarm_26_124.pdb	12.463	25.481	0	14.656
swarm_31_67.pdb	13.275	25.033	0	14.576
swarm_27_108.pdb	11.203	25.495	0	14.488
swarm_45_38.pdb	14.785	30.911	0	14.369
swarm_34_95.pdb	11.196	23.762	0	13.958
swarm_0_150.pdb	11.707	20.183	0	13.883
swarm_27_192.pdb	9.157	23.033	0	13.466
swarm_33_195.pdb	12.235	24.936	0	13.288
swarm_25_81.pdb	13.238	31.503	0	13.227
swarm_27_165.pdb	10.058	27.048	0.133333	12.911
swarm_24_85.pdb	12.320	22.055	0	12.670
swarm_22_129.pdb	11.217	24.389	0	12.422
swarm_15_111.pdb	13.467	27.599	0	11.352
swarm_27_153.pdb	12.006	25.787	0	11.311
swarm_24_188.pdb	12.283	21.761	0	11.184
swarm_0_122.pdb	9.958	18.571	0	10.867
swarm_29_157.pdb	11.524	20.929	0	10.658
swarm_13_138.pdb	11.385	24.832	0	9.349
swarm_33_80.pdb	12.421	27.224	0	8.994
swarm_43_135.pdb	12.837	26.642	0	8.167
swarm_26_89.pdb	10.762	19.634	0	8.077
swarm_28_131.pdb	11.597	20.877	0	7.581
swarm_9_111.pdb	4.864	17.019	0.133333	7.244
swarm_42_31.pdb	9.568	19.551	0.0333333	7.018
swarm_26_101.pdb	13.844	27.021	0	6.922
