swarm_4_66.pdb	5.388	10.658	0.0714286	69.162
swarm_9_151.pdb	5.664	13.792	0.142857	66.974
swarm_8_141.pdb	17.164	28.065	0.128571	61.770
swarm_3_179.pdb	16.503	28.317	0.0714286	56.589
swarm_0_73.pdb	6.886	15.196	0.0571429	55.624
swarm_5_193.pdb	17.853	29.768	0	54.678
swarm_0_80.pdb	16.340	33.842	0	54.659
swarm_9_138.pdb	16.082	34.037	0	54.360
swarm_5_95.pdb	17.929	29.375	0.0428571	52.358
swarm_2_81.pdb	16.508	30.469	0.0571429	51.698
swarm_5_17.pdb	16.594	27.713	0	50.671
swarm_1_173.pdb	11.272	22.675	0	50.552
swarm_9_44.pdb	18.911	36.468	0	50.520
swarm_5_171.pdb	11.333	22.113	0	50.215
swarm_5_178.pdb	17.481	31.251	0	49.750
swarm_5_39.pdb	7.363	15.933	0.157143	48.370
swarm_4_152.pdb	16.918	29.042	0	48.046
swarm_9_132.pdb	16.701	30.069	0	47.562
swarm_3_149.pdb	17.263	29.478	0	47.537
swarm_4_178.pdb	17.277	31.638	0.0285714	47.330
swarm_5_19.pdb	17.954	30.653	0	47.085
swarm_0_32.pdb	17.960	38.787	0	46.524
swarm_7_29.pdb	16.339	29.172	0	46.106
swarm_6_118.pdb	9.814	21.729	0.0428571	46.024
swarm_7_153.pdb	14.657	24.715	0	45.995
swarm_0_136.pdb	15.061	31.888	0	45.975
swarm_9_29.pdb	10.228	18.755	0.1	45.691
swarm_9_197.pdb	16.623	36.547	0	45.532
swarm_1_85.pdb	17.534	28.792	0.0285714	45.338
swarm_7_175.pdb	15.988	30.050	0.0142857	45.263
swarm_2_100.pdb	20.929	39.095	0	45.100
swarm_9_157.pdb	17.128	29.370	0.0714286	44.992
swarm_2_43.pdb	17.168	29.369	0.0857143	44.132
swarm_7_170.pdb	4.497	9.268	0.271429	43.602
swarm_1_20.pdb	12.728	25.605	0	42.671
swarm_0_148.pdb	16.316	29.381	0	42.368
swarm_7_185.pdb	17.612	29.107	0.0428571	41.287
swarm_2_174.pdb	18.221	36.138	0	41.201
swarm_6_135.pdb	16.614	31.137	0.0142857	41.113
swarm_4_25.pdb	16.576	29.945	0.114286	40.473
swarm_1_67.pdb	15.197	30.340	0.0285714	40.372
swarm_3_174.pdb	18.813	34.954	0.0142857	40.345
swarm_3_175.pdb	17.011	30.513	0	39.448
swarm_6_141.pdb	16.569	35.649	0	39.104
swarm_6_69.pdb	18.475	32.733	0	38.431
swarm_3_108.pdb	13.087	28.121	0	37.803
swarm_3_42.pdb	17.803	31.320	0	37.643
swarm_4_2.pdb	4.969	12.991	0.471429	37.581
swarm_2_194.pdb	19.253	32.663	0	37.421
swarm_2_6.pdb	9.030	24.521	0.0285714	36.843
swarm_2_108.pdb	15.171	29.797	0	36.639
swarm_2_30.pdb	19.147	32.934	0.0142857	36.488
swarm_2_86.pdb	11.025	28.182	0.0285714	36.423
swarm_0_118.pdb	13.487	29.770	0	36.419
swarm_0_24.pdb	10.180	35.381	0	35.834
swarm_8_35.pdb	18.223	30.416	0.0571429	35.641
swarm_2_159.pdb	12.015	29.421	0	35.097
swarm_6_182.pdb	15.151	33.941	0.0285714	34.213
swarm_9_97.pdb	11.180	26.603	0	33.903
swarm_1_170.pdb	18.894	35.538	0	33.335
swarm_7_120.pdb	11.152	17.330	0.0142857	33.222
swarm_6_42.pdb	18.071	31.775	0	32.941
swarm_6_115.pdb	17.210	31.867	0	32.846
swarm_4_91.pdb	17.383	30.320	0.0428571	32.459
swarm_2_39.pdb	19.271	33.632	0	32.325
swarm_4_167.pdb	11.418	24.205	0.142857	32.084
swarm_4_145.pdb	17.588	31.145	0.0714286	32.045
swarm_8_41.pdb	15.540	25.043	0	31.901
swarm_1_130.pdb	20.252	37.780	0	31.598
swarm_6_194.pdb	19.382	32.594	0.0142857	31.534
swarm_6_18.pdb	10.073	18.695	0.0285714	31.524
swarm_6_34.pdb	16.251	31.688	0	29.966
swarm_5_51.pdb	17.308	29.573	0	29.892
swarm_6_48.pdb	18.315	29.916	0	29.835
swarm_6_67.pdb	16.308	29.672	0.0571429	29.772
swarm_8_78.pdb	18.981	29.624	0	29.754
swarm_1_199.pdb	17.406	31.666	0	29.102
swarm_5_148.pdb	18.359	32.401	0.0142857	28.901
swarm_9_141.pdb	12.206	29.916	0.0285714	28.857
swarm_5_165.pdb	18.522	32.959	0	28.776
swarm_8_97.pdb	15.327	25.905	0	28.104
swarm_8_36.pdb	15.105	23.924	0	27.923
swarm_6_106.pdb	13.394	28.620	0.0142857	26.121
swarm_1_196.pdb	9.411	27.945	0	25.470
swarm_8_46.pdb	19.018	29.514	0	25.168
swarm_5_130.pdb	17.098	31.336	0	25.018
swarm_2_133.pdb	16.245	33.780	0	25.011
swarm_4_1.pdb	15.266	26.596	0	24.915
swarm_6_19.pdb	19.178	31.021	0	23.875
swarm_7_39.pdb	15.434	24.770	0	23.801
swarm_7_84.pdb	14.349	24.839	0	22.856
swarm_8_12.pdb	10.804	22.232	0.1	22.592
swarm_4_153.pdb	18.457	29.736	0	22.456
swarm_0_19.pdb	18.215	37.831	0	21.221
swarm_6_145.pdb	7.015	21.278	0.142857	21.150
swarm_3_15.pdb	16.856	30.001	0.0142857	19.609
swarm_7_129.pdb	20.915	34.724	0	19.151
swarm_8_137.pdb	18.799	30.055	0	18.991
swarm_7_136.pdb	17.557	30.124	0.0285714	18.872
swarm_7_11.pdb	17.010	29.192	0.0571429	18.444
swarm_8_103.pdb	18.793	26.787	0	18.394
swarm_2_164.pdb	16.342	31.946	0	18.222
swarm_8_178.pdb	14.999	24.073	0	14.998
swarm_7_18.pdb	18.639	27.537	0	12.023
swarm_9_48.pdb	6.459	12.994	0.114286	9.644
swarm_5_111.pdb	17.393	30.851	0.0142857	6.413
swarm_5_122.pdb	12.439	27.106	0.1	6.199
swarm_9_174.pdb	14.664	27.001	0	4.643
