swarm_24_48.pdb	16.820	39.310	0.0142857	46.952
swarm_39_32.pdb	18.374	42.611	0.1	43.799
swarm_49_0.pdb	18.234	43.675	0.0714286	43.511
swarm_39_75.pdb	17.670	41.217	0.0142857	41.650
swarm_39_91.pdb	12.046	37.343	0	41.625
swarm_21_175.pdb	17.011	32.819	0	41.005
swarm_38_154.pdb	17.686	31.223	0	40.416
swarm_30_103.pdb	14.719	48.083	0	40.392
swarm_54_170.pdb	10.014	34.148	0	40.217
swarm_20_46.pdb	14.717	39.940	0	38.989
swarm_21_56.pdb	10.865	28.527	0	38.075
swarm_46_124.pdb	17.714	35.457	0	37.982
swarm_49_178.pdb	13.151	42.563	0	37.360
swarm_46_182.pdb	9.317	25.461	0.0571429	37.267
swarm_6_41.pdb	17.295	35.361	0	36.889
swarm_19_107.pdb	17.919	39.550	0	36.573
swarm_21_44.pdb	15.747	40.338	0	35.673
swarm_50_8.pdb	14.599	38.766	0	35.502
swarm_22_84.pdb	19.768	39.520	0.0285714	35.500
swarm_6_97.pdb	13.814	32.400	0	35.169
swarm_40_70.pdb	12.720	37.022	0	35.148
swarm_21_136.pdb	14.427	32.991	0.0285714	34.893
swarm_21_161.pdb	15.188	36.407	0	34.647
swarm_38_156.pdb	14.043	31.715	0.0428571	34.550
swarm_20_111.pdb	18.052	38.978	0	34.399
swarm_23_86.pdb	11.439	40.074	0	34.397
swarm_22_156.pdb	14.656	42.818	0	34.226
swarm_13_74.pdb	15.131	29.761	0.0714286	33.781
swarm_43_7.pdb	18.471	38.363	0	33.702
swarm_15_5.pdb	17.910	39.858	0	33.373
swarm_44_76.pdb	17.176	35.544	0	33.316
swarm_15_48.pdb	20.424	41.340	0	33.158
swarm_24_150.pdb	15.535	32.555	0	33.049
swarm_36_130.pdb	19.472	52.611	0	32.938
swarm_20_149.pdb	19.264	39.038	0	32.909
swarm_19_193.pdb	16.148	39.728	0.0857143	32.846
swarm_46_31.pdb	2.993	11.532	0.457143	32.650
swarm_40_108.pdb	18.916	38.998	0	32.480
swarm_22_99.pdb	13.072	35.437	0	32.442
swarm_45_57.pdb	14.595	42.714	0	32.329
swarm_40_40.pdb	19.967	48.778	0	32.210
swarm_19_122.pdb	11.665	38.385	0	32.173
swarm_46_47.pdb	15.661	31.222	0.0285714	32.099
swarm_46_29.pdb	8.794	24.514	0.171429	31.683
swarm_41_173.pdb	17.444	34.344	0	31.626
swarm_40_80.pdb	13.245	39.450	0	31.535
swarm_29_84.pdb	6.375	18.644	0.142857	31.424
swarm_50_142.pdb	13.186	35.715	0	31.315
swarm_39_8.pdb	18.283	37.953	0	31.285
swarm_6_99.pdb	16.523	32.470	0.0142857	31.227
swarm_19_170.pdb	18.672	41.057	0.0428571	31.163
swarm_43_186.pdb	17.919	35.972	0	30.991
swarm_43_64.pdb	18.192	34.917	0	30.825
swarm_13_171.pdb	7.595	20.306	0.114286	30.726
swarm_20_47.pdb	15.104	34.606	0	30.695
swarm_40_193.pdb	19.047	42.743	0	30.670
swarm_38_130.pdb	8.140	21.575	0.0142857	30.649
swarm_20_118.pdb	15.927	44.379	0	30.556
swarm_53_143.pdb	24.070	56.301	0	30.499
swarm_38_85.pdb	17.371	33.866	0	30.480
swarm_49_198.pdb	18.191	48.214	0	30.359
swarm_21_152.pdb	19.287	40.742	0.0714286	30.171
swarm_38_123.pdb	12.173	23.872	0	30.070
swarm_20_122.pdb	11.803	39.417	0	30.023
swarm_50_123.pdb	13.715	41.861	0	29.902
swarm_13_106.pdb	17.038	29.171	0.0571429	29.840
swarm_37_37.pdb	16.575	44.179	0.0142857	29.671
swarm_44_191.pdb	11.671	31.691	0.0285714	29.665
swarm_24_57.pdb	18.193	34.130	0	29.622
swarm_13_49.pdb	15.218	25.278	0	29.533
swarm_20_146.pdb	14.941	32.909	0	29.378
swarm_20_7.pdb	17.332	35.678	0	29.367
swarm_34_13.pdb	17.641	35.254	0	29.321
swarm_34_131.pdb	16.860	34.957	0	29.091
swarm_27_89.pdb	14.029	33.430	0	29.050
swarm_27_105.pdb	9.117	28.616	0.0571429	28.831
swarm_13_62.pdb	11.757	24.708	0	28.729
swarm_54_21.pdb	22.201	44.464	0	28.572
swarm_42_59.pdb	22.924	54.091	0	28.550
swarm_41_164.pdb	13.058	30.742	0	28.340
swarm_22_35.pdb	17.512	35.313	0	28.268
swarm_27_27.pdb	17.078	35.687	0	28.247
swarm_24_11.pdb	18.525	37.854	0	28.077
swarm_23_89.pdb	19.440	44.650	0.0285714	27.873
swarm_6_2.pdb	18.433	37.808	0	27.699
swarm_38_66.pdb	10.246	29.616	0	27.662
swarm_15_58.pdb	21.794	49.375	0	27.611
swarm_24_94.pdb	19.113	41.410	0	27.604
swarm_22_114.pdb	20.210	45.228	0	27.419
swarm_12_56.pdb	17.764	37.066	0	27.348
swarm_22_83.pdb	19.158	36.611	0	27.310
swarm_24_182.pdb	15.296	33.685	0	27.280
swarm_36_101.pdb	12.095	38.251	0	27.173
swarm_44_178.pdb	16.614	31.038	0.0285714	27.108
swarm_22_122.pdb	15.284	41.190	0	27.026
swarm_13_40.pdb	16.869	31.424	0	26.964
swarm_23_41.pdb	14.952	46.951	0	26.630
swarm_46_23.pdb	11.154	24.118	0	26.613
swarm_54_1.pdb	12.076	37.402	0	26.481
swarm_22_38.pdb	18.878	45.190	0	26.436
swarm_24_125.pdb	18.981	39.044	0	26.358
swarm_45_6.pdb	21.093	45.245	0	26.348
swarm_27_138.pdb	19.006	39.606	0	26.341
swarm_39_113.pdb	20.569	49.507	0	26.321
swarm_36_71.pdb	19.024	46.557	0	26.295
swarm_29_101.pdb	13.883	30.897	0	26.198
swarm_39_43.pdb	15.078	45.875	0	26.011
swarm_50_29.pdb	20.148	46.689	0	25.970
swarm_30_197.pdb	17.520	45.592	0.0428571	25.861
swarm_22_116.pdb	16.762	40.352	0	25.806
swarm_43_4.pdb	18.515	47.534	0	25.597
swarm_48_51.pdb	16.822	45.934	0.0428571	25.458
swarm_43_190.pdb	16.838	39.335	0	25.220
swarm_44_161.pdb	17.013	35.096	0	25.210
swarm_19_102.pdb	14.590	40.001	0.0571429	25.134
swarm_15_170.pdb	14.026	43.042	0	24.918
swarm_15_23.pdb	18.908	38.149	0	24.828
swarm_44_97.pdb	10.583	29.377	0.0142857	24.668
swarm_20_190.pdb	12.683	35.720	0.0571429	24.486
swarm_44_109.pdb	8.376	28.206	0.0428571	24.436
swarm_41_120.pdb	15.223	34.735	0	24.270
swarm_45_101.pdb	24.368	54.315	0	24.265
swarm_53_145.pdb	19.319	44.949	0	23.905
swarm_53_27.pdb	21.790	44.743	0	23.884
swarm_53_152.pdb	20.989	44.130	0	23.824
swarm_19_152.pdb	18.921	41.650	0	23.814
swarm_43_66.pdb	17.587	39.398	0	23.785
swarm_36_14.pdb	20.974	45.234	0	23.727
swarm_22_15.pdb	14.772	42.785	0	23.682
swarm_43_103.pdb	18.819	42.500	0	23.354
swarm_34_167.pdb	3.203	11.768	0.614286	22.959
swarm_15_35.pdb	19.607	46.326	0.0142857	22.848
swarm_41_187.pdb	16.814	30.948	0	22.631
swarm_52_84.pdb	15.384	47.620	0	22.374
swarm_22_179.pdb	21.104	48.459	0	22.359
swarm_19_198.pdb	16.051	35.308	0	22.259
swarm_49_130.pdb	17.148	48.328	0.0142857	22.241
swarm_50_70.pdb	19.341	42.581	0.0428571	22.184
swarm_19_96.pdb	18.362	44.195	0	22.134
swarm_6_69.pdb	20.497	36.718	0	22.125
swarm_34_111.pdb	17.560	30.506	0.114286	22.125
swarm_37_69.pdb	13.078	49.405	0	22.068
swarm_15_165.pdb	20.637	44.364	0	21.676
swarm_44_13.pdb	19.661	37.453	0	21.279
swarm_30_84.pdb	21.650	45.558	0	21.262
swarm_46_66.pdb	17.041	31.212	0.1	21.240
swarm_19_2.pdb	20.010	45.276	0	21.108
swarm_53_127.pdb	21.279	44.002	0.0142857	20.904
swarm_19_27.pdb	17.328	36.221	0.0428571	20.619
swarm_27_95.pdb	14.177	35.537	0	20.405
swarm_27_30.pdb	16.948	35.684	0	20.400
swarm_50_37.pdb	13.930	44.204	0.0142857	20.387
swarm_46_33.pdb	17.195	32.674	0	20.148
swarm_40_74.pdb	19.485	44.809	0	19.932
swarm_45_69.pdb	19.663	43.395	0	19.577
swarm_53_73.pdb	21.480	53.523	0	19.541
swarm_43_79.pdb	16.050	42.631	0	19.023
swarm_30_71.pdb	20.823	46.644	0	18.846
swarm_54_110.pdb	20.286	46.005	0	18.812
swarm_27_118.pdb	17.331	38.201	0	18.254
swarm_27_19.pdb	20.576	41.363	0	18.007
swarm_12_96.pdb	18.167	36.319	0	17.633
swarm_24_32.pdb	16.606	43.203	0	17.555
swarm_6_29.pdb	17.769	36.423	0	16.687
swarm_19_141.pdb	18.165	40.371	0	15.695
swarm_50_163.pdb	15.667	41.188	0	15.169
swarm_36_25.pdb	19.720	41.628	0	15.165
swarm_38_116.pdb	17.640	30.216	0	14.843
swarm_44_71.pdb	16.853	35.194	0	14.329
swarm_41_30.pdb	17.450	36.335	0	12.528
swarm_44_0.pdb	18.514	35.806	0	11.870
swarm_41_79.pdb	15.454	32.382	0.0571429	11.150
swarm_42_74.pdb	20.999	49.156	0	9.746
swarm_39_53.pdb	19.851	43.367	0.0285714	8.969
swarm_43_158.pdb	18.457	39.484	0	8.126
swarm_48_14.pdb	18.625	39.966	0.0285714	6.047
swarm_36_179.pdb	19.732	43.071	0.0714286	5.501
swarm_15_190.pdb	20.838	41.091	0.0285714	5.159
swarm_41_150.pdb	17.057	32.531	0	4.694
swarm_6_81.pdb	7.745	28.277	0.0571429	3.599
swarm_39_19.pdb	15.690	39.391	0	3.331
swarm_48_1.pdb	17.342	36.417	0	0.818
