swarm_25_93.pdb	4.282	6.736	0.242857	38.087
swarm_53_115.pdb	17.017	29.096	0.114286	37.988
swarm_399_56.pdb	2.220	6.631	0.7	35.442
swarm_398_118.pdb	7.243	16.874	0.114286	33.309
swarm_249_151.pdb	16.779	41.143	0.0714286	32.924
swarm_3_28.pdb	8.510	18.901	0.0428571	32.253
swarm_81_132.pdb	8.430	22.151	0.0714286	32.136
swarm_80_189.pdb	17.036	29.166	0.114286	32.038
swarm_87_6.pdb	17.028	28.305	0.0285714	30.692
swarm_249_143.pdb	13.759	35.204	0	30.609
swarm_81_146.pdb	3.518	13.641	0.614286	30.216
swarm_181_99.pdb	6.610	12.080	0.0714286	30.158
swarm_372_96.pdb	12.818	28.817	0	29.909
swarm_283_2.pdb	17.809	42.415	0.0285714	29.819
swarm_147_129.pdb	7.570	20.409	0.0857143	29.819
swarm_10_94.pdb	20.880	56.510	0	29.645
swarm_139_44.pdb	17.331	37.956	0.0714286	29.564
swarm_86_182.pdb	11.281	36.784	0	28.579
swarm_181_192.pdb	17.354	28.741	0.0285714	28.578
swarm_287_40.pdb	11.366	29.571	0.0285714	28.492
swarm_28_86.pdb	16.842	29.799	0.0571429	28.336
swarm_139_55.pdb	13.891	28.848	0	28.251
swarm_80_43.pdb	11.945	28.729	0	28.088
swarm_324_25.pdb	8.727	20.534	0.0142857	27.982
swarm_85_183.pdb	4.631	15.815	0.357143	27.888
swarm_359_23.pdb	13.423	37.659	0.0142857	27.885
swarm_324_34.pdb	7.389	12.222	0	27.704
swarm_251_106.pdb	11.227	34.604	0	27.675
swarm_21_119.pdb	17.439	31.474	0.0857143	27.567
swarm_92_3.pdb	8.626	26.563	0.1	27.291
swarm_311_52.pdb	18.869	44.257	0	27.235
swarm_111_61.pdb	18.382	36.323	0.0142857	27.128
swarm_31_189.pdb	17.405	29.744	0.0571429	27.101
swarm_53_54.pdb	9.411	23.314	0.0714286	27.093
swarm_282_128.pdb	18.463	39.286	0.0714286	27.041
swarm_166_8.pdb	18.428	40.455	0.0571429	26.901
swarm_177_199.pdb	12.528	33.294	0.0571429	26.869
swarm_166_62.pdb	12.931	33.750	0	26.525
swarm_28_175.pdb	16.393	27.683	0.128571	26.337
swarm_165_173.pdb	19.716	71.781	0	26.304
swarm_83_189.pdb	16.000	28.258	0.0857143	26.298
swarm_28_42.pdb	16.892	28.167	0.114286	26.147
swarm_80_22.pdb	12.148	23.495	0	26.060
swarm_25_130.pdb	16.352	28.068	0.1	25.946
swarm_399_143.pdb	9.392	18.326	0.0285714	25.941
swarm_139_25.pdb	9.164	18.398	0.0142857	25.885
swarm_398_55.pdb	8.139	17.151	0.0142857	25.825
swarm_71_166.pdb	18.493	39.497	0.0714286	25.794
swarm_85_108.pdb	6.189	18.581	0.142857	25.639
swarm_85_68.pdb	8.866	26.251	0.0714286	25.522
swarm_62_186.pdb	12.945	34.631	0	25.488
swarm_54_148.pdb	18.285	40.360	0	25.430
swarm_147_2.pdb	16.937	31.339	0.0285714	25.216
swarm_336_60.pdb	12.555	26.590	0	25.202
swarm_85_11.pdb	16.890	29.157	0.0571429	24.974
swarm_116_181.pdb	7.779	23.885	0.1	24.787
swarm_150_21.pdb	20.877	43.221	0	24.681
swarm_398_131.pdb	5.079	10.997	0.2	24.637
swarm_119_79.pdb	17.010	37.482	0	24.575
swarm_391_113.pdb	11.680	34.364	0.0857143	24.537
swarm_53_83.pdb	8.728	19.154	0.0571429	24.475
swarm_206_32.pdb	11.624	30.947	0.0285714	24.414
swarm_71_130.pdb	15.031	28.141	0	24.026
swarm_34_70.pdb	11.059	29.660	0.1	23.963
swarm_166_143.pdb	15.431	40.598	0.0714286	23.804
swarm_325_97.pdb	11.250	38.582	0	23.719
swarm_304_122.pdb	13.061	47.691	0	23.549
swarm_28_130.pdb	8.559	17.451	0.0571429	23.514
swarm_51_15.pdb	12.811	34.987	0	23.482
swarm_28_49.pdb	3.860	10.933	0.285714	23.345
swarm_304_182.pdb	10.551	40.051	0	23.285
swarm_111_107.pdb	10.304	34.980	0	23.006
swarm_53_169.pdb	15.102	26.241	0.0571429	22.959
swarm_27_94.pdb	10.370	38.136	0	22.927
swarm_81_142.pdb	7.146	22.721	0.157143	22.905
swarm_81_185.pdb	12.792	29.840	0.0571429	22.766
swarm_147_21.pdb	15.198	27.196	0	22.744
swarm_339_137.pdb	17.686	32.897	0.0571429	22.743
swarm_85_1.pdb	13.417	30.079	0.0142857	22.734
swarm_18_156.pdb	15.934	33.139	0.0428571	22.538
swarm_99_70.pdb	14.507	41.585	0.0142857	22.533
swarm_179_15.pdb	14.768	39.948	0	22.488
swarm_71_57.pdb	14.302	40.808	0.0142857	22.318
swarm_80_165.pdb	17.023	30.456	0.0714286	22.185
swarm_360_53.pdb	4.872	13.859	0.285714	21.971
swarm_21_147.pdb	17.220	30.748	0.114286	21.943
swarm_157_27.pdb	15.895	36.292	0	21.901
swarm_391_95.pdb	8.019	26.823	0.2	21.849
swarm_372_82.pdb	13.773	35.313	0.128571	21.839
swarm_200_159.pdb	22.358	70.615	0	21.798
swarm_252_1.pdb	16.911	34.959	0.0142857	21.681
swarm_225_19.pdb	10.738	38.189	0	21.607
swarm_53_92.pdb	9.143	19.181	0.114286	21.606
swarm_253_49.pdb	13.220	39.586	0	21.566
swarm_171_63.pdb	6.614	14.577	0.142857	21.394
swarm_252_140.pdb	11.836	39.013	0	21.371
swarm_147_149.pdb	16.747	32.902	0	21.254
swarm_152_196.pdb	10.501	31.089	0.0428571	21.232
swarm_301_77.pdb	20.454	59.022	0	21.164
swarm_18_57.pdb	16.224	32.205	0.0142857	21.079
swarm_248_16.pdb	15.176	41.878	0.0142857	20.876
swarm_398_116.pdb	16.269	29.791	0.0285714	20.861
swarm_53_186.pdb	5.495	13.687	0.214286	20.780
swarm_25_45.pdb	16.743	29.086	0.0571429	20.766
swarm_25_85.pdb	4.879	11.923	0.314286	20.738
swarm_399_83.pdb	17.163	28.363	0.0857143	20.532
swarm_177_104.pdb	9.665	26.574	0.0571429	20.522
swarm_83_19.pdb	5.436	9.257	0.185714	20.484
swarm_360_117.pdb	17.631	32.047	0.0714286	20.414
swarm_33_82.pdb	17.541	29.131	0.0428571	20.333
swarm_284_9.pdb	15.298	31.985	0.0142857	20.266
swarm_250_24.pdb	17.362	34.675	0	20.152
swarm_274_111.pdb	17.370	47.849	0.0428571	20.112
swarm_376_146.pdb	10.323	33.841	0	20.069
swarm_398_197.pdb	13.003	24.433	0	20.011
swarm_281_190.pdb	17.519	45.321	0.0428571	19.955
swarm_81_117.pdb	16.900	30.878	0	19.935
swarm_3_143.pdb	17.180	29.545	0.0428571	19.677
swarm_338_39.pdb	17.580	31.222	0.0857143	19.556
swarm_21_132.pdb	14.326	30.805	0	19.490
swarm_399_85.pdb	6.447	13.777	0.2	19.374
swarm_205_83.pdb	22.919	71.508	0	19.367
swarm_375_48.pdb	13.448	42.801	0	19.270
swarm_18_161.pdb	11.602	31.572	0.0285714	19.255
swarm_71_7.pdb	14.714	36.882	0	19.019
swarm_80_133.pdb	13.860	29.396	0	18.993
swarm_18_101.pdb	14.637	31.222	0	18.948
swarm_391_195.pdb	9.738	29.426	0.0428571	18.946
swarm_53_43.pdb	16.784	29.378	0.0714286	18.791
swarm_79_166.pdb	14.237	36.338	0	18.691
swarm_4_25.pdb	8.675	15.051	0.0285714	18.647
swarm_18_71.pdb	10.764	18.862	0	18.463
swarm_399_123.pdb	13.454	23.585	0.0857143	18.459
swarm_25_90.pdb	17.366	30.672	0.0714286	18.309
swarm_116_42.pdb	7.957	17.823	0	18.181
swarm_52_27.pdb	20.391	44.203	0	17.981
swarm_147_24.pdb	17.165	30.947	0.0428571	17.647
swarm_110_140.pdb	15.858	32.823	0	17.646
swarm_37_42.pdb	14.456	33.913	0.0142857	17.361
swarm_147_66.pdb	16.396	30.536	0.0285714	17.282
swarm_83_23.pdb	16.375	28.190	0.0714286	17.194
swarm_80_126.pdb	10.598	25.539	0	17.079
swarm_250_90.pdb	9.931	28.243	0.0571429	16.896
swarm_54_58.pdb	19.371	40.180	0	16.828
swarm_256_54.pdb	15.476	34.618	0.0142857	16.778
swarm_83_196.pdb	15.825	27.840	0.0857143	16.636
swarm_195_56.pdb	23.951	63.838	0	16.438
swarm_177_6.pdb	12.407	29.397	0	16.438
swarm_81_10.pdb	17.369	29.293	0.0285714	16.341
swarm_391_119.pdb	12.270	27.854	0	16.221
swarm_59_151.pdb	18.193	32.327	0	16.197
swarm_87_7.pdb	10.050	14.929	0	16.089
swarm_31_162.pdb	8.234	17.696	0	15.756
swarm_181_115.pdb	14.184	32.364	0.0142857	15.756
swarm_398_158.pdb	10.755	21.193	0.0571429	15.328
swarm_306_33.pdb	11.059	37.343	0	15.314
swarm_278_186.pdb	18.004	47.460	0	15.089
swarm_305_138.pdb	17.429	44.714	0.0714286	14.972
swarm_127_21.pdb	18.775	54.403	0	14.718
swarm_31_66.pdb	9.453	20.318	0.114286	14.650
swarm_324_97.pdb	17.059	31.493	0.0142857	14.446
swarm_324_125.pdb	13.378	28.009	0.0428571	14.316
swarm_398_63.pdb	8.409	20.964	0.0285714	14.009
swarm_336_160.pdb	14.503	33.430	0	13.798
swarm_90_103.pdb	12.483	29.777	0.0857143	12.925
swarm_287_82.pdb	16.423	34.650	0.0285714	12.889
swarm_33_9.pdb	14.031	26.073	0.0428571	12.651
swarm_28_10.pdb	12.684	24.032	0.0571429	12.648
swarm_169_175.pdb	21.633	62.898	0	12.359
swarm_25_69.pdb	5.229	13.576	0.414286	12.108
swarm_306_64.pdb	18.009	41.212	0.0571429	11.957
swarm_23_112.pdb	14.648	32.688	0	11.424
swarm_25_36.pdb	9.009	18.515	0.0428571	11.240
swarm_360_50.pdb	17.443	31.343	0.0714286	10.075
swarm_9_100.pdb	20.431	62.778	0	9.683
swarm_152_7.pdb	15.803	34.740	0.0428571	9.680
swarm_4_73.pdb	16.191	27.262	0.0428571	9.658
swarm_87_131.pdb	12.266	26.618	0.0571429	9.110
swarm_166_170.pdb	16.382	34.542	0.0714286	8.802
swarm_28_30.pdb	9.674	18.734	0.0857143	5.877
swarm_278_4.pdb	16.497	47.339	0.0285714	4.235
swarm_368_82.pdb	15.774	49.692	0	3.418
swarm_116_111.pdb	9.793	21.089	0	1.700
