swarm_16_94.pdb	17.412	29.616	0.0714286	54.800
swarm_39_144.pdb	17.498	29.592	0.114286	50.963
swarm_49_161.pdb	17.348	28.654	0.114286	49.330
swarm_38_135.pdb	4.288	7.666	0.228571	46.998
swarm_24_48.pdb	16.820	39.310	0.0142857	46.952
swarm_58_133.pdb	17.185	29.562	0.1	46.625
swarm_39_32.pdb	18.374	42.611	0.1	43.799
swarm_26_146.pdb	11.366	29.980	0.0714286	43.782
swarm_49_0.pdb	18.234	43.675	0.0714286	43.511
swarm_37_28.pdb	17.530	29.138	0.0857143	43.291
swarm_37_121.pdb	16.974	28.180	0.0285714	41.857
swarm_28_72.pdb	17.496	28.953	0.0285714	41.684
swarm_39_75.pdb	17.670	41.217	0.0142857	41.650
swarm_39_91.pdb	12.046	37.343	0	41.625
swarm_14_116.pdb	17.656	29.448	0.0142857	41.230
swarm_21_175.pdb	17.011	32.819	0	41.005
swarm_17_140.pdb	16.452	40.791	0.0428571	40.772
swarm_5_91.pdb	18.475	32.364	0	40.735
swarm_38_154.pdb	17.686	31.223	0	40.416
swarm_30_103.pdb	14.719	48.083	0	40.392
swarm_54_170.pdb	10.014	34.148	0	40.217
swarm_14_128.pdb	14.129	31.277	0.0714286	40.143
swarm_40_119.pdb	17.024	28.449	0.0142857	39.866
swarm_23_104.pdb	17.709	29.108	0	39.545
swarm_41_100.pdb	9.504	28.102	0.0857143	39.510
swarm_5_54.pdb	10.273	31.752	0	39.065
swarm_20_46.pdb	14.717	39.940	0	38.989
swarm_18_190.pdb	11.153	31.125	0.0571429	38.886
swarm_21_164.pdb	17.458	29.909	0.1	38.672
swarm_10_59.pdb	8.004	19.136	0.0714286	38.445
swarm_4_94.pdb	11.266	27.528	0.0285714	38.361
swarm_21_56.pdb	10.865	28.527	0	38.075
swarm_52_158.pdb	4.967	7.650	0.114286	38.066
swarm_46_124.pdb	17.714	35.457	0	37.982
swarm_43_100.pdb	12.281	31.722	0.0857143	37.688
swarm_28_176.pdb	16.724	28.472	0	37.672
swarm_14_129.pdb	13.594	29.642	0	37.425
swarm_49_178.pdb	13.151	42.563	0	37.360
swarm_46_182.pdb	9.317	25.461	0.0571429	37.267
swarm_12_40.pdb	11.383	30.422	0.0428571	37.000
swarm_23_192.pdb	16.251	31.152	0	36.962
swarm_58_98.pdb	10.063	26.737	0.0714286	36.891
swarm_6_41.pdb	17.295	35.361	0	36.889
swarm_14_80.pdb	16.706	28.754	0	36.849
swarm_19_107.pdb	17.919	39.550	0	36.573
swarm_29_29.pdb	16.596	31.181	0	36.499
swarm_58_85.pdb	17.806	29.709	0.0142857	36.276
swarm_42_157.pdb	14.681	41.824	0.0142857	35.995
swarm_56_158.pdb	15.343	29.175	0.0428571	35.800
swarm_53_36.pdb	16.058	28.822	0	35.749
swarm_21_44.pdb	15.747	40.338	0	35.673
swarm_31_71.pdb	16.414	28.671	0.114286	35.528
swarm_50_8.pdb	14.599	38.766	0	35.502
swarm_22_84.pdb	19.768	39.520	0.0285714	35.500
swarm_29_55.pdb	11.835	26.420	0	35.463
swarm_19_149.pdb	16.497	30.476	0.0428571	35.215
swarm_6_97.pdb	13.814	32.400	0	35.169
swarm_40_70.pdb	12.720	37.022	0	35.148
swarm_16_143.pdb	17.108	28.544	0.0857143	35.098
swarm_11_92.pdb	9.784	26.187	0.0428571	35.005
swarm_21_136.pdb	14.427	32.991	0.0285714	34.893
swarm_18_179.pdb	14.272	25.670	0	34.803
swarm_51_167.pdb	17.204	28.139	0.0714286	34.739
swarm_24_76.pdb	14.086	31.097	0	34.651
swarm_21_161.pdb	15.188	36.407	0	34.647
swarm_37_163.pdb	8.247	14.173	0.0142857	34.609
swarm_38_156.pdb	14.043	31.715	0.0428571	34.550
swarm_37_173.pdb	10.040	23.673	0.0285714	34.475
swarm_20_111.pdb	18.052	38.978	0	34.399
swarm_23_86.pdb	11.439	40.074	0	34.397
swarm_13_158.pdb	7.133	14.411	0.128571	34.381
swarm_22_156.pdb	14.656	42.818	0	34.226
swarm_25_195.pdb	13.441	29.881	0.0285714	34.022
swarm_16_157.pdb	2.953	8.285	0.385714	33.876
swarm_45_107.pdb	14.104	43.246	0	33.854
swarm_13_74.pdb	15.131	29.761	0.0714286	33.781
swarm_23_95.pdb	17.905	36.874	0	33.758
swarm_43_7.pdb	18.471	38.363	0	33.702
swarm_39_176.pdb	5.239	8.501	0.0857143	33.667
swarm_15_130.pdb	15.369	28.429	0	33.596
swarm_30_190.pdb	13.046	32.895	0	33.566
swarm_15_5.pdb	17.910	39.858	0	33.373
swarm_44_76.pdb	17.176	35.544	0	33.316
swarm_38_21.pdb	17.711	31.224	0	33.215
swarm_29_89.pdb	13.385	27.960	0	33.161
swarm_15_48.pdb	20.424	41.340	0	33.158
swarm_24_150.pdb	15.535	32.555	0	33.049
swarm_14_170.pdb	8.617	23.364	0.0857143	32.960
swarm_36_130.pdb	19.472	52.611	0	32.938
swarm_29_98.pdb	7.129	20.987	0.1	32.912
swarm_20_149.pdb	19.264	39.038	0	32.909
swarm_53_128.pdb	15.346	33.893	0.0142857	32.899
swarm_19_193.pdb	16.148	39.728	0.0857143	32.846
swarm_41_94.pdb	17.099	40.314	0	32.839
swarm_24_148.pdb	14.813	31.319	0	32.819
swarm_46_31.pdb	2.993	11.532	0.457143	32.650
swarm_30_21.pdb	16.941	31.708	0	32.527
swarm_40_108.pdb	18.916	38.998	0	32.480
swarm_50_147.pdb	17.218	29.048	0.114286	32.475
swarm_22_99.pdb	13.072	35.437	0	32.442
swarm_45_57.pdb	14.595	42.714	0	32.329
swarm_25_97.pdb	19.895	35.257	0	32.215
swarm_40_40.pdb	19.967	48.778	0	32.210
swarm_19_122.pdb	11.665	38.385	0	32.173
swarm_46_47.pdb	15.661	31.222	0.0285714	32.099
swarm_34_77.pdb	14.065	26.001	0	31.886
swarm_1_137.pdb	16.349	32.987	0	31.791
swarm_31_125.pdb	14.206	32.154	0.0571429	31.774
swarm_46_29.pdb	8.794	24.514	0.171429	31.683
swarm_41_173.pdb	17.444	34.344	0	31.626
swarm_29_104.pdb	6.538	22.697	0.285714	31.561
swarm_34_127.pdb	15.427	35.175	0	31.544
swarm_40_80.pdb	13.245	39.450	0	31.535
swarm_53_108.pdb	17.929	29.677	0	31.460
swarm_29_84.pdb	6.375	18.644	0.142857	31.424
swarm_50_142.pdb	13.186	35.715	0	31.315
swarm_39_8.pdb	18.283	37.953	0	31.285
swarm_11_186.pdb	17.474	29.496	0.114286	31.245
swarm_6_99.pdb	16.523	32.470	0.0142857	31.227
swarm_39_92.pdb	15.512	27.906	0.0285714	31.220
swarm_39_159.pdb	15.700	28.092	0	31.204
swarm_26_87.pdb	16.726	31.239	0	31.167
swarm_19_170.pdb	18.672	41.057	0.0428571	31.163
swarm_35_0.pdb	8.940	13.939	0	31.126
swarm_14_42.pdb	15.276	26.680	0	31.084
swarm_28_115.pdb	12.525	28.227	0	31.070
swarm_43_186.pdb	17.919	35.972	0	30.991
swarm_43_64.pdb	18.192	34.917	0	30.825
swarm_13_171.pdb	7.595	20.306	0.114286	30.726
swarm_20_47.pdb	15.104	34.606	0	30.695
swarm_40_193.pdb	19.047	42.743	0	30.670
swarm_33_158.pdb	17.572	28.790	0.0428571	30.658
swarm_38_130.pdb	8.140	21.575	0.0142857	30.649
swarm_20_118.pdb	15.927	44.379	0	30.556
swarm_30_133.pdb	18.185	30.546	0	30.534
swarm_53_143.pdb	24.070	56.301	0	30.499
swarm_15_189.pdb	13.665	34.695	0.0142857	30.488
swarm_38_85.pdb	17.371	33.866	0	30.480
swarm_15_190.pdb	15.771	36.340	0	30.454
swarm_43_33.pdb	18.942	37.074	0	30.369
swarm_40_193.pdb	9.836	23.112	0.0428571	30.365
swarm_1_77.pdb	16.723	34.430	0.0142857	30.365
swarm_49_198.pdb	18.191	48.214	0	30.359
swarm_20_170.pdb	16.639	30.657	0	30.253
swarm_40_95.pdb	10.519	31.557	0.0857143	30.190
swarm_21_152.pdb	19.287	40.742	0.0714286	30.171
swarm_28_84.pdb	10.899	28.757	0	30.118
swarm_23_160.pdb	17.151	31.812	0.0571429	30.092
swarm_38_123.pdb	12.173	23.872	0	30.070
swarm_20_122.pdb	11.803	39.417	0	30.023
swarm_41_10.pdb	11.148	30.558	0.0857143	30.010
swarm_23_4.pdb	17.004	32.186	0	29.963
swarm_23_125.pdb	18.284	31.568	0	29.918
swarm_53_151.pdb	16.198	29.671	0.0571429	29.915
swarm_50_123.pdb	13.715	41.861	0	29.902
swarm_16_165.pdb	4.311	8.606	0.271429	29.890
swarm_2_2.pdb	13.888	34.614	0.0428571	29.868
swarm_2_167.pdb	19.855	39.490	0	29.865
swarm_13_106.pdb	17.038	29.171	0.0571429	29.840
swarm_14_67.pdb	19.278	31.949	0.0142857	29.836
swarm_35_186.pdb	16.432	25.792	0	29.828
swarm_37_37.pdb	16.575	44.179	0.0142857	29.671
swarm_52_60.pdb	17.471	29.553	0	29.667
swarm_44_191.pdb	11.671	31.691	0.0285714	29.665
swarm_2_35.pdb	19.880	39.767	0	29.659
swarm_24_57.pdb	18.193	34.130	0	29.622
swarm_21_153.pdb	16.153	27.868	0	29.619
swarm_31_106.pdb	12.320	27.884	0.0142857	29.578
swarm_13_49.pdb	15.218	25.278	0	29.533
swarm_42_93.pdb	22.910	48.636	0	29.527
swarm_3_106.pdb	17.052	30.168	0.0571429	29.527
swarm_0_47.pdb	11.056	32.360	0.0714286	29.405
swarm_20_146.pdb	14.941	32.909	0	29.378
swarm_20_7.pdb	17.332	35.678	0	29.367
swarm_34_13.pdb	17.641	35.254	0	29.321
swarm_30_50.pdb	15.492	27.196	0	29.170
swarm_8_129.pdb	16.125	50.579	0	29.116
swarm_34_131.pdb	16.860	34.957	0	29.091
swarm_27_89.pdb	14.029	33.430	0	29.050
swarm_11_25.pdb	12.477	24.928	0	29.022
swarm_36_28.pdb	18.832	38.906	0.0285714	28.951
swarm_17_106.pdb	14.307	37.124	0	28.906
swarm_1_37.pdb	13.941	25.947	0	28.886
swarm_23_181.pdb	10.215	25.537	0	28.848
swarm_9_155.pdb	13.665	32.426	0	28.842
swarm_27_105.pdb	9.117	28.616	0.0571429	28.831
swarm_40_74.pdb	10.541	25.893	0.0428571	28.780
swarm_17_125.pdb	17.181	37.679	0	28.739
swarm_13_62.pdb	11.757	24.708	0	28.729
swarm_4_90.pdb	12.804	32.607	0.0428571	28.726
swarm_41_155.pdb	21.770	39.597	0	28.688
swarm_3_4.pdb	17.528	32.113	0	28.579
swarm_54_21.pdb	22.201	44.464	0	28.572
swarm_45_181.pdb	15.397	42.609	0	28.571
swarm_42_59.pdb	22.924	54.091	0	28.550
swarm_31_142.pdb	8.597	22.733	0.185714	28.490
swarm_32_91.pdb	16.096	29.475	0	28.459
swarm_10_178.pdb	4.134	9.760	0.457143	28.427
swarm_16_51.pdb	15.084	27.920	0.0142857	28.393
swarm_44_124.pdb	21.792	39.968	0	28.354
swarm_41_164.pdb	13.058	30.742	0	28.340
swarm_41_187.pdb	21.378	38.135	0	28.334
swarm_23_59.pdb	10.165	24.820	0	28.329
swarm_22_35.pdb	17.512	35.313	0	28.268
swarm_27_27.pdb	17.078	35.687	0	28.247
swarm_29_123.pdb	23.611	49.371	0	28.236
swarm_30_23.pdb	14.360	36.833	0.0714286	28.204
swarm_43_92.pdb	23.109	44.842	0	28.198
swarm_32_9.pdb	6.639	18.816	0.128571	28.160
swarm_44_87.pdb	16.229	36.182	0	28.127
swarm_44_187.pdb	12.893	31.768	0.0857143	28.120
swarm_24_11.pdb	18.525	37.854	0	28.077
swarm_28_169.pdb	12.667	33.087	0	27.949
swarm_56_185.pdb	15.667	27.152	0.0142857	27.901
swarm_23_89.pdb	19.440	44.650	0.0285714	27.873
swarm_30_89.pdb	14.110	29.513	0.0428571	27.868
swarm_18_42.pdb	15.324	31.057	0	27.818
swarm_47_134.pdb	24.240	47.630	0	27.748
swarm_37_61.pdb	17.785	31.712	0.0428571	27.728
swarm_6_2.pdb	18.433	37.808	0	27.699
swarm_45_35.pdb	15.597	37.603	0	27.697
swarm_38_66.pdb	10.246	29.616	0	27.662
swarm_15_58.pdb	21.794	49.375	0	27.611
swarm_24_94.pdb	19.113	41.410	0	27.604
swarm_57_172.pdb	15.226	32.989	0	27.466
swarm_58_89.pdb	15.602	26.804	0	27.432
swarm_22_114.pdb	20.210	45.228	0	27.419
swarm_12_56.pdb	17.764	37.066	0	27.348
swarm_22_83.pdb	19.158	36.611	0	27.310
swarm_24_182.pdb	15.296	33.685	0	27.280
swarm_26_57.pdb	14.875	31.393	0.0285714	27.185
swarm_36_101.pdb	12.095	38.251	0	27.173
swarm_0_194.pdb	11.473	33.075	0.0857143	27.155
swarm_20_41.pdb	17.866	30.955	0	27.150
swarm_32_45.pdb	20.184	39.368	0	27.144
swarm_44_178.pdb	16.614	31.038	0.0285714	27.108
swarm_18_103.pdb	16.939	35.674	0	27.101
swarm_18_195.pdb	17.898	30.912	0	27.100
swarm_29_191.pdb	19.786	35.284	0	27.069
swarm_43_125.pdb	23.264	45.130	0	27.061
swarm_22_122.pdb	15.284	41.190	0	27.026
swarm_31_112.pdb	17.501	31.676	0.0142857	27.003
swarm_17_25.pdb	12.215	26.957	0	27.003
swarm_13_40.pdb	16.869	31.424	0	26.964
swarm_6_62.pdb	18.603	35.673	0	26.917
swarm_29_60.pdb	12.520	27.887	0.0142857	26.858
swarm_26_38.pdb	16.720	36.518	0	26.839
swarm_7_29.pdb	23.360	46.335	0	26.812
swarm_32_148.pdb	13.936	28.794	0	26.736
swarm_19_27.pdb	17.860	35.968	0	26.736
swarm_31_120.pdb	11.766	26.096	0.0571429	26.732
swarm_6_117.pdb	23.944	46.853	0	26.722
swarm_3_181.pdb	17.789	36.294	0.0142857	26.722
swarm_6_164.pdb	12.968	40.747	0	26.703
swarm_52_141.pdb	19.103	37.224	0	26.693
swarm_46_10.pdb	13.032	41.306	0	26.664
swarm_10_164.pdb	17.230	30.527	0	26.647
swarm_23_41.pdb	14.952	46.951	0	26.630
swarm_46_23.pdb	11.154	24.118	0	26.613
swarm_48_128.pdb	18.583	42.205	0.0142857	26.578
swarm_53_145.pdb	16.221	25.728	0	26.526
swarm_5_192.pdb	15.928	30.716	0.0571429	26.506
swarm_54_1.pdb	12.076	37.402	0	26.481
swarm_30_156.pdb	19.665	41.819	0	26.447
swarm_22_38.pdb	18.878	45.190	0	26.436
swarm_24_125.pdb	18.981	39.044	0	26.358
swarm_24_125.pdb	13.485	34.864	0	26.352
swarm_4_183.pdb	17.493	35.764	0	26.350
swarm_45_6.pdb	21.093	45.245	0	26.348
swarm_27_138.pdb	19.006	39.606	0	26.341
swarm_7_68.pdb	20.040	39.159	0	26.334
swarm_39_113.pdb	20.569	49.507	0	26.321
swarm_15_117.pdb	4.291	8.427	0.285714	26.319
swarm_36_71.pdb	19.024	46.557	0	26.295
swarm_38_61.pdb	10.133	32.437	0.0714286	26.264
swarm_44_56.pdb	17.589	35.285	0	26.263
swarm_43_67.pdb	20.967	40.301	0	26.223
swarm_29_101.pdb	13.883	30.897	0	26.198
swarm_30_11.pdb	23.437	48.236	0	26.110
swarm_52_185.pdb	13.394	22.164	0	26.078
swarm_44_92.pdb	17.893	34.603	0	26.074
swarm_52_146.pdb	17.884	35.825	0	26.031
swarm_41_59.pdb	15.011	40.960	0	26.016
swarm_39_43.pdb	15.078	45.875	0	26.011
swarm_14_52.pdb	9.633	27.602	0	25.997
swarm_50_29.pdb	20.148	46.689	0	25.970
swarm_18_101.pdb	13.100	28.062	0.0285714	25.968
swarm_30_70.pdb	15.042	26.338	0.0142857	25.963
swarm_27_149.pdb	10.815	29.946	0.0714286	25.960
swarm_54_74.pdb	16.243	28.000	0.0571429	25.946
swarm_40_49.pdb	17.098	38.769	0.0142857	25.941
swarm_20_36.pdb	17.581	29.763	0.0428571	25.940
swarm_47_197.pdb	21.144	36.841	0	25.931
swarm_15_51.pdb	13.830	37.012	0.0714286	25.922
swarm_30_197.pdb	17.520	45.592	0.0428571	25.861
swarm_53_14.pdb	3.843	8.986	0.414286	25.809
swarm_28_1.pdb	17.860	35.024	0	25.809
swarm_22_116.pdb	16.762	40.352	0	25.806
swarm_44_59.pdb	18.823	40.190	0	25.782
swarm_40_97.pdb	13.536	30.468	0.0285714	25.717
swarm_8_32.pdb	16.992	36.200	0	25.713
swarm_40_58.pdb	16.579	38.199	0.0142857	25.691
swarm_40_125.pdb	21.848	39.435	0	25.663
swarm_28_195.pdb	19.349	41.064	0	25.659
swarm_34_56.pdb	17.425	30.126	0.114286	25.658
swarm_39_187.pdb	15.591	27.323	0	25.626
swarm_44_85.pdb	14.925	28.435	0	25.609
swarm_39_68.pdb	11.391	40.409	0	25.600
swarm_43_4.pdb	18.515	47.534	0	25.597
swarm_43_50.pdb	22.046	44.594	0	25.551
swarm_7_133.pdb	15.830	37.018	0.0142857	25.549
swarm_56_137.pdb	15.942	26.841	0	25.509
swarm_45_60.pdb	16.973	37.166	0	25.493
swarm_48_51.pdb	16.822	45.934	0.0428571	25.458
swarm_12_81.pdb	17.889	36.925	0	25.402
swarm_33_187.pdb	24.732	48.942	0	25.395
swarm_11_33.pdb	17.247	31.523	0.0571429	25.393
swarm_26_121.pdb	17.374	35.443	0	25.388
swarm_13_18.pdb	17.545	30.635	0	25.330
swarm_7_40.pdb	16.036	37.432	0	25.307
swarm_44_144.pdb	12.821	34.941	0.0142857	25.256
swarm_43_190.pdb	16.838	39.335	0	25.220
swarm_44_161.pdb	17.013	35.096	0	25.210
swarm_30_105.pdb	22.319	49.009	0	25.180
swarm_52_72.pdb	14.015	31.722	0	25.160
swarm_52_74.pdb	21.339	42.301	0	25.135
swarm_19_102.pdb	14.590	40.001	0.0571429	25.134
swarm_2_85.pdb	15.662	31.678	0.0142857	25.125
swarm_45_14.pdb	23.792	46.307	0	25.088
swarm_13_188.pdb	12.719	19.814	0	25.065
swarm_25_114.pdb	9.404	18.876	0	25.052
swarm_15_170.pdb	14.026	43.042	0	24.918
swarm_20_133.pdb	16.635	35.786	0.0428571	24.911
swarm_30_135.pdb	11.282	27.112	0.0571429	24.898
swarm_30_88.pdb	14.426	31.054	0	24.892
swarm_6_151.pdb	18.788	41.552	0	24.854
swarm_17_78.pdb	18.182	36.417	0	24.850
swarm_15_23.pdb	18.908	38.149	0	24.828
swarm_32_54.pdb	13.196	29.826	0	24.802
swarm_55_61.pdb	13.890	31.413	0	24.798
swarm_52_87.pdb	20.216	43.972	0	24.696
swarm_44_97.pdb	10.583	29.377	0.0142857	24.668
swarm_38_108.pdb	23.294	45.125	0	24.652
swarm_13_43.pdb	19.245	33.069	0	24.644
swarm_2_166.pdb	9.428	21.704	0.1	24.611
swarm_48_77.pdb	16.995	38.146	0	24.584
swarm_24_155.pdb	14.789	32.193	0	24.582
swarm_20_190.pdb	12.683	35.720	0.0571429	24.486
swarm_12_34.pdb	16.221	40.800	0	24.480
swarm_44_109.pdb	8.376	28.206	0.0428571	24.436
swarm_8_182.pdb	13.509	44.030	0	24.399
swarm_55_73.pdb	18.912	36.942	0	24.325
swarm_41_120.pdb	15.223	34.735	0	24.270
swarm_45_101.pdb	24.368	54.315	0	24.265
swarm_1_42.pdb	10.621	25.727	0.0142857	24.263
swarm_1_2.pdb	4.149	8.869	0.228571	24.260
swarm_32_6.pdb	14.750	36.863	0.0714286	24.124
swarm_33_124.pdb	22.224	49.476	0	24.090
swarm_25_10.pdb	16.541	28.952	0	24.088
swarm_24_9.pdb	12.057	37.012	0	24.080
swarm_29_126.pdb	20.483	47.506	0	24.075
swarm_53_100.pdb	13.348	32.582	0.0142857	24.066
swarm_40_9.pdb	20.811	39.053	0	24.029
swarm_31_73.pdb	15.195	30.680	0	24.018
swarm_11_168.pdb	18.178	33.207	0	24.008
swarm_13_29.pdb	12.159	23.022	0	23.989
swarm_24_176.pdb	17.496	35.481	0	23.976
swarm_2_101.pdb	18.851	32.111	0	23.908
swarm_53_145.pdb	19.319	44.949	0	23.905
swarm_53_27.pdb	21.790	44.743	0	23.884
swarm_29_89.pdb	18.738	34.059	0	23.825
swarm_53_152.pdb	20.989	44.130	0	23.824
swarm_38_66.pdb	16.613	38.753	0	23.823
swarm_32_66.pdb	9.198	26.768	0.0714286	23.818
swarm_19_152.pdb	18.921	41.650	0	23.814
swarm_9_153.pdb	16.947	34.469	0.0142857	23.811
swarm_55_163.pdb	21.605	41.834	0	23.799
swarm_43_66.pdb	17.587	39.398	0	23.785
swarm_1_82.pdb	16.790	32.819	0.0285714	23.771
swarm_15_69.pdb	16.129	32.246	0	23.754
swarm_52_71.pdb	16.790	30.629	0.0142857	23.741
swarm_36_14.pdb	20.974	45.234	0	23.727
swarm_33_86.pdb	21.464	45.767	0	23.707
swarm_22_15.pdb	14.772	42.785	0	23.682
swarm_7_20.pdb	16.381	44.745	0	23.654
swarm_41_0.pdb	18.356	43.062	0	23.649
swarm_44_150.pdb	16.293	37.861	0.0142857	23.599
swarm_14_47.pdb	18.448	29.271	0	23.594
swarm_14_195.pdb	16.191	33.001	0	23.551
swarm_29_151.pdb	21.420	45.170	0	23.525
swarm_27_180.pdb	14.719	30.468	0.0571429	23.498
swarm_1_144.pdb	16.020	42.590	0	23.465
swarm_55_46.pdb	9.968	29.898	0.0428571	23.454
swarm_33_52.pdb	16.991	44.065	0	23.400
swarm_2_199.pdb	16.841	32.406	0.0142857	23.390
swarm_15_51.pdb	11.088	30.109	0.0428571	23.385
swarm_20_131.pdb	14.692	30.043	0	23.358
swarm_43_103.pdb	18.819	42.500	0	23.354
swarm_16_52.pdb	12.909	21.473	0	23.334
swarm_32_16.pdb	13.460	37.202	0	23.326
swarm_18_131.pdb	16.456	33.496	0	23.252
swarm_8_136.pdb	17.291	49.008	0	23.205
swarm_38_19.pdb	15.162	32.781	0	23.201
swarm_29_134.pdb	9.177	28.861	0.114286	23.160
swarm_43_31.pdb	19.645	40.791	0	23.146
swarm_10_7.pdb	17.015	26.683	0	23.089
swarm_52_163.pdb	23.020	41.851	0	22.983
swarm_38_44.pdb	17.560	33.755	0.0428571	22.982
swarm_34_167.pdb	3.203	11.768	0.614286	22.959
swarm_0_159.pdb	16.053	43.072	0	22.950
swarm_31_150.pdb	18.260	30.438	0.0142857	22.933
swarm_15_35.pdb	19.607	46.326	0.0142857	22.848
swarm_45_71.pdb	15.075	36.483	0	22.829
swarm_32_185.pdb	17.883	31.981	0.0857143	22.802
swarm_47_193.pdb	20.864	38.113	0	22.785
swarm_40_92.pdb	18.212	36.399	0	22.766
swarm_21_53.pdb	16.729	36.112	0	22.761
swarm_55_88.pdb	17.554	36.238	0.0142857	22.738
swarm_35_132.pdb	20.679	44.005	0	22.658
swarm_41_187.pdb	16.814	30.948	0	22.631
swarm_35_150.pdb	19.378	43.305	0	22.626
swarm_14_127.pdb	17.345	28.017	0	22.618
swarm_5_65.pdb	16.912	36.995	0.0142857	22.611
swarm_2_163.pdb	19.792	34.852	0	22.610
swarm_29_72.pdb	22.837	41.057	0	22.561
swarm_45_130.pdb	22.294	43.083	0	22.500
swarm_39_81.pdb	18.422	29.510	0	22.488
swarm_2_83.pdb	18.782	31.999	0	22.482
swarm_28_27.pdb	22.250	40.384	0	22.446
swarm_45_27.pdb	21.110	43.359	0	22.397
swarm_55_60.pdb	20.323	44.042	0	22.375
swarm_52_84.pdb	15.384	47.620	0	22.374
swarm_22_179.pdb	21.104	48.459	0	22.359
swarm_20_170.pdb	17.676	39.625	0	22.343
swarm_44_138.pdb	19.900	45.803	0	22.322
swarm_14_93.pdb	16.399	28.994	0.0857143	22.304
swarm_1_110.pdb	20.573	37.977	0	22.276
swarm_52_192.pdb	9.292	18.065	0.0571429	22.273
swarm_19_198.pdb	16.051	35.308	0	22.259
swarm_49_130.pdb	17.148	48.328	0.0142857	22.241
swarm_6_169.pdb	17.315	36.291	0.0142857	22.236
swarm_10_92.pdb	20.154	45.548	0	22.232
swarm_22_44.pdb	17.116	38.303	0.0285714	22.225
swarm_48_10.pdb	20.152	44.072	0	22.218
swarm_42_68.pdb	22.253	47.871	0	22.193
swarm_50_70.pdb	19.341	42.581	0.0428571	22.184
swarm_22_79.pdb	16.226	37.936	0	22.176
swarm_52_187.pdb	20.317	36.951	0	22.134
swarm_19_96.pdb	18.362	44.195	0	22.134
swarm_6_69.pdb	20.497	36.718	0	22.125
swarm_34_111.pdb	17.560	30.506	0.114286	22.125
swarm_52_124.pdb	9.779	29.766	0.0428571	22.085
swarm_37_69.pdb	13.078	49.405	0	22.068
swarm_18_149.pdb	15.425	30.119	0.0428571	22.030
swarm_23_101.pdb	16.951	28.915	0.0285714	21.972
swarm_6_123.pdb	14.713	35.354	0.0285714	21.969
swarm_35_15.pdb	17.856	32.222	0	21.969
swarm_43_111.pdb	16.044	42.630	0	21.961
swarm_18_138.pdb	13.381	35.366	0	21.961
swarm_44_51.pdb	17.258	36.047	0	21.942
swarm_20_135.pdb	17.877	37.397	0	21.937
swarm_2_178.pdb	14.023	25.859	0	21.896
swarm_35_161.pdb	17.207	30.091	0	21.866
swarm_53_63.pdb	7.869	16.039	0.0714286	21.857
swarm_41_165.pdb	22.141	41.206	0	21.856
swarm_40_33.pdb	17.167	37.929	0	21.828
swarm_28_109.pdb	11.692	34.816	0.0142857	21.794
swarm_15_192.pdb	20.664	39.849	0	21.790
swarm_10_27.pdb	16.611	29.791	0	21.774
swarm_28_59.pdb	14.607	36.369	0	21.699
swarm_11_114.pdb	11.389	25.055	0	21.689
swarm_37_25.pdb	15.522	30.574	0.0142857	21.688
swarm_29_56.pdb	13.803	29.707	0.0142857	21.681
swarm_29_34.pdb	21.209	47.578	0	21.680
swarm_6_159.pdb	12.681	34.919	0.0142857	21.679
swarm_15_165.pdb	20.637	44.364	0	21.676
swarm_56_105.pdb	8.244	16.424	0.0428571	21.619
swarm_56_113.pdb	11.240	21.429	0.0571429	21.600
swarm_44_68.pdb	18.205	32.431	0	21.592
swarm_18_199.pdb	17.763	35.015	0	21.572
swarm_40_172.pdb	14.537	34.893	0	21.505
swarm_33_128.pdb	24.639	46.101	0	21.504
swarm_6_44.pdb	14.046	34.589	0	21.438
swarm_47_8.pdb	10.072	29.582	0.0428571	21.426
swarm_35_58.pdb	17.147	33.042	0.0428571	21.399
swarm_36_75.pdb	9.060	19.343	0.0285714	21.381
swarm_12_168.pdb	19.172	34.465	0.0142857	21.377
swarm_30_72.pdb	21.550	43.942	0	21.376
swarm_36_158.pdb	17.718	35.828	0	21.286
swarm_44_13.pdb	19.661	37.453	0	21.279
swarm_30_84.pdb	21.650	45.558	0	21.262
swarm_43_197.pdb	17.438	31.633	0	21.254
swarm_46_66.pdb	17.041	31.212	0.1	21.240
swarm_44_119.pdb	20.443	39.810	0	21.239
swarm_18_183.pdb	10.799	33.237	0	21.213
swarm_11_138.pdb	17.731	31.049	0.0714286	21.186
swarm_51_35.pdb	17.823	29.071	0.0857143	21.182
swarm_32_131.pdb	13.864	27.966	0.0571429	21.171
swarm_32_64.pdb	17.346	32.596	0.0428571	21.165
swarm_26_38.pdb	17.634	45.076	0.0428571	21.151
swarm_6_20.pdb	15.159	32.089	0	21.148
swarm_19_2.pdb	20.010	45.276	0	21.108
swarm_30_99.pdb	16.621	30.057	0.0285714	21.105
swarm_55_65.pdb	18.765	33.602	0	21.071
swarm_16_26.pdb	14.060	26.504	0	21.068
swarm_13_24.pdb	18.180	33.721	0.0571429	21.037
swarm_27_82.pdb	8.990	28.933	0.0285714	21.027
swarm_12_128.pdb	12.658	34.088	0	21.026
swarm_17_148.pdb	19.824	41.560	0	21.004
swarm_55_151.pdb	18.248	34.814	0	20.984
swarm_2_63.pdb	19.966	34.090	0	20.910
swarm_53_127.pdb	21.279	44.002	0.0142857	20.904
swarm_18_114.pdb	19.835	34.282	0	20.900
swarm_26_16.pdb	17.043	30.390	0.0428571	20.897
swarm_40_34.pdb	21.405	42.291	0	20.870
swarm_43_33.pdb	11.747	31.761	0.0714286	20.836
swarm_2_137.pdb	23.602	41.291	0	20.817
swarm_1_105.pdb	17.716	32.665	0.0285714	20.754
swarm_54_121.pdb	15.509	23.657	0	20.748
swarm_43_77.pdb	16.926	38.528	0	20.715
swarm_35_55.pdb	19.881	41.052	0	20.700
swarm_17_128.pdb	20.030	35.717	0	20.689
swarm_54_15.pdb	16.161	29.690	0	20.651
swarm_19_27.pdb	17.328	36.221	0.0428571	20.619
swarm_39_158.pdb	22.046	42.007	0	20.594
swarm_9_145.pdb	14.218	31.577	0	20.570
swarm_27_95.pdb	14.177	35.537	0	20.405
swarm_27_30.pdb	16.948	35.684	0	20.400
swarm_50_37.pdb	13.930	44.204	0.0142857	20.387
swarm_46_183.pdb	11.091	25.504	0.0285714	20.332
swarm_2_51.pdb	19.882	33.998	0	20.300
swarm_5_193.pdb	15.436	30.199	0	20.289
swarm_16_194.pdb	18.140	29.132	0	20.254
swarm_14_135.pdb	17.415	35.529	0	20.162
swarm_31_13.pdb	15.918	27.562	0	20.154
swarm_46_33.pdb	17.195	32.674	0	20.148
swarm_17_166.pdb	20.019	39.852	0	20.121
swarm_35_36.pdb	14.183	31.781	0.0142857	20.102
swarm_1_45.pdb	20.552	38.331	0	20.047
swarm_44_19.pdb	17.840	36.933	0	20.039
swarm_56_124.pdb	15.795	25.055	0	19.970
swarm_40_74.pdb	19.485	44.809	0	19.932
swarm_27_176.pdb	12.683	28.109	0.0714286	19.899
swarm_44_42.pdb	15.686	29.794	0.0571429	19.838
swarm_32_157.pdb	14.402	33.169	0	19.781
swarm_36_73.pdb	21.563	41.145	0	19.709
swarm_6_113.pdb	15.378	33.285	0	19.680
swarm_53_174.pdb	15.256	28.557	0.128571	19.601
swarm_8_23.pdb	20.701	48.867	0	19.584
swarm_45_69.pdb	19.663	43.395	0	19.577
swarm_53_73.pdb	21.480	53.523	0	19.541
swarm_16_136.pdb	15.579	28.232	0	19.418
swarm_32_21.pdb	12.645	30.653	0.0714286	19.297
swarm_44_89.pdb	14.724	29.234	0	19.252
swarm_29_193.pdb	19.510	44.969	0	19.240
swarm_56_27.pdb	22.121	38.025	0	19.134
swarm_41_91.pdb	23.443	46.462	0	19.068
swarm_53_189.pdb	22.107	37.710	0	19.043
swarm_1_179.pdb	17.223	31.214	0	19.033
swarm_43_79.pdb	16.050	42.631	0	19.023
swarm_34_169.pdb	17.841	37.758	0	18.952
swarm_19_44.pdb	12.968	29.142	0.0285714	18.930
swarm_2_12.pdb	8.960	21.733	0.1	18.910
swarm_30_71.pdb	20.823	46.644	0	18.846
swarm_54_110.pdb	20.286	46.005	0	18.812
swarm_23_147.pdb	18.104	30.855	0	18.773
swarm_7_129.pdb	23.086	50.969	0	18.767
swarm_15_13.pdb	19.198	35.009	0.0142857	18.700
swarm_46_124.pdb	10.325	30.795	0.1	18.683
swarm_46_126.pdb	17.540	36.599	0	18.635
swarm_46_163.pdb	16.717	40.455	0	18.609
swarm_34_85.pdb	17.508	30.795	0.0857143	18.582
swarm_56_159.pdb	19.203	30.523	0	18.580
swarm_12_34.pdb	17.734	34.701	0.0142857	18.556
swarm_46_91.pdb	14.814	32.004	0	18.521
swarm_45_42.pdb	19.943	39.869	0	18.397
swarm_47_46.pdb	21.303	37.922	0	18.388
swarm_7_147.pdb	21.919	45.501	0	18.381
swarm_32_161.pdb	13.282	27.881	0	18.305
swarm_46_39.pdb	12.090	31.280	0	18.290
swarm_32_167.pdb	15.080	26.204	0	18.288
swarm_27_118.pdb	17.331	38.201	0	18.254
swarm_7_118.pdb	19.572	45.480	0	18.231
swarm_6_112.pdb	18.446	29.283	0	18.134
swarm_10_114.pdb	16.411	29.701	0	18.062
swarm_6_159.pdb	10.750	33.217	0	18.031
swarm_27_19.pdb	20.576	41.363	0	18.007
swarm_7_176.pdb	17.668	38.163	0	17.963
swarm_18_64.pdb	18.394	38.818	0	17.902
swarm_11_31.pdb	19.442	33.022	0	17.890
swarm_1_69.pdb	18.767	39.965	0	17.670
swarm_32_92.pdb	17.479	38.648	0.0142857	17.656
swarm_12_96.pdb	18.167	36.319	0	17.633
swarm_17_96.pdb	14.325	31.682	0.0142857	17.632
swarm_1_80.pdb	18.199	34.710	0	17.596
swarm_24_32.pdb	16.606	43.203	0	17.555
swarm_34_58.pdb	16.233	33.131	0	17.408
swarm_9_67.pdb	16.296	32.913	0.0428571	17.324
swarm_55_86.pdb	21.548	38.795	0	17.302
swarm_16_12.pdb	19.446	33.953	0	17.280
swarm_41_51.pdb	11.301	34.153	0	17.201
swarm_18_168.pdb	20.256	36.643	0	17.055
swarm_4_177.pdb	21.869	42.056	0	16.855
swarm_9_78.pdb	19.519	36.612	0	16.848
swarm_34_153.pdb	14.835	28.590	0	16.833
swarm_26_77.pdb	19.356	31.508	0	16.770
swarm_15_61.pdb	19.088	35.435	0	16.716
swarm_6_29.pdb	17.769	36.423	0	16.687
swarm_47_138.pdb	21.017	38.446	0	16.664
swarm_13_89.pdb	15.979	33.272	0	16.614
swarm_4_186.pdb	11.420	32.845	0.0428571	16.547
swarm_19_126.pdb	18.757	43.078	0	16.361
swarm_21_189.pdb	17.019	28.777	0.0142857	16.306
swarm_29_39.pdb	5.553	19.733	0.0857143	16.281
swarm_31_16.pdb	15.373	28.593	0.0571429	16.269
swarm_32_199.pdb	13.036	29.187	0	16.144
swarm_45_59.pdb	21.922	46.846	0.0142857	16.047
swarm_14_71.pdb	17.522	31.344	0.0428571	16.009
swarm_54_84.pdb	13.881	22.417	0.0142857	15.884
swarm_16_72.pdb	16.706	28.501	0.0142857	15.801
swarm_53_74.pdb	20.194	34.061	0	15.774
swarm_19_141.pdb	18.165	40.371	0	15.695
swarm_19_136.pdb	17.689	32.473	0	15.676
swarm_2_49.pdb	20.236	36.554	0	15.661
swarm_17_83.pdb	20.286	34.527	0	15.581
swarm_46_115.pdb	19.254	34.109	0	15.543
swarm_54_145.pdb	10.749	23.535	0.0857143	15.483
swarm_36_197.pdb	11.121	34.375	0	15.384
swarm_44_107.pdb	19.187	39.907	0.0285714	15.313
swarm_46_75.pdb	19.067	33.065	0	15.277
swarm_51_131.pdb	13.320	21.560	0	15.276
swarm_50_163.pdb	15.667	41.188	0	15.169
swarm_36_25.pdb	19.720	41.628	0	15.165
swarm_42_179.pdb	19.268	40.073	0	15.132
swarm_1_70.pdb	14.052	30.274	0	15.104
swarm_45_146.pdb	20.126	38.405	0	15.061
swarm_16_34.pdb	16.471	24.489	0	14.917
swarm_38_116.pdb	17.640	30.216	0	14.843
swarm_17_178.pdb	15.100	34.433	0.0142857	14.833
swarm_15_133.pdb	16.278	38.452	0	14.716
swarm_2_58.pdb	17.256	30.932	0	14.641
swarm_35_103.pdb	18.423	30.661	0	14.476
swarm_52_178.pdb	12.420	29.005	0.0571429	14.474
swarm_19_149.pdb	17.193	38.099	0	14.382
swarm_44_71.pdb	16.853	35.194	0	14.329
swarm_35_33.pdb	15.190	29.547	0.0285714	14.323
swarm_0_121.pdb	18.461	43.437	0	14.294
swarm_3_129.pdb	11.711	34.640	0	14.271
swarm_31_12.pdb	18.537	34.208	0	14.000
swarm_55_66.pdb	15.458	36.220	0	13.959
swarm_18_37.pdb	9.765	33.809	0	13.510
swarm_34_30.pdb	12.153	29.470	0.0714286	13.400
swarm_23_108.pdb	18.509	32.166	0	13.342
swarm_34_192.pdb	17.264	33.946	0	12.840
swarm_12_137.pdb	17.415	30.599	0	12.737
swarm_44_71.pdb	8.852	18.278	0	12.712
swarm_44_80.pdb	19.680	36.640	0	12.693
swarm_44_85.pdb	20.616	39.146	0	12.604
swarm_41_30.pdb	17.450	36.335	0	12.528
swarm_0_133.pdb	19.647	37.890	0	12.423
swarm_15_77.pdb	12.339	19.016	0	12.287
swarm_54_179.pdb	14.165	26.555	0	12.251
swarm_16_186.pdb	17.435	29.716	0	12.106
swarm_52_24.pdb	15.234	27.777	0	11.989
swarm_44_0.pdb	18.514	35.806	0	11.870
swarm_18_35.pdb	20.042	33.880	0	11.756
swarm_34_130.pdb	16.925	30.813	0.0714286	11.717
swarm_23_139.pdb	17.034	34.042	0	11.492
swarm_41_79.pdb	15.454	32.382	0.0571429	11.150
swarm_40_97.pdb	21.479	41.126	0	11.050
swarm_27_38.pdb	8.088	20.659	0.0571429	10.974
swarm_46_37.pdb	11.395	25.682	0.0571429	10.856
swarm_52_188.pdb	19.791	38.866	0	10.846
swarm_27_1.pdb	14.602	35.753	0	10.805
swarm_32_168.pdb	22.258	42.843	0	10.790
swarm_40_117.pdb	17.567	30.656	0.0142857	10.664
swarm_53_103.pdb	16.646	27.811	0.0857143	10.311
swarm_13_192.pdb	13.051	28.594	0.0142857	10.068
swarm_42_74.pdb	20.999	49.156	0	9.746
swarm_16_156.pdb	18.484	31.872	0.0142857	9.633
swarm_34_167.pdb	15.814	40.553	0	9.393
swarm_40_149.pdb	10.359	20.427	0	9.148
swarm_39_53.pdb	19.851	43.367	0.0285714	8.969
swarm_15_143.pdb	10.160	26.285	0	8.727
swarm_43_158.pdb	18.457	39.484	0	8.126
swarm_45_38.pdb	11.234	36.378	0	8.125
swarm_34_142.pdb	7.876	23.530	0.171429	7.283
swarm_4_28.pdb	13.492	38.256	0	7.220
swarm_10_129.pdb	13.528	25.246	0	7.178
swarm_16_143.pdb	18.127	30.584	0	6.730
swarm_32_175.pdb	18.989	38.184	0	6.519
swarm_45_50.pdb	15.023	40.682	0.0714286	6.163
swarm_52_100.pdb	15.750	32.424	0	6.146
swarm_48_14.pdb	18.625	39.966	0.0285714	6.047
swarm_22_185.pdb	17.835	37.618	0	5.656
swarm_36_179.pdb	19.732	43.071	0.0714286	5.501
swarm_15_190.pdb	20.838	41.091	0.0285714	5.159
swarm_47_42.pdb	19.824	34.653	0	5.120
swarm_21_100.pdb	13.154	31.442	0	4.704
swarm_41_150.pdb	17.057	32.531	0	4.694
swarm_34_181.pdb	17.837	43.183	0	4.273
swarm_7_46.pdb	13.813	36.293	0	4.226
swarm_13_59.pdb	17.036	27.554	0	4.224
swarm_6_81.pdb	7.745	28.277	0.0571429	3.599
swarm_39_19.pdb	15.690	39.391	0	3.331
swarm_34_109.pdb	17.450	31.960	0.0428571	2.042
swarm_52_37.pdb	15.069	36.549	0	1.029
swarm_48_1.pdb	17.342	36.417	0	0.818
swarm_38_58.pdb	8.743	15.267	0.0428571	0.527
swarm_47_188.pdb	20.280	42.280	0	0.210
