swarm_226_110.pdb	13.316	46.493	0	21.747
swarm_321_154.pdb	13.276	45.699	0	21.164
swarm_349_142.pdb	10.322	19.664	0	20.442
swarm_207_48.pdb	10.316	19.448	0	20.054
swarm_251_52.pdb	8.778	18.961	0	19.982
swarm_319_126.pdb	10.993	43.562	0	19.936
swarm_328_187.pdb	14.410	47.658	0	19.519
swarm_390_15.pdb	8.800	19.954	0	19.304
swarm_210_121.pdb	10.714	19.746	0	18.960
swarm_287_135.pdb	11.242	33.670	0	18.861
swarm_134_118.pdb	9.625	21.329	0.105263	18.684
swarm_234_167.pdb	11.441	43.050	0	18.281
swarm_209_91.pdb	11.230	23.747	0	18.084
swarm_376_167.pdb	13.674	51.257	0	18.069
swarm_61_186.pdb	8.326	19.326	0.0526316	17.951
swarm_210_1.pdb	8.481	18.820	0	17.951
swarm_394_21.pdb	10.174	20.145	0	17.935
swarm_291_12.pdb	12.860	46.581	0	17.924
swarm_147_166.pdb	9.628	33.214	0.0526316	17.923
swarm_106_34.pdb	10.956	38.139	0	17.918
swarm_61_104.pdb	9.446	18.592	0.0526316	17.902
swarm_165_110.pdb	7.229	26.947	0.210526	17.803
swarm_138_91.pdb	10.068	19.513	0	17.714
swarm_297_127.pdb	6.221	27.245	0.210526	17.599
swarm_208_114.pdb	9.682	19.691	0.105263	17.593
swarm_157_66.pdb	10.286	20.612	0	17.552
swarm_35_169.pdb	10.014	20.090	0	17.507
swarm_61_37.pdb	10.734	22.641	0	17.481
swarm_139_113.pdb	9.830	18.920	0	17.472
swarm_210_62.pdb	8.419	20.734	0	17.453
swarm_94_41.pdb	9.124	30.757	0	17.421
swarm_210_29.pdb	9.593	21.427	0.157895	17.387
swarm_302_154.pdb	10.217	40.051	0	17.350
swarm_2_82.pdb	8.750	30.348	0	17.325
swarm_136_98.pdb	9.038	20.441	0	17.320
swarm_69_35.pdb	10.662	20.844	0	17.306
swarm_64_15.pdb	10.678	28.118	0	17.217
swarm_221_162.pdb	12.422	48.071	0	17.214
swarm_62_57.pdb	10.766	22.348	0	17.176
swarm_270_88.pdb	8.555	29.625	0.0526316	17.086
swarm_391_138.pdb	8.559	17.954	0	17.000
swarm_8_82.pdb	11.080	37.281	0	16.977
swarm_208_144.pdb	10.263	21.468	0	16.955
swarm_207_142.pdb	10.490	21.352	0	16.953
swarm_251_57.pdb	6.900	25.613	0.263158	16.941
swarm_262_54.pdb	8.964	26.589	0	16.893
swarm_66_168.pdb	8.788	20.494	0	16.800
swarm_139_114.pdb	9.494	20.375	0	16.691
swarm_7_55.pdb	7.317	28.590	0.105263	16.660
swarm_214_160.pdb	8.995	16.940	0	16.622
swarm_397_108.pdb	9.233	17.252	0	16.597
swarm_394_181.pdb	10.794	23.097	0	16.591
swarm_24_181.pdb	11.821	50.127	0	16.586
swarm_389_114.pdb	10.187	20.076	0	16.574
swarm_268_146.pdb	9.076	18.486	0	16.566
swarm_268_60.pdb	9.346	18.868	0	16.507
swarm_93_69.pdb	10.426	26.012	0.0526316	16.486
swarm_284_114.pdb	6.581	17.552	0.0526316	16.381
swarm_253_134.pdb	9.189	29.107	0	16.370
swarm_134_116.pdb	11.231	21.896	0	16.327
swarm_209_8.pdb	9.548	21.686	0	16.323
swarm_5_193.pdb	9.311	18.564	0.0526316	16.305
swarm_250_66.pdb	7.955	19.120	0	16.279
swarm_299_80.pdb	12.699	33.021	0	16.277
swarm_350_100.pdb	8.039	19.280	0.105263	16.259
swarm_213_140.pdb	10.591	22.128	0	16.197
swarm_294_166.pdb	9.698	28.739	0.0526316	16.109
swarm_193_125.pdb	13.323	46.781	0	16.060
swarm_284_59.pdb	8.054	17.222	0	15.969
swarm_157_40.pdb	10.282	24.738	0	15.969
swarm_361_171.pdb	9.894	19.466	0	15.963
swarm_392_37.pdb	11.970	23.262	0	15.931
swarm_399_22.pdb	10.039	18.606	0	15.929
swarm_250_90.pdb	10.171	21.057	0	15.904
swarm_391_87.pdb	9.217	18.824	0	15.891
swarm_211_166.pdb	9.854	19.848	0	15.885
swarm_217_106.pdb	12.541	41.599	0	15.867
swarm_141_184.pdb	9.658	18.290	0	15.806
swarm_391_38.pdb	11.338	22.594	0	15.795
swarm_309_36.pdb	13.703	48.907	0	15.788
swarm_334_197.pdb	13.857	53.751	0	15.765
swarm_328_81.pdb	11.575	48.080	0	15.745
swarm_211_153.pdb	10.071	18.337	0	15.745
swarm_274_134.pdb	11.524	45.161	0	15.701
swarm_137_126.pdb	12.378	24.737	0	15.700
swarm_307_193.pdb	11.137	43.009	0	15.672
swarm_207_23.pdb	7.027	16.750	0	15.672
swarm_369_150.pdb	9.183	28.669	0.0526316	15.665
swarm_390_24.pdb	11.680	24.401	0	15.630
swarm_57_57.pdb	6.892	20.299	0.105263	15.587
swarm_284_159.pdb	8.692	18.831	0.263158	15.566
swarm_61_80.pdb	7.584	18.861	0.105263	15.553
swarm_295_133.pdb	7.039	23.406	0.105263	15.548
swarm_155_134.pdb	9.501	27.922	0	15.546
swarm_253_167.pdb	8.577	24.145	0	15.514
swarm_69_130.pdb	11.303	24.917	0	15.503
swarm_333_135.pdb	9.819	37.280	0.210526	15.470
swarm_137_7.pdb	6.122	19.233	0	15.457
swarm_142_89.pdb	9.623	33.147	0.105263	15.432
swarm_71_87.pdb	8.893	25.787	0	15.384
swarm_393_34.pdb	7.201	22.155	0	15.372
swarm_366_117.pdb	9.823	33.806	0	15.368
swarm_73_116.pdb	10.931	23.211	0	15.348
swarm_341_163.pdb	9.073	33.904	0.0526316	15.311
swarm_290_144.pdb	9.171	33.270	0	15.251
swarm_240_53.pdb	10.611	41.532	0	15.233
swarm_96_185.pdb	11.978	36.125	0	15.203
swarm_378_118.pdb	9.429	18.459	0	15.195
swarm_69_176.pdb	8.677	17.314	0	15.148
swarm_124_140.pdb	9.607	29.661	0	15.127
swarm_378_86.pdb	8.199	16.672	0.0526316	15.092
swarm_7_97.pdb	9.701	24.245	0	15.075
swarm_279_113.pdb	6.246	17.286	0.157895	15.048
swarm_273_84.pdb	9.481	33.452	0	15.046
swarm_349_31.pdb	8.217	16.864	0.0526316	15.015
swarm_138_79.pdb	9.826	19.457	0	15.008
swarm_161_113.pdb	7.042	20.850	0	14.984
swarm_369_64.pdb	9.160	29.562	0	14.976
swarm_213_130.pdb	9.767	18.376	0.0526316	14.956
swarm_140_19.pdb	10.087	21.103	0	14.909
swarm_337_151.pdb	4.672	16.968	0.368421	14.891
swarm_207_193.pdb	9.706	20.856	0	14.877
swarm_84_193.pdb	7.510	25.211	0.157895	14.854
swarm_301_86.pdb	6.982	24.132	0	14.839
swarm_167_112.pdb	11.836	39.241	0	14.812
swarm_137_186.pdb	10.259	24.847	0	14.782
swarm_207_191.pdb	6.606	21.779	0.105263	14.770
swarm_65_63.pdb	10.264	19.672	0	14.759
swarm_82_69.pdb	6.966	24.806	0.157895	14.719
swarm_67_62.pdb	9.359	24.256	0	14.716
swarm_63_156.pdb	8.596	18.798	0	14.665
swarm_46_65.pdb	10.578	19.190	0.0526316	14.657
swarm_68_62.pdb	7.382	20.173	0.0526316	14.639
swarm_230_16.pdb	11.592	32.816	0	14.632
swarm_35_83.pdb	6.626	17.642	0.0526316	14.629
swarm_211_115.pdb	8.801	21.434	0	14.526
swarm_232_162.pdb	8.658	33.092	0	14.499
swarm_250_108.pdb	7.329	20.619	0.0526316	14.473
swarm_277_151.pdb	9.084	34.677	0.0526316	14.458
swarm_397_101.pdb	8.662	18.790	0.0526316	14.442
swarm_97_39.pdb	11.323	29.722	0	14.423
swarm_368_142.pdb	7.724	22.665	0.157895	14.416
swarm_364_168.pdb	8.448	21.148	0	14.414
swarm_79_91.pdb	8.415	23.549	0.210526	14.413
swarm_207_100.pdb	11.104	20.519	0	14.413
swarm_33_97.pdb	14.528	54.474	0	14.398
swarm_89_15.pdb	7.359	23.223	0.210526	14.352
swarm_15_103.pdb	9.236	27.468	0	14.318
swarm_71_138.pdb	8.793	21.914	0	14.315
swarm_27_40.pdb	11.967	34.751	0	14.310
swarm_210_54.pdb	6.794	14.235	0.263158	14.309
swarm_272_125.pdb	9.464	33.776	0	14.307
swarm_72_121.pdb	6.834	14.620	0	14.296
swarm_46_4.pdb	5.950	12.175	0.0526316	14.281
swarm_361_153.pdb	4.280	13.902	0.210526	14.274
swarm_350_158.pdb	7.693	22.190	0	14.249
swarm_251_43.pdb	10.376	22.242	0	14.243
swarm_365_46.pdb	8.552	18.934	0	14.195
swarm_66_14.pdb	10.028	21.853	0	14.181
swarm_139_117.pdb	8.505	15.585	0	14.145
swarm_140_66.pdb	8.432	19.909	0.105263	14.124
swarm_208_122.pdb	8.054	22.009	0	14.118
swarm_378_190.pdb	8.434	17.410	0	14.112
swarm_349_122.pdb	10.642	23.441	0	14.091
swarm_161_115.pdb	9.542	28.729	0	14.041
swarm_347_67.pdb	13.762	54.844	0	14.029
swarm_79_65.pdb	10.475	32.091	0	14.018
swarm_218_101.pdb	11.358	45.027	0	14.003
swarm_74_88.pdb	7.841	24.525	0.105263	13.974
swarm_109_55.pdb	10.975	38.567	0	13.974
swarm_290_24.pdb	7.373	21.837	0	13.963
swarm_153_30.pdb	10.532	22.873	0	13.939
swarm_61_106.pdb	8.089	18.132	0.0526316	13.886
swarm_210_119.pdb	9.463	22.207	0	13.877
swarm_146_118.pdb	8.113	36.551	0.105263	13.863
swarm_273_30.pdb	9.096	28.890	0.0526316	13.842
swarm_241_50.pdb	10.404	37.092	0	13.826
swarm_284_2.pdb	7.020	15.628	0.263158	13.797
swarm_301_97.pdb	6.046	15.897	0	13.742
swarm_314_178.pdb	10.049	23.866	0.0526316	13.729
swarm_140_123.pdb	7.344	18.533	0.0526316	13.720
swarm_231_133.pdb	9.751	23.723	0.105263	13.711
swarm_101_102.pdb	11.065	33.912	0.105263	13.680
swarm_70_99.pdb	8.678	29.112	0.157895	13.663
swarm_287_110.pdb	5.853	22.273	0.157895	13.608
swarm_79_149.pdb	9.869	22.375	0.157895	13.597
swarm_392_153.pdb	7.865	23.375	0	13.581
swarm_199_94.pdb	12.476	49.697	0	13.549
swarm_266_36.pdb	13.464	40.514	0	13.539
swarm_273_79.pdb	8.449	30.598	0.105263	13.527
swarm_349_93.pdb	10.707	22.546	0.0526316	13.513
swarm_139_195.pdb	8.499	19.785	0.210526	13.477
swarm_5_187.pdb	8.395	15.912	0	13.453
swarm_101_112.pdb	8.661	20.706	0	13.445
swarm_335_143.pdb	9.309	35.580	0	13.442
swarm_8_120.pdb	8.113	32.079	0	13.405
swarm_81_59.pdb	8.768	18.859	0	13.344
swarm_112_140.pdb	10.695	34.634	0	13.322
swarm_124_73.pdb	8.659	38.183	0.105263	13.311
swarm_399_15.pdb	9.337	22.722	0	13.303
swarm_141_91.pdb	6.288	15.272	0	13.276
swarm_142_36.pdb	7.822	26.799	0	13.263
swarm_362_34.pdb	10.717	24.331	0	13.262
swarm_391_175.pdb	9.699	19.300	0.0526316	13.261
swarm_158_38.pdb	9.729	25.390	0.105263	13.254
swarm_156_88.pdb	10.866	27.572	0	13.250
swarm_253_150.pdb	9.294	20.823	0	13.247
swarm_142_32.pdb	8.847	34.406	0	13.234
swarm_58_191.pdb	14.852	57.703	0	13.214
swarm_200_29.pdb	15.477	48.357	0	13.197
swarm_63_26.pdb	9.583	30.281	0	13.125
swarm_62_178.pdb	9.559	19.269	0	13.093
swarm_390_95.pdb	10.417	23.073	0.105263	13.069
swarm_220_139.pdb	11.411	46.413	0	13.067
swarm_312_34.pdb	4.665	13.762	0.263158	13.066
swarm_123_175.pdb	11.473	44.220	0	13.058
swarm_7_32.pdb	7.796	18.822	0.210526	13.050
swarm_19_112.pdb	8.909	22.181	0.0526316	13.038
swarm_166_107.pdb	13.937	45.616	0	13.034
swarm_388_39.pdb	14.269	56.586	0	13.009
swarm_66_166.pdb	6.457	21.178	0	12.980
swarm_89_25.pdb	8.436	22.522	0	12.952
swarm_120_29.pdb	11.168	45.873	0	12.903
swarm_284_164.pdb	4.679	12.503	0.263158	12.896
swarm_350_157.pdb	10.336	26.860	0.157895	12.849
swarm_337_105.pdb	10.836	29.074	0.105263	12.847
swarm_213_127.pdb	10.333	22.430	0	12.847
swarm_361_27.pdb	8.051	21.701	0	12.843
swarm_163_123.pdb	11.397	31.255	0	12.835
swarm_147_92.pdb	10.720	41.959	0	12.825
swarm_214_43.pdb	9.419	15.825	0	12.797
swarm_257_194.pdb	7.953	21.537	0.105263	12.779
swarm_394_59.pdb	9.178	20.149	0	12.762
swarm_312_41.pdb	7.104	16.030	0.263158	12.750
swarm_161_18.pdb	10.229	22.787	0	12.744
swarm_234_28.pdb	8.893	34.750	0.105263	12.730
swarm_161_134.pdb	10.270	23.633	0	12.693
swarm_312_196.pdb	8.513	18.878	0.210526	12.645
swarm_58_155.pdb	13.537	55.457	0	12.644
swarm_139_4.pdb	8.006	16.812	0.105263	12.633
swarm_4_53.pdb	8.031	28.563	0	12.619
swarm_279_41.pdb	9.523	27.756	0	12.613
swarm_139_178.pdb	2.373	5.393	0.842105	12.612
swarm_175_51.pdb	12.917	40.037	0	12.607
swarm_72_111.pdb	8.494	24.849	0	12.590
swarm_139_35.pdb	9.777	24.793	0.0526316	12.590
swarm_127_59.pdb	13.592	55.723	0	12.566
swarm_265_65.pdb	10.948	26.388	0	12.559
swarm_211_15.pdb	10.366	21.361	0.105263	12.536
swarm_62_104.pdb	8.692	17.462	0	12.517
swarm_396_122.pdb	8.712	22.027	0	12.516
swarm_191_97.pdb	10.223	37.880	0	12.512
swarm_312_33.pdb	8.908	21.305	0	12.503
swarm_194_95.pdb	12.658	52.284	0	12.501
swarm_11_182.pdb	9.435	18.506	0.0526316	12.498
swarm_362_17.pdb	9.131	17.032	0.0526316	12.481
swarm_11_91.pdb	9.791	21.798	0	12.444
swarm_284_181.pdb	5.583	12.910	0.0526316	12.439
swarm_46_132.pdb	3.529	10.586	0.263158	12.421
swarm_5_182.pdb	3.392	10.503	0.368421	12.415
swarm_63_69.pdb	7.670	16.961	0	12.405
swarm_82_122.pdb	7.599	21.710	0	12.391
swarm_397_65.pdb	10.549	20.061	0.0526316	12.348
swarm_380_166.pdb	14.590	55.473	0	12.313
swarm_57_29.pdb	6.417	19.623	0.157895	12.297
swarm_214_142.pdb	9.239	21.230	0.105263	12.288
swarm_23_162.pdb	10.041	25.451	0.105263	12.275
swarm_363_106.pdb	8.647	17.860	0	12.273
swarm_46_192.pdb	10.159	17.985	0	12.258
swarm_47_143.pdb	9.931	41.390	0	12.232
swarm_252_74.pdb	9.071	22.448	0	12.184
swarm_378_91.pdb	9.563	18.356	0.157895	12.170
swarm_137_14.pdb	11.859	32.008	0.210526	12.161
swarm_181_60.pdb	9.493	41.252	0	12.128
swarm_365_170.pdb	3.934	13.090	0.157895	12.126
swarm_268_56.pdb	10.305	18.652	0	12.100
swarm_353_101.pdb	10.557	38.052	0	12.085
swarm_356_32.pdb	13.725	55.459	0	12.082
swarm_108_29.pdb	12.498	39.983	0	12.054
swarm_361_23.pdb	7.958	15.718	0	12.020
swarm_369_167.pdb	6.379	22.866	0.105263	12.011
swarm_5_10.pdb	8.598	19.539	0.315789	11.990
swarm_65_17.pdb	10.768	22.323	0	11.977
swarm_365_59.pdb	10.982	22.877	0.0526316	11.933
swarm_253_190.pdb	5.320	20.365	0.263158	11.902
swarm_397_1.pdb	7.355	14.058	0	11.892
swarm_378_181.pdb	10.072	17.755	0.105263	11.841
swarm_68_137.pdb	4.450	14.985	0.157895	11.811
swarm_89_88.pdb	8.174	30.440	0	11.808
swarm_219_22.pdb	9.230	18.583	0	11.799
swarm_62_44.pdb	6.295	11.837	0.157895	11.785
swarm_81_139.pdb	8.453	16.909	0	11.773
swarm_362_59.pdb	8.141	21.186	0.157895	11.740
swarm_72_138.pdb	10.156	32.342	0.0526316	11.735
swarm_361_105.pdb	9.522	17.727	0.105263	11.704
swarm_22_174.pdb	9.308	26.211	0.157895	11.695
swarm_65_194.pdb	5.965	14.515	0	11.676
swarm_84_144.pdb	9.728	20.727	0	11.674
swarm_323_6.pdb	12.932	35.648	0	11.668
swarm_301_144.pdb	10.204	24.135	0.0526316	11.640
swarm_208_67.pdb	9.592	18.453	0.210526	11.599
swarm_365_125.pdb	10.710	23.465	0	11.587
swarm_95_124.pdb	8.737	36.332	0.0526316	11.542
swarm_237_71.pdb	10.334	45.525	0	11.534
swarm_208_72.pdb	10.772	20.138	0.157895	11.533
swarm_60_195.pdb	14.283	51.578	0	11.528
swarm_28_154.pdb	11.849	34.936	0	11.521
swarm_357_83.pdb	9.519	33.622	0	11.518
swarm_168_52.pdb	10.523	39.906	0	11.506
swarm_57_174.pdb	10.149	17.104	0.0526316	11.493
swarm_268_64.pdb	7.028	16.632	0.157895	11.454
swarm_389_112.pdb	2.988	4.939	0.315789	11.443
swarm_197_3.pdb	13.310	51.283	0	11.427
swarm_14_110.pdb	11.060	45.307	0	11.407
swarm_68_153.pdb	3.950	7.560	0.315789	11.377
swarm_213_23.pdb	9.104	15.834	0	11.363
swarm_219_183.pdb	8.187	18.627	0.105263	11.346
swarm_126_39.pdb	12.945	49.884	0	11.326
swarm_71_85.pdb	10.076	37.375	0	11.304
swarm_399_50.pdb	8.106	15.603	0	11.302
swarm_290_192.pdb	12.626	33.457	0.157895	11.302
swarm_229_99.pdb	13.830	54.029	0	11.298
swarm_101_53.pdb	5.696	19.893	0.105263	11.286
swarm_277_19.pdb	8.338	33.998	0	11.283
swarm_378_178.pdb	3.544	7.661	0.368421	11.198
swarm_219_34.pdb	8.816	26.812	0.0526316	11.193
swarm_198_155.pdb	13.678	53.690	0	11.190
swarm_46_86.pdb	10.451	17.575	0	11.171
swarm_87_47.pdb	10.895	23.658	0	11.133
swarm_399_84.pdb	6.758	14.418	0.210526	11.129
swarm_372_54.pdb	10.222	43.430	0	11.093
swarm_172_139.pdb	9.167	35.910	0	11.062
swarm_90_13.pdb	8.790	18.309	0.105263	11.050
swarm_378_30.pdb	9.968	17.840	0	11.029
swarm_397_4.pdb	7.736	18.476	0.105263	11.002
swarm_46_155.pdb	8.027	16.158	0	10.984
swarm_230_64.pdb	7.601	22.104	0	10.933
swarm_399_132.pdb	9.454	15.916	0.105263	10.884
swarm_138_8.pdb	9.843	16.392	0	10.859
swarm_212_0.pdb	8.856	29.965	0	10.849
swarm_265_83.pdb	6.850	27.986	0.0526316	10.846
swarm_340_75.pdb	9.233	23.897	0	10.834
swarm_135_155.pdb	9.703	21.682	0	10.834
swarm_364_174.pdb	4.187	15.695	0.263158	10.817
swarm_394_27.pdb	9.126	28.988	0	10.803
swarm_2_24.pdb	11.035	24.842	0	10.795
swarm_2_189.pdb	10.230	24.603	0	10.730
swarm_81_191.pdb	7.156	15.542	0	10.707
swarm_153_13.pdb	10.553	26.951	0.0526316	10.682
swarm_68_161.pdb	8.567	15.923	0.0526316	10.681
swarm_211_47.pdb	9.297	16.041	0	10.674
swarm_15_191.pdb	6.332	23.934	0.105263	10.602
swarm_366_39.pdb	10.692	41.884	0	10.588
swarm_285_198.pdb	10.329	24.722	0.0526316	10.541
swarm_340_129.pdb	12.376	40.658	0	10.395
swarm_349_88.pdb	8.487	18.514	0	10.328
swarm_362_48.pdb	9.263	18.080	0	10.326
swarm_113_133.pdb	8.091	21.689	0.105263	10.311
swarm_362_107.pdb	9.858	18.141	0.0526316	10.290
swarm_397_66.pdb	10.258	17.803	0.0526316	10.286
swarm_10_177.pdb	11.199	43.294	0	10.268
swarm_396_47.pdb	10.519	24.076	0.0526316	10.263
swarm_389_88.pdb	9.333	18.713	0.157895	10.218
swarm_345_157.pdb	14.976	58.830	0	10.187
swarm_84_116.pdb	10.548	25.885	0	10.181
swarm_35_35.pdb	7.960	14.750	0	10.145
swarm_79_29.pdb	8.583	27.226	0	10.127
swarm_172_167.pdb	7.031	23.707	0	10.103
swarm_204_32.pdb	13.145	51.122	0	10.101
swarm_57_158.pdb	10.003	18.456	0	10.066
swarm_46_67.pdb	9.188	16.555	0.0526316	10.065
swarm_5_23.pdb	5.448	10.931	0.105263	10.012
swarm_5_170.pdb	4.844	10.202	0.263158	10.006
swarm_378_94.pdb	9.234	21.096	0.157895	10.003
swarm_68_48.pdb	9.149	16.268	0.157895	10.002
swarm_235_56.pdb	14.398	59.059	0	9.977
swarm_312_79.pdb	9.394	16.581	0	9.947
swarm_301_80.pdb	8.368	19.822	0.105263	9.904
swarm_389_18.pdb	5.918	13.104	0.105263	9.845
swarm_365_136.pdb	7.158	17.905	0.0526316	9.841
swarm_397_22.pdb	9.846	16.584	0	9.722
swarm_298_151.pdb	12.069	41.698	0	9.706
swarm_335_100.pdb	11.403	35.840	0.105263	9.694
swarm_112_115.pdb	7.091	27.809	0.157895	9.689
swarm_363_66.pdb	5.389	12.890	0.105263	9.633
swarm_15_92.pdb	11.706	34.520	0	9.599
swarm_312_163.pdb	9.542	15.062	0	9.531
swarm_185_28.pdb	8.031	32.832	0	9.452
swarm_368_119.pdb	5.628	17.854	0.315789	9.280
swarm_5_116.pdb	8.908	15.978	0	9.278
swarm_10_182.pdb	10.491	42.978	0	9.239
swarm_101_106.pdb	8.265	18.474	0.105263	9.237
swarm_361_140.pdb	8.213	20.071	0.0526316	9.234
swarm_389_27.pdb	5.555	13.565	0.0526316	9.193
swarm_389_30.pdb	8.362	16.950	0.0526316	9.167
swarm_214_66.pdb	9.644	22.590	0	9.020
swarm_365_82.pdb	9.434	18.334	0	8.941
swarm_201_61.pdb	12.337	36.173	0.105263	8.872
swarm_5_34.pdb	9.790	16.606	0.0526316	8.853
swarm_135_56.pdb	7.675	25.220	0.0526316	8.849
swarm_361_68.pdb	9.981	18.569	0	8.833
swarm_156_164.pdb	7.660	21.137	0	8.722
swarm_356_95.pdb	15.715	62.930	0	8.721
swarm_369_110.pdb	8.591	27.555	0	8.705
swarm_57_109.pdb	8.626	20.669	0.105263	8.571
swarm_38_99.pdb	14.946	57.102	0	8.514
swarm_391_1.pdb	6.541	19.406	0	8.432
swarm_68_80.pdb	9.637	16.117	0	8.398
swarm_35_28.pdb	9.200	15.996	0	8.385
swarm_365_157.pdb	8.250	21.420	0.0526316	8.349
swarm_57_52.pdb	9.717	19.080	0.263158	8.290
swarm_113_136.pdb	10.138	19.830	0.0526316	8.282
swarm_391_124.pdb	7.651	13.696	0.0526316	8.254
swarm_389_128.pdb	9.719	16.296	0	8.163
swarm_1_188.pdb	10.244	27.643	0	8.070
swarm_175_0.pdb	9.475	33.349	0	8.053
swarm_363_182.pdb	7.911	15.528	0	7.983
swarm_83_101.pdb	8.348	15.500	0.0526316	7.955
swarm_397_42.pdb	7.321	16.206	0	7.923
swarm_81_77.pdb	7.472	13.386	0.105263	7.845
swarm_231_171.pdb	9.371	30.149	0.105263	7.641
swarm_14_64.pdb	10.349	42.070	0.105263	7.540
swarm_399_140.pdb	8.203	23.041	0	7.331
swarm_139_27.pdb	7.218	15.789	0	7.300
swarm_67_53.pdb	9.948	24.919	0	6.845
swarm_379_38.pdb	11.829	41.621	0	6.744
swarm_399_171.pdb	7.356	12.000	0	6.669
swarm_87_28.pdb	8.831	26.395	0	6.626
swarm_162_14.pdb	10.939	33.345	0	6.137
swarm_177_88.pdb	8.291	27.702	0	5.841
swarm_317_54.pdb	11.519	45.534	0	5.810
swarm_365_127.pdb	10.315	22.521	0.0526316	5.500
swarm_396_183.pdb	9.694	24.796	0.0526316	4.142
swarm_79_57.pdb	9.467	19.814	0	4.077
swarm_395_91.pdb	7.788	26.510	0.0526316	4.061
swarm_93_89.pdb	8.250	26.880	0.263158	3.925
swarm_134_103.pdb	11.727	28.327	0.105263	3.822
swarm_15_69.pdb	9.399	25.622	0	3.197
swarm_312_96.pdb	9.962	16.172	0.263158	2.762
swarm_262_137.pdb	9.866	24.012	0.210526	2.707
swarm_394_189.pdb	6.751	20.098	0.157895	2.357
swarm_233_158.pdb	10.937	31.332	0.210526	1.220
swarm_60_177.pdb	11.662	48.530	0	0.603
