swarm_25_90.pdb	7.031	22.697	0	38.329
swarm_5_138.pdb	7.391	24.451	0	37.419
swarm_16_52.pdb	7.214	23.615	0	36.985
swarm_24_197.pdb	7.082	21.915	0	34.476
swarm_24_26.pdb	7.011	22.794	0	34.314
swarm_6_53.pdb	7.479	24.621	0	34.178
swarm_17_72.pdb	7.598	25.783	0	34.068
swarm_27_184.pdb	7.435	24.532	0	33.565
swarm_15_138.pdb	7.662	24.820	0	32.828
swarm_26_18.pdb	11.432	39.174	0	32.152
swarm_13_44.pdb	9.830	33.309	0	31.654
swarm_4_144.pdb	7.610	24.698	0	31.500
swarm_41_189.pdb	7.347	22.654	0	31.470
swarm_36_27.pdb	10.801	33.307	0	30.840
swarm_3_33.pdb	7.354	25.636	0.0526316	30.830
swarm_14_93.pdb	5.471	20.566	0.157895	30.636
swarm_31_41.pdb	12.050	37.148	0	30.143
swarm_10_169.pdb	7.325	23.408	0	30.067
swarm_2_12.pdb	5.275	17.173	0.210526	30.035
swarm_4_41.pdb	6.292	17.528	0.0526316	29.938
swarm_1_112.pdb	12.033	36.738	0	29.685
swarm_50_127.pdb	5.277	19.226	0.210526	29.490
swarm_35_14.pdb	6.148	16.743	0.0526316	29.444
swarm_33_184.pdb	7.815	29.231	0	29.367
swarm_36_180.pdb	11.756	36.991	0	29.298
swarm_14_38.pdb	7.060	23.512	0	29.093
swarm_8_190.pdb	11.681	36.873	0	28.975
swarm_18_37.pdb	12.724	42.575	0	28.902
swarm_30_120.pdb	11.383	35.743	0	28.710
swarm_7_20.pdb	4.985	17.749	0.263158	28.708
swarm_22_188.pdb	10.995	34.316	0	28.552
swarm_39_187.pdb	11.112	38.555	0	28.398
swarm_16_20.pdb	11.171	36.222	0	28.170
swarm_30_58.pdb	8.169	22.579	0	28.155
swarm_0_195.pdb	11.108	35.356	0	27.975
swarm_44_105.pdb	5.333	20.491	0.157895	27.883
swarm_29_179.pdb	11.586	36.177	0	27.877
swarm_37_93.pdb	11.530	34.802	0	27.837
swarm_36_20.pdb	12.764	43.017	0	27.713
swarm_49_29.pdb	11.107	38.677	0	27.664
swarm_27_150.pdb	11.315	35.643	0	27.654
swarm_32_191.pdb	11.196	35.884	0	27.650
swarm_41_160.pdb	9.923	34.609	0	27.632
swarm_28_196.pdb	11.909	35.169	0	27.565
swarm_7_165.pdb	7.640	28.535	0.0526316	27.360
swarm_8_49.pdb	5.395	19.553	0.105263	27.315
swarm_19_54.pdb	7.124	25.993	0.0526316	27.245
swarm_14_21.pdb	9.979	32.313	0	27.208
swarm_4_74.pdb	5.282	16.584	0.105263	27.110
swarm_2_150.pdb	8.165	27.328	0	27.085
swarm_40_135.pdb	10.394	35.556	0	26.986
swarm_11_11.pdb	5.114	17.655	0.315789	26.770
swarm_12_30.pdb	4.860	17.644	0.263158	26.742
swarm_23_19.pdb	7.902	18.528	0	26.526
swarm_20_1.pdb	8.458	25.513	0	26.519
swarm_29_60.pdb	10.244	32.527	0	26.439
swarm_28_140.pdb	10.836	35.219	0	26.358
swarm_30_22.pdb	8.682	28.750	0	26.330
swarm_9_164.pdb	10.197	36.029	0	26.167
swarm_26_121.pdb	3.689	11.551	0.263158	26.156
swarm_12_33.pdb	10.459	35.541	0	26.145
swarm_2_63.pdb	10.214	35.805	0	26.088
swarm_12_163.pdb	6.984	21.435	0	26.003
swarm_46_46.pdb	7.960	25.441	0	25.954
swarm_24_10.pdb	10.325	32.467	0	25.929
swarm_13_18.pdb	10.127	33.792	0	25.733
swarm_11_171.pdb	9.953	33.118	0	25.714
swarm_28_79.pdb	6.742	17.432	0	25.681
swarm_20_86.pdb	8.441	28.098	0	25.633
swarm_20_53.pdb	10.452	37.546	0	25.568
swarm_16_18.pdb	7.283	28.784	0	25.515
swarm_41_32.pdb	10.662	31.189	0	25.385
swarm_12_178.pdb	11.043	39.506	0	25.379
swarm_25_114.pdb	7.696	24.270	0	25.376
swarm_27_139.pdb	10.688	31.929	0	25.305
swarm_9_72.pdb	6.929	24.137	0	25.153
swarm_17_163.pdb	11.982	41.572	0	25.117
swarm_25_67.pdb	8.198	27.951	0.105263	25.086
swarm_23_164.pdb	5.683	17.065	0.105263	25.083
swarm_51_130.pdb	10.724	37.376	0	25.065
swarm_13_6.pdb	7.377	23.262	0	25.041
swarm_12_178.pdb	11.576	34.887	0	24.816
swarm_32_70.pdb	8.720	28.837	0	24.799
swarm_19_116.pdb	5.096	17.021	0.105263	24.765
swarm_53_71.pdb	5.176	18.494	0.105263	24.757
swarm_7_77.pdb	11.115	35.317	0	24.632
swarm_22_15.pdb	6.216	17.987	0.157895	24.630
swarm_5_177.pdb	6.895	15.157	0	24.448
swarm_31_72.pdb	8.580	28.600	0	24.432
swarm_39_92.pdb	7.413	24.514	0	24.368
swarm_4_107.pdb	9.888	34.354	0	24.303
swarm_30_129.pdb	7.164	14.973	0	24.087
swarm_50_89.pdb	10.016	34.449	0	24.004
swarm_6_114.pdb	11.078	41.789	0	23.803
swarm_5_32.pdb	10.683	37.220	0	23.803
swarm_19_117.pdb	7.417	30.317	0	23.801
swarm_17_68.pdb	11.459	36.637	0	23.787
swarm_28_20.pdb	3.987	13.211	0.263158	23.671
swarm_52_4.pdb	5.690	19.835	0.157895	23.485
swarm_39_69.pdb	10.493	38.922	0	23.445
swarm_38_146.pdb	6.733	23.768	0	23.307
swarm_38_13.pdb	4.783	17.720	0.263158	23.285
swarm_37_150.pdb	11.330	41.375	0	23.271
swarm_8_180.pdb	4.543	14.726	0.0526316	23.256
swarm_22_100.pdb	3.498	10.879	0.315789	23.194
swarm_48_61.pdb	7.374	22.142	0	23.114
swarm_1_89.pdb	6.609	19.646	0	22.893
swarm_42_84.pdb	7.738	21.459	0	22.867
swarm_49_146.pdb	6.903	21.187	0	22.834
swarm_20_90.pdb	6.515	19.847	0.105263	22.761
swarm_27_167.pdb	9.245	32.903	0	22.706
swarm_13_90.pdb	6.868	28.282	0	22.693
swarm_21_84.pdb	9.332	36.011	0	22.670
swarm_38_159.pdb	7.909	23.594	0	22.604
swarm_15_57.pdb	7.828	18.851	0	22.597
swarm_21_132.pdb	9.544	32.608	0	22.578
swarm_42_172.pdb	5.775	18.095	0.105263	22.534
swarm_48_73.pdb	4.670	16.724	0.157895	22.525
swarm_49_108.pdb	3.533	6.854	0.0526316	22.459
swarm_35_27.pdb	10.006	33.128	0	22.457
swarm_52_170.pdb	7.014	24.097	0.0526316	22.452
swarm_45_43.pdb	7.564	17.447	0	22.386
swarm_31_24.pdb	10.376	36.770	0	22.382
swarm_14_88.pdb	8.494	24.947	0	22.380
swarm_50_48.pdb	4.658	19.702	0.263158	22.304
swarm_11_62.pdb	6.509	23.713	0.105263	22.172
swarm_29_147.pdb	8.823	33.225	0.0526316	22.134
swarm_19_72.pdb	5.282	19.288	0.263158	22.108
swarm_19_109.pdb	5.920	19.895	0	22.095
swarm_18_9.pdb	9.803	31.950	0	22.089
swarm_20_141.pdb	5.661	21.484	0.105263	22.079
swarm_36_104.pdb	9.211	34.277	0	21.974
swarm_6_32.pdb	10.093	34.087	0	21.940
swarm_39_6.pdb	7.685	28.556	0	21.809
swarm_46_168.pdb	4.812	19.133	0.421053	21.791
swarm_16_13.pdb	4.975	19.621	0.263158	21.762
swarm_14_62.pdb	8.609	35.485	0.0526316	21.659
swarm_18_65.pdb	12.085	37.050	0	21.620
swarm_50_53.pdb	10.164	32.616	0	21.616
swarm_15_59.pdb	10.549	33.852	0	21.489
swarm_9_179.pdb	8.225	25.322	0	21.427
swarm_35_127.pdb	7.845	23.071	0	21.342
swarm_27_31.pdb	4.031	17.246	0.368421	21.246
swarm_16_11.pdb	8.790	32.643	0	21.234
swarm_25_6.pdb	8.965	32.801	0	21.196
swarm_41_83.pdb	7.133	28.488	0	21.186
swarm_50_177.pdb	6.416	17.855	0	21.176
swarm_7_136.pdb	8.063	22.396	0	21.168
swarm_9_43.pdb	6.317	20.793	0.157895	21.158
swarm_23_142.pdb	7.550	24.030	0	21.144
swarm_35_113.pdb	6.721	13.508	0	21.110
swarm_26_72.pdb	3.938	11.316	0.105263	21.105
swarm_47_24.pdb	5.135	22.359	0.368421	21.095
swarm_48_13.pdb	3.464	7.358	0.105263	21.059
swarm_39_174.pdb	2.999	10.971	0.421053	21.048
swarm_13_53.pdb	7.532	20.558	0	21.018
swarm_34_4.pdb	3.703	7.646	0.0526316	21.003
swarm_35_179.pdb	7.036	20.876	0	20.987
swarm_43_154.pdb	8.322	28.250	0	20.973
swarm_15_144.pdb	8.378	24.388	0	20.948
swarm_22_90.pdb	8.634	25.370	0	20.847
swarm_38_168.pdb	2.811	10.865	0.421053	20.800
swarm_7_179.pdb	8.287	27.904	0.105263	20.759
swarm_33_187.pdb	10.328	39.066	0	20.703
swarm_9_116.pdb	9.921	30.481	0	20.629
swarm_51_172.pdb	10.741	34.181	0	20.626
swarm_33_32.pdb	5.374	15.038	0.263158	20.621
swarm_25_93.pdb	6.697	25.226	0.0526316	20.613
swarm_10_137.pdb	5.429	18.518	0.105263	20.588
swarm_10_111.pdb	7.193	24.356	0.157895	20.557
swarm_8_19.pdb	7.015	17.914	0	20.541
swarm_36_147.pdb	8.772	28.118	0	20.457
swarm_27_193.pdb	4.116	11.477	0.105263	20.451
swarm_11_62.pdb	7.357	26.012	0.0526316	20.434
swarm_13_127.pdb	5.256	14.423	0	20.421
swarm_44_166.pdb	8.982	27.982	0	20.395
swarm_21_129.pdb	7.597	27.551	0.0526316	20.379
swarm_20_143.pdb	2.698	10.233	0.473684	20.238
swarm_14_147.pdb	6.240	22.837	0	20.207
swarm_30_86.pdb	4.251	17.711	0.368421	20.150
swarm_7_164.pdb	6.574	18.866	0	20.032
swarm_24_149.pdb	9.531	35.088	0	20.020
swarm_9_112.pdb	7.322	31.140	0	19.987
swarm_23_120.pdb	9.075	33.999	0	19.961
swarm_8_150.pdb	4.982	17.786	0.263158	19.908
swarm_50_1.pdb	6.636	25.206	0	19.847
swarm_24_11.pdb	7.319	25.854	0	19.806
swarm_21_147.pdb	9.361	26.284	0	19.709
swarm_33_101.pdb	3.128	7.086	0.263158	19.679
swarm_9_37.pdb	10.785	30.025	0	19.664
swarm_46_165.pdb	6.461	21.361	0	19.651
swarm_2_30.pdb	4.555	11.475	0.157895	19.647
swarm_0_38.pdb	6.892	22.066	0	19.645
swarm_16_154.pdb	7.056	20.743	0	19.575
swarm_46_86.pdb	6.130	20.529	0	19.540
swarm_10_8.pdb	9.506	35.374	0	19.517
swarm_30_160.pdb	3.310	8.261	0.263158	19.504
swarm_15_95.pdb	8.996	34.344	0	19.499
swarm_45_197.pdb	6.772	19.080	0	19.472
swarm_31_135.pdb	9.535	35.040	0	19.461
swarm_10_57.pdb	6.594	24.151	0.105263	19.455
swarm_25_94.pdb	5.716	23.312	0.157895	19.405
swarm_40_197.pdb	3.296	13.979	0.421053	19.325
swarm_8_91.pdb	8.556	28.854	0	19.262
swarm_23_27.pdb	3.428	8.636	0.157895	19.254
swarm_45_76.pdb	9.703	27.258	0	19.245
swarm_2_17.pdb	2.340	7.076	0.631579	19.218
swarm_4_156.pdb	6.644	13.370	0	19.175
swarm_4_41.pdb	2.959	11.954	0.421053	19.165
swarm_0_127.pdb	7.586	29.943	0	19.122
swarm_47_72.pdb	7.932	20.762	0	19.085
swarm_6_50.pdb	6.559	20.150	0	19.042
swarm_30_130.pdb	9.693	34.217	0	19.039
swarm_11_133.pdb	4.522	15.848	0.263158	19.025
swarm_8_73.pdb	7.416	18.177	0	19.013
swarm_28_65.pdb	6.113	17.244	0.0526316	18.998
swarm_36_49.pdb	12.618	36.605	0	18.895
swarm_28_57.pdb	9.546	28.675	0	18.894
swarm_15_156.pdb	3.362	10.854	0.263158	18.882
swarm_22_141.pdb	9.168	34.196	0	18.879
swarm_32_120.pdb	8.504	25.807	0	18.800
swarm_41_31.pdb	5.536	22.716	0.263158	18.759
swarm_20_135.pdb	8.034	34.076	0	18.723
swarm_34_5.pdb	6.146	23.578	0.157895	18.680
swarm_33_195.pdb	5.993	24.769	0.315789	18.615
swarm_21_196.pdb	6.547	24.575	0	18.610
swarm_19_107.pdb	7.858	20.059	0	18.590
swarm_34_184.pdb	5.447	14.714	0.0526316	18.573
swarm_12_47.pdb	10.378	32.388	0	18.430
swarm_31_115.pdb	6.350	19.173	0.157895	18.418
swarm_9_158.pdb	4.110	17.750	0.421053	18.368
swarm_15_26.pdb	3.863	15.750	0.421053	18.365
swarm_52_113.pdb	5.815	15.397	0	18.338
swarm_10_58.pdb	6.431	17.084	0.105263	18.326
swarm_12_35.pdb	5.261	16.542	0.315789	18.309
swarm_37_185.pdb	2.789	11.389	0.473684	18.247
swarm_3_81.pdb	5.407	22.159	0.368421	18.182
swarm_16_38.pdb	9.146	34.694	0	18.023
swarm_12_39.pdb	7.844	28.679	0	18.018
swarm_23_50.pdb	10.512	31.883	0	17.985
swarm_37_130.pdb	7.474	22.585	0	17.954
swarm_45_31.pdb	3.440	9.346	0.157895	17.917
swarm_40_190.pdb	8.327	30.783	0	17.880
swarm_17_65.pdb	5.696	18.431	0.263158	17.867
swarm_13_199.pdb	5.140	23.701	0.210526	17.835
swarm_7_117.pdb	11.080	34.639	0	17.828
swarm_3_14.pdb	9.050	35.739	0	17.803
swarm_6_138.pdb	7.496	12.958	0	17.789
swarm_20_197.pdb	4.047	17.473	0.368421	17.770
swarm_47_53.pdb	8.071	24.299	0	17.733
swarm_22_143.pdb	8.908	33.867	0	17.716
swarm_3_135.pdb	8.023	23.057	0	17.610
swarm_14_73.pdb	8.857	25.298	0	17.610
swarm_51_176.pdb	8.181	16.785	0	17.596
swarm_41_188.pdb	6.226	21.891	0	17.593
swarm_28_7.pdb	6.208	21.294	0	17.593
swarm_44_16.pdb	7.808	31.145	0	17.586
swarm_29_94.pdb	6.672	24.121	0.0526316	17.574
swarm_29_101.pdb	4.480	15.234	0.157895	17.560
swarm_51_174.pdb	7.644	29.826	0	17.511
swarm_14_166.pdb	6.539	24.920	0	17.507
swarm_37_20.pdb	6.649	21.783	0.0526316	17.438
swarm_10_102.pdb	6.072	24.944	0.315789	17.423
swarm_19_171.pdb	7.468	17.072	0	17.370
swarm_16_60.pdb	5.006	22.665	0.210526	17.339
swarm_37_114.pdb	9.543	29.241	0	17.321
swarm_2_40.pdb	7.270	13.334	0	17.297
swarm_29_176.pdb	2.923	10.513	0.526316	17.242
swarm_21_98.pdb	6.893	26.841	0.105263	17.227
swarm_21_74.pdb	6.522	24.486	0.210526	17.189
swarm_5_148.pdb	10.252	32.670	0	17.187
swarm_6_169.pdb	8.668	31.983	0	17.144
swarm_0_67.pdb	3.238	12.229	0.526316	17.140
swarm_9_70.pdb	7.995	32.448	0.0526316	17.065
swarm_17_180.pdb	7.829	28.915	0.157895	17.011
swarm_22_78.pdb	5.300	24.059	0.210526	16.991
swarm_20_119.pdb	6.490	21.510	0.0526316	16.986
swarm_1_151.pdb	6.755	13.416	0	16.961
swarm_14_165.pdb	5.339	24.290	0.210526	16.948
swarm_31_118.pdb	12.665	37.798	0	16.872
swarm_4_113.pdb	7.723	18.603	0	16.851
swarm_22_108.pdb	7.841	26.321	0	16.776
swarm_23_145.pdb	10.470	32.280	0	16.760
swarm_37_189.pdb	7.351	24.992	0	16.573
swarm_48_152.pdb	6.060	22.015	0.105263	16.549
swarm_20_103.pdb	6.675	15.209	0	16.541
swarm_39_165.pdb	8.559	34.184	0	16.495
swarm_29_53.pdb	5.408	18.402	0.210526	16.478
swarm_28_166.pdb	8.979	29.744	0	16.454
swarm_29_41.pdb	10.054	26.254	0	16.408
swarm_13_25.pdb	6.735	18.115	0	16.392
swarm_19_104.pdb	4.968	20.501	0.263158	16.387
swarm_1_120.pdb	7.969	31.754	0	16.377
swarm_25_42.pdb	5.253	22.179	0.263158	16.373
swarm_15_94.pdb	8.527	26.520	0	16.321
swarm_19_192.pdb	7.665	19.399	0	16.311
swarm_13_104.pdb	8.862	31.959	0	16.224
swarm_21_0.pdb	7.218	17.003	0	16.223
swarm_17_73.pdb	9.771	36.054	0	16.221
swarm_0_163.pdb	5.648	16.305	0.157895	16.214
swarm_51_74.pdb	6.300	18.896	0.0526316	16.194
swarm_3_98.pdb	8.009	27.559	0	16.182
swarm_1_59.pdb	3.841	15.283	0.315789	16.089
swarm_2_44.pdb	2.933	7.488	0.157895	16.079
swarm_14_77.pdb	8.485	27.401	0	16.060
swarm_37_57.pdb	7.562	30.290	0	16.025
swarm_21_143.pdb	8.989	35.473	0	15.919
swarm_7_126.pdb	6.184	26.829	0.210526	15.908
swarm_31_64.pdb	10.862	38.181	0	15.881
swarm_42_118.pdb	7.102	25.500	0	15.848
swarm_14_80.pdb	11.233	36.234	0	15.801
swarm_14_138.pdb	5.245	21.136	0.421053	15.718
swarm_5_166.pdb	4.812	20.501	0.315789	15.643
swarm_38_135.pdb	4.748	17.486	0.263158	15.612
swarm_53_4.pdb	6.947	21.705	0	15.520
swarm_5_34.pdb	8.560	33.567	0.0526316	15.498
swarm_7_13.pdb	6.309	13.991	0	15.442
swarm_14_35.pdb	7.824	18.130	0	15.437
swarm_20_49.pdb	5.269	18.000	0.0526316	15.372
swarm_25_149.pdb	10.284	30.826	0	15.204
swarm_34_94.pdb	6.488	14.768	0	15.106
swarm_24_19.pdb	4.618	20.662	0.368421	15.096
swarm_50_163.pdb	6.305	13.371	0	15.056
swarm_10_181.pdb	7.931	21.072	0.0526316	14.915
swarm_23_111.pdb	3.909	10.897	0.210526	14.817
swarm_4_79.pdb	10.860	35.997	0	14.749
swarm_3_170.pdb	8.081	16.845	0	14.745
swarm_32_140.pdb	10.584	29.659	0	14.626
swarm_21_21.pdb	10.406	34.162	0	14.593
swarm_13_34.pdb	10.140	32.485	0	14.468
swarm_8_183.pdb	6.284	16.456	0.157895	14.452
swarm_6_11.pdb	6.980	29.601	0.105263	14.427
swarm_33_115.pdb	8.707	30.714	0	14.419
swarm_5_89.pdb	8.177	28.782	0	14.358
swarm_47_195.pdb	8.046	31.985	0	14.348
swarm_45_145.pdb	7.479	15.342	0	14.327
swarm_6_199.pdb	8.122	22.256	0	14.237
swarm_34_181.pdb	4.937	18.648	0.157895	14.077
swarm_34_178.pdb	8.296	22.469	0	14.065
swarm_11_4.pdb	7.953	31.737	0.0526316	14.048
swarm_19_141.pdb	8.612	24.877	0	14.010
swarm_25_90.pdb	8.467	28.187	0	14.009
swarm_43_29.pdb	7.308	28.103	0	13.880
swarm_27_14.pdb	4.340	11.229	0.157895	13.822
swarm_23_187.pdb	6.668	23.280	0	13.727
swarm_15_190.pdb	3.545	13.152	0.421053	13.716
swarm_33_96.pdb	6.224	26.760	0.315789	13.410
swarm_3_147.pdb	11.406	36.043	0	13.336
swarm_5_123.pdb	8.280	29.377	0	13.259
swarm_53_143.pdb	7.022	22.693	0	13.253
swarm_13_30.pdb	6.346	21.379	0	13.118
swarm_40_132.pdb	6.986	22.603	0	13.110
swarm_29_159.pdb	6.460	13.999	0	13.070
swarm_32_155.pdb	7.265	25.022	0	13.061
swarm_50_158.pdb	7.837	22.015	0.0526316	13.037
swarm_23_167.pdb	6.020	10.253	0.0526316	13.019
swarm_9_180.pdb	7.608	26.999	0.105263	12.855
swarm_41_93.pdb	9.014	35.667	0	12.816
swarm_19_6.pdb	8.005	26.326	0	12.813
swarm_46_139.pdb	6.409	26.456	0.0526316	12.785
swarm_17_69.pdb	8.790	25.293	0	12.745
swarm_25_121.pdb	7.431	18.126	0	12.734
swarm_19_194.pdb	6.972	21.106	0	12.697
swarm_11_145.pdb	9.490	28.785	0	12.667
swarm_4_158.pdb	4.477	13.510	0.210526	12.556
swarm_35_53.pdb	6.286	21.335	0	12.415
swarm_23_188.pdb	7.159	17.973	0	12.306
swarm_49_185.pdb	6.147	24.695	0.0526316	12.303
swarm_24_135.pdb	6.159	16.186	0	12.287
swarm_1_93.pdb	4.725	9.183	0	12.282
swarm_40_120.pdb	8.411	31.660	0	12.238
swarm_26_174.pdb	3.935	6.288	0.0526316	12.075
swarm_36_67.pdb	9.397	34.002	0	11.961
swarm_51_68.pdb	7.229	25.329	0	11.868
swarm_25_20.pdb	3.183	9.675	0.473684	11.859
swarm_24_70.pdb	4.814	19.290	0.105263	11.743
swarm_45_14.pdb	5.986	19.700	0	11.036
swarm_6_160.pdb	6.803	22.068	0.0526316	11.026
swarm_9_144.pdb	7.447	28.283	0	10.955
swarm_20_147.pdb	5.862	13.452	0	10.534
swarm_38_78.pdb	6.304	11.244	0.0526316	10.316
swarm_37_31.pdb	5.076	20.712	0.421053	10.219
swarm_19_119.pdb	7.501	27.236	0	10.208
swarm_17_8.pdb	7.360	31.615	0.157895	10.084
swarm_4_176.pdb	7.980	23.025	0	10.033
swarm_12_1.pdb	6.458	20.429	0	9.988
swarm_24_7.pdb	7.548	23.681	0	9.941
swarm_25_189.pdb	5.561	22.884	0.315789	9.928
swarm_15_33.pdb	10.423	31.969	0	9.849
swarm_25_192.pdb	11.061	31.823	0	9.772
swarm_25_176.pdb	7.268	24.996	0	8.874
swarm_39_65.pdb	6.214	21.866	0	8.634
swarm_34_110.pdb	6.009	25.445	0.263158	8.190
swarm_0_195.pdb	8.130	22.201	0	8.164
swarm_31_95.pdb	8.979	34.440	0	8.053
swarm_40_86.pdb	6.231	26.918	0.210526	8.014
swarm_8_109.pdb	7.261	13.306	0	7.424
swarm_37_61.pdb	5.830	24.597	0.315789	7.282
swarm_7_103.pdb	5.432	22.786	0.315789	7.092
swarm_3_92.pdb	7.954	29.167	0	7.091
swarm_1_176.pdb	7.110	20.178	0	7.051
swarm_38_102.pdb	5.461	18.995	0.210526	6.638
swarm_9_151.pdb	6.189	21.814	0.0526316	6.323
swarm_37_37.pdb	5.994	20.579	0.105263	5.781
swarm_33_69.pdb	10.612	38.901	0	4.901
swarm_10_43.pdb	7.363	23.071	0	4.406
swarm_21_56.pdb	5.665	21.298	0.315789	4.287
swarm_4_140.pdb	7.470	25.669	0	4.282
swarm_13_137.pdb	7.216	30.990	0	3.565
swarm_22_33.pdb	9.625	30.378	0	3.522
swarm_34_18.pdb	7.464	24.844	0	1.861
swarm_11_182.pdb	6.084	24.351	0.105263	0.955
swarm_24_64.pdb	6.092	23.039	0.263158	0.820
swarm_6_25.pdb	6.050	23.324	0.315789	0.336
swarm_44_127.pdb	8.488	28.626	0	0.130
