swarm_4_56.pdb	5.445	20.166	0.210526	36.958
swarm_6_156.pdb	5.002	18.975	0.315789	36.497
swarm_8_139.pdb	4.587	18.024	0.368421	35.624
swarm_7_81.pdb	4.315	15.321	0.157895	33.658
swarm_1_162.pdb	3.696	11.981	0.368421	31.916
swarm_3_76.pdb	3.884	10.721	0.263158	31.000
swarm_5_155.pdb	3.576	11.600	0.368421	30.704
swarm_1_164.pdb	6.005	24.341	0.157895	28.349
swarm_4_101.pdb	4.676	19.095	0.157895	27.088
swarm_0_109.pdb	7.772	31.361	0.105263	26.334
swarm_2_37.pdb	7.271	29.512	0.105263	26.327
swarm_9_130.pdb	5.438	19.768	0.315789	25.043
swarm_6_48.pdb	8.588	34.220	0	23.788
swarm_5_62.pdb	5.462	21.114	0.368421	23.677
swarm_9_99.pdb	6.918	28.485	0.210526	23.543
swarm_2_140.pdb	5.903	22.574	0.263158	23.124
swarm_0_8.pdb	6.302	24.711	0.315789	22.809
swarm_2_76.pdb	4.198	10.960	0.157895	21.468
swarm_7_46.pdb	5.489	19.066	0.157895	17.862
swarm_8_31.pdb	6.087	19.868	0	15.418
swarm_2_62.pdb	4.949	19.401	0.526316	1.919
