swarm_0_183.pdb	12.653	36.128	0	29.128
swarm_31_154.pdb	10.938	36.040	0	28.267
swarm_37_116.pdb	9.797	20.859	0.0526316	28.247
swarm_36_71.pdb	11.427	35.384	0.0526316	27.595
swarm_1_48.pdb	10.586	39.780	0	27.592
swarm_20_76.pdb	9.549	19.540	0	27.337
swarm_29_88.pdb	11.097	35.431	0	26.979
swarm_8_121.pdb	11.717	37.235	0	26.883
swarm_7_125.pdb	11.481	35.528	0	26.789
swarm_31_149.pdb	10.409	37.517	0	26.481
swarm_29_0.pdb	12.135	35.373	0	26.106
swarm_26_114.pdb	8.188	23.666	0	26.082
swarm_29_134.pdb	10.961	33.303	0.263158	26.040
swarm_36_39.pdb	13.737	41.207	0	25.809
swarm_19_127.pdb	6.990	16.913	0	25.701
swarm_31_49.pdb	12.520	38.574	0	25.291
swarm_28_134.pdb	13.650	35.808	0	25.287
swarm_8_85.pdb	9.354	37.199	0	25.183
swarm_2_0.pdb	11.250	21.533	0	25.106
swarm_30_160.pdb	12.866	36.588	0	24.838
swarm_4_50.pdb	10.273	20.759	0.0526316	24.704
swarm_26_22.pdb	6.328	15.213	0	24.643
swarm_14_93.pdb	10.288	22.660	0.157895	24.120
swarm_39_72.pdb	8.464	20.362	0	24.075
swarm_35_77.pdb	11.471	32.904	0	24.007
swarm_17_16.pdb	13.495	38.305	0	23.999
swarm_36_186.pdb	12.320	38.002	0	23.937
swarm_35_85.pdb	12.371	38.142	0	23.863
swarm_0_68.pdb	11.320	33.996	0	23.854
swarm_24_36.pdb	11.127	28.189	0	23.753
swarm_36_132.pdb	13.648	37.366	0	23.742
swarm_0_123.pdb	12.904	40.035	0	23.719
swarm_12_195.pdb	11.557	36.456	0	23.483
swarm_14_38.pdb	8.376	20.098	0	23.432
swarm_16_165.pdb	10.348	32.488	0	23.304
swarm_17_109.pdb	10.008	32.432	0	23.187
swarm_2_67.pdb	9.276	18.900	0	23.179
swarm_12_149.pdb	10.778	38.026	0	23.048
swarm_19_81.pdb	6.203	20.486	0.105263	22.860
swarm_41_147.pdb	9.102	20.407	0	22.829
swarm_28_169.pdb	12.204	34.936	0	22.827
swarm_1_122.pdb	13.531	41.718	0	22.812
swarm_37_114.pdb	9.298	18.384	0	22.669
swarm_21_66.pdb	8.802	26.605	0	22.616
swarm_41_185.pdb	6.017	22.153	0.157895	22.579
swarm_5_23.pdb	10.224	30.941	0	22.519
swarm_9_153.pdb	8.945	22.012	0	22.312
swarm_26_53.pdb	9.684	20.999	0	22.292
swarm_38_194.pdb	9.138	18.240	0.0526316	22.025
swarm_13_47.pdb	11.619	35.551	0	22.025
swarm_27_42.pdb	11.043	36.394	0	21.845
swarm_22_16.pdb	5.709	18.500	0.0526316	21.843
swarm_16_195.pdb	13.740	36.284	0	21.787
swarm_30_147.pdb	12.069	33.661	0	21.786
swarm_16_22.pdb	11.340	34.769	0	21.762
swarm_27_123.pdb	11.378	32.760	0	21.702
swarm_8_22.pdb	11.093	42.822	0	21.609
swarm_29_37.pdb	12.261	36.240	0	21.603
swarm_5_199.pdb	9.635	23.644	0	21.563
swarm_3_84.pdb	9.212	22.435	0	21.563
swarm_7_13.pdb	10.945	29.646	0	21.539
swarm_4_77.pdb	10.868	20.112	0	21.502
swarm_27_16.pdb	12.577	32.387	0	21.430
swarm_28_89.pdb	10.256	32.815	0	21.373
swarm_24_109.pdb	11.289	30.937	0	21.342
swarm_9_96.pdb	9.524	19.183	0	21.335
swarm_27_36.pdb	12.011	30.216	0	21.290
swarm_41_33.pdb	7.468	20.946	0	21.256
swarm_25_36.pdb	11.721	32.010	0	21.121
swarm_20_136.pdb	9.697	23.682	0.0526316	21.119
swarm_27_26.pdb	7.692	27.984	0.0526316	21.093
swarm_8_119.pdb	13.302	39.626	0	21.021
swarm_21_32.pdb	11.196	24.287	0	20.976
swarm_15_132.pdb	9.550	20.269	0	20.931
swarm_19_56.pdb	9.038	18.361	0	20.895
swarm_37_136.pdb	11.675	24.142	0	20.673
swarm_35_155.pdb	10.913	35.096	0	20.544
swarm_24_8.pdb	12.677	33.943	0	20.522
swarm_12_171.pdb	11.830	39.180	0	20.515
swarm_2_1.pdb	6.720	21.450	0	20.492
swarm_27_125.pdb	11.590	38.362	0	20.485
swarm_28_132.pdb	8.453	31.144	0	20.416
swarm_35_173.pdb	12.323	34.287	0	20.315
swarm_37_102.pdb	10.845	24.740	0.0526316	20.202
swarm_20_12.pdb	9.407	23.234	0	20.013
swarm_7_78.pdb	7.986	25.365	0.315789	19.808
swarm_16_32.pdb	12.364	40.377	0.0526316	19.658
swarm_5_41.pdb	8.771	22.859	0.105263	19.605
swarm_29_58.pdb	11.862	41.937	0	19.566
swarm_38_131.pdb	10.957	23.040	0	19.486
swarm_40_180.pdb	9.813	18.413	0	19.424
swarm_27_137.pdb	11.423	35.062	0	19.421
swarm_29_29.pdb	11.991	37.959	0	19.405
swarm_0_114.pdb	11.278	31.617	0	19.345
swarm_18_50.pdb	14.464	41.959	0	19.321
swarm_10_91.pdb	9.905	23.465	0	19.272
swarm_33_9.pdb	10.636	25.250	0	19.261
swarm_1_18.pdb	11.982	44.729	0	19.241
swarm_32_176.pdb	14.428	40.858	0	19.142
swarm_2_5.pdb	6.799	17.131	0.157895	19.138
swarm_19_161.pdb	10.989	22.337	0	19.095
swarm_24_82.pdb	11.907	26.366	0	18.980
swarm_23_43.pdb	10.316	30.570	0	18.963
swarm_6_59.pdb	7.795	25.407	0.210526	18.947
swarm_30_166.pdb	14.080	42.581	0	18.897
swarm_38_185.pdb	8.853	21.496	0	18.883
swarm_40_3.pdb	6.669	25.095	0	18.831
swarm_3_135.pdb	11.270	29.104	0	18.794
swarm_39_146.pdb	9.491	21.218	0	18.758
swarm_25_117.pdb	7.372	18.792	0	18.755
swarm_19_65.pdb	7.658	19.040	0	18.695
swarm_40_179.pdb	9.900	21.450	0	18.693
swarm_9_34.pdb	10.079	19.665	0.0526316	18.633
swarm_6_104.pdb	12.825	33.933	0	18.607
swarm_41_58.pdb	11.704	24.840	0	18.606
swarm_26_149.pdb	10.799	20.802	0	18.586
swarm_3_114.pdb	7.576	21.168	0.368421	18.569
swarm_1_78.pdb	10.313	35.253	0	18.314
swarm_18_47.pdb	12.514	40.819	0	18.304
swarm_18_142.pdb	14.077	43.028	0	18.238
swarm_3_132.pdb	12.459	33.019	0	18.127
swarm_13_196.pdb	13.813	35.101	0	18.114
swarm_12_108.pdb	11.784	42.278	0	17.953
swarm_25_11.pdb	8.683	25.265	0	17.865
swarm_40_86.pdb	9.665	26.835	0.0526316	17.850
swarm_19_15.pdb	9.054	26.615	0	17.818
swarm_39_133.pdb	10.808	24.500	0	17.720
swarm_32_86.pdb	13.065	44.088	0	17.633
swarm_14_177.pdb	10.703	26.098	0	17.621
swarm_4_192.pdb	5.652	16.552	0	17.548
swarm_16_139.pdb	12.242	33.974	0	17.546
swarm_39_85.pdb	8.193	16.239	0	17.542
swarm_8_155.pdb	14.509	38.499	0	17.541
swarm_4_101.pdb	7.701	17.275	0.0526316	17.527
swarm_34_75.pdb	11.319	26.894	0	17.515
swarm_8_65.pdb	12.769	43.270	0	17.470
swarm_33_159.pdb	8.980	24.052	0	17.461
swarm_13_177.pdb	10.744	34.215	0	17.450
swarm_15_33.pdb	7.572	16.878	0.263158	17.419
swarm_13_152.pdb	9.415	32.255	0	17.327
swarm_14_87.pdb	8.973	24.258	0	17.291
swarm_12_84.pdb	10.587	42.314	0	17.121
swarm_15_117.pdb	9.905	19.298	0	17.016
swarm_10_99.pdb	9.906	32.492	0	16.962
swarm_7_168.pdb	11.436	24.400	0	16.816
swarm_28_15.pdb	10.531	33.895	0	16.738
swarm_17_33.pdb	8.807	26.764	0.0526316	16.702
swarm_0_88.pdb	10.339	30.534	0	16.655
swarm_0_41.pdb	13.379	35.326	0	16.525
swarm_17_81.pdb	14.593	37.379	0	16.513
swarm_25_109.pdb	10.044	31.782	0	16.298
swarm_18_91.pdb	12.571	40.205	0	16.256
swarm_33_123.pdb	10.065	26.203	0	16.187
swarm_11_154.pdb	11.689	33.019	0.0526316	16.084
swarm_33_113.pdb	11.889	29.488	0	16.079
swarm_23_134.pdb	10.755	37.045	0	16.047
swarm_30_167.pdb	9.682	30.694	0	15.984
swarm_18_24.pdb	14.618	40.152	0	15.919
swarm_17_138.pdb	13.031	40.591	0	15.881
swarm_28_133.pdb	11.188	31.168	0	15.836
swarm_6_56.pdb	9.667	22.453	0	15.831
swarm_0_78.pdb	10.157	31.221	0	15.664
swarm_5_144.pdb	12.974	32.099	0	15.569
swarm_24_61.pdb	9.434	31.532	0	15.425
swarm_39_81.pdb	3.075	9.333	0.315789	15.194
swarm_32_80.pdb	12.730	39.754	0	15.054
swarm_7_50.pdb	12.310	35.223	0	14.903
swarm_4_131.pdb	9.652	23.384	0	14.903
swarm_5_194.pdb	10.938	29.100	0	14.768
swarm_16_0.pdb	14.081	38.616	0	14.681
swarm_38_165.pdb	8.873	17.990	0.526316	14.631
swarm_37_138.pdb	7.656	20.709	0	14.587
swarm_32_174.pdb	12.006	39.756	0	14.500
swarm_23_135.pdb	12.880	35.864	0	14.139
swarm_5_100.pdb	9.050	29.835	0	14.096
swarm_9_186.pdb	11.154	29.717	0	14.059
swarm_19_189.pdb	8.478	28.114	0	14.048
swarm_3_16.pdb	10.111	23.653	0	13.990
swarm_10_33.pdb	11.423	32.805	0	13.885
swarm_34_95.pdb	12.597	34.631	0.0526316	13.874
swarm_19_72.pdb	10.897	26.799	0	13.861
swarm_4_120.pdb	9.345	26.044	0	13.777
swarm_23_107.pdb	11.097	28.293	0	13.725
swarm_39_21.pdb	7.156	16.692	0	13.582
swarm_33_103.pdb	12.403	33.730	0	13.548
swarm_24_110.pdb	11.794	31.589	0	13.442
swarm_11_14.pdb	6.954	27.810	0.105263	13.391
swarm_33_122.pdb	12.136	33.505	0	13.372
swarm_6_13.pdb	9.235	34.689	0	13.341
swarm_3_66.pdb	7.091	17.205	0.157895	13.256
swarm_21_23.pdb	7.865	27.976	0.0526316	13.183
swarm_10_157.pdb	12.115	34.948	0	12.978
swarm_31_43.pdb	10.646	35.067	0	12.976
swarm_40_51.pdb	9.894	22.308	0	12.925
swarm_3_145.pdb	6.271	24.395	0.105263	12.877
swarm_23_58.pdb	11.224	34.860	0	12.858
swarm_6_184.pdb	7.455	30.106	0.105263	12.847
swarm_0_128.pdb	11.502	36.492	0	12.502
swarm_25_83.pdb	6.606	24.714	0.105263	12.372
swarm_4_65.pdb	9.813	16.754	0.0526316	12.024
swarm_13_156.pdb	10.814	29.802	0	11.995
swarm_24_35.pdb	8.944	22.850	0	11.882
swarm_11_184.pdb	11.452	34.137	0	11.759
swarm_32_48.pdb	10.384	40.882	0	10.501
swarm_27_81.pdb	12.608	37.570	0	10.464
swarm_33_92.pdb	14.272	33.943	0	10.300
swarm_23_51.pdb	12.400	36.486	0	9.700
swarm_28_176.pdb	7.914	32.847	0.105263	9.584
swarm_25_2.pdb	9.942	32.448	0	9.373
swarm_29_44.pdb	14.472	40.640	0	8.650
swarm_29_174.pdb	11.016	33.740	0	8.329
swarm_3_83.pdb	8.685	26.567	0	1.755
swarm_8_31.pdb	10.571	40.878	0	0.161
