swarm_25_90.pdb	7.031	22.697	0	38.329
swarm_5_138.pdb	7.391	24.451	0	37.419
swarm_16_52.pdb	7.214	23.615	0	36.985
swarm_24_26.pdb	7.011	22.794	0	34.314
swarm_6_53.pdb	7.479	24.621	0	34.178
swarm_17_72.pdb	7.598	25.783	0	34.068
swarm_15_138.pdb	7.662	24.820	0	32.828
swarm_13_44.pdb	9.830	33.309	0	31.654
swarm_4_144.pdb	7.610	24.698	0	31.500
swarm_3_33.pdb	7.354	25.636	0.0526316	30.830
swarm_2_12.pdb	5.275	17.173	0.210526	30.035
swarm_7_165.pdb	7.640	28.535	0.0526316	27.360
swarm_19_54.pdb	7.124	25.993	0.0526316	27.245
swarm_14_21.pdb	9.979	32.313	0	27.208
swarm_4_74.pdb	5.282	16.584	0.105263	27.110
swarm_2_150.pdb	8.165	27.328	0	27.085
swarm_23_19.pdb	7.902	18.528	0	26.526
swarm_12_163.pdb	6.984	21.435	0	26.003
swarm_11_171.pdb	9.953	33.118	0	25.714
swarm_23_164.pdb	5.683	17.065	0.105263	25.083
swarm_22_15.pdb	6.216	17.987	0.157895	24.630
swarm_8_180.pdb	4.543	14.726	0.0526316	23.256
swarm_1_89.pdb	6.609	19.646	0	22.893
swarm_20_90.pdb	6.515	19.847	0.105263	22.761
swarm_18_9.pdb	9.803	31.950	0	22.089
swarm_14_62.pdb	8.609	35.485	0.0526316	21.659
swarm_9_43.pdb	6.317	20.793	0.157895	21.158
swarm_9_116.pdb	9.921	30.481	0	20.629
swarm_10_111.pdb	7.193	24.356	0.157895	20.557
swarm_11_62.pdb	7.357	26.012	0.0526316	20.434
swarm_21_129.pdb	7.597	27.551	0.0526316	20.379
swarm_15_95.pdb	8.996	34.344	0	19.499
swarm_25_94.pdb	5.716	23.312	0.157895	19.405
swarm_4_156.pdb	6.644	13.370	0	19.175
swarm_10_58.pdb	6.431	17.084	0.105263	18.326
swarm_7_117.pdb	11.080	34.639	0	17.828
swarm_3_14.pdb	9.050	35.739	0	17.803
swarm_19_171.pdb	7.468	17.072	0	17.370
swarm_5_148.pdb	10.252	32.670	0	17.187
swarm_0_67.pdb	3.238	12.229	0.526316	17.140
swarm_9_70.pdb	7.995	32.448	0.0526316	17.065
swarm_1_151.pdb	6.755	13.416	0	16.961
swarm_13_104.pdb	8.862	31.959	0	16.224
swarm_0_163.pdb	5.648	16.305	0.157895	16.214
swarm_1_59.pdb	3.841	15.283	0.315789	16.089
swarm_14_80.pdb	11.233	36.234	0	15.801
swarm_5_34.pdb	8.560	33.567	0.0526316	15.498
swarm_25_149.pdb	10.284	30.826	0	15.204
swarm_23_111.pdb	3.909	10.897	0.210526	14.817
swarm_8_183.pdb	6.284	16.456	0.157895	14.452
swarm_6_199.pdb	8.122	22.256	0	14.237
swarm_11_4.pdb	7.953	31.737	0.0526316	14.048
swarm_3_147.pdb	11.406	36.043	0	13.336
swarm_23_167.pdb	6.020	10.253	0.0526316	13.019
swarm_19_6.pdb	8.005	26.326	0	12.813
swarm_17_69.pdb	8.790	25.293	0	12.745
swarm_25_121.pdb	7.431	18.126	0	12.734
swarm_19_194.pdb	6.972	21.106	0	12.697
swarm_4_158.pdb	4.477	13.510	0.210526	12.556
swarm_24_135.pdb	6.159	16.186	0	12.287
swarm_1_93.pdb	4.725	9.183	0	12.282
swarm_20_147.pdb	5.862	13.452	0	10.534
swarm_4_176.pdb	7.980	23.025	0	10.033
swarm_12_1.pdb	6.458	20.429	0	9.988
swarm_24_7.pdb	7.548	23.681	0	9.941
swarm_15_33.pdb	10.423	31.969	0	9.849
swarm_25_176.pdb	7.268	24.996	0	8.874
swarm_0_195.pdb	8.130	22.201	0	8.164
swarm_8_109.pdb	7.261	13.306	0	7.424
swarm_1_176.pdb	7.110	20.178	0	7.051
swarm_11_182.pdb	6.084	24.351	0.105263	0.955
