swarm_4_28.pdb	13.643	23.903	0	75.380
swarm_1_172.pdb	21.648	41.755	0	68.928
swarm_3_75.pdb	14.243	25.148	0	65.265
swarm_7_102.pdb	22.919	45.369	0	43.115
swarm_2_90.pdb	20.464	36.999	0	38.950
swarm_4_97.pdb	11.319	20.245	0	38.865
swarm_8_6.pdb	23.617	49.411	0	36.738
swarm_0_147.pdb	15.555	31.700	0	36.626
swarm_0_131.pdb	16.834	31.519	0	34.921
swarm_3_110.pdb	20.514	35.450	0	32.685
swarm_5_157.pdb	21.690	40.889	0	32.600
swarm_2_94.pdb	17.446	33.184	0	31.983
swarm_1_155.pdb	16.865	31.358	0	29.316
swarm_2_112.pdb	19.731	35.440	0	29.292
swarm_6_177.pdb	21.331	39.023	0	28.728
swarm_5_199.pdb	15.725	31.844	0.0127119	28.263
swarm_2_187.pdb	16.808	30.060	0.00847458	28.188
swarm_5_165.pdb	18.255	35.188	0	27.582
swarm_0_183.pdb	21.605	40.529	0	27.517
swarm_3_92.pdb	10.246	18.458	0	26.778
swarm_4_103.pdb	17.693	32.354	0	25.988
swarm_3_195.pdb	19.699	35.187	0	25.211
swarm_6_12.pdb	16.079	30.403	0	24.952
swarm_2_108.pdb	10.006	19.648	0.00423729	22.774
swarm_0_58.pdb	16.944	31.837	0.00847458	22.666
swarm_7_69.pdb	21.901	44.322	0	22.281
swarm_0_92.pdb	20.369	40.464	0	21.566
swarm_3_77.pdb	18.245	32.849	0	21.265
swarm_3_187.pdb	21.670	39.378	0	21.090
swarm_6_184.pdb	19.134	35.947	0	18.950
swarm_5_97.pdb	19.606	38.580	0	16.540
swarm_1_62.pdb	19.942	40.260	0	15.143
swarm_1_149.pdb	22.454	43.730	0	14.499
swarm_0_193.pdb	14.311	25.772	0	13.744
swarm_1_190.pdb	11.487	24.630	0.00423729	13.083
swarm_5_104.pdb	23.602	43.702	0	10.992
swarm_4_197.pdb	19.963	34.954	0	9.544
swarm_4_156.pdb	17.265	32.060	0	7.711
swarm_3_49.pdb	20.461	37.866	0	2.658
swarm_1_112.pdb	17.168	32.868	0	2.097
