swarm_1_44.pdb	4.335	3.889	0.659091	45.181
swarm_79_135.pdb	10.830	20.907	0.136364	43.305
swarm_72_196.pdb	13.976	27.235	0	41.611
swarm_0_154.pdb	14.017	26.080	0.0340909	41.394
swarm_1_133.pdb	5.373	7.164	0.375	41.173
swarm_82_65.pdb	13.640	25.659	0.0340909	40.574
swarm_6_65.pdb	16.142	27.498	0.0795455	40.374
swarm_12_43.pdb	13.836	23.948	0.0795455	40.344
swarm_68_177.pdb	11.011	20.426	0.0795455	39.971
swarm_76_199.pdb	13.823	25.213	0.102273	39.898
swarm_82_131.pdb	17.245	25.186	0	39.123
swarm_87_3.pdb	14.202	26.530	0.0227273	38.710
swarm_2_58.pdb	10.637	20.820	0.0681818	37.873
swarm_1_185.pdb	10.321	18.115	0.0795455	37.854
swarm_71_21.pdb	12.492	22.720	0.0795455	37.439
swarm_83_133.pdb	11.719	20.517	0.0227273	37.305
swarm_72_57.pdb	6.689	15.552	0.238636	37.297
swarm_79_107.pdb	12.083	22.228	0.102273	37.176
swarm_61_51.pdb	12.353	28.277	0	36.833
swarm_70_45.pdb	13.731	26.310	0.0568182	36.700
swarm_4_21.pdb	14.171	24.629	0.0227273	36.673
swarm_75_173.pdb	16.818	25.087	0	36.592
swarm_70_91.pdb	10.223	18.525	0.113636	36.546
swarm_106_18.pdb	12.077	22.735	0.125	36.489
swarm_66_33.pdb	15.905	27.482	0	36.331
swarm_107_163.pdb	9.860	16.822	0.0681818	36.304
swarm_24_177.pdb	13.959	25.274	0.0568182	35.992
swarm_75_122.pdb	19.108	34.113	0	35.930
swarm_63_150.pdb	15.424	28.566	0.0227273	35.900
swarm_83_176.pdb	16.575	23.682	0	35.429
swarm_76_195.pdb	13.244	23.510	0.0909091	35.370
swarm_51_29.pdb	14.275	29.206	0.0568182	34.914
swarm_74_20.pdb	14.165	24.407	0.0795455	34.913
swarm_63_32.pdb	12.573	23.576	0.0340909	34.882
swarm_79_159.pdb	18.627	28.344	0	34.585
swarm_63_126.pdb	16.661	23.757	0	34.526
swarm_66_18.pdb	18.662	28.146	0	34.448
swarm_99_22.pdb	12.060	22.567	0.136364	34.430
swarm_83_85.pdb	15.838	24.951	0	34.225
swarm_3_51.pdb	7.073	11.549	0.238636	33.954
swarm_87_18.pdb	16.901	29.371	0.0795455	33.905
swarm_4_120.pdb	16.454	23.572	0	33.847
swarm_3_187.pdb	16.279	23.457	0	33.797
swarm_64_158.pdb	18.553	29.104	0.0454545	33.561
swarm_63_67.pdb	9.784	18.811	0.0113636	33.452
swarm_29_158.pdb	17.366	27.791	0	33.389
swarm_82_190.pdb	17.516	29.245	0.0568182	33.313
swarm_76_74.pdb	16.703	23.402	0	33.209
swarm_45_184.pdb	13.741	25.097	0.0909091	33.088
swarm_55_110.pdb	12.566	23.478	0.0795455	33.012
swarm_61_168.pdb	17.016	37.017	0.0227273	32.887
swarm_52_94.pdb	17.039	29.324	0	32.736
swarm_51_194.pdb	10.963	22.037	0.0681818	32.611
swarm_68_106.pdb	18.172	30.001	0	32.547
swarm_64_103.pdb	21.769	49.808	0	32.459
swarm_78_106.pdb	7.241	12.199	0.227273	32.373
swarm_55_86.pdb	14.056	27.633	0.102273	32.329
swarm_3_186.pdb	12.699	22.787	0.102273	32.323
swarm_79_179.pdb	18.617	27.601	0	32.199
swarm_56_133.pdb	17.198	26.941	0	32.169
swarm_12_129.pdb	13.516	24.764	0.0681818	32.138
swarm_68_50.pdb	8.902	16.954	0.0340909	32.115
swarm_49_153.pdb	20.204	31.331	0.0227273	32.062
swarm_83_129.pdb	10.017	19.615	0.0454545	31.808
swarm_78_33.pdb	18.017	27.004	0	31.678
swarm_66_61.pdb	7.717	15.790	0.170455	31.654
swarm_68_66.pdb	13.536	19.543	0	31.619
swarm_57_198.pdb	7.165	15.461	0.136364	31.510
swarm_55_49.pdb	16.414	33.317	0	31.435
swarm_76_19.pdb	16.666	30.115	0.0340909	31.316
swarm_77_125.pdb	11.721	24.471	0	31.212
swarm_19_157.pdb	18.455	53.740	0	31.167
swarm_34_174.pdb	18.342	29.318	0	31.056
swarm_79_53.pdb	16.838	27.096	0	31.008
swarm_76_133.pdb	5.015	6.899	0.272727	30.976
swarm_72_72.pdb	18.972	28.480	0	30.870
swarm_62_122.pdb	14.372	32.010	0	30.820
swarm_63_196.pdb	13.935	21.091	0	30.714
swarm_52_67.pdb	17.048	25.045	0	30.438
swarm_77_21.pdb	19.433	29.659	0	30.400
swarm_70_194.pdb	18.020	28.841	0	30.334
swarm_6_1.pdb	8.313	13.839	0.147727	30.160
swarm_86_42.pdb	19.696	30.752	0	30.102
swarm_57_121.pdb	8.161	18.458	0.0795455	30.063
swarm_76_69.pdb	18.241	26.755	0	30.027
swarm_75_23.pdb	9.856	21.734	0.0340909	29.889
swarm_47_81.pdb	11.446	20.448	0.0340909	29.801
swarm_63_88.pdb	11.845	21.526	0.102273	29.762
swarm_6_10.pdb	17.336	28.904	0	29.752
swarm_77_37.pdb	17.538	28.365	0.0227273	29.750
swarm_56_169.pdb	16.428	26.743	0	29.671
swarm_68_189.pdb	18.745	35.028	0	29.649
swarm_58_50.pdb	18.310	33.295	0	29.606
swarm_4_16.pdb	19.027	54.555	0	29.512
swarm_5_79.pdb	9.524	16.590	0.147727	29.407
swarm_66_123.pdb	17.073	27.958	0	29.346
swarm_78_167.pdb	16.318	25.752	0	29.278
swarm_63_109.pdb	16.160	27.621	0.0454545	29.267
swarm_75_10.pdb	7.314	17.517	0.125	29.248
swarm_25_119.pdb	14.430	36.871	0.0681818	29.224
swarm_69_65.pdb	15.472	24.459	0	29.180
swarm_86_175.pdb	17.892	33.479	0	29.104
swarm_37_135.pdb	19.329	55.964	0.0113636	29.088
swarm_75_63.pdb	18.469	30.877	0	29.080
swarm_28_43.pdb	15.614	42.029	0.0454545	29.064
swarm_76_149.pdb	16.439	24.547	0	29.006
swarm_76_187.pdb	16.126	23.391	0	28.828
swarm_75_33.pdb	14.836	26.803	0	28.789
swarm_83_186.pdb	11.223	28.043	0.0227273	28.760
swarm_59_120.pdb	14.142	35.579	0.0113636	28.669
swarm_87_19.pdb	15.614	23.609	0	28.564
swarm_12_65.pdb	10.088	15.686	0.0340909	28.517
swarm_62_157.pdb	17.433	30.036	0	28.449
swarm_1_43.pdb	9.305	14.167	0	28.436
swarm_57_28.pdb	14.303	32.373	0	28.430
swarm_76_92.pdb	7.403	16.348	0.147727	28.422
swarm_82_49.pdb	16.083	28.336	0.0454545	28.365
swarm_75_171.pdb	14.870	25.771	0	28.356
swarm_40_29.pdb	15.849	39.526	0.0113636	28.308
swarm_63_52.pdb	15.558	23.105	0	28.282
swarm_70_30.pdb	14.573	23.665	0	28.220
swarm_87_125.pdb	14.796	20.995	0	28.188
swarm_62_152.pdb	17.790	38.481	0.0113636	28.121
swarm_52_38.pdb	12.425	33.141	0.0113636	27.976
swarm_44_62.pdb	18.363	39.352	0.0227273	27.894
swarm_23_5.pdb	14.094	25.538	0.0681818	27.862
swarm_51_138.pdb	14.799	34.944	0.0340909	27.824
swarm_51_178.pdb	9.424	19.296	0.0454545	27.766
swarm_80_154.pdb	5.994	16.141	0.25	27.724
swarm_50_184.pdb	12.222	39.131	0	27.629
swarm_37_179.pdb	16.147	37.881	0.0340909	27.561
swarm_12_8.pdb	7.518	15.604	0.125	27.462
swarm_80_172.pdb	19.402	38.022	0	27.433
swarm_70_56.pdb	16.888	28.295	0	27.410
swarm_55_53.pdb	15.426	24.459	0	27.374
swarm_55_96.pdb	15.181	22.956	0	27.340
swarm_48_143.pdb	8.726	28.680	0.0227273	27.312
swarm_4_89.pdb	17.054	52.855	0	27.258
swarm_56_139.pdb	16.404	49.677	0	27.255
swarm_60_36.pdb	13.144	28.684	0.0568182	27.237
swarm_73_98.pdb	16.411	26.632	0	27.220
swarm_77_170.pdb	17.185	27.918	0	27.218
swarm_55_189.pdb	16.121	24.572	0	26.966
swarm_75_153.pdb	17.130	26.141	0	26.962
swarm_66_50.pdb	13.089	22.931	0	26.952
swarm_55_183.pdb	16.316	25.454	0	26.937
swarm_40_106.pdb	19.313	37.593	0	26.790
swarm_42_32.pdb	18.487	37.710	0	26.761
swarm_76_116.pdb	15.133	23.013	0	26.737
swarm_18_185.pdb	14.644	50.888	0	26.726
swarm_4_82.pdb	10.534	17.636	0.0454545	26.710
swarm_57_89.pdb	19.126	27.970	0	26.691
swarm_76_11.pdb	13.578	24.122	0.0909091	26.581
swarm_20_76.pdb	19.750	53.260	0	26.438
swarm_32_85.pdb	21.276	49.436	0	26.404
swarm_42_130.pdb	20.704	52.020	0	26.339
swarm_68_53.pdb	14.421	25.866	0.0909091	26.326
swarm_22_104.pdb	18.279	54.403	0	26.290
swarm_42_151.pdb	10.344	28.479	0	26.144
swarm_72_96.pdb	20.275	32.123	0.0340909	26.107
swarm_20_162.pdb	18.844	53.387	0	26.100
swarm_63_53.pdb	12.849	23.854	0.0227273	26.002
swarm_62_92.pdb	7.672	21.499	0.0340909	25.942
swarm_75_172.pdb	14.465	27.632	0	25.919
swarm_80_10.pdb	17.219	33.348	0	25.876
swarm_83_189.pdb	17.435	29.895	0	25.824
swarm_65_79.pdb	11.374	21.273	0.0909091	25.789
swarm_57_89.pdb	15.895	24.918	0	25.775
swarm_46_174.pdb	18.346	33.977	0	25.660
swarm_62_113.pdb	8.434	20.440	0.0568182	25.618
swarm_29_75.pdb	14.114	42.099	0.0454545	25.617
swarm_60_174.pdb	20.818	42.814	0	25.584
swarm_86_182.pdb	13.836	23.974	0	25.552
swarm_60_142.pdb	13.479	35.899	0.0227273	25.493
swarm_66_2.pdb	18.354	26.177	0	25.298
swarm_66_41.pdb	18.957	28.755	0	25.296
swarm_58_173.pdb	18.141	31.150	0	25.231
swarm_60_45.pdb	13.942	31.254	0.0340909	25.183
swarm_85_14.pdb	17.462	24.380	0	25.174
swarm_13_166.pdb	16.887	31.776	0	25.123
swarm_40_193.pdb	19.675	53.702	0	25.029
swarm_36_98.pdb	15.045	43.870	0.0340909	25.019
swarm_18_77.pdb	15.812	29.699	0	24.999
swarm_18_64.pdb	21.011	51.200	0	24.993
swarm_40_58.pdb	13.176	35.491	0	24.883
swarm_14_131.pdb	14.814	25.540	0	24.874
swarm_86_33.pdb	14.702	22.165	0	24.847
swarm_20_126.pdb	11.794	26.439	0.0113636	24.828
swarm_71_186.pdb	17.351	29.492	0	24.814
swarm_59_132.pdb	22.250	51.159	0	24.808
swarm_48_175.pdb	20.168	37.326	0	24.742
swarm_66_146.pdb	17.158	28.819	0.0227273	24.727
swarm_82_127.pdb	18.129	27.947	0	24.625
swarm_42_58.pdb	18.870	38.980	0	24.620
swarm_16_9.pdb	24.064	54.080	0	24.617
swarm_77_1.pdb	15.527	30.688	0.0568182	24.575
swarm_42_25.pdb	21.074	44.588	0	24.537
swarm_4_2.pdb	18.304	53.685	0.0227273	24.425
swarm_18_191.pdb	13.022	47.227	0	24.319
swarm_37_28.pdb	10.821	36.348	0	24.197
swarm_72_42.pdb	15.359	23.426	0	24.195
swarm_34_65.pdb	18.153	28.822	0.0227273	24.157
swarm_7_128.pdb	13.921	48.088	0	24.030
swarm_56_109.pdb	23.450	53.311	0	24.023
swarm_13_94.pdb	17.106	30.368	0.0568182	24.023
swarm_60_79.pdb	19.382	35.998	0	24.005
swarm_68_147.pdb	20.563	42.202	0	23.998
swarm_30_163.pdb	9.900	24.380	0.0454545	23.976
swarm_62_46.pdb	19.409	36.441	0	23.929
swarm_75_115.pdb	17.997	32.811	0	23.760
swarm_36_179.pdb	19.291	51.714	0.0113636	23.725
swarm_4_137.pdb	22.555	53.987	0	23.701
swarm_80_24.pdb	18.118	30.102	0	23.696
swarm_46_99.pdb	10.353	29.768	0	23.643
swarm_58_91.pdb	13.868	29.921	0.0113636	23.629
swarm_62_112.pdb	9.509	28.498	0	23.451
swarm_21_186.pdb	16.392	26.691	0	23.411
swarm_57_181.pdb	8.556	20.924	0.0454545	23.390
swarm_80_197.pdb	17.643	31.118	0	23.365
swarm_11_18.pdb	16.133	55.086	0.0227273	23.364
swarm_38_41.pdb	16.464	31.628	0.0454545	23.327
swarm_80_57.pdb	18.994	33.460	0	23.308
swarm_79_18.pdb	18.993	30.830	0.0340909	23.281
swarm_52_12.pdb	12.422	34.850	0	23.240
swarm_47_47.pdb	19.651	47.090	0	23.232
swarm_48_121.pdb	14.297	29.321	0	23.184
swarm_86_180.pdb	17.677	29.962	0	23.073
swarm_48_122.pdb	18.438	38.212	0.0340909	22.860
swarm_76_123.pdb	10.635	25.545	0.0454545	22.821
swarm_62_189.pdb	18.413	32.901	0	22.749
swarm_15_162.pdb	20.262	50.240	0	22.668
swarm_13_0.pdb	6.287	16.456	0.0454545	22.629
swarm_80_87.pdb	17.520	29.721	0	22.624
swarm_24_157.pdb	17.859	30.471	0.0568182	22.575
swarm_86_49.pdb	8.021	18.805	0.0113636	22.566
swarm_55_54.pdb	9.565	20.724	0.0568182	22.540
swarm_16_42.pdb	18.538	43.282	0.0340909	22.498
swarm_44_57.pdb	18.943	31.936	0	22.434
swarm_0_3.pdb	8.112	11.472	0.0454545	22.428
swarm_44_78.pdb	20.586	51.181	0	22.392
swarm_86_5.pdb	17.473	30.583	0	22.303
swarm_42_106.pdb	21.142	41.213	0	22.229
swarm_9_197.pdb	16.801	27.712	0	22.079
swarm_42_170.pdb	18.240	51.919	0	22.043
swarm_70_86.pdb	16.225	28.115	0.0681818	22.031
swarm_42_66.pdb	20.196	37.329	0	21.962
swarm_4_119.pdb	20.904	53.348	0	21.955
swarm_72_177.pdb	18.122	29.727	0.0909091	21.936
swarm_29_50.pdb	15.446	27.007	0	21.908
swarm_49_130.pdb	17.111	45.927	0	21.898
swarm_48_192.pdb	19.314	42.411	0	21.841
swarm_2_157.pdb	16.795	26.859	0	21.798
swarm_61_28.pdb	19.190	32.932	0	21.785
swarm_23_184.pdb	13.967	19.970	0	21.702
swarm_61_139.pdb	20.107	40.881	0	21.637
swarm_86_94.pdb	17.372	30.195	0	21.591
swarm_26_192.pdb	16.386	52.236	0.0113636	21.581
swarm_50_142.pdb	20.747	41.137	0	21.552
swarm_50_154.pdb	16.991	40.844	0	21.518
swarm_7_173.pdb	15.827	53.353	0	21.504
swarm_62_38.pdb	21.980	37.092	0	21.496
swarm_83_92.pdb	18.235	33.727	0	21.450
swarm_21_71.pdb	16.413	30.768	0.0113636	21.435
swarm_22_121.pdb	22.012	51.479	0	21.282
swarm_22_149.pdb	18.616	49.361	0.0227273	21.219
swarm_30_160.pdb	20.182	39.522	0.0795455	21.145
swarm_19_35.pdb	18.217	55.940	0	21.106
swarm_42_88.pdb	21.632	48.168	0	21.073
swarm_9_133.pdb	18.284	31.555	0	21.038
swarm_6_58.pdb	19.748	30.714	0	20.926
swarm_52_148.pdb	18.252	30.004	0	20.909
swarm_32_18.pdb	19.273	54.123	0.0113636	20.863
swarm_56_28.pdb	13.838	48.379	0	20.831
swarm_43_85.pdb	20.856	40.187	0	20.705
swarm_30_167.pdb	17.611	30.704	0	20.674
swarm_75_123.pdb	14.523	31.233	0.0227273	20.644
swarm_59_156.pdb	14.685	51.322	0.0113636	20.629
swarm_57_7.pdb	15.638	24.122	0	20.573
swarm_36_4.pdb	22.423	54.701	0	20.386
swarm_26_5.pdb	17.050	53.084	0	20.371
swarm_42_29.pdb	20.978	37.605	0	20.303
swarm_48_21.pdb	18.026	38.009	0	20.283
swarm_7_152.pdb	16.976	53.531	0	20.195
swarm_37_40.pdb	11.427	34.487	0	20.124
swarm_64_119.pdb	18.855	28.639	0	19.983
swarm_77_136.pdb	15.527	21.973	0	19.914
swarm_41_100.pdb	16.414	48.035	0	19.894
swarm_42_156.pdb	20.715	52.270	0	19.815
swarm_42_149.pdb	21.048	58.204	0	19.781
swarm_60_55.pdb	20.382	35.259	0	19.737
swarm_34_31.pdb	9.173	17.012	0.0681818	19.674
swarm_7_14.pdb	21.780	54.975	0	19.663
swarm_42_87.pdb	20.130	38.195	0	19.596
swarm_44_91.pdb	14.347	33.849	0	19.546
swarm_8_128.pdb	21.541	54.636	0	19.410
swarm_55_141.pdb	19.001	31.204	0	19.371
swarm_14_4.pdb	14.170	28.194	0.0568182	19.246
swarm_18_16.pdb	22.495	47.692	0	19.069
swarm_21_35.pdb	20.096	40.415	0.0227273	19.067
swarm_4_188.pdb	24.467	57.713	0	19.041
swarm_36_65.pdb	17.754	52.293	0	19.029
swarm_59_176.pdb	12.355	37.831	0	18.972
swarm_37_11.pdb	9.671	30.674	0.0227273	18.968
swarm_80_173.pdb	18.520	29.294	0	18.874
swarm_4_38.pdb	21.660	48.472	0	18.750
swarm_9_0.pdb	18.638	38.640	0.0113636	18.735
swarm_85_147.pdb	10.745	22.402	0.0909091	18.690
swarm_4_12.pdb	24.317	54.711	0	18.426
swarm_24_90.pdb	14.092	40.673	0	18.393
swarm_8_198.pdb	23.261	49.556	0	18.377
swarm_29_194.pdb	12.881	43.974	0	18.064
swarm_36_101.pdb	19.055	53.206	0	18.056
swarm_4_106.pdb	24.868	57.384	0	18.019
swarm_52_177.pdb	19.613	44.284	0	17.914
swarm_75_146.pdb	18.140	31.743	0.0454545	17.899
swarm_13_195.pdb	19.628	36.740	0	17.839
swarm_7_115.pdb	23.349	53.359	0	17.756
swarm_63_182.pdb	17.860	29.305	0.0454545	17.737
swarm_44_39.pdb	13.656	48.787	0.0113636	17.622
swarm_44_131.pdb	17.376	39.041	0	17.598
swarm_62_79.pdb	19.990	35.755	0	17.594
swarm_59_0.pdb	18.456	38.279	0	17.452
swarm_18_127.pdb	18.953	55.212	0	17.403
swarm_55_179.pdb	18.906	30.107	0	17.203
swarm_40_138.pdb	8.532	29.489	0.0568182	17.189
swarm_35_43.pdb	18.942	56.669	0.0340909	17.143
swarm_22_89.pdb	18.840	56.149	0	16.904
swarm_7_15.pdb	23.876	53.351	0	16.590
swarm_44_176.pdb	18.503	35.194	0	16.348
swarm_52_85.pdb	17.926	41.526	0	16.327
swarm_7_125.pdb	20.723	46.007	0	16.277
swarm_39_159.pdb	17.572	30.341	0	16.177
swarm_41_82.pdb	21.736	54.152	0	16.033
swarm_59_28.pdb	19.482	50.749	0	15.884
swarm_41_189.pdb	14.033	44.382	0	15.845
swarm_28_46.pdb	22.474	51.263	0	15.622
swarm_61_140.pdb	17.121	34.381	0	15.448
swarm_6_131.pdb	18.387	44.815	0	15.226
swarm_44_99.pdb	20.253	51.078	0	15.176
swarm_52_6.pdb	9.986	31.549	0.0340909	15.130
swarm_9_148.pdb	19.776	35.282	0	15.087
swarm_55_0.pdb	9.459	16.488	0.0227273	15.029
swarm_62_5.pdb	21.145	36.226	0	14.820
swarm_64_172.pdb	22.324	53.239	0	14.730
swarm_30_156.pdb	14.649	27.493	0	14.526
swarm_45_61.pdb	17.521	25.434	0	14.364
swarm_3_131.pdb	19.215	30.123	0.0340909	14.267
swarm_56_24.pdb	23.244	51.973	0	14.245
swarm_27_26.pdb	10.291	32.167	0.0681818	14.191
swarm_75_89.pdb	16.442	26.417	0	13.194
swarm_57_184.pdb	16.871	29.164	0	12.845
swarm_26_55.pdb	16.257	50.253	0	12.676
swarm_2_161.pdb	16.388	25.270	0	12.669
swarm_77_113.pdb	16.449	27.314	0	12.490
swarm_68_143.pdb	19.211	29.526	0	12.153
swarm_58_138.pdb	18.815	39.422	0.0113636	12.097
swarm_41_94.pdb	12.672	38.174	0	11.898
swarm_61_117.pdb	19.322	35.174	0	11.679
swarm_32_100.pdb	16.553	52.504	0	11.610
swarm_79_165.pdb	16.924	29.191	0	11.251
swarm_68_160.pdb	18.356	29.119	0	11.242
swarm_58_80.pdb	14.396	31.398	0	10.987
swarm_44_111.pdb	20.974	50.815	0	10.971
swarm_15_10.pdb	22.146	48.904	0	10.489
swarm_24_137.pdb	20.818	49.920	0	10.173
swarm_59_174.pdb	22.296	54.577	0	10.044
swarm_83_168.pdb	15.623	26.763	0	9.809
swarm_41_151.pdb	18.878	42.520	0	9.520
swarm_58_147.pdb	17.890	43.291	0	9.451
swarm_5_166.pdb	8.755	19.406	0	8.556
swarm_55_129.pdb	14.439	30.119	0.0113636	8.199
swarm_14_63.pdb	21.164	53.358	0	7.957
swarm_4_125.pdb	19.501	57.835	0.0113636	7.864
swarm_68_64.pdb	17.686	41.233	0	7.802
swarm_76_136.pdb	6.794	14.150	0.0681818	7.173
swarm_48_115.pdb	21.148	42.522	0	6.589
swarm_42_69.pdb	14.480	53.293	0	6.357
swarm_79_7.pdb	14.188	25.471	0.0568182	6.168
swarm_43_121.pdb	21.350	44.818	0	6.145
swarm_7_0.pdb	14.097	45.677	0	5.487
swarm_66_127.pdb	18.474	30.911	0	5.390
swarm_59_192.pdb	19.562	50.215	0	4.864
swarm_9_37.pdb	9.676	30.237	0.0681818	4.721
swarm_58_164.pdb	17.949	38.864	0	4.428
swarm_5_75.pdb	19.568	35.173	0.0113636	4.280
swarm_79_93.pdb	17.130	28.782	0.0568182	4.134
swarm_66_79.pdb	20.744	36.420	0	3.817
swarm_88_27.pdb	11.193	27.376	0.0340909	3.265
swarm_11_185.pdb	12.256	22.612	0	2.648
swarm_20_49.pdb	19.234	37.398	0	1.811
swarm_57_39.pdb	11.695	24.457	0	1.507
swarm_31_131.pdb	18.749	29.346	0	1.491
swarm_33_115.pdb	21.028	51.225	0.0113636	1.482
swarm_43_21.pdb	21.672	53.231	0	0.333
swarm_80_167.pdb	9.379	22.440	0.0340909	0.065
