run1-swarm_91_72.pdb	4.246	3.564	0.715909	68.474
run1-swarm_74_14.pdb	4.509	5.813	0.659091	66.610
run1-swarm_76_31.pdb	4.348	4.025	0.579545	62.397
run1-swarm_54_75.pdb	4.567	5.742	0.681818	60.260
run1-swarm_80_97.pdb	4.109	2.808	0.693182	57.708
run1-swarm_75_112.pdb	4.114	2.591	0.704545	57.424
run1-swarm_72_8.pdb	4.264	4.215	0.5	56.178
run1-swarm_81_181.pdb	4.205	2.422	0.659091	55.462
run1-swarm_94_144.pdb	4.141	2.570	0.75	54.829
run1-swarm_71_61.pdb	5.054	7.590	0.386364	54.339
run1-swarm_88_38.pdb	4.861	7.322	0.602273	54.276
run1-swarm_92_78.pdb	4.566	5.235	0.465909	53.587
run1-swarm_69_0.pdb	5.217	8.630	0.318182	53.344
run0-swarm_1_6.pdb	4.170	3.304	0.636364	52.569
run1-swarm_87_142.pdb	5.284	7.852	0.352273	50.310
run1-swarm_79_97.pdb	4.163	2.921	0.545455	50.034
run1-swarm_70_198.pdb	4.097	2.120	0.545455	49.448
run0-swarm_29_179.pdb	4.439	4.943	0.613636	49.435
run0-swarm_60_45.pdb	4.133	2.518	0.5	48.601
run1-swarm_77_189.pdb	4.923	5.709	0.579545	47.815
run0-swarm_46_157.pdb	4.308	4.191	0.488636	46.421
run1-swarm_85_54.pdb	4.253	4.192	0.511364	45.667
run1-swarm_46_55.pdb	4.566	7.355	0.340909	45.595
run1-swarm_81_59.pdb	6.280	12.337	0.215909	44.435
run0-swarm_43_131.pdb	4.442	4.532	0.454545	43.641
run0-swarm_12_84.pdb	4.524	4.158	0.443182	43.069
run1-swarm_93_87.pdb	5.724	9.762	0.170455	42.711
run1-swarm_83_77.pdb	5.568	8.659	0.159091	42.668
run1-swarm_72_18.pdb	5.040	9.358	0.227273	41.894
run1-swarm_93_85.pdb	8.680	20.584	0.0909091	41.862
run1-swarm_64_100.pdb	12.547	33.842	0.0227273	40.795
run1-swarm_73_102.pdb	12.885	33.471	0.0227273	40.738
run1-swarm_86_198.pdb	11.108	28.139	0.0340909	40.629
run1-swarm_92_53.pdb	7.309	16.067	0.125	40.192
run1-swarm_92_71.pdb	5.604	8.670	0.159091	40.124
run1-swarm_65_60.pdb	12.958	36.373	0.0227273	39.892
run1-swarm_94_159.pdb	8.866	21.107	0.0795455	39.344
run1-swarm_84_3.pdb	11.087	27.100	0.0340909	38.885
run1-swarm_77_96.pdb	8.844	14.332	0.0227273	38.877
run0-swarm_25_92.pdb	4.669	8.175	0.386364	38.610
run0-swarm_47_127.pdb	5.131	7.030	0.295455	37.860
run1-swarm_60_102.pdb	13.093	35.516	0.0227273	37.479
run0-swarm_20_4.pdb	5.123	6.637	0.204545	37.210
run1-swarm_66_120.pdb	11.944	29.671	0.0340909	36.868
run1-swarm_79_123.pdb	8.321	15.776	0	36.734
run1-swarm_65_168.pdb	10.155	25.998	0.0454545	36.466
run1-swarm_84_192.pdb	5.091	9.853	0.215909	36.439
run0-swarm_29_33.pdb	4.880	5.474	0.295455	36.438
run0-swarm_34_144.pdb	7.238	15.783	0.0681818	36.220
run1-swarm_81_88.pdb	8.840	12.233	0.0113636	35.924
run0-swarm_0_6.pdb	4.874	8.275	0.465909	35.047
run1-swarm_40_39.pdb	5.041	11.219	0.193182	34.898
run1-swarm_87_22.pdb	7.903	12.617	0	34.787
run1-swarm_55_48.pdb	11.957	30.451	0.0340909	34.634
run1-swarm_79_159.pdb	7.098	14.060	0.0340909	34.088
run1-swarm_90_125.pdb	4.857	9.078	0.227273	34.033
run1-swarm_58_60.pdb	6.334	8.495	0.136364	33.943
run0-swarm_3_106.pdb	6.952	15.018	0.0681818	33.754
run1-swarm_82_22.pdb	5.279	10.217	0.215909	33.705
run1-swarm_42_198.pdb	5.763	9.388	0.0795455	33.346
run1-swarm_73_20.pdb	10.325	25.098	0.0340909	33.145
run1-swarm_61_141.pdb	8.193	23.648	0.0227273	33.014
run0-swarm_66_99.pdb	6.343	13.299	0.125	32.980
run0-swarm_12_121.pdb	5.903	7.573	0.136364	32.864
run1-swarm_53_154.pdb	6.105	8.673	0.25	32.829
run1-swarm_52_76.pdb	5.188	10.026	0.159091	32.733
run0-swarm_51_139.pdb	4.892	9.916	0.386364	32.646
run1-swarm_91_107.pdb	7.855	15.155	0.0681818	32.629
run1-swarm_88_14.pdb	6.218	12.817	0.113636	32.278
run1-swarm_70_19.pdb	6.903	12.740	0.0454545	32.200
run0-swarm_50_100.pdb	6.974	16.316	0.113636	32.150
run0-swarm_43_38.pdb	6.454	16.377	0.102273	31.890
run0-swarm_63_114.pdb	6.042	10.334	0.0909091	31.889
run1-swarm_68_17.pdb	6.260	14.432	0.159091	31.828
run0-swarm_59_65.pdb	6.688	17.979	0.136364	31.788
run1-swarm_54_174.pdb	9.773	21.328	0.0568182	31.695
run1-swarm_84_49.pdb	8.911	19.186	0.0113636	31.593
run0-swarm_28_47.pdb	5.839	9.690	0.113636	31.567
run1-swarm_90_116.pdb	10.231	25.797	0.0227273	31.556
run1-swarm_90_61.pdb	7.716	17.597	0.0227273	31.443
run1-swarm_82_175.pdb	6.746	16.450	0.0681818	31.146
run1-swarm_48_174.pdb	11.367	25.481	0	30.793
run1-swarm_82_129.pdb	5.564	7.666	0.159091	30.728
run1-swarm_61_62.pdb	7.778	17.502	0.0227273	30.347
run1-swarm_44_181.pdb	7.945	17.126	0.0227273	30.333
run0-swarm_30_1.pdb	6.942	11.789	0.0340909	30.293
run1-swarm_62_90.pdb	7.748	20.278	0.0795455	30.090
run0-swarm_11_146.pdb	6.448	16.749	0.113636	29.954
run0-swarm_1_143.pdb	5.909	10.202	0.125	29.929
run1-swarm_77_95.pdb	7.032	15.461	0.0568182	29.744
run0-swarm_31_57.pdb	5.152	9.314	0.363636	29.642
run1-swarm_74_143.pdb	6.324	10.251	0.0681818	29.606
run1-swarm_85_1.pdb	10.248	23.139	0.0113636	29.300
run1-swarm_66_186.pdb	8.719	25.467	0	29.088
run1-swarm_44_14.pdb	7.324	15.746	0.0568182	29.051
run1-swarm_61_188.pdb	7.032	14.765	0.0227273	29.035
run1-swarm_52_158.pdb	7.857	17.767	0.0227273	28.887
run1-swarm_51_30.pdb	10.405	24.110	0.0454545	28.803
run1-swarm_86_46.pdb	9.647	21.804	0.0113636	28.769
run1-swarm_62_137.pdb	7.784	18.131	0.0227273	28.696
run1-swarm_76_117.pdb	5.405	9.758	0.125	28.644
run0-swarm_51_107.pdb	7.505	23.267	0.113636	28.544
run1-swarm_46_137.pdb	8.025	17.839	0.0113636	28.502
run1-swarm_63_64.pdb	10.835	30.267	0	28.451
run0-swarm_66_64.pdb	5.091	11.321	0.329545	28.292
run0-swarm_19_57.pdb	7.367	11.508	0.0227273	28.165
run1-swarm_86_137.pdb	8.703	24.478	0.0113636	28.106
run1-swarm_72_35.pdb	7.474	13.980	0.0227273	28.102
run1-swarm_38_29.pdb	11.993	37.120	0	27.873
run1-swarm_41_118.pdb	6.377	12.066	0.0454545	27.573
run1-swarm_32_38.pdb	8.324	19.945	0.0113636	27.531
run1-swarm_58_47.pdb	8.832	14.869	0	27.480
run1-swarm_75_165.pdb	8.062	18.005	0.0568182	27.028
run1-swarm_57_124.pdb	11.129	32.083	0	26.644
run1-swarm_57_65.pdb	7.344	17.212	0.0340909	26.624
run1-swarm_92_36.pdb	6.530	10.458	0.0568182	26.546
run1-swarm_75_84.pdb	6.834	9.534	0.0340909	26.537
run1-swarm_50_34.pdb	10.081	30.105	0	26.491
run0-swarm_17_97.pdb	7.454	13.563	0.0340909	26.320
run1-swarm_60_88.pdb	12.308	38.888	0	25.766
run1-swarm_74_66.pdb	7.352	12.435	0.0454545	25.752
run1-swarm_55_72.pdb	11.310	32.360	0	25.485
run1-swarm_20_55.pdb	14.221	42.485	0	25.130
run0-swarm_6_137.pdb	5.191	9.037	0.227273	25.119
run1-swarm_16_58.pdb	6.693	15.662	0.0681818	24.735
run1-swarm_10_178.pdb	7.608	13.229	0.0227273	24.674
run1-swarm_25_46.pdb	12.191	40.104	0	24.656
run1-swarm_69_7.pdb	7.101	16.643	0.0681818	24.420
run1-swarm_31_76.pdb	7.871	17.398	0.0227273	24.123
run1-swarm_52_121.pdb	6.815	12.534	0.0340909	23.222
run1-swarm_71_59.pdb	6.747	16.199	0.0568182	22.994
run0-swarm_11_46.pdb	9.796	27.833	0.0568182	22.968
run1-swarm_41_104.pdb	5.047	6.944	0.0795455	22.944
run0-swarm_62_33.pdb	6.645	20.120	0.113636	22.526
run1-swarm_15_99.pdb	11.402	29.712	0.0568182	22.511
run0-swarm_64_101.pdb	7.176	21.788	0.113636	22.146
run1-swarm_22_99.pdb	7.155	20.330	0.0454545	22.022
run1-swarm_70_42.pdb	6.877	14.819	0.215909	21.928
run1-swarm_41_149.pdb	11.015	18.391	0	21.910
run1-swarm_11_142.pdb	7.806	19.231	0.0227273	21.785
run0-swarm_19_139.pdb	6.880	14.048	0.102273	21.667
run1-swarm_5_63.pdb	10.085	33.520	0.0113636	21.583
run1-swarm_57_144.pdb	11.336	25.591	0	21.457
run0-swarm_9_133.pdb	10.377	24.509	0.0454545	21.426
run0-swarm_20_162.pdb	12.182	20.714	0	21.311
run0-swarm_50_123.pdb	9.101	27.869	0.0909091	21.255
run1-swarm_32_166.pdb	11.281	32.719	0	21.044
run1-swarm_69_168.pdb	7.183	17.347	0.0113636	20.954
run1-swarm_24_137.pdb	7.641	17.814	0.125	20.902
run1-swarm_18_124.pdb	11.859	39.597	0	20.865
run1-swarm_42_63.pdb	8.237	16.169	0.0454545	20.532
run1-swarm_40_107.pdb	8.040	16.012	0.0340909	20.201
run1-swarm_27_4.pdb	11.600	37.356	0.0227273	20.049
run0-swarm_52_29.pdb	18.429	46.552	0	19.888
run1-swarm_24_126.pdb	8.331	26.825	0	19.255
run0-swarm_34_133.pdb	9.088	14.873	0	19.116
run0-swarm_25_136.pdb	7.121	10.439	0.0227273	18.979
run0-swarm_4_159.pdb	20.824	52.698	0	18.783
run0-swarm_25_81.pdb	7.236	15.295	0.0795455	18.517
run1-swarm_67_106.pdb	10.234	29.517	0.0454545	18.463
run1-swarm_10_181.pdb	10.614	21.022	0.0113636	18.389
run0-swarm_30_105.pdb	9.891	23.111	0.0454545	18.282
run1-swarm_69_38.pdb	9.537	19.449	0	18.257
run1-swarm_15_42.pdb	9.210	31.204	0	18.042
run0-swarm_19_146.pdb	7.621	14.855	0.0568182	18.024
run0-swarm_1_43.pdb	11.240	18.381	0	17.925
run1-swarm_4_75.pdb	7.767	24.306	0.0113636	17.886
run0-swarm_59_28.pdb	8.399	16.029	0.0340909	17.247
run1-swarm_24_40.pdb	10.107	21.304	0.0340909	16.830
run1-swarm_56_137.pdb	10.650	26.455	0.0113636	16.103
run0-swarm_9_139.pdb	7.679	22.856	0.125	15.556
run0-swarm_58_129.pdb	12.892	31.866	0.0340909	15.469
run0-swarm_25_91.pdb	8.758	19.187	0	15.357
run0-swarm_35_166.pdb	12.279	29.710	0.0113636	15.020
run1-swarm_0_119.pdb	14.234	40.784	0.0113636	14.687
run1-swarm_16_83.pdb	10.063	28.653	0.0681818	14.647
run0-swarm_17_14.pdb	12.564	33.996	0.0113636	13.428
run1-swarm_42_176.pdb	7.949	21.537	0.0454545	13.425
run0-swarm_6_191.pdb	6.548	15.698	0.136364	13.096
run1-swarm_1_197.pdb	14.024	40.010	0.0113636	12.667
run1-swarm_31_70.pdb	9.938	28.942	0.0909091	12.023
run1-swarm_87_114.pdb	8.434	18.526	0	11.652
run0-swarm_65_185.pdb	7.570	16.363	0.113636	10.315
run1-swarm_3_174.pdb	9.329	26.958	0.0909091	9.576
run0-swarm_59_66.pdb	8.810	25.979	0.102273	9.000
run0-swarm_63_193.pdb	10.080	20.238	0	8.785
run1-swarm_32_152.pdb	13.118	25.760	0	8.686
run0-swarm_11_131.pdb	7.629	24.205	0.113636	8.535
run1-swarm_44_85.pdb	12.556	23.966	0	8.408
run1-swarm_10_4.pdb	10.306	29.956	0.0568182	8.191
run0-swarm_54_20.pdb	15.267	40.164	0	7.389
run0-swarm_34_40.pdb	9.654	16.407	0.0227273	7.156
run1-swarm_10_10.pdb	8.245	22.613	0.0795455	6.322
run1-swarm_1_59.pdb	12.171	34.665	0	5.579
run1-swarm_41_74.pdb	9.703	25.919	0.0568182	5.104
run0-swarm_44_1.pdb	15.741	41.015	0.0340909	4.710
run1-swarm_56_164.pdb	10.744	31.720	0.0340909	4.649
run1-swarm_32_156.pdb	10.473	32.379	0.0113636	2.069
run1-swarm_21_6.pdb	13.399	43.709	0	1.965
run1-swarm_72_69.pdb	10.618	15.314	0	1.780
run1-swarm_12_29.pdb	13.261	38.549	0.0227273	0.731
run1-swarm_25_132.pdb	12.116	35.423	0	0.685
run1-swarm_0_125.pdb	12.153	36.601	0.102273	0.389
