swarm_24_89.pdb	3.223	11.141	0.177778	43.784
swarm_15_24.pdb	3.157	12.532	0.355556	41.814
swarm_7_59.pdb	3.577	13.566	0.133333	41.180
swarm_22_30.pdb	6.885	14.532	0.0222222	41.178
swarm_12_176.pdb	2.795	8.985	0.266667	39.670
swarm_23_142.pdb	6.474	13.482	0.0222222	39.124
swarm_1_149.pdb	3.822	13.803	0.0666667	38.193
swarm_13_197.pdb	6.678	12.935	0.0222222	37.866
swarm_18_111.pdb	4.549	11.209	0.0444444	37.559
swarm_8_27.pdb	4.080	16.701	0.111111	37.370
swarm_16_74.pdb	7.805	15.878	0	37.227
swarm_3_147.pdb	4.361	11.973	0.0222222	37.050
swarm_24_18.pdb	6.548	14.534	0	36.657
swarm_10_5.pdb	6.194	12.938	0.0222222	36.604
swarm_17_142.pdb	8.218	16.583	0	35.521
swarm_3_25.pdb	7.058	14.117	0	35.291
swarm_15_72.pdb	4.020	12.753	0.111111	34.584
swarm_22_57.pdb	3.819	10.631	0.133333	34.552
swarm_2_150.pdb	7.521	15.272	0	33.491
swarm_17_138.pdb	5.382	14.563	0.0666667	31.861
swarm_21_125.pdb	7.420	15.787	0	31.155
swarm_2_31.pdb	5.483	13.683	0.0222222	30.250
swarm_4_139.pdb	15.580	42.474	0	29.383
swarm_11_24.pdb	8.953	18.097	0	28.604
swarm_23_62.pdb	5.098	15.088	0.0666667	28.050
swarm_8_143.pdb	5.083	15.415	0.0444444	25.020
swarm_23_65.pdb	9.576	20.340	0	24.461
swarm_5_65.pdb	12.296	35.082	0	24.100
swarm_22_98.pdb	11.244	20.762	0	22.233
swarm_5_126.pdb	11.047	23.588	0	17.050
swarm_16_156.pdb	4.857	10.774	0.0888889	15.357
swarm_23_145.pdb	5.520	15.698	0.0444444	14.595
swarm_1_143.pdb	10.009	17.760	0	7.239
swarm_10_167.pdb	7.406	13.423	0	2.389
