swarm_289_191.pdb	7.126	21.245	0.0666667	32.998
swarm_313_79.pdb	9.110	27.252	0	32.557
swarm_314_47.pdb	6.301	21.989	0.0222222	32.090
swarm_330_70.pdb	7.157	20.243	0.0444444	31.990
swarm_330_154.pdb	8.929	24.657	0	31.001
swarm_324_34.pdb	9.549	21.679	0.0222222	30.979
swarm_328_72.pdb	9.048	23.836	0.0444444	30.165
swarm_298_65.pdb	6.383	23.927	0.0666667	30.117
swarm_164_30.pdb	9.962	21.535	0.0222222	29.856
swarm_314_37.pdb	11.194	22.814	0	29.446
swarm_297_122.pdb	8.239	22.130	0.0222222	29.354
swarm_299_21.pdb	5.829	21.320	0.0888889	29.173
swarm_332_143.pdb	8.909	24.632	0.0666667	28.441
swarm_137_85.pdb	12.206	24.659	0	27.638
swarm_265_12.pdb	6.347	18.135	0.133333	27.603
swarm_328_154.pdb	7.979	17.737	0	27.548
swarm_226_32.pdb	11.482	21.614	0	27.509
swarm_314_176.pdb	11.330	21.944	0	27.495
swarm_297_164.pdb	6.927	17.441	0.133333	27.434
swarm_313_104.pdb	5.511	20.203	0.155556	27.399
swarm_287_3.pdb	9.568	17.840	0	27.390
swarm_289_194.pdb	7.089	22.992	0.0444444	27.285
swarm_330_74.pdb	10.106	18.698	0	27.118
swarm_299_183.pdb	10.139	20.862	0	27.055
swarm_311_125.pdb	6.470	14.174	0	26.986
swarm_324_98.pdb	10.375	21.317	0	26.768
swarm_297_9.pdb	8.858	24.498	0.0888889	26.614
swarm_333_94.pdb	9.035	18.412	0	26.519
swarm_134_67.pdb	9.250	23.888	0.0666667	26.433
swarm_195_55.pdb	6.561	13.790	0.0222222	26.271
swarm_80_20.pdb	4.093	10.852	0.0666667	26.239
swarm_288_82.pdb	11.358	22.220	0	26.051
swarm_326_115.pdb	18.557	61.433	0	25.917
swarm_289_148.pdb	9.130	26.218	0	25.710
swarm_325_83.pdb	9.098	21.635	0	25.708
swarm_287_49.pdb	1.902	6.413	0.577778	25.638
swarm_328_19.pdb	7.873	16.994	0.0888889	25.523
swarm_325_177.pdb	8.851	20.897	0	25.508
swarm_331_140.pdb	8.305	16.202	0	25.435
swarm_325_167.pdb	6.790	17.912	0.0444444	25.377
swarm_332_120.pdb	7.723	15.636	0	25.373
swarm_310_151.pdb	4.375	14.866	0.0666667	25.341
swarm_136_158.pdb	11.689	23.839	0	25.231
swarm_324_198.pdb	9.424	20.404	0.0888889	25.221
swarm_170_18.pdb	9.870	28.235	0.0666667	25.216
swarm_267_76.pdb	9.203	17.214	0.0444444	25.084
swarm_328_30.pdb	9.401	20.697	0	25.081
swarm_311_40.pdb	7.774	15.771	0.0222222	24.967
swarm_313_87.pdb	9.549	17.910	0	24.956
swarm_265_1.pdb	7.268	16.943	0.111111	24.899
swarm_162_118.pdb	8.420	16.059	0.0888889	24.828
swarm_332_197.pdb	8.670	19.407	0.0222222	24.823
swarm_330_172.pdb	9.103	17.119	0.0444444	24.806
swarm_329_26.pdb	8.475	16.389	0	24.696
swarm_314_41.pdb	9.538	27.089	0.0888889	24.622
swarm_263_24.pdb	5.669	17.490	0	24.520
swarm_298_157.pdb	8.134	16.417	0	24.471
swarm_331_142.pdb	5.719	11.504	0.0444444	24.292
swarm_262_63.pdb	8.399	21.125	0	24.022
swarm_322_57.pdb	9.324	20.259	0.0666667	23.936
swarm_310_127.pdb	8.867	22.135	0.0444444	23.928
swarm_164_86.pdb	4.967	12.980	0.0222222	23.856
swarm_330_115.pdb	11.741	24.336	0	23.774
swarm_289_91.pdb	10.082	32.138	0.0444444	23.272
swarm_288_17.pdb	5.427	11.619	0.0888889	23.220
swarm_197_10.pdb	7.027	22.222	0.0222222	23.201
swarm_288_106.pdb	11.874	23.168	0	23.191
swarm_322_182.pdb	10.740	19.678	0	23.131
swarm_127_103.pdb	8.224	18.705	0	23.022
swarm_297_143.pdb	11.786	21.485	0	22.900
swarm_287_122.pdb	9.812	22.187	0.0444444	22.823
swarm_162_124.pdb	8.857	20.383	0.0222222	22.797
swarm_332_56.pdb	7.392	16.149	0.0222222	22.551
swarm_243_56.pdb	7.130	19.668	0.0444444	22.543
swarm_328_153.pdb	10.631	21.340	0	22.452
swarm_231_142.pdb	12.137	25.684	0	22.432
swarm_267_97.pdb	5.416	10.569	0.0666667	22.417
swarm_333_106.pdb	6.782	16.486	0.0444444	22.413
swarm_288_105.pdb	9.713	18.569	0	22.372
swarm_298_116.pdb	8.474	24.880	0.0444444	22.275
swarm_164_152.pdb	6.272	15.263	0.0666667	22.214
swarm_202_87.pdb	6.646	28.476	0	22.193
swarm_220_105.pdb	4.046	10.500	0.222222	22.053
swarm_329_172.pdb	9.440	22.828	0.0888889	22.010
swarm_288_47.pdb	5.711	13.207	0.0222222	21.942
swarm_333_10.pdb	8.183	19.368	0	21.938
swarm_243_162.pdb	7.641	18.039	0	21.804
swarm_313_9.pdb	9.670	21.995	0.0444444	21.782
swarm_267_7.pdb	7.644	17.528	0.0666667	21.717
swarm_332_11.pdb	9.875	21.230	0	21.688
swarm_265_188.pdb	9.813	21.994	0.0444444	21.512
swarm_162_81.pdb	11.382	23.533	0.111111	21.272
swarm_166_100.pdb	18.699	64.286	0	21.224
swarm_243_72.pdb	7.724	20.214	0	21.142
swarm_53_157.pdb	18.205	61.783	0	21.043
swarm_328_190.pdb	9.945	20.701	0	20.838
swarm_202_180.pdb	11.765	21.893	0	20.809
swarm_333_22.pdb	11.287	22.501	0	20.767
swarm_329_36.pdb	9.552	22.697	0.111111	20.758
swarm_205_177.pdb	10.412	33.900	0.0222222	20.704
swarm_324_67.pdb	9.940	22.295	0.0444444	20.699
swarm_162_170.pdb	13.132	22.926	0	20.678
swarm_242_162.pdb	8.183	21.909	0.0666667	20.620
swarm_220_149.pdb	10.360	18.982	0	20.485
swarm_331_72.pdb	9.401	22.203	0.111111	20.400
swarm_265_118.pdb	10.745	19.620	0	20.351
swarm_232_104.pdb	18.603	61.610	0	20.263
swarm_325_60.pdb	5.258	12.473	0.0666667	20.227
swarm_265_52.pdb	11.471	22.486	0	20.087
swarm_325_152.pdb	8.251	19.080	0	20.010
swarm_287_53.pdb	7.179	16.615	0.0222222	19.912
swarm_322_100.pdb	11.314	21.874	0	19.712
swarm_87_160.pdb	11.077	33.304	0	19.686
swarm_245_49.pdb	17.196	52.447	0	19.662
swarm_285_145.pdb	9.104	18.606	0	19.519
swarm_329_86.pdb	7.907	19.484	0	19.478
swarm_311_45.pdb	4.993	11.296	0.0444444	19.465
swarm_330_176.pdb	10.466	21.084	0	19.422
swarm_330_142.pdb	9.372	18.277	0.111111	19.368
swarm_195_173.pdb	11.553	21.815	0	19.236
swarm_310_13.pdb	9.243	20.172	0	18.861
swarm_160_129.pdb	10.862	21.790	0	18.714
swarm_298_124.pdb	11.074	23.435	0	18.462
swarm_285_125.pdb	8.346	21.247	0.0444444	18.430
swarm_324_197.pdb	8.037	19.456	0.0888889	18.387
swarm_188_65.pdb	9.352	19.265	0	18.340
swarm_264_130.pdb	4.979	16.337	0.0888889	18.239
swarm_74_33.pdb	8.182	18.589	0	18.109
swarm_103_42.pdb	15.354	48.427	0	17.995
swarm_332_187.pdb	8.307	20.508	0	17.889
swarm_322_167.pdb	7.941	20.731	0.111111	17.354
swarm_164_168.pdb	7.040	14.049	0.133333	17.111
swarm_281_165.pdb	18.925	61.740	0	16.922
swarm_295_9.pdb	19.926	63.161	0	16.779
swarm_233_169.pdb	18.094	56.086	0	16.748
swarm_329_174.pdb	9.728	25.415	0.0222222	16.687
swarm_267_55.pdb	12.207	24.162	0.0666667	16.609
swarm_267_161.pdb	8.322	19.540	0	16.591
swarm_254_86.pdb	18.531	62.724	0	16.168
swarm_226_78.pdb	8.467	20.027	0	16.141
swarm_333_74.pdb	9.635	20.014	0	15.471
swarm_162_77.pdb	10.602	19.817	0.0222222	15.392
swarm_251_172.pdb	17.017	57.324	0	15.313
swarm_325_47.pdb	8.682	18.026	0.0444444	15.283
swarm_243_46.pdb	8.609	16.526	0.0222222	15.156
swarm_170_155.pdb	12.847	36.255	0	15.121
swarm_325_192.pdb	11.505	21.822	0.0222222	14.726
swarm_125_106.pdb	17.137	51.540	0	13.993
swarm_242_32.pdb	12.022	22.469	0	13.897
swarm_197_178.pdb	8.975	22.198	0	13.837
swarm_221_150.pdb	10.691	31.678	0	13.797
swarm_216_90.pdb	10.405	23.105	0.133333	13.765
swarm_189_35.pdb	11.268	31.583	0	13.391
swarm_102_122.pdb	11.401	29.053	0	12.716
swarm_262_84.pdb	9.845	22.351	0.0888889	11.893
swarm_328_1.pdb	8.516	17.883	0.133333	11.158
swarm_117_112.pdb	16.636	59.982	0	10.193
swarm_331_108.pdb	6.428	19.674	0.111111	2.690
