swarm_35_58.pdb	9.095	22.951	0.0444444	45.043
swarm_37_27.pdb	8.595	22.085	0.0444444	44.833
swarm_21_175.pdb	3.796	15.367	0.311111	42.155
swarm_48_18.pdb	9.497	20.041	0	42.143
swarm_39_144.pdb	6.077	18.908	0.0444444	42.034
swarm_33_34.pdb	7.668	21.957	0.0666667	41.820
swarm_12_0.pdb	5.342	13.395	0.177778	41.686
swarm_21_44.pdb	6.859	21.828	0.0666667	41.472
swarm_3_160.pdb	8.033	20.564	0.0666667	41.118
swarm_33_66.pdb	7.349	22.709	0.0888889	40.404
swarm_46_42.pdb	8.089	17.768	0	40.316
swarm_12_60.pdb	9.468	19.571	0	40.206
swarm_38_67.pdb	8.789	24.046	0.0444444	40.032
swarm_37_68.pdb	9.071	20.443	0.0222222	39.407
swarm_36_139.pdb	7.411	21.022	0.133333	39.399
swarm_12_39.pdb	9.257	22.441	0.111111	38.637
swarm_39_4.pdb	7.832	15.795	0.0444444	38.618
swarm_49_179.pdb	8.953	18.655	0	38.588
swarm_49_64.pdb	7.403	19.407	0.0222222	38.120
swarm_36_15.pdb	8.527	25.114	0.111111	38.055
swarm_22_153.pdb	7.953	15.438	0.0444444	37.883
swarm_15_12.pdb	3.398	10.866	0.244444	37.816
swarm_12_87.pdb	8.743	19.842	0.0222222	37.626
swarm_32_85.pdb	8.724	29.768	0.0222222	37.451
swarm_1_51.pdb	5.963	17.292	0.0666667	37.451
swarm_38_16.pdb	6.506	19.303	0.0888889	37.422
swarm_22_27.pdb	6.469	20.156	0.0888889	37.083
swarm_26_11.pdb	8.055	18.339	0	37.051
swarm_34_30.pdb	8.649	22.805	0.0888889	36.913
swarm_2_92.pdb	6.481	18.344	0.111111	36.113
swarm_2_176.pdb	10.822	21.481	0	35.953
swarm_34_78.pdb	12.409	22.870	0	35.747
swarm_33_177.pdb	9.247	20.903	0.133333	35.620
swarm_6_149.pdb	9.094	29.548	0.0444444	35.594
swarm_21_31.pdb	11.555	21.969	0	35.290
swarm_28_3.pdb	3.007	8.527	0.133333	35.259
swarm_32_7.pdb	9.708	19.900	0	35.181
swarm_29_67.pdb	3.365	10.163	0.155556	35.087
swarm_36_48.pdb	7.256	15.009	0	35.073
swarm_17_29.pdb	3.701	15.629	0.288889	35.048
swarm_51_5.pdb	6.955	15.038	0.0222222	34.809
swarm_49_109.pdb	8.691	25.740	0.111111	34.765
swarm_36_188.pdb	7.379	19.047	0.0222222	34.516
swarm_35_180.pdb	10.577	22.557	0.0888889	34.509
swarm_51_10.pdb	7.736	18.565	0.0666667	34.504
swarm_34_156.pdb	9.911	19.959	0	34.394
swarm_1_169.pdb	6.014	17.024	0.0666667	34.349
swarm_17_109.pdb	14.223	28.287	0	34.113
swarm_37_173.pdb	5.369	15.156	0	33.909
swarm_21_40.pdb	7.576	20.827	0.0222222	33.823
swarm_48_117.pdb	8.943	24.883	0.0888889	33.811
swarm_31_197.pdb	8.920	18.698	0.0444444	33.735
swarm_14_10.pdb	9.296	22.633	0.133333	33.465
swarm_3_39.pdb	13.303	25.228	0	33.459
swarm_52_121.pdb	7.522	17.197	0	33.376
swarm_36_195.pdb	9.095	23.099	0.111111	33.344
swarm_15_89.pdb	8.085	17.998	0.0444444	33.150
swarm_33_168.pdb	9.286	29.563	0	33.069
swarm_35_52.pdb	8.386	18.546	0.0444444	33.008
swarm_32_67.pdb	5.893	13.641	0.0222222	32.909
swarm_21_90.pdb	9.843	19.848	0	32.796
swarm_25_180.pdb	6.115	15.150	0.0444444	32.731
swarm_18_31.pdb	8.750	26.494	0.0222222	32.521
swarm_47_178.pdb	10.133	20.322	0	32.395
swarm_22_137.pdb	14.186	28.806	0	32.387
swarm_33_113.pdb	3.655	11.966	0.177778	32.386
swarm_31_60.pdb	7.631	15.928	0	32.333
swarm_34_17.pdb	8.896	19.094	0	32.226
swarm_24_193.pdb	5.826	19.835	0.0222222	32.095
swarm_47_11.pdb	8.883	19.871	0.0444444	32.061
swarm_9_102.pdb	9.234	30.227	0	31.935
swarm_52_183.pdb	8.627	17.734	0	31.882
swarm_32_93.pdb	1.242	4.595	0.8	31.821
swarm_3_46.pdb	8.881	25.781	0.0444444	31.802
swarm_14_130.pdb	3.642	14.278	0.133333	31.760
swarm_33_165.pdb	3.826	8.824	0.422222	31.552
swarm_3_184.pdb	2.757	12.242	0.4	31.481
swarm_23_25.pdb	3.684	8.154	0.0444444	31.389
swarm_35_175.pdb	9.191	20.346	0	31.154
swarm_3_138.pdb	6.192	17.945	0	31.115
swarm_35_93.pdb	8.223	15.440	0	31.005
swarm_45_164.pdb	8.470	21.708	0	30.992
swarm_39_8.pdb	8.136	18.128	0.111111	30.942
swarm_34_155.pdb	9.505	19.099	0	30.903
swarm_1_96.pdb	3.314	7.165	0.311111	30.895
swarm_35_152.pdb	3.030	12.454	0.333333	30.890
swarm_39_185.pdb	10.191	22.065	0	30.842
swarm_37_85.pdb	11.909	24.105	0	30.826
swarm_35_193.pdb	5.141	14.022	0.155556	30.787
swarm_4_120.pdb	11.082	22.023	0	30.609
swarm_24_138.pdb	3.335	10.808	0.111111	30.444
swarm_38_41.pdb	6.080	13.081	0.155556	30.330
swarm_32_161.pdb	11.567	23.291	0	30.271
swarm_23_63.pdb	9.233	18.196	0	30.264
swarm_34_16.pdb	10.057	22.327	0	30.217
swarm_9_93.pdb	12.253	22.176	0	30.188
swarm_51_170.pdb	7.834	20.256	0.0222222	30.150
swarm_18_37.pdb	5.219	20.286	0.0666667	30.054
swarm_36_136.pdb	11.222	22.912	0	30.020
swarm_52_154.pdb	7.400	18.307	0	29.809
swarm_45_31.pdb	9.209	25.230	0.0666667	29.709
swarm_1_121.pdb	7.043	16.746	0.0888889	29.597
swarm_1_64.pdb	7.051	16.858	0.0444444	29.493
swarm_38_135.pdb	8.079	26.973	0	29.471
swarm_14_103.pdb	7.725	17.231	0	29.205
swarm_36_146.pdb	11.955	23.669	0	29.204
swarm_38_10.pdb	6.656	16.613	0.0666667	29.198
swarm_36_56.pdb	4.653	13.039	0.0666667	29.146
swarm_17_159.pdb	8.128	19.951	0	28.887
swarm_11_197.pdb	14.064	32.421	0	28.875
swarm_23_160.pdb	11.912	22.376	0	28.839
swarm_33_154.pdb	3.340	9.088	0.222222	28.830
swarm_12_25.pdb	5.332	13.302	0.177778	28.772
swarm_4_142.pdb	8.117	19.087	0	28.751
swarm_24_162.pdb	7.179	19.613	0.0666667	28.731
swarm_24_198.pdb	7.474	16.125	0.0444444	28.728
swarm_24_24.pdb	5.465	18.316	0.0888889	28.678
swarm_12_3.pdb	9.219	22.667	0.0888889	28.668
swarm_26_119.pdb	4.775	12.407	0.0222222	28.642
swarm_12_35.pdb	11.534	23.058	0	28.634
swarm_49_84.pdb	11.408	20.268	0	28.603
swarm_46_87.pdb	11.990	22.218	0	28.583
swarm_39_186.pdb	6.721	19.663	0	28.377
swarm_25_195.pdb	4.375	13.802	0.0444444	28.321
swarm_24_103.pdb	6.893	17.778	0.133333	28.042
swarm_29_19.pdb	4.767	10.134	0.133333	28.003
swarm_32_173.pdb	11.250	22.227	0	27.982
swarm_1_173.pdb	2.219	3.851	0.244444	27.960
swarm_47_15.pdb	12.734	24.010	0	27.892
swarm_35_100.pdb	7.907	18.772	0.177778	27.878
swarm_39_3.pdb	7.551	17.228	0	27.820
swarm_32_150.pdb	8.563	17.330	0.0444444	27.687
swarm_35_114.pdb	2.410	6.967	0.511111	27.631
swarm_39_105.pdb	3.326	10.701	0.177778	27.555
swarm_34_185.pdb	10.986	22.309	0	27.549
swarm_46_136.pdb	6.263	13.505	0	27.543
swarm_14_111.pdb	10.693	20.666	0	27.522
swarm_35_131.pdb	11.473	23.572	0	27.478
swarm_19_72.pdb	9.116	23.566	0.0444444	27.400
swarm_51_20.pdb	10.251	21.049	0	27.358
swarm_46_139.pdb	12.593	23.990	0	27.344
swarm_44_8.pdb	8.315	19.765	0.133333	27.303
swarm_18_106.pdb	9.315	22.723	0.111111	27.277
swarm_2_63.pdb	5.159	13.496	0.177778	27.266
swarm_31_78.pdb	12.017	22.529	0	27.213
swarm_26_137.pdb	8.965	31.425	0.0222222	27.176
swarm_46_189.pdb	11.577	22.736	0	27.129
swarm_29_109.pdb	8.378	19.683	0.0444444	27.096
swarm_33_143.pdb	8.257	19.398	0.0222222	27.041
swarm_12_128.pdb	5.833	16.745	0	27.008
swarm_3_159.pdb	6.920	19.538	0.0444444	27.000
swarm_22_178.pdb	7.693	19.687	0	26.987
swarm_22_37.pdb	7.419	17.237	0.111111	26.956
swarm_44_69.pdb	8.488	18.859	0	26.847
swarm_38_133.pdb	7.913	20.222	0.0444444	26.748
swarm_45_198.pdb	2.311	9.326	0.466667	26.740
swarm_4_123.pdb	5.834	19.838	0.111111	26.535
swarm_34_31.pdb	11.898	21.421	0	26.531
swarm_39_168.pdb	7.467	22.969	0.0444444	26.521
swarm_1_74.pdb	11.142	21.946	0	26.369
swarm_32_86.pdb	6.275	18.643	0.0888889	26.284
swarm_45_18.pdb	6.063	17.882	0	26.186
swarm_22_81.pdb	8.846	24.742	0	26.139
swarm_45_15.pdb	4.846	10.835	0.0222222	26.132
swarm_33_165.pdb	11.206	27.389	0	26.128
swarm_1_83.pdb	11.360	22.006	0	25.855
swarm_26_158.pdb	10.020	21.509	0	25.795
swarm_24_86.pdb	8.456	26.342	0	25.783
swarm_44_93.pdb	8.926	21.305	0	25.780
swarm_26_154.pdb	8.989	25.124	0.0444444	25.556
swarm_1_134.pdb	4.556	10.629	0.222222	25.461
swarm_18_148.pdb	6.757	14.714	0.0222222	25.452
swarm_18_176.pdb	7.111	23.402	0.0444444	25.347
swarm_33_160.pdb	11.679	22.215	0	25.048
swarm_33_163.pdb	8.625	20.435	0	24.962
swarm_22_91.pdb	9.112	20.678	0	24.950
swarm_18_187.pdb	9.565	21.499	0	24.942
swarm_45_28.pdb	9.047	24.941	0	24.687
swarm_39_69.pdb	8.517	22.239	0.133333	24.319
swarm_33_85.pdb	9.141	16.941	0	24.309
swarm_12_199.pdb	5.942	15.686	0	24.307
swarm_47_34.pdb	9.667	19.773	0	24.034
swarm_26_32.pdb	10.833	20.699	0	24.018
swarm_51_35.pdb	9.067	18.681	0	23.871
swarm_22_73.pdb	9.967	20.915	0	23.816
swarm_20_149.pdb	9.235	23.860	0	23.725
swarm_23_176.pdb	3.605	12.820	0.311111	23.704
swarm_18_6.pdb	15.014	32.564	0	23.570
swarm_9_127.pdb	10.694	34.228	0.0444444	23.436
swarm_32_195.pdb	11.399	21.459	0	23.277
swarm_18_1.pdb	4.735	17.382	0.0888889	23.257
swarm_31_105.pdb	5.474	14.728	0.177778	22.857
swarm_32_138.pdb	4.579	18.495	0.244444	22.791
swarm_3_146.pdb	10.746	25.219	0.0222222	22.709
swarm_4_5.pdb	6.529	13.887	0.0222222	22.457
swarm_32_26.pdb	11.415	22.522	0.0444444	22.456
swarm_30_119.pdb	5.301	14.881	0	22.398
swarm_12_93.pdb	7.227	19.431	0	22.366
swarm_9_149.pdb	14.363	31.447	0	22.287
swarm_33_170.pdb	6.155	16.083	0.155556	22.149
swarm_35_181.pdb	5.911	18.376	0.0222222	22.040
swarm_10_197.pdb	9.550	25.137	0	21.951
swarm_38_118.pdb	5.227	10.827	0.0222222	21.867
swarm_23_184.pdb	8.415	17.207	0	21.791
swarm_26_13.pdb	13.441	23.717	0	21.773
swarm_17_43.pdb	13.174	23.272	0	21.684
swarm_33_78.pdb	11.681	24.463	0	21.314
swarm_16_68.pdb	12.576	26.435	0	21.280
swarm_45_100.pdb	11.864	20.604	0	21.124
swarm_26_127.pdb	11.632	23.476	0	21.010
swarm_33_113.pdb	11.263	28.273	0.0222222	20.749
swarm_28_46.pdb	9.428	25.513	0.0222222	20.710
swarm_20_23.pdb	11.599	24.186	0.155556	20.676
swarm_2_189.pdb	13.703	23.848	0	20.672
swarm_36_49.pdb	11.722	24.975	0.0666667	20.553
swarm_36_89.pdb	10.498	25.505	0.155556	20.451
swarm_29_145.pdb	10.335	20.502	0	20.388
swarm_26_189.pdb	13.991	29.848	0	20.330
swarm_3_18.pdb	10.303	28.979	0.0222222	20.206
swarm_27_67.pdb	7.811	18.936	0	20.173
swarm_26_77.pdb	9.570	18.567	0	20.108
swarm_12_34.pdb	10.782	21.541	0	20.084
swarm_18_98.pdb	13.786	23.392	0	20.037
swarm_30_84.pdb	8.097	20.159	0.0444444	20.011
swarm_1_63.pdb	11.441	22.178	0	19.986
swarm_37_54.pdb	8.350	18.559	0	19.952
swarm_35_150.pdb	8.981	18.549	0	19.930
swarm_33_171.pdb	7.667	20.679	0	19.521
swarm_46_199.pdb	6.152	12.543	0.0888889	19.433
swarm_12_171.pdb	7.352	19.114	0	19.027
swarm_19_168.pdb	7.149	21.490	0	18.756
swarm_29_186.pdb	9.519	18.485	0	18.703
swarm_31_9.pdb	13.675	25.851	0	18.119
swarm_36_76.pdb	11.828	21.702	0	18.097
swarm_47_182.pdb	8.063	23.711	0	17.689
swarm_18_196.pdb	8.835	27.724	0	17.549
swarm_24_68.pdb	8.792	18.462	0	17.448
swarm_23_51.pdb	10.876	22.106	0.0222222	17.430
swarm_39_134.pdb	8.471	19.860	0	17.280
swarm_1_131.pdb	6.298	15.835	0.0888889	17.254
swarm_2_143.pdb	12.087	26.515	0	17.251
swarm_49_16.pdb	11.052	21.455	0	17.230
swarm_9_138.pdb	11.818	23.391	0	16.886
swarm_8_113.pdb	15.657	30.502	0	16.777
swarm_8_103.pdb	14.553	32.477	0	16.600
swarm_40_120.pdb	11.948	32.721	0	15.838
swarm_22_170.pdb	10.232	19.287	0	15.688
swarm_2_54.pdb	8.321	24.658	0.133333	15.654
swarm_22_25.pdb	7.473	16.197	0	15.573
swarm_22_50.pdb	9.039	29.120	0	15.210
swarm_12_110.pdb	11.251	23.417	0	13.892
swarm_9_53.pdb	13.246	24.407	0	13.733
swarm_1_135.pdb	7.711	18.238	0	13.563
swarm_17_100.pdb	6.534	19.078	0.0444444	13.394
swarm_19_108.pdb	13.322	30.452	0	13.249
swarm_49_83.pdb	11.769	25.375	0.0444444	13.050
swarm_31_160.pdb	11.076	22.408	0	12.990
swarm_9_84.pdb	13.593	24.572	0	12.912
swarm_21_103.pdb	9.482	23.869	0.0444444	12.800
swarm_9_103.pdb	10.063	25.351	0	12.545
swarm_50_82.pdb	12.928	23.864	0	11.377
swarm_52_81.pdb	11.315	21.278	0	10.991
swarm_18_183.pdb	13.528	24.651	0	10.389
swarm_0_51.pdb	11.826	21.625	0	9.264
swarm_21_125.pdb	10.071	19.670	0	8.353
swarm_24_167.pdb	12.165	25.418	0	8.309
swarm_34_137.pdb	8.377	20.495	0.0222222	8.177
swarm_30_164.pdb	10.107	21.696	0.0222222	6.288
swarm_16_138.pdb	7.247	25.309	0	5.707
swarm_19_12.pdb	9.535	30.527	0.0222222	4.678
swarm_22_31.pdb	12.403	24.609	0	3.469
swarm_23_59.pdb	10.319	22.436	0.0666667	3.180
swarm_18_75.pdb	5.965	15.591	0.0444444	2.710
swarm_23_159.pdb	5.891	12.474	0.244444	2.660
swarm_47_121.pdb	9.062	17.681	0.0222222	2.445
