swarm_1_21.pdb	6.808	20.102	0.0222222	38.677
swarm_8_46.pdb	8.797	25.847	0.0444444	35.979
swarm_8_85.pdb	7.059	15.447	0.0444444	33.533
swarm_4_68.pdb	3.915	14.728	0.0888889	32.887
swarm_23_21.pdb	7.103	16.908	0.111111	32.187
swarm_21_108.pdb	9.375	18.882	0	32.036
swarm_1_80.pdb	6.715	16.466	0	31.920
swarm_6_67.pdb	8.760	22.175	0	31.506
swarm_7_33.pdb	8.537	20.614	0.0222222	31.367
swarm_14_27.pdb	6.584	17.591	0	30.998
swarm_19_121.pdb	8.865	24.451	0	30.602
swarm_23_124.pdb	10.325	20.565	0	30.386
swarm_18_78.pdb	2.685	5.767	0.222222	30.154
swarm_20_69.pdb	8.954	22.403	0.0444444	30.105
swarm_12_188.pdb	8.884	17.383	0.0444444	29.961
swarm_5_83.pdb	10.435	20.792	0	28.568
swarm_21_37.pdb	6.692	15.356	0.0666667	28.366
swarm_18_36.pdb	6.729	17.924	0	28.294
swarm_15_198.pdb	10.705	20.823	0	28.168
swarm_6_104.pdb	11.275	21.844	0	27.991
swarm_0_54.pdb	8.452	20.376	0.0666667	27.925
swarm_15_84.pdb	5.877	18.555	0	27.866
swarm_15_176.pdb	6.699	14.655	0.0666667	27.764
swarm_6_144.pdb	7.891	18.228	0.0444444	27.262
swarm_0_104.pdb	3.460	10.444	0.177778	27.165
swarm_17_195.pdb	6.176	12.661	0.0222222	27.104
swarm_19_118.pdb	9.407	19.203	0	26.992
swarm_8_126.pdb	9.146	23.663	0.0888889	26.596
swarm_0_142.pdb	7.705	18.068	0	26.497
swarm_5_79.pdb	5.854	21.089	0	26.473
swarm_14_5.pdb	10.134	20.418	0	26.216
swarm_7_93.pdb	10.507	20.697	0	25.901
swarm_7_35.pdb	8.911	18.292	0.0666667	25.891
swarm_8_151.pdb	3.346	7.804	0.177778	25.560
swarm_20_160.pdb	2.371	9.905	0.688889	25.468
swarm_12_176.pdb	9.476	21.951	0.0444444	24.104
swarm_1_193.pdb	8.426	20.648	0.111111	23.651
swarm_18_173.pdb	10.908	21.509	0	23.640
swarm_16_167.pdb	8.699	18.456	0	23.615
swarm_18_144.pdb	12.012	23.281	0	23.333
swarm_5_181.pdb	6.223	17.391	0.0444444	23.230
swarm_7_96.pdb	3.252	7.368	0.377778	23.107
swarm_4_23.pdb	7.538	18.463	0.0666667	19.537
swarm_22_64.pdb	8.510	29.244	0.0222222	19.300
swarm_22_140.pdb	10.685	27.608	0	17.944
swarm_20_188.pdb	5.630	19.389	0.0222222	17.869
swarm_4_199.pdb	14.846	30.358	0	16.406
swarm_11_93.pdb	15.885	32.269	0	15.496
swarm_21_41.pdb	11.676	22.245	0	12.800
swarm_0_153.pdb	7.495	16.213	0.155556	10.811
swarm_6_27.pdb	13.174	26.543	0	10.595
swarm_0_55.pdb	6.999	18.753	0.133333	6.667
