swarm_16_144.pdb	11.174	23.096	0	39.288
swarm_13_93.pdb	8.950	23.479	0.0444444	38.794
swarm_22_183.pdb	8.530	22.462	0.0666667	37.799
swarm_24_101.pdb	8.989	18.419	0	36.807
swarm_11_16.pdb	6.682	24.475	0	36.474
swarm_23_128.pdb	6.170	19.628	0.177778	36.471
swarm_17_49.pdb	5.265	19.327	0.0444444	35.500
swarm_21_133.pdb	8.716	22.921	0.0444444	34.720
swarm_24_110.pdb	9.069	23.661	0.0444444	33.297
swarm_11_126.pdb	7.009	24.464	0	32.959
swarm_21_83.pdb	7.319	16.906	0.111111	32.555
swarm_12_48.pdb	9.255	22.141	0.111111	32.431
swarm_23_104.pdb	6.587	13.985	0.0666667	32.357
swarm_16_5.pdb	10.153	24.896	0.0444444	31.896
swarm_22_176.pdb	11.098	22.670	0	31.613
swarm_17_198.pdb	6.454	13.072	0.0222222	31.002
swarm_13_96.pdb	8.789	21.411	0.0444444	30.609
swarm_2_189.pdb	2.851	8.212	0.311111	30.526
swarm_23_113.pdb	7.402	20.604	0.0666667	30.521
swarm_13_48.pdb	8.601	16.390	0.0666667	30.407
swarm_21_97.pdb	6.519	13.547	0.0666667	30.293
swarm_22_106.pdb	8.483	16.765	0	28.744
swarm_10_8.pdb	11.171	21.880	0	28.313
swarm_18_49.pdb	11.957	22.431	0	27.408
swarm_21_150.pdb	7.175	15.335	0	27.339
swarm_2_125.pdb	8.510	17.242	0.0222222	26.825
swarm_11_51.pdb	10.376	20.722	0	26.813
swarm_11_164.pdb	9.513	31.109	0	26.660
swarm_5_38.pdb	10.374	22.238	0	24.779
swarm_8_173.pdb	10.302	20.299	0	24.331
swarm_16_121.pdb	9.120	28.868	0	23.985
swarm_2_164.pdb	9.692	21.248	0	20.793
swarm_2_147.pdb	8.767	18.571	0.2	20.603
swarm_21_153.pdb	8.220	19.517	0	19.924
swarm_14_10.pdb	11.776	24.726	0	19.802
swarm_18_33.pdb	8.388	17.891	0.0222222	18.842
swarm_23_153.pdb	10.212	23.129	0.0222222	18.258
swarm_23_152.pdb	6.151	16.394	0.0666667	8.440
swarm_23_54.pdb	6.563	19.175	0.377778	8.349
swarm_23_114.pdb	8.927	18.589	0	8.330
swarm_22_100.pdb	10.352	24.791	0.0888889	4.904
