swarm_4_67.pdb	12.913	24.856	0	47.912
swarm_8_127.pdb	14.830	26.827	0	47.360
swarm_4_70.pdb	12.593	23.009	0.0461538	46.183
swarm_7_15.pdb	11.934	23.003	0	46.087
swarm_6_139.pdb	10.710	22.274	0.0153846	45.173
swarm_0_155.pdb	11.401	24.094	0.184615	43.748
swarm_5_58.pdb	14.639	31.063	0	43.620
swarm_6_92.pdb	15.303	25.456	0	43.395
swarm_4_177.pdb	13.687	26.269	0	42.737
swarm_2_195.pdb	10.484	29.964	0	42.316
swarm_9_145.pdb	14.397	31.094	0	41.800
swarm_8_134.pdb	13.181	24.350	0	41.687
swarm_7_77.pdb	8.247	16.341	0.184615	41.531
swarm_9_117.pdb	12.237	23.826	0	41.271
swarm_7_188.pdb	7.168	14.215	0.0307692	41.096
swarm_0_120.pdb	13.101	24.554	0	40.778
swarm_0_179.pdb	8.163	16.472	0	40.222
swarm_9_196.pdb	11.803	21.809	0	40.112
swarm_9_155.pdb	11.963	23.872	0.0923077	39.916
swarm_7_20.pdb	12.499	23.761	0	39.852
swarm_1_17.pdb	10.335	30.740	0	39.500
swarm_6_7.pdb	11.190	19.577	0	39.255
swarm_2_119.pdb	14.407	29.317	0	39.170
swarm_4_129.pdb	14.397	25.140	0	39.076
swarm_9_195.pdb	14.313	27.783	0	38.792
swarm_4_197.pdb	13.781	30.748	0.0769231	37.860
swarm_8_115.pdb	10.721	33.578	0	37.195
swarm_7_121.pdb	11.310	25.297	0.0615385	37.052
swarm_8_32.pdb	15.237	31.941	0	36.673
swarm_3_61.pdb	18.289	39.508	0	36.641
swarm_1_116.pdb	8.265	32.138	0.107692	36.054
swarm_2_103.pdb	14.559	28.486	0	35.912
swarm_4_12.pdb	9.772	31.293	0	35.314
swarm_8_131.pdb	13.721	28.820	0	34.769
swarm_8_194.pdb	12.767	28.322	0.0307692	34.568
swarm_3_35.pdb	15.692	36.447	0	34.427
swarm_7_166.pdb	11.425	22.958	0.0307692	33.744
swarm_4_99.pdb	14.749	33.353	0.0153846	33.309
swarm_4_32.pdb	15.507	34.830	0.0461538	33.128
swarm_1_187.pdb	14.988	41.194	0.0153846	33.040
swarm_6_130.pdb	14.307	22.764	0	32.963
swarm_0_29.pdb	13.907	26.691	0	32.958
swarm_1_127.pdb	14.452	38.203	0	32.528
swarm_8_35.pdb	12.630	36.282	0.0461538	32.518
swarm_7_10.pdb	13.314	23.566	0	32.417
swarm_0_109.pdb	13.331	24.851	0	32.209
swarm_1_32.pdb	15.829	35.158	0	31.549
swarm_7_40.pdb	10.668	19.200	0	31.360
swarm_7_93.pdb	12.022	20.503	0	31.167
swarm_5_3.pdb	12.053	30.225	0	31.080
swarm_6_99.pdb	7.546	16.295	0.0615385	30.934
swarm_8_59.pdb	15.875	29.564	0	29.829
swarm_5_135.pdb	8.538	27.373	0.0307692	29.707
swarm_7_57.pdb	8.964	18.967	0.0153846	29.486
swarm_9_6.pdb	15.199	26.642	0	29.162
swarm_7_99.pdb	13.281	25.099	0	29.116
swarm_9_135.pdb	10.128	23.750	0	28.860
swarm_0_111.pdb	11.340	20.743	0.0615385	28.493
swarm_1_140.pdb	11.861	37.972	0	28.217
swarm_8_180.pdb	14.035	34.913	0.0461538	27.328
swarm_2_126.pdb	9.723	28.076	0	27.320
swarm_5_172.pdb	11.157	36.418	0	27.170
swarm_5_171.pdb	17.275	36.203	0	27.067
swarm_2_77.pdb	8.046	30.118	0.107692	26.942
swarm_3_42.pdb	12.244	41.716	0	26.921
swarm_7_124.pdb	10.275	20.693	0	26.889
swarm_5_29.pdb	18.193	37.761	0	26.600
swarm_3_164.pdb	17.592	39.391	0	26.446
swarm_8_187.pdb	13.355	38.039	0	26.079
swarm_2_74.pdb	9.506	29.951	0	25.973
swarm_0_40.pdb	12.188	26.845	0	25.971
swarm_5_8.pdb	12.658	37.542	0	25.625
swarm_5_73.pdb	10.702	34.750	0	25.193
swarm_4_135.pdb	16.133	27.910	0	25.179
swarm_9_150.pdb	10.271	19.180	0	25.061
swarm_7_85.pdb	15.442	24.876	0	24.930
swarm_4_23.pdb	9.796	28.682	0	24.862
swarm_3_43.pdb	17.070	35.821	0	24.254
swarm_2_186.pdb	12.138	32.986	0.0461538	23.494
swarm_2_68.pdb	13.881	37.320	0.0769231	23.311
swarm_1_114.pdb	10.460	41.325	0.0923077	23.225
swarm_3_149.pdb	15.950	36.777	0.0307692	22.968
swarm_2_111.pdb	12.679	31.341	0	22.661
swarm_3_191.pdb	11.556	29.570	0	22.201
swarm_8_168.pdb	15.194	33.926	0	21.971
swarm_0_100.pdb	15.815	28.015	0	21.377
swarm_8_73.pdb	13.009	29.161	0.0153846	20.529
swarm_2_172.pdb	10.486	32.164	0	20.319
swarm_0_65.pdb	11.798	26.032	0	20.032
swarm_5_101.pdb	9.710	33.809	0	19.846
swarm_2_181.pdb	14.018	30.045	0	19.168
swarm_5_4.pdb	18.329	39.786	0	19.097
swarm_2_96.pdb	12.669	31.982	0	17.943
swarm_3_163.pdb	13.975	40.965	0	17.891
swarm_1_143.pdb	14.343	37.428	0	17.851
swarm_6_163.pdb	12.516	20.772	0	17.564
swarm_6_59.pdb	13.832	25.657	0.0307692	16.019
swarm_5_90.pdb	12.125	38.568	0	14.581
swarm_0_12.pdb	15.924	28.365	0	14.330
swarm_2_180.pdb	12.963	30.291	0	14.212
swarm_9_98.pdb	15.059	32.556	0	13.359
swarm_6_46.pdb	15.652	25.557	0	10.626
swarm_2_4.pdb	13.168	28.783	0	8.078
swarm_4_108.pdb	11.357	20.816	0.0615385	6.774
swarm_1_145.pdb	16.396	38.819	0	1.927
