swarm_23_139.pdb	11.598	22.910	0	33.142
swarm_29_32.pdb	12.699	24.673	0	29.038
swarm_20_138.pdb	9.191	19.058	0	25.528
swarm_20_163.pdb	12.306	22.415	0	25.193
swarm_51_53.pdb	13.823	25.176	0	23.507
swarm_20_184.pdb	13.949	24.187	0.0769231	23.334
swarm_18_43.pdb	7.728	23.819	0.0307692	22.805
swarm_11_33.pdb	13.030	22.365	0.0153846	22.737
swarm_38_110.pdb	12.267	23.214	0	22.497
swarm_41_156.pdb	9.562	15.610	0	22.473
swarm_29_28.pdb	13.823	29.047	0	22.391
swarm_44_107.pdb	14.164	28.973	0	22.356
swarm_11_36.pdb	10.616	20.627	0.153846	22.033
swarm_35_153.pdb	13.042	32.981	0	21.731
swarm_36_121.pdb	13.232	24.789	0.0153846	21.599
swarm_36_13.pdb	11.437	23.410	0	21.556
swarm_6_58.pdb	8.812	18.663	0	21.270
swarm_29_80.pdb	14.586	27.123	0	21.165
swarm_23_17.pdb	10.041	23.237	0.0153846	20.883
swarm_44_39.pdb	14.689	30.132	0	20.643
swarm_45_44.pdb	16.790	38.702	0	20.512
swarm_32_90.pdb	11.494	34.674	0	20.454
swarm_31_128.pdb	10.472	37.363	0.0307692	20.269
swarm_44_56.pdb	11.530	23.556	0	19.936
swarm_30_68.pdb	16.050	34.718	0	19.878
swarm_29_19.pdb	15.400	25.059	0	19.808
swarm_38_84.pdb	10.771	22.153	0	19.807
swarm_35_132.pdb	12.970	25.788	0.0461538	19.743
swarm_26_99.pdb	14.747	46.291	0.0923077	19.718
swarm_15_44.pdb	15.370	35.319	0.0153846	19.718
swarm_6_3.pdb	9.306	27.628	0	19.624
swarm_44_147.pdb	14.556	30.168	0	19.615
swarm_48_19.pdb	15.327	31.767	0	19.568
swarm_23_119.pdb	12.693	24.118	0.0615385	19.453
swarm_29_180.pdb	14.045	28.986	0	19.401
swarm_27_26.pdb	15.643	36.758	0	19.179
swarm_2_158.pdb	18.023	43.696	0	18.963
swarm_6_158.pdb	13.035	29.993	0	18.866
swarm_18_158.pdb	14.489	28.320	0	18.865
swarm_47_61.pdb	18.372	41.902	0	18.517
swarm_13_179.pdb	17.317	37.490	0	18.188
swarm_35_28.pdb	14.066	38.177	0	18.185
swarm_2_63.pdb	13.652	28.335	0	18.165
swarm_29_163.pdb	11.668	24.109	0	18.126
swarm_44_187.pdb	11.066	25.886	0.0153846	18.075
swarm_23_28.pdb	12.239	27.199	0	17.911
swarm_21_115.pdb	19.665	43.504	0	17.792
swarm_23_85.pdb	13.369	27.861	0	17.671
swarm_29_183.pdb	12.308	24.772	0	17.653
swarm_18_108.pdb	12.366	30.347	0	17.560
swarm_27_123.pdb	16.084	39.872	0	17.556
swarm_43_176.pdb	13.246	29.287	0	17.383
swarm_29_142.pdb	13.765	25.810	0	17.375
swarm_15_33.pdb	11.974	30.596	0	17.343
swarm_47_121.pdb	16.456	38.386	0	17.287
swarm_32_51.pdb	15.930	36.574	0	17.150
swarm_44_175.pdb	13.796	34.022	0	17.078
swarm_15_122.pdb	16.049	40.492	0.0307692	16.946
swarm_16_34.pdb	14.250	30.502	0	16.725
swarm_13_67.pdb	18.306	45.228	0	16.594
swarm_38_73.pdb	12.085	24.520	0	16.451
swarm_10_54.pdb	16.684	43.491	0	16.163
swarm_32_173.pdb	19.243	41.575	0	16.005
swarm_6_91.pdb	11.289	24.475	0	15.979
swarm_37_85.pdb	19.526	50.438	0	15.956
swarm_34_137.pdb	18.366	44.464	0	15.712
swarm_38_112.pdb	10.004	24.097	0.0153846	15.683
swarm_31_132.pdb	14.809	34.228	0	15.460
swarm_15_178.pdb	15.824	35.623	0	15.385
swarm_25_61.pdb	16.293	37.111	0	15.238
swarm_44_189.pdb	13.905	29.043	0	15.113
swarm_12_104.pdb	16.370	36.553	0	15.054
swarm_30_177.pdb	11.186	22.934	0	15.028
swarm_30_117.pdb	15.681	35.315	0	15.016
swarm_7_55.pdb	16.092	40.103	0	14.852
swarm_30_189.pdb	15.938	37.081	0.0153846	14.276
swarm_32_110.pdb	16.070	40.469	0	14.252
swarm_29_70.pdb	9.818	24.718	0	14.058
swarm_12_142.pdb	14.946	29.302	0	13.867
swarm_45_2.pdb	18.475	41.794	0	13.634
swarm_28_141.pdb	20.261	44.117	0	13.116
swarm_48_85.pdb	16.707	35.870	0	13.096
swarm_53_11.pdb	18.529	37.322	0	12.713
swarm_39_38.pdb	17.770	39.539	0	12.688
swarm_12_99.pdb	13.770	35.386	0.0153846	11.349
swarm_34_73.pdb	16.472	40.399	0	11.278
swarm_5_72.pdb	15.890	43.438	0	11.198
swarm_45_189.pdb	12.068	39.752	0.0153846	8.970
swarm_45_118.pdb	15.147	40.729	0	8.909
swarm_1_127.pdb	13.642	26.670	0	8.296
swarm_29_127.pdb	12.445	21.085	0	5.759
swarm_18_171.pdb	15.747	31.478	0	5.755
swarm_47_65.pdb	19.854	41.132	0	3.712
swarm_49_167.pdb	5.684	21.296	0.0769231	2.433
swarm_29_29.pdb	9.955	24.190	0	0.864
