run0-swarm_18_140.pdb	2.261	5.970	0.476923	44.296
run0-swarm_42_23.pdb	8.842	16.125	0	35.545
run0-swarm_26_125.pdb	9.946	16.942	0	33.663
run0-swarm_41_165.pdb	8.756	18.330	0	32.020
run0-swarm_55_45.pdb	7.128	24.961	0	31.352
run0-swarm_29_121.pdb	9.701	18.342	0	31.281
run0-swarm_50_196.pdb	6.744	21.659	0	30.348
run0-swarm_52_181.pdb	9.804	16.518	0	30.302
run0-swarm_17_172.pdb	9.405	15.544	0	30.100
run0-swarm_21_25.pdb	11.642	19.958	0	27.553
run0-swarm_10_86.pdb	5.969	16.618	0.0769231	27.437
run0-swarm_10_112.pdb	5.828	21.639	0.0307692	27.107
run0-swarm_22_128.pdb	7.792	27.034	0	27.050
run0-swarm_26_31.pdb	5.612	11.496	0.0769231	26.748
run0-swarm_18_58.pdb	6.688	14.070	0.0923077	26.608
run0-swarm_52_131.pdb	8.259	21.049	0	26.407
run0-swarm_26_171.pdb	4.670	9.636	0.138462	25.942
run0-swarm_50_15.pdb	8.734	21.175	0	25.927
run0-swarm_29_147.pdb	3.228	7.030	0.184615	25.859
run0-swarm_25_44.pdb	6.416	11.199	0.0307692	25.546
run0-swarm_52_49.pdb	3.390	12.571	0.215385	25.374
run0-swarm_25_186.pdb	3.659	9.418	0.138462	25.086
run0-swarm_44_111.pdb	6.991	24.969	0.0461538	24.941
run0-swarm_51_32.pdb	13.423	23.529	0	24.799
run0-swarm_20_183.pdb	10.557	23.699	0	24.557
run0-swarm_41_187.pdb	7.501	21.856	0.0307692	24.021
run0-swarm_20_49.pdb	7.058	21.744	0.0153846	23.362
run0-swarm_14_76.pdb	8.848	27.351	0	23.191
run0-swarm_21_148.pdb	12.322	25.889	0	22.629
run0-swarm_38_47.pdb	8.101	23.273	0.0153846	22.616
run0-swarm_26_124.pdb	9.538	14.130	0	22.248
run0-swarm_41_169.pdb	11.130	20.069	0	22.228
run0-swarm_20_16.pdb	10.124	23.252	0	22.075
run0-swarm_55_157.pdb	9.951	29.529	0	21.288
run0-swarm_47_28.pdb	10.954	29.775	0	21.275
run0-swarm_5_113.pdb	5.857	18.703	0.0769231	21.190
run0-swarm_44_80.pdb	9.055	27.638	0	21.138
run0-swarm_42_33.pdb	11.577	20.505	0	20.857
run0-swarm_38_132.pdb	8.660	26.141	0.0153846	20.803
run0-swarm_43_54.pdb	6.434	25.413	0.0307692	20.795
run0-swarm_3_146.pdb	8.232	33.157	0.0307692	20.695
run0-swarm_5_8.pdb	11.472	23.293	0	20.545
run0-swarm_38_184.pdb	10.303	29.406	0	20.316
run0-swarm_13_3.pdb	10.765	46.486	0	20.270
run0-swarm_29_26.pdb	9.919	16.231	0	19.844
run0-swarm_16_35.pdb	8.371	28.924	0.0307692	19.736
run0-swarm_19_34.pdb	9.023	29.674	0	19.274
run0-swarm_25_122.pdb	9.067	14.866	0	19.253
run0-swarm_51_159.pdb	7.760	21.195	0.0153846	19.217
run0-swarm_25_150.pdb	8.115	18.644	0.0153846	18.990
run0-swarm_51_109.pdb	11.692	24.642	0	18.980
run0-swarm_17_195.pdb	9.197	14.338	0	18.940
run0-swarm_24_127.pdb	12.102	27.266	0	18.797
run0-swarm_42_159.pdb	7.608	20.832	0.0153846	18.774
run0-swarm_37_190.pdb	8.889	27.877	0	18.747
run0-swarm_33_170.pdb	10.307	43.027	0	18.633
run0-swarm_57_99.pdb	13.277	42.488	0	18.619
run0-swarm_13_2.pdb	12.891	40.872	0	18.291
run0-swarm_43_55.pdb	10.069	21.180	0	18.158
run0-swarm_9_59.pdb	9.205	37.990	0	18.089
run0-swarm_17_24.pdb	7.856	18.974	0.0153846	17.754
run0-swarm_32_57.pdb	10.995	23.162	0	17.394
run0-swarm_45_54.pdb	13.270	40.096	0	17.273
run0-swarm_33_41.pdb	13.039	42.869	0	16.930
run0-swarm_19_45.pdb	11.871	33.178	0	16.538
run0-swarm_7_139.pdb	7.621	25.514	0.0307692	15.843
run0-swarm_50_176.pdb	7.701	20.374	0	15.765
run0-swarm_0_6.pdb	15.737	56.459	0	15.732
run0-swarm_9_146.pdb	10.948	29.945	0	15.045
run0-swarm_50_98.pdb	8.826	26.870	0	14.763
run0-swarm_24_72.pdb	11.707	21.999	0	14.602
run0-swarm_42_129.pdb	8.516	13.632	0	14.571
run0-swarm_17_127.pdb	12.765	24.344	0	14.511
run0-swarm_25_152.pdb	6.138	14.899	0.138462	11.782
run0-swarm_9_150.pdb	10.816	39.481	0	11.209
run0-swarm_5_78.pdb	5.935	17.698	0.0461538	10.950
run0-swarm_37_125.pdb	12.192	32.662	0	9.672
run0-swarm_51_88.pdb	8.990	18.833	0	8.895
run0-swarm_18_21.pdb	10.037	18.085	0	7.272
run0-swarm_18_156.pdb	10.989	17.797	0	7.083
run0-swarm_14_146.pdb	9.078	26.487	0	6.847
run0-swarm_50_19.pdb	9.878	36.988	0	4.128
run0-swarm_17_182.pdb	10.759	18.536	0	2.709
