swarm_27_62.pdb	6.105	21.288	0.115385	58.985
swarm_4_123.pdb	7.927	27.246	0	54.470
swarm_23_76.pdb	7.605	25.939	0	51.142
swarm_8_147.pdb	6.792	23.542	0.115385	50.449
swarm_7_53.pdb	3.727	15.384	0.615385	50.434
swarm_15_157.pdb	3.694	14.638	0.615385	47.588
swarm_12_132.pdb	3.282	12.628	0.461538	46.165
swarm_8_37.pdb	8.094	27.905	0	44.456
swarm_22_189.pdb	3.931	15.546	0.5	39.683
swarm_11_89.pdb	9.932	32.685	0	38.248
swarm_1_172.pdb	6.841	22.575	0	37.216
swarm_6_8.pdb	9.597	32.509	0	36.709
swarm_10_103.pdb	9.533	32.024	0	35.728
swarm_29_83.pdb	5.294	17.520	0.153846	35.668
swarm_16_96.pdb	5.544	17.284	0.230769	35.216
swarm_21_61.pdb	9.589	32.774	0	34.450
swarm_13_123.pdb	3.520	13.664	0.346154	34.375
swarm_20_122.pdb	11.750	40.317	0	33.463
swarm_28_30.pdb	4.887	18.753	0.192308	33.369
swarm_16_180.pdb	8.267	18.861	0	33.328
swarm_31_131.pdb	9.447	27.115	0	32.092
swarm_26_106.pdb	4.846	15.185	0.192308	30.850
swarm_8_170.pdb	9.511	31.269	0	30.832
swarm_0_139.pdb	10.032	34.140	0	30.262
swarm_29_135.pdb	8.333	28.019	0.0384615	29.562
swarm_27_82.pdb	7.629	29.318	0.192308	28.725
swarm_7_54.pdb	6.985	26.568	0.0769231	27.807
swarm_1_190.pdb	9.380	29.812	0.0384615	27.320
swarm_25_108.pdb	4.423	12.190	0.269231	26.286
swarm_30_60.pdb	6.917	20.630	0.153846	26.040
swarm_14_148.pdb	11.257	38.497	0	25.972
swarm_25_166.pdb	6.363	22.728	0	25.958
swarm_4_10.pdb	7.712	28.780	0.153846	25.911
swarm_31_109.pdb	5.644	17.457	0.307692	25.612
swarm_4_198.pdb	10.228	31.320	0	25.550
swarm_5_49.pdb	9.760	21.310	0	25.217
swarm_24_39.pdb	6.143	18.690	0.0769231	24.744
swarm_23_85.pdb	9.408	30.799	0	24.268
swarm_3_100.pdb	7.116	19.083	0.0384615	23.639
swarm_29_71.pdb	9.700	27.079	0.0384615	23.463
swarm_20_190.pdb	10.620	33.529	0	23.438
swarm_5_13.pdb	5.653	15.355	0.115385	23.408
swarm_9_70.pdb	10.881	36.558	0	23.158
swarm_12_22.pdb	7.803	27.243	0.0384615	22.988
swarm_20_169.pdb	10.595	34.134	0.0384615	22.891
swarm_24_12.pdb	8.502	24.425	0	22.719
swarm_1_61.pdb	8.041	24.545	0.153846	22.592
swarm_10_162.pdb	6.923	24.234	0	21.920
swarm_12_47.pdb	8.545	24.120	0.0384615	21.806
swarm_21_59.pdb	11.367	35.516	0.0384615	21.527
swarm_26_2.pdb	9.176	22.153	0	21.446
swarm_4_50.pdb	8.388	25.013	0.0769231	21.257
swarm_5_149.pdb	8.307	17.911	0	21.255
swarm_13_186.pdb	4.601	16.294	0.307692	21.067
swarm_7_143.pdb	4.287	12.463	0.230769	20.670
swarm_28_103.pdb	5.644	20.313	0.269231	20.431
swarm_22_92.pdb	4.891	16.889	0.307692	20.421
swarm_30_176.pdb	9.866	26.749	0.0769231	20.226
swarm_17_186.pdb	10.778	34.794	0	19.907
swarm_25_15.pdb	4.819	15.915	0.269231	19.896
swarm_27_135.pdb	9.398	27.264	0.0769231	19.652
swarm_28_92.pdb	8.059	23.332	0	19.444
swarm_15_62.pdb	5.280	13.216	0.230769	19.401
swarm_1_90.pdb	11.035	31.478	0.0769231	19.396
swarm_26_145.pdb	4.935	14.595	0.269231	18.724
swarm_19_28.pdb	9.432	26.247	0.0769231	18.714
swarm_1_18.pdb	6.796	25.779	0	18.256
swarm_16_49.pdb	5.562	16.269	0.153846	17.965
swarm_10_4.pdb	10.943	32.316	0	17.865
swarm_25_152.pdb	9.573	28.155	0	17.360
swarm_31_120.pdb	8.918	23.852	0.0769231	17.016
swarm_25_136.pdb	10.446	30.207	0	16.528
swarm_2_22.pdb	8.997	24.793	0.0769231	16.141
swarm_13_111.pdb	5.139	10.364	0.0769231	16.103
swarm_26_131.pdb	8.204	18.474	0	16.045
swarm_4_21.pdb	9.710	27.699	0	15.834
swarm_25_42.pdb	9.114	23.499	0	15.156
swarm_9_127.pdb	11.294	34.380	0	14.985
swarm_29_64.pdb	5.926	16.878	0.115385	14.703
swarm_30_134.pdb	10.427	31.216	0.0769231	13.685
swarm_27_11.pdb	6.900	22.958	0.153846	13.569
swarm_19_177.pdb	10.748	22.765	0	13.389
swarm_12_36.pdb	7.972	22.826	0.115385	12.966
swarm_5_176.pdb	9.347	19.072	0	12.340
swarm_5_60.pdb	4.062	10.488	0.269231	11.014
swarm_6_165.pdb	8.841	33.677	0.0384615	10.412
swarm_22_140.pdb	6.686	23.270	0.115385	3.916
