swarm_25_103.pdb	16.610	37.782	0	31.813
swarm_30_154.pdb	14.810	49.415	0	30.922
swarm_9_132.pdb	10.278	35.332	0	30.821
swarm_32_71.pdb	2.357	9.210	0.769231	30.028
swarm_28_119.pdb	13.654	29.992	0	29.938
swarm_27_90.pdb	16.379	37.606	0	29.623
swarm_31_86.pdb	16.850	53.789	0	28.253
swarm_39_158.pdb	13.574	50.750	0	28.108
swarm_30_81.pdb	17.929	49.539	0	27.086
swarm_16_73.pdb	15.713	42.374	0	26.816
swarm_19_198.pdb	17.550	48.953	0	26.697
swarm_38_81.pdb	9.320	21.311	0.0769231	26.159
swarm_12_14.pdb	12.807	42.399	0	26.092
swarm_34_132.pdb	16.084	43.368	0.0769231	26.045
swarm_16_178.pdb	12.092	37.250	0	25.529
swarm_28_116.pdb	17.630	45.782	0	25.436
swarm_8_192.pdb	16.208	41.685	0	25.218
swarm_1_9.pdb	15.948	47.367	0	25.135
swarm_0_13.pdb	16.074	47.477	0	24.980
swarm_23_9.pdb	19.288	54.346	0	24.846
swarm_18_65.pdb	15.163	41.086	0	24.642
swarm_19_153.pdb	16.841	44.568	0	24.556
swarm_14_74.pdb	12.928	35.537	0	24.449
swarm_39_14.pdb	20.583	61.248	0	24.374
swarm_26_119.pdb	13.324	44.276	0	23.779
swarm_10_93.pdb	15.994	34.048	0	23.755
swarm_16_111.pdb	16.356	44.537	0	23.671
swarm_0_145.pdb	15.035	46.536	0	23.568
swarm_13_125.pdb	15.431	48.768	0	23.431
swarm_29_104.pdb	12.462	34.597	0	23.411
swarm_24_182.pdb	16.620	51.757	0	23.392
swarm_17_76.pdb	12.806	36.922	0	23.236
swarm_0_52.pdb	15.306	46.686	0	23.236
swarm_19_199.pdb	12.025	43.466	0	23.057
swarm_0_104.pdb	11.248	41.945	0.0769231	23.038
swarm_37_21.pdb	17.343	45.782	0	22.915
swarm_5_138.pdb	8.576	30.959	0	22.851
swarm_11_103.pdb	12.660	36.054	0	22.837
swarm_16_69.pdb	16.025	45.639	0.0769231	22.782
swarm_11_53.pdb	14.049	47.553	0	22.763
swarm_39_169.pdb	17.279	52.347	0	22.658
swarm_19_93.pdb	18.292	54.861	0	22.589
swarm_21_131.pdb	14.489	44.241	0.115385	22.587
swarm_12_129.pdb	19.819	55.402	0	22.489
swarm_21_136.pdb	14.642	41.679	0	22.408
swarm_9_92.pdb	17.239	43.992	0	22.400
swarm_16_100.pdb	15.700	41.763	0	22.382
swarm_11_173.pdb	17.790	39.609	0	22.368
swarm_31_56.pdb	15.319	53.357	0	22.366
swarm_39_153.pdb	19.492	56.346	0	22.275
swarm_24_65.pdb	18.398	51.206	0	22.034
swarm_12_8.pdb	19.386	52.740	0	22.021
swarm_9_187.pdb	14.506	34.102	0	21.949
swarm_11_41.pdb	16.823	43.015	0	21.928
swarm_11_5.pdb	16.778	48.620	0	21.914
swarm_7_7.pdb	15.896	35.820	0	21.881
swarm_1_7.pdb	15.949	38.436	0	21.862
swarm_16_173.pdb	14.248	44.216	0.115385	21.579
swarm_3_125.pdb	14.624	31.882	0	21.532
swarm_18_8.pdb	16.851	48.881	0	21.487
swarm_22_166.pdb	12.433	37.906	0	21.397
swarm_15_61.pdb	15.570	45.555	0	21.384
swarm_33_133.pdb	18.435	48.753	0	21.354
swarm_15_39.pdb	16.467	47.193	0	21.283
swarm_28_24.pdb	17.582	48.598	0	21.264
swarm_24_146.pdb	16.161	46.538	0	21.218
swarm_3_90.pdb	15.863	45.276	0	21.048
swarm_0_85.pdb	17.365	49.039	0	21.011
swarm_0_173.pdb	18.527	49.786	0	20.988
swarm_1_14.pdb	16.030	40.954	0	20.921
swarm_39_118.pdb	16.713	44.109	0	20.899
swarm_7_135.pdb	12.463	36.789	0	20.721
swarm_3_98.pdb	16.729	41.658	0	20.675
swarm_0_152.pdb	11.739	37.370	0	20.613
swarm_21_125.pdb	15.296	50.694	0	20.567
swarm_27_116.pdb	18.791	52.016	0	20.552
swarm_33_194.pdb	17.461	48.002	0	20.495
swarm_9_0.pdb	16.185	45.846	0	20.438
swarm_31_6.pdb	13.255	43.453	0	20.415
swarm_34_78.pdb	13.749	39.017	0	20.410
swarm_0_0.pdb	13.706	41.749	0	20.399
swarm_17_24.pdb	16.950	47.581	0	20.360
swarm_17_26.pdb	16.409	46.931	0.0384615	20.356
swarm_30_39.pdb	18.251	48.079	0	20.275
swarm_13_112.pdb	18.218	41.702	0	20.239
swarm_26_11.pdb	13.243	43.145	0	20.196
swarm_3_52.pdb	16.637	46.567	0	20.159
swarm_17_1.pdb	15.106	44.825	0	20.146
swarm_2_150.pdb	10.298	29.627	0.0384615	20.076
swarm_23_173.pdb	19.950	59.514	0	20.047
swarm_36_31.pdb	20.742	60.401	0	20.010
swarm_35_188.pdb	13.003	24.732	0	20.007
swarm_11_167.pdb	16.630	48.352	0.115385	19.967
swarm_36_183.pdb	14.091	49.804	0	19.871
swarm_10_193.pdb	15.262	49.287	0	19.844
swarm_7_27.pdb	14.366	37.363	0	19.819
swarm_21_27.pdb	16.796	49.418	0	19.731
swarm_39_90.pdb	17.148	52.655	0	19.711
swarm_26_74.pdb	18.116	49.304	0	19.612
swarm_28_177.pdb	17.256	42.668	0	19.568
swarm_31_100.pdb	16.313	50.612	0	19.315
swarm_10_35.pdb	16.702	46.591	0	19.312
swarm_25_117.pdb	18.366	53.845	0	19.299
swarm_0_82.pdb	17.879	46.735	0	19.296
swarm_12_180.pdb	17.717	47.868	0	19.193
swarm_37_133.pdb	16.219	47.176	0	19.169
swarm_10_95.pdb	18.142	40.579	0	19.130
swarm_18_163.pdb	14.004	43.370	0	19.105
swarm_18_119.pdb	18.311	45.971	0	19.037
swarm_26_87.pdb	15.951	45.485	0	19.019
swarm_5_132.pdb	12.994	45.664	0	19.009
swarm_29_162.pdb	14.658	34.370	0	18.986
swarm_15_43.pdb	15.050	45.966	0	18.977
swarm_26_177.pdb	16.603	41.368	0	18.947
swarm_23_186.pdb	18.970	54.749	0	18.946
swarm_27_35.pdb	12.241	43.818	0.0384615	18.885
swarm_6_8.pdb	12.324	23.607	0	18.840
swarm_37_51.pdb	16.366	47.468	0	18.812
swarm_21_78.pdb	18.082	53.189	0	18.798
swarm_35_112.pdb	13.081	26.392	0	18.797
swarm_36_136.pdb	20.474	61.428	0	18.765
swarm_19_32.pdb	18.378	48.119	0	18.721
swarm_4_31.pdb	14.723	35.957	0	18.644
swarm_11_176.pdb	18.323	53.331	0	18.641
swarm_26_150.pdb	18.774	47.584	0	18.608
swarm_39_198.pdb	16.534	52.846	0	18.566
swarm_3_111.pdb	17.521	48.902	0	18.534
swarm_31_37.pdb	17.882	42.481	0	18.512
swarm_24_140.pdb	16.764	48.785	0	18.434
swarm_33_14.pdb	16.327	55.950	0	18.420
swarm_33_64.pdb	17.967	49.756	0	18.406
swarm_17_173.pdb	15.460	42.364	0	18.395
swarm_3_165.pdb	16.490	44.155	0	18.374
swarm_9_134.pdb	18.925	51.448	0	18.316
swarm_21_32.pdb	16.697	45.911	0	18.262
swarm_1_106.pdb	15.945	53.634	0	18.254
swarm_12_140.pdb	18.843	55.094	0	18.241
swarm_21_41.pdb	16.118	45.202	0	18.221
swarm_11_180.pdb	16.368	51.574	0.0384615	18.176
swarm_25_88.pdb	19.765	57.827	0	18.123
swarm_4_83.pdb	19.522	47.276	0	18.094
swarm_23_17.pdb	17.149	53.968	0	18.086
swarm_9_62.pdb	18.159	47.334	0	18.084
swarm_38_52.pdb	14.276	38.467	0.0384615	18.084
swarm_34_68.pdb	14.321	40.918	0	18.074
swarm_24_8.pdb	16.974	47.407	0	18.010
swarm_31_171.pdb	11.547	43.216	0	17.964
swarm_34_166.pdb	15.630	41.769	0	17.941
swarm_36_179.pdb	20.720	57.097	0	17.936
swarm_18_169.pdb	18.180	52.503	0	17.910
swarm_34_108.pdb	14.869	42.956	0.153846	17.873
swarm_17_57.pdb	14.967	47.009	0	17.854
swarm_4_179.pdb	11.814	36.723	0	17.843
swarm_37_185.pdb	19.828	53.276	0	17.799
swarm_39_42.pdb	18.042	54.190	0	17.771
swarm_22_84.pdb	16.614	46.119	0	17.770
swarm_12_81.pdb	20.023	53.416	0	17.768
swarm_29_53.pdb	13.841	39.669	0	17.752
swarm_12_189.pdb	17.889	56.091	0	17.714
swarm_23_119.pdb	16.082	43.937	0	17.702
swarm_19_60.pdb	18.198	46.287	0	17.693
swarm_3_9.pdb	17.168	49.603	0	17.669
swarm_21_156.pdb	15.920	40.959	0	17.639
swarm_25_142.pdb	17.088	57.373	0	17.625
swarm_22_40.pdb	18.351	49.812	0	17.612
swarm_31_111.pdb	16.680	56.512	0	17.596
swarm_3_115.pdb	15.434	51.086	0	17.590
swarm_28_114.pdb	16.534	45.949	0	17.554
swarm_1_147.pdb	16.388	38.689	0	17.505
swarm_35_134.pdb	16.007	35.880	0	17.482
swarm_10_92.pdb	12.441	27.320	0	17.471
swarm_37_61.pdb	18.367	48.564	0	17.470
swarm_20_142.pdb	16.067	28.687	0	17.467
swarm_36_37.pdb	19.304	53.022	0	17.441
swarm_19_91.pdb	16.931	44.583	0	17.374
swarm_29_110.pdb	15.782	46.632	0.0769231	17.326
swarm_21_86.pdb	18.599	50.250	0	17.289
swarm_0_150.pdb	17.942	47.800	0	17.232
swarm_28_46.pdb	15.316	44.352	0	17.200
swarm_27_12.pdb	18.132	49.644	0	17.182
swarm_21_99.pdb	18.755	48.272	0	17.119
swarm_36_27.pdb	17.067	53.026	0	17.101
swarm_37_150.pdb	17.866	50.744	0	17.089
swarm_1_38.pdb	16.043	55.922	0	17.078
swarm_32_145.pdb	11.263	17.832	0	17.076
swarm_1_35.pdb	12.096	37.332	0	17.064
swarm_27_32.pdb	20.064	58.945	0	17.034
swarm_17_66.pdb	15.746	41.725	0	16.973
swarm_12_196.pdb	17.652	45.610	0	16.941
swarm_18_85.pdb	15.340	47.224	0	16.898
swarm_34_39.pdb	15.941	38.337	0	16.866
swarm_31_26.pdb	17.888	48.389	0	16.749
swarm_15_141.pdb	18.126	47.270	0	16.737
swarm_17_107.pdb	17.542	48.971	0	16.727
swarm_29_93.pdb	13.652	41.442	0	16.712
swarm_4_159.pdb	14.664	36.673	0	16.614
swarm_14_75.pdb	11.209	34.480	0.0384615	16.593
swarm_31_125.pdb	19.922	55.834	0	16.586
swarm_26_194.pdb	18.555	54.291	0	16.577
swarm_12_26.pdb	19.055	52.988	0	16.575
swarm_38_13.pdb	12.920	32.698	0	16.543
swarm_23_155.pdb	21.303	63.321	0	16.541
swarm_23_20.pdb	17.804	55.810	0	16.457
swarm_1_103.pdb	17.147	50.595	0.0769231	16.405
swarm_1_119.pdb	18.133	52.204	0	16.385
swarm_30_190.pdb	17.935	56.994	0	16.326
swarm_1_62.pdb	18.835	53.143	0	16.315
swarm_5_191.pdb	15.082	40.991	0	16.301
swarm_3_17.pdb	16.470	39.794	0	16.277
swarm_9_122.pdb	17.193	48.215	0	16.257
swarm_24_18.pdb	14.916	46.508	0	16.243
swarm_22_116.pdb	16.751	38.660	0	16.235
swarm_11_187.pdb	17.911	52.867	0	16.210
swarm_15_1.pdb	14.613	42.747	0	16.168
swarm_11_166.pdb	16.530	49.750	0	16.144
swarm_13_29.pdb	14.789	49.617	0	16.114
swarm_11_148.pdb	17.010	46.395	0	16.101
swarm_21_53.pdb	15.917	46.839	0	16.078
swarm_39_191.pdb	13.353	44.454	0	16.036
swarm_23_153.pdb	18.688	48.513	0	16.002
swarm_6_104.pdb	14.928	31.903	0	15.967
swarm_3_191.pdb	18.232	49.206	0	15.931
swarm_27_79.pdb	17.820	48.205	0	15.911
swarm_18_107.pdb	16.037	39.789	0	15.864
swarm_9_35.pdb	14.243	30.555	0	15.847
swarm_14_179.pdb	13.529	32.861	0	15.822
swarm_22_47.pdb	16.784	40.161	0	15.755
swarm_27_172.pdb	18.867	52.948	0	15.729
swarm_14_77.pdb	13.785	35.837	0	15.712
swarm_8_104.pdb	14.131	42.610	0	15.699
swarm_24_152.pdb	17.371	50.814	0	15.695
swarm_15_170.pdb	19.088	51.857	0	15.675
swarm_38_186.pdb	12.985	34.769	0	15.662
swarm_0_189.pdb	13.208	43.637	0	15.643
swarm_15_172.pdb	19.260	51.670	0	15.638
swarm_24_132.pdb	13.700	45.329	0	15.587
swarm_29_0.pdb	17.716	46.784	0	15.578
swarm_18_70.pdb	15.180	47.341	0	15.514
swarm_19_183.pdb	16.235	48.285	0.0384615	15.476
swarm_38_192.pdb	14.566	35.113	0	15.464
swarm_25_181.pdb	17.038	49.728	0	15.454
swarm_14_31.pdb	14.673	41.207	0	15.452
swarm_29_11.pdb	15.266	42.836	0	15.412
swarm_26_13.pdb	9.011	33.276	0	15.410
swarm_30_13.pdb	17.054	51.164	0	15.335
swarm_29_180.pdb	16.200	46.915	0	15.320
swarm_8_173.pdb	16.530	43.140	0	15.290
swarm_22_158.pdb	16.533	46.160	0	15.288
swarm_6_42.pdb	13.103	28.045	0	15.269
swarm_12_109.pdb	15.873	49.546	0	15.257
swarm_27_49.pdb	19.797	58.734	0	15.241
swarm_14_156.pdb	15.059	42.695	0	15.223
swarm_10_177.pdb	15.218	42.660	0	15.094
swarm_22_151.pdb	16.620	42.721	0	15.068
swarm_29_194.pdb	15.495	44.793	0.0384615	15.037
swarm_1_89.pdb	16.732	47.273	0	15.025
swarm_25_136.pdb	15.885	52.790	0	15.009
swarm_24_68.pdb	19.448	56.824	0	14.973
swarm_31_188.pdb	14.716	49.793	0.0384615	14.954
swarm_21_118.pdb	16.303	45.358	0	14.953
swarm_25_189.pdb	17.621	48.872	0	14.928
swarm_8_137.pdb	16.945	52.154	0	14.926
swarm_33_79.pdb	17.104	54.668	0	14.838
swarm_24_74.pdb	18.886	49.488	0	14.831
swarm_3_56.pdb	18.206	50.698	0	14.795
swarm_31_31.pdb	20.425	54.474	0	14.696
swarm_19_173.pdb	18.893	53.185	0	14.691
swarm_26_126.pdb	15.691	39.543	0	14.621
swarm_17_65.pdb	14.065	42.197	0	14.571
swarm_16_6.pdb	14.657	37.291	0	14.531
swarm_4_128.pdb	17.330	49.641	0	14.481
swarm_1_186.pdb	18.494	49.141	0	14.367
swarm_36_84.pdb	21.605	58.286	0	14.363
swarm_16_106.pdb	11.616	34.631	0	14.359
swarm_16_128.pdb	13.835	36.630	0	14.349
swarm_33_94.pdb	20.481	57.617	0	14.344
swarm_11_50.pdb	16.610	40.807	0	14.332
swarm_0_116.pdb	19.584	53.781	0	14.328
swarm_25_14.pdb	18.195	55.619	0	14.206
swarm_34_195.pdb	15.357	33.100	0	14.179
swarm_23_103.pdb	19.681	50.862	0	14.117
swarm_21_16.pdb	15.527	42.721	0	14.071
swarm_6_23.pdb	15.334	38.395	0	14.035
swarm_19_100.pdb	16.515	48.841	0	13.956
swarm_17_129.pdb	18.077	47.041	0	13.900
swarm_34_51.pdb	13.946	34.075	0	13.870
swarm_16_145.pdb	15.124	40.345	0	13.864
swarm_27_198.pdb	18.045	51.436	0	13.806
swarm_26_111.pdb	15.756	43.240	0	13.777
swarm_31_49.pdb	17.741	55.397	0	13.734
swarm_24_173.pdb	13.123	47.611	0	13.686
swarm_18_46.pdb	19.746	53.700	0	13.632
swarm_17_187.pdb	14.801	45.607	0	13.543
swarm_29_42.pdb	15.874	43.388	0	13.524
swarm_26_166.pdb	15.429	51.155	0	13.507
swarm_5_87.pdb	17.213	36.533	0	13.472
swarm_24_1.pdb	16.059	51.020	0	13.459
swarm_2_169.pdb	13.501	26.752	0	13.422
swarm_5_145.pdb	17.562	49.652	0	13.421
swarm_30_47.pdb	20.499	55.965	0	13.367
swarm_23_101.pdb	14.239	51.888	0.0384615	13.354
swarm_33_112.pdb	18.384	53.461	0	13.341
swarm_18_121.pdb	16.193	52.399	0	13.317
swarm_22_144.pdb	14.567	44.288	0	13.313
swarm_16_187.pdb	11.642	39.930	0	13.304
swarm_0_101.pdb	16.192	45.050	0	13.260
swarm_17_137.pdb	17.243	51.286	0.0384615	13.242
swarm_21_163.pdb	17.517	53.471	0	13.235
swarm_31_41.pdb	20.706	54.519	0	13.227
swarm_25_70.pdb	13.031	50.700	0.0769231	13.197
swarm_9_45.pdb	16.705	48.120	0	13.196
swarm_13_14.pdb	18.147	54.524	0	13.100
swarm_13_142.pdb	20.707	59.624	0	13.095
swarm_26_50.pdb	18.314	51.696	0	13.090
swarm_18_179.pdb	11.546	42.985	0	13.066
swarm_17_158.pdb	17.607	42.625	0	13.030
swarm_19_184.pdb	19.449	55.912	0	13.012
swarm_7_25.pdb	17.307	37.523	0	12.988
swarm_36_192.pdb	20.630	62.959	0	12.976
swarm_9_16.pdb	17.583	49.417	0	12.948
swarm_6_113.pdb	10.522	27.552	0	12.942
swarm_34_124.pdb	16.681	45.613	0	12.925
swarm_25_38.pdb	19.710	58.925	0	12.896
swarm_1_196.pdb	17.154	48.658	0	12.896
swarm_35_161.pdb	16.178	33.420	0	12.881
swarm_31_88.pdb	19.073	53.413	0	12.881
swarm_12_164.pdb	18.582	55.434	0	12.831
swarm_11_76.pdb	19.996	57.833	0	12.793
swarm_27_27.pdb	16.892	48.178	0	12.767
swarm_17_44.pdb	16.785	48.819	0	12.743
swarm_33_134.pdb	16.855	51.134	0	12.694
swarm_29_150.pdb	15.629	45.731	0	12.551
swarm_13_72.pdb	22.122	54.849	0	12.518
swarm_26_114.pdb	18.088	53.348	0	12.468
swarm_28_49.pdb	16.709	48.088	0	12.424
swarm_1_140.pdb	17.295	55.088	0	12.287
swarm_9_63.pdb	12.327	38.141	0	12.279
swarm_4_144.pdb	17.632	52.765	0	12.269
swarm_34_160.pdb	15.854	43.980	0	12.205
swarm_5_168.pdb	17.994	41.934	0	12.132
swarm_18_138.pdb	20.431	56.860	0	12.122
swarm_21_187.pdb	16.766	49.770	0	12.116
swarm_36_169.pdb	18.132	54.056	0	12.115
swarm_13_85.pdb	20.458	59.002	0	12.104
swarm_11_139.pdb	20.369	58.698	0	12.080
swarm_22_19.pdb	17.026	45.495	0	12.018
swarm_2_18.pdb	11.249	33.404	0.230769	11.974
swarm_10_23.pdb	17.825	49.091	0	11.916
swarm_4_197.pdb	17.889	46.174	0	11.912
swarm_26_152.pdb	15.552	43.077	0	11.906
swarm_39_27.pdb	21.395	58.457	0	11.800
swarm_25_67.pdb	18.432	53.163	0	11.785
swarm_8_55.pdb	8.064	31.171	0.115385	11.762
swarm_29_44.pdb	17.631	48.000	0	11.742
swarm_27_195.pdb	18.053	54.193	0	11.738
swarm_13_93.pdb	18.999	53.462	0	11.677
swarm_14_148.pdb	16.799	40.779	0	11.631
swarm_18_106.pdb	19.265	55.512	0	11.567
swarm_11_132.pdb	13.610	38.274	0	11.516
swarm_15_95.pdb	16.903	50.249	0	11.395
swarm_11_199.pdb	19.976	56.532	0	11.362
swarm_22_197.pdb	11.850	42.002	0	11.196
swarm_21_55.pdb	19.824	51.847	0	11.107
swarm_6_118.pdb	18.312	35.610	0	10.988
swarm_13_76.pdb	21.636	63.088	0	10.952
swarm_16_66.pdb	14.113	36.100	0	10.887
swarm_3_170.pdb	18.269	52.011	0	10.872
swarm_17_135.pdb	19.600	48.662	0	10.854
swarm_9_69.pdb	9.866	37.750	0	10.755
swarm_0_100.pdb	14.573	50.191	0.115385	10.669
swarm_5_131.pdb	12.619	46.731	0.192308	10.517
swarm_3_97.pdb	17.638	44.960	0	10.464
swarm_33_9.pdb	18.790	53.032	0	10.379
swarm_34_178.pdb	16.248	37.483	0	10.341
swarm_8_163.pdb	18.098	51.204	0	10.109
swarm_24_77.pdb	12.301	47.912	0.0769231	9.596
swarm_37_18.pdb	17.478	46.810	0	9.585
swarm_29_95.pdb	16.396	39.719	0	9.569
swarm_21_21.pdb	14.775	45.348	0	9.517
swarm_27_81.pdb	16.569	51.487	0.115385	9.496
swarm_33_144.pdb	12.159	41.134	0	9.381
swarm_17_14.pdb	12.402	44.355	0.115385	9.204
swarm_38_170.pdb	12.794	23.951	0	8.723
swarm_7_122.pdb	13.709	32.800	0	8.721
swarm_4_84.pdb	18.276	45.430	0	8.675
swarm_22_27.pdb	15.553	36.790	0	8.330
swarm_14_97.pdb	12.461	30.838	0	8.181
swarm_12_96.pdb	19.373	56.126	0	7.748
swarm_22_191.pdb	19.747	52.140	0	7.613
swarm_11_63.pdb	17.805	45.507	0	6.985
swarm_19_159.pdb	16.093	41.628	0	5.398
swarm_9_179.pdb	12.599	41.792	0.0384615	3.794
