swarm_23_154.pdb	14.511	36.754	0.0384615	36.406
swarm_10_36.pdb	7.588	19.376	0.0384615	36.037
swarm_14_160.pdb	12.774	39.773	0.0384615	34.756
swarm_13_57.pdb	10.638	28.449	0.0769231	32.892
swarm_4_195.pdb	12.238	36.538	0.0384615	30.037
swarm_13_102.pdb	12.788	34.506	0	29.368
swarm_7_21.pdb	10.625	28.594	0.0384615	28.701
swarm_21_35.pdb	17.193	37.944	0	28.191
swarm_10_159.pdb	15.856	38.486	0	27.417
swarm_10_119.pdb	11.816	35.418	0.0384615	27.384
swarm_25_165.pdb	10.491	29.329	0.0384615	26.675
swarm_13_8.pdb	13.337	28.056	0	26.449
swarm_25_178.pdb	15.805	41.418	0	26.441
swarm_34_51.pdb	10.703	25.453	0.0769231	26.166
swarm_3_122.pdb	11.686	31.242	0.0384615	26.010
swarm_39_103.pdb	15.314	30.104	0	25.941
swarm_23_90.pdb	12.947	29.178	0	25.846
swarm_1_95.pdb	15.513	35.433	0	25.682
swarm_0_185.pdb	12.709	37.804	0	25.595
swarm_29_111.pdb	9.462	23.219	0.0769231	25.295
swarm_32_158.pdb	13.559	37.108	0.0384615	24.570
swarm_30_177.pdb	12.203	31.926	0	24.568
swarm_20_133.pdb	9.243	26.582	0.153846	24.551
swarm_24_119.pdb	13.448	34.810	0.0384615	24.513
swarm_13_92.pdb	11.128	34.678	0	24.325
swarm_11_97.pdb	9.903	21.357	0	24.241
swarm_32_153.pdb	16.550	49.303	0	24.227
swarm_10_198.pdb	15.303	42.409	0.0384615	24.199
swarm_21_109.pdb	5.172	8.291	0.0384615	24.181
swarm_37_156.pdb	9.472	23.658	0.0769231	24.158
swarm_26_98.pdb	13.735	23.298	0	23.969
swarm_4_134.pdb	9.680	26.862	0	23.821
swarm_3_184.pdb	13.702	35.887	0	23.820
swarm_17_185.pdb	11.516	22.060	0	23.692
swarm_17_191.pdb	12.071	31.153	0	23.681
swarm_29_70.pdb	12.013	33.562	0	23.643
swarm_1_41.pdb	11.708	30.211	0	23.637
swarm_7_16.pdb	12.893	23.719	0	23.575
swarm_18_90.pdb	16.076	49.214	0.115385	23.554
swarm_9_101.pdb	14.018	26.948	0	23.517
swarm_25_41.pdb	15.915	46.307	0.115385	23.466
swarm_16_161.pdb	8.771	18.547	0	23.388
swarm_14_155.pdb	15.925	39.210	0	23.285
swarm_21_181.pdb	14.074	19.839	0	23.281
swarm_30_72.pdb	11.921	27.296	0	23.238
swarm_32_143.pdb	16.436	47.242	0	23.184
swarm_14_11.pdb	13.187	43.684	0	23.178
swarm_1_112.pdb	12.659	21.293	0	23.173
swarm_26_51.pdb	16.104	36.236	0.0384615	23.168
swarm_4_65.pdb	13.983	36.469	0	23.066
swarm_1_183.pdb	17.560	46.593	0	22.774
swarm_6_86.pdb	8.776	32.410	0	22.712
swarm_10_51.pdb	15.313	35.343	0	22.663
swarm_6_46.pdb	16.521	39.091	0	22.592
swarm_39_27.pdb	14.152	40.082	0	22.552
swarm_3_187.pdb	15.227	37.267	0.0384615	22.391
swarm_32_46.pdb	12.446	32.561	0	22.365
swarm_10_199.pdb	14.592	39.441	0	22.276
swarm_22_120.pdb	12.929	34.335	0	22.235
swarm_29_126.pdb	11.997	38.813	0	22.169
swarm_24_84.pdb	13.624	25.900	0	22.133
swarm_37_53.pdb	12.859	25.967	0	22.114
swarm_23_56.pdb	12.942	29.297	0	22.093
swarm_6_184.pdb	14.034	35.783	0	22.087
swarm_38_142.pdb	13.318	38.134	0.0769231	22.018
swarm_24_75.pdb	9.417	25.513	0	21.990
swarm_41_162.pdb	9.208	30.661	0	21.921
swarm_17_190.pdb	14.289	21.594	0	21.907
swarm_4_169.pdb	14.929	38.201	0	21.904
swarm_16_23.pdb	13.699	43.131	0	21.834
swarm_12_160.pdb	14.523	33.224	0	21.829
swarm_19_55.pdb	16.107	46.007	0.115385	21.823
swarm_14_70.pdb	8.102	23.827	0.0769231	21.678
swarm_20_47.pdb	13.867	22.366	0	21.609
swarm_13_81.pdb	11.566	27.930	0	21.580
swarm_31_34.pdb	14.539	32.907	0	21.443
swarm_12_173.pdb	13.906	35.864	0	21.429
swarm_3_180.pdb	12.684	35.837	0.153846	21.423
swarm_6_153.pdb	15.395	38.190	0	21.413
swarm_35_188.pdb	11.393	27.924	0.0769231	21.412
swarm_19_129.pdb	13.253	34.819	0	21.319
swarm_22_93.pdb	13.662	23.657	0	21.302
swarm_5_74.pdb	17.270	36.606	0	21.285
swarm_7_197.pdb	13.733	37.154	0.115385	21.268
swarm_6_39.pdb	15.520	42.364	0	21.266
swarm_28_187.pdb	15.417	41.499	0	21.251
swarm_31_93.pdb	9.594	20.905	0	21.237
swarm_37_27.pdb	16.156	37.437	0	21.204
swarm_12_50.pdb	15.327	26.768	0	21.166
swarm_29_139.pdb	14.268	29.250	0	21.163
swarm_25_104.pdb	11.380	31.026	0.0769231	21.102
swarm_25_37.pdb	11.472	30.945	0.0384615	21.087
swarm_6_113.pdb	11.450	37.941	0.0384615	21.035
swarm_24_140.pdb	18.191	44.170	0	21.011
swarm_34_158.pdb	11.345	23.107	0	20.895
swarm_12_68.pdb	15.022	32.264	0	20.887
swarm_10_56.pdb	12.334	27.508	0	20.878
swarm_7_161.pdb	12.606	23.272	0	20.835
swarm_21_166.pdb	13.410	30.634	0	20.814
swarm_1_169.pdb	12.373	22.050	0	20.801
swarm_28_15.pdb	15.982	41.354	0.0384615	20.796
swarm_1_183.pdb	11.475	33.469	0	20.785
swarm_31_32.pdb	14.282	29.152	0	20.778
swarm_32_50.pdb	14.659	33.844	0	20.679
swarm_23_43.pdb	15.249	34.420	0	20.661
swarm_6_128.pdb	15.998	40.414	0	20.654
swarm_19_96.pdb	16.757	49.016	0.0384615	20.654
swarm_18_102.pdb	14.639	43.730	0	20.643
swarm_4_178.pdb	13.975	39.076	0	20.626
swarm_31_49.pdb	16.330	36.290	0	20.625
swarm_20_179.pdb	12.101	29.859	0	20.613
swarm_23_26.pdb	16.047	32.528	0	20.601
swarm_17_59.pdb	13.801	24.282	0	20.601
swarm_25_131.pdb	8.342	28.625	0	20.521
swarm_16_9.pdb	17.336	37.214	0	20.515
swarm_10_150.pdb	13.316	39.405	0	20.469
swarm_14_194.pdb	14.848	32.222	0	20.425
swarm_33_25.pdb	11.064	28.594	0	20.416
swarm_32_31.pdb	8.716	21.713	0.0769231	20.413
swarm_21_88.pdb	10.839	18.938	0	20.387
swarm_21_12.pdb	15.492	49.559	0	20.350
swarm_29_184.pdb	13.837	40.710	0.153846	20.348
swarm_20_22.pdb	18.211	48.764	0	20.295
swarm_33_92.pdb	16.553	46.402	0	20.260
swarm_26_88.pdb	17.191	39.645	0	20.259
swarm_11_3.pdb	14.418	23.481	0	20.240
swarm_18_4.pdb	17.088	47.108	0	20.205
swarm_17_145.pdb	12.888	31.934	0	20.174
swarm_6_123.pdb	15.980	40.058	0	20.168
swarm_2_111.pdb	14.978	33.619	0	20.110
swarm_18_35.pdb	11.358	32.126	0	20.076
swarm_28_188.pdb	7.301	17.560	0.115385	20.059
swarm_10_161.pdb	16.572	36.021	0	20.046
swarm_38_165.pdb	16.986	40.544	0	19.994
swarm_22_71.pdb	16.949	56.061	0.0384615	19.985
swarm_10_135.pdb	13.658	20.988	0	19.975
swarm_26_86.pdb	16.543	44.053	0	19.843
swarm_27_45.pdb	18.125	44.219	0	19.831
swarm_15_14.pdb	12.942	35.113	0.0384615	19.822
swarm_30_22.pdb	13.977	38.374	0	19.819
swarm_32_169.pdb	8.241	18.271	0	19.814
swarm_13_62.pdb	13.003	34.581	0	19.797
swarm_10_119.pdb	16.471	36.208	0	19.767
swarm_7_57.pdb	15.934	26.840	0	19.739
swarm_16_172.pdb	7.099	22.023	0.0384615	19.729
swarm_33_151.pdb	14.996	34.522	0	19.726
swarm_14_73.pdb	16.667	48.342	0.153846	19.719
swarm_0_142.pdb	16.055	42.855	0	19.716
swarm_25_130.pdb	14.669	33.066	0	19.705
swarm_28_114.pdb	16.991	32.884	0	19.700
swarm_21_31.pdb	16.098	34.881	0	19.667
swarm_25_66.pdb	13.662	34.987	0	19.651
swarm_9_3.pdb	16.974	46.945	0	19.639
swarm_14_97.pdb	11.383	27.220	0	19.622
swarm_16_16.pdb	15.159	42.883	0	19.613
swarm_34_110.pdb	12.662	34.505	0	19.603
swarm_17_135.pdb	8.833	26.020	0	19.562
swarm_25_133.pdb	18.152	47.429	0	19.534
swarm_9_41.pdb	10.031	29.980	0	19.508
swarm_32_149.pdb	14.350	35.633	0	19.492
swarm_19_87.pdb	16.843	45.588	0	19.491
swarm_9_91.pdb	15.617	50.090	0	19.455
swarm_32_123.pdb	13.164	39.123	0.0769231	19.452
swarm_26_159.pdb	12.501	21.409	0	19.421
swarm_13_87.pdb	14.052	44.929	0	19.407
swarm_14_172.pdb	15.600	28.088	0	19.402
swarm_31_19.pdb	13.554	20.617	0	19.372
swarm_35_100.pdb	18.226	39.588	0	19.370
swarm_25_18.pdb	16.531	39.700	0	19.353
swarm_36_164.pdb	15.815	41.551	0	19.325
swarm_36_182.pdb	13.942	41.990	0	19.316
swarm_23_174.pdb	16.569	29.349	0	19.257
swarm_29_83.pdb	13.146	37.875	0	19.248
swarm_6_13.pdb	12.784	31.904	0	19.230
swarm_30_97.pdb	17.498	36.769	0	19.208
swarm_33_101.pdb	18.857	39.833	0	19.203
swarm_2_157.pdb	14.444	36.635	0	19.171
swarm_29_132.pdb	12.884	25.966	0	19.146
swarm_2_20.pdb	16.717	46.073	0	19.146
swarm_29_136.pdb	12.541	33.802	0	19.137
swarm_23_129.pdb	14.205	33.254	0	19.122
swarm_7_97.pdb	12.342	26.182	0	19.105
swarm_24_144.pdb	13.126	28.992	0	19.094
swarm_32_2.pdb	16.583	38.896	0	19.069
swarm_21_124.pdb	18.347	37.367	0	19.050
swarm_5_93.pdb	18.615	41.652	0	19.037
swarm_30_28.pdb	17.491	38.886	0	19.036
swarm_16_161.pdb	15.442	49.896	0.0769231	19.024
swarm_24_193.pdb	13.825	24.782	0	19.013
swarm_23_171.pdb	17.021	38.106	0	18.977
swarm_9_96.pdb	16.649	41.647	0	18.958
swarm_15_80.pdb	15.612	37.543	0.0384615	18.946
swarm_26_34.pdb	14.848	20.296	0	18.935
swarm_25_63.pdb	15.207	36.828	0	18.926
swarm_8_56.pdb	8.308	23.384	0.0769231	18.899
swarm_6_125.pdb	16.785	42.013	0	18.856
swarm_31_15.pdb	15.379	35.567	0.115385	18.826
swarm_15_183.pdb	11.872	20.511	0	18.786
swarm_34_23.pdb	3.346	12.195	0.538462	18.779
swarm_7_158.pdb	10.816	29.011	0.0769231	18.776
swarm_12_113.pdb	8.777	26.949	0	18.775
swarm_20_23.pdb	14.687	25.747	0	18.710
swarm_21_58.pdb	11.237	40.710	0	18.689
swarm_23_176.pdb	9.897	29.545	0.0384615	18.668
swarm_7_25.pdb	14.086	32.837	0	18.645
swarm_3_127.pdb	14.535	42.046	0.115385	18.632
swarm_16_162.pdb	17.206	36.622	0	18.629
swarm_11_7.pdb	10.839	27.082	0	18.545
swarm_19_2.pdb	10.695	21.355	0	18.544
swarm_9_84.pdb	16.708	39.286	0	18.540
swarm_23_120.pdb	14.182	32.531	0	18.492
swarm_35_63.pdb	13.396	34.065	0	18.454
swarm_1_29.pdb	13.969	37.988	0	18.453
swarm_18_192.pdb	13.169	31.622	0	18.445
swarm_11_193.pdb	16.264	41.987	0	18.439
swarm_10_64.pdb	11.640	19.497	0	18.430
swarm_31_18.pdb	13.115	29.737	0	18.405
swarm_25_163.pdb	13.268	32.326	0	18.398
swarm_38_187.pdb	13.728	29.793	0	18.394
swarm_16_191.pdb	16.917	34.946	0	18.393
swarm_30_162.pdb	16.225	39.549	0	18.385
swarm_2_165.pdb	17.941	39.485	0	18.382
swarm_33_56.pdb	13.962	39.024	0	18.372
swarm_11_72.pdb	16.717	42.598	0	18.365
swarm_17_73.pdb	12.107	22.087	0.0384615	18.360
swarm_41_13.pdb	12.895	30.538	0.0384615	18.333
swarm_6_141.pdb	13.611	23.377	0	18.325
swarm_30_173.pdb	14.785	37.945	0	18.310
swarm_5_173.pdb	14.378	43.930	0	18.309
swarm_19_3.pdb	13.302	22.509	0	18.307
swarm_5_32.pdb	13.461	36.059	0	18.301
swarm_37_72.pdb	14.268	40.056	0.115385	18.284
swarm_10_152.pdb	13.444	31.695	0	18.248
swarm_9_47.pdb	11.352	42.056	0	18.236
swarm_33_121.pdb	16.572	37.465	0	18.224
swarm_20_161.pdb	17.174	45.958	0	18.222
swarm_10_140.pdb	15.463	42.225	0	18.154
swarm_40_90.pdb	11.496	23.742	0	18.122
swarm_18_186.pdb	16.135	43.266	0	18.087
swarm_29_67.pdb	11.109	24.106	0	18.078
swarm_14_63.pdb	16.093	43.200	0	18.057
swarm_21_136.pdb	16.229	39.728	0	18.046
swarm_5_25.pdb	16.961	33.672	0	18.039
swarm_29_74.pdb	12.068	28.066	0	18.037
swarm_19_126.pdb	18.873	49.470	0	18.020
swarm_36_167.pdb	13.313	35.363	0	17.972
swarm_15_161.pdb	13.965	37.039	0	17.972
swarm_28_11.pdb	15.863	38.577	0	17.895
swarm_39_149.pdb	13.564	27.444	0	17.882
swarm_5_29.pdb	16.898	43.737	0	17.843
swarm_22_182.pdb	16.669	45.724	0	17.837
swarm_31_188.pdb	14.573	35.301	0	17.831
swarm_26_29.pdb	13.125	41.178	0.0384615	17.824
swarm_33_193.pdb	13.513	31.888	0	17.817
swarm_27_153.pdb	14.178	33.831	0.115385	17.808
swarm_33_51.pdb	15.596	42.222	0	17.801
swarm_7_31.pdb	14.524	30.579	0	17.800
swarm_14_194.pdb	16.197	43.395	0	17.782
swarm_37_139.pdb	14.078	28.774	0	17.780
swarm_32_50.pdb	18.064	40.561	0	17.780
swarm_16_79.pdb	14.831	33.662	0	17.779
swarm_17_139.pdb	17.228	38.280	0	17.758
swarm_30_133.pdb	13.461	34.369	0	17.735
swarm_18_6.pdb	15.768	34.176	0	17.711
swarm_20_86.pdb	7.504	23.020	0	17.696
swarm_26_159.pdb	15.391	47.091	0	17.682
swarm_30_122.pdb	9.523	23.962	0	17.644
swarm_3_18.pdb	10.291	29.807	0.153846	17.632
swarm_0_0.pdb	16.503	31.402	0	17.613
swarm_26_22.pdb	19.331	49.694	0	17.607
swarm_13_22.pdb	16.805	37.626	0	17.603
swarm_37_93.pdb	11.490	33.618	0.0384615	17.549
swarm_30_0.pdb	14.129	37.255	0	17.490
swarm_28_159.pdb	15.513	35.639	0	17.481
swarm_21_77.pdb	14.730	31.319	0	17.454
swarm_25_163.pdb	15.849	41.317	0	17.452
swarm_0_114.pdb	13.056	37.943	0	17.440
swarm_16_72.pdb	13.377	22.962	0	17.426
swarm_7_7.pdb	11.253	29.423	0	17.411
swarm_39_33.pdb	13.479	30.943	0	17.366
swarm_22_42.pdb	17.142	39.627	0	17.366
swarm_17_13.pdb	15.355	28.566	0	17.358
swarm_11_141.pdb	15.680	35.836	0	17.354
swarm_18_168.pdb	16.882	51.055	0.0384615	17.340
swarm_11_37.pdb	14.485	26.153	0	17.336
swarm_23_12.pdb	10.351	24.277	0	17.335
swarm_7_92.pdb	15.233	31.686	0	17.306
swarm_8_142.pdb	17.400	38.754	0	17.299
swarm_15_8.pdb	8.016	28.777	0.0384615	17.260
swarm_40_189.pdb	12.077	32.608	0.0769231	17.245
swarm_7_69.pdb	13.124	24.927	0	17.210
swarm_14_131.pdb	13.003	35.636	0.0769231	17.193
swarm_20_35.pdb	11.473	28.901	0.0384615	17.181
swarm_34_40.pdb	17.032	36.702	0	17.174
swarm_26_167.pdb	18.268	55.573	0	17.158
swarm_31_64.pdb	15.997	37.822	0	17.129
swarm_19_199.pdb	16.354	33.590	0	17.125
swarm_10_20.pdb	15.891	35.605	0	17.088
swarm_7_149.pdb	8.631	28.132	0.0769231	17.083
swarm_28_130.pdb	14.059	40.002	0	17.046
swarm_4_99.pdb	6.047	17.529	0.0769231	17.035
swarm_2_42.pdb	14.460	25.824	0	17.021
swarm_24_150.pdb	13.522	28.635	0	16.992
swarm_12_110.pdb	16.038	26.256	0	16.972
swarm_29_191.pdb	17.568	44.450	0	16.971
swarm_35_54.pdb	6.444	16.764	0.153846	16.924
swarm_10_167.pdb	12.997	32.993	0.0384615	16.889
swarm_25_140.pdb	18.991	47.093	0	16.877
swarm_15_105.pdb	13.196	34.496	0	16.861
swarm_0_159.pdb	16.181	41.731	0	16.855
swarm_18_103.pdb	14.011	41.353	0.0769231	16.817
swarm_13_178.pdb	13.338	38.531	0	16.802
swarm_22_1.pdb	13.827	36.968	0	16.801
swarm_41_43.pdb	14.550	38.688	0	16.798
swarm_9_63.pdb	15.736	35.567	0	16.792
swarm_10_22.pdb	8.287	16.581	0	16.785
swarm_29_85.pdb	13.312	37.995	0	16.782
swarm_3_120.pdb	15.569	32.966	0	16.781
swarm_30_147.pdb	14.379	31.333	0	16.778
swarm_31_183.pdb	14.594	39.248	0	16.765
swarm_0_120.pdb	10.601	32.969	0.0769231	16.756
swarm_17_130.pdb	13.158	19.452	0	16.754
swarm_10_26.pdb	11.529	28.850	0	16.751
swarm_3_25.pdb	13.963	30.288	0	16.704
swarm_28_169.pdb	17.088	42.846	0	16.696
swarm_13_19.pdb	14.230	46.049	0	16.674
swarm_11_186.pdb	14.946	48.192	0	16.647
swarm_14_127.pdb	18.771	45.327	0	16.643
swarm_36_170.pdb	13.568	33.079	0	16.632
swarm_19_79.pdb	17.172	35.496	0	16.627
swarm_31_42.pdb	14.325	34.183	0	16.622
swarm_17_59.pdb	15.829	31.171	0.0769231	16.614
swarm_22_12.pdb	13.539	36.305	0.0384615	16.596
swarm_40_159.pdb	14.860	23.610	0	16.595
swarm_18_42.pdb	16.365	43.254	0	16.595
swarm_14_30.pdb	17.448	42.636	0	16.567
swarm_3_130.pdb	17.765	42.412	0	16.566
swarm_0_65.pdb	15.924	40.441	0	16.553
swarm_27_144.pdb	13.320	27.250	0	16.545
swarm_1_38.pdb	10.258	31.942	0.0384615	16.537
swarm_13_153.pdb	12.010	17.046	0	16.532
swarm_26_125.pdb	13.727	29.662	0	16.523
swarm_39_110.pdb	12.128	28.341	0	16.522
swarm_4_121.pdb	13.155	29.015	0	16.508
swarm_18_147.pdb	12.713	40.098	0	16.504
swarm_25_75.pdb	14.967	31.416	0	16.495
swarm_12_129.pdb	13.174	33.201	0	16.484
swarm_40_184.pdb	12.807	18.547	0	16.482
swarm_34_139.pdb	13.225	31.231	0	16.480
swarm_4_121.pdb	12.911	29.695	0	16.473
swarm_8_97.pdb	15.588	33.494	0	16.467
swarm_20_152.pdb	12.264	32.872	0	16.451
swarm_23_192.pdb	13.742	28.349	0	16.448
swarm_35_182.pdb	14.130	35.774	0	16.432
swarm_1_9.pdb	13.264	28.135	0	16.406
swarm_14_135.pdb	14.726	47.148	0.153846	16.303
swarm_30_31.pdb	13.131	22.902	0	16.277
swarm_1_84.pdb	11.473	34.895	0	16.269
swarm_6_75.pdb	7.954	26.453	0.0384615	16.260
swarm_18_114.pdb	16.604	34.911	0	16.252
swarm_41_190.pdb	19.652	40.745	0	16.233
swarm_8_151.pdb	17.881	49.481	0	16.172
swarm_3_96.pdb	13.870	38.816	0	16.170
swarm_29_180.pdb	15.870	45.716	0	16.169
swarm_31_9.pdb	13.877	37.833	0	16.164
swarm_18_119.pdb	14.979	45.807	0	16.164
swarm_8_143.pdb	13.436	29.905	0	16.140
swarm_24_103.pdb	17.906	48.451	0	16.139
swarm_37_191.pdb	10.745	23.137	0	16.134
swarm_3_95.pdb	12.310	23.070	0	16.130
swarm_24_7.pdb	12.496	28.405	0	16.130
swarm_13_29.pdb	14.609	23.604	0	16.101
swarm_5_10.pdb	16.073	36.694	0	16.096
swarm_25_193.pdb	13.629	38.145	0	16.087
swarm_2_27.pdb	13.448	30.045	0	16.071
swarm_0_49.pdb	15.762	40.206	0	16.062
swarm_15_32.pdb	16.240	36.138	0	16.061
swarm_37_77.pdb	13.625	26.174	0	16.057
swarm_26_6.pdb	15.061	47.720	0	16.057
swarm_33_108.pdb	16.106	36.533	0	16.029
swarm_16_64.pdb	13.243	26.027	0	15.993
swarm_16_70.pdb	17.896	48.766	0	15.974
swarm_7_197.pdb	17.104	38.017	0	15.951
swarm_25_178.pdb	17.889	37.901	0	15.937
swarm_23_89.pdb	17.142	37.347	0	15.911
swarm_18_183.pdb	13.233	38.374	0	15.907
swarm_37_76.pdb	13.680	35.612	0.0384615	15.896
swarm_27_57.pdb	19.293	44.740	0	15.894
swarm_35_6.pdb	15.429	38.182	0	15.877
swarm_21_51.pdb	14.750	27.413	0	15.864
swarm_22_136.pdb	6.542	18.808	0.153846	15.860
swarm_23_191.pdb	17.070	36.592	0	15.818
swarm_9_12.pdb	17.230	44.252	0	15.798
swarm_2_136.pdb	13.897	35.858	0	15.796
swarm_35_153.pdb	15.657	36.841	0	15.791
swarm_19_163.pdb	15.669	34.263	0	15.790
swarm_3_199.pdb	12.412	26.569	0	15.782
swarm_17_1.pdb	14.577	30.576	0	15.769
swarm_13_182.pdb	8.053	21.282	0	15.761
swarm_24_90.pdb	11.344	25.613	0	15.755
swarm_3_120.pdb	10.235	28.857	0.115385	15.745
swarm_25_12.pdb	3.504	8.899	0.153846	15.702
swarm_16_186.pdb	18.261	36.732	0	15.696
swarm_36_121.pdb	11.962	35.670	0	15.682
swarm_4_185.pdb	14.133	34.907	0	15.660
swarm_9_106.pdb	16.307	35.205	0	15.645
swarm_4_63.pdb	16.541	34.302	0	15.641
swarm_9_18.pdb	17.248	47.321	0	15.640
swarm_16_177.pdb	18.657	52.133	0	15.622
swarm_9_66.pdb	16.142	41.588	0	15.597
swarm_22_166.pdb	13.764	34.676	0	15.595
swarm_23_195.pdb	11.920	26.239	0	15.578
swarm_26_62.pdb	17.359	30.831	0	15.577
swarm_6_47.pdb	15.465	46.722	0	15.575
swarm_12_37.pdb	18.007	43.208	0	15.573
swarm_19_172.pdb	15.236	37.171	0	15.530
swarm_21_128.pdb	12.845	28.253	0	15.525
swarm_29_46.pdb	15.160	45.977	0	15.522
swarm_31_77.pdb	16.473	36.162	0.0769231	15.500
swarm_8_12.pdb	15.181	39.305	0	15.499
swarm_19_5.pdb	16.257	39.743	0	15.465
swarm_10_145.pdb	14.737	34.679	0	15.444
swarm_2_62.pdb	16.898	48.717	0	15.443
swarm_40_1.pdb	13.461	34.207	0	15.440
swarm_25_142.pdb	15.446	47.200	0	15.438
swarm_18_92.pdb	16.169	40.462	0	15.427
swarm_12_113.pdb	16.109	44.236	0	15.427
swarm_32_52.pdb	16.060	46.502	0	15.423
swarm_15_89.pdb	11.409	26.174	0.0384615	15.421
swarm_8_2.pdb	17.052	47.395	0	15.408
swarm_22_175.pdb	16.870	38.835	0	15.392
swarm_8_46.pdb	18.037	50.067	0	15.376
swarm_23_77.pdb	15.198	31.489	0	15.375
swarm_39_181.pdb	10.088	30.127	0	15.299
swarm_12_114.pdb	18.636	38.063	0	15.297
swarm_28_112.pdb	16.584	42.069	0	15.287
swarm_15_63.pdb	9.947	32.779	0.0384615	15.279
swarm_11_55.pdb	17.997	48.622	0	15.241
swarm_3_176.pdb	15.207	41.565	0	15.219
swarm_30_168.pdb	15.587	33.719	0	15.219
swarm_5_52.pdb	17.164	49.425	0	15.212
swarm_10_66.pdb	13.755	37.576	0	15.194
swarm_23_8.pdb	15.657	39.396	0	15.188
swarm_8_105.pdb	15.208	34.988	0	15.187
swarm_19_90.pdb	15.099	32.030	0	15.167
swarm_28_143.pdb	9.860	23.567	0	15.164
swarm_20_180.pdb	15.703	37.321	0	15.155
swarm_23_127.pdb	17.089	39.478	0	15.146
swarm_29_27.pdb	16.660	47.574	0	15.133
swarm_10_13.pdb	14.046	32.708	0	15.097
swarm_21_132.pdb	10.705	27.570	0	15.088
swarm_32_53.pdb	14.448	36.552	0	15.086
swarm_15_90.pdb	13.768	30.714	0	15.086
swarm_31_95.pdb	12.958	23.697	0	15.078
swarm_40_132.pdb	11.638	22.412	0	15.077
swarm_20_117.pdb	20.486	53.628	0	15.065
swarm_36_172.pdb	15.880	39.361	0	15.040
swarm_21_43.pdb	17.089	37.635	0	15.015
swarm_1_24.pdb	15.175	36.710	0	15.014
swarm_24_127.pdb	17.289	46.773	0	15.007
swarm_0_124.pdb	15.876	44.979	0	14.999
swarm_33_129.pdb	17.905	41.307	0	14.953
swarm_22_25.pdb	17.816	53.661	0	14.946
swarm_9_169.pdb	12.910	33.320	0	14.940
swarm_0_15.pdb	17.092	46.596	0	14.925
swarm_12_51.pdb	12.578	30.788	0	14.889
swarm_24_124.pdb	14.394	37.482	0	14.878
swarm_19_139.pdb	13.347	40.960	0	14.854
swarm_20_25.pdb	17.348	35.929	0	14.845
swarm_37_144.pdb	17.226	43.239	0	14.834
swarm_4_90.pdb	15.762	33.286	0	14.809
swarm_27_62.pdb	17.633	42.633	0	14.805
swarm_10_84.pdb	11.274	28.774	0.0384615	14.777
swarm_28_37.pdb	13.838	33.753	0	14.770
swarm_19_86.pdb	16.927	39.909	0	14.747
swarm_32_119.pdb	13.214	41.614	0	14.744
swarm_25_149.pdb	16.774	38.975	0	14.719
swarm_5_172.pdb	13.455	28.281	0	14.708
swarm_34_27.pdb	17.776	35.078	0	14.703
swarm_5_11.pdb	15.457	47.309	0	14.700
swarm_13_41.pdb	16.162	42.263	0	14.684
swarm_19_76.pdb	17.311	36.640	0	14.678
swarm_25_119.pdb	14.243	22.125	0	14.674
swarm_4_104.pdb	12.472	23.781	0	14.664
swarm_34_155.pdb	13.188	19.763	0	14.647
swarm_20_39.pdb	13.409	31.208	0	14.620
swarm_7_158.pdb	14.057	34.158	0	14.597
swarm_21_83.pdb	14.028	31.714	0	14.595
swarm_10_60.pdb	13.499	41.870	0.153846	14.595
swarm_6_48.pdb	14.133	36.271	0	14.587
swarm_29_53.pdb	16.474	43.154	0	14.564
swarm_3_116.pdb	12.043	26.349	0.0769231	14.562
swarm_19_69.pdb	16.972	43.769	0	14.512
swarm_0_75.pdb	11.716	27.411	0	14.500
swarm_12_171.pdb	14.921	37.593	0	14.499
swarm_5_199.pdb	17.551	36.990	0	14.498
swarm_23_41.pdb	16.167	37.183	0	14.454
swarm_3_162.pdb	16.743	40.699	0	14.436
swarm_32_161.pdb	10.283	23.269	0	14.430
swarm_18_68.pdb	18.241	44.471	0	14.378
swarm_1_122.pdb	15.961	40.096	0	14.371
swarm_28_107.pdb	13.631	23.699	0	14.361
swarm_1_76.pdb	13.490	28.132	0	14.339
swarm_14_96.pdb	16.889	28.563	0	14.320
swarm_19_164.pdb	8.195	25.550	0.0384615	14.315
swarm_12_180.pdb	14.449	37.075	0	14.313
swarm_17_177.pdb	12.165	19.424	0	14.308
swarm_0_171.pdb	18.643	47.770	0	14.301
swarm_7_140.pdb	14.547	33.961	0	14.296
swarm_8_29.pdb	11.519	29.407	0	14.289
swarm_40_34.pdb	13.252	29.283	0	14.235
swarm_4_25.pdb	10.403	26.883	0	14.230
swarm_7_27.pdb	15.360	27.487	0	14.225
swarm_4_71.pdb	14.085	36.649	0.0384615	14.221
swarm_25_53.pdb	15.429	33.125	0	14.217
swarm_15_180.pdb	14.836	35.037	0	14.204
swarm_8_109.pdb	16.751	36.703	0	14.198
swarm_36_94.pdb	15.345	43.605	0.0769231	14.196
swarm_25_56.pdb	16.451	39.291	0	14.164
swarm_37_182.pdb	12.074	28.469	0	14.163
swarm_31_173.pdb	14.441	31.363	0	14.162
swarm_12_114.pdb	16.584	44.018	0	14.160
swarm_1_82.pdb	17.143	38.271	0	14.149
swarm_17_80.pdb	9.404	22.153	0	14.088
swarm_17_74.pdb	13.982	34.618	0	14.084
swarm_12_159.pdb	11.088	32.459	0	14.081
swarm_36_44.pdb	17.835	47.478	0	14.072
swarm_41_166.pdb	16.677	35.690	0	14.066
swarm_21_103.pdb	16.837	48.687	0	14.045
swarm_30_62.pdb	12.795	34.470	0	14.037
swarm_29_10.pdb	14.558	36.961	0	13.996
swarm_17_187.pdb	12.579	32.672	0	13.967
swarm_29_159.pdb	13.552	26.254	0	13.958
swarm_0_181.pdb	16.378	45.063	0	13.941
swarm_26_58.pdb	13.512	34.893	0	13.936
swarm_8_59.pdb	5.675	16.510	0.115385	13.903
swarm_4_120.pdb	14.486	25.536	0	13.894
swarm_35_36.pdb	9.288	27.958	0.115385	13.879
swarm_36_126.pdb	15.548	41.394	0	13.866
swarm_36_111.pdb	13.303	30.681	0	13.862
swarm_15_163.pdb	17.826	37.985	0	13.859
swarm_23_121.pdb	7.933	23.323	0	13.853
swarm_0_137.pdb	17.237	43.198	0	13.833
swarm_32_80.pdb	15.681	43.011	0	13.832
swarm_9_70.pdb	17.947	42.813	0	13.831
swarm_5_160.pdb	17.823	39.975	0	13.815
swarm_15_147.pdb	14.856	40.081	0	13.814
swarm_39_124.pdb	13.766	35.410	0.0384615	13.789
swarm_28_44.pdb	13.746	31.413	0	13.782
swarm_29_28.pdb	14.686	32.835	0	13.781
swarm_32_193.pdb	14.631	41.172	0	13.778
swarm_9_147.pdb	16.230	42.800	0	13.772
swarm_8_166.pdb	16.775	36.981	0	13.742
swarm_4_47.pdb	14.438	40.081	0	13.741
swarm_37_60.pdb	13.986	34.801	0	13.740
swarm_38_149.pdb	15.586	33.724	0	13.731
swarm_19_120.pdb	14.802	32.158	0	13.723
swarm_36_133.pdb	16.311	46.139	0	13.712
swarm_32_130.pdb	14.817	28.448	0	13.712
swarm_31_88.pdb	9.004	20.948	0.0384615	13.711
swarm_13_142.pdb	14.210	38.336	0.0384615	13.686
swarm_9_43.pdb	16.312	42.536	0	13.669
swarm_24_82.pdb	14.773	38.670	0	13.645
swarm_4_194.pdb	15.621	43.782	0	13.644
swarm_24_129.pdb	18.484	40.053	0	13.644
swarm_21_98.pdb	16.152	50.187	0	13.626
swarm_8_121.pdb	16.975	39.602	0	13.598
swarm_7_120.pdb	15.446	34.344	0	13.591
swarm_5_121.pdb	18.157	50.560	0	13.577
swarm_17_178.pdb	15.065	36.511	0	13.573
swarm_28_71.pdb	14.522	36.528	0	13.552
swarm_26_107.pdb	15.431	51.781	0	13.539
swarm_29_107.pdb	17.212	42.200	0	13.513
swarm_28_8.pdb	16.692	32.209	0	13.487
swarm_4_190.pdb	16.084	40.680	0	13.481
swarm_11_105.pdb	16.286	46.177	0	13.481
swarm_2_138.pdb	18.085	39.161	0	13.470
swarm_0_20.pdb	17.794	43.012	0	13.469
swarm_4_167.pdb	15.297	35.108	0	13.463
swarm_34_127.pdb	7.512	22.348	0.0384615	13.462
swarm_0_21.pdb	14.304	36.146	0	13.441
swarm_41_164.pdb	14.686	31.173	0	13.436
swarm_28_81.pdb	14.767	37.873	0	13.406
swarm_7_132.pdb	13.544	26.442	0	13.363
swarm_25_35.pdb	14.821	26.263	0	13.345
swarm_18_179.pdb	10.865	27.710	0.0769231	13.329
swarm_40_58.pdb	15.012	31.770	0	13.310
swarm_16_21.pdb	18.471	40.453	0	13.276
swarm_38_191.pdb	17.778	38.118	0	13.259
swarm_3_0.pdb	18.561	41.097	0	13.250
swarm_40_50.pdb	12.346	31.690	0	13.242
swarm_40_33.pdb	13.618	34.072	0	13.214
swarm_9_58.pdb	18.707	42.259	0	13.192
swarm_8_79.pdb	17.760	39.765	0	13.185
swarm_5_167.pdb	17.938	35.572	0	13.152
swarm_35_82.pdb	11.770	32.041	0.0384615	13.144
swarm_39_82.pdb	13.867	38.124	0	13.136
swarm_22_143.pdb	12.903	29.500	0	13.056
swarm_40_199.pdb	11.120	25.722	0	13.044
swarm_31_52.pdb	11.372	21.267	0	13.038
swarm_1_150.pdb	18.651	52.667	0	13.038
swarm_26_32.pdb	15.779	45.557	0	13.033
swarm_20_29.pdb	16.967	52.824	0	13.001
swarm_33_148.pdb	15.796	47.540	0.0384615	12.946
swarm_5_127.pdb	11.529	30.459	0	12.942
swarm_28_138.pdb	16.212	34.849	0	12.927
swarm_27_128.pdb	13.447	31.612	0	12.915
swarm_18_178.pdb	16.687	43.893	0	12.906
swarm_3_174.pdb	19.060	39.269	0	12.874
swarm_19_175.pdb	16.083	32.215	0	12.864
swarm_34_130.pdb	14.322	36.028	0	12.858
swarm_3_115.pdb	9.601	28.606	0.269231	12.849
swarm_28_138.pdb	15.024	45.537	0.0384615	12.809
swarm_28_148.pdb	17.471	38.039	0	12.753
swarm_27_184.pdb	17.075	43.739	0	12.748
swarm_0_86.pdb	17.695	46.273	0	12.746
swarm_22_155.pdb	17.704	28.973	0	12.738
swarm_13_186.pdb	13.630	35.923	0	12.728
swarm_11_8.pdb	14.302	33.374	0	12.723
swarm_13_104.pdb	14.208	37.438	0	12.703
swarm_40_168.pdb	11.567	23.121	0	12.699
swarm_28_152.pdb	15.261	43.353	0	12.697
swarm_24_118.pdb	18.682	44.130	0	12.689
swarm_6_146.pdb	11.078	33.353	0	12.680
swarm_8_191.pdb	16.943	46.026	0	12.676
swarm_11_119.pdb	11.922	23.076	0	12.667
swarm_21_192.pdb	17.588	54.022	0	12.663
swarm_23_75.pdb	16.032	38.411	0	12.639
swarm_13_85.pdb	16.855	46.576	0	12.622
swarm_14_55.pdb	16.662	44.665	0	12.561
swarm_15_84.pdb	15.002	32.842	0	12.557
swarm_15_131.pdb	10.623	27.707	0	12.537
swarm_15_112.pdb	15.503	36.553	0	12.515
swarm_3_187.pdb	16.390	35.755	0	12.512
swarm_8_137.pdb	16.415	47.041	0	12.504
swarm_35_31.pdb	12.129	28.401	0	12.491
swarm_4_33.pdb	14.125	37.023	0	12.490
swarm_13_50.pdb	11.646	27.308	0	12.481
swarm_23_103.pdb	13.997	37.100	0.0384615	12.469
swarm_0_114.pdb	13.924	36.564	0	12.460
swarm_10_71.pdb	7.729	28.947	0.230769	12.457
swarm_24_100.pdb	12.528	36.542	0	12.413
swarm_1_64.pdb	14.797	42.426	0	12.376
swarm_33_96.pdb	12.516	35.913	0	12.370
swarm_4_137.pdb	14.442	36.811	0	12.329
swarm_4_72.pdb	17.617	35.296	0	12.295
swarm_25_20.pdb	9.071	18.392	0.0384615	12.295
swarm_41_103.pdb	13.109	26.595	0	12.260
swarm_23_86.pdb	15.312	32.161	0	12.239
swarm_32_101.pdb	13.924	33.281	0	12.231
swarm_11_178.pdb	16.734	44.693	0	12.190
swarm_4_102.pdb	12.138	32.844	0.0384615	12.170
swarm_31_179.pdb	11.245	28.681	0.0384615	12.146
swarm_10_72.pdb	14.541	30.376	0	12.115
swarm_33_193.pdb	13.797	37.066	0	12.114
swarm_1_43.pdb	10.893	33.818	0.0384615	12.113
swarm_5_157.pdb	8.257	29.814	0	12.098
swarm_22_81.pdb	14.736	38.026	0	12.097
swarm_11_90.pdb	12.084	26.044	0	12.088
swarm_37_100.pdb	14.489	40.505	0	12.080
swarm_14_44.pdb	15.669	38.918	0	12.067
swarm_19_177.pdb	14.695	30.198	0	12.063
swarm_41_187.pdb	14.440	33.354	0	12.053
swarm_34_162.pdb	12.298	30.363	0.0384615	12.040
swarm_35_53.pdb	6.649	19.489	0.0384615	12.033
swarm_16_75.pdb	20.021	36.157	0	12.003
swarm_11_2.pdb	15.290	46.545	0	11.994
swarm_3_31.pdb	11.958	25.507	0	11.971
swarm_19_190.pdb	17.211	35.118	0	11.971
swarm_22_113.pdb	16.390	38.729	0	11.954
swarm_27_16.pdb	20.544	43.096	0	11.943
swarm_7_71.pdb	11.698	26.176	0	11.916
swarm_5_164.pdb	18.694	47.903	0	11.913
swarm_9_111.pdb	13.740	36.763	0	11.894
swarm_9_123.pdb	17.482	54.529	0	11.871
swarm_19_124.pdb	17.500	35.436	0	11.837
swarm_41_91.pdb	13.268	35.579	0	11.811
swarm_35_94.pdb	8.562	25.529	0	11.811
swarm_20_182.pdb	9.927	31.616	0	11.764
swarm_18_29.pdb	15.511	41.417	0	11.752
swarm_2_198.pdb	16.291	43.457	0	11.742
swarm_5_142.pdb	16.513	46.959	0	11.721
swarm_6_38.pdb	15.777	32.946	0	11.702
swarm_15_128.pdb	11.878	31.200	0	11.688
swarm_15_133.pdb	3.244	11.865	0.115385	11.687
swarm_8_48.pdb	15.499	27.562	0	11.678
swarm_41_137.pdb	17.831	44.874	0	11.630
swarm_25_27.pdb	18.907	44.509	0	11.617
swarm_40_127.pdb	15.561	36.597	0	11.605
swarm_7_169.pdb	13.412	24.733	0	11.602
swarm_4_87.pdb	15.569	36.548	0	11.564
swarm_7_61.pdb	19.228	36.476	0	11.511
swarm_34_137.pdb	14.381	27.525	0.0384615	11.508
swarm_21_116.pdb	13.751	35.371	0	11.486
swarm_31_52.pdb	15.941	35.293	0	11.484
swarm_25_167.pdb	12.057	24.381	0	11.470
swarm_9_121.pdb	15.839	45.063	0	11.464
swarm_20_45.pdb	16.421	36.353	0	11.429
swarm_34_45.pdb	13.511	32.131	0	11.388
swarm_4_108.pdb	14.060	35.032	0	11.378
swarm_3_74.pdb	13.999	28.861	0	11.357
swarm_39_98.pdb	14.755	31.579	0	11.313
swarm_18_153.pdb	14.947	41.683	0	11.311
swarm_8_179.pdb	13.874	34.915	0.0384615	11.309
swarm_40_22.pdb	6.848	15.197	0	11.268
swarm_29_113.pdb	15.801	30.156	0	11.241
swarm_16_154.pdb	18.881	54.304	0	11.228
swarm_0_52.pdb	16.386	46.394	0	11.207
swarm_9_195.pdb	14.401	32.672	0	11.203
swarm_2_171.pdb	13.487	38.655	0	11.142
swarm_13_48.pdb	15.634	36.451	0	11.124
swarm_1_134.pdb	14.337	32.698	0	11.109
swarm_9_158.pdb	18.792	54.840	0	11.088
swarm_30_104.pdb	15.378	36.713	0	11.070
swarm_8_39.pdb	13.263	27.501	0	11.053
swarm_10_89.pdb	14.549	33.398	0	10.992
swarm_32_148.pdb	16.989	44.825	0	10.959
swarm_13_115.pdb	15.909	35.652	0.0384615	10.955
swarm_40_177.pdb	15.754	34.840	0	10.954
swarm_41_136.pdb	17.001	33.625	0	10.831
swarm_40_56.pdb	14.559	35.365	0	10.819
swarm_4_57.pdb	14.032	26.219	0	10.816
swarm_18_130.pdb	13.829	33.462	0	10.802
swarm_11_156.pdb	12.157	33.142	0	10.745
swarm_17_32.pdb	10.896	22.262	0	10.693
swarm_40_40.pdb	10.832	30.381	0	10.681
swarm_2_56.pdb	13.325	36.371	0.0384615	10.681
swarm_4_197.pdb	12.545	32.237	0	10.675
swarm_0_36.pdb	14.150	29.087	0.0384615	10.629
swarm_28_41.pdb	15.542	39.341	0	10.592
swarm_21_122.pdb	17.211	49.302	0.0384615	10.590
swarm_28_2.pdb	12.554	29.305	0	10.566
swarm_24_127.pdb	14.862	35.377	0	10.565
swarm_5_184.pdb	18.094	36.244	0	10.563
swarm_34_170.pdb	13.339	30.048	0	10.554
swarm_36_176.pdb	17.894	42.094	0	10.507
swarm_27_160.pdb	13.072	28.169	0	10.483
swarm_12_117.pdb	17.714	47.350	0.115385	10.479
swarm_18_166.pdb	20.525	55.518	0	10.474
swarm_1_140.pdb	12.617	31.092	0	10.470
swarm_25_137.pdb	11.464	22.658	0	10.457
swarm_5_181.pdb	10.800	28.002	0	10.430
swarm_30_61.pdb	15.400	32.174	0	10.424
swarm_15_126.pdb	14.910	33.440	0	10.402
swarm_10_144.pdb	15.424	34.724	0	10.356
swarm_23_188.pdb	14.359	35.781	0	10.354
swarm_32_151.pdb	15.962	45.299	0	10.298
swarm_20_34.pdb	12.678	28.616	0	10.280
swarm_20_162.pdb	15.500	53.958	0.115385	10.267
swarm_35_37.pdb	16.438	38.168	0	10.214
swarm_23_50.pdb	15.224	34.806	0	10.213
swarm_40_46.pdb	16.521	34.346	0	10.207
swarm_21_72.pdb	20.123	53.953	0	10.179
swarm_41_173.pdb	18.182	39.452	0	10.172
swarm_20_155.pdb	17.558	38.289	0	10.119
swarm_26_33.pdb	16.278	35.252	0	10.105
swarm_2_29.pdb	13.131	33.772	0	10.094
swarm_17_98.pdb	14.319	22.901	0	10.050
swarm_3_196.pdb	16.344	37.964	0	10.040
swarm_4_145.pdb	18.063	37.320	0	10.011
swarm_21_57.pdb	18.561	37.441	0	9.946
swarm_1_73.pdb	16.758	39.834	0	9.932
swarm_17_36.pdb	9.844	21.047	0	9.932
swarm_11_123.pdb	15.017	33.001	0	9.845
swarm_15_78.pdb	12.669	31.365	0	9.730
swarm_9_169.pdb	14.573	39.227	0	9.719
swarm_10_39.pdb	14.853	38.905	0	9.717
swarm_33_22.pdb	20.489	49.656	0	9.708
swarm_12_138.pdb	13.816	36.168	0	9.642
swarm_4_4.pdb	20.096	41.156	0	9.596
swarm_0_196.pdb	14.610	47.166	0.0384615	9.593
swarm_32_28.pdb	17.203	48.709	0	9.571
swarm_21_19.pdb	17.382	30.369	0	9.443
swarm_7_172.pdb	14.085	35.788	0	9.405
swarm_20_32.pdb	15.586	35.682	0	9.394
swarm_28_113.pdb	18.989	38.098	0	9.266
swarm_8_5.pdb	8.869	23.481	0	9.214
swarm_0_110.pdb	16.273	40.226	0	9.191
swarm_33_27.pdb	17.421	39.627	0	9.145
swarm_19_125.pdb	15.404	26.891	0	8.950
swarm_31_32.pdb	10.003	20.029	0	8.877
swarm_9_27.pdb	13.505	37.059	0	8.785
swarm_2_102.pdb	15.949	49.636	0	8.678
swarm_19_173.pdb	18.550	47.498	0	8.656
swarm_40_80.pdb	15.845	28.956	0	8.594
swarm_8_51.pdb	18.797	35.698	0	8.553
swarm_39_3.pdb	14.388	33.657	0	8.445
swarm_6_190.pdb	19.819	48.168	0	8.358
swarm_11_128.pdb	17.134	38.511	0	8.286
swarm_5_176.pdb	19.477	52.852	0	7.978
swarm_26_35.pdb	12.727	18.657	0	7.976
swarm_19_25.pdb	19.567	52.378	0	7.821
swarm_18_153.pdb	14.498	32.371	0	7.807
swarm_8_37.pdb	17.126	44.948	0	7.656
swarm_25_13.pdb	10.902	19.823	0	7.543
swarm_38_33.pdb	17.499	37.212	0	7.508
swarm_31_34.pdb	15.177	32.411	0	7.436
swarm_1_123.pdb	12.912	39.469	0.0769231	7.224
swarm_4_110.pdb	17.438	42.107	0	7.209
swarm_26_102.pdb	15.029	20.442	0	7.092
swarm_2_61.pdb	14.327	32.935	0	7.029
swarm_19_136.pdb	18.280	50.757	0	6.959
swarm_35_123.pdb	16.760	31.981	0	6.670
swarm_12_34.pdb	20.009	48.654	0	6.595
swarm_20_151.pdb	17.297	54.392	0	6.206
swarm_8_5.pdb	15.939	41.928	0	6.160
swarm_30_189.pdb	16.786	33.310	0	5.833
swarm_3_78.pdb	13.293	35.606	0	5.599
swarm_28_79.pdb	17.350	34.643	0	5.358
swarm_40_86.pdb	17.558	36.904	0	5.204
swarm_25_134.pdb	15.450	37.756	0	4.431
swarm_25_188.pdb	11.916	40.037	0	4.027
swarm_37_89.pdb	17.118	38.835	0	3.958
swarm_13_172.pdb	19.142	45.195	0	2.985
swarm_39_126.pdb	16.444	38.411	0.0769231	2.700
swarm_6_150.pdb	13.884	31.756	0	1.851
swarm_22_198.pdb	16.853	35.052	0	1.668
swarm_24_77.pdb	13.386	41.670	0	1.469
swarm_30_27.pdb	13.758	37.997	0	1.418
