swarm_39_138.pdb	14.805	35.923	0.0384615	28.951
swarm_20_163.pdb	9.960	27.086	0.192308	27.814
swarm_3_191.pdb	11.933	31.677	0	27.460
swarm_37_145.pdb	14.642	38.859	0	27.387
swarm_39_124.pdb	11.709	30.426	0.0769231	27.026
swarm_42_112.pdb	10.649	26.820	0	26.149
swarm_21_29.pdb	8.265	17.424	0	26.081
swarm_36_131.pdb	13.165	35.738	0	25.886
swarm_24_147.pdb	13.819	34.709	0	25.208
swarm_22_153.pdb	13.329	40.582	0.0384615	25.026
swarm_38_141.pdb	8.931	29.832	0	24.789
swarm_29_81.pdb	3.220	7.850	0.192308	24.711
swarm_23_104.pdb	10.270	21.890	0	24.460
swarm_20_47.pdb	16.984	35.090	0	24.379
swarm_9_24.pdb	10.194	27.894	0	24.370
swarm_12_150.pdb	15.244	26.535	0	24.272
swarm_35_83.pdb	14.724	40.384	0	24.101
swarm_10_87.pdb	16.510	34.396	0	23.567
swarm_35_174.pdb	7.277	25.823	0.0384615	23.547
swarm_2_77.pdb	13.961	24.377	0	23.508
swarm_44_68.pdb	13.073	37.029	0.0769231	22.933
swarm_30_83.pdb	19.205	44.999	0	22.792
swarm_7_162.pdb	9.722	30.541	0	22.667
swarm_4_16.pdb	13.934	31.577	0	22.446
swarm_38_117.pdb	17.801	39.120	0	22.436
swarm_8_90.pdb	14.427	36.632	0.0384615	22.124
swarm_23_26.pdb	13.685	24.178	0	22.060
swarm_14_131.pdb	9.166	26.659	0.192308	21.964
swarm_34_6.pdb	14.740	30.420	0.0384615	21.935
swarm_7_9.pdb	14.856	29.206	0	21.850
swarm_1_22.pdb	11.828	34.102	0	21.809
swarm_4_119.pdb	12.576	28.095	0	21.751
swarm_8_50.pdb	10.292	23.482	0	21.713
swarm_29_184.pdb	6.028	18.167	0.153846	21.704
swarm_26_77.pdb	14.341	31.004	0	21.598
swarm_38_54.pdb	18.194	39.756	0	21.567
swarm_19_9.pdb	12.385	30.078	0.0384615	21.500
swarm_41_18.pdb	19.341	45.434	0	21.468
swarm_19_22.pdb	12.259	30.274	0	21.455
swarm_33_188.pdb	11.609	38.176	0	21.328
swarm_29_178.pdb	13.681	35.205	0	21.052
swarm_35_65.pdb	14.919	44.021	0.115385	20.912
swarm_5_52.pdb	18.365	48.798	0	20.871
swarm_36_95.pdb	17.165	34.125	0	20.812
swarm_3_116.pdb	15.505	31.294	0	20.713
swarm_39_156.pdb	15.625	33.160	0	20.691
swarm_38_135.pdb	17.043	33.282	0	20.649
swarm_26_4.pdb	13.595	24.278	0	20.557
swarm_24_78.pdb	14.747	37.179	0	20.375
swarm_47_133.pdb	15.144	39.960	0	20.365
swarm_48_82.pdb	16.612	46.222	0	20.361
swarm_13_184.pdb	8.091	21.059	0.0769231	20.305
swarm_16_67.pdb	12.062	32.319	0	20.274
swarm_17_153.pdb	13.251	40.488	0	20.183
swarm_38_176.pdb	8.231	27.069	0	20.165
swarm_15_120.pdb	12.269	21.814	0	20.126
swarm_0_32.pdb	16.025	42.795	0	20.119
swarm_32_28.pdb	6.392	24.382	0.307692	20.116
swarm_17_161.pdb	14.366	42.801	0.0384615	20.111
swarm_24_83.pdb	15.324	33.779	0	20.061
swarm_34_128.pdb	11.424	23.032	0	20.013
swarm_37_47.pdb	15.893	41.550	0	19.909
swarm_29_3.pdb	8.700	22.329	0	19.906
swarm_1_124.pdb	12.828	25.162	0	19.894
swarm_19_23.pdb	14.119	27.504	0	19.894
swarm_26_43.pdb	9.827	23.729	0.0384615	19.851
swarm_44_170.pdb	9.087	23.260	0	19.841
swarm_43_108.pdb	15.837	41.038	0	19.815
swarm_31_188.pdb	18.895	44.846	0	19.725
swarm_12_157.pdb	11.723	33.355	0.0769231	19.580
swarm_2_91.pdb	18.477	40.479	0	19.575
swarm_30_58.pdb	15.763	44.207	0	19.461
swarm_18_31.pdb	14.649	38.868	0	19.353
swarm_8_16.pdb	10.922	26.308	0	19.342
swarm_18_101.pdb	17.420	38.214	0	19.340
swarm_41_111.pdb	14.291	33.605	0	19.279
swarm_3_101.pdb	10.209	29.559	0.192308	19.257
swarm_19_64.pdb	14.698	27.813	0	19.225
swarm_25_78.pdb	10.808	27.688	0	19.206
swarm_23_158.pdb	13.778	36.911	0	19.122
swarm_22_159.pdb	14.110	33.518	0	19.115
swarm_32_87.pdb	17.688	37.395	0	19.050
swarm_25_144.pdb	12.180	31.450	0.0384615	19.047
swarm_24_138.pdb	13.847	33.331	0	19.021
swarm_26_122.pdb	11.427	23.947	0	19.013
swarm_23_150.pdb	11.612	32.050	0	18.994
swarm_20_52.pdb	11.232	30.072	0	18.991
swarm_1_179.pdb	14.219	27.500	0	18.980
swarm_8_152.pdb	14.736	33.507	0	18.922
swarm_1_195.pdb	13.599	32.805	0	18.884
swarm_44_50.pdb	14.964	35.557	0	18.828
swarm_16_128.pdb	14.131	33.277	0	18.739
swarm_24_95.pdb	12.053	28.139	0	18.676
swarm_23_37.pdb	15.608	36.012	0	18.631
swarm_24_75.pdb	16.386	32.355	0	18.584
swarm_33_96.pdb	13.930	40.870	0	18.562
swarm_10_27.pdb	15.503	29.365	0	18.561
swarm_48_64.pdb	12.534	35.457	0	18.522
swarm_11_97.pdb	13.272	28.509	0	18.521
swarm_0_169.pdb	10.561	32.310	0.0769231	18.504
swarm_26_110.pdb	10.649	20.501	0	18.484
swarm_33_98.pdb	12.144	38.092	0	18.432
swarm_19_198.pdb	11.428	27.695	0.0384615	18.404
swarm_13_131.pdb	14.733	34.022	0	18.346
swarm_29_39.pdb	11.219	26.813	0	18.336
swarm_34_16.pdb	16.630	35.968	0	18.330
swarm_40_55.pdb	12.443	41.194	0	18.243
swarm_26_72.pdb	13.946	35.005	0	18.238
swarm_22_41.pdb	9.595	34.496	0.0384615	18.176
swarm_15_177.pdb	8.547	12.718	0.0384615	18.173
swarm_24_137.pdb	12.726	30.705	0	18.159
swarm_11_108.pdb	13.687	39.807	0.0384615	18.137
swarm_10_93.pdb	9.373	24.192	0	18.081
swarm_20_0.pdb	16.237	34.783	0	17.996
swarm_31_21.pdb	16.643	42.588	0	17.989
swarm_39_51.pdb	13.784	34.343	0.115385	17.978
swarm_12_77.pdb	16.304	27.044	0	17.929
swarm_44_43.pdb	19.062	39.571	0	17.905
swarm_24_198.pdb	11.023	23.175	0	17.868
swarm_6_18.pdb	17.139	40.158	0	17.757
swarm_45_7.pdb	14.460	34.536	0	17.749
swarm_33_157.pdb	11.116	35.362	0	17.742
swarm_21_133.pdb	15.580	33.425	0	17.718
swarm_42_102.pdb	13.784	37.212	0	17.702
swarm_39_110.pdb	14.909	23.800	0	17.693
swarm_30_106.pdb	16.525	45.835	0	17.685
swarm_15_58.pdb	15.270	32.780	0	17.607
swarm_20_57.pdb	7.961	22.886	0.153846	17.605
swarm_43_191.pdb	14.625	28.241	0	17.600
swarm_35_151.pdb	16.878	45.180	0	17.566
swarm_17_11.pdb	16.811	48.559	0	17.542
swarm_25_68.pdb	17.101	32.929	0	17.493
swarm_34_117.pdb	14.048	29.220	0	17.485
swarm_45_185.pdb	12.544	18.787	0	17.423
swarm_14_65.pdb	18.804	37.706	0	17.403
swarm_11_41.pdb	13.346	24.726	0	17.393
swarm_21_154.pdb	14.476	30.940	0	17.383
swarm_19_136.pdb	18.416	36.400	0	17.369
swarm_36_57.pdb	13.153	27.743	0	17.357
swarm_47_39.pdb	16.604	36.672	0.0384615	17.355
swarm_7_86.pdb	15.258	28.599	0	17.330
swarm_2_160.pdb	15.804	37.372	0	17.302
swarm_12_151.pdb	8.654	26.494	0	17.266
swarm_6_122.pdb	9.804	32.617	0	17.254
swarm_2_151.pdb	13.634	35.174	0	17.250
swarm_7_22.pdb	14.233	33.150	0	17.245
swarm_40_2.pdb	14.026	30.504	0	17.220
swarm_34_1.pdb	17.545	37.145	0	17.216
swarm_33_149.pdb	18.695	48.016	0	17.204
swarm_20_58.pdb	11.485	25.403	0	17.183
swarm_9_186.pdb	10.962	31.626	0	17.162
swarm_9_45.pdb	13.836	34.827	0	17.158
swarm_2_129.pdb	14.199	35.811	0	17.068
swarm_14_154.pdb	16.077	34.832	0	17.030
swarm_25_123.pdb	10.480	26.026	0	16.932
swarm_18_42.pdb	14.557	36.615	0	16.871
swarm_41_148.pdb	15.177	31.092	0	16.870
swarm_39_169.pdb	16.642	37.243	0	16.819
swarm_22_95.pdb	11.220	34.795	0.115385	16.812
swarm_1_171.pdb	11.896	30.554	0	16.748
swarm_4_120.pdb	14.355	25.147	0	16.709
swarm_27_90.pdb	11.108	30.159	0.0384615	16.688
swarm_20_20.pdb	14.612	33.382	0	16.687
swarm_48_10.pdb	14.539	34.600	0	16.664
swarm_23_137.pdb	13.546	27.954	0	16.653
swarm_38_156.pdb	15.507	39.720	0	16.628
swarm_45_48.pdb	10.325	21.455	0	16.624
swarm_27_40.pdb	14.618	31.164	0	16.618
swarm_26_96.pdb	13.879	32.786	0	16.590
swarm_43_106.pdb	13.943	32.815	0	16.582
swarm_15_116.pdb	14.745	36.266	0	16.498
swarm_35_0.pdb	17.977	46.878	0	16.465
swarm_28_128.pdb	13.481	35.569	0	16.431
swarm_6_39.pdb	18.086	34.028	0	16.390
swarm_40_171.pdb	17.898	39.765	0	16.340
swarm_48_163.pdb	20.206	39.988	0	16.206
swarm_11_174.pdb	10.647	27.758	0	16.191
swarm_37_140.pdb	17.155	42.754	0	16.115
swarm_46_135.pdb	15.251	41.775	0	16.106
swarm_27_158.pdb	17.486	37.775	0	16.024
swarm_22_124.pdb	11.669	27.050	0	15.981
swarm_25_14.pdb	15.941	34.510	0	15.944
swarm_24_107.pdb	16.901	33.348	0	15.941
swarm_12_171.pdb	15.133	37.942	0	15.872
swarm_42_21.pdb	12.162	21.718	0	15.827
swarm_41_127.pdb	15.611	34.479	0	15.827
swarm_14_41.pdb	18.079	37.046	0	15.807
swarm_4_165.pdb	16.394	33.880	0	15.730
swarm_8_124.pdb	13.550	27.972	0	15.619
swarm_0_78.pdb	15.645	39.930	0	15.551
swarm_3_149.pdb	11.431	25.996	0.0769231	15.548
swarm_14_119.pdb	11.409	22.736	0	15.548
swarm_27_34.pdb	11.850	28.408	0	15.462
swarm_19_83.pdb	14.568	28.534	0	15.448
swarm_1_149.pdb	13.400	28.767	0	15.435
swarm_17_34.pdb	16.284	46.059	0	15.415
swarm_40_163.pdb	18.355	39.145	0	15.404
swarm_0_39.pdb	17.679	47.517	0	15.394
swarm_41_47.pdb	17.489	32.812	0	15.392
swarm_31_186.pdb	16.326	38.471	0	15.379
swarm_4_78.pdb	15.124	35.141	0	15.335
swarm_47_95.pdb	15.607	33.485	0	15.335
swarm_30_5.pdb	20.183	41.553	0	15.332
swarm_37_110.pdb	17.847	46.906	0	15.326
swarm_21_98.pdb	18.467	36.188	0	15.316
swarm_9_190.pdb	10.638	25.292	0	15.257
swarm_6_172.pdb	19.160	48.563	0	15.198
swarm_14_145.pdb	15.759	25.558	0	15.191
swarm_48_93.pdb	13.331	39.248	0	15.123
swarm_9_104.pdb	18.730	38.138	0	15.122
swarm_8_128.pdb	9.663	24.162	0	15.095
swarm_44_54.pdb	13.957	28.669	0	15.090
swarm_8_2.pdb	13.300	28.085	0	15.089
swarm_22_144.pdb	16.269	44.914	0	15.055
swarm_47_60.pdb	13.563	35.283	0	15.006
swarm_28_3.pdb	14.792	32.586	0	14.983
swarm_0_188.pdb	18.495	47.598	0	14.920
swarm_8_26.pdb	11.251	23.726	0	14.914
swarm_28_52.pdb	7.973	22.298	0.115385	14.909
swarm_47_88.pdb	16.238	35.727	0	14.898
swarm_12_16.pdb	15.200	37.263	0	14.874
swarm_34_53.pdb	13.133	19.784	0	14.847
swarm_10_50.pdb	14.073	30.045	0	14.842
swarm_6_166.pdb	17.519	35.597	0	14.810
swarm_34_165.pdb	18.028	35.439	0	14.807
swarm_21_39.pdb	12.954	29.909	0	14.802
swarm_0_180.pdb	17.089	44.097	0	14.799
swarm_32_198.pdb	17.712	36.659	0	14.763
swarm_17_187.pdb	16.200	42.102	0	14.749
swarm_30_101.pdb	14.164	39.674	0	14.696
swarm_19_0.pdb	15.325	30.710	0	14.686
swarm_25_22.pdb	19.458	38.416	0	14.681
swarm_47_129.pdb	15.711	36.701	0	14.667
swarm_13_77.pdb	12.298	32.034	0	14.659
swarm_30_145.pdb	14.583	32.387	0	14.653
swarm_34_178.pdb	13.863	32.238	0	14.634
swarm_4_69.pdb	18.196	36.206	0	14.599
swarm_16_130.pdb	18.413	38.917	0	14.580
swarm_0_9.pdb	16.195	44.623	0	14.572
swarm_18_186.pdb	17.178	36.850	0	14.557
swarm_45_102.pdb	14.858	32.763	0	14.482
swarm_7_118.pdb	16.239	32.732	0	14.462
swarm_42_158.pdb	12.279	27.965	0	14.439
swarm_37_142.pdb	13.249	36.906	0	14.424
swarm_32_41.pdb	18.054	39.116	0	14.416
swarm_6_176.pdb	13.927	33.596	0	14.411
swarm_3_109.pdb	10.020	28.137	0.0769231	14.396
swarm_10_25.pdb	11.865	26.934	0	14.378
swarm_25_52.pdb	15.778	33.602	0	14.362
swarm_43_74.pdb	14.871	32.830	0	14.349
swarm_13_100.pdb	14.442	33.149	0	14.338
swarm_16_88.pdb	17.875	37.883	0	14.325
swarm_25_128.pdb	16.413	36.543	0	14.281
swarm_12_102.pdb	18.739	38.303	0	14.233
swarm_7_120.pdb	15.634	39.858	0	14.228
swarm_45_115.pdb	11.553	25.124	0	14.222
swarm_18_177.pdb	9.101	31.817	0	14.185
swarm_25_112.pdb	13.065	25.897	0	14.164
swarm_13_113.pdb	13.630	35.570	0	14.164
swarm_6_0.pdb	18.345	38.724	0	14.143
swarm_20_25.pdb	12.774	28.590	0.0769231	14.138
swarm_8_36.pdb	15.961	32.268	0	14.134
swarm_2_75.pdb	10.664	26.314	0	14.109
swarm_9_73.pdb	14.616	33.525	0	14.105
swarm_21_97.pdb	15.920	37.803	0	14.022
swarm_33_182.pdb	9.358	31.796	0	14.006
swarm_14_11.pdb	14.444	27.223	0	13.968
swarm_10_110.pdb	16.515	34.881	0	13.959
swarm_20_45.pdb	17.954	35.943	0	13.931
swarm_42_118.pdb	11.517	27.599	0	13.916
swarm_20_138.pdb	12.934	27.797	0	13.911
swarm_46_47.pdb	18.533	42.239	0	13.899
swarm_23_139.pdb	13.574	21.369	0	13.894
swarm_1_172.pdb	14.618	41.512	0	13.809
swarm_44_13.pdb	16.872	41.814	0	13.805
swarm_36_117.pdb	17.270	40.627	0	13.707
swarm_25_38.pdb	15.195	34.959	0	13.707
swarm_37_170.pdb	17.489	41.639	0	13.684
swarm_4_34.pdb	14.445	37.002	0	13.675
swarm_2_132.pdb	14.364	32.404	0	13.660
swarm_36_79.pdb	14.752	35.601	0	13.637
swarm_43_162.pdb	20.240	38.157	0	13.630
swarm_29_111.pdb	13.517	27.871	0	13.622
swarm_26_70.pdb	15.316	31.652	0	13.598
swarm_43_104.pdb	16.626	41.544	0	13.569
swarm_10_117.pdb	13.509	33.105	0	13.568
swarm_39_122.pdb	14.543	20.840	0	13.562
swarm_10_183.pdb	18.876	37.576	0	13.535
swarm_45_170.pdb	15.403	29.501	0.0384615	13.508
swarm_21_171.pdb	18.424	38.106	0	13.504
swarm_16_33.pdb	18.274	42.264	0	13.478
swarm_7_68.pdb	15.747	35.679	0	13.474
swarm_8_161.pdb	17.329	35.829	0	13.468
swarm_32_163.pdb	17.529	37.392	0	13.449
swarm_18_3.pdb	17.106	34.607	0	13.445
swarm_13_108.pdb	14.863	34.946	0	13.438
swarm_22_6.pdb	15.386	43.092	0	13.430
swarm_21_147.pdb	15.426	35.298	0	13.408
swarm_5_130.pdb	22.736	53.886	0	13.371
swarm_24_3.pdb	15.234	36.639	0	13.359
swarm_32_31.pdb	14.899	36.158	0	13.351
swarm_48_171.pdb	14.851	43.283	0	13.337
swarm_1_91.pdb	13.407	32.620	0	13.311
swarm_31_89.pdb	12.525	34.723	0	13.299
swarm_18_94.pdb	10.644	30.456	0	13.273
swarm_31_35.pdb	14.490	38.129	0	13.263
swarm_5_184.pdb	19.741	45.961	0	13.255
swarm_48_118.pdb	17.358	41.793	0	13.243
swarm_16_165.pdb	15.076	32.283	0	13.205
swarm_13_85.pdb	17.743	37.264	0	13.185
swarm_3_32.pdb	19.026	39.684	0	13.183
swarm_10_138.pdb	15.533	33.103	0	13.147
swarm_39_83.pdb	14.561	37.535	0	13.119
swarm_4_196.pdb	12.354	30.550	0	13.105
swarm_48_32.pdb	16.897	44.227	0	13.105
swarm_7_191.pdb	14.430	34.225	0	13.098
swarm_2_113.pdb	13.454	38.738	0	13.084
swarm_21_43.pdb	15.380	38.166	0	13.056
swarm_8_190.pdb	16.392	36.201	0	13.050
swarm_15_40.pdb	11.666	24.326	0	13.040
swarm_24_135.pdb	13.029	34.224	0	13.025
swarm_40_79.pdb	18.087	36.117	0	13.020
swarm_28_153.pdb	13.510	33.228	0	13.010
swarm_11_82.pdb	16.092	45.030	0	13.002
swarm_7_168.pdb	16.655	32.382	0	12.982
swarm_16_57.pdb	18.360	37.916	0	12.918
swarm_1_13.pdb	15.890	38.755	0	12.917
swarm_20_13.pdb	13.154	25.077	0	12.861
swarm_21_23.pdb	14.289	32.520	0	12.845
swarm_20_132.pdb	19.321	37.926	0	12.796
swarm_41_36.pdb	15.673	40.485	0	12.786
swarm_19_185.pdb	11.062	28.260	0	12.761
swarm_19_12.pdb	8.812	26.826	0.0384615	12.761
swarm_11_77.pdb	14.082	37.002	0	12.707
swarm_40_105.pdb	17.185	35.280	0	12.676
swarm_4_103.pdb	13.715	34.138	0	12.645
swarm_48_149.pdb	19.818	42.766	0	12.629
swarm_6_178.pdb	19.184	40.428	0	12.534
swarm_26_52.pdb	11.904	21.968	0	12.529
swarm_19_2.pdb	14.912	34.249	0	12.503
swarm_2_131.pdb	17.314	36.291	0	12.485
swarm_34_127.pdb	7.512	22.348	0.0384615	12.465
swarm_7_52.pdb	20.051	38.387	0	12.427
swarm_22_46.pdb	14.883	35.074	0	12.407
swarm_24_166.pdb	14.934	34.012	0	12.332
swarm_25_5.pdb	14.136	26.814	0	12.283
swarm_4_101.pdb	17.974	37.058	0	12.268
swarm_8_1.pdb	15.752	37.423	0	12.217
swarm_1_121.pdb	17.724	39.306	0	12.214
swarm_41_66.pdb	14.894	29.674	0	12.212
swarm_23_145.pdb	17.257	37.610	0	12.161
swarm_27_92.pdb	16.797	39.513	0	12.147
swarm_0_194.pdb	14.431	34.332	0	12.138
swarm_7_35.pdb	14.524	26.085	0	12.039
swarm_4_164.pdb	13.940	26.397	0	12.004
swarm_18_39.pdb	9.271	21.961	0	11.995
swarm_46_76.pdb	11.112	37.534	0	11.959
swarm_26_126.pdb	17.285	36.350	0	11.901
swarm_20_192.pdb	10.030	23.691	0.0384615	11.878
swarm_43_136.pdb	14.902	38.362	0	11.859
swarm_10_187.pdb	13.229	25.792	0	11.853
swarm_3_31.pdb	14.256	29.383	0	11.830
swarm_34_46.pdb	14.684	35.480	0	11.793
swarm_31_127.pdb	19.910	42.270	0	11.734
swarm_25_64.pdb	13.982	31.560	0	11.718
swarm_6_150.pdb	12.540	35.308	0	11.705
swarm_20_39.pdb	14.050	23.479	0	11.645
swarm_4_58.pdb	19.814	40.354	0	11.630
swarm_33_168.pdb	17.560	55.503	0.0769231	11.582
swarm_28_22.pdb	13.105	24.291	0	11.506
swarm_48_109.pdb	15.133	38.673	0	11.494
swarm_28_76.pdb	14.737	33.717	0.0384615	11.471
swarm_46_52.pdb	19.758	47.451	0	11.441
swarm_28_182.pdb	16.632	38.117	0	11.433
swarm_23_1.pdb	15.560	38.748	0	11.395
swarm_27_47.pdb	17.114	39.496	0	11.389
swarm_23_65.pdb	17.164	35.750	0	11.385
swarm_22_73.pdb	18.429	45.839	0	11.350
swarm_4_82.pdb	15.527	36.552	0	11.345
swarm_21_51.pdb	15.512	36.205	0	11.303
swarm_14_49.pdb	17.640	36.298	0	11.267
swarm_41_98.pdb	15.112	34.583	0	11.260
swarm_21_178.pdb	16.177	35.823	0	11.208
swarm_35_103.pdb	15.063	35.932	0	11.195
swarm_47_2.pdb	15.658	41.384	0	11.185
swarm_19_20.pdb	15.338	30.540	0	11.164
swarm_9_74.pdb	15.528	37.888	0	11.120
swarm_41_142.pdb	18.564	36.669	0	11.116
swarm_31_64.pdb	18.953	40.879	0	11.065
swarm_16_25.pdb	15.571	35.976	0	11.049
swarm_20_173.pdb	14.919	30.027	0	11.018
swarm_20_22.pdb	15.454	36.345	0	11.006
swarm_11_119.pdb	14.419	40.329	0	11.004
swarm_16_82.pdb	18.133	37.756	0	10.991
swarm_23_43.pdb	9.784	21.627	0	10.935
swarm_19_59.pdb	19.484	40.230	0	10.776
swarm_35_118.pdb	10.929	32.980	0	10.748
swarm_13_199.pdb	15.643	26.591	0	10.694
swarm_39_10.pdb	14.944	33.743	0	10.624
swarm_19_15.pdb	16.192	34.397	0	10.610
swarm_28_54.pdb	16.286	23.858	0	10.572
swarm_16_166.pdb	16.937	39.368	0	10.531
swarm_35_32.pdb	10.337	32.465	0	10.516
swarm_7_144.pdb	20.249	39.178	0	10.513
swarm_26_111.pdb	17.156	35.223	0	10.510
swarm_2_127.pdb	14.825	30.720	0	10.505
swarm_36_132.pdb	16.430	35.254	0	10.496
swarm_26_150.pdb	10.812	18.310	0.0384615	10.411
swarm_2_198.pdb	15.142	34.469	0	10.337
swarm_31_96.pdb	19.250	41.521	0	10.209
swarm_40_19.pdb	18.965	39.145	0	10.144
swarm_43_30.pdb	16.072	28.799	0	10.120
swarm_32_74.pdb	15.205	30.954	0	10.081
swarm_37_96.pdb	17.273	43.493	0	10.004
swarm_25_71.pdb	14.481	31.041	0	9.996
swarm_14_143.pdb	18.168	36.902	0	9.990
swarm_28_185.pdb	13.984	34.054	0	9.978
swarm_21_145.pdb	15.467	31.472	0	9.960
swarm_35_101.pdb	16.578	43.653	0	9.871
swarm_19_193.pdb	14.423	29.610	0	9.852
swarm_41_93.pdb	14.305	38.913	0.0384615	9.849
swarm_43_10.pdb	18.343	40.755	0	9.792
swarm_3_158.pdb	16.507	35.617	0	9.784
swarm_30_60.pdb	20.228	42.683	0	9.683
swarm_24_93.pdb	14.818	31.641	0	9.451
swarm_30_61.pdb	19.783	44.743	0	9.201
swarm_19_153.pdb	14.834	41.616	0	9.112
swarm_16_145.pdb	12.276	28.192	0	9.067
swarm_21_146.pdb	17.700	36.913	0	9.059
swarm_23_196.pdb	18.203	38.146	0	8.825
swarm_10_23.pdb	13.240	24.637	0	8.808
swarm_10_84.pdb	14.327	30.718	0	8.766
swarm_2_171.pdb	7.744	23.964	0	8.646
swarm_24_152.pdb	20.243	37.490	0	8.256
swarm_45_127.pdb	13.384	29.811	0	8.031
swarm_24_36.pdb	12.421	27.149	0	7.843
swarm_21_73.pdb	14.221	29.134	0	5.746
swarm_41_0.pdb	14.530	33.836	0	4.357
swarm_7_149.pdb	8.990	29.672	0.0769231	3.158
swarm_24_25.pdb	8.970	21.255	0	1.942
swarm_13_134.pdb	14.788	24.227	0	1.677
swarm_5_108.pdb	20.924	43.854	0	1.142
