swarm_43_153.pdb	13.930	32.166	0	28.497
swarm_19_105.pdb	13.693	32.989	0	28.041
swarm_23_58.pdb	11.152	25.333	0.0769231	27.202
swarm_11_122.pdb	12.761	33.532	0.0384615	26.696
swarm_0_141.pdb	12.317	36.618	0	26.210
swarm_9_56.pdb	12.241	34.216	0.0769231	25.831
swarm_54_102.pdb	6.397	24.030	0.192308	25.738
swarm_11_182.pdb	9.074	14.930	0	25.590
swarm_58_138.pdb	13.151	28.322	0	25.252
swarm_39_65.pdb	15.640	34.150	0	25.177
swarm_53_14.pdb	10.347	24.195	0.0769231	24.818
swarm_11_176.pdb	7.797	20.986	0	24.760
swarm_44_152.pdb	16.602	48.555	0	24.725
swarm_37_125.pdb	14.095	32.800	0	24.594
swarm_3_0.pdb	11.895	34.073	0	24.577
swarm_56_177.pdb	13.287	34.640	0	24.481
swarm_31_162.pdb	11.814	41.106	0.153846	24.375
swarm_58_74.pdb	9.520	26.599	0.153846	24.352
swarm_23_179.pdb	15.394	34.424	0	23.990
swarm_54_58.pdb	4.418	10.425	0.115385	23.781
swarm_58_55.pdb	13.535	32.252	0	23.759
swarm_21_45.pdb	15.054	30.268	0	23.712
swarm_39_99.pdb	13.460	32.163	0	23.673
swarm_34_172.pdb	6.951	23.275	0.0384615	23.591
swarm_4_97.pdb	12.259	31.302	0	23.436
swarm_58_30.pdb	14.428	30.632	0	23.350
swarm_56_8.pdb	11.747	27.117	0	23.211
swarm_8_33.pdb	10.180	23.398	0	22.970
swarm_21_78.pdb	6.834	20.477	0.115385	22.917
swarm_34_100.pdb	14.390	36.691	0	22.685
swarm_52_163.pdb	12.615	32.963	0	22.381
swarm_37_164.pdb	14.609	29.658	0	22.245
swarm_14_104.pdb	16.783	40.510	0	22.177
swarm_50_138.pdb	10.527	19.445	0	22.167
swarm_1_117.pdb	16.020	34.639	0	22.067
swarm_17_57.pdb	16.609	35.950	0	21.968
swarm_54_135.pdb	14.090	30.733	0	21.727
swarm_38_184.pdb	14.995	30.404	0	21.696
swarm_22_7.pdb	10.674	40.717	0.115385	21.671
swarm_52_188.pdb	13.487	30.980	0	21.494
swarm_7_104.pdb	15.697	35.103	0.0384615	21.417
swarm_22_135.pdb	16.315	46.671	0	21.329
swarm_9_155.pdb	14.809	34.967	0	21.315
swarm_24_133.pdb	11.278	23.705	0	21.246
swarm_42_150.pdb	12.375	23.013	0	21.219
swarm_40_104.pdb	14.001	32.312	0	21.043
swarm_3_27.pdb	12.738	24.079	0	20.997
swarm_14_58.pdb	15.369	37.925	0	20.980
swarm_21_183.pdb	14.183	36.762	0	20.952
swarm_40_166.pdb	12.624	44.802	0.115385	20.837
swarm_45_194.pdb	14.143	28.813	0	20.795
swarm_54_101.pdb	12.455	34.764	0.0769231	20.763
swarm_43_52.pdb	15.533	35.201	0	20.738
swarm_35_117.pdb	17.013	48.258	0	20.714
swarm_5_177.pdb	17.607	39.214	0	20.699
swarm_13_160.pdb	15.017	31.150	0	20.669
swarm_45_118.pdb	13.750	38.573	0.192308	20.642
swarm_50_102.pdb	14.625	30.331	0.0384615	20.592
swarm_35_77.pdb	16.792	38.224	0	20.557
swarm_35_197.pdb	16.181	35.221	0	20.538
swarm_50_2.pdb	15.159	35.297	0.0769231	20.438
swarm_38_45.pdb	15.223	37.395	0	20.407
swarm_23_77.pdb	13.795	33.535	0	20.326
swarm_57_179.pdb	17.365	39.744	0	20.314
swarm_36_70.pdb	17.323	44.828	0	20.288
swarm_3_46.pdb	15.633	38.616	0	20.249
swarm_55_10.pdb	13.570	40.044	0.0384615	20.206
swarm_53_181.pdb	12.625	33.185	0	20.206
swarm_25_50.pdb	15.684	36.287	0	20.191
swarm_50_15.pdb	12.417	30.181	0.115385	19.972
swarm_51_107.pdb	13.518	35.213	0	19.915
swarm_34_42.pdb	15.024	23.573	0	19.880
swarm_25_181.pdb	15.132	45.593	0	19.858
swarm_3_93.pdb	10.834	30.648	0.0384615	19.844
swarm_34_102.pdb	16.530	36.943	0	19.770
swarm_40_52.pdb	17.009	49.754	0	19.697
swarm_42_77.pdb	14.666	38.470	0	19.623
swarm_29_156.pdb	14.662	39.572	0	19.565
swarm_39_105.pdb	10.313	26.507	0	19.548
swarm_39_56.pdb	12.635	26.354	0	19.487
swarm_44_158.pdb	17.037	49.744	0	19.448
swarm_21_12.pdb	12.305	31.571	0	19.445
swarm_55_9.pdb	16.471	40.544	0	19.375
swarm_28_158.pdb	12.131	36.944	0	19.366
swarm_19_166.pdb	12.998	34.633	0	19.300
swarm_39_71.pdb	13.810	22.074	0	19.274
swarm_4_61.pdb	10.006	20.224	0	19.264
swarm_19_180.pdb	14.741	23.830	0	19.254
swarm_54_45.pdb	15.089	36.318	0	19.238
swarm_54_20.pdb	11.696	28.488	0	19.208
swarm_24_192.pdb	12.541	29.948	0	19.158
swarm_50_116.pdb	11.638	21.469	0.115385	19.094
swarm_26_108.pdb	14.353	42.113	0	19.034
swarm_19_56.pdb	12.268	34.078	0	19.024
swarm_26_32.pdb	16.198	45.719	0	18.971
swarm_56_144.pdb	8.082	20.850	0	18.968
swarm_33_90.pdb	14.659	34.952	0.0384615	18.822
swarm_60_144.pdb	15.679	44.973	0	18.738
swarm_14_4.pdb	11.776	34.363	0.0384615	18.702
swarm_12_195.pdb	18.031	35.842	0	18.700
swarm_8_138.pdb	16.023	27.874	0	18.677
swarm_3_71.pdb	6.669	22.729	0.115385	18.541
swarm_48_61.pdb	15.540	39.167	0	18.488
swarm_53_135.pdb	14.649	28.949	0	18.416
swarm_21_3.pdb	15.230	36.089	0	18.383
swarm_15_85.pdb	12.861	33.677	0	18.369
swarm_6_94.pdb	13.007	40.241	0.0384615	18.358
swarm_23_184.pdb	14.120	32.394	0	18.342
swarm_3_22.pdb	13.637	36.331	0	18.321
swarm_16_151.pdb	12.125	33.920	0	18.312
swarm_58_125.pdb	12.407	36.587	0	18.279
swarm_5_187.pdb	12.774	47.629	0.0769231	18.262
swarm_4_36.pdb	13.479	21.977	0	18.243
swarm_22_2.pdb	15.385	33.684	0	18.217
swarm_23_143.pdb	12.687	29.077	0	18.186
swarm_41_40.pdb	18.131	45.942	0	18.159
swarm_8_22.pdb	12.370	23.314	0	18.132
swarm_55_125.pdb	13.994	36.704	0	18.106
swarm_41_53.pdb	17.108	54.401	0	18.080
swarm_40_168.pdb	15.195	48.741	0	18.035
swarm_21_138.pdb	14.898	36.041	0	18.034
swarm_52_117.pdb	10.010	26.061	0	18.031
swarm_10_180.pdb	17.513	47.012	0	18.029
swarm_38_106.pdb	14.486	32.028	0	18.015
swarm_39_60.pdb	14.618	34.360	0	17.964
swarm_43_47.pdb	16.680	42.031	0	17.912
swarm_37_59.pdb	12.177	31.052	0	17.887
swarm_23_153.pdb	13.821	27.786	0	17.858
swarm_34_78.pdb	15.085	37.409	0	17.835
swarm_1_60.pdb	16.158	39.170	0	17.827
swarm_17_6.pdb	16.115	48.726	0	17.806
swarm_27_34.pdb	17.496	34.755	0	17.790
swarm_13_18.pdb	18.628	40.788	0	17.784
swarm_49_114.pdb	18.784	50.043	0	17.771
swarm_11_54.pdb	10.634	22.749	0	17.641
swarm_30_83.pdb	15.058	23.980	0	17.607
swarm_53_117.pdb	12.240	29.066	0	17.602
swarm_14_169.pdb	14.412	39.390	0	17.593
swarm_50_130.pdb	13.949	37.711	0	17.590
swarm_45_114.pdb	11.054	23.980	0	17.579
swarm_47_157.pdb	19.494	45.098	0	17.503
swarm_9_144.pdb	16.544	36.248	0	17.488
swarm_24_35.pdb	15.495	28.758	0	17.437
swarm_23_116.pdb	15.389	34.122	0	17.430
swarm_38_136.pdb	12.100	27.150	0	17.419
swarm_2_72.pdb	17.562	44.452	0	17.397
swarm_42_152.pdb	15.535	32.094	0	17.370
swarm_11_25.pdb	14.640	33.335	0	17.366
swarm_51_95.pdb	16.811	30.574	0	17.302
swarm_2_70.pdb	16.396	47.984	0	17.241
swarm_0_27.pdb	17.358	44.120	0	17.214
swarm_40_84.pdb	16.487	44.945	0	17.172
swarm_6_11.pdb	13.099	48.547	0.153846	17.139
swarm_14_163.pdb	13.290	35.587	0	17.093
swarm_56_14.pdb	14.988	38.253	0	17.091
swarm_60_88.pdb	15.345	36.603	0	17.070
swarm_33_78.pdb	14.286	27.866	0	17.053
swarm_14_47.pdb	10.669	29.585	0	17.051
swarm_4_57.pdb	18.353	38.470	0	17.018
swarm_20_170.pdb	14.211	38.509	0	16.994
swarm_21_127.pdb	12.215	19.098	0	16.987
swarm_1_72.pdb	13.978	36.186	0	16.973
swarm_17_182.pdb	17.288	43.635	0	16.933
swarm_34_25.pdb	15.138	39.222	0	16.916
swarm_54_94.pdb	15.345	33.955	0	16.868
swarm_45_104.pdb	11.643	30.240	0.0384615	16.855
swarm_37_137.pdb	16.267	36.013	0	16.843
swarm_22_181.pdb	12.807	37.148	0.115385	16.824
swarm_14_59.pdb	15.612	42.706	0	16.812
swarm_55_51.pdb	17.281	40.589	0	16.808
swarm_3_183.pdb	11.004	28.696	0	16.799
swarm_54_77.pdb	14.658	33.330	0	16.796
swarm_26_22.pdb	16.418	42.366	0	16.786
swarm_21_166.pdb	12.017	32.697	0.0384615	16.777
swarm_38_155.pdb	15.116	30.021	0.0384615	16.724
swarm_42_96.pdb	10.572	30.962	0	16.702
swarm_48_101.pdb	14.693	28.036	0	16.616
swarm_44_101.pdb	13.674	40.238	0	16.608
swarm_18_86.pdb	17.569	36.171	0	16.601
swarm_10_88.pdb	18.142	40.987	0	16.519
swarm_32_56.pdb	17.807	44.872	0	16.515
swarm_38_30.pdb	14.066	31.603	0	16.403
swarm_52_134.pdb	9.705	24.945	0.115385	16.376
swarm_24_25.pdb	7.719	16.944	0.0769231	16.364
swarm_40_146.pdb	16.689	42.731	0	16.358
swarm_43_160.pdb	10.798	31.054	0	16.352
swarm_37_192.pdb	8.721	22.858	0.0384615	16.352
swarm_1_40.pdb	14.090	38.110	0	16.336
swarm_19_68.pdb	7.191	16.257	0.0384615	16.301
swarm_16_145.pdb	10.121	30.994	0	16.288
swarm_40_174.pdb	14.076	44.748	0	16.182
swarm_4_39.pdb	14.126	28.677	0	16.181
swarm_42_72.pdb	14.616	37.134	0	16.180
swarm_26_138.pdb	16.836	33.427	0	16.163
swarm_22_90.pdb	12.309	41.518	0	16.061
swarm_8_165.pdb	15.856	39.957	0	15.985
swarm_6_104.pdb	17.489	46.151	0	15.950
swarm_42_7.pdb	18.036	39.981	0	15.948
swarm_42_119.pdb	13.144	34.156	0	15.925
swarm_16_68.pdb	12.068	29.080	0	15.830
swarm_5_5.pdb	11.718	33.874	0	15.828
swarm_50_173.pdb	12.484	34.875	0	15.797
swarm_12_96.pdb	15.063	33.615	0	15.765
swarm_11_165.pdb	13.006	33.018	0	15.756
swarm_5_149.pdb	16.223	41.468	0	15.746
swarm_50_168.pdb	12.323	27.876	0	15.729
swarm_5_165.pdb	13.433	36.585	0	15.715
swarm_43_11.pdb	7.935	20.424	0	15.707
swarm_31_62.pdb	11.878	45.700	0.153846	15.662
swarm_3_25.pdb	14.991	36.601	0	15.660
swarm_45_80.pdb	13.752	26.251	0	15.657
swarm_28_175.pdb	14.860	38.739	0	15.643
swarm_39_110.pdb	10.722	29.300	0	15.633
swarm_54_22.pdb	15.984	36.322	0.0769231	15.581
swarm_6_42.pdb	14.183	38.999	0	15.540
swarm_59_171.pdb	14.625	40.564	0	15.537
swarm_60_169.pdb	17.108	44.822	0	15.531
swarm_23_151.pdb	9.788	30.043	0	15.510
swarm_27_90.pdb	11.908	40.288	0	15.500
swarm_12_6.pdb	16.441	44.170	0	15.480
swarm_7_45.pdb	12.057	28.121	0	15.452
swarm_51_117.pdb	15.859	28.313	0	15.448
swarm_42_140.pdb	14.139	35.010	0	15.431
swarm_43_43.pdb	8.986	25.807	0.0384615	15.427
swarm_24_31.pdb	11.271	29.561	0	15.407
swarm_37_55.pdb	16.942	38.364	0	15.391
swarm_6_150.pdb	16.635	47.839	0	15.376
swarm_26_197.pdb	15.085	44.325	0	15.371
swarm_30_7.pdb	7.631	18.071	0.0769231	15.358
swarm_55_112.pdb	13.333	29.333	0	15.348
swarm_45_151.pdb	12.100	28.380	0	15.333
swarm_22_126.pdb	17.122	47.458	0	15.332
swarm_17_1.pdb	12.085	37.956	0	15.320
swarm_37_142.pdb	4.844	16.607	0.115385	15.298
swarm_38_116.pdb	13.621	29.094	0	15.168
swarm_29_17.pdb	16.899	39.975	0	15.165
swarm_1_188.pdb	15.469	26.730	0	15.165
swarm_56_5.pdb	16.044	30.910	0	15.129
swarm_14_61.pdb	14.101	38.746	0	15.105
swarm_59_178.pdb	15.453	34.306	0	15.104
swarm_27_83.pdb	15.735	46.436	0	15.098
swarm_38_27.pdb	13.545	27.458	0	15.093
swarm_58_134.pdb	11.674	28.653	0	15.088
swarm_51_114.pdb	8.212	24.253	0.0384615	15.065
swarm_43_112.pdb	13.997	34.324	0	15.032
swarm_24_190.pdb	15.870	31.522	0.0384615	14.997
swarm_5_92.pdb	20.399	51.581	0	14.984
swarm_24_166.pdb	12.782	21.011	0	14.962
swarm_46_124.pdb	16.826	46.008	0	14.960
swarm_24_128.pdb	12.510	25.976	0	14.911
swarm_1_5.pdb	11.868	29.335	0	14.877
swarm_8_86.pdb	19.681	41.822	0	14.873
swarm_28_37.pdb	19.295	48.937	0	14.817
swarm_50_44.pdb	13.292	32.174	0	14.791
swarm_3_191.pdb	18.316	41.463	0	14.771
swarm_42_122.pdb	13.047	27.768	0	14.761
swarm_57_116.pdb	14.293	33.113	0	14.724
swarm_54_173.pdb	14.716	28.275	0	14.681
swarm_6_127.pdb	16.302	47.349	0	14.653
swarm_12_84.pdb	16.562	43.848	0	14.623
swarm_55_11.pdb	17.899	42.604	0	14.608
swarm_55_179.pdb	17.864	44.180	0	14.577
swarm_46_38.pdb	14.001	36.454	0	14.571
swarm_37_161.pdb	14.487	34.715	0	14.546
swarm_58_127.pdb	14.594	39.331	0	14.505
swarm_14_178.pdb	18.070	40.269	0	14.467
swarm_35_179.pdb	18.290	44.159	0	14.272
swarm_3_134.pdb	15.108	35.539	0	14.260
swarm_56_97.pdb	14.235	35.405	0	14.244
swarm_59_197.pdb	15.759	44.901	0	14.223
swarm_59_97.pdb	18.309	51.031	0	14.222
swarm_7_170.pdb	15.722	41.519	0	14.206
swarm_38_20.pdb	17.383	38.028	0	14.204
swarm_0_9.pdb	16.095	43.414	0	14.191
swarm_1_190.pdb	17.310	45.566	0	14.181
swarm_1_70.pdb	14.774	32.240	0	14.089
swarm_35_177.pdb	17.955	42.474	0	14.042
swarm_60_7.pdb	12.047	38.679	0	14.029
swarm_31_107.pdb	19.900	47.019	0	14.021
swarm_58_20.pdb	13.251	33.528	0	14.013
swarm_46_177.pdb	17.512	38.774	0	13.910
swarm_60_129.pdb	15.732	37.727	0	13.851
swarm_25_156.pdb	15.303	49.303	0	13.841
swarm_14_173.pdb	16.598	40.017	0	13.793
swarm_39_157.pdb	12.766	29.205	0	13.784
swarm_14_118.pdb	17.356	42.185	0	13.767
swarm_7_53.pdb	14.315	35.550	0	13.707
swarm_57_186.pdb	16.132	43.862	0	13.695
swarm_59_123.pdb	14.110	36.690	0	13.693
swarm_1_101.pdb	9.130	29.356	0	13.692
swarm_43_21.pdb	12.557	35.800	0	13.689
swarm_15_20.pdb	13.216	34.083	0	13.685
swarm_58_7.pdb	16.770	38.727	0	13.672
swarm_60_116.pdb	17.520	48.946	0	13.655
swarm_60_76.pdb	17.367	50.489	0	13.652
swarm_14_70.pdb	12.367	26.926	0	13.651
swarm_34_110.pdb	15.358	35.045	0	13.620
swarm_0_188.pdb	15.743	46.902	0	13.613
swarm_59_77.pdb	17.318	50.391	0	13.582
swarm_17_35.pdb	15.720	39.658	0	13.574
swarm_37_31.pdb	17.938	41.710	0	13.558
swarm_7_140.pdb	14.299	34.480	0	13.535
swarm_55_150.pdb	11.387	24.822	0	13.520
swarm_35_161.pdb	16.445	51.459	0	13.518
swarm_51_104.pdb	19.197	44.621	0	13.495
swarm_13_118.pdb	15.251	37.529	0	13.491
swarm_2_119.pdb	14.518	35.173	0	13.466
swarm_6_15.pdb	12.487	35.004	0	13.465
swarm_13_76.pdb	11.104	32.704	0	13.460
swarm_21_182.pdb	10.946	26.245	0	13.445
swarm_6_3.pdb	15.339	36.399	0	13.427
swarm_22_104.pdb	16.250	45.920	0	13.382
swarm_45_50.pdb	14.893	32.940	0	13.345
swarm_41_2.pdb	14.298	47.485	0.0769231	13.333
swarm_3_34.pdb	18.012	38.466	0	13.326
swarm_16_45.pdb	12.851	34.488	0	13.251
swarm_35_167.pdb	17.423	42.843	0	13.200
swarm_23_144.pdb	11.658	25.781	0	13.194
swarm_40_30.pdb	16.207	49.737	0	13.189
swarm_22_0.pdb	15.483	43.832	0	13.176
swarm_51_169.pdb	16.621	42.731	0	13.110
swarm_1_140.pdb	15.194	27.571	0	13.058
swarm_60_133.pdb	16.149	45.629	0	13.037
swarm_14_46.pdb	16.832	42.696	0	13.037
swarm_25_157.pdb	19.836	55.785	0	12.902
swarm_32_152.pdb	12.010	38.252	0	12.827
swarm_16_142.pdb	16.411	36.435	0	12.827
swarm_42_171.pdb	15.911	41.004	0	12.816
swarm_14_22.pdb	16.316	40.351	0.0384615	12.808
swarm_40_23.pdb	15.812	42.829	0	12.802
swarm_56_95.pdb	17.054	40.686	0	12.795
swarm_0_7.pdb	14.220	37.861	0	12.789
swarm_0_35.pdb	14.692	43.297	0	12.767
swarm_51_194.pdb	19.550	45.173	0	12.753
swarm_58_150.pdb	11.091	20.847	0	12.736
swarm_1_130.pdb	19.105	44.119	0	12.727
swarm_55_156.pdb	11.578	33.995	0	12.674
swarm_14_110.pdb	18.949	44.184	0	12.674
swarm_54_116.pdb	16.457	36.546	0	12.668
swarm_41_113.pdb	18.021	53.466	0	12.667
swarm_12_166.pdb	18.724	43.592	0	12.659
swarm_17_26.pdb	14.269	42.446	0	12.651
swarm_40_154.pdb	15.561	44.512	0	12.638
swarm_26_144.pdb	19.610	40.647	0	12.631
swarm_6_152.pdb	15.116	37.890	0	12.602
swarm_24_184.pdb	11.965	23.704	0	12.592
swarm_43_158.pdb	17.203	40.171	0	12.552
swarm_12_181.pdb	17.592	35.886	0	12.510
swarm_23_50.pdb	14.411	33.567	0	12.486
swarm_42_193.pdb	12.976	27.290	0	12.475
swarm_16_65.pdb	15.315	34.087	0	12.455
swarm_17_110.pdb	17.563	52.744	0	12.399
swarm_55_54.pdb	14.873	31.352	0	12.269
swarm_41_69.pdb	13.092	43.583	0	12.254
swarm_1_86.pdb	12.577	35.238	0	12.254
swarm_0_89.pdb	15.494	42.181	0	12.231
swarm_18_72.pdb	16.962	46.993	0	12.161
swarm_39_23.pdb	10.846	27.108	0.0769231	12.099
swarm_50_171.pdb	14.245	35.626	0	12.041
swarm_24_75.pdb	11.034	29.299	0.0384615	11.967
swarm_1_181.pdb	18.554	41.478	0	11.923
swarm_31_97.pdb	15.763	46.556	0.0384615	11.904
swarm_45_23.pdb	15.897	40.558	0	11.898
swarm_18_166.pdb	17.490	48.240	0	11.897
swarm_24_149.pdb	13.591	25.615	0	11.886
swarm_18_161.pdb	20.194	54.199	0	11.869
swarm_52_58.pdb	15.001	35.506	0	11.868
swarm_54_39.pdb	14.374	37.905	0	11.860
swarm_4_177.pdb	16.000	32.293	0	11.840
swarm_51_48.pdb	13.454	38.338	0	11.770
swarm_55_157.pdb	16.182	43.253	0	11.750
swarm_21_165.pdb	11.283	23.853	0	11.727
swarm_37_134.pdb	14.733	34.230	0	11.659
swarm_59_2.pdb	15.675	37.948	0	11.591
swarm_19_142.pdb	14.455	33.257	0	11.584
swarm_2_154.pdb	19.515	55.092	0	11.583
swarm_56_74.pdb	15.699	38.821	0.0384615	11.507
swarm_21_131.pdb	14.038	26.593	0	11.468
swarm_5_176.pdb	20.261	54.231	0	11.447
swarm_5_8.pdb	17.615	52.236	0	11.438
swarm_52_107.pdb	16.405	35.820	0	11.418
swarm_1_100.pdb	18.831	42.370	0	11.417
swarm_51_70.pdb	18.944	44.303	0	11.354
swarm_0_85.pdb	14.388	44.907	0.0769231	11.348
swarm_57_123.pdb	17.601	43.867	0	11.346
swarm_13_48.pdb	15.691	29.229	0	11.312
swarm_37_122.pdb	13.342	33.725	0	11.261
swarm_1_123.pdb	16.370	38.915	0	11.206
swarm_22_134.pdb	17.998	52.015	0	11.176
swarm_31_122.pdb	19.023	47.100	0	11.164
swarm_31_156.pdb	19.607	47.504	0	11.140
swarm_41_22.pdb	20.662	53.689	0	11.130
swarm_60_119.pdb	16.487	48.845	0	11.113
swarm_22_8.pdb	18.429	40.205	0	11.077
swarm_51_116.pdb	12.342	34.014	0.192308	11.051
swarm_25_78.pdb	18.784	45.894	0	10.994
swarm_33_163.pdb	15.000	33.716	0	10.951
swarm_2_128.pdb	11.919	38.755	0.115385	10.898
swarm_34_101.pdb	15.826	29.301	0	10.862
swarm_7_144.pdb	17.429	35.986	0	10.838
swarm_14_147.pdb	11.037	29.852	0	10.826
swarm_25_69.pdb	19.461	49.841	0	10.819
swarm_12_167.pdb	19.049	49.717	0	10.776
swarm_12_111.pdb	12.699	34.926	0	10.703
swarm_22_52.pdb	16.523	49.262	0	10.689
swarm_59_189.pdb	18.778	53.408	0	10.680
swarm_51_73.pdb	17.680	43.000	0	10.488
swarm_19_39.pdb	7.336	20.752	0	10.431
swarm_0_128.pdb	12.362	38.757	0	10.421
swarm_2_17.pdb	11.742	41.952	0	10.274
swarm_1_127.pdb	18.573	42.767	0	10.210
swarm_55_123.pdb	13.198	27.377	0	10.072
swarm_59_67.pdb	19.863	54.438	0	9.984
swarm_51_65.pdb	14.948	33.601	0	9.933
swarm_56_22.pdb	15.889	41.648	0	9.831
swarm_19_101.pdb	16.065	29.606	0	9.789
swarm_12_54.pdb	19.598	49.905	0	9.690
swarm_58_38.pdb	11.721	21.577	0	9.624
swarm_12_160.pdb	19.850	48.210	0	9.360
swarm_58_146.pdb	15.177	38.903	0	9.260
swarm_27_33.pdb	18.119	46.729	0	9.121
swarm_1_43.pdb	13.731	31.168	0	9.089
swarm_24_157.pdb	16.662	34.583	0	8.937
swarm_4_28.pdb	15.041	30.986	0	8.604
swarm_59_53.pdb	19.423	43.180	0	8.478
swarm_46_119.pdb	16.973	43.761	0	8.149
swarm_5_45.pdb	14.189	42.962	0	7.975
swarm_22_78.pdb	20.214	48.528	0	6.980
swarm_32_124.pdb	14.613	40.359	0	6.940
swarm_14_16.pdb	18.888	40.855	0	6.153
swarm_12_199.pdb	10.123	30.366	0.0384615	5.402
swarm_16_102.pdb	14.773	38.842	0	1.672
