swarm_2_96.pdb	4.046	12.560	0.134615	31.744
swarm_41_98.pdb	10.865	37.193	0	31.587
swarm_34_88.pdb	4.300	11.900	0.134615	29.464
swarm_52_28.pdb	2.923	6.972	0.269231	28.928
swarm_18_24.pdb	11.346	30.138	0	28.856
swarm_1_19.pdb	3.053	7.402	0.269231	28.797
swarm_53_55.pdb	5.394	15.537	0.0192308	28.690
swarm_12_45.pdb	2.977	5.644	0.307692	28.264
swarm_3_87.pdb	6.866	23.648	0.0961538	27.121
swarm_52_118.pdb	6.645	17.800	0.0384615	26.815
swarm_18_176.pdb	6.640	23.809	0.115385	26.704
swarm_51_145.pdb	0.724	1.566	0.846154	26.547
swarm_2_89.pdb	8.086	18.708	0.0192308	26.402
swarm_31_142.pdb	8.321	28.745	0.153846	25.934
swarm_49_197.pdb	4.535	14.784	0.0769231	24.712
swarm_19_90.pdb	7.228	25.370	0.134615	24.580
swarm_50_171.pdb	4.927	9.134	0.0769231	24.387
swarm_49_183.pdb	9.727	24.356	0	23.253
swarm_42_93.pdb	8.007	26.599	0.153846	23.249
swarm_28_98.pdb	5.213	16.147	0.230769	22.183
swarm_28_190.pdb	4.298	9.202	0.115385	21.961
swarm_35_41.pdb	6.335	22.521	0.115385	21.784
swarm_36_78.pdb	4.570	9.343	0.230769	21.572
swarm_35_98.pdb	7.530	17.604	0	21.315
swarm_33_180.pdb	7.297	25.270	0.0961538	21.311
swarm_1_79.pdb	4.125	9.372	0.25	20.860
swarm_43_85.pdb	4.197	7.258	0.115385	20.848
swarm_33_115.pdb	7.615	22.209	0.153846	20.777
swarm_33_184.pdb	8.194	19.206	0	20.766
swarm_43_156.pdb	6.932	13.875	0.0576923	20.596
swarm_24_58.pdb	6.512	22.800	0.0961538	20.407
swarm_35_165.pdb	4.251	9.953	0.211538	19.920
swarm_43_27.pdb	2.407	4.336	0.576923	19.495
swarm_7_136.pdb	9.063	30.559	0	19.218
swarm_30_72.pdb	5.722	17.704	0.192308	18.994
swarm_35_121.pdb	8.500	20.483	0.0192308	18.018
swarm_0_115.pdb	9.975	25.335	0.0192308	17.488
swarm_30_22.pdb	11.167	20.706	0	16.597
swarm_26_125.pdb	8.017	23.767	0.134615	16.324
swarm_49_93.pdb	11.185	23.684	0	16.249
swarm_26_52.pdb	7.791	21.693	0.0384615	15.095
swarm_42_59.pdb	6.897	21.830	0.115385	14.903
swarm_0_177.pdb	6.584	20.166	0.0576923	13.200
swarm_51_61.pdb	7.820	21.065	0.0384615	12.958
swarm_1_124.pdb	5.775	13.105	0.115385	7.200
