swarm_42_131.pdb	17.400	35.308	0	27.975
swarm_64_182.pdb	9.206	16.260	0	27.811
swarm_37_41.pdb	14.926	29.844	0	26.243
swarm_6_198.pdb	11.035	25.495	0	25.790
swarm_56_185.pdb	8.673	15.227	0	24.824
swarm_42_48.pdb	16.589	38.552	0	24.686
swarm_36_141.pdb	9.720	21.185	0	23.869
swarm_61_52.pdb	17.723	41.698	0	23.686
swarm_19_65.pdb	10.202	33.828	0.0576923	23.562
swarm_16_106.pdb	11.345	27.319	0.0192308	22.839
swarm_34_169.pdb	14.512	29.228	0	22.631
swarm_58_105.pdb	14.411	31.751	0	22.147
swarm_12_30.pdb	14.934	29.324	0.0192308	20.870
swarm_43_74.pdb	13.735	24.054	0	20.614
swarm_2_153.pdb	12.390	26.082	0	20.410
swarm_40_113.pdb	10.715	17.352	0	19.859
swarm_41_68.pdb	13.395	27.956	0	19.314
swarm_61_86.pdb	16.259	41.489	0	18.456
swarm_50_57.pdb	14.452	27.694	0	18.440
swarm_28_34.pdb	10.462	26.130	0	17.646
swarm_17_164.pdb	17.844	47.329	0	17.527
swarm_15_126.pdb	14.902	29.821	0	17.057
swarm_58_37.pdb	15.590	37.056	0	16.294
swarm_57_78.pdb	12.158	25.820	0	16.106
swarm_62_118.pdb	10.001	20.889	0	15.762
swarm_50_27.pdb	13.758	28.783	0	14.828
swarm_63_6.pdb	13.384	25.726	0	13.845
swarm_55_119.pdb	15.682	35.091	0	13.717
swarm_63_198.pdb	14.751	30.366	0	13.678
swarm_16_6.pdb	13.935	35.155	0	13.648
swarm_55_134.pdb	15.442	32.835	0	13.372
swarm_35_75.pdb	14.413	31.767	0	12.886
swarm_40_145.pdb	15.520	29.660	0	12.720
swarm_28_13.pdb	14.473	36.228	0	11.031
swarm_13_3.pdb	18.298	39.380	0	8.626
swarm_56_115.pdb	14.168	29.111	0	6.823
swarm_55_32.pdb	13.861	31.525	0	5.328
swarm_49_14.pdb	14.474	27.533	0	3.771
