swarm_329_177.pdb	15.364	50.289	0	29.635
swarm_326_183.pdb	11.019	25.971	0.0769231	27.838
swarm_332_111.pdb	9.557	18.669	0	27.769
swarm_260_62.pdb	15.673	50.777	0	27.124
swarm_327_12.pdb	16.154	29.949	0.0192308	26.555
swarm_274_183.pdb	19.359	54.841	0	26.184
swarm_317_12.pdb	9.788	17.973	0	26.146
swarm_137_168.pdb	18.647	53.109	0	25.992
swarm_332_151.pdb	8.098	17.849	0	25.970
swarm_225_125.pdb	9.829	16.705	0	25.742
swarm_319_189.pdb	9.286	16.572	0	25.686
swarm_292_70.pdb	14.820	30.361	0.115385	25.502
swarm_245_26.pdb	18.142	55.171	0	25.478
swarm_324_185.pdb	15.181	28.188	0.0192308	25.301
swarm_319_179.pdb	13.172	26.620	0.0192308	25.206
swarm_204_120.pdb	14.857	29.357	0	25.155
swarm_215_193.pdb	14.107	32.522	0.0192308	25.063
swarm_289_169.pdb	9.489	15.328	0	24.794
swarm_253_72.pdb	15.748	51.546	0	24.731
swarm_316_196.pdb	9.106	15.927	0	24.497
swarm_176_18.pdb	17.638	52.579	0	24.409
swarm_152_141.pdb	8.117	18.208	0	24.370
swarm_322_96.pdb	18.684	55.084	0	24.356
swarm_303_131.pdb	15.087	29.033	0	24.280
swarm_327_13.pdb	9.659	20.335	0	24.149
swarm_256_3.pdb	9.891	36.820	0	24.084
swarm_316_170.pdb	12.563	26.495	0.0384615	24.006
swarm_121_84.pdb	18.463	52.132	0	24.004
swarm_233_166.pdb	8.570	15.416	0	23.943
swarm_175_47.pdb	17.557	56.679	0	23.710
swarm_289_79.pdb	15.911	28.587	0.173077	23.654
swarm_271_86.pdb	9.055	20.861	0.134615	23.324
swarm_308_113.pdb	11.394	18.762	0	23.311
swarm_236_16.pdb	17.971	39.336	0	23.294
swarm_149_148.pdb	19.720	58.391	0	23.282
swarm_381_73.pdb	18.305	61.461	0	23.132
swarm_299_9.pdb	9.386	17.160	0	22.974
swarm_128_171.pdb	14.218	28.015	0	22.873
swarm_44_23.pdb	17.262	53.260	0	22.663
swarm_172_134.pdb	18.469	40.342	0	22.583
swarm_158_150.pdb	12.576	25.472	0	22.574
swarm_324_80.pdb	9.649	19.181	0	22.539
swarm_232_65.pdb	15.751	30.448	0.0384615	22.470
swarm_136_192.pdb	18.830	49.719	0	22.434
swarm_62_100.pdb	17.184	58.573	0	22.411
swarm_277_137.pdb	14.342	29.691	0.0769231	22.314
swarm_320_41.pdb	15.390	28.867	0.0576923	22.278
swarm_328_107.pdb	15.914	29.303	0.0961538	22.253
swarm_319_197.pdb	14.543	28.593	0.0192308	22.245
swarm_164_73.pdb	18.288	57.194	0	22.181
swarm_225_92.pdb	11.245	22.807	0	22.147
swarm_145_191.pdb	10.648	27.423	0.0192308	22.104
swarm_204_22.pdb	12.117	28.720	0.0769231	22.048
swarm_287_109.pdb	19.061	55.978	0	22.018
swarm_66_123.pdb	19.391	56.438	0	21.965
swarm_95_5.pdb	19.134	52.838	0	21.921
swarm_275_17.pdb	15.488	28.173	0.115385	21.718
swarm_83_174.pdb	10.592	26.384	0.0576923	21.687
swarm_71_189.pdb	17.239	31.289	0	21.655
swarm_158_24.pdb	13.630	31.443	0.0384615	21.648
swarm_294_186.pdb	16.915	34.045	0	21.647
swarm_239_69.pdb	18.932	57.526	0	21.605
swarm_325_36.pdb	11.481	24.999	0	21.551
swarm_333_111.pdb	13.225	25.692	0.0769231	21.520
swarm_267_175.pdb	15.738	29.942	0	21.457
swarm_200_67.pdb	12.590	28.079	0.0961538	21.373
swarm_106_187.pdb	18.950	48.198	0	21.360
swarm_76_51.pdb	18.683	63.333	0	21.358
swarm_294_34.pdb	6.727	18.316	0.0192308	21.329
swarm_250_54.pdb	9.628	34.350	0	21.316
swarm_310_20.pdb	14.387	27.922	0.134615	21.305
swarm_296_94.pdb	11.619	23.972	0	21.294
swarm_258_35.pdb	13.269	32.432	0.0192308	21.268
swarm_299_134.pdb	19.479	40.159	0	21.212
swarm_171_156.pdb	9.305	28.752	0.0961538	21.204
swarm_22_83.pdb	19.576	58.642	0	21.149
swarm_295_18.pdb	14.453	29.769	0.0384615	21.125
swarm_286_33.pdb	15.030	32.594	0	21.109
swarm_326_105.pdb	5.593	14.472	0.0961538	20.943
swarm_263_84.pdb	5.115	14.621	0.134615	20.933
swarm_60_131.pdb	18.880	43.999	0.0384615	20.868
swarm_142_12.pdb	12.304	31.895	0.0961538	20.758
swarm_316_38.pdb	15.396	31.439	0	20.673
swarm_22_59.pdb	21.982	57.812	0	20.424
swarm_72_38.pdb	20.715	66.849	0	20.200
swarm_245_5.pdb	19.168	57.494	0	20.195
swarm_12_65.pdb	16.583	56.137	0	20.164
swarm_237_2.pdb	12.733	28.317	0.0192308	20.112
swarm_310_160.pdb	9.479	28.355	0	20.024
swarm_188_111.pdb	20.586	64.329	0	20.015
swarm_324_147.pdb	16.225	29.381	0.0576923	19.992
swarm_66_25.pdb	17.492	54.883	0	19.938
swarm_237_88.pdb	16.039	31.030	0	19.825
swarm_252_31.pdb	17.801	60.510	0	19.801
swarm_399_87.pdb	12.294	32.960	0	19.785
swarm_305_106.pdb	16.384	52.248	0	19.643
swarm_26_188.pdb	17.305	44.153	0	19.610
swarm_53_166.pdb	13.873	36.347	0	19.589
swarm_180_126.pdb	19.853	41.910	0	19.582
swarm_193_36.pdb	9.352	30.368	0.0192308	19.551
swarm_128_176.pdb	14.291	28.573	0	19.517
swarm_292_60.pdb	3.500	9.831	0.230769	19.514
swarm_328_63.pdb	9.115	15.600	0	19.429
swarm_195_63.pdb	15.729	30.388	0.0961538	19.417
swarm_267_69.pdb	14.977	27.540	0.0192308	19.370
swarm_320_163.pdb	13.577	25.576	0.0192308	19.349
swarm_399_154.pdb	13.473	35.433	0	19.347
swarm_228_149.pdb	19.664	61.163	0	19.334
swarm_149_97.pdb	20.180	58.805	0	19.254
swarm_333_156.pdb	14.052	28.363	0	19.250
swarm_42_75.pdb	20.091	58.121	0	19.248
swarm_191_91.pdb	11.179	20.247	0	19.209
swarm_369_136.pdb	17.945	45.495	0	19.201
swarm_258_135.pdb	11.692	22.313	0	19.144
swarm_267_9.pdb	11.213	18.901	0	19.115
swarm_295_32.pdb	8.802	24.318	0.0576923	19.061
swarm_214_77.pdb	16.180	37.142	0.0576923	19.053
swarm_316_154.pdb	9.783	20.707	0.115385	19.034
swarm_24_143.pdb	19.828	45.238	0	19.031
swarm_296_55.pdb	17.156	34.683	0.0192308	19.006
swarm_110_178.pdb	13.864	30.232	0.0576923	19.003
swarm_50_75.pdb	15.731	31.166	0	18.999
swarm_339_170.pdb	18.479	54.327	0	18.931
swarm_44_196.pdb	17.082	53.850	0	18.692
swarm_225_3.pdb	13.250	29.410	0	18.592
swarm_213_144.pdb	19.361	59.269	0	18.582
swarm_107_143.pdb	19.536	63.074	0	18.580
swarm_289_143.pdb	14.723	28.583	0	18.485
swarm_228_44.pdb	16.955	59.452	0	18.478
swarm_292_55.pdb	8.370	15.756	0.0192308	18.450
swarm_236_59.pdb	11.448	33.977	0	18.370
swarm_88_124.pdb	16.198	48.120	0	18.353
swarm_284_65.pdb	10.471	24.152	0	18.338
swarm_152_118.pdb	19.433	44.210	0	18.331
swarm_271_180.pdb	16.343	31.900	0	18.277
swarm_320_115.pdb	14.298	30.795	0.0384615	18.272
swarm_320_97.pdb	15.575	30.555	0	18.237
swarm_293_122.pdb	12.591	26.292	0	18.205
swarm_233_144.pdb	13.221	24.329	0	18.168
swarm_320_88.pdb	10.108	23.547	0.0192308	18.139
swarm_309_125.pdb	9.363	23.598	0.0192308	18.121
swarm_357_112.pdb	17.773	49.179	0	18.087
swarm_86_22.pdb	18.141	54.616	0	18.084
swarm_311_32.pdb	16.625	52.916	0	18.067
swarm_83_56.pdb	14.142	32.657	0.0576923	18.056
swarm_187_195.pdb	17.732	60.942	0	17.950
swarm_60_101.pdb	13.902	45.407	0	17.933
swarm_332_48.pdb	12.008	25.520	0	17.899
swarm_308_190.pdb	11.301	21.506	0.211538	17.886
swarm_256_151.pdb	10.836	31.887	0.115385	17.876
swarm_3_71.pdb	19.828	49.743	0	17.870
swarm_142_146.pdb	8.944	26.896	0.0384615	17.826
swarm_37_140.pdb	17.356	44.303	0.0384615	17.722
swarm_31_130.pdb	14.830	46.349	0	17.701
swarm_317_153.pdb	5.542	16.281	0.0769231	17.673
swarm_178_83.pdb	16.318	53.495	0	17.647
swarm_267_183.pdb	15.242	28.124	0	17.618
swarm_173_42.pdb	15.424	38.560	0.0192308	17.595
swarm_295_133.pdb	13.026	26.386	0.0576923	17.587
swarm_295_185.pdb	8.909	23.752	0.0961538	17.559
swarm_29_91.pdb	19.115	49.155	0	17.538
swarm_235_75.pdb	18.418	49.415	0	17.525
swarm_327_125.pdb	15.920	29.246	0	17.517
swarm_327_169.pdb	13.979	26.526	0	17.480
swarm_173_40.pdb	15.722	35.720	0.0384615	17.458
swarm_237_181.pdb	8.394	19.104	0.0384615	17.435
swarm_236_161.pdb	14.013	29.835	0	17.258
swarm_320_69.pdb	6.829	16.342	0.211538	17.201
swarm_262_47.pdb	17.886	58.186	0	17.171
swarm_183_192.pdb	19.145	58.746	0	17.124
swarm_383_123.pdb	19.778	60.942	0	17.116
swarm_17_87.pdb	17.429	50.868	0	17.084
swarm_288_89.pdb	9.798	22.045	0.0961538	17.059
swarm_352_193.pdb	18.254	58.897	0	17.013
swarm_124_41.pdb	18.871	56.247	0	16.987
swarm_50_77.pdb	18.783	38.247	0	16.980
swarm_64_107.pdb	10.582	30.155	0	16.904
swarm_13_51.pdb	19.826	57.654	0	16.903
swarm_289_189.pdb	12.237	23.221	0.0961538	16.898
swarm_392_142.pdb	16.286	44.193	0	16.728
swarm_127_139.pdb	18.167	43.946	0.0384615	16.681
swarm_233_106.pdb	13.033	28.795	0.0384615	16.673
swarm_39_9.pdb	17.752	52.755	0	16.671
swarm_310_168.pdb	16.102	29.920	0.0769231	16.656
swarm_34_121.pdb	19.268	57.924	0	16.641
swarm_113_95.pdb	17.453	52.643	0	16.596
swarm_255_109.pdb	6.270	21.113	0.0769231	16.589
swarm_364_183.pdb	18.954	48.374	0	16.581
swarm_73_4.pdb	14.983	27.904	0	16.518
swarm_20_172.pdb	14.366	41.014	0	16.407
swarm_295_110.pdb	8.276	15.314	0.0192308	16.404
swarm_303_126.pdb	14.545	29.157	0.0384615	16.280
swarm_152_15.pdb	16.692	34.889	0.0384615	16.021
swarm_325_17.pdb	16.818	31.726	0.115385	15.953
swarm_325_61.pdb	16.655	31.594	0.0192308	15.919
swarm_286_112.pdb	11.209	31.830	0.0384615	15.884
swarm_308_62.pdb	14.907	29.166	0.0384615	15.873
swarm_65_189.pdb	15.397	43.675	0	15.841
swarm_354_32.pdb	16.370	51.285	0	15.822
swarm_203_80.pdb	17.190	36.331	0.0576923	15.822
swarm_271_104.pdb	8.394	24.498	0	15.677
swarm_271_188.pdb	11.797	31.208	0.0576923	15.672
swarm_370_89.pdb	19.243	64.276	0	15.643
swarm_204_75.pdb	17.384	35.512	0.0576923	15.642
swarm_129_32.pdb	19.709	61.327	0	15.615
swarm_19_85.pdb	17.196	44.833	0	15.592
swarm_286_58.pdb	16.181	32.020	0	15.590
swarm_256_174.pdb	15.613	36.968	0.192308	15.571
swarm_320_154.pdb	10.002	18.725	0.0192308	15.553
swarm_286_96.pdb	15.610	30.650	0.0769231	15.533
swarm_204_5.pdb	15.817	31.499	0	15.493
swarm_371_11.pdb	18.828	63.207	0	15.362
swarm_246_21.pdb	17.339	46.948	0	15.287
swarm_267_1.pdb	7.752	14.702	0	15.210
swarm_32_51.pdb	12.819	37.805	0	15.146
swarm_11_38.pdb	18.419	59.613	0	14.947
swarm_35_95.pdb	20.400	53.831	0	14.834
swarm_73_108.pdb	13.214	24.970	0	14.809
swarm_82_131.pdb	16.183	40.635	0.0384615	14.768
swarm_359_68.pdb	12.164	37.067	0	14.699
swarm_332_103.pdb	8.159	19.993	0.0384615	14.591
swarm_226_161.pdb	14.330	29.887	0.0576923	14.402
swarm_70_7.pdb	19.908	65.571	0	14.273
swarm_234_190.pdb	7.528	22.957	0.0384615	14.272
swarm_36_53.pdb	16.155	49.965	0	14.098
swarm_131_120.pdb	9.721	21.102	0	13.978
swarm_271_196.pdb	12.257	24.975	0	13.850
swarm_113_146.pdb	20.326	56.650	0	13.833
swarm_258_12.pdb	17.486	35.145	0.0769231	13.823
swarm_362_136.pdb	19.290	56.475	0	13.628
swarm_289_5.pdb	14.923	27.947	0.0576923	13.628
swarm_143_54.pdb	14.724	37.111	0.0384615	13.487
swarm_303_58.pdb	8.893	16.112	0	13.293
swarm_195_52.pdb	14.324	30.359	0	12.966
swarm_72_60.pdb	20.289	67.590	0	12.957
swarm_204_122.pdb	14.749	35.972	0	12.954
swarm_153_73.pdb	12.039	37.257	0	12.468
swarm_181_50.pdb	10.459	29.740	0	10.782
swarm_30_186.pdb	19.667	48.730	0	9.391
swarm_325_10.pdb	10.941	18.637	0	7.161
swarm_325_12.pdb	13.347	25.058	0	6.601
swarm_106_117.pdb	12.168	40.703	0	5.934
swarm_269_147.pdb	14.284	26.746	0	5.535
swarm_195_128.pdb	10.674	23.383	0.0192308	5.352
swarm_271_19.pdb	9.751	28.243	0.0192308	2.447
swarm_293_150.pdb	11.478	22.624	0	0.039
