swarm_30_45.pdb	13.856	28.878	0	35.598
swarm_25_148.pdb	14.612	30.603	0	33.511
swarm_31_8.pdb	14.399	30.198	0	33.071
swarm_61_18.pdb	8.593	19.033	0	32.476
swarm_34_69.pdb	15.324	30.575	0	31.652
swarm_39_85.pdb	16.288	35.098	0	31.103
swarm_29_156.pdb	11.080	27.636	0	30.712
swarm_60_133.pdb	7.621	18.447	0.230769	30.294
swarm_46_140.pdb	13.409	26.818	0	29.818
swarm_56_182.pdb	14.773	29.616	0	29.750
swarm_58_119.pdb	14.968	28.770	0	29.338
swarm_46_48.pdb	1.454	3.953	0.769231	28.900
swarm_42_199.pdb	14.140	29.263	0	28.515
swarm_56_88.pdb	11.095	23.950	0.0384615	28.459
swarm_45_80.pdb	15.239	29.761	0.0384615	28.301
swarm_28_105.pdb	14.691	32.714	0.0192308	28.177
swarm_26_29.pdb	11.339	27.647	0	28.057
swarm_52_131.pdb	13.742	27.205	0.0961538	27.936
swarm_32_108.pdb	15.553	32.183	0	27.298
swarm_53_78.pdb	13.650	28.028	0	27.161
swarm_37_80.pdb	14.866	31.219	0	27.041
swarm_44_76.pdb	14.140	28.587	0	26.829
swarm_25_48.pdb	10.425	30.115	0.173077	26.771
swarm_0_113.pdb	12.249	25.354	0	26.666
swarm_38_188.pdb	13.411	26.801	0.0192308	26.239
swarm_51_49.pdb	16.510	40.832	0	26.121
swarm_25_139.pdb	16.864	38.892	0.0192308	25.983
swarm_42_151.pdb	6.961	23.333	0.115385	25.918
swarm_0_45.pdb	14.771	28.985	0	25.909
swarm_23_136.pdb	14.085	28.747	0	25.908
swarm_58_55.pdb	15.805	31.264	0	25.728
swarm_42_133.pdb	11.279	29.061	0	25.598
swarm_26_142.pdb	13.160	36.142	0	25.543
swarm_8_94.pdb	18.074	37.421	0	25.396
swarm_37_4.pdb	16.284	37.422	0.0384615	25.380
swarm_29_198.pdb	10.357	22.951	0	25.367
swarm_18_156.pdb	15.943	31.746	0	25.365
swarm_15_86.pdb	19.824	42.952	0	25.292
swarm_1_41.pdb	8.211	14.218	0	25.247
swarm_45_156.pdb	12.885	26.028	0.0192308	25.223
swarm_16_164.pdb	18.077	42.282	0	25.174
swarm_44_114.pdb	8.170	15.402	0	25.150
swarm_32_60.pdb	15.229	35.212	0	25.072
swarm_0_172.pdb	13.926	27.966	0	24.971
swarm_13_91.pdb	10.446	25.762	0	24.834
swarm_29_115.pdb	16.646	33.880	0	24.767
swarm_36_169.pdb	10.756	20.752	0	24.695
swarm_23_199.pdb	9.030	21.541	0.0769231	24.524
swarm_58_63.pdb	12.959	30.811	0.115385	24.447
swarm_47_129.pdb	15.835	31.519	0	24.389
swarm_38_10.pdb	16.727	32.431	0	24.371
swarm_44_38.pdb	10.759	23.343	0.134615	24.364
swarm_5_132.pdb	11.730	26.805	0.134615	24.251
swarm_17_48.pdb	15.818	36.291	0	24.236
swarm_56_21.pdb	10.677	17.681	0	24.132
swarm_8_163.pdb	8.769	18.286	0	24.055
swarm_4_8.pdb	11.532	26.131	0	24.005
swarm_53_40.pdb	13.155	27.275	0	23.850
swarm_23_42.pdb	15.052	30.248	0	23.838
swarm_46_170.pdb	12.628	24.129	0	23.606
swarm_52_162.pdb	11.900	20.255	0	23.445
swarm_36_80.pdb	10.357	25.313	0.173077	23.444
swarm_42_105.pdb	12.129	24.460	0	23.402
swarm_23_111.pdb	10.039	18.393	0	23.348
swarm_42_117.pdb	10.680	22.210	0	23.346
swarm_50_143.pdb	15.670	36.512	0	23.299
swarm_25_138.pdb	15.317	33.794	0	23.277
swarm_47_104.pdb	10.885	21.486	0	23.215
swarm_2_9.pdb	14.874	36.001	0	23.068
swarm_28_183.pdb	16.607	35.841	0.0192308	23.001
swarm_2_26.pdb	13.027	28.218	0	22.959
swarm_37_112.pdb	14.434	35.473	0	22.956
swarm_55_149.pdb	15.640	32.546	0	22.951
swarm_58_33.pdb	15.783	30.171	0.0769231	22.923
swarm_29_135.pdb	15.928	31.888	0	22.897
swarm_41_127.pdb	13.752	26.518	0	22.884
swarm_8_22.pdb	11.179	24.326	0.0192308	22.780
swarm_38_98.pdb	11.071	18.248	0	22.748
swarm_26_147.pdb	9.933	35.097	0.0192308	22.741
swarm_39_44.pdb	17.976	39.217	0	22.739
swarm_26_12.pdb	16.299	39.232	0	22.715
swarm_12_177.pdb	17.561	36.724	0	22.693
swarm_30_95.pdb	12.961	32.287	0.0384615	22.682
swarm_36_90.pdb	8.330	14.655	0	22.674
swarm_3_170.pdb	15.671	33.707	0	22.576
swarm_21_112.pdb	12.444	30.250	0	22.485
swarm_57_74.pdb	11.503	24.686	0	22.436
swarm_55_191.pdb	13.873	29.626	0	22.361
swarm_31_30.pdb	12.638	32.953	0	22.337
swarm_32_132.pdb	14.818	33.363	0	22.293
swarm_44_1.pdb	12.221	25.248	0	22.200
swarm_56_63.pdb	9.154	19.929	0.0576923	22.101
swarm_58_62.pdb	6.241	13.876	0.0384615	22.010
swarm_21_198.pdb	14.652	29.645	0	21.953
swarm_26_100.pdb	17.240	36.105	0.0192308	21.952
swarm_49_110.pdb	14.010	32.079	0	21.948
swarm_11_64.pdb	15.387	37.365	0.0961538	21.910
swarm_36_108.pdb	9.368	23.847	0.0576923	21.908
swarm_2_0.pdb	11.515	29.653	0.115385	21.516
swarm_61_146.pdb	14.720	31.173	0	21.487
swarm_3_51.pdb	16.775	38.281	0	21.394
swarm_2_116.pdb	12.554	28.706	0	21.342
swarm_52_112.pdb	8.140	15.256	0.0384615	21.291
swarm_39_84.pdb	11.503	31.768	0	21.258
swarm_44_43.pdb	15.210	30.926	0.0961538	21.240
swarm_18_56.pdb	14.695	28.132	0	21.230
swarm_36_103.pdb	13.767	25.519	0	21.213
swarm_35_73.pdb	16.968	38.434	0.0384615	21.182
swarm_57_46.pdb	17.080	37.898	0	21.164
swarm_7_29.pdb	15.322	31.715	0	21.149
swarm_14_27.pdb	16.362	35.198	0	20.848
swarm_51_52.pdb	11.658	24.898	0	20.696
swarm_26_120.pdb	15.289	29.551	0	20.657
swarm_0_174.pdb	14.987	34.272	0.0192308	20.538
swarm_23_60.pdb	10.370	17.048	0	20.522
swarm_2_127.pdb	13.770	30.043	0	20.456
swarm_40_114.pdb	13.660	35.038	0	20.454
swarm_56_48.pdb	6.843	14.040	0.0192308	20.393
swarm_3_177.pdb	12.158	30.861	0	20.338
swarm_4_0.pdb	8.653	18.580	0.115385	20.244
swarm_17_45.pdb	15.209	32.834	0	20.238
swarm_57_39.pdb	10.182	34.669	0.0769231	20.061
swarm_0_161.pdb	5.183	13.916	0.0961538	20.058
swarm_40_181.pdb	12.315	24.246	0	19.802
swarm_26_23.pdb	17.182	35.373	0	19.692
swarm_26_94.pdb	15.533	34.316	0	19.665
swarm_53_146.pdb	12.904	27.474	0	19.650
swarm_25_182.pdb	15.059	36.691	0.0384615	19.645
swarm_23_44.pdb	6.740	13.800	0.173077	19.555
swarm_3_37.pdb	17.084	38.441	0	19.544
swarm_2_184.pdb	15.273	31.713	0	19.522
swarm_29_1.pdb	11.910	28.324	0	19.501
swarm_60_74.pdb	15.744	31.620	0	19.490
swarm_32_162.pdb	12.695	33.842	0	19.465
swarm_31_36.pdb	9.652	26.988	0.153846	19.386
swarm_0_55.pdb	10.322	26.013	0	19.315
swarm_3_96.pdb	11.875	27.333	0	19.313
swarm_44_185.pdb	13.460	25.076	0	19.187
swarm_52_177.pdb	14.089	24.554	0	19.174
swarm_4_81.pdb	17.170	32.016	0	19.143
swarm_37_22.pdb	13.533	36.043	0	19.017
swarm_60_90.pdb	12.757	23.643	0	18.849
swarm_37_95.pdb	16.313	40.728	0.0961538	18.729
swarm_51_93.pdb	16.280	35.330	0	18.724
swarm_4_118.pdb	15.868	30.013	0	18.693
swarm_42_113.pdb	16.472	33.916	0.0192308	18.684
swarm_56_79.pdb	14.765	27.715	0.0192308	18.683
swarm_42_0.pdb	11.123	31.340	0.153846	18.663
swarm_51_44.pdb	13.897	34.148	0	18.651
swarm_15_52.pdb	9.392	28.871	0	18.620
swarm_3_71.pdb	9.844	30.556	0.0192308	18.575
swarm_32_21.pdb	12.404	24.628	0	18.565
swarm_42_24.pdb	11.702	30.819	0	18.545
swarm_34_93.pdb	10.283	19.586	0	18.458
swarm_56_157.pdb	12.253	23.808	0	18.329
swarm_35_44.pdb	17.650	47.055	0.0384615	18.297
swarm_30_24.pdb	12.170	25.973	0	18.187
swarm_11_194.pdb	18.867	41.324	0	17.993
swarm_42_93.pdb	15.779	32.884	0.0192308	17.962
swarm_31_45.pdb	15.458	34.444	0	17.953
swarm_15_153.pdb	15.018	35.608	0	17.948
swarm_26_181.pdb	12.115	31.283	0	17.886
swarm_38_174.pdb	13.919	27.009	0.0384615	17.878
swarm_60_1.pdb	12.585	31.601	0	17.855
swarm_51_126.pdb	17.379	38.846	0	17.826
swarm_8_59.pdb	14.613	33.002	0	17.738
swarm_8_167.pdb	14.553	31.228	0.0384615	17.727
swarm_38_87.pdb	10.328	19.897	0	17.661
swarm_0_178.pdb	13.391	28.648	0.0576923	17.614
swarm_25_105.pdb	12.579	31.104	0	17.588
swarm_21_53.pdb	11.561	28.763	0	17.587
swarm_26_162.pdb	15.443	33.715	0	17.501
swarm_13_105.pdb	15.930	37.008	0	17.428
swarm_25_179.pdb	11.403	28.853	0	17.424
swarm_45_184.pdb	14.843	29.564	0	17.368
swarm_12_156.pdb	17.270	38.335	0.0384615	17.326
swarm_52_189.pdb	10.226	19.705	0	17.271
swarm_6_82.pdb	12.057	20.476	0	17.234
swarm_31_74.pdb	16.692	34.187	0	17.104
swarm_36_100.pdb	14.182	29.297	0	17.090
swarm_2_61.pdb	9.302	21.451	0	17.045
swarm_53_185.pdb	14.343	28.276	0	17.034
swarm_21_6.pdb	16.810	41.440	0	16.878
swarm_30_151.pdb	10.544	21.231	0	16.867
swarm_21_157.pdb	15.837	38.843	0.134615	16.839
swarm_29_106.pdb	14.845	30.357	0	16.768
swarm_4_49.pdb	12.416	25.185	0	16.748
swarm_35_137.pdb	16.484	37.527	0	16.654
swarm_35_100.pdb	15.019	33.000	0	16.651
swarm_8_173.pdb	16.650	37.771	0.0384615	16.639
swarm_37_128.pdb	13.129	36.651	0	16.636
swarm_28_196.pdb	15.403	29.912	0.0576923	16.594
swarm_3_87.pdb	14.254	39.342	0.0192308	16.589
swarm_30_117.pdb	15.540	31.136	0	16.479
swarm_32_96.pdb	10.485	24.569	0	16.449
swarm_36_192.pdb	15.742	33.192	0	16.255
swarm_2_107.pdb	11.067	24.692	0.0576923	16.212
swarm_35_108.pdb	15.758	36.877	0	16.197
swarm_6_121.pdb	14.581	33.686	0	16.097
swarm_31_86.pdb	15.369	39.797	0	15.843
swarm_28_79.pdb	18.258	40.100	0	15.792
swarm_2_166.pdb	11.994	23.071	0	15.790
swarm_52_94.pdb	15.183	29.361	0.0192308	15.713
swarm_25_16.pdb	15.077	35.185	0	15.708
swarm_52_47.pdb	15.509	30.467	0	15.628
swarm_47_159.pdb	16.347	33.237	0	15.625
swarm_21_27.pdb	15.756	35.834	0	15.584
swarm_35_91.pdb	17.804	39.040	0	15.573
swarm_47_106.pdb	14.001	25.789	0	15.568
swarm_28_7.pdb	11.978	29.330	0	15.497
swarm_55_18.pdb	17.150	36.971	0.0192308	15.482
swarm_61_24.pdb	15.404	29.876	0.0192308	15.394
swarm_35_23.pdb	16.799	38.113	0	15.185
swarm_23_128.pdb	13.558	25.063	0	14.999
swarm_44_6.pdb	11.055	25.704	0	14.919
swarm_12_137.pdb	16.576	33.744	0	14.917
swarm_35_144.pdb	15.329	35.293	0.0769231	14.903
swarm_17_111.pdb	10.802	29.526	0	14.404
swarm_61_14.pdb	15.532	30.509	0	14.371
swarm_31_87.pdb	15.657	36.561	0.0192308	14.358
swarm_13_47.pdb	19.797	42.276	0	14.328
swarm_30_81.pdb	13.595	28.863	0	14.287
swarm_30_99.pdb	15.994	31.312	0	14.272
swarm_30_138.pdb	13.596	24.358	0	14.222
swarm_13_127.pdb	9.638	23.645	0.0961538	14.198
swarm_44_164.pdb	15.101	30.272	0	14.087
swarm_31_13.pdb	14.140	29.893	0	13.846
swarm_12_8.pdb	18.095	40.431	0	13.768
swarm_41_184.pdb	9.093	24.076	0.134615	13.613
swarm_11_162.pdb	18.434	44.940	0	13.588
swarm_21_52.pdb	14.934	32.548	0	13.528
swarm_52_100.pdb	14.052	29.198	0.0384615	13.145
swarm_23_87.pdb	13.437	29.454	0	13.007
swarm_23_119.pdb	14.791	27.925	0	12.552
swarm_11_68.pdb	14.574	40.998	0	12.457
swarm_26_102.pdb	15.898	32.821	0	12.366
swarm_26_151.pdb	16.859	43.804	0.0192308	11.904
swarm_51_97.pdb	10.936	25.095	0	11.874
swarm_25_62.pdb	10.920	32.370	0.134615	11.703
swarm_31_129.pdb	12.245	35.438	0	11.702
swarm_61_64.pdb	15.454	31.556	0	11.583
swarm_47_113.pdb	15.905	31.209	0	11.540
swarm_2_38.pdb	15.755	29.816	0	11.438
swarm_32_98.pdb	12.885	24.084	0	11.433
swarm_1_116.pdb	9.924	15.463	0	11.120
swarm_30_171.pdb	16.253	35.763	0.0192308	10.787
swarm_36_28.pdb	16.089	28.406	0	10.675
swarm_49_6.pdb	18.453	40.128	0	10.607
swarm_28_135.pdb	17.128	34.430	0	10.466
swarm_28_30.pdb	15.553	36.466	0	10.188
swarm_51_55.pdb	15.581	35.270	0	9.704
swarm_17_139.pdb	16.427	35.752	0	9.482
swarm_25_32.pdb	14.296	34.854	0	9.342
swarm_51_161.pdb	17.285	32.174	0	8.984
swarm_3_75.pdb	14.631	34.054	0	8.308
swarm_41_54.pdb	19.045	34.829	0	8.146
swarm_0_27.pdb	13.208	27.767	0	7.683
swarm_31_79.pdb	15.376	37.045	0	4.730
swarm_58_167.pdb	11.673	21.968	0	3.901
