swarm_0_150.pdb	9.453	19.923	0	56.365
swarm_0_174.pdb	8.578	17.090	0	56.202
swarm_3_58.pdb	14.196	27.843	0.0192308	52.333
swarm_1_30.pdb	3.809	10.604	0.288462	47.932
swarm_7_118.pdb	14.566	28.667	0.0576923	47.880
swarm_2_199.pdb	5.821	16.846	0.0961538	46.691
swarm_6_194.pdb	13.372	26.638	0.0192308	46.166
swarm_8_103.pdb	10.939	18.780	0	45.697
swarm_5_94.pdb	14.955	28.956	0.0769231	45.004
swarm_9_128.pdb	2.408	7.185	0.384615	44.839
swarm_7_62.pdb	10.648	20.708	0	44.790
swarm_6_85.pdb	15.071	28.714	0.0192308	44.743
swarm_3_108.pdb	16.310	32.785	0	44.686
swarm_3_107.pdb	15.917	31.104	0	44.141
swarm_1_68.pdb	14.352	27.698	0.134615	44.025
swarm_2_22.pdb	15.640	29.724	0.0192308	43.864
swarm_0_131.pdb	11.005	21.375	0	43.258
swarm_2_168.pdb	13.716	25.620	0	43.048
swarm_8_174.pdb	15.570	31.539	0	41.277
swarm_8_49.pdb	15.657	32.874	0	41.227
swarm_2_24.pdb	11.790	25.410	0.0576923	40.884
swarm_3_36.pdb	8.576	14.945	0	40.548
swarm_5_44.pdb	11.470	22.657	0	40.352
swarm_2_189.pdb	14.345	27.764	0.0769231	40.223
swarm_7_89.pdb	12.813	24.708	0	39.415
swarm_1_182.pdb	7.340	15.341	0	39.385
swarm_2_112.pdb	10.154	18.126	0	38.556
swarm_1_58.pdb	13.869	24.845	0	38.466
swarm_5_18.pdb	15.739	31.732	0	38.068
swarm_4_150.pdb	15.856	32.158	0	37.710
swarm_0_197.pdb	13.256	26.954	0.153846	37.518
swarm_7_145.pdb	6.491	15.192	0.0192308	37.184
swarm_3_15.pdb	9.258	18.458	0	37.109
swarm_4_96.pdb	15.240	28.304	0	36.924
swarm_9_122.pdb	12.520	24.585	0	36.753
swarm_9_52.pdb	8.649	18.353	0.0576923	36.226
swarm_5_171.pdb	15.377	31.519	0.0576923	36.117
swarm_4_52.pdb	11.785	22.912	0	36.068
swarm_2_188.pdb	14.767	27.926	0.0192308	35.975
swarm_3_115.pdb	12.232	19.453	0	35.679
swarm_6_35.pdb	7.574	15.360	0	35.597
swarm_7_73.pdb	11.153	20.143	0	34.915
swarm_9_176.pdb	15.020	24.842	0	34.834
swarm_6_128.pdb	10.650	18.450	0	34.191
swarm_7_27.pdb	8.458	18.198	0	34.123
swarm_9_189.pdb	14.164	24.956	0	33.797
swarm_9_144.pdb	9.359	19.739	0	33.601
swarm_5_69.pdb	14.508	27.803	0	33.355
swarm_0_58.pdb	15.203	30.674	0	33.312
swarm_3_32.pdb	12.798	23.862	0	33.196
swarm_4_185.pdb	7.759	14.711	0	32.929
swarm_6_86.pdb	10.933	18.036	0	32.905
swarm_8_56.pdb	10.865	22.544	0	32.306
swarm_6_117.pdb	15.662	31.539	0	32.269
swarm_4_116.pdb	15.717	30.090	0.0769231	32.263
swarm_8_17.pdb	15.153	29.657	0	31.858
swarm_0_7.pdb	15.092	28.307	0.0192308	31.823
swarm_1_16.pdb	10.994	18.403	0	31.782
swarm_5_47.pdb	15.913	30.780	0	31.630
swarm_1_142.pdb	14.200	22.965	0	31.617
swarm_0_114.pdb	15.544	27.519	0	31.214
swarm_1_166.pdb	16.475	31.354	0.0384615	31.021
swarm_6_18.pdb	15.245	29.941	0	30.836
swarm_6_108.pdb	8.399	17.922	0	30.660
swarm_9_177.pdb	7.451	14.182	0	30.425
swarm_0_34.pdb	15.298	26.562	0	30.024
swarm_5_153.pdb	15.643	30.138	0	29.973
swarm_5_40.pdb	9.310	18.687	0	29.958
swarm_1_28.pdb	14.984	30.537	0	29.865
swarm_0_151.pdb	15.642	31.020	0	29.650
swarm_0_47.pdb	11.645	21.705	0	29.409
swarm_2_54.pdb	13.056	25.935	0.0192308	29.302
swarm_3_125.pdb	13.994	26.758	0	29.292
swarm_8_119.pdb	11.282	17.501	0	27.984
swarm_6_36.pdb	14.279	27.274	0	27.870
swarm_6_29.pdb	10.935	23.180	0.0384615	27.437
swarm_3_5.pdb	9.051	14.789	0	26.954
swarm_4_184.pdb	15.490	30.712	0	26.937
swarm_4_180.pdb	15.934	32.240	0	26.692
swarm_9_153.pdb	15.553	30.968	0	26.617
swarm_5_78.pdb	15.509	30.155	0	26.280
swarm_1_49.pdb	10.310	19.578	0	24.346
swarm_9_195.pdb	8.142	15.650	0.0192308	23.131
swarm_6_125.pdb	10.348	20.537	0.0192308	23.096
swarm_9_173.pdb	9.629	19.482	0	22.796
swarm_0_118.pdb	15.516	29.782	0.0384615	22.222
swarm_0_175.pdb	9.835	14.903	0	21.584
swarm_0_8.pdb	15.613	30.105	0	20.701
swarm_7_97.pdb	17.211	34.145	0	19.765
swarm_9_121.pdb	12.505	22.023	0	19.134
swarm_9_183.pdb	13.353	27.155	0	18.538
swarm_2_129.pdb	11.348	22.787	0	16.957
swarm_7_100.pdb	15.255	31.087	0	16.608
swarm_5_2.pdb	7.447	22.653	0	16.607
swarm_9_6.pdb	8.703	14.530	0	14.911
swarm_8_20.pdb	14.043	32.001	0	14.810
swarm_8_7.pdb	14.295	27.722	0	14.505
swarm_0_76.pdb	12.356	23.083	0	12.921
swarm_5_95.pdb	9.812	20.898	0	11.402
swarm_4_77.pdb	9.655	22.938	0	7.897
swarm_7_94.pdb	17.333	36.101	0	1.230
