swarm_11_152.pdb	17.310	44.329	0	46.120
swarm_5_193.pdb	17.222	47.054	0	34.225
swarm_36_119.pdb	6.450	9.192	0	33.288
swarm_34_129.pdb	16.655	45.794	0	31.229
swarm_37_119.pdb	6.383	9.827	0	31.172
swarm_3_177.pdb	17.774	45.122	0	31.130
swarm_30_97.pdb	7.602	14.657	0	27.196
swarm_19_115.pdb	7.419	17.744	0.0192308	24.131
swarm_20_48.pdb	10.495	21.489	0	22.812
swarm_19_77.pdb	11.324	23.998	0	22.573
swarm_37_152.pdb	7.220	16.814	0.0384615	22.157
swarm_7_149.pdb	5.626	13.759	0.0384615	19.764
swarm_18_24.pdb	6.613	11.805	0.0384615	19.239
swarm_36_168.pdb	6.409	15.238	0.0769231	17.191
swarm_37_104.pdb	10.330	17.602	0	16.104
