swarm_3_158.pdb	1.849	6.360	0.5	53.169
swarm_9_165.pdb	1.583	5.001	0.551724	52.016
swarm_6_5.pdb	2.074	7.600	0.637931	49.971
swarm_23_83.pdb	4.918	11.523	0.137931	48.703
swarm_16_62.pdb	3.597	9.624	0.206897	46.092
swarm_20_56.pdb	6.309	27.373	0.103448	45.748
swarm_0_159.pdb	6.016	26.201	0.137931	45.451
swarm_9_11.pdb	5.278	12.413	0.137931	44.050
swarm_10_189.pdb	7.195	30.766	0.0862069	43.258
swarm_18_94.pdb	5.151	14.029	0.0862069	43.204
swarm_26_194.pdb	3.284	12.868	0.258621	42.885
swarm_19_69.pdb	6.776	27.951	0.0689655	42.319
swarm_11_116.pdb	7.681	30.914	0.0172414	42.088
swarm_17_136.pdb	5.225	22.789	0.189655	41.842
swarm_18_189.pdb	5.170	22.158	0.206897	41.597
swarm_4_184.pdb	6.629	28.902	0.0172414	40.586
swarm_0_14.pdb	4.269	15.930	0.206897	40.132
swarm_10_124.pdb	4.549	18.816	0.206897	39.865
swarm_1_36.pdb	4.795	16.212	0.0862069	38.318
swarm_7_11.pdb	11.181	36.866	0	37.138
swarm_7_62.pdb	11.260	43.225	0	35.318
swarm_26_53.pdb	1.875	6.821	0.413793	35.202
swarm_15_4.pdb	8.979	29.000	0	34.437
swarm_20_191.pdb	8.144	33.080	0	34.246
swarm_11_28.pdb	7.734	23.776	0.206897	34.188
swarm_27_8.pdb	11.567	45.893	0	33.822
swarm_27_186.pdb	9.240	35.589	0	33.504
swarm_14_17.pdb	9.616	33.602	0	32.966
swarm_13_29.pdb	7.956	32.978	0	32.912
swarm_8_64.pdb	10.225	40.377	0	32.828
swarm_12_93.pdb	8.423	32.909	0.0517241	32.762
swarm_5_120.pdb	8.875	36.570	0	32.473
swarm_0_71.pdb	5.951	22.413	0.155172	32.388
swarm_8_154.pdb	9.211	34.698	0	31.545
swarm_4_186.pdb	11.690	41.712	0	31.206
swarm_27_184.pdb	9.965	37.096	0	31.066
swarm_2_18.pdb	10.757	33.396	0	30.961
swarm_17_135.pdb	8.839	29.498	0	30.135
swarm_24_146.pdb	9.344	29.945	0	29.918
swarm_6_139.pdb	5.783	20.395	0.172414	29.372
swarm_25_77.pdb	9.439	28.459	0	29.273
swarm_17_100.pdb	8.989	21.924	0	28.524
swarm_23_149.pdb	2.431	10.753	0.362069	28.323
swarm_6_133.pdb	5.727	22.767	0.137931	27.690
swarm_26_8.pdb	7.885	12.463	0	26.568
swarm_20_176.pdb	9.958	31.337	0	26.309
swarm_22_135.pdb	8.851	31.051	0	26.075
swarm_12_151.pdb	10.630	40.449	0	25.211
swarm_16_151.pdb	9.397	17.067	0	24.343
swarm_3_98.pdb	7.385	22.411	0	23.743
swarm_5_132.pdb	7.481	28.199	0	21.326
swarm_26_44.pdb	5.972	16.209	0.0517241	21.231
swarm_3_21.pdb	7.729	21.641	0	20.805
swarm_11_13.pdb	9.283	21.751	0	20.568
swarm_24_90.pdb	12.708	39.236	0	15.850
swarm_1_13.pdb	5.261	8.612	0.0862069	10.690
swarm_18_52.pdb	6.761	14.423	0.0344828	10.533
swarm_6_180.pdb	10.025	20.191	0	8.123
swarm_2_97.pdb	5.893	27.277	0.12069	6.383
