swarm_302_155.pdb	21.839	61.161	0	31.772
swarm_329_47.pdb	22.195	62.758	0	29.765
swarm_326_169.pdb	20.144	55.700	0	29.060
swarm_170_140.pdb	14.735	57.985	0	28.363
swarm_280_184.pdb	14.820	59.989	0	26.706
swarm_302_118.pdb	17.654	61.446	0	25.466
swarm_346_12.pdb	1.902	4.410	0.706897	25.052
swarm_300_48.pdb	18.720	63.225	0	24.678
swarm_320_130.pdb	15.583	57.999	0	24.495
swarm_25_79.pdb	10.079	21.357	0	24.412
swarm_332_49.pdb	20.196	60.637	0	23.949
swarm_274_93.pdb	16.447	62.976	0	23.569
swarm_304_18.pdb	13.246	52.087	0	23.414
swarm_25_158.pdb	13.182	24.399	0.137931	23.226
swarm_272_2.pdb	21.784	72.949	0	23.093
swarm_313_90.pdb	16.348	58.026	0	23.059
swarm_10_128.pdb	15.507	29.487	0.12069	22.743
swarm_348_47.pdb	13.999	22.368	0	22.741
swarm_25_156.pdb	14.791	28.553	0.0172414	22.684
swarm_249_85.pdb	16.973	56.700	0	22.538
swarm_308_30.pdb	19.109	58.663	0	22.358
swarm_387_71.pdb	14.879	24.270	0	22.105
swarm_295_35.pdb	19.880	56.620	0	22.016
swarm_366_153.pdb	12.837	31.688	0.0689655	21.995
swarm_221_152.pdb	16.807	54.289	0	21.884
swarm_342_126.pdb	13.882	27.880	0	21.834
swarm_239_7.pdb	19.502	56.267	0	21.625
swarm_58_161.pdb	12.823	44.054	0	21.545
swarm_25_175.pdb	14.104	27.559	0	21.510
swarm_201_15.pdb	12.477	35.911	0.0344828	21.501
swarm_256_99.pdb	18.095	57.957	0	21.390
swarm_220_195.pdb	15.972	61.107	0	21.386
swarm_30_12.pdb	27.324	85.192	0	21.223
swarm_298_181.pdb	15.304	58.668	0	21.144
swarm_191_131.pdb	25.901	80.532	0	21.061
swarm_285_79.pdb	17.621	61.648	0	21.033
swarm_300_182.pdb	17.675	58.935	0	21.030
swarm_42_20.pdb	14.628	29.413	0.0517241	20.958
swarm_324_188.pdb	19.060	57.818	0	20.842
swarm_201_37.pdb	10.796	25.025	0	20.691
swarm_321_145.pdb	17.454	59.965	0	20.660
swarm_10_64.pdb	9.596	21.006	0	20.650
swarm_322_87.pdb	17.465	61.139	0	20.582
swarm_20_80.pdb	12.791	33.061	0.0172414	20.473
swarm_307_20.pdb	21.034	65.323	0	20.421
swarm_331_173.pdb	15.761	57.841	0	20.327
swarm_364_114.pdb	14.137	24.880	0	20.234
swarm_23_12.pdb	7.069	27.884	0.0689655	20.154
swarm_346_177.pdb	14.710	24.925	0.0344828	19.940
swarm_350_156.pdb	14.023	25.382	0.0862069	19.936
swarm_387_111.pdb	10.162	16.499	0	19.934
swarm_271_46.pdb	18.976	61.201	0	19.913
swarm_9_36.pdb	9.363	29.154	0.0172414	19.841
swarm_342_180.pdb	11.755	23.068	0	19.814
swarm_387_66.pdb	10.310	18.827	0.0344828	19.757
swarm_350_141.pdb	14.606	27.078	0.0862069	19.742
swarm_364_107.pdb	15.329	24.375	0.0517241	19.514
swarm_8_198.pdb	24.158	84.091	0	19.420
swarm_3_196.pdb	14.839	29.918	0.0517241	19.399
swarm_186_167.pdb	21.708	73.057	0	19.339
swarm_64_163.pdb	11.991	44.506	0	19.286
swarm_395_58.pdb	21.332	76.805	0	19.283
swarm_79_32.pdb	13.156	21.211	0	19.007
swarm_10_184.pdb	7.372	24.328	0.0172414	18.965
swarm_42_107.pdb	15.595	34.449	0.0344828	18.916
swarm_304_59.pdb	17.688	60.480	0	18.897
swarm_316_117.pdb	17.251	58.536	0	18.675
swarm_226_157.pdb	17.515	59.176	0	18.646
swarm_346_46.pdb	9.733	15.045	0	18.644
swarm_197_184.pdb	21.460	61.542	0	18.497
swarm_3_142.pdb	6.669	18.832	0	18.425
swarm_383_182.pdb	15.421	43.474	0	18.418
swarm_254_69.pdb	21.860	69.304	0	18.302
swarm_125_2.pdb	16.059	50.411	0	18.181
swarm_348_70.pdb	14.880	24.425	0.0689655	18.177
swarm_264_104.pdb	19.529	59.835	0	18.112
swarm_104_103.pdb	17.250	49.703	0	18.072
swarm_8_137.pdb	26.318	79.136	0	18.066
swarm_347_197.pdb	14.562	25.553	0.0344828	18.046
swarm_348_86.pdb	14.098	23.318	0.0172414	18.029
swarm_387_9.pdb	10.859	17.900	0.0517241	17.969
swarm_87_84.pdb	21.866	72.941	0	17.931
swarm_387_77.pdb	8.944	17.068	0.12069	17.915
swarm_249_191.pdb	16.239	58.652	0	17.613
swarm_148_127.pdb	15.315	55.286	0	17.571
swarm_27_39.pdb	14.984	38.014	0.0517241	17.552
swarm_210_50.pdb	22.276	74.724	0	17.508
swarm_84_18.pdb	12.453	40.960	0	17.396
swarm_368_17.pdb	10.231	31.816	0	17.180
swarm_18_22.pdb	13.042	46.462	0	17.172
swarm_196_2.pdb	23.670	75.076	0	17.167
swarm_339_187.pdb	5.722	17.679	0.103448	17.067
swarm_5_188.pdb	15.417	46.930	0.0344828	17.066
swarm_193_195.pdb	12.624	49.801	0	17.021
swarm_42_162.pdb	11.357	24.483	0.0172414	16.843
swarm_346_159.pdb	11.048	25.321	0.103448	16.802
swarm_42_77.pdb	12.759	30.801	0	16.678
swarm_79_84.pdb	14.166	27.694	0	16.548
swarm_342_56.pdb	10.203	25.123	0.0344828	16.497
swarm_387_5.pdb	11.041	20.406	0	16.474
swarm_103_91.pdb	12.392	48.210	0	16.412
swarm_330_53.pdb	16.937	58.091	0	16.387
swarm_250_1.pdb	22.924	69.457	0	16.186
swarm_68_108.pdb	15.342	30.475	0	16.141
swarm_157_161.pdb	14.268	42.787	0	15.933
swarm_42_57.pdb	14.240	37.145	0	15.911
swarm_90_142.pdb	30.143	100.281	0	15.844
swarm_16_39.pdb	26.851	89.345	0	15.804
swarm_344_142.pdb	28.300	92.214	0	15.648
swarm_42_45.pdb	13.741	36.047	0.0517241	15.644
swarm_128_3.pdb	21.424	67.932	0	15.399
swarm_167_12.pdb	21.788	75.956	0	15.233
swarm_25_185.pdb	12.875	25.058	0.0517241	15.102
swarm_68_128.pdb	8.119	30.482	0	14.997
swarm_146_33.pdb	15.552	31.597	0.0689655	14.971
swarm_57_148.pdb	12.745	35.174	0	14.851
swarm_147_40.pdb	15.167	55.310	0	14.820
swarm_286_197.pdb	14.354	56.257	0	14.495
swarm_270_103.pdb	16.175	55.420	0	14.445
swarm_143_158.pdb	25.294	82.043	0	14.349
swarm_347_40.pdb	8.509	19.835	0.189655	14.232
swarm_12_24.pdb	10.534	41.021	0	14.096
swarm_331_80.pdb	20.307	60.834	0	13.733
swarm_250_18.pdb	20.681	62.780	0	13.714
swarm_149_48.pdb	17.513	49.996	0	13.665
swarm_97_80.pdb	25.374	83.905	0	13.585
swarm_73_12.pdb	24.000	72.458	0	13.279
swarm_342_34.pdb	11.873	23.914	0.0172414	13.207
swarm_33_150.pdb	14.401	40.700	0.0172414	13.032
swarm_387_28.pdb	14.137	21.852	0	12.823
swarm_71_193.pdb	17.895	43.106	0	12.098
swarm_359_7.pdb	27.099	91.816	0	11.951
swarm_397_153.pdb	28.424	90.895	0	11.819
swarm_242_101.pdb	19.847	70.114	0	11.438
swarm_42_133.pdb	15.271	28.866	0.0172414	10.550
swarm_188_91.pdb	14.600	54.653	0	9.905
swarm_21_29.pdb	23.827	84.630	0	9.353
swarm_304_125.pdb	18.709	54.209	0	9.299
swarm_387_135.pdb	9.349	14.866	0	8.779
swarm_9_50.pdb	12.211	27.511	0.0172414	7.077
swarm_209_13.pdb	15.760	51.046	0	6.615
swarm_0_178.pdb	29.483	97.450	0	5.999
swarm_331_36.pdb	18.065	57.593	0	5.905
swarm_339_54.pdb	11.312	29.899	0	5.007
swarm_339_190.pdb	12.830	20.065	0	4.275
swarm_146_29.pdb	6.909	16.480	0.0689655	4.004
swarm_26_86.pdb	11.718	36.068	0	3.343
swarm_318_143.pdb	16.893	61.213	0	2.789
swarm_316_165.pdb	18.049	52.189	0	2.719
swarm_217_63.pdb	11.914	45.866	0.12069	2.423
swarm_329_124.pdb	22.147	61.727	0	1.308
