swarm_4_180.pdb	15.025	25.465	0.0689655	55.023
swarm_6_91.pdb	14.106	23.218	0	44.932
swarm_9_102.pdb	14.737	25.186	0	44.264
swarm_6_29.pdb	13.886	21.436	0	42.475
swarm_6_32.pdb	6.402	15.700	0.189655	42.374
swarm_8_165.pdb	11.449	22.915	0	41.892
swarm_3_24.pdb	13.155	23.661	0	41.747
swarm_5_134.pdb	13.899	23.430	0.0689655	41.661
swarm_8_33.pdb	10.011	16.381	0	41.021
swarm_0_127.pdb	15.809	25.030	0	40.958
swarm_6_76.pdb	9.949	17.598	0	40.776
swarm_5_185.pdb	11.154	21.819	0	40.539
swarm_4_42.pdb	12.595	20.565	0	39.758
swarm_0_95.pdb	11.422	18.004	0	39.682
swarm_4_56.pdb	14.530	29.916	0.0689655	39.633
swarm_2_131.pdb	14.704	25.077	0.0344828	39.266
swarm_2_169.pdb	5.344	16.100	0.12069	39.197
swarm_6_37.pdb	15.146	25.526	0.0172414	38.881
swarm_0_191.pdb	11.665	23.228	0.12069	38.743
swarm_8_2.pdb	13.200	24.562	0.0172414	38.260
swarm_1_56.pdb	16.436	31.683	0	37.933
swarm_0_65.pdb	10.258	16.740	0	37.892
swarm_1_20.pdb	17.015	32.549	0	37.670
swarm_9_20.pdb	8.936	18.780	0.0689655	37.619
swarm_8_151.pdb	14.070	23.117	0.0689655	37.459
swarm_9_98.pdb	10.065	15.935	0	36.720
swarm_2_145.pdb	15.398	27.804	0	36.376
swarm_3_64.pdb	14.887	28.877	0.0172414	36.309
swarm_7_94.pdb	15.125	25.702	0	36.252
swarm_7_182.pdb	9.818	15.589	0	36.126
swarm_3_40.pdb	15.778	29.886	0.0517241	35.576
swarm_2_80.pdb	15.050	28.378	0.0344828	35.466
swarm_4_70.pdb	14.183	24.692	0	35.125
swarm_0_78.pdb	11.065	18.793	0	34.975
swarm_5_24.pdb	13.771	22.172	0	34.627
swarm_2_25.pdb	14.881	28.162	0	33.206
swarm_1_131.pdb	13.165	28.749	0	33.197
swarm_9_40.pdb	14.172	27.067	0	33.027
swarm_0_175.pdb	13.187	22.119	0.0172414	32.944
swarm_5_46.pdb	10.259	16.770	0	32.931
swarm_2_124.pdb	14.343	25.826	0.0517241	32.820
swarm_5_115.pdb	16.219	25.145	0	32.647
swarm_1_127.pdb	12.348	36.051	0.0689655	32.364
swarm_7_120.pdb	15.754	27.607	0	32.088
swarm_5_111.pdb	13.186	22.719	0.0172414	31.974
swarm_4_86.pdb	14.959	24.764	0	31.974
swarm_1_94.pdb	10.936	27.615	0	31.504
swarm_9_23.pdb	13.440	21.660	0	31.315
swarm_6_155.pdb	14.239	22.066	0	30.999
swarm_5_97.pdb	8.913	18.162	0.0689655	30.989
swarm_7_54.pdb	11.860	23.189	0	30.936
swarm_7_154.pdb	15.226	30.508	0.0172414	30.651
swarm_6_81.pdb	10.650	22.122	0	30.224
swarm_8_109.pdb	13.367	24.219	0	30.028
swarm_3_167.pdb	13.538	22.325	0	30.020
swarm_1_53.pdb	15.182	29.127	0.0344828	29.976
swarm_7_42.pdb	13.549	21.886	0	29.843
swarm_1_74.pdb	14.834	25.382	0	29.445
swarm_3_53.pdb	14.770	28.020	0.0172414	28.778
swarm_4_63.pdb	15.424	29.148	0	28.539
swarm_4_61.pdb	10.746	19.872	0.0172414	28.257
swarm_7_133.pdb	15.211	25.294	0	27.906
swarm_7_82.pdb	11.227	25.319	0.0689655	27.865
swarm_3_119.pdb	15.443	26.701	0	27.692
swarm_9_112.pdb	11.604	27.068	0	27.599
swarm_5_1.pdb	11.029	22.970	0	27.005
swarm_3_5.pdb	14.266	25.341	0	26.618
swarm_7_68.pdb	15.827	26.596	0	26.131
swarm_7_31.pdb	8.767	24.702	0	25.728
swarm_9_192.pdb	15.948	30.151	0	25.398
swarm_9_74.pdb	11.079	26.517	0.0344828	25.260
swarm_2_193.pdb	13.885	22.433	0	25.059
swarm_6_80.pdb	4.376	13.457	0.344828	24.261
swarm_6_113.pdb	5.405	10.646	0.0172414	24.166
swarm_7_98.pdb	15.677	27.258	0	23.645
swarm_8_25.pdb	13.883	22.939	0	23.342
swarm_3_86.pdb	12.290	24.190	0.0172414	23.291
swarm_2_96.pdb	12.255	23.547	0	22.961
swarm_2_183.pdb	13.729	26.386	0	21.392
swarm_4_64.pdb	13.746	25.479	0.0344828	20.420
swarm_9_50.pdb	14.332	30.366	0	20.243
swarm_2_160.pdb	15.261	31.099	0.0517241	17.669
swarm_3_170.pdb	12.304	22.670	0	17.129
swarm_1_171.pdb	17.278	33.102	0	15.903
swarm_8_153.pdb	8.966	21.144	0	14.725
swarm_5_180.pdb	16.164	28.416	0	14.380
swarm_4_198.pdb	14.717	25.114	0	13.626
swarm_2_167.pdb	14.807	27.202	0.0344828	12.031
