run0-swarm_38_12.pdb	9.359	29.068	0	45.362
run0-swarm_12_16.pdb	9.688	27.043	0	44.572
run0-swarm_44_189.pdb	5.835	10.288	0.0727273	44.512
run0-swarm_42_117.pdb	9.968	28.064	0	43.513
run0-swarm_33_99.pdb	5.570	9.494	0.0545455	41.947
run0-swarm_18_152.pdb	9.967	29.278	0	40.506
run0-swarm_0_107.pdb	5.667	11.152	0.0727273	39.540
run0-swarm_35_3.pdb	9.807	26.189	0	38.948
run0-swarm_4_120.pdb	9.162	28.706	0	37.615
run0-swarm_9_63.pdb	5.275	11.623	0.218182	37.431
run0-swarm_37_111.pdb	5.174	9.794	0.0545455	36.004
run0-swarm_8_47.pdb	7.670	17.418	0	35.824
run0-swarm_8_91.pdb	11.439	27.290	0	34.503
run0-swarm_11_30.pdb	5.371	8.936	0.0909091	34.149
run0-swarm_2_135.pdb	11.119	31.766	0	31.068
run0-swarm_12_71.pdb	14.858	41.627	0	31.019
run0-swarm_41_114.pdb	3.383	12.390	0.381818	30.776
run0-swarm_10_36.pdb	7.985	15.233	0	30.399
run0-swarm_19_196.pdb	8.551	24.531	0.0363636	30.358
run0-swarm_18_90.pdb	9.083	21.789	0	30.299
run0-swarm_17_39.pdb	8.163	17.189	0	30.156
run0-swarm_19_94.pdb	8.928	16.866	0.0545455	30.086
run0-swarm_14_163.pdb	7.415	24.319	0.109091	29.919
run0-swarm_34_136.pdb	6.697	15.382	0.127273	29.510
run0-swarm_29_3.pdb	8.685	29.300	0	29.379
run0-swarm_3_143.pdb	6.080	20.193	0.0909091	29.040
run0-swarm_33_139.pdb	3.752	11.917	0.345455	28.777
run0-swarm_22_25.pdb	5.879	23.836	0.145455	28.466
run0-swarm_8_142.pdb	5.898	23.460	0.127273	28.014
run0-swarm_22_137.pdb	8.957	31.302	0	27.751
run0-swarm_20_199.pdb	6.598	15.934	0	27.658
run0-swarm_43_158.pdb	5.914	11.807	0.0545455	27.640
run0-swarm_45_128.pdb	7.480	16.547	0.163636	27.422
run0-swarm_20_158.pdb	12.102	27.508	0	27.357
run0-swarm_45_184.pdb	4.443	14.549	0.2	27.352
run0-swarm_50_98.pdb	6.225	21.019	0.163636	27.349
run0-swarm_25_127.pdb	8.808	16.351	0	27.199
run0-swarm_38_100.pdb	10.068	27.436	0	27.056
run0-swarm_35_108.pdb	6.276	12.343	0.0181818	27.054
run0-swarm_9_75.pdb	4.752	18.111	0.218182	26.917
run0-swarm_19_95.pdb	4.555	14.949	0.327273	26.744
run0-swarm_20_185.pdb	7.827	15.157	0.0727273	26.553
run0-swarm_13_33.pdb	7.322	14.843	0.0363636	26.417
run0-swarm_13_123.pdb	5.885	9.578	0	26.408
run0-swarm_26_92.pdb	6.754	15.881	0.0181818	26.367
run0-swarm_26_64.pdb	6.614	16.533	0.181818	26.339
run0-swarm_44_91.pdb	6.879	10.971	0	26.307
run0-swarm_43_132.pdb	6.152	10.041	0	26.028
run0-swarm_7_159.pdb	6.196	20.721	0.0727273	25.934
run0-swarm_48_103.pdb	5.089	19.307	0.2	25.743
run0-swarm_25_174.pdb	9.228	19.683	0	25.668
run0-swarm_24_2.pdb	6.666	13.404	0	25.639
run0-swarm_11_156.pdb	6.085	10.771	0	25.206
run0-swarm_23_65.pdb	10.547	27.920	0	25.072
run0-swarm_28_177.pdb	8.049	27.198	0.0181818	25.027
run0-swarm_41_158.pdb	6.984	9.552	0.0545455	24.638
run0-swarm_4_8.pdb	8.571	17.122	0.0363636	24.544
run0-swarm_46_51.pdb	5.893	15.363	0.0545455	24.411
run0-swarm_41_149.pdb	5.600	10.137	0	24.375
run0-swarm_41_153.pdb	5.365	12.378	0.181818	24.243
run0-swarm_34_192.pdb	4.492	14.582	0.163636	23.941
run0-swarm_36_176.pdb	9.061	29.313	0	23.885
run0-swarm_24_91.pdb	7.556	14.878	0	23.653
run0-swarm_9_170.pdb	9.874	17.216	0	23.473
run0-swarm_11_54.pdb	4.053	12.066	0.163636	22.578
run0-swarm_46_48.pdb	8.744	16.582	0.0363636	22.569
run0-swarm_26_145.pdb	5.589	20.967	0.145455	22.447
run0-swarm_6_124.pdb	6.921	23.219	0.0727273	22.371
run0-swarm_14_186.pdb	8.360	23.249	0.127273	22.032
run0-swarm_28_37.pdb	5.570	17.396	0.109091	21.718
run0-swarm_42_70.pdb	9.628	26.436	0	21.312
run0-swarm_12_54.pdb	9.838	25.627	0	21.098
run0-swarm_48_16.pdb	6.308	19.767	0.0909091	21.085
run0-swarm_0_163.pdb	9.954	22.109	0	20.952
run0-swarm_6_34.pdb	12.360	33.361	0.0181818	20.551
run0-swarm_43_185.pdb	3.395	9.050	0.454545	20.099
run0-swarm_41_56.pdb	4.761	8.687	0.145455	20.012
run0-swarm_43_168.pdb	7.435	11.892	0.0363636	19.386
run0-swarm_39_118.pdb	6.720	22.803	0.0545455	18.382
run0-swarm_21_66.pdb	5.660	22.468	0.127273	18.252
run0-swarm_34_13.pdb	5.846	16.302	0.0545455	17.592
run0-swarm_7_144.pdb	6.627	24.942	0.0545455	16.656
run0-swarm_49_94.pdb	9.054	15.938	0	15.886
run0-swarm_7_190.pdb	11.038	26.027	0.0181818	15.884
run0-swarm_5_52.pdb	9.117	29.003	0.0727273	14.458
run0-swarm_7_78.pdb	8.155	34.378	0	13.665
run0-swarm_39_28.pdb	7.823	28.689	0.0181818	12.957
