swarm_25_182.pdb	13.870	23.541	0.0181818	28.045
swarm_10_8.pdb	12.056	19.268	0	27.695
swarm_3_138.pdb	10.563	21.822	0.109091	27.649
swarm_19_94.pdb	9.210	22.234	0.0727273	27.319
swarm_9_169.pdb	12.609	21.063	0	27.228
swarm_24_186.pdb	11.072	23.347	0.0363636	26.882
swarm_43_178.pdb	12.162	19.929	0	26.519
swarm_46_73.pdb	14.365	25.723	0.0181818	26.486
swarm_50_73.pdb	8.451	19.218	0	26.084
swarm_46_94.pdb	15.493	24.758	0	25.917
swarm_11_122.pdb	12.414	18.738	0	25.243
swarm_44_5.pdb	14.009	20.908	0	24.870
swarm_22_191.pdb	8.420	29.594	0.0181818	24.870
swarm_37_136.pdb	12.099	23.651	0.0909091	24.841
swarm_7_187.pdb	15.879	28.583	0.0909091	24.627
swarm_33_92.pdb	8.299	14.714	0.127273	24.497
swarm_20_74.pdb	15.545	27.121	0	24.394
swarm_34_163.pdb	11.676	21.363	0.0727273	24.075
swarm_43_52.pdb	11.708	20.462	0.0181818	23.682
swarm_43_107.pdb	8.860	14.589	0.0545455	23.641
swarm_3_98.pdb	11.631	21.219	0.0909091	23.632
swarm_44_136.pdb	13.283	21.560	0	23.414
swarm_0_183.pdb	11.877	23.237	0.0363636	23.403
swarm_41_103.pdb	12.319	19.705	0	23.115
swarm_11_27.pdb	11.523	16.927	0	23.011
swarm_37_9.pdb	10.608	20.262	0.0909091	22.876
swarm_9_98.pdb	14.191	24.853	0.0727273	22.771
swarm_11_99.pdb	14.491	26.414	0.0363636	22.676
swarm_33_73.pdb	12.784	20.863	0.0181818	22.339
swarm_25_193.pdb	14.120	22.179	0	22.146
swarm_10_63.pdb	8.969	20.971	0.0545455	22.026
swarm_43_187.pdb	15.697	25.888	0.0363636	22.001
swarm_48_59.pdb	10.153	25.719	0	21.910
swarm_11_186.pdb	9.457	16.841	0.0545455	21.845
swarm_46_78.pdb	13.906	32.390	0.0181818	21.767
swarm_48_135.pdb	4.217	15.299	0.309091	21.754
swarm_43_111.pdb	14.627	22.216	0	21.701
swarm_11_193.pdb	11.269	19.749	0	21.570
swarm_48_27.pdb	15.263	25.167	0.0363636	21.270
swarm_41_149.pdb	10.709	18.686	0.0545455	21.070
swarm_39_166.pdb	18.142	39.267	0	21.049
swarm_35_162.pdb	14.637	32.449	0.0545455	21.004
swarm_21_178.pdb	16.218	33.578	0	20.882
swarm_35_109.pdb	15.953	33.056	0	20.564
swarm_33_15.pdb	10.947	16.284	0	20.529
swarm_48_179.pdb	13.223	34.264	0.0181818	20.407
swarm_26_23.pdb	12.674	19.771	0	20.332
swarm_9_115.pdb	5.525	10.533	0.218182	20.304
swarm_43_145.pdb	11.823	18.991	0	20.280
swarm_24_125.pdb	14.396	24.102	0	20.151
swarm_9_96.pdb	16.248	26.461	0.0727273	20.134
swarm_41_106.pdb	16.896	26.723	0.0909091	20.041
swarm_9_14.pdb	11.930	19.825	0.0363636	19.917
swarm_17_43.pdb	14.179	29.243	0	19.890
swarm_11_115.pdb	9.901	21.572	0	19.834
swarm_25_185.pdb	7.081	13.550	0	19.798
swarm_39_136.pdb	7.992	26.647	0.0909091	19.545
swarm_0_80.pdb	13.238	23.717	0	19.423
swarm_43_11.pdb	14.656	22.780	0	19.233
swarm_25_134.pdb	10.922	20.959	0.0181818	19.179
swarm_37_98.pdb	10.299	21.755	0.0181818	19.106
swarm_13_37.pdb	11.117	20.367	0	18.742
swarm_45_115.pdb	14.670	22.564	0	18.573
swarm_11_151.pdb	14.276	22.801	0	18.541
swarm_3_128.pdb	11.253	20.759	0	18.529
swarm_34_166.pdb	16.816	27.411	0.0545455	18.512
swarm_41_172.pdb	8.228	15.712	0.0727273	18.434
swarm_24_136.pdb	13.457	24.660	0	18.342
swarm_26_198.pdb	5.379	15.093	0.181818	18.243
swarm_11_13.pdb	9.710	17.437	0.0363636	18.048
swarm_28_82.pdb	7.617	22.621	0.0363636	18.037
swarm_44_121.pdb	14.665	23.678	0.0181818	17.978
swarm_34_93.pdb	15.127	25.496	0.0363636	17.967
swarm_13_67.pdb	10.004	18.694	0.0181818	17.825
swarm_44_122.pdb	13.799	19.441	0	17.497
swarm_11_34.pdb	13.287	19.187	0	17.292
swarm_17_88.pdb	11.095	20.442	0	17.200
swarm_19_22.pdb	13.310	25.823	0	17.189
swarm_24_12.pdb	9.091	20.809	0.0181818	17.171
swarm_11_15.pdb	14.110	23.613	0	16.963
swarm_50_178.pdb	14.485	24.138	0	16.903
swarm_34_10.pdb	10.541	22.955	0.0909091	16.900
swarm_33_152.pdb	11.923	19.139	0	16.880
swarm_3_41.pdb	13.477	21.969	0	16.838
swarm_50_80.pdb	10.128	16.922	0.0545455	16.744
swarm_46_150.pdb	11.539	22.694	0	16.635
swarm_46_56.pdb	9.879	21.124	0	16.463
swarm_21_33.pdb	14.666	34.487	0	16.415
swarm_13_160.pdb	15.289	25.392	0	16.400
swarm_0_81.pdb	14.462	24.745	0	16.392
swarm_1_90.pdb	16.074	37.673	0	16.353
swarm_9_178.pdb	14.727	25.880	0	16.213
swarm_13_190.pdb	14.539	23.531	0	16.145
swarm_41_87.pdb	12.454	20.070	0	15.897
swarm_4_159.pdb	9.821	18.462	0	15.825
swarm_50_42.pdb	15.570	25.208	0	15.772
swarm_26_179.pdb	11.769	23.783	0.0181818	15.721
swarm_41_20.pdb	14.727	23.369	0	15.689
swarm_34_171.pdb	16.067	25.257	0	15.643
swarm_9_22.pdb	9.648	16.755	0	15.527
swarm_3_118.pdb	13.893	21.682	0	15.480
swarm_45_186.pdb	14.941	24.945	0	15.344
swarm_10_11.pdb	14.585	25.632	0	15.211
swarm_41_37.pdb	9.947	18.171	0	15.201
swarm_7_4.pdb	6.278	21.242	0.109091	15.093
swarm_44_149.pdb	12.612	19.748	0	15.083
swarm_13_149.pdb	11.784	19.046	0.0181818	14.968
swarm_9_18.pdb	8.260	12.367	0.0181818	14.608
swarm_0_88.pdb	11.612	22.824	0	14.075
swarm_7_15.pdb	11.285	21.950	0	13.954
swarm_50_6.pdb	13.591	27.214	0	13.852
swarm_41_97.pdb	14.713	24.203	0.0545455	13.483
swarm_48_3.pdb	12.986	25.509	0	13.479
swarm_26_168.pdb	13.036	25.404	0	13.437
swarm_37_4.pdb	15.722	24.780	0.0181818	12.984
swarm_36_69.pdb	10.148	32.940	0	12.337
swarm_46_40.pdb	14.875	23.084	0	11.983
swarm_45_19.pdb	16.915	25.468	0.0545455	11.966
swarm_41_23.pdb	15.328	24.651	0	11.251
swarm_45_48.pdb	5.867	12.371	0.127273	11.177
swarm_10_22.pdb	13.333	22.387	0	11.091
swarm_21_72.pdb	16.062	28.751	0.0909091	8.286
swarm_1_194.pdb	15.538	39.539	0	8.037
swarm_39_189.pdb	11.771	26.611	0.0181818	7.856
swarm_44_177.pdb	12.372	20.920	0.0363636	7.129
swarm_9_164.pdb	14.906	25.814	0	5.974
swarm_26_148.pdb	14.733	25.292	0.0181818	5.829
swarm_11_32.pdb	14.962	24.630	0	3.693
swarm_35_31.pdb	12.682	26.805	0.0181818	3.604
swarm_15_5.pdb	8.061	26.989	0.0363636	2.478
