swarm_19_49.pdb	7.409	11.132	0.0727273	34.942
swarm_27_83.pdb	8.266	13.579	0.0181818	32.303
swarm_7_171.pdb	12.526	20.029	0	31.952
swarm_7_159.pdb	5.471	13.739	0.0909091	31.900
swarm_0_88.pdb	5.069	12.262	0.109091	31.641
swarm_8_145.pdb	11.813	21.139	0	31.297
swarm_31_12.pdb	12.102	18.662	0	29.842
swarm_26_81.pdb	9.085	16.784	0	29.708
swarm_25_121.pdb	9.027	16.823	0	28.451
swarm_13_176.pdb	6.749	13.004	0.127273	26.695
swarm_11_6.pdb	12.801	20.576	0	25.759
swarm_16_61.pdb	6.240	15.851	0.0727273	24.315
swarm_25_113.pdb	10.853	17.859	0	24.305
swarm_19_32.pdb	9.259	15.785	0	23.238
swarm_22_181.pdb	10.868	22.613	0	23.229
swarm_23_64.pdb	11.380	17.405	0	23.067
swarm_25_46.pdb	6.796	12.367	0.163636	22.311
swarm_2_137.pdb	12.933	30.005	0	21.373
swarm_3_19.pdb	12.095	23.212	0	19.058
swarm_11_53.pdb	9.112	19.773	0	18.268
swarm_31_17.pdb	11.277	19.051	0	18.111
swarm_11_32.pdb	14.698	24.266	0	16.855
swarm_14_131.pdb	15.869	38.134	0	16.503
swarm_16_135.pdb	10.801	17.486	0	16.092
swarm_31_104.pdb	5.514	10.695	0.163636	15.975
swarm_33_107.pdb	13.976	33.444	0	3.319
