swarm_0_142.pdb	14.793	22.586	0.0232558	61.138
swarm_9_138.pdb	4.511	12.864	0.139535	53.250
swarm_0_21.pdb	7.787	15.777	0.232558	50.964
swarm_2_0.pdb	10.567	18.947	0	50.463
swarm_3_148.pdb	8.545	16.644	0	49.561
swarm_8_150.pdb	15.223	23.484	0.0232558	48.804
swarm_4_13.pdb	14.967	23.608	0.0232558	48.421
swarm_3_9.pdb	15.651	24.948	0	47.303
swarm_1_108.pdb	3.811	7.411	0.209302	46.154
swarm_7_78.pdb	14.223	22.485	0.0232558	46.015
swarm_1_50.pdb	9.385	18.949	0	44.231
swarm_0_155.pdb	10.661	18.409	0	43.882
swarm_8_35.pdb	10.234	14.910	0	43.473
swarm_5_144.pdb	14.269	29.630	0.0465116	43.212
swarm_2_16.pdb	6.856	13.939	0.0697674	42.784
swarm_2_66.pdb	5.599	11.743	0.139535	42.417
swarm_6_128.pdb	5.468	10.651	0.116279	42.211
swarm_8_85.pdb	10.214	16.762	0	41.945
swarm_0_119.pdb	16.196	24.092	0.0465116	41.836
swarm_6_98.pdb	11.538	21.084	0.0465116	39.885
swarm_4_23.pdb	6.000	12.784	0.139535	39.340
swarm_8_155.pdb	10.337	17.776	0	39.082
swarm_1_52.pdb	12.539	21.087	0	38.835
swarm_2_34.pdb	11.612	17.825	0	38.780
swarm_4_44.pdb	11.337	23.420	0.0930233	38.590
swarm_5_109.pdb	9.363	22.365	0	38.407
swarm_3_85.pdb	13.886	23.215	0	38.188
swarm_3_130.pdb	13.866	20.810	0	37.601
swarm_4_148.pdb	15.851	25.412	0	37.525
swarm_8_132.pdb	7.802	14.811	0.0465116	37.117
swarm_8_58.pdb	11.998	17.920	0	36.726
swarm_8_95.pdb	16.819	23.750	0	36.227
swarm_6_110.pdb	10.958	16.524	0	35.707
swarm_6_156.pdb	14.513	24.707	0.0232558	35.264
swarm_8_127.pdb	11.651	21.167	0.116279	34.643
swarm_7_140.pdb	11.356	20.330	0.0465116	34.640
swarm_6_114.pdb	9.011	14.614	0	34.164
swarm_2_114.pdb	10.589	22.150	0	34.039
swarm_6_10.pdb	14.354	22.952	0.0465116	33.957
swarm_3_124.pdb	15.152	31.337	0.0697674	33.937
swarm_4_164.pdb	15.789	26.964	0.0232558	33.695
swarm_0_84.pdb	13.921	25.944	0.0930233	33.399
swarm_6_177.pdb	13.494	21.495	0	33.300
swarm_7_1.pdb	11.998	18.981	0	33.108
swarm_8_76.pdb	13.808	21.112	0	32.933
swarm_1_168.pdb	16.897	27.118	0.0232558	32.712
swarm_5_110.pdb	10.522	21.577	0	32.640
swarm_0_112.pdb	15.005	23.895	0	31.839
swarm_9_191.pdb	14.388	33.476	0	31.414
swarm_9_137.pdb	9.737	25.905	0	31.056
swarm_1_113.pdb	14.442	29.162	0	31.021
swarm_4_19.pdb	13.532	20.313	0	29.285
swarm_7_157.pdb	4.025	8.518	0.372093	29.164
swarm_1_197.pdb	10.063	19.663	0	28.744
swarm_3_48.pdb	14.945	28.117	0	28.241
swarm_6_166.pdb	11.108	21.392	0.0465116	28.114
swarm_7_132.pdb	13.046	22.103	0	27.868
swarm_9_62.pdb	9.618	20.865	0	27.700
swarm_9_124.pdb	7.515	19.160	0	27.128
swarm_6_168.pdb	16.052	28.399	0	26.896
swarm_3_47.pdb	14.115	24.507	0	26.661
swarm_8_197.pdb	12.063	18.675	0	26.645
swarm_4_182.pdb	13.271	23.890	0	26.571
swarm_9_156.pdb	10.371	24.783	0	26.540
swarm_4_69.pdb	14.413	21.154	0	26.509
swarm_3_50.pdb	12.682	25.700	0	26.365
swarm_7_35.pdb	16.942	24.260	0.0232558	26.290
swarm_1_42.pdb	9.091	16.468	0	26.065
swarm_2_79.pdb	8.973	17.074	0.0465116	25.747
swarm_1_167.pdb	16.469	29.615	0	25.514
swarm_6_149.pdb	13.417	20.332	0	25.363
swarm_9_192.pdb	12.381	26.104	0	24.563
swarm_7_148.pdb	15.561	22.337	0	24.223
swarm_2_164.pdb	14.081	23.171	0.0232558	24.215
swarm_6_100.pdb	16.640	26.937	0	23.395
swarm_7_13.pdb	9.328	16.744	0.0697674	23.288
swarm_7_170.pdb	14.228	23.680	0	23.212
swarm_5_46.pdb	14.469	28.166	0	23.008
swarm_1_73.pdb	17.183	26.035	0	22.972
swarm_8_93.pdb	16.683	25.910	0	22.553
swarm_3_146.pdb	16.079	30.926	0	22.445
swarm_0_32.pdb	14.896	23.779	0	21.458
swarm_8_52.pdb	11.495	17.983	0	20.838
swarm_4_172.pdb	16.057	25.942	0	20.140
swarm_9_118.pdb	15.368	27.425	0	19.801
swarm_6_9.pdb	16.689	27.214	0	19.594
swarm_6_192.pdb	12.678	19.377	0	19.404
swarm_9_175.pdb	17.124	32.283	0	18.595
swarm_3_22.pdb	12.237	23.259	0	18.140
swarm_0_15.pdb	16.569	23.457	0	17.885
swarm_3_168.pdb	14.533	29.650	0.0232558	16.922
swarm_7_95.pdb	11.977	19.574	0	16.659
swarm_5_15.pdb	15.191	29.256	0	16.319
swarm_2_25.pdb	15.797	26.130	0	15.922
swarm_5_157.pdb	16.670	38.332	0	15.358
swarm_2_151.pdb	14.004	20.866	0	15.263
swarm_2_57.pdb	14.982	22.351	0	15.006
swarm_7_118.pdb	11.432	17.414	0	14.450
swarm_1_172.pdb	6.478	18.784	0.0232558	14.379
swarm_2_199.pdb	8.429	14.129	0	13.704
swarm_9_27.pdb	14.043	26.525	0	10.961
swarm_3_189.pdb	13.275	23.032	0	2.637
