swarm_31_163.pdb	15.624	25.844	0	44.910
swarm_33_116.pdb	15.955	23.775	0.0232558	40.394
swarm_18_14.pdb	10.225	20.172	0.0465116	39.377
swarm_12_182.pdb	9.895	18.992	0	39.053
swarm_59_35.pdb	15.864	23.174	0.0232558	38.303
swarm_64_14.pdb	4.527	6.695	0.232558	38.041
swarm_29_78.pdb	14.224	23.890	0.0232558	37.756
swarm_2_120.pdb	13.690	23.377	0	37.731
swarm_36_113.pdb	5.362	11.277	0.0465116	37.699
swarm_43_128.pdb	7.119	16.900	0.0232558	37.362
swarm_66_118.pdb	16.556	24.402	0.0232558	37.081
swarm_12_25.pdb	7.363	12.408	0	37.060
swarm_62_97.pdb	16.330	25.730	0	37.046
swarm_40_37.pdb	14.114	21.556	0.116279	37.020
swarm_64_59.pdb	15.019	24.430	0	36.891
swarm_61_75.pdb	15.684	23.809	0.0232558	36.852
swarm_31_116.pdb	4.846	16.274	0.0465116	36.727
swarm_64_196.pdb	16.658	23.699	0.0465116	36.711
swarm_55_115.pdb	14.329	25.613	0	36.372
swarm_67_43.pdb	15.447	23.768	0.0697674	35.977
swarm_68_124.pdb	15.175	22.534	0.0232558	35.930
swarm_73_170.pdb	5.342	17.480	0.0465116	35.806
swarm_29_101.pdb	11.990	21.816	0	35.534
swarm_59_120.pdb	15.598	23.567	0.0697674	35.427
swarm_10_130.pdb	7.323	20.359	0.0697674	35.288
swarm_23_162.pdb	15.177	22.561	0	35.167
swarm_18_6.pdb	7.394	13.208	0.0232558	35.038
swarm_81_125.pdb	3.284	6.095	0.325581	34.739
swarm_23_149.pdb	12.675	20.896	0.0232558	34.457
swarm_64_34.pdb	3.629	7.938	0.27907	34.365
swarm_2_11.pdb	6.654	11.168	0.116279	34.328
swarm_36_161.pdb	15.509	23.882	0.0697674	34.111
swarm_21_16.pdb	17.062	25.041	0	33.965
swarm_57_76.pdb	8.651	22.601	0.0697674	33.864
swarm_26_94.pdb	10.789	17.183	0	33.842
swarm_46_180.pdb	5.213	12.762	0.139535	33.806
swarm_68_14.pdb	4.621	11.368	0.186047	33.688
swarm_20_78.pdb	9.928	22.084	0	33.539
swarm_84_133.pdb	14.040	22.221	0.0697674	33.062
swarm_59_106.pdb	7.593	18.127	0	33.054
swarm_63_67.pdb	6.015	15.817	0	32.989
swarm_12_190.pdb	8.927	16.270	0.0697674	32.922
swarm_66_154.pdb	15.029	25.608	0	32.887
swarm_61_165.pdb	13.828	20.620	0	32.634
swarm_84_2.pdb	6.078	11.491	0.162791	32.632
swarm_81_170.pdb	8.176	12.193	0	32.417
swarm_84_155.pdb	6.732	16.106	0.0232558	32.339
swarm_34_41.pdb	15.416	27.160	0.0232558	32.338
swarm_26_62.pdb	14.360	22.662	0.0465116	32.334
swarm_66_21.pdb	10.069	15.955	0	32.316
swarm_21_133.pdb	6.011	10.549	0.232558	32.261
swarm_30_139.pdb	13.741	23.007	0.0697674	32.076
swarm_64_7.pdb	13.025	21.873	0	31.966
swarm_67_65.pdb	5.381	13.170	0.186047	31.809
swarm_1_125.pdb	14.441	23.363	0.0232558	31.618
swarm_29_192.pdb	12.921	23.435	0	31.420
swarm_65_105.pdb	15.970	23.751	0	31.303
swarm_68_188.pdb	15.389	22.630	0.0232558	31.291
swarm_5_109.pdb	7.405	15.837	0.186047	31.281
swarm_34_169.pdb	13.800	22.595	0	31.221
swarm_69_115.pdb	5.127	17.223	0.0465116	31.193
swarm_36_180.pdb	11.976	22.601	0	31.151
swarm_66_122.pdb	15.485	22.708	0	31.135
swarm_40_35.pdb	8.765	15.422	0.116279	30.993
swarm_21_4.pdb	16.316	23.622	0.0697674	30.973
swarm_23_50.pdb	10.685	16.738	0	30.934
swarm_29_163.pdb	13.736	24.153	0.0465116	30.923
swarm_40_20.pdb	4.074	7.900	0.302326	30.912
swarm_43_162.pdb	15.347	23.332	0.0232558	30.876
swarm_12_111.pdb	16.320	24.678	0.0232558	30.854
swarm_2_10.pdb	10.374	15.681	0	30.838
swarm_21_134.pdb	9.009	14.132	0	30.803
swarm_62_175.pdb	7.218	15.909	0.0697674	30.720
swarm_22_85.pdb	13.616	23.451	0.0465116	30.671
swarm_63_34.pdb	13.695	24.811	0	30.652
swarm_2_60.pdb	13.614	22.639	0.0465116	30.524
swarm_12_108.pdb	10.057	20.566	0.0232558	30.523
swarm_29_144.pdb	6.432	20.422	0	30.450
swarm_2_54.pdb	7.343	10.580	0	30.431
swarm_51_56.pdb	16.779	31.100	0.0697674	30.357
swarm_1_101.pdb	11.898	20.409	0	30.333
swarm_5_80.pdb	4.720	9.112	0.302326	30.067
swarm_35_17.pdb	6.438	23.574	0.0232558	30.032
swarm_55_165.pdb	13.815	23.421	0	30.015
swarm_22_199.pdb	7.937	24.371	0	29.997
swarm_83_150.pdb	9.719	24.045	0.0930233	29.995
swarm_84_173.pdb	7.059	12.400	0.27907	29.991
swarm_54_18.pdb	11.782	19.538	0	29.937
swarm_62_89.pdb	9.473	19.423	0	29.792
swarm_1_189.pdb	9.463	19.050	0	29.760
swarm_57_152.pdb	10.408	20.270	0	29.686
swarm_2_62.pdb	13.333	21.436	0	29.654
swarm_68_178.pdb	14.066	21.070	0.0697674	29.650
swarm_45_189.pdb	11.522	24.299	0	29.573
swarm_7_63.pdb	10.178	24.530	0	29.443
swarm_54_61.pdb	11.287	23.917	0.116279	29.379
swarm_68_64.pdb	11.787	19.820	0	29.330
swarm_55_100.pdb	15.253	26.762	0	29.026
swarm_1_148.pdb	14.752	22.849	0.0232558	28.997
swarm_62_107.pdb	11.986	21.274	0	28.969
swarm_76_138.pdb	12.522	23.557	0.0232558	28.913
swarm_26_129.pdb	15.139	24.254	0.0697674	28.890
swarm_64_150.pdb	10.608	15.552	0	28.878
swarm_68_131.pdb	16.840	23.713	0	28.808
swarm_66_121.pdb	9.962	19.461	0.0697674	28.698
swarm_51_143.pdb	8.833	18.983	0.0232558	28.684
swarm_70_103.pdb	17.085	42.433	0.0697674	28.677
swarm_37_0.pdb	16.705	36.803	0.0930233	28.626
swarm_84_111.pdb	14.651	24.442	0.0697674	28.441
swarm_20_191.pdb	11.517	25.551	0.0697674	28.437
swarm_2_144.pdb	10.599	19.916	0.0232558	28.416
swarm_33_18.pdb	10.656	16.472	0	28.396
swarm_12_159.pdb	6.269	12.960	0.116279	28.347
swarm_16_35.pdb	11.885	22.892	0.0930233	28.257
swarm_66_52.pdb	14.315	21.964	0.0465116	28.213
swarm_34_23.pdb	8.638	16.195	0.0232558	28.142
swarm_1_198.pdb	15.483	27.040	0	28.141
swarm_34_24.pdb	9.699	15.734	0	28.059
swarm_33_14.pdb	16.304	24.136	0.0697674	28.008
swarm_6_129.pdb	13.043	22.201	0.139535	27.933
swarm_31_13.pdb	16.862	27.300	0	27.879
swarm_29_9.pdb	12.136	26.418	0.0697674	27.838
swarm_26_198.pdb	5.485	10.041	0.116279	27.815
swarm_21_176.pdb	9.422	14.826	0	27.813
swarm_30_16.pdb	7.373	23.393	0.0465116	27.727
swarm_54_54.pdb	13.887	27.487	0	27.725
swarm_62_141.pdb	11.659	23.501	0.0232558	27.719
swarm_2_140.pdb	14.593	23.349	0	27.653
swarm_39_128.pdb	18.064	37.091	0.0930233	27.565
swarm_57_154.pdb	12.824	29.693	0.0930233	27.557
swarm_12_148.pdb	14.946	23.781	0	27.553
swarm_81_128.pdb	14.719	22.362	0.0232558	27.534
swarm_34_59.pdb	13.089	24.004	0	27.422
swarm_45_114.pdb	14.644	23.601	0.0465116	27.402
swarm_39_154.pdb	15.922	33.943	0.0930233	27.395
swarm_12_26.pdb	9.825	15.884	0	27.338
swarm_60_187.pdb	11.921	18.938	0	27.298
swarm_53_145.pdb	9.471	24.716	0.0697674	27.278
swarm_33_70.pdb	10.184	18.703	0.0465116	27.199
swarm_37_169.pdb	10.190	24.125	0	27.097
swarm_12_14.pdb	9.644	15.443	0	27.076
swarm_35_64.pdb	8.269	18.233	0.0232558	27.069
swarm_1_31.pdb	7.466	17.601	0.0232558	26.910
swarm_55_133.pdb	11.096	21.880	0.0697674	26.903
swarm_1_26.pdb	14.698	25.550	0	26.896
swarm_60_167.pdb	8.791	18.281	0.0930233	26.762
swarm_21_61.pdb	11.563	20.519	0.0232558	26.759
swarm_1_69.pdb	13.735	25.219	0.0465116	26.725
swarm_60_24.pdb	8.497	19.217	0.186047	26.723
swarm_42_113.pdb	18.228	38.321	0.0930233	26.618
swarm_59_125.pdb	16.446	24.443	0	26.612
swarm_81_27.pdb	5.502	9.561	0.0697674	26.531
swarm_7_50.pdb	5.392	12.829	0.0232558	26.337
swarm_13_31.pdb	9.210	19.847	0	26.298
swarm_61_4.pdb	8.487	17.189	0.0465116	26.157
swarm_69_52.pdb	14.734	27.347	0	26.055
swarm_60_83.pdb	13.970	22.999	0	25.988
swarm_12_13.pdb	11.020	16.913	0	25.981
swarm_20_185.pdb	15.584	25.721	0	25.956
swarm_76_95.pdb	11.427	22.841	0.0697674	25.890
swarm_7_118.pdb	14.954	29.987	0.0232558	25.823
swarm_24_5.pdb	7.389	16.828	0.0232558	25.822
swarm_23_14.pdb	8.160	16.368	0.0930233	25.776
swarm_24_177.pdb	11.184	21.616	0	25.701
swarm_35_93.pdb	10.624	25.106	0.0232558	25.637
swarm_5_46.pdb	9.669	23.693	0	25.417
swarm_14_75.pdb	12.295	27.554	0	25.351
swarm_63_187.pdb	17.004	28.416	0.0697674	25.324
swarm_54_100.pdb	11.883	20.218	0	25.172
swarm_33_62.pdb	13.621	23.081	0.0697674	25.169
swarm_66_1.pdb	8.574	14.376	0	25.094
swarm_23_104.pdb	10.737	16.457	0	25.078
swarm_28_82.pdb	15.374	23.455	0.0465116	24.993
swarm_36_2.pdb	12.541	19.270	0	24.988
swarm_63_47.pdb	7.352	26.817	0	24.903
swarm_67_139.pdb	14.829	24.052	0.0232558	24.874
swarm_26_3.pdb	10.523	19.691	0.0930233	24.783
swarm_36_111.pdb	12.312	20.274	0	24.781
swarm_28_38.pdb	10.286	18.808	0	24.708
swarm_60_188.pdb	11.816	21.042	0.0697674	24.672
swarm_7_148.pdb	13.267	22.796	0.0465116	24.668
swarm_69_66.pdb	8.022	24.516	0	24.592
swarm_30_96.pdb	15.099	25.923	0	24.585
swarm_4_65.pdb	13.105	25.348	0	24.498
swarm_30_36.pdb	15.377	27.142	0	24.457
swarm_15_57.pdb	8.996	16.546	0	24.310
swarm_20_98.pdb	15.696	23.842	0	24.225
swarm_20_177.pdb	6.648	11.806	0	24.218
swarm_34_94.pdb	10.068	20.362	0.0697674	24.104
swarm_81_8.pdb	12.765	19.884	0	24.045
swarm_26_66.pdb	11.622	22.638	0.0232558	24.038
swarm_35_136.pdb	16.111	32.427	0.0465116	23.909
swarm_55_56.pdb	13.264	25.262	0	23.872
swarm_7_144.pdb	12.873	25.681	0	23.771
swarm_33_40.pdb	12.565	24.055	0	23.644
swarm_26_137.pdb	16.887	26.566	0	23.636
swarm_60_197.pdb	10.855	17.148	0	23.613
swarm_14_80.pdb	9.145	21.546	0.0465116	23.578
swarm_63_126.pdb	17.541	35.818	0.0697674	23.426
swarm_54_148.pdb	15.903	28.274	0	23.407
swarm_72_89.pdb	8.902	24.887	0	23.399
swarm_26_136.pdb	13.188	22.131	0	23.315
swarm_4_13.pdb	15.860	28.388	0	23.267
swarm_61_84.pdb	15.954	24.523	0.0232558	23.222
swarm_36_64.pdb	10.923	22.279	0	23.129
swarm_57_7.pdb	12.275	25.634	0.0697674	23.100
swarm_51_46.pdb	12.987	22.547	0.0232558	23.096
swarm_81_165.pdb	14.803	23.379	0	23.094
swarm_37_127.pdb	16.067	31.915	0.116279	22.992
swarm_66_126.pdb	17.557	25.884	0	22.952
swarm_72_190.pdb	17.601	31.448	0	22.900
swarm_84_65.pdb	9.370	17.328	0	22.873
swarm_26_163.pdb	13.424	22.786	0.0232558	22.850
swarm_53_60.pdb	11.887	23.228	0	22.847
swarm_2_162.pdb	12.099	18.403	0	22.830
swarm_40_45.pdb	9.469	22.365	0	22.764
swarm_54_128.pdb	13.366	21.781	0	22.762
swarm_28_190.pdb	14.612	26.667	0.0232558	22.723
swarm_8_108.pdb	11.223	27.469	0.0232558	22.598
swarm_37_99.pdb	11.173	28.404	0	22.576
swarm_34_193.pdb	11.362	23.375	0.0930233	22.502
swarm_76_191.pdb	12.914	23.876	0.0232558	22.466
swarm_5_55.pdb	11.876	19.962	0	22.442
swarm_63_133.pdb	12.785	26.272	0	22.410
swarm_61_67.pdb	11.908	19.425	0	22.383
swarm_83_189.pdb	13.204	27.413	0.0232558	22.328
swarm_63_159.pdb	7.937	19.731	0.0465116	22.185
swarm_21_103.pdb	4.486	8.111	0.116279	22.131
swarm_14_167.pdb	15.358	26.415	0	22.064
swarm_61_141.pdb	12.672	24.268	0.0232558	21.805
swarm_23_123.pdb	16.870	24.704	0	21.794
swarm_4_80.pdb	14.585	25.744	0.116279	21.755
swarm_34_120.pdb	6.877	12.450	0.139535	21.688
swarm_36_68.pdb	13.622	23.222	0	21.663
swarm_2_113.pdb	13.000	21.503	0.0232558	21.622
swarm_68_100.pdb	13.486	20.375	0	21.560
swarm_42_91.pdb	9.800	30.445	0	21.529
swarm_25_155.pdb	13.269	29.796	0.0232558	21.501
swarm_14_195.pdb	12.663	22.608	0	21.455
swarm_53_5.pdb	10.131	18.396	0	21.406
swarm_66_193.pdb	12.085	18.348	0	21.375
swarm_28_51.pdb	12.822	19.479	0	21.309
swarm_52_158.pdb	10.890	19.595	0	21.225
swarm_59_32.pdb	12.836	20.541	0	21.224
swarm_61_8.pdb	7.174	18.519	0.162791	21.211
swarm_36_25.pdb	12.526	20.282	0	21.156
swarm_84_156.pdb	15.099	26.398	0	21.041
swarm_71_110.pdb	11.936	39.089	0	20.972
swarm_81_135.pdb	12.943	21.975	0	20.959
swarm_4_23.pdb	10.483	19.674	0	20.948
swarm_24_76.pdb	15.861	25.296	0	20.926
swarm_18_128.pdb	12.091	21.898	0	20.903
swarm_66_147.pdb	15.415	26.068	0	20.872
swarm_15_51.pdb	17.064	25.889	0.0465116	20.827
swarm_39_102.pdb	8.378	28.326	0	20.724
swarm_82_49.pdb	10.435	21.418	0	20.700
swarm_18_93.pdb	13.090	24.635	0	20.698
swarm_4_53.pdb	14.201	24.040	0	20.634
swarm_53_23.pdb	10.744	20.450	0	20.566
swarm_81_130.pdb	14.035	21.873	0	20.547
swarm_5_62.pdb	16.681	25.114	0	20.482
swarm_36_39.pdb	13.627	20.474	0.0232558	20.460
swarm_20_51.pdb	12.946	27.282	0.0232558	20.437
swarm_18_143.pdb	10.736	18.237	0.0465116	20.350
swarm_83_166.pdb	12.218	21.007	0	20.295
swarm_28_128.pdb	17.170	25.985	0	20.294
swarm_63_157.pdb	16.131	32.171	0.0697674	20.254
swarm_35_191.pdb	17.633	35.867	0	20.237
swarm_13_47.pdb	14.140	30.712	0	20.113
swarm_21_185.pdb	13.675	22.251	0	20.081
swarm_51_90.pdb	13.555	22.217	0	20.072
swarm_2_178.pdb	13.035	23.133	0	20.045
swarm_62_80.pdb	13.168	28.139	0.0232558	20.036
swarm_31_156.pdb	13.742	23.954	0	19.926
swarm_51_125.pdb	16.720	34.322	0.0465116	19.856
swarm_20_126.pdb	13.825	27.679	0.0930233	19.838
swarm_52_78.pdb	12.044	29.523	0	19.793
swarm_61_48.pdb	12.935	22.530	0	19.727
swarm_40_146.pdb	16.882	24.799	0.0465116	19.700
swarm_23_129.pdb	13.833	20.765	0	19.676
swarm_63_84.pdb	15.310	28.640	0	19.562
swarm_37_1.pdb	17.686	30.928	0	19.548
swarm_55_143.pdb	11.612	25.129	0	19.538
swarm_37_176.pdb	14.421	32.112	0	19.511
swarm_7_166.pdb	14.125	26.915	0	19.466
swarm_6_118.pdb	14.090	23.710	0	19.239
swarm_24_21.pdb	15.983	25.087	0	19.206
swarm_60_130.pdb	13.360	23.801	0	19.165
swarm_30_112.pdb	13.362	26.864	0	19.060
swarm_31_149.pdb	13.310	26.155	0	19.033
swarm_84_118.pdb	16.798	26.310	0	19.021
swarm_30_69.pdb	13.288	21.562	0	18.998
swarm_54_153.pdb	17.810	27.211	0	18.976
swarm_1_149.pdb	9.088	16.478	0	18.969
swarm_62_37.pdb	14.197	27.411	0	18.890
swarm_55_160.pdb	12.873	30.257	0.0697674	18.838
swarm_52_152.pdb	13.000	22.980	0.0697674	18.809
swarm_32_187.pdb	14.997	24.685	0	18.802
swarm_6_134.pdb	17.510	26.262	0	18.656
swarm_68_62.pdb	9.561	14.400	0	18.632
swarm_33_89.pdb	14.583	26.736	0	18.605
swarm_63_10.pdb	15.875	32.680	0.0465116	18.598
swarm_15_183.pdb	10.988	19.895	0.0232558	18.583
swarm_29_108.pdb	16.287	30.775	0.0697674	18.573
swarm_7_105.pdb	12.962	25.194	0	18.532
swarm_65_31.pdb	17.277	30.376	0	18.416
swarm_54_3.pdb	15.065	25.713	0	18.369
swarm_69_92.pdb	15.256	33.859	0.0465116	18.338
swarm_18_176.pdb	15.491	23.124	0	18.321
swarm_21_192.pdb	12.911	20.014	0	18.258
swarm_30_161.pdb	14.278	27.781	0	18.244
swarm_53_150.pdb	13.907	23.625	0	18.213
swarm_37_187.pdb	10.596	25.879	0	18.056
swarm_57_103.pdb	15.241	29.972	0.0465116	18.043
swarm_76_71.pdb	13.497	31.534	0.0465116	17.983
swarm_1_80.pdb	11.830	22.198	0	17.869
swarm_62_22.pdb	11.196	21.420	0	17.763
swarm_70_116.pdb	17.451	42.362	0	17.756
swarm_18_56.pdb	16.053	25.532	0	17.731
swarm_28_36.pdb	14.724	21.300	0	17.706
swarm_4_163.pdb	13.064	21.709	0	17.637
swarm_12_65.pdb	14.953	22.224	0	17.597
swarm_30_199.pdb	16.436	27.544	0	17.513
swarm_16_49.pdb	16.079	35.184	0.0697674	17.480
swarm_32_11.pdb	10.014	21.497	0.0697674	17.463
swarm_64_147.pdb	13.312	20.780	0	17.354
swarm_76_31.pdb	16.776	29.634	0	17.323
swarm_16_166.pdb	15.410	27.413	0	17.249
swarm_51_30.pdb	15.160	26.714	0	17.226
swarm_33_76.pdb	17.662	26.487	0	17.085
swarm_28_31.pdb	8.282	14.215	0.186047	16.981
swarm_26_192.pdb	13.243	20.367	0	16.970
swarm_29_112.pdb	11.042	22.836	0	16.914
swarm_67_157.pdb	7.912	19.726	0	16.908
swarm_68_12.pdb	14.434	21.501	0	16.863
swarm_19_161.pdb	16.724	31.448	0.0697674	16.854
swarm_26_133.pdb	13.008	21.707	0.0232558	16.761
swarm_84_97.pdb	16.211	28.573	0	16.747
swarm_64_143.pdb	12.684	22.489	0.0232558	16.499
swarm_81_100.pdb	13.726	22.419	0.0232558	16.467
swarm_54_101.pdb	15.391	24.529	0	16.458
swarm_67_2.pdb	5.341	19.607	0.116279	16.323
swarm_12_174.pdb	13.416	20.394	0	16.187
swarm_66_56.pdb	11.967	22.956	0	16.149
swarm_39_78.pdb	15.223	31.641	0	16.048
swarm_7_57.pdb	13.256	23.142	0	16.018
swarm_17_40.pdb	15.149	28.189	0	15.757
swarm_23_188.pdb	12.579	19.312	0	15.736
swarm_34_124.pdb	8.696	19.034	0.0697674	15.683
swarm_24_131.pdb	14.519	22.960	0	15.641
swarm_16_184.pdb	19.020	34.406	0	15.549
swarm_15_8.pdb	8.056	17.336	0.116279	15.472
swarm_52_87.pdb	14.645	27.861	0	15.392
swarm_43_124.pdb	6.264	20.913	0.0697674	15.372
swarm_2_21.pdb	15.693	25.303	0.0232558	15.264
swarm_5_191.pdb	18.429	31.566	0	15.231
swarm_18_161.pdb	11.869	21.119	0	15.086
swarm_22_112.pdb	15.518	27.749	0.0232558	15.018
swarm_23_176.pdb	16.691	23.924	0	14.921
swarm_23_180.pdb	9.427	15.444	0	14.903
swarm_32_95.pdb	17.800	29.511	0	14.878
swarm_68_2.pdb	15.259	24.086	0	14.593
swarm_31_129.pdb	13.388	21.552	0	14.569
swarm_32_82.pdb	13.112	24.441	0.0232558	14.556
swarm_42_97.pdb	17.252	39.687	0	14.420
swarm_20_96.pdb	15.869	28.781	0	14.396
swarm_7_151.pdb	11.349	23.882	0	14.241
swarm_15_97.pdb	13.160	26.919	0	14.223
swarm_62_66.pdb	11.284	27.112	0.0465116	14.057
swarm_71_150.pdb	16.158	45.651	0.0232558	13.937
swarm_26_112.pdb	17.622	26.208	0	13.926
swarm_81_123.pdb	9.910	20.398	0.0232558	13.674
swarm_17_50.pdb	13.798	28.499	0.255814	13.423
swarm_44_170.pdb	9.220	30.371	0	13.410
swarm_64_165.pdb	15.180	24.220	0	13.276
swarm_7_13.pdb	12.759	24.937	0	13.183
swarm_57_118.pdb	12.967	30.636	0.0232558	13.024
swarm_76_7.pdb	14.669	30.383	0	13.019
swarm_7_133.pdb	14.773	27.324	0	12.778
swarm_69_165.pdb	14.227	31.835	0	12.654
swarm_62_99.pdb	13.484	22.802	0	12.592
swarm_77_11.pdb	15.308	27.863	0	12.497
swarm_50_113.pdb	13.225	31.616	0	12.231
swarm_6_68.pdb	16.308	26.512	0	12.197
swarm_28_106.pdb	13.989	23.568	0	12.071
swarm_48_35.pdb	15.987	26.642	0	12.055
swarm_83_157.pdb	17.618	31.654	0	11.993
swarm_58_26.pdb	16.988	44.765	0	11.594
swarm_54_40.pdb	17.046	24.551	0	11.153
swarm_72_108.pdb	11.986	26.484	0	10.889
swarm_9_20.pdb	13.957	41.752	0.0232558	10.493
swarm_15_9.pdb	17.866	29.770	0.0465116	10.485
swarm_4_110.pdb	13.895	22.717	0	10.163
swarm_48_89.pdb	18.809	36.761	0	9.921
swarm_6_18.pdb	16.116	27.059	0	9.679
swarm_25_26.pdb	15.771	30.043	0.139535	9.257
swarm_73_197.pdb	14.990	27.289	0.0465116	8.740
swarm_29_127.pdb	15.059	22.739	0	7.918
swarm_35_56.pdb	13.586	29.687	0.0697674	6.399
swarm_12_46.pdb	13.937	26.048	0	5.358
swarm_63_69.pdb	16.697	35.313	0	4.367
