swarm_4_5.pdb	3.774	10.088	0.162791	66.949
swarm_16_91.pdb	5.561	11.623	0.139535	66.800
swarm_16_161.pdb	3.841	9.623	0.209302	66.497
swarm_0_75.pdb	4.164	5.709	0.255814	65.000
swarm_0_90.pdb	4.520	14.588	0.139535	64.972
swarm_27_83.pdb	3.947	5.911	0.232558	64.917
swarm_15_174.pdb	2.729	3.647	0.627907	64.638
swarm_11_175.pdb	4.458	13.420	0.116279	63.328
swarm_17_158.pdb	3.788	6.358	0.27907	61.769
swarm_1_103.pdb	3.834	5.866	0.44186	59.045
swarm_2_196.pdb	4.652	15.439	0.0930233	58.855
swarm_1_76.pdb	4.995	16.703	0.0697674	57.105
swarm_17_174.pdb	3.065	4.901	0.302326	56.912
swarm_16_77.pdb	4.470	7.713	0.162791	56.008
swarm_14_155.pdb	4.126	12.744	0.0930233	55.024
swarm_27_4.pdb	3.760	5.627	0.139535	54.460
swarm_13_148.pdb	5.293	17.513	0.0697674	53.733
swarm_9_102.pdb	6.671	16.786	0.0465116	53.076
swarm_2_4.pdb	4.677	10.433	0.186047	52.431
swarm_12_143.pdb	5.762	14.015	0.302326	51.841
swarm_12_120.pdb	5.151	10.139	0.0930233	51.649
swarm_2_161.pdb	9.137	25.192	0.0465116	49.244
swarm_26_147.pdb	6.241	15.988	0.209302	48.858
swarm_9_45.pdb	8.576	18.932	0.0232558	48.533
swarm_14_7.pdb	9.976	24.430	0.0465116	46.680
swarm_8_142.pdb	10.846	30.774	0	42.917
swarm_18_43.pdb	10.498	31.464	0	39.824
swarm_1_40.pdb	5.124	10.423	0.0465116	39.715
swarm_29_90.pdb	7.872	25.262	0	39.269
swarm_21_135.pdb	10.702	31.476	0.0232558	38.779
swarm_24_124.pdb	9.452	26.999	0.0232558	37.626
swarm_28_5.pdb	8.627	26.637	0.0232558	36.620
swarm_27_168.pdb	7.768	18.283	0.0232558	36.447
swarm_25_87.pdb	8.962	25.150	0	36.205
swarm_28_107.pdb	11.029	33.525	0	36.200
swarm_23_42.pdb	9.869	28.288	0	35.919
swarm_22_185.pdb	11.290	34.090	0	35.814
swarm_3_19.pdb	9.634	27.277	0	35.576
swarm_15_90.pdb	7.005	10.983	0.0232558	34.723
swarm_7_67.pdb	11.931	35.378	0	34.539
swarm_12_159.pdb	7.385	21.447	0.0697674	34.499
swarm_3_182.pdb	10.834	32.289	0	34.142
swarm_10_56.pdb	8.516	22.336	0.116279	33.954
swarm_19_163.pdb	8.032	14.291	0.0232558	33.681
swarm_11_170.pdb	7.773	15.984	0.0697674	33.501
swarm_29_150.pdb	9.721	30.365	0	33.373
swarm_26_72.pdb	9.179	26.999	0	33.161
swarm_4_154.pdb	5.690	12.740	0.116279	32.831
swarm_22_134.pdb	9.134	28.381	0	32.691
swarm_25_52.pdb	8.248	23.923	0.0930233	32.015
swarm_6_99.pdb	9.260	25.313	0.0465116	31.995
swarm_20_60.pdb	9.830	28.074	0.0232558	31.374
swarm_10_108.pdb	8.576	24.112	0.0232558	31.316
swarm_13_150.pdb	8.361	17.555	0	30.853
swarm_9_174.pdb	8.740	19.598	0.0232558	30.852
swarm_5_23.pdb	8.094	18.582	0.0232558	30.567
swarm_20_107.pdb	12.081	34.502	0	29.833
swarm_19_162.pdb	7.039	16.880	0.0697674	29.030
swarm_26_53.pdb	7.739	21.469	0.0232558	28.951
swarm_14_196.pdb	8.451	27.733	0.0232558	28.740
swarm_28_163.pdb	7.725	22.131	0.0697674	27.928
swarm_3_66.pdb	8.364	24.795	0.0232558	27.887
swarm_21_112.pdb	11.613	31.604	0	27.887
swarm_7_25.pdb	10.450	26.393	0.0232558	27.776
swarm_11_39.pdb	7.907	22.332	0.0465116	27.207
swarm_13_95.pdb	8.765	29.993	0.0232558	26.979
swarm_23_55.pdb	6.421	14.526	0.0930233	26.057
swarm_8_66.pdb	11.240	30.641	0.0232558	25.772
swarm_16_30.pdb	8.177	17.636	0.0697674	25.658
swarm_5_28.pdb	11.600	31.911	0	25.515
swarm_8_146.pdb	11.745	36.831	0.0232558	24.160
swarm_4_125.pdb	9.254	19.812	0	23.996
swarm_29_31.pdb	11.123	29.357	0.0232558	23.419
swarm_23_44.pdb	8.972	24.160	0.0930233	22.921
swarm_14_64.pdb	8.245	22.967	0	22.813
swarm_24_128.pdb	11.480	28.333	0.0697674	22.334
swarm_17_14.pdb	6.426	11.865	0.116279	21.546
swarm_24_41.pdb	10.941	28.130	0.0232558	21.246
swarm_11_181.pdb	5.964	13.237	0.0232558	21.238
swarm_19_152.pdb	10.829	24.162	0	20.509
swarm_22_156.pdb	11.899	33.659	0	20.189
swarm_25_140.pdb	11.140	26.057	0.0465116	19.875
swarm_10_45.pdb	10.641	28.444	0	19.271
swarm_9_38.pdb	8.237	24.105	0.0232558	18.706
swarm_2_112.pdb	7.303	25.967	0.0232558	18.526
swarm_23_119.pdb	10.282	25.535	0.0232558	18.342
swarm_5_25.pdb	8.289	24.941	0.0232558	18.195
swarm_26_137.pdb	13.216	31.997	0.0232558	18.193
swarm_23_32.pdb	11.636	27.205	0.0465116	17.589
swarm_10_24.pdb	12.525	29.473	0.0232558	17.506
swarm_12_75.pdb	9.501	25.211	0.0465116	17.445
swarm_6_149.pdb	12.204	29.347	0	16.117
swarm_7_44.pdb	15.524	38.871	0	13.348
swarm_5_103.pdb	14.458	33.999	0	13.276
swarm_4_141.pdb	9.338	21.351	0	12.079
swarm_1_175.pdb	8.932	21.132	0.0232558	11.323
swarm_0_168.pdb	8.515	20.027	0.0697674	1.561
