swarm_1_170.pdb	16.469	24.431	0.0232558	39.450
swarm_33_104.pdb	14.521	26.170	0.0697674	38.344
swarm_29_27.pdb	17.119	26.158	0.0232558	37.439
swarm_35_156.pdb	15.018	24.690	0.0697674	37.255
swarm_16_16.pdb	7.666	14.960	0.0465116	36.772
swarm_15_114.pdb	9.195	17.872	0.0232558	36.391
swarm_52_153.pdb	14.835	22.508	0	36.376
swarm_10_108.pdb	14.269	23.361	0.0465116	35.557
swarm_62_62.pdb	14.843	25.900	0.0232558	35.542
swarm_50_95.pdb	8.012	14.194	0.0697674	35.254
swarm_54_62.pdb	5.016	12.633	0.0232558	35.250
swarm_36_95.pdb	5.017	16.292	0.0697674	35.217
swarm_52_125.pdb	5.184	17.772	0.0930233	34.909
swarm_58_17.pdb	4.566	9.476	0.162791	34.699
swarm_53_130.pdb	15.461	25.564	0.0232558	34.649
swarm_38_83.pdb	6.326	14.546	0.162791	34.489
swarm_43_19.pdb	10.827	24.275	0.0232558	34.486
swarm_35_177.pdb	13.846	24.443	0.0697674	34.469
swarm_17_111.pdb	8.380	11.978	0	34.457
swarm_55_51.pdb	5.661	14.960	0.0465116	34.364
swarm_56_79.pdb	15.632	23.499	0.0465116	34.286
swarm_26_3.pdb	11.110	26.663	0.0930233	33.920
swarm_57_82.pdb	5.715	8.189	0.0232558	33.738
swarm_65_115.pdb	8.679	12.399	0	33.400
swarm_67_179.pdb	16.946	24.145	0.0465116	33.399
swarm_30_177.pdb	7.535	18.006	0	33.369
swarm_31_171.pdb	8.857	26.142	0	33.312
swarm_4_59.pdb	15.380	28.747	0.0232558	33.281
swarm_39_122.pdb	5.267	19.038	0.139535	32.908
swarm_18_156.pdb	14.967	26.327	0.0232558	32.806
swarm_21_64.pdb	16.576	30.230	0.0697674	32.780
swarm_26_103.pdb	16.606	27.446	0	32.541
swarm_42_156.pdb	14.581	28.543	0.0232558	32.472
swarm_35_87.pdb	13.690	23.747	0.0232558	32.428
swarm_48_22.pdb	9.971	20.080	0	32.274
swarm_32_35.pdb	3.581	5.928	0.325581	32.257
swarm_4_160.pdb	15.513	24.780	0.0232558	32.009
swarm_22_174.pdb	6.459	18.842	0.0232558	31.939
swarm_58_14.pdb	5.976	10.298	0.0930233	31.870
swarm_30_180.pdb	6.035	14.940	0.0930233	31.842
swarm_46_20.pdb	14.466	26.337	0	31.831
swarm_23_57.pdb	15.399	22.532	0.0232558	31.673
swarm_10_183.pdb	15.324	24.333	0.0232558	31.632
swarm_34_79.pdb	11.678	20.613	0	31.604
swarm_35_158.pdb	6.089	18.914	0.0697674	31.471
swarm_4_122.pdb	15.129	28.216	0.0465116	31.461
swarm_21_58.pdb	14.027	28.170	0.0465116	31.388
swarm_54_1.pdb	4.587	10.592	0.116279	31.271
swarm_32_1.pdb	16.740	26.861	0	31.171
swarm_32_118.pdb	12.856	24.737	0	31.171
swarm_52_59.pdb	4.873	8.635	0.162791	31.142
swarm_58_82.pdb	9.372	16.340	0	31.001
swarm_29_29.pdb	10.115	16.581	0	30.932
swarm_5_60.pdb	12.297	27.678	0.116279	30.910
swarm_1_64.pdb	14.468	22.276	0.0232558	30.902
swarm_56_0.pdb	8.910	15.222	0.0232558	30.894
swarm_34_37.pdb	15.454	27.576	0.0465116	30.843
swarm_49_5.pdb	10.895	26.473	0.0697674	30.781
swarm_33_121.pdb	15.421	24.416	0	30.770
swarm_59_197.pdb	15.064	27.956	0.0232558	30.591
swarm_47_114.pdb	10.084	19.352	0.139535	30.589
swarm_12_193.pdb	15.703	26.122	0	30.471
swarm_43_114.pdb	7.384	14.196	0.162791	30.202
swarm_69_137.pdb	14.604	26.186	0.0232558	30.117
swarm_43_50.pdb	10.522	23.162	0.0697674	30.111
swarm_55_186.pdb	6.944	13.854	0.116279	30.032
swarm_12_25.pdb	9.703	17.711	0	30.026
swarm_19_129.pdb	3.831	10.206	0.325581	30.003
swarm_50_30.pdb	13.537	27.624	0	29.976
swarm_2_57.pdb	13.820	22.099	0	29.975
swarm_55_30.pdb	15.040	24.305	0.0232558	29.912
swarm_62_159.pdb	7.065	22.341	0.0465116	29.792
swarm_53_6.pdb	15.869	25.788	0.0465116	29.784
swarm_20_6.pdb	13.687	26.036	0	29.779
swarm_23_198.pdb	12.047	20.720	0	29.697
swarm_30_130.pdb	14.588	26.042	0	29.684
swarm_30_21.pdb	17.407	27.229	0.0930233	29.621
swarm_39_173.pdb	14.252	23.092	0.0232558	29.475
swarm_57_104.pdb	5.949	10.180	0.139535	29.409
swarm_49_24.pdb	12.523	34.167	0	29.329
swarm_67_76.pdb	15.650	24.977	0	29.309
swarm_63_101.pdb	12.353	42.366	0	29.251
swarm_69_24.pdb	8.280	28.942	0.0232558	29.228
swarm_35_94.pdb	12.774	19.474	0.0697674	29.132
swarm_67_108.pdb	18.219	41.017	0.0697674	29.125
swarm_51_0.pdb	9.317	17.175	0	29.099
swarm_17_70.pdb	13.861	23.422	0.0232558	29.091
swarm_21_118.pdb	11.616	20.234	0.0232558	28.999
swarm_32_143.pdb	15.043	25.192	0	28.991
swarm_58_81.pdb	10.248	16.004	0	28.951
swarm_55_81.pdb	17.121	43.669	0.0697674	28.942
swarm_53_61.pdb	12.564	30.150	0	28.819
swarm_57_141.pdb	14.636	22.969	0.0232558	28.818
swarm_18_80.pdb	15.118	31.293	0	28.816
swarm_41_168.pdb	15.698	28.572	0	28.795
swarm_48_83.pdb	13.576	21.350	0	28.782
swarm_17_191.pdb	7.970	14.300	0	28.722
swarm_31_80.pdb	16.310	28.620	0	28.712
swarm_65_195.pdb	12.637	20.305	0	28.676
swarm_2_56.pdb	10.474	21.277	0.0465116	28.649
swarm_23_23.pdb	16.226	25.317	0.0232558	28.623
swarm_63_26.pdb	12.974	42.919	0	28.605
swarm_50_194.pdb	8.650	20.588	0.0697674	28.602
swarm_58_194.pdb	8.200	32.182	0	28.567
swarm_1_131.pdb	12.729	22.190	0	28.547
swarm_12_101.pdb	7.262	13.844	0.0232558	28.545
swarm_61_123.pdb	15.324	29.927	0.0697674	28.525
swarm_51_46.pdb	9.530	28.553	0.0465116	28.519
swarm_6_3.pdb	15.824	29.268	0	28.504
swarm_39_111.pdb	6.749	17.067	0.0232558	28.503
swarm_23_71.pdb	10.884	16.650	0	28.351
swarm_49_152.pdb	7.672	15.004	0.162791	28.339
swarm_21_172.pdb	14.882	31.210	0.0232558	28.331
swarm_11_138.pdb	10.106	21.533	0	28.290
swarm_53_24.pdb	15.724	24.757	0.0465116	28.261
swarm_55_152.pdb	4.957	7.427	0.116279	28.156
swarm_2_160.pdb	11.748	18.197	0	28.090
swarm_30_4.pdb	7.874	27.944	0	28.083
swarm_31_81.pdb	12.058	24.656	0	28.044
swarm_59_168.pdb	8.786	15.498	0	28.013
swarm_54_96.pdb	15.793	22.883	0.0232558	28.007
swarm_54_117.pdb	8.929	18.911	0.0697674	27.951
swarm_12_88.pdb	6.205	12.654	0.116279	27.923
swarm_37_15.pdb	16.008	26.282	0.0465116	27.850
swarm_57_29.pdb	10.429	16.798	0	27.808
swarm_50_30.pdb	14.752	25.495	0.0465116	27.757
swarm_6_108.pdb	12.820	39.579	0	27.731
swarm_21_57.pdb	5.609	15.675	0.0232558	27.689
swarm_21_12.pdb	17.344	27.600	0	27.679
swarm_64_114.pdb	16.737	40.646	0.0930233	27.676
swarm_47_120.pdb	14.252	35.568	0	27.457
swarm_36_178.pdb	13.961	26.129	0	27.457
swarm_0_154.pdb	10.280	18.062	0	27.417
swarm_12_11.pdb	11.773	20.129	0	27.416
swarm_38_30.pdb	15.818	28.722	0.0232558	27.400
swarm_13_40.pdb	15.760	33.513	0.0232558	27.392
swarm_50_1.pdb	6.747	16.697	0.139535	27.374
swarm_39_70.pdb	12.313	31.147	0	27.370
swarm_30_63.pdb	7.474	15.023	0.139535	27.365
swarm_47_113.pdb	13.759	41.522	0	27.354
swarm_1_96.pdb	13.423	30.846	0	27.331
swarm_18_17.pdb	14.646	24.971	0.0465116	27.313
swarm_62_170.pdb	11.096	33.653	0	27.305
swarm_33_138.pdb	12.175	29.088	0.116279	27.274
swarm_8_120.pdb	7.021	17.550	0.0232558	27.267
swarm_8_191.pdb	13.439	32.982	0	27.263
swarm_50_190.pdb	8.542	17.695	0	27.242
swarm_45_54.pdb	12.870	20.974	0.0232558	27.234
swarm_23_190.pdb	7.897	16.385	0.0930233	27.222
swarm_0_82.pdb	16.272	24.426	0.0465116	27.207
swarm_39_116.pdb	10.842	33.041	0	27.138
swarm_11_11.pdb	14.009	32.095	0.0465116	27.138
swarm_17_158.pdb	13.192	22.868	0.0232558	27.128
swarm_57_166.pdb	11.509	19.340	0	27.076
swarm_0_128.pdb	10.671	18.517	0	27.062
swarm_59_119.pdb	17.263	31.823	0	27.031
swarm_55_130.pdb	7.633	14.687	0.139535	26.991
swarm_19_157.pdb	10.095	21.076	0	26.960
swarm_19_34.pdb	13.835	27.933	0	26.940
swarm_30_91.pdb	14.181	32.645	0.0232558	26.933
swarm_35_151.pdb	16.501	24.508	0.0465116	26.926
swarm_62_23.pdb	14.845	32.311	0.0232558	26.924
swarm_20_88.pdb	12.764	22.984	0.0930233	26.894
swarm_5_108.pdb	15.213	32.190	0.0232558	26.871
swarm_10_110.pdb	10.568	15.823	0	26.822
swarm_0_175.pdb	10.903	21.144	0.139535	26.812
swarm_23_134.pdb	8.728	27.981	0.0232558	26.796
swarm_68_166.pdb	14.615	42.148	0	26.795
swarm_50_70.pdb	12.835	19.021	0	26.695
swarm_67_39.pdb	14.474	23.548	0	26.679
swarm_47_51.pdb	16.760	40.565	0	26.672
swarm_57_119.pdb	11.444	16.972	0	26.664
swarm_37_142.pdb	14.666	23.084	0.0232558	26.660
swarm_39_195.pdb	11.566	39.158	0	26.627
swarm_52_142.pdb	13.723	21.834	0.0465116	26.580
swarm_27_43.pdb	13.388	29.925	0.0465116	26.552
swarm_46_186.pdb	17.583	41.489	0	26.544
swarm_39_98.pdb	17.596	31.793	0	26.478
swarm_61_199.pdb	10.448	28.131	0	26.465
swarm_36_98.pdb	7.291	27.910	0	26.457
swarm_34_84.pdb	10.178	16.755	0	26.455
swarm_29_8.pdb	11.910	24.559	0	26.447
swarm_65_7.pdb	16.022	23.836	0.0232558	26.426
swarm_51_133.pdb	13.161	24.480	0.0697674	26.391
swarm_29_79.pdb	10.185	17.659	0	26.368
swarm_21_63.pdb	17.466	27.946	0	26.334
swarm_32_8.pdb	9.962	16.952	0	26.327
swarm_3_26.pdb	13.160	21.877	0	26.320
swarm_55_90.pdb	12.004	18.401	0	26.283
swarm_47_63.pdb	13.069	22.020	0.0465116	26.267
swarm_56_76.pdb	13.765	20.726	0	26.264
swarm_67_113.pdb	7.912	29.816	0	26.243
swarm_63_8.pdb	13.171	36.660	0	26.234
swarm_43_70.pdb	11.422	23.115	0	26.223
swarm_10_159.pdb	17.049	24.962	0.0232558	26.209
swarm_23_198.pdb	12.497	20.599	0.0465116	26.191
swarm_35_81.pdb	14.580	25.701	0	26.148
swarm_3_61.pdb	11.497	19.922	0	26.144
swarm_59_179.pdb	10.830	30.885	0	26.136
swarm_25_100.pdb	7.732	29.909	0	26.103
swarm_50_78.pdb	5.273	16.431	0	26.100
swarm_17_196.pdb	16.133	23.675	0.0465116	26.093
swarm_61_100.pdb	15.889	25.300	0	26.087
swarm_23_9.pdb	11.395	29.863	0	26.075
swarm_39_128.pdb	10.967	37.876	0	26.064
swarm_58_199.pdb	8.715	28.125	0	26.032
swarm_2_37.pdb	12.201	19.055	0	26.016
swarm_33_83.pdb	11.375	29.754	0	25.984
swarm_51_56.pdb	15.643	26.898	0	25.982
swarm_19_134.pdb	13.566	34.825	0.0232558	25.967
swarm_27_44.pdb	12.498	37.784	0	25.950
swarm_16_27.pdb	6.058	13.370	0.232558	25.926
swarm_35_53.pdb	6.759	18.010	0.0232558	25.915
swarm_69_41.pdb	9.400	17.011	0	25.905
swarm_65_180.pdb	15.491	25.350	0.0930233	25.843
swarm_23_86.pdb	15.861	28.583	0.0697674	25.833
swarm_21_195.pdb	7.151	13.823	0.116279	25.818
swarm_33_25.pdb	8.303	17.308	0.0465116	25.789
swarm_26_157.pdb	7.672	18.223	0.0465116	25.784
swarm_59_90.pdb	12.370	28.603	0.0465116	25.779
swarm_55_40.pdb	15.831	27.768	0	25.762
swarm_55_53.pdb	10.145	17.516	0	25.747
swarm_42_170.pdb	15.113	33.434	0	25.744
swarm_66_39.pdb	11.552	38.393	0	25.698
swarm_20_52.pdb	11.772	24.217	0	25.690
swarm_51_154.pdb	15.616	30.112	0.0232558	25.689
swarm_60_183.pdb	14.686	32.171	0	25.682
swarm_67_70.pdb	15.167	22.941	0	25.647
swarm_47_122.pdb	10.184	35.195	0	25.595
swarm_48_32.pdb	11.781	40.238	0	25.561
swarm_50_146.pdb	10.530	21.993	0.116279	25.517
swarm_34_114.pdb	14.398	27.224	0	25.514
swarm_60_181.pdb	10.400	31.566	0	25.465
swarm_53_21.pdb	15.265	23.954	0	25.463
swarm_37_51.pdb	10.445	28.707	0	25.461
swarm_3_16.pdb	16.004	27.184	0.0930233	25.438
swarm_48_32.pdb	11.613	39.505	0	25.405
swarm_64_177.pdb	11.745	40.701	0	25.384
swarm_66_177.pdb	13.454	41.468	0	25.368
swarm_5_20.pdb	10.753	29.853	0	25.332
swarm_64_105.pdb	12.455	38.540	0	25.330
swarm_61_114.pdb	8.159	29.554	0.0232558	25.326
swarm_2_152.pdb	9.495	23.573	0	25.316
swarm_40_54.pdb	12.379	27.835	0.0465116	25.315
swarm_0_118.pdb	13.367	43.522	0	25.303
swarm_8_74.pdb	11.051	38.434	0	25.299
swarm_2_129.pdb	10.468	21.540	0.0232558	25.285
swarm_30_197.pdb	16.682	24.686	0.0930233	25.282
swarm_13_149.pdb	9.682	34.080	0	25.279
swarm_32_189.pdb	15.505	26.033	0	25.266
swarm_10_55.pdb	8.494	18.734	0.209302	25.265
swarm_52_147.pdb	14.670	21.847	0.0697674	25.240
swarm_49_59.pdb	13.208	21.182	0	25.231
swarm_37_58.pdb	12.095	35.003	0	25.214
swarm_54_138.pdb	7.168	25.365	0	25.122
swarm_0_1.pdb	13.129	39.875	0	25.109
swarm_33_106.pdb	12.610	25.005	0	25.081
swarm_38_161.pdb	15.635	25.441	0.0232558	25.078
swarm_56_6.pdb	7.318	14.526	0.0930233	25.042
swarm_41_89.pdb	8.526	30.431	0.0930233	24.981
swarm_31_52.pdb	11.324	34.307	0.0232558	24.943
swarm_33_90.pdb	6.085	20.971	0	24.923
swarm_16_149.pdb	11.349	23.022	0	24.920
swarm_30_15.pdb	13.644	21.822	0.0232558	24.916
swarm_66_150.pdb	11.141	40.408	0	24.906
swarm_8_92.pdb	10.129	34.373	0	24.899
swarm_3_30.pdb	14.909	27.326	0	24.883
swarm_8_66.pdb	11.915	36.684	0	24.870
swarm_4_173.pdb	13.386	27.700	0	24.866
swarm_69_132.pdb	8.205	26.812	0.0232558	24.838
swarm_42_86.pdb	17.662	31.559	0	24.832
swarm_10_38.pdb	7.742	12.818	0.0465116	24.829
swarm_20_109.pdb	7.124	12.847	0	24.803
swarm_36_85.pdb	5.090	17.973	0.0697674	24.800
swarm_12_64.pdb	11.202	32.099	0.0232558	24.797
swarm_65_162.pdb	11.824	44.928	0	24.781
swarm_32_72.pdb	12.793	24.932	0	24.770
swarm_1_68.pdb	14.624	23.602	0	24.770
swarm_12_197.pdb	13.349	31.073	0.0232558	24.761
swarm_3_73.pdb	10.592	20.320	0.186047	24.739
swarm_32_130.pdb	16.493	24.470	0	24.739
swarm_46_147.pdb	12.948	35.346	0	24.709
swarm_28_41.pdb	12.916	28.959	0	24.699
swarm_22_62.pdb	10.445	20.166	0	24.696
swarm_48_31.pdb	12.482	36.874	0	24.675
swarm_28_60.pdb	11.087	25.214	0	24.582
swarm_55_174.pdb	12.985	24.542	0	24.562
swarm_64_53.pdb	9.783	37.105	0	24.561
swarm_20_104.pdb	13.848	23.233	0	24.557
swarm_60_61.pdb	17.468	42.071	0	24.556
swarm_2_195.pdb	8.987	16.624	0	24.527
swarm_30_161.pdb	14.131	29.368	0	24.499
swarm_24_10.pdb	15.607	39.402	0.0232558	24.491
swarm_0_149.pdb	10.660	20.872	0.0697674	24.461
swarm_59_159.pdb	12.120	26.202	0	24.454
swarm_59_77.pdb	13.041	30.797	0	24.402
swarm_64_166.pdb	9.657	19.719	0.0930233	24.330
swarm_53_143.pdb	11.485	27.504	0.0232558	24.277
swarm_22_43.pdb	14.748	27.147	0.0697674	24.268
swarm_1_100.pdb	14.224	25.199	0	24.260
swarm_32_182.pdb	11.930	25.087	0	24.231
swarm_25_30.pdb	12.475	24.421	0	24.223
swarm_1_74.pdb	11.788	20.177	0	24.215
swarm_40_38.pdb	11.664	19.382	0	24.186
swarm_60_74.pdb	12.095	37.028	0	24.177
swarm_42_28.pdb	11.401	18.788	0	24.151
swarm_3_155.pdb	10.981	19.049	0	24.151
swarm_35_19.pdb	6.141	20.758	0.0697674	24.123
swarm_25_195.pdb	16.818	28.262	0.0930233	24.122
swarm_60_123.pdb	15.067	30.979	0	24.112
swarm_36_146.pdb	13.066	25.135	0	24.103
swarm_16_80.pdb	9.675	37.791	0	24.100
swarm_42_96.pdb	14.383	29.723	0	24.098
swarm_61_173.pdb	11.672	33.343	0	24.092
swarm_58_72.pdb	11.876	19.199	0	24.089
swarm_28_171.pdb	15.280	38.109	0.0465116	24.087
swarm_59_190.pdb	17.147	28.671	0	24.083
swarm_8_162.pdb	16.351	33.568	0.0232558	24.079
swarm_51_184.pdb	17.410	27.280	0	24.068
swarm_66_138.pdb	16.224	40.908	0	24.062
swarm_58_24.pdb	9.550	32.660	0	24.035
swarm_52_135.pdb	12.435	18.797	0	24.030
swarm_22_106.pdb	13.111	29.231	0.0232558	23.967
swarm_44_172.pdb	14.550	24.723	0	23.952
swarm_28_21.pdb	15.683	31.132	0.0697674	23.950
swarm_54_144.pdb	14.223	22.851	0.0232558	23.923
swarm_41_24.pdb	7.837	25.142	0	23.882
swarm_62_22.pdb	16.277	27.904	0.0232558	23.863
swarm_58_4.pdb	11.872	30.562	0	23.848
swarm_48_6.pdb	12.876	39.064	0	23.812
swarm_39_188.pdb	16.223	29.379	0	23.777
swarm_2_171.pdb	9.015	20.559	0.0697674	23.770
swarm_4_19.pdb	12.265	24.631	0	23.767
swarm_23_145.pdb	12.683	20.763	0.0232558	23.719
swarm_36_10.pdb	15.778	33.661	0	23.695
swarm_40_141.pdb	14.241	37.832	0	23.690
swarm_8_96.pdb	13.524	35.914	0	23.681
swarm_50_55.pdb	16.448	33.015	0.0465116	23.681
swarm_55_195.pdb	9.364	15.346	0	23.659
swarm_9_107.pdb	14.558	38.683	0	23.611
swarm_38_42.pdb	10.254	26.722	0	23.574
swarm_59_4.pdb	16.853	44.975	0	23.567
swarm_16_67.pdb	16.308	26.897	0.0465116	23.563
swarm_39_103.pdb	13.391	32.145	0	23.558
swarm_18_106.pdb	12.423	29.796	0.0232558	23.522
swarm_24_26.pdb	10.115	30.222	0	23.521
swarm_27_137.pdb	16.987	35.649	0.0465116	23.502
swarm_8_93.pdb	18.627	32.668	0	23.482
swarm_59_63.pdb	10.389	34.916	0	23.482
swarm_26_165.pdb	15.328	36.499	0	23.463
swarm_34_118.pdb	12.524	24.307	0	23.460
swarm_37_88.pdb	11.387	24.844	0.232558	23.423
swarm_58_63.pdb	10.265	18.157	0.0930233	23.418
swarm_0_73.pdb	14.508	22.395	0	23.399
swarm_34_130.pdb	15.068	33.024	0	23.396
swarm_51_152.pdb	13.080	24.823	0	23.389
swarm_2_18.pdb	11.596	17.791	0	23.370
swarm_41_3.pdb	11.997	36.416	0	23.344
swarm_21_15.pdb	12.919	37.980	0	23.328
swarm_5_31.pdb	9.537	31.036	0	23.319
swarm_18_49.pdb	13.026	30.191	0	23.315
swarm_69_52.pdb	18.135	32.597	0.0232558	23.306
swarm_19_86.pdb	13.849	28.477	0.0930233	23.305
swarm_50_123.pdb	11.190	24.822	0	23.281
swarm_50_93.pdb	11.893	27.472	0	23.266
swarm_4_153.pdb	18.273	31.711	0	23.261
swarm_38_92.pdb	15.321	24.566	0.0697674	23.254
swarm_54_25.pdb	13.858	21.836	0.0232558	23.223
swarm_68_168.pdb	13.096	47.683	0	23.160
swarm_37_6.pdb	16.854	29.076	0	23.145
swarm_34_93.pdb	13.335	21.459	0	23.098
swarm_52_144.pdb	16.342	25.362	0	23.085
swarm_19_118.pdb	10.505	17.493	0	23.070
swarm_49_194.pdb	12.409	18.694	0	23.063
swarm_10_79.pdb	10.497	19.822	0	23.056
swarm_2_188.pdb	12.002	19.868	0	23.055
swarm_52_133.pdb	13.214	23.010	0	23.045
swarm_50_143.pdb	11.656	27.623	0	23.039
swarm_29_93.pdb	16.445	45.860	0	22.987
swarm_14_195.pdb	12.515	32.557	0	22.966
swarm_27_109.pdb	9.937	30.666	0	22.936
swarm_34_67.pdb	14.161	22.094	0.0697674	22.930
swarm_31_100.pdb	11.233	28.763	0.0232558	22.926
swarm_53_131.pdb	12.765	25.389	0	22.902
swarm_30_41.pdb	9.927	21.323	0	22.868
swarm_21_11.pdb	13.923	25.562	0.116279	22.868
swarm_49_126.pdb	13.497	24.603	0.0930233	22.865
swarm_3_95.pdb	10.531	20.158	0.186047	22.850
swarm_32_157.pdb	6.011	17.103	0.0465116	22.844
swarm_31_39.pdb	13.937	30.994	0	22.837
swarm_22_180.pdb	13.584	25.910	0.0232558	22.829
swarm_24_51.pdb	10.642	22.511	0.0930233	22.826
swarm_54_128.pdb	15.375	22.038	0	22.812
swarm_36_157.pdb	12.991	25.314	0	22.807
swarm_17_47.pdb	17.041	33.024	0.0232558	22.802
swarm_24_9.pdb	12.743	34.885	0	22.780
swarm_33_36.pdb	11.821	30.333	0.0232558	22.777
swarm_2_165.pdb	8.160	18.809	0	22.767
swarm_3_191.pdb	12.707	28.812	0.0465116	22.765
swarm_50_196.pdb	9.553	19.424	0	22.724
swarm_11_179.pdb	12.149	37.999	0	22.716
swarm_43_185.pdb	17.458	40.453	0.0232558	22.697
swarm_34_179.pdb	11.482	18.191	0	22.693
swarm_17_7.pdb	13.604	22.230	0.0232558	22.681
swarm_6_71.pdb	13.808	39.586	0	22.667
swarm_36_59.pdb	12.484	21.737	0	22.663
swarm_46_183.pdb	11.225	35.287	0	22.662
swarm_54_92.pdb	16.871	24.449	0.0697674	22.649
swarm_3_86.pdb	14.946	23.870	0.0697674	22.649
swarm_27_26.pdb	11.334	38.299	0	22.627
swarm_53_92.pdb	10.166	19.588	0	22.621
swarm_59_153.pdb	12.749	26.780	0	22.573
swarm_17_16.pdb	16.233	26.117	0	22.571
swarm_2_174.pdb	16.085	24.023	0.0232558	22.548
swarm_36_157.pdb	11.813	20.466	0	22.533
swarm_20_133.pdb	11.024	25.006	0.0232558	22.503
swarm_12_23.pdb	13.296	36.338	0	22.495
swarm_43_75.pdb	13.793	21.775	0	22.480
swarm_20_31.pdb	13.853	22.912	0	22.465
swarm_32_165.pdb	15.909	25.975	0	22.445
swarm_51_19.pdb	8.624	18.839	0	22.426
swarm_36_114.pdb	13.546	24.230	0	22.415
swarm_2_38.pdb	14.401	25.009	0.0232558	22.410
swarm_58_113.pdb	12.141	28.192	0	22.406
swarm_2_78.pdb	13.252	25.330	0.0465116	22.404
swarm_0_33.pdb	14.144	37.748	0	22.374
swarm_19_121.pdb	11.144	36.785	0	22.318
swarm_26_1.pdb	13.802	25.532	0	22.313
swarm_49_36.pdb	13.169	38.684	0	22.283
swarm_18_7.pdb	10.380	28.290	0	22.244
swarm_13_180.pdb	13.660	34.796	0	22.232
swarm_67_145.pdb	16.361	35.008	0	22.187
swarm_0_24.pdb	16.385	24.885	0	22.168
swarm_2_55.pdb	14.150	21.774	0.0232558	22.150
swarm_9_130.pdb	12.435	39.498	0	22.145
swarm_5_197.pdb	12.883	37.113	0	22.131
swarm_22_126.pdb	14.996	33.644	0	22.130
swarm_42_173.pdb	15.730	36.576	0	22.100
swarm_30_101.pdb	16.713	33.701	0	22.072
swarm_12_68.pdb	10.724	25.555	0	22.064
swarm_3_41.pdb	16.053	24.548	0	22.054
swarm_19_119.pdb	10.610	28.064	0	22.042
swarm_17_144.pdb	13.783	21.661	0	22.017
swarm_12_154.pdb	17.617	32.491	0	22.011
swarm_49_106.pdb	13.638	38.330	0	22.010
swarm_38_156.pdb	12.237	38.513	0	22.008
swarm_43_151.pdb	12.181	36.591	0	21.999
swarm_53_19.pdb	20.354	44.580	0	21.998
swarm_20_66.pdb	13.450	27.891	0.0697674	21.987
swarm_57_33.pdb	15.203	25.127	0	21.963
swarm_58_195.pdb	10.071	37.474	0	21.918
swarm_36_104.pdb	9.229	19.694	0	21.892
swarm_2_29.pdb	13.892	23.461	0	21.882
swarm_54_98.pdb	10.342	17.267	0	21.875
swarm_44_58.pdb	15.288	37.161	0	21.835
swarm_57_23.pdb	13.962	24.715	0.0465116	21.805
swarm_18_88.pdb	15.850	31.557	0	21.771
swarm_40_55.pdb	11.896	38.505	0	21.769
swarm_33_85.pdb	11.254	18.585	0	21.767
swarm_20_128.pdb	13.706	27.875	0	21.747
swarm_13_95.pdb	13.806	35.303	0	21.720
swarm_43_159.pdb	6.425	12.855	0.255814	21.717
swarm_3_179.pdb	13.577	22.690	0	21.708
swarm_53_160.pdb	5.971	12.894	0.0465116	21.675
swarm_30_197.pdb	19.229	39.148	0	21.662
swarm_58_1.pdb	11.956	19.354	0	21.649
swarm_60_166.pdb	16.634	38.177	0.0232558	21.633
swarm_50_34.pdb	8.335	17.807	0.0232558	21.626
swarm_44_47.pdb	12.529	21.808	0	21.624
swarm_23_139.pdb	7.151	19.367	0.0465116	21.599
swarm_9_144.pdb	13.045	36.026	0	21.597
swarm_16_9.pdb	11.059	21.074	0.0232558	21.588
swarm_26_192.pdb	11.433	27.365	0	21.586
swarm_42_27.pdb	16.317	35.679	0	21.581
swarm_30_95.pdb	13.394	31.336	0	21.551
swarm_12_66.pdb	11.118	27.602	0	21.543
swarm_19_13.pdb	16.506	31.368	0.0465116	21.541
swarm_19_4.pdb	15.801	34.935	0.0232558	21.507
swarm_54_99.pdb	13.119	21.807	0	21.487
swarm_41_188.pdb	8.112	28.798	0	21.454
swarm_33_113.pdb	10.440	25.245	0	21.453
swarm_5_180.pdb	15.162	28.521	0.0465116	21.423
swarm_39_76.pdb	12.224	27.509	0	21.421
swarm_54_92.pdb	17.219	26.683	0	21.412
swarm_37_95.pdb	8.293	29.566	0.0232558	21.410
swarm_39_47.pdb	15.340	40.013	0	21.409
swarm_22_119.pdb	14.036	26.413	0	21.391
swarm_46_90.pdb	11.324	22.523	0	21.389
swarm_13_148.pdb	16.200	39.578	0	21.308
swarm_62_88.pdb	10.604	28.871	0	21.306
swarm_46_159.pdb	14.972	32.499	0	21.277
swarm_25_93.pdb	10.900	29.747	0	21.257
swarm_29_15.pdb	14.665	40.044	0	21.248
swarm_19_116.pdb	15.398	33.709	0.0232558	21.245
swarm_69_165.pdb	13.723	26.552	0	21.240
swarm_72_125.pdb	17.454	44.015	0	21.214
swarm_17_94.pdb	10.473	16.740	0	21.211
swarm_59_43.pdb	9.981	21.115	0.0465116	21.204
swarm_67_16.pdb	16.833	39.974	0	21.187
swarm_5_130.pdb	17.477	39.481	0	21.172
swarm_55_76.pdb	10.329	22.792	0	21.170
swarm_46_18.pdb	15.855	30.587	0.0697674	21.169
swarm_18_122.pdb	17.765	32.941	0	21.158
swarm_58_33.pdb	18.922	34.995	0	21.145
swarm_5_121.pdb	13.936	32.017	0	21.080
swarm_32_179.pdb	12.607	21.749	0	21.022
swarm_55_198.pdb	16.605	33.660	0.0697674	20.996
swarm_50_137.pdb	14.837	26.508	0	20.991
swarm_35_9.pdb	14.992	25.016	0	20.960
swarm_24_196.pdb	13.865	35.905	0	20.958
swarm_11_49.pdb	12.763	34.986	0	20.943
swarm_26_128.pdb	10.967	17.264	0	20.930
swarm_62_187.pdb	13.549	32.771	0	20.897
swarm_43_15.pdb	14.755	34.235	0	20.895
swarm_4_49.pdb	14.286	20.843	0	20.868
swarm_50_130.pdb	15.388	27.864	0.0465116	20.861
swarm_9_124.pdb	11.395	35.544	0	20.856
swarm_15_16.pdb	9.412	19.133	0.0232558	20.849
swarm_69_132.pdb	11.407	25.644	0	20.848
swarm_54_55.pdb	14.015	19.672	0	20.845
swarm_8_161.pdb	13.554	39.313	0	20.822
swarm_65_128.pdb	11.684	18.331	0	20.820
swarm_10_30.pdb	14.627	38.185	0	20.820
swarm_40_178.pdb	12.651	42.225	0	20.794
swarm_20_24.pdb	15.975	32.338	0.0232558	20.783
swarm_25_194.pdb	16.400	29.801	0	20.752
swarm_20_49.pdb	17.679	34.707	0.0232558	20.749
swarm_50_76.pdb	14.124	28.158	0	20.742
swarm_59_76.pdb	19.220	33.179	0	20.734
swarm_32_130.pdb	14.497	23.835	0	20.720
swarm_37_7.pdb	13.886	36.885	0	20.706
swarm_46_105.pdb	15.418	26.480	0.0465116	20.703
swarm_32_44.pdb	14.158	23.205	0.0232558	20.696
swarm_27_23.pdb	17.831	31.610	0	20.691
swarm_66_128.pdb	16.722	44.008	0	20.688
swarm_52_2.pdb	11.684	19.246	0	20.680
swarm_47_57.pdb	14.209	42.636	0	20.663
swarm_69_54.pdb	6.289	13.665	0	20.661
swarm_24_119.pdb	9.786	31.077	0	20.657
swarm_24_139.pdb	16.701	34.498	0	20.655
swarm_62_19.pdb	16.451	30.604	0	20.641
swarm_21_99.pdb	13.292	21.865	0	20.639
swarm_21_185.pdb	13.877	24.381	0	20.617
swarm_25_43.pdb	11.701	39.510	0	20.596
swarm_37_127.pdb	14.845	35.244	0.0232558	20.563
swarm_26_127.pdb	17.970	34.813	0	20.552
swarm_38_77.pdb	13.992	41.991	0	20.545
swarm_27_47.pdb	15.913	39.608	0	20.524
swarm_53_135.pdb	16.415	29.975	0	20.511
swarm_27_30.pdb	13.624	37.853	0	20.509
swarm_30_107.pdb	11.966	31.035	0.116279	20.482
swarm_5_118.pdb	15.495	37.371	0.0232558	20.454
swarm_38_107.pdb	12.979	30.415	0.0697674	20.447
swarm_17_14.pdb	13.927	21.883	0	20.389
swarm_18_129.pdb	14.229	30.121	0	20.386
swarm_19_177.pdb	17.701	36.929	0	20.323
swarm_10_56.pdb	11.743	28.325	0	20.320
swarm_54_161.pdb	17.110	24.839	0	20.307
swarm_9_194.pdb	18.971	43.661	0	20.292
swarm_48_199.pdb	7.996	11.639	0	20.278
swarm_2_68.pdb	14.571	25.587	0.0232558	20.271
swarm_16_41.pdb	17.824	27.896	0	20.256
swarm_62_6.pdb	11.745	33.939	0	20.227
swarm_69_15.pdb	11.954	33.721	0	20.217
swarm_5_49.pdb	15.885	30.925	0	20.174
swarm_2_69.pdb	13.304	25.871	0.0465116	20.172
swarm_18_165.pdb	14.214	25.107	0	20.165
swarm_38_125.pdb	15.535	32.868	0	20.128
swarm_3_38.pdb	15.048	24.829	0	20.117
swarm_17_71.pdb	15.681	25.056	0	20.104
swarm_28_34.pdb	10.835	32.133	0	20.103
swarm_23_13.pdb	12.664	20.196	0	20.074
swarm_12_33.pdb	10.500	16.196	0	20.065
swarm_70_196.pdb	18.872	41.351	0	20.031
swarm_38_175.pdb	14.703	25.933	0.0697674	20.031
swarm_54_42.pdb	14.676	22.158	0	20.011
swarm_49_199.pdb	15.014	28.625	0.0697674	20.005
swarm_20_9.pdb	10.661	29.972	0	20.001
swarm_37_187.pdb	15.414	23.315	0	20.000
swarm_48_34.pdb	15.770	41.522	0	19.955
swarm_65_52.pdb	12.800	20.329	0	19.950
swarm_11_172.pdb	12.102	39.321	0	19.945
swarm_9_175.pdb	16.425	42.145	0	19.939
swarm_68_70.pdb	15.575	39.792	0	19.918
swarm_62_174.pdb	15.458	34.569	0	19.911
swarm_69_123.pdb	13.344	22.401	0	19.908
swarm_5_131.pdb	12.915	34.342	0	19.894
swarm_9_89.pdb	12.840	34.747	0	19.893
swarm_14_120.pdb	14.373	31.549	0	19.893
swarm_9_110.pdb	16.577	39.757	0	19.888
swarm_23_3.pdb	13.936	20.872	0	19.884
swarm_37_92.pdb	14.343	23.418	0	19.856
swarm_51_117.pdb	17.956	41.915	0	19.851
swarm_60_11.pdb	14.209	34.773	0	19.847
swarm_3_52.pdb	15.243	27.051	0	19.847
swarm_4_120.pdb	7.711	21.342	0	19.843
swarm_44_10.pdb	20.057	40.311	0	19.798
swarm_41_49.pdb	19.212	42.555	0	19.786
swarm_37_83.pdb	13.971	28.935	0	19.777
swarm_10_180.pdb	15.000	34.523	0	19.770
swarm_52_29.pdb	12.628	20.189	0	19.757
swarm_18_123.pdb	10.763	29.475	0.0232558	19.735
swarm_33_120.pdb	14.769	33.733	0.0465116	19.731
swarm_51_31.pdb	19.371	45.138	0	19.725
swarm_53_11.pdb	12.816	23.395	0	19.717
swarm_27_95.pdb	15.031	29.540	0	19.711
swarm_42_26.pdb	18.282	36.028	0	19.708
swarm_39_170.pdb	14.146	33.014	0	19.705
swarm_53_16.pdb	13.139	24.719	0.139535	19.697
swarm_13_32.pdb	14.095	38.992	0.0232558	19.658
swarm_3_97.pdb	11.001	23.736	0.0465116	19.656
swarm_30_31.pdb	14.103	31.738	0	19.633
swarm_24_147.pdb	8.483	27.725	0	19.615
swarm_28_172.pdb	13.384	40.152	0	19.580
swarm_43_127.pdb	14.880	39.872	0	19.560
swarm_36_77.pdb	12.358	27.924	0	19.554
swarm_1_89.pdb	13.839	27.132	0	19.542
swarm_8_155.pdb	13.178	29.974	0.0232558	19.518
swarm_38_85.pdb	14.119	37.924	0.0232558	19.509
swarm_57_181.pdb	15.358	39.137	0	19.500
swarm_36_108.pdb	7.051	24.030	0	19.484
swarm_59_124.pdb	10.654	22.840	0.0232558	19.478
swarm_39_136.pdb	12.472	30.594	0.0465116	19.475
swarm_67_11.pdb	12.030	20.629	0	19.457
swarm_57_95.pdb	14.096	41.580	0	19.454
swarm_50_32.pdb	11.709	31.999	0.0697674	19.454
swarm_43_71.pdb	20.197	45.437	0	19.425
swarm_1_173.pdb	14.699	22.331	0	19.413
swarm_6_85.pdb	13.105	34.182	0	19.403
swarm_22_131.pdb	17.477	39.617	0	19.393
swarm_39_111.pdb	10.763	31.435	0	19.383
swarm_28_100.pdb	15.120	30.240	0	19.374
swarm_6_140.pdb	17.347	36.882	0	19.359
swarm_15_133.pdb	13.883	36.421	0	19.356
swarm_11_63.pdb	17.117	29.894	0.0697674	19.339
swarm_43_181.pdb	12.316	26.460	0	19.335
swarm_54_73.pdb	7.895	10.886	0.0465116	19.300
swarm_15_22.pdb	15.121	38.538	0.0232558	19.287
swarm_47_179.pdb	10.835	35.694	0.0465116	19.274
swarm_6_47.pdb	15.305	40.829	0	19.269
swarm_51_142.pdb	9.957	21.530	0	19.268
swarm_44_189.pdb	14.540	37.885	0	19.228
swarm_49_83.pdb	9.970	16.669	0	19.226
swarm_63_90.pdb	17.283	44.858	0	19.202
swarm_23_73.pdb	14.242	30.502	0	19.200
swarm_67_162.pdb	15.075	32.246	0	19.199
swarm_4_15.pdb	19.210	31.824	0	19.195
swarm_18_154.pdb	10.931	21.543	0	19.195
swarm_38_10.pdb	10.776	28.798	0.0232558	19.194
swarm_26_166.pdb	15.640	23.737	0.0465116	19.151
swarm_5_126.pdb	13.867	33.659	0	19.108
swarm_13_126.pdb	18.031	37.797	0	19.097
swarm_42_143.pdb	16.032	38.070	0.0232558	19.093
swarm_53_16.pdb	15.387	23.131	0	19.092
swarm_39_68.pdb	16.045	26.396	0	19.092
swarm_14_181.pdb	13.364	37.558	0	19.087
swarm_50_86.pdb	13.585	27.708	0	19.082
swarm_72_64.pdb	18.627	41.583	0	19.080
swarm_75_135.pdb	13.004	43.233	0	19.077
swarm_12_177.pdb	11.668	17.575	0	19.056
swarm_50_75.pdb	9.319	14.791	0	19.014
swarm_66_194.pdb	15.311	38.425	0	18.995
swarm_23_149.pdb	15.342	24.214	0	18.982
swarm_18_179.pdb	14.183	25.179	0	18.967
swarm_52_197.pdb	16.902	25.049	0	18.947
swarm_17_162.pdb	14.103	28.417	0.0697674	18.939
swarm_7_80.pdb	18.046	33.837	0	18.907
swarm_20_5.pdb	14.952	28.799	0	18.901
swarm_23_90.pdb	12.928	22.489	0.0697674	18.896
swarm_10_179.pdb	12.639	20.810	0	18.891
swarm_62_124.pdb	14.742	29.486	0	18.885
swarm_2_27.pdb	17.596	30.108	0	18.874
swarm_38_120.pdb	17.527	27.180	0	18.861
swarm_34_48.pdb	12.591	30.334	0	18.861
swarm_13_13.pdb	14.877	34.822	0	18.843
swarm_9_178.pdb	14.698	43.277	0	18.842
swarm_43_121.pdb	13.276	41.207	0	18.791
swarm_30_42.pdb	11.636	31.571	0	18.769
swarm_52_131.pdb	14.629	22.344	0	18.746
swarm_8_21.pdb	14.397	41.421	0	18.742
swarm_0_190.pdb	13.344	39.623	0	18.734
swarm_0_73.pdb	12.387	38.309	0	18.720
swarm_52_75.pdb	13.325	24.651	0	18.705
swarm_9_25.pdb	10.056	39.047	0	18.703
swarm_68_18.pdb	16.325	41.468	0	18.698
swarm_33_101.pdb	11.314	24.291	0	18.693
swarm_54_160.pdb	12.824	20.301	0	18.691
swarm_25_193.pdb	16.104	34.257	0.0465116	18.681
swarm_33_176.pdb	14.741	32.889	0	18.656
swarm_66_61.pdb	19.276	35.688	0	18.651
swarm_27_191.pdb	17.067	39.753	0.116279	18.626
swarm_69_125.pdb	14.701	25.341	0	18.611
swarm_48_19.pdb	14.854	37.938	0	18.578
swarm_23_100.pdb	15.279	30.811	0	18.555
swarm_30_118.pdb	13.379	19.897	0	18.545
swarm_22_188.pdb	16.201	28.015	0	18.523
swarm_49_91.pdb	13.745	29.075	0	18.509
swarm_25_78.pdb	6.978	22.440	0.0465116	18.506
swarm_59_9.pdb	7.344	13.551	0	18.499
swarm_31_88.pdb	19.756	36.260	0	18.492
swarm_71_2.pdb	12.471	35.377	0	18.479
swarm_65_168.pdb	11.616	24.973	0.0232558	18.478
swarm_24_38.pdb	14.156	32.817	0	18.459
swarm_35_157.pdb	8.168	19.627	0	18.435
swarm_41_67.pdb	11.864	38.835	0	18.422
swarm_42_79.pdb	9.896	33.525	0	18.416
swarm_53_179.pdb	17.218	43.633	0	18.398
swarm_50_83.pdb	17.050	33.636	0	18.369
swarm_57_58.pdb	15.334	39.014	0	18.368
swarm_31_33.pdb	19.275	38.097	0	18.355
swarm_26_115.pdb	15.966	36.619	0	18.352
swarm_24_122.pdb	16.492	38.556	0	18.345
swarm_9_29.pdb	17.279	41.873	0.0930233	18.303
swarm_46_3.pdb	18.993	48.250	0	18.303
swarm_36_114.pdb	13.697	32.999	0	18.269
swarm_4_93.pdb	16.429	25.926	0	18.264
swarm_42_28.pdb	15.688	35.006	0	18.253
swarm_39_87.pdb	17.711	42.757	0	18.185
swarm_33_74.pdb	16.615	27.124	0	18.179
swarm_14_100.pdb	12.695	38.941	0	18.170
swarm_25_2.pdb	14.825	33.287	0	18.158
swarm_11_140.pdb	18.016	46.667	0	18.150
swarm_40_78.pdb	15.768	39.727	0	18.139
swarm_6_18.pdb	15.411	35.892	0	18.133
swarm_2_111.pdb	17.229	25.656	0	18.132
swarm_8_105.pdb	14.199	34.626	0	18.131
swarm_24_61.pdb	13.891	31.202	0.0232558	18.128
swarm_17_120.pdb	14.660	27.838	0	18.117
swarm_44_33.pdb	13.732	34.962	0	18.087
swarm_18_137.pdb	14.494	25.921	0	18.079
swarm_69_162.pdb	18.874	40.860	0	18.065
swarm_14_69.pdb	17.035	35.556	0	18.063
swarm_69_180.pdb	8.347	23.761	0.209302	18.056
swarm_8_24.pdb	14.520	37.699	0	18.042
swarm_52_190.pdb	14.908	25.684	0	18.042
swarm_14_79.pdb	14.806	41.067	0	18.027
swarm_41_31.pdb	19.491	34.579	0	18.000
swarm_61_35.pdb	14.377	41.970	0	17.994
swarm_59_75.pdb	15.056	28.588	0	17.954
swarm_68_190.pdb	11.683	30.584	0	17.919
swarm_40_47.pdb	19.376	41.499	0	17.875
swarm_25_120.pdb	12.563	35.141	0	17.875
swarm_66_28.pdb	15.932	40.224	0.0465116	17.838
swarm_37_119.pdb	15.833	39.197	0	17.835
swarm_44_25.pdb	16.615	41.733	0	17.796
swarm_4_137.pdb	16.173	33.299	0	17.794
swarm_4_87.pdb	12.063	34.224	0	17.781
swarm_24_103.pdb	15.162	37.519	0	17.781
swarm_23_33.pdb	15.752	33.640	0	17.772
swarm_53_51.pdb	13.146	28.021	0.0232558	17.756
swarm_11_157.pdb	10.452	28.048	0.0232558	17.754
swarm_47_168.pdb	18.038	40.906	0	17.732
swarm_21_83.pdb	15.730	28.382	0	17.725
swarm_21_36.pdb	16.749	29.815	0	17.707
swarm_59_78.pdb	14.946	27.890	0	17.706
swarm_65_2.pdb	17.355	34.400	0	17.685
swarm_36_82.pdb	16.253	33.406	0	17.679
swarm_20_59.pdb	15.123	28.641	0	17.678
swarm_51_35.pdb	15.881	29.005	0	17.677
swarm_49_46.pdb	16.177	44.482	0	17.667
swarm_60_70.pdb	18.015	40.633	0	17.666
swarm_39_160.pdb	21.119	40.948	0	17.655
swarm_25_157.pdb	15.608	31.824	0	17.655
swarm_8_162.pdb	14.446	28.939	0.0697674	17.647
swarm_58_39.pdb	16.576	30.950	0	17.621
swarm_45_191.pdb	13.726	25.565	0	17.607
swarm_23_141.pdb	11.998	28.202	0	17.603
swarm_50_45.pdb	17.032	27.671	0	17.597
swarm_46_197.pdb	11.824	36.003	0	17.579
swarm_63_59.pdb	18.723	51.065	0	17.529
swarm_10_175.pdb	10.537	16.107	0	17.527
swarm_48_154.pdb	17.741	43.496	0	17.519
swarm_4_125.pdb	15.111	26.461	0	17.490
swarm_43_97.pdb	10.327	34.021	0.0465116	17.474
swarm_15_127.pdb	13.180	30.527	0.0465116	17.471
swarm_60_103.pdb	11.320	33.976	0	17.441
swarm_31_6.pdb	13.764	38.059	0	17.429
swarm_33_87.pdb	13.910	23.712	0	17.386
swarm_69_161.pdb	11.301	25.508	0	17.383
swarm_18_26.pdb	12.498	25.925	0	17.378
swarm_7_95.pdb	15.468	32.202	0	17.360
swarm_20_15.pdb	16.035	28.079	0	17.353
swarm_17_125.pdb	16.612	26.813	0	17.345
swarm_42_187.pdb	14.081	36.905	0	17.337
swarm_71_46.pdb	16.786	42.577	0	17.324
swarm_24_158.pdb	12.614	33.213	0.0465116	17.302
swarm_70_21.pdb	15.214	43.915	0.0930233	17.280
swarm_43_0.pdb	13.415	29.839	0	17.278
swarm_24_131.pdb	15.535	29.965	0.0465116	17.272
swarm_6_50.pdb	11.874	38.768	0	17.260
swarm_41_115.pdb	15.690	42.140	0	17.260
swarm_26_81.pdb	17.138	36.313	0	17.255
swarm_24_194.pdb	11.416	26.142	0	17.225
swarm_49_193.pdb	12.198	28.676	0	17.222
swarm_13_135.pdb	12.291	34.793	0	17.222
swarm_51_157.pdb	16.199	32.209	0	17.216
swarm_42_172.pdb	13.589	37.273	0	17.211
swarm_69_49.pdb	11.163	21.007	0	17.190
swarm_6_110.pdb	15.530	35.105	0	17.185
swarm_43_147.pdb	16.669	40.788	0	17.175
swarm_22_8.pdb	16.801	32.580	0	17.170
swarm_60_52.pdb	14.795	44.773	0.0930233	17.167
swarm_47_87.pdb	9.816	23.305	0.0930233	17.166
swarm_21_28.pdb	15.789	27.776	0	17.162
swarm_69_59.pdb	9.165	24.327	0.0465116	17.140
swarm_31_113.pdb	15.120	31.096	0	17.125
swarm_13_93.pdb	14.963	36.145	0	17.121
swarm_35_117.pdb	13.373	26.248	0	17.111
swarm_15_157.pdb	17.171	39.158	0.0232558	17.108
swarm_35_50.pdb	12.195	42.051	0	17.077
swarm_71_187.pdb	19.918	45.271	0	17.063
swarm_52_17.pdb	14.089	22.173	0	17.055
swarm_62_163.pdb	17.534	30.152	0	17.049
swarm_55_105.pdb	15.076	36.585	0	17.048
swarm_45_102.pdb	19.085	41.948	0	17.035
swarm_22_155.pdb	15.517	36.792	0.0232558	17.034
swarm_28_35.pdb	17.798	37.975	0	17.027
swarm_7_9.pdb	6.213	18.568	0.0465116	17.026
swarm_33_93.pdb	13.963	31.269	0	17.006
swarm_18_147.pdb	13.505	28.499	0	16.993
swarm_52_37.pdb	16.273	22.987	0	16.981
swarm_53_52.pdb	13.947	26.679	0	16.965
swarm_47_139.pdb	14.670	36.983	0.0232558	16.962
swarm_3_48.pdb	14.930	25.219	0	16.962
swarm_21_171.pdb	10.267	25.535	0	16.954
swarm_53_108.pdb	15.029	28.016	0	16.951
swarm_66_50.pdb	14.618	36.399	0	16.948
swarm_7_119.pdb	9.600	27.230	0	16.944
swarm_1_184.pdb	14.092	33.281	0	16.943
swarm_53_152.pdb	17.278	26.207	0	16.928
swarm_43_166.pdb	17.482	41.055	0	16.925
swarm_31_127.pdb	15.071	32.746	0.0232558	16.919
swarm_11_163.pdb	14.395	32.783	0	16.917
swarm_53_52.pdb	14.773	22.539	0	16.909
swarm_42_15.pdb	10.547	35.515	0	16.894
swarm_55_198.pdb	14.308	25.529	0	16.888
swarm_31_61.pdb	12.284	39.884	0	16.886
swarm_56_138.pdb	15.038	41.143	0	16.874
swarm_13_122.pdb	14.910	40.740	0.0232558	16.866
swarm_28_100.pdb	15.873	38.424	0	16.863
swarm_68_30.pdb	17.167	45.462	0	16.859
swarm_3_140.pdb	10.526	19.409	0	16.813
swarm_7_126.pdb	7.273	23.967	0.0930233	16.807
swarm_24_180.pdb	16.892	31.958	0	16.782
swarm_51_172.pdb	19.765	34.468	0	16.778
swarm_46_75.pdb	13.826	38.336	0	16.741
swarm_18_120.pdb	18.057	31.655	0.0465116	16.721
swarm_41_101.pdb	16.936	44.293	0	16.702
swarm_22_180.pdb	14.913	28.026	0	16.701
swarm_3_188.pdb	10.419	24.966	0.0465116	16.689
swarm_46_54.pdb	18.383	43.227	0	16.658
swarm_69_55.pdb	15.253	25.275	0	16.641
swarm_55_135.pdb	18.811	41.618	0	16.637
swarm_20_188.pdb	15.384	24.027	0	16.620
swarm_68_146.pdb	17.127	44.511	0	16.612
swarm_33_13.pdb	15.510	33.839	0	16.612
swarm_1_127.pdb	15.826	31.427	0.0232558	16.571
swarm_51_28.pdb	18.225	32.296	0	16.570
swarm_63_79.pdb	13.473	39.871	0	16.557
swarm_34_138.pdb	11.293	25.663	0	16.538
swarm_12_152.pdb	12.153	30.892	0	16.514
swarm_69_164.pdb	17.556	38.233	0	16.512
swarm_20_17.pdb	13.455	30.391	0.0930233	16.487
swarm_57_9.pdb	17.818	39.398	0	16.484
swarm_8_111.pdb	13.547	38.855	0	16.467
swarm_37_173.pdb	14.645	35.476	0	16.465
swarm_3_149.pdb	14.682	27.583	0	16.464
swarm_22_21.pdb	19.583	38.941	0	16.460
swarm_20_186.pdb	15.519	25.097	0	16.445
swarm_24_6.pdb	14.960	34.076	0	16.438
swarm_51_82.pdb	15.908	29.944	0	16.435
swarm_52_55.pdb	11.825	21.030	0	16.406
swarm_25_13.pdb	18.211	32.556	0	16.393
swarm_71_62.pdb	18.432	37.724	0	16.349
swarm_48_12.pdb	11.632	40.116	0	16.335
swarm_25_113.pdb	15.018	29.135	0	16.315
swarm_13_121.pdb	10.108	38.538	0	16.308
swarm_37_194.pdb	15.846	40.513	0	16.280
swarm_12_54.pdb	16.989	40.000	0	16.272
swarm_27_120.pdb	17.668	38.751	0	16.228
swarm_60_61.pdb	18.401	39.418	0	16.192
swarm_26_130.pdb	12.876	40.112	0	16.167
swarm_38_159.pdb	17.330	44.667	0	16.131
swarm_11_108.pdb	16.389	29.256	0	16.126
swarm_5_198.pdb	13.658	33.506	0	16.094
swarm_23_8.pdb	13.120	30.621	0	16.076
swarm_60_50.pdb	11.423	34.755	0	16.046
swarm_24_16.pdb	12.198	31.873	0	16.018
swarm_34_53.pdb	13.073	31.851	0	16.006
swarm_5_43.pdb	20.230	40.706	0	16.003
swarm_16_8.pdb	17.171	39.881	0.0232558	15.993
swarm_3_120.pdb	16.392	28.631	0	15.976
swarm_28_88.pdb	14.609	31.168	0.0697674	15.974
swarm_34_61.pdb	17.677	38.833	0	15.970
swarm_42_145.pdb	18.235	37.469	0	15.966
swarm_13_34.pdb	19.718	45.282	0	15.943
swarm_18_156.pdb	11.012	26.663	0.0232558	15.942
swarm_39_25.pdb	15.163	25.509	0	15.937
swarm_25_73.pdb	9.304	30.162	0	15.927
swarm_6_103.pdb	12.398	37.764	0	15.912
swarm_4_138.pdb	17.540	30.087	0	15.902
swarm_24_179.pdb	18.018	38.955	0	15.892
swarm_25_41.pdb	11.100	28.911	0.0465116	15.877
swarm_6_34.pdb	17.680	43.704	0	15.853
swarm_11_65.pdb	18.786	44.045	0	15.804
swarm_56_85.pdb	13.352	38.457	0	15.791
swarm_42_169.pdb	15.155	34.385	0	15.791
swarm_29_195.pdb	14.869	27.063	0	15.778
swarm_15_189.pdb	15.677	39.180	0.0232558	15.776
swarm_34_37.pdb	12.816	29.556	0.0232558	15.757
swarm_51_21.pdb	16.545	29.507	0	15.754
swarm_7_23.pdb	12.956	31.736	0	15.647
swarm_63_72.pdb	16.322	42.901	0	15.637
swarm_20_156.pdb	16.606	29.367	0.0232558	15.611
swarm_19_118.pdb	17.268	34.448	0	15.598
swarm_27_46.pdb	18.588	42.542	0	15.594
swarm_17_66.pdb	15.485	35.582	0.0232558	15.593
swarm_9_55.pdb	11.366	30.865	0	15.590
swarm_25_157.pdb	17.535	42.417	0	15.582
swarm_20_194.pdb	13.758	25.675	0	15.580
swarm_7_136.pdb	11.568	29.317	0	15.573
swarm_27_193.pdb	13.448	36.841	0	15.564
swarm_50_144.pdb	13.455	28.657	0	15.558
swarm_50_76.pdb	12.906	21.290	0	15.500
swarm_23_68.pdb	15.237	34.044	0	15.482
swarm_27_28.pdb	17.345	34.640	0.0232558	15.477
swarm_3_173.pdb	8.811	21.572	0	15.467
swarm_5_170.pdb	14.158	39.371	0	15.458
swarm_21_134.pdb	12.630	25.191	0.162791	15.449
swarm_54_161.pdb	15.497	22.495	0.0232558	15.447
swarm_11_30.pdb	20.096	39.680	0	15.418
swarm_33_7.pdb	18.033	31.962	0	15.385
swarm_67_92.pdb	14.968	35.234	0	15.374
swarm_21_199.pdb	15.179	29.720	0	15.372
swarm_45_0.pdb	13.212	23.458	0	15.361
swarm_56_183.pdb	17.287	39.689	0	15.347
swarm_52_110.pdb	13.122	20.124	0	15.326
swarm_10_188.pdb	16.873	32.376	0	15.315
swarm_14_60.pdb	16.556	38.596	0	15.284
swarm_56_193.pdb	20.488	42.477	0	15.272
swarm_34_195.pdb	14.338	23.592	0.0930233	15.257
swarm_12_2.pdb	16.730	38.222	0	15.253
swarm_67_39.pdb	15.230	30.216	0	15.241
swarm_25_78.pdb	19.283	35.372	0	15.241
swarm_38_185.pdb	16.646	32.901	0	15.233
swarm_52_26.pdb	16.818	24.998	0	15.222
swarm_1_152.pdb	15.160	28.995	0	15.205
swarm_21_197.pdb	18.919	32.651	0	15.194
swarm_34_138.pdb	15.135	34.761	0	15.191
swarm_22_88.pdb	17.077	31.020	0.0232558	15.161
swarm_18_60.pdb	14.620	24.551	0	15.155
swarm_5_103.pdb	17.706	36.446	0	15.091
swarm_62_137.pdb	15.680	31.171	0	15.088
swarm_72_184.pdb	18.792	39.491	0	15.053
swarm_1_42.pdb	9.104	16.512	0	15.036
swarm_38_24.pdb	15.726	25.218	0	15.034
swarm_68_4.pdb	12.088	37.208	0	15.027
swarm_44_4.pdb	13.490	25.416	0	15.026
swarm_41_82.pdb	15.147	36.228	0	15.022
swarm_5_65.pdb	16.405	33.697	0	14.983
swarm_45_67.pdb	15.928	36.147	0	14.982
swarm_35_188.pdb	15.836	27.819	0	14.957
swarm_12_174.pdb	13.416	20.394	0	14.941
swarm_25_183.pdb	15.163	38.706	0	14.922
swarm_20_72.pdb	13.709	30.492	0	14.889
swarm_28_135.pdb	16.842	42.189	0	14.872
swarm_27_92.pdb	20.527	44.144	0	14.849
swarm_46_65.pdb	19.718	42.239	0	14.843
swarm_54_51.pdb	16.350	24.677	0	14.816
swarm_43_144.pdb	14.416	27.984	0	14.765
swarm_42_185.pdb	15.187	33.234	0	14.731
swarm_20_168.pdb	18.712	34.467	0	14.705
swarm_57_129.pdb	14.404	23.606	0	14.697
swarm_61_177.pdb	12.775	32.117	0	14.691
swarm_24_3.pdb	14.939	41.965	0	14.684
swarm_44_89.pdb	12.264	36.583	0	14.672
swarm_51_81.pdb	11.845	20.772	0	14.665
swarm_26_184.pdb	14.737	22.775	0	14.652
swarm_18_78.pdb	14.758	27.735	0	14.650
swarm_12_164.pdb	14.726	29.742	0	14.649
swarm_18_87.pdb	14.998	29.110	0	14.646
swarm_67_149.pdb	14.456	33.636	0	14.632
swarm_24_21.pdb	15.517	32.763	0	14.619
swarm_14_171.pdb	13.467	32.208	0	14.616
swarm_41_169.pdb	18.383	37.688	0	14.586
swarm_14_116.pdb	10.662	33.046	0	14.572
swarm_39_176.pdb	13.736	25.553	0	14.545
swarm_20_76.pdb	19.125	35.358	0	14.524
swarm_4_138.pdb	11.280	35.663	0	14.518
swarm_1_86.pdb	12.050	31.113	0	14.452
swarm_55_81.pdb	10.217	25.735	0.0465116	14.445
swarm_20_18.pdb	14.380	38.904	0	14.435
swarm_19_143.pdb	19.958	47.051	0	14.432
swarm_67_199.pdb	16.966	36.793	0	14.372
swarm_56_5.pdb	14.998	40.911	0	14.333
swarm_17_62.pdb	17.998	31.929	0	14.287
swarm_25_120.pdb	18.990	38.719	0	14.279
swarm_2_66.pdb	14.856	20.920	0	14.262
swarm_22_191.pdb	12.436	27.198	0	14.217
swarm_2_40.pdb	14.832	28.831	0	14.201
swarm_17_101.pdb	13.398	26.158	0	14.198
swarm_36_195.pdb	13.163	20.760	0	14.180
swarm_27_149.pdb	18.548	40.265	0	14.130
swarm_0_3.pdb	5.803	14.404	0.209302	14.105
swarm_5_195.pdb	19.264	37.181	0	14.060
swarm_37_69.pdb	13.675	25.472	0	14.037
swarm_43_95.pdb	15.813	24.347	0	13.944
swarm_24_93.pdb	18.593	41.221	0	13.833
swarm_20_21.pdb	16.598	35.122	0	13.799
swarm_48_14.pdb	19.647	50.329	0	13.790
swarm_46_167.pdb	21.767	43.873	0	13.787
swarm_62_175.pdb	18.583	39.244	0	13.786
swarm_31_92.pdb	12.880	38.459	0.0232558	13.718
swarm_39_56.pdb	15.193	32.061	0	13.689
swarm_4_35.pdb	16.891	29.400	0	13.626
swarm_19_20.pdb	18.514	37.559	0	13.599
swarm_66_157.pdb	19.493	43.944	0	13.533
swarm_20_125.pdb	15.774	33.309	0.0232558	13.524
swarm_25_27.pdb	17.127	38.294	0	13.523
swarm_62_62.pdb	17.189	31.969	0	13.445
swarm_14_156.pdb	14.809	35.266	0	13.423
swarm_18_69.pdb	13.776	29.759	0	13.386
swarm_43_91.pdb	20.246	42.612	0	13.368
swarm_50_0.pdb	18.359	32.729	0	13.346
swarm_11_12.pdb	15.026	25.707	0	13.337
swarm_44_172.pdb	19.533	43.608	0	13.332
swarm_51_20.pdb	15.834	30.394	0	13.301
swarm_69_74.pdb	18.140	41.954	0	13.300
swarm_26_58.pdb	15.515	33.785	0	13.292
swarm_66_18.pdb	21.155	42.873	0	13.287
swarm_22_130.pdb	13.933	27.296	0	13.273
swarm_4_145.pdb	16.141	29.882	0	13.261
swarm_11_78.pdb	15.922	31.998	0	13.236
swarm_32_181.pdb	15.145	24.217	0	13.217
swarm_42_80.pdb	18.672	33.972	0	13.210
swarm_14_66.pdb	17.353	41.389	0	13.210
swarm_18_82.pdb	15.950	31.242	0	13.195
swarm_39_81.pdb	15.322	38.809	0	13.187
swarm_11_30.pdb	19.099	37.088	0	13.183
swarm_56_109.pdb	16.123	39.642	0	13.174
swarm_33_2.pdb	15.549	33.938	0	13.162
swarm_69_113.pdb	16.012	32.430	0	13.152
swarm_3_60.pdb	12.748	23.577	0	13.142
swarm_22_25.pdb	18.582	35.580	0	13.077
swarm_57_54.pdb	13.065	35.735	0	13.050
swarm_12_6.pdb	15.117	32.596	0	13.049
swarm_18_114.pdb	10.392	19.854	0	13.020
swarm_3_49.pdb	14.503	27.164	0	12.932
swarm_38_172.pdb	14.977	25.097	0	12.919
swarm_25_154.pdb	20.048	41.500	0	12.911
swarm_18_116.pdb	15.760	28.333	0	12.836
swarm_49_26.pdb	15.949	26.789	0	12.746
swarm_17_137.pdb	15.241	33.476	0	12.742
swarm_2_97.pdb	12.524	21.330	0	12.725
swarm_46_125.pdb	19.969	45.734	0	12.695
swarm_47_198.pdb	19.603	44.980	0	12.691
swarm_6_6.pdb	19.968	41.350	0	12.682
swarm_59_146.pdb	18.929	31.818	0	12.671
swarm_48_144.pdb	16.972	40.269	0	12.648
swarm_27_97.pdb	18.295	37.285	0	12.585
swarm_56_165.pdb	18.546	41.059	0	12.557
swarm_68_13.pdb	18.139	35.181	0	12.544
swarm_1_74.pdb	20.395	40.312	0	12.481
swarm_8_191.pdb	16.291	40.297	0	12.470
swarm_67_108.pdb	9.560	25.054	0	12.460
swarm_18_82.pdb	12.182	27.267	0	12.455
swarm_17_164.pdb	5.829	11.876	0.0930233	12.455
swarm_51_147.pdb	10.799	25.799	0	12.442
swarm_65_153.pdb	16.272	36.856	0	12.437
swarm_2_135.pdb	18.046	28.548	0	12.415
swarm_33_117.pdb	16.563	27.678	0	12.355
swarm_68_107.pdb	18.732	40.819	0	12.330
swarm_9_82.pdb	17.311	41.291	0	12.296
swarm_52_48.pdb	15.118	22.970	0	12.257
swarm_29_80.pdb	18.436	43.994	0	12.189
swarm_68_39.pdb	13.902	44.619	0	12.172
swarm_34_78.pdb	19.109	41.449	0	12.171
swarm_17_34.pdb	17.224	24.352	0	12.097
swarm_9_16.pdb	16.671	42.778	0	12.075
swarm_4_40.pdb	10.745	34.611	0	12.057
swarm_27_98.pdb	18.069	47.606	0.0232558	12.024
swarm_67_3.pdb	8.279	27.937	0.0697674	11.994
swarm_1_26.pdb	10.135	34.053	0	11.992
swarm_39_186.pdb	18.100	36.458	0	11.929
swarm_50_74.pdb	18.375	30.374	0	11.780
swarm_32_192.pdb	15.430	42.203	0	11.764
swarm_58_48.pdb	17.269	33.877	0	11.753
swarm_49_133.pdb	16.842	43.766	0	11.740
swarm_24_147.pdb	17.597	40.442	0	11.735
swarm_50_67.pdb	12.919	24.861	0	11.678
swarm_3_56.pdb	18.311	27.510	0	11.629
swarm_4_149.pdb	15.380	28.619	0	11.621
swarm_44_1.pdb	11.733	34.856	0	11.556
swarm_27_6.pdb	18.107	41.703	0	11.556
swarm_39_141.pdb	15.896	41.559	0	11.508
swarm_48_52.pdb	17.131	40.625	0	11.500
swarm_50_2.pdb	17.552	31.866	0	11.472
swarm_30_167.pdb	17.815	26.044	0	11.234
swarm_53_176.pdb	14.206	24.168	0	11.228
swarm_20_22.pdb	18.391	34.932	0	11.207
swarm_35_172.pdb	12.445	39.101	0	11.134
swarm_12_19.pdb	14.728	32.729	0	11.089
swarm_67_90.pdb	19.601	31.957	0	11.011
swarm_31_85.pdb	19.540	37.722	0	10.795
swarm_41_79.pdb	14.282	32.868	0.0232558	10.783
swarm_19_136.pdb	15.811	39.731	0	10.699
swarm_54_169.pdb	9.584	28.982	0.0232558	10.667
swarm_4_58.pdb	14.280	31.474	0	10.490
swarm_34_112.pdb	14.680	26.574	0	10.418
swarm_67_53.pdb	15.867	29.527	0	10.384
swarm_46_115.pdb	20.601	42.605	0	10.238
swarm_13_127.pdb	20.091	41.297	0	10.090
swarm_19_70.pdb	17.095	36.528	0	9.901
swarm_9_88.pdb	19.016	42.080	0	9.833
swarm_19_33.pdb	17.384	35.354	0	9.791
swarm_27_156.pdb	16.443	32.684	0	9.732
swarm_14_185.pdb	18.812	40.825	0	9.682
swarm_17_78.pdb	8.602	19.788	0.0465116	9.445
swarm_4_96.pdb	14.170	22.324	0	9.432
swarm_42_135.pdb	10.100	32.626	0	9.288
swarm_48_65.pdb	13.866	40.190	0	9.141
swarm_21_157.pdb	12.131	30.193	0	9.076
swarm_22_50.pdb	15.701	27.353	0	8.823
swarm_21_90.pdb	15.441	27.244	0	8.801
swarm_7_54.pdb	15.761	32.127	0.0697674	8.675
swarm_31_129.pdb	11.696	32.505	0.0232558	8.617
swarm_20_65.pdb	17.047	29.352	0	8.533
swarm_25_78.pdb	12.609	32.816	0	8.528
swarm_3_171.pdb	13.711	24.068	0	8.413
swarm_49_142.pdb	13.131	38.183	0	8.355
swarm_30_152.pdb	17.277	43.923	0	8.194
swarm_22_164.pdb	16.599	31.123	0	7.694
swarm_44_135.pdb	14.744	23.290	0.0232558	7.612
swarm_34_23.pdb	16.950	28.906	0	7.522
swarm_36_100.pdb	14.564	31.183	0	7.478
swarm_39_70.pdb	15.235	39.706	0.0232558	7.453
swarm_15_169.pdb	13.622	26.968	0	7.281
swarm_1_52.pdb	21.125	39.849	0	6.390
swarm_19_94.pdb	13.971	29.856	0	6.129
swarm_24_66.pdb	13.588	26.913	0	6.108
swarm_67_27.pdb	3.736	7.100	0.348837	5.796
swarm_54_33.pdb	17.401	34.400	0.0232558	5.625
swarm_55_92.pdb	16.060	29.952	0	5.450
swarm_14_63.pdb	13.101	30.003	0	4.780
swarm_25_191.pdb	16.303	37.631	0.0232558	4.683
swarm_44_72.pdb	12.395	19.737	0	3.707
swarm_46_43.pdb	16.748	42.709	0	3.689
swarm_54_114.pdb	16.213	26.028	0.0930233	2.986
swarm_6_134.pdb	13.298	38.748	0	2.694
swarm_50_190.pdb	15.218	24.198	0	2.460
swarm_66_171.pdb	15.332	34.058	0.0465116	2.127
swarm_25_6.pdb	12.196	35.663	0	1.646
swarm_69_50.pdb	18.130	40.489	0	1.542
swarm_51_42.pdb	15.776	25.265	0.0465116	1.394
swarm_33_72.pdb	8.924	24.061	0.0232558	1.352
swarm_43_44.pdb	14.909	36.796	0.0232558	1.166
swarm_71_31.pdb	21.005	46.977	0	0.927
swarm_25_190.pdb	19.218	38.162	0.0232558	0.783
swarm_36_60.pdb	11.295	27.031	0	0.497
swarm_42_60.pdb	16.577	36.348	0	0.222
swarm_1_133.pdb	14.892	26.436	0.0232558	0.198
