swarm_40_17.pdb	4.210	13.366	0.162791	49.985
swarm_34_104.pdb	3.245	4.353	0.627907	45.350
swarm_42_63.pdb	3.487	5.851	0.534884	44.639
swarm_44_166.pdb	4.577	15.101	0.116279	44.517
swarm_46_97.pdb	4.699	15.067	0.0465116	44.157
swarm_12_28.pdb	4.490	14.199	0.139535	43.936
swarm_50_11.pdb	8.976	16.083	0	43.856
swarm_10_97.pdb	8.238	14.426	0.0465116	42.877
swarm_32_59.pdb	3.444	6.369	0.418605	42.120
swarm_59_183.pdb	8.219	30.839	0	42.077
swarm_53_151.pdb	2.903	5.512	0.534884	41.946
swarm_52_142.pdb	8.176	13.024	0.0465116	41.864
swarm_58_142.pdb	8.656	15.112	0	41.524
swarm_37_77.pdb	4.896	15.807	0.116279	41.350
swarm_57_177.pdb	8.346	13.314	0	41.337
swarm_17_115.pdb	7.867	14.277	0.0232558	41.094
swarm_54_144.pdb	3.888	6.488	0.627907	40.796
swarm_23_115.pdb	4.066	11.558	0.139535	40.574
swarm_49_59.pdb	3.947	7.240	0.511628	40.408
swarm_35_44.pdb	3.618	5.739	0.325581	40.322
swarm_30_120.pdb	4.116	11.903	0.162791	40.071
swarm_36_183.pdb	3.877	12.119	0.372093	39.758
swarm_43_52.pdb	5.764	17.382	0.0465116	39.647
swarm_3_147.pdb	4.434	10.365	0.209302	39.643
swarm_16_15.pdb	8.691	15.246	0	39.440
swarm_12_132.pdb	7.350	12.159	0.0232558	39.348
swarm_18_110.pdb	7.151	12.618	0.0232558	39.230
swarm_52_169.pdb	6.639	13.904	0.116279	39.157
swarm_56_33.pdb	4.238	11.252	0.209302	39.126
swarm_42_173.pdb	8.285	30.447	0	39.057
swarm_20_20.pdb	5.140	15.469	0.162791	38.975
swarm_49_28.pdb	6.892	10.276	0.0465116	38.946
swarm_16_14.pdb	6.933	23.161	0	38.932
swarm_48_120.pdb	3.380	4.969	0.348837	38.594
swarm_21_31.pdb	7.474	10.611	0	38.448
swarm_5_138.pdb	6.853	22.891	0.0232558	38.408
swarm_49_3.pdb	7.325	13.432	0.0232558	38.306
swarm_29_41.pdb	7.719	17.163	0.162791	38.226
swarm_67_175.pdb	4.187	9.739	0.116279	38.160
swarm_39_136.pdb	4.450	14.411	0.0232558	37.955
swarm_2_78.pdb	8.442	14.142	0	37.921
swarm_20_165.pdb	7.627	27.638	0	37.624
swarm_18_0.pdb	5.027	15.990	0.0232558	37.557
swarm_44_166.pdb	4.951	6.796	0.0930233	37.529
swarm_19_132.pdb	5.152	15.356	0.162791	37.510
swarm_22_23.pdb	9.326	18.413	0	37.273
swarm_45_128.pdb	4.522	12.813	0.255814	37.165
swarm_25_60.pdb	6.630	25.348	0	37.142
swarm_17_117.pdb	4.220	11.359	0.116279	37.106
swarm_41_120.pdb	8.027	28.811	0	37.099
swarm_17_88.pdb	5.915	13.902	0.0232558	37.085
swarm_58_45.pdb	3.564	4.356	0.604651	37.028
swarm_29_179.pdb	9.634	16.501	0	36.935
swarm_0_105.pdb	4.668	9.015	0.162791	36.564
swarm_54_65.pdb	8.513	31.771	0	36.563
swarm_34_109.pdb	7.473	28.241	0	36.562
swarm_3_75.pdb	6.109	13.005	0.139535	36.519
swarm_51_46.pdb	8.891	33.038	0	36.411
swarm_50_38.pdb	7.847	17.383	0.116279	36.282
swarm_2_44.pdb	5.157	15.003	0.209302	36.228
swarm_67_127.pdb	5.234	10.495	0.162791	36.162
swarm_65_52.pdb	3.391	4.304	0.465116	36.147
swarm_17_37.pdb	9.762	17.011	0	36.021
swarm_11_45.pdb	10.132	20.330	0	35.997
swarm_34_86.pdb	7.690	18.006	0.0232558	35.793
swarm_3_118.pdb	5.164	7.594	0.0697674	35.748
swarm_47_9.pdb	4.226	10.539	0.209302	35.726
swarm_32_5.pdb	3.625	6.708	0.418605	35.473
swarm_24_102.pdb	7.894	30.162	0	35.473
swarm_23_180.pdb	6.109	13.686	0.0930233	35.288
swarm_58_122.pdb	5.803	19.619	0.0697674	35.257
swarm_39_187.pdb	6.734	24.532	0.0697674	35.099
swarm_5_172.pdb	6.504	17.341	0.0232558	35.056
swarm_50_70.pdb	5.227	18.514	0.0232558	34.978
swarm_35_31.pdb	6.522	18.717	0.0465116	34.975
swarm_54_90.pdb	5.171	9.413	0.139535	34.866
swarm_2_122.pdb	5.204	14.182	0.139535	34.575
swarm_0_188.pdb	6.970	10.752	0.0232558	34.468
swarm_53_43.pdb	4.590	7.388	0.116279	34.399
swarm_21_179.pdb	5.341	15.383	0	34.383
swarm_22_34.pdb	7.627	27.746	0	34.361
swarm_38_135.pdb	6.425	21.421	0.0465116	34.359
swarm_43_191.pdb	3.832	8.031	0.302326	34.340
swarm_10_189.pdb	9.296	15.909	0	34.166
swarm_1_137.pdb	9.305	16.475	0	34.148
swarm_5_31.pdb	8.488	31.079	0	34.127
swarm_60_60.pdb	12.824	32.656	0	33.921
swarm_52_47.pdb	6.032	9.559	0.0232558	33.889
swarm_38_119.pdb	7.401	18.932	0.0232558	33.827
swarm_34_84.pdb	4.799	15.046	0.162791	33.593
swarm_3_10.pdb	6.811	9.653	0	33.456
swarm_25_188.pdb	7.280	24.345	0.0232558	33.431
swarm_50_32.pdb	7.639	15.142	0.0232558	33.397
swarm_52_68.pdb	3.749	5.215	0.511628	33.385
swarm_65_150.pdb	8.573	15.011	0	33.366
swarm_26_117.pdb	4.653	7.709	0.116279	33.212
swarm_55_177.pdb	3.379	5.783	0.255814	32.943
swarm_51_59.pdb	10.095	18.627	0	32.892
swarm_43_32.pdb	7.580	16.191	0.0232558	32.784
swarm_54_135.pdb	5.443	12.894	0.0697674	32.703
swarm_28_195.pdb	8.723	34.181	0	32.697
swarm_67_153.pdb	7.991	12.027	0	32.679
swarm_35_47.pdb	4.452	12.612	0.232558	32.496
swarm_1_79.pdb	7.332	13.718	0.0232558	32.462
swarm_50_183.pdb	8.312	29.404	0	32.449
swarm_38_157.pdb	7.742	11.466	0	32.402
swarm_13_177.pdb	8.525	29.933	0	32.361
swarm_47_67.pdb	7.761	15.910	0.0465116	32.291
swarm_26_88.pdb	8.089	19.041	0.0232558	32.284
swarm_46_66.pdb	6.479	17.820	0.0930233	32.216
swarm_23_28.pdb	4.351	10.471	0.27907	32.210
swarm_61_54.pdb	13.037	23.478	0	32.187
swarm_3_81.pdb	5.473	12.966	0.116279	32.145
swarm_4_27.pdb	13.200	26.496	0	32.143
swarm_48_20.pdb	5.484	14.420	0.0232558	32.044
swarm_5_0.pdb	12.116	33.108	0	31.905
swarm_43_73.pdb	8.046	16.832	0.0465116	31.871
swarm_49_95.pdb	13.491	37.263	0	31.828
swarm_43_33.pdb	6.597	20.144	0.0465116	31.701
swarm_20_159.pdb	9.638	17.521	0	31.515
swarm_23_157.pdb	5.322	7.060	0.0930233	31.372
swarm_38_107.pdb	5.320	18.981	0.0465116	31.326
swarm_48_36.pdb	12.366	36.467	0	31.256
swarm_53_15.pdb	10.289	33.948	0	31.194
swarm_1_123.pdb	4.610	7.502	0.162791	31.082
swarm_19_80.pdb	8.283	21.620	0.0697674	31.047
swarm_20_121.pdb	10.231	20.394	0	31.000
swarm_55_19.pdb	6.981	10.967	0	30.979
swarm_47_123.pdb	7.703	13.098	0	30.790
swarm_30_131.pdb	12.467	21.208	0	30.761
swarm_57_182.pdb	5.013	14.462	0.255814	30.752
swarm_53_41.pdb	7.551	16.116	0.0232558	30.610
swarm_33_137.pdb	7.054	22.843	0.0232558	30.593
swarm_21_150.pdb	8.005	16.195	0	30.431
swarm_4_173.pdb	7.759	25.389	0	30.377
swarm_59_33.pdb	13.312	37.466	0	30.355
swarm_17_60.pdb	4.074	6.430	0.511628	30.353
swarm_26_52.pdb	4.704	12.157	0.209302	30.317
swarm_58_105.pdb	12.379	31.896	0	30.315
swarm_21_158.pdb	8.415	23.205	0.0465116	30.257
swarm_15_169.pdb	13.340	39.230	0	30.232
swarm_64_72.pdb	15.023	39.054	0	30.203
swarm_21_7.pdb	5.832	19.118	0.0697674	30.171
swarm_25_50.pdb	5.621	17.663	0.0697674	30.160
swarm_34_131.pdb	8.239	15.120	0	29.927
swarm_22_79.pdb	7.809	23.753	0	29.882
swarm_21_139.pdb	13.925	27.938	0	29.810
swarm_2_186.pdb	9.621	18.860	0	29.741
swarm_47_146.pdb	12.405	32.271	0	29.732
swarm_36_71.pdb	8.154	20.307	0.0232558	29.693
swarm_8_10.pdb	10.518	29.635	0	29.649
swarm_33_142.pdb	10.853	28.418	0.0232558	29.646
swarm_38_76.pdb	13.932	35.607	0	29.572
swarm_22_138.pdb	6.691	21.388	0	29.506
swarm_48_127.pdb	13.888	40.753	0	29.471
swarm_30_65.pdb	8.817	23.292	0	29.409
swarm_1_105.pdb	3.674	7.422	0.186047	29.285
swarm_61_85.pdb	13.390	34.347	0	29.250
swarm_43_63.pdb	13.226	25.670	0	29.249
swarm_52_29.pdb	3.729	5.767	0.302326	29.241
swarm_27_144.pdb	6.946	25.623	0	29.230
swarm_37_122.pdb	9.918	27.698	0	29.183
swarm_8_115.pdb	10.709	22.671	0	29.182
swarm_7_197.pdb	6.898	15.494	0.0232558	29.171
swarm_39_94.pdb	13.444	28.776	0	29.152
swarm_8_133.pdb	12.889	32.589	0	29.150
swarm_26_110.pdb	10.117	27.559	0	29.132
swarm_23_24.pdb	4.388	10.072	0.418605	29.118
swarm_23_50.pdb	6.649	10.640	0.0930233	29.044
swarm_20_140.pdb	6.723	16.470	0.0232558	29.042
swarm_50_73.pdb	5.741	19.599	0	29.013
swarm_3_118.pdb	7.046	20.643	0	28.992
swarm_31_77.pdb	12.654	25.241	0	28.890
swarm_41_47.pdb	9.326	27.616	0	28.820
swarm_62_1.pdb	12.749	25.027	0	28.793
swarm_35_159.pdb	13.534	38.575	0	28.766
swarm_51_122.pdb	5.782	14.540	0.116279	28.724
swarm_53_127.pdb	10.652	22.117	0	28.644
swarm_55_75.pdb	12.862	22.446	0	28.623
swarm_62_99.pdb	7.974	23.303	0	28.617
swarm_12_197.pdb	6.314	23.440	0	28.599
swarm_11_41.pdb	11.976	31.120	0	28.418
swarm_18_115.pdb	12.696	25.755	0	28.349
swarm_24_48.pdb	16.974	32.503	0	28.334
swarm_30_57.pdb	8.036	28.753	0	28.231
swarm_25_116.pdb	10.438	34.060	0	28.063
swarm_29_178.pdb	6.525	21.979	0	28.055
swarm_39_21.pdb	13.560	36.264	0	28.026
swarm_12_140.pdb	4.716	10.472	0.27907	27.986
swarm_16_38.pdb	8.086	17.841	0.116279	27.962
swarm_71_66.pdb	16.580	34.925	0	27.901
swarm_33_44.pdb	11.480	30.557	0	27.879
swarm_42_57.pdb	12.606	28.682	0	27.858
swarm_24_2.pdb	8.678	25.002	0.0232558	27.853
swarm_37_154.pdb	5.058	12.811	0.186047	27.843
swarm_38_58.pdb	13.600	23.126	0	27.740
swarm_19_84.pdb	9.834	25.315	0	27.691
swarm_47_93.pdb	14.673	38.807	0	27.651
swarm_39_117.pdb	8.493	18.182	0	27.639
swarm_70_117.pdb	13.433	37.533	0	27.574
swarm_59_180.pdb	9.032	15.184	0	27.526
swarm_61_49.pdb	13.400	38.817	0	27.491
swarm_38_28.pdb	7.719	28.161	0.0465116	27.487
swarm_36_119.pdb	8.688	25.433	0	27.436
swarm_16_139.pdb	5.078	16.183	0.302326	27.368
swarm_50_81.pdb	6.583	15.517	0.0930233	27.345
swarm_41_175.pdb	11.170	32.323	0	27.148
swarm_12_164.pdb	9.838	22.915	0	27.132
swarm_39_15.pdb	12.527	34.752	0	26.993
swarm_39_43.pdb	16.219	35.228	0	26.977
swarm_27_139.pdb	13.782	36.055	0	26.941
swarm_72_179.pdb	17.073	37.301	0	26.901
swarm_3_13.pdb	12.644	20.702	0	26.900
swarm_67_67.pdb	13.859	39.011	0	26.886
swarm_17_165.pdb	7.264	10.733	0	26.828
swarm_19_103.pdb	13.156	33.976	0	26.814
swarm_66_30.pdb	16.558	34.658	0	26.806
swarm_38_41.pdb	7.206	13.161	0	26.806
swarm_41_101.pdb	13.105	36.760	0	26.793
swarm_63_125.pdb	13.957	35.276	0	26.785
swarm_56_194.pdb	13.982	40.562	0	26.773
swarm_64_154.pdb	10.739	20.069	0	26.769
swarm_41_1.pdb	8.749	27.667	0.0232558	26.755
swarm_8_13.pdb	6.931	23.743	0	26.722
swarm_38_113.pdb	11.874	35.617	0	26.663
swarm_60_113.pdb	12.348	36.020	0	26.658
swarm_10_123.pdb	12.623	31.940	0	26.595
swarm_65_56.pdb	16.417	35.887	0	26.572
swarm_32_122.pdb	13.065	20.973	0	26.559
swarm_17_67.pdb	6.517	15.112	0.139535	26.532
swarm_18_161.pdb	7.269	20.135	0	26.521
swarm_55_92.pdb	14.790	39.032	0	26.503
swarm_4_159.pdb	14.020	39.020	0	26.493
swarm_47_21.pdb	13.375	33.807	0	26.460
swarm_67_129.pdb	9.602	33.735	0	26.459
swarm_5_25.pdb	14.155	32.443	0	26.427
swarm_2_10.pdb	8.187	20.477	0.0465116	26.421
swarm_5_9.pdb	10.401	31.384	0.0232558	26.419
swarm_51_96.pdb	14.835	38.679	0	26.399
swarm_58_21.pdb	13.268	29.148	0	26.384
swarm_73_179.pdb	12.495	36.783	0	26.367
swarm_66_35.pdb	12.537	35.257	0	26.361
swarm_61_190.pdb	15.168	39.355	0	26.306
swarm_54_183.pdb	12.658	26.680	0	26.306
swarm_7_79.pdb	6.677	23.274	0	26.292
swarm_59_45.pdb	13.665	27.609	0	26.272
swarm_7_47.pdb	8.895	25.027	0	26.239
swarm_57_55.pdb	14.390	39.084	0	26.220
swarm_6_85.pdb	13.807	34.876	0	26.153
swarm_28_52.pdb	9.158	29.186	0.0232558	26.142
swarm_33_71.pdb	6.623	20.667	0.0232558	26.125
swarm_13_123.pdb	14.206	33.253	0	26.107
swarm_51_101.pdb	13.359	22.494	0	26.070
swarm_4_75.pdb	14.157	21.735	0	26.021
swarm_72_66.pdb	13.298	35.918	0	25.955
swarm_46_172.pdb	13.592	34.644	0	25.899
swarm_6_150.pdb	14.568	28.927	0	25.885
swarm_7_9.pdb	7.382	22.578	0	25.813
swarm_69_155.pdb	12.989	37.003	0	25.812
swarm_28_171.pdb	11.507	23.449	0	25.755
swarm_53_37.pdb	6.317	22.100	0	25.744
swarm_38_62.pdb	8.532	14.988	0.0232558	25.627
swarm_54_150.pdb	9.882	21.100	0	25.518
swarm_9_158.pdb	13.700	38.749	0	25.383
swarm_59_25.pdb	8.654	20.434	0.0697674	25.382
swarm_39_138.pdb	9.913	26.148	0	25.380
swarm_53_74.pdb	6.944	23.180	0	25.366
swarm_8_31.pdb	13.239	32.180	0	25.338
swarm_64_28.pdb	8.651	14.547	0	25.335
swarm_25_121.pdb	15.950	34.467	0	25.232
swarm_55_193.pdb	10.548	33.791	0	25.218
swarm_19_28.pdb	7.708	21.282	0.0465116	25.195
swarm_26_115.pdb	8.803	20.785	0.0232558	25.191
swarm_41_129.pdb	17.160	33.883	0	25.184
swarm_20_114.pdb	9.059	25.655	0.0232558	25.167
swarm_50_126.pdb	6.917	21.703	0.0232558	25.164
swarm_57_78.pdb	12.361	35.779	0	25.135
swarm_7_25.pdb	11.601	30.236	0.0232558	25.127
swarm_13_116.pdb	13.009	33.907	0	25.107
swarm_15_85.pdb	13.796	39.835	0	25.094
swarm_33_110.pdb	13.060	24.031	0	25.038
swarm_50_107.pdb	12.829	23.985	0	25.037
swarm_58_164.pdb	14.292	39.986	0	24.983
swarm_52_117.pdb	10.160	32.151	0	24.954
swarm_54_109.pdb	6.724	12.370	0.139535	24.881
swarm_64_92.pdb	12.654	36.140	0	24.879
swarm_1_191.pdb	8.738	20.319	0	24.852
swarm_27_155.pdb	9.181	27.584	0.0232558	24.747
swarm_47_38.pdb	9.692	14.759	0	24.745
swarm_36_99.pdb	13.869	35.911	0	24.739
swarm_33_197.pdb	12.899	38.028	0	24.721
swarm_40_10.pdb	13.979	35.873	0	24.703
swarm_60_106.pdb	14.135	35.200	0	24.699
swarm_13_144.pdb	13.818	44.098	0	24.688
swarm_69_156.pdb	18.048	39.817	0	24.676
swarm_12_192.pdb	11.081	31.886	0	24.662
swarm_36_14.pdb	9.421	32.547	0	24.659
swarm_54_118.pdb	6.141	18.614	0.0232558	24.626
swarm_74_198.pdb	14.593	42.344	0	24.610
swarm_36_87.pdb	13.814	24.204	0	24.535
swarm_15_31.pdb	13.562	35.703	0	24.493
swarm_39_133.pdb	6.826	24.565	0	24.478
swarm_28_106.pdb	9.729	30.469	0	24.426
swarm_70_138.pdb	16.871	35.230	0	24.396
swarm_13_156.pdb	13.944	34.522	0	24.311
swarm_35_84.pdb	6.803	16.698	0.209302	24.291
swarm_31_123.pdb	14.257	37.883	0	24.271
swarm_5_77.pdb	14.467	37.541	0	24.173
swarm_68_40.pdb	15.229	39.128	0	24.132
swarm_33_173.pdb	16.531	42.619	0	24.080
swarm_51_5.pdb	18.636	39.277	0	24.071
swarm_43_104.pdb	13.295	39.794	0	24.059
swarm_14_20.pdb	12.924	29.642	0	24.042
swarm_69_80.pdb	12.949	29.437	0	23.878
swarm_42_183.pdb	9.006	21.774	0.0930233	23.873
swarm_50_15.pdb	12.226	27.466	0	23.859
swarm_29_102.pdb	13.348	40.045	0	23.842
swarm_2_79.pdb	13.718	25.920	0	23.831
swarm_25_14.pdb	13.040	35.232	0	23.826
swarm_42_146.pdb	13.174	30.939	0	23.775
swarm_38_14.pdb	13.663	34.822	0	23.688
swarm_52_121.pdb	8.874	32.148	0	23.666
swarm_59_21.pdb	13.658	31.361	0	23.557
swarm_28_24.pdb	12.470	37.614	0	23.521
swarm_54_193.pdb	10.862	28.520	0	23.518
swarm_62_79.pdb	12.629	31.933	0	23.495
swarm_71_29.pdb	13.933	38.961	0	23.277
swarm_68_175.pdb	13.663	35.291	0	23.272
swarm_71_174.pdb	15.694	39.227	0	23.228
swarm_22_37.pdb	9.472	23.446	0	23.162
swarm_51_35.pdb	14.645	39.761	0	23.161
swarm_49_135.pdb	6.766	16.509	0.139535	23.129
swarm_33_138.pdb	13.311	30.972	0	23.102
swarm_24_81.pdb	12.467	34.688	0	23.073
swarm_53_147.pdb	6.302	13.179	0.0930233	23.038
swarm_24_145.pdb	6.680	18.777	0.0465116	22.964
swarm_20_93.pdb	10.597	24.089	0	22.959
swarm_26_165.pdb	9.515	32.361	0	22.879
swarm_8_16.pdb	12.177	31.780	0.0232558	22.755
swarm_14_131.pdb	12.489	37.765	0	22.664
swarm_69_145.pdb	7.084	17.310	0.0232558	22.635
swarm_11_189.pdb	9.928	25.274	0	22.615
swarm_16_83.pdb	15.624	39.776	0	22.579
swarm_45_28.pdb	15.023	37.724	0	22.557
swarm_52_91.pdb	7.743	18.203	0.0697674	22.526
swarm_19_94.pdb	13.829	39.075	0	22.519
swarm_6_92.pdb	9.790	32.470	0	22.475
swarm_37_131.pdb	8.731	27.025	0.0232558	22.464
swarm_25_100.pdb	12.923	27.341	0	22.456
swarm_4_82.pdb	16.386	41.991	0	22.425
swarm_33_166.pdb	14.219	23.351	0	22.334
swarm_2_88.pdb	7.537	17.037	0.0697674	22.254
swarm_75_194.pdb	13.278	41.352	0	22.217
swarm_25_142.pdb	8.865	21.068	0	22.215
swarm_75_118.pdb	15.095	40.482	0	22.209
swarm_53_82.pdb	14.357	39.138	0	22.192
swarm_6_146.pdb	11.820	30.365	0	22.170
swarm_46_136.pdb	12.562	39.841	0	22.164
swarm_62_82.pdb	17.737	34.983	0	22.136
swarm_36_28.pdb	12.662	29.478	0	22.080
swarm_68_93.pdb	17.042	34.309	0	22.038
swarm_33_34.pdb	14.578	41.108	0	21.984
swarm_49_13.pdb	9.387	21.245	0	21.975
swarm_4_67.pdb	12.142	38.122	0	21.962
swarm_27_168.pdb	13.593	40.821	0	21.928
swarm_50_53.pdb	8.601	24.980	0.0232558	21.901
swarm_36_58.pdb	14.586	26.453	0	21.805
swarm_26_80.pdb	12.660	20.440	0	21.784
swarm_31_93.pdb	12.851	36.072	0	21.767
swarm_15_196.pdb	10.338	28.534	0.0232558	21.763
swarm_60_52.pdb	12.159	30.126	0	21.758
swarm_24_40.pdb	8.246	26.738	0	21.727
swarm_11_77.pdb	17.526	40.672	0	21.708
swarm_49_52.pdb	9.110	25.300	0	21.675
swarm_58_43.pdb	9.211	33.686	0	21.659
swarm_1_177.pdb	8.540	26.732	0	21.601
swarm_60_189.pdb	13.673	35.199	0	21.583
swarm_67_163.pdb	12.880	25.577	0	21.543
swarm_34_43.pdb	7.558	24.515	0.0232558	21.530
swarm_26_128.pdb	11.799	34.824	0	21.483
swarm_27_136.pdb	14.189	38.419	0	21.412
swarm_18_97.pdb	11.226	21.068	0	21.369
swarm_27_64.pdb	8.219	27.377	0	21.368
swarm_61_179.pdb	15.202	40.118	0	21.364
swarm_22_4.pdb	11.193	20.031	0	21.338
swarm_69_171.pdb	9.063	22.483	0.0465116	21.316
swarm_6_34.pdb	12.910	36.116	0	21.194
swarm_69_118.pdb	15.279	37.805	0	21.182
swarm_43_73.pdb	18.007	41.315	0	20.969
swarm_68_12.pdb	11.553	33.248	0	20.967
swarm_17_92.pdb	7.594	21.543	0.0697674	20.872
swarm_58_186.pdb	14.832	28.323	0	20.866
swarm_39_172.pdb	12.479	36.876	0	20.859
swarm_10_90.pdb	8.678	22.242	0.0930233	20.782
swarm_55_91.pdb	9.917	22.690	0	20.758
swarm_68_44.pdb	14.142	38.663	0	20.720
swarm_28_21.pdb	14.722	31.575	0	20.690
swarm_0_162.pdb	7.537	18.216	0.0697674	20.590
swarm_5_130.pdb	13.630	35.747	0	20.578
swarm_30_20.pdb	13.737	35.710	0	20.539
swarm_66_184.pdb	15.105	37.143	0	20.537
swarm_39_27.pdb	13.454	35.086	0	20.536
swarm_2_152.pdb	11.095	16.692	0	20.352
swarm_22_36.pdb	9.822	27.690	0.0465116	20.343
swarm_67_77.pdb	13.779	31.593	0	20.102
swarm_35_110.pdb	12.551	27.258	0.0232558	20.070
swarm_65_146.pdb	7.590	17.465	0.116279	20.060
swarm_54_9.pdb	11.443	28.995	0	20.010
swarm_63_176.pdb	14.839	42.270	0	19.943
swarm_69_160.pdb	7.371	15.057	0.0465116	19.704
swarm_35_30.pdb	7.755	23.836	0	19.666
swarm_16_57.pdb	8.000	16.559	0.0232558	19.619
swarm_44_5.pdb	7.931	24.480	0.116279	19.595
swarm_61_43.pdb	16.764	45.176	0	19.589
swarm_29_142.pdb	14.745	37.350	0	19.514
swarm_43_18.pdb	13.722	40.024	0	19.440
swarm_43_99.pdb	15.640	38.284	0	19.271
swarm_45_105.pdb	13.438	33.838	0	19.249
swarm_36_112.pdb	8.378	21.015	0	19.177
swarm_17_29.pdb	11.454	20.124	0	19.154
swarm_66_81.pdb	11.102	30.412	0	18.985
swarm_61_58.pdb	10.300	24.185	0	18.849
swarm_65_93.pdb	12.652	24.253	0	18.835
swarm_40_196.pdb	12.618	24.070	0	18.779
swarm_17_25.pdb	8.220	17.081	0.0697674	18.774
swarm_14_192.pdb	15.408	43.632	0	18.673
swarm_55_30.pdb	6.003	10.055	0.186047	18.206
swarm_62_94.pdb	11.262	30.045	0	18.201
swarm_29_76.pdb	17.718	42.859	0	18.082
swarm_27_22.pdb	17.316	37.993	0	18.081
swarm_36_54.pdb	11.087	29.893	0	18.065
swarm_31_25.pdb	13.092	35.737	0	18.065
swarm_14_94.pdb	12.100	39.345	0	17.962
swarm_34_173.pdb	9.877	15.584	0.0232558	17.857
swarm_24_170.pdb	11.947	21.802	0	17.845
swarm_27_89.pdb	15.121	39.269	0	17.818
swarm_40_6.pdb	10.317	19.839	0	17.781
swarm_75_86.pdb	13.896	42.393	0	17.677
swarm_10_133.pdb	16.184	32.414	0	17.643
swarm_32_30.pdb	16.507	44.656	0	17.599
swarm_32_179.pdb	12.392	19.023	0	17.590
swarm_46_15.pdb	15.961	43.884	0	17.549
swarm_58_190.pdb	5.953	11.684	0.162791	17.448
swarm_34_169.pdb	14.586	34.637	0	17.290
swarm_68_48.pdb	14.490	30.456	0	17.235
swarm_66_53.pdb	13.280	26.059	0	17.141
swarm_64_112.pdb	11.738	22.492	0	17.107
swarm_14_129.pdb	14.006	30.104	0	17.017
swarm_13_185.pdb	13.322	37.086	0	16.944
swarm_59_37.pdb	13.464	30.318	0	16.940
swarm_25_31.pdb	17.871	37.112	0	16.917
swarm_1_138.pdb	13.892	26.313	0	16.826
swarm_62_158.pdb	8.905	19.149	0	16.814
swarm_25_38.pdb	12.427	24.136	0	16.794
swarm_28_11.pdb	17.067	43.711	0	16.668
swarm_49_184.pdb	11.689	25.542	0	16.494
swarm_72_194.pdb	13.716	30.165	0	16.437
swarm_67_125.pdb	11.276	22.820	0	16.233
swarm_46_52.pdb	14.797	43.427	0	16.215
swarm_32_89.pdb	17.603	48.294	0	16.162
swarm_67_74.pdb	11.774	36.405	0	16.160
swarm_11_190.pdb	15.831	34.907	0	16.152
swarm_11_187.pdb	14.765	38.439	0	16.131
swarm_23_10.pdb	12.972	31.225	0	16.100
swarm_37_171.pdb	9.121	15.940	0	15.962
swarm_31_81.pdb	10.329	29.331	0	15.947
swarm_39_100.pdb	13.979	31.907	0	15.919
swarm_41_122.pdb	14.157	34.178	0	15.906
swarm_15_192.pdb	12.013	35.589	0	15.861
swarm_69_77.pdb	10.418	28.369	0	15.818
swarm_22_30.pdb	13.744	30.551	0	15.782
swarm_36_114.pdb	10.376	30.982	0.0232558	15.732
swarm_13_44.pdb	11.407	33.775	0	15.727
swarm_68_133.pdb	13.853	34.393	0	15.670
swarm_48_181.pdb	15.010	43.313	0	15.656
swarm_73_199.pdb	11.233	29.014	0	15.605
swarm_18_107.pdb	6.983	18.207	0.0697674	15.537
swarm_39_69.pdb	11.587	32.560	0	15.528
swarm_28_175.pdb	15.063	42.055	0	15.475
swarm_2_152.pdb	12.810	24.734	0	15.303
swarm_65_42.pdb	10.900	28.476	0	15.264
swarm_27_27.pdb	13.976	26.124	0	15.261
swarm_11_31.pdb	13.135	26.711	0	14.978
swarm_16_110.pdb	12.391	26.795	0	14.928
swarm_57_68.pdb	8.835	32.303	0	14.921
swarm_48_132.pdb	18.255	47.628	0	14.836
swarm_33_107.pdb	17.316	46.662	0	14.832
swarm_8_111.pdb	13.736	42.640	0	14.800
swarm_39_135.pdb	12.316	40.067	0	14.794
swarm_10_97.pdb	12.832	25.710	0	14.696
swarm_28_45.pdb	16.987	42.823	0	14.435
swarm_22_7.pdb	12.314	32.797	0.0232558	14.165
swarm_11_50.pdb	12.682	29.166	0	13.974
swarm_44_97.pdb	16.287	31.272	0	13.620
swarm_63_55.pdb	15.786	38.918	0	13.472
swarm_13_169.pdb	15.866	33.700	0	13.387
swarm_35_13.pdb	9.990	19.577	0	13.267
swarm_26_193.pdb	11.760	31.337	0	13.097
swarm_7_123.pdb	13.804	27.167	0	13.028
swarm_8_194.pdb	9.448	31.959	0	12.818
swarm_35_97.pdb	6.420	11.435	0.116279	12.646
swarm_50_7.pdb	12.042	22.866	0	12.213
swarm_39_123.pdb	14.419	32.066	0	12.127
swarm_64_135.pdb	17.009	31.279	0	11.982
swarm_22_110.pdb	16.176	32.091	0	11.701
swarm_24_157.pdb	10.645	28.411	0	11.134
swarm_1_175.pdb	7.712	24.312	0.0232558	11.097
swarm_51_5.pdb	8.668	31.497	0	10.467
swarm_30_44.pdb	8.011	26.792	0	9.766
swarm_66_191.pdb	17.004	42.170	0	9.676
swarm_4_114.pdb	13.256	24.298	0	9.206
swarm_11_194.pdb	11.324	31.584	0	9.047
swarm_29_131.pdb	11.477	22.141	0	9.034
swarm_34_117.pdb	8.202	22.618	0.0232558	8.631
swarm_8_59.pdb	7.650	24.660	0	7.833
swarm_32_38.pdb	7.316	12.140	0.0232558	7.626
swarm_31_116.pdb	10.411	34.462	0	7.275
swarm_50_43.pdb	8.851	25.031	0.186047	6.870
swarm_25_82.pdb	15.660	38.361	0	6.467
swarm_42_185.pdb	10.959	37.800	0	5.686
swarm_7_198.pdb	8.104	24.842	0	5.488
swarm_36_5.pdb	7.248	25.462	0.0465116	5.280
swarm_58_10.pdb	8.222	13.567	0.0465116	4.166
swarm_66_143.pdb	13.457	41.610	0	3.515
swarm_31_103.pdb	11.421	34.542	0	2.740
swarm_3_198.pdb	14.626	28.576	0	1.607
