swarm_38_147.pdb	5.405	11.743	0.261538	33.310
swarm_26_190.pdb	11.988	24.765	0.0461538	31.979
swarm_33_108.pdb	9.328	18.226	0.0307692	31.033
swarm_4_147.pdb	7.610	13.816	0.0769231	29.888
swarm_27_96.pdb	14.392	25.441	0	29.062
swarm_27_24.pdb	10.368	27.517	0	28.867
swarm_20_82.pdb	14.869	23.339	0.0923077	28.664
swarm_19_199.pdb	8.944	15.599	0.0615385	28.654
swarm_44_57.pdb	13.456	21.193	0	28.643
swarm_37_41.pdb	15.528	26.476	0.0461538	28.389
swarm_25_60.pdb	15.127	26.333	0	28.077
swarm_37_150.pdb	5.275	13.221	0.2	27.791
swarm_17_188.pdb	14.109	27.236	0	27.627
swarm_32_88.pdb	14.197	24.144	0.0615385	27.471
swarm_37_129.pdb	13.221	20.659	0	27.254
swarm_6_148.pdb	10.425	22.556	0.0461538	27.165
swarm_33_126.pdb	15.640	24.130	0.0153846	27.149
swarm_44_52.pdb	8.998	16.420	0.0769231	26.704
swarm_28_185.pdb	15.960	26.243	0	26.258
swarm_21_4.pdb	5.705	13.551	0.107692	26.242
swarm_33_46.pdb	7.182	16.899	0.0923077	25.847
swarm_53_184.pdb	13.018	19.342	0.0461538	25.469
swarm_25_124.pdb	11.584	27.371	0.0153846	25.384
swarm_19_131.pdb	13.494	19.580	0	25.253
swarm_7_40.pdb	14.184	20.003	0	25.209
swarm_10_3.pdb	15.745	24.507	0	25.194
swarm_6_197.pdb	13.510	21.481	0	25.006
swarm_11_139.pdb	15.354	34.755	0	24.998
swarm_20_48.pdb	5.284	8.382	0.107692	24.997
swarm_29_28.pdb	14.802	26.928	0	24.990
swarm_58_22.pdb	5.577	14.048	0.107692	24.978
swarm_25_28.pdb	11.725	21.535	0.0153846	24.968
swarm_6_35.pdb	14.435	21.949	0	24.923
swarm_25_150.pdb	14.875	29.506	0.0307692	24.880
swarm_38_132.pdb	13.660	22.848	0	24.853
swarm_17_119.pdb	13.034	22.801	0	24.629
swarm_38_6.pdb	14.422	24.719	0.0615385	24.538
swarm_29_166.pdb	7.764	22.848	0.0307692	24.421
swarm_20_77.pdb	13.510	21.860	0	24.255
swarm_47_35.pdb	13.861	22.115	0	24.213
swarm_19_25.pdb	9.524	16.138	0.0461538	24.093
swarm_44_114.pdb	13.582	19.639	0	24.061
swarm_19_107.pdb	12.588	19.144	0	24.046
swarm_27_3.pdb	15.195	22.849	0	24.009
swarm_38_179.pdb	15.719	25.152	0	23.905
swarm_26_140.pdb	16.167	29.695	0	23.895
swarm_47_20.pdb	14.227	24.179	0	23.879
swarm_27_168.pdb	15.605	26.858	0	23.832
swarm_42_188.pdb	13.748	20.538	0	23.436
swarm_39_184.pdb	13.131	21.536	0.0307692	23.341
swarm_53_151.pdb	13.142	20.269	0	23.310
swarm_21_26.pdb	13.525	26.645	0.0307692	23.275
swarm_25_0.pdb	14.662	24.824	0	23.247
swarm_17_75.pdb	6.392	17.750	0.0461538	23.204
swarm_42_24.pdb	6.285	12.315	0.2	23.203
swarm_57_23.pdb	13.807	19.503	0	23.137
swarm_63_115.pdb	14.164	20.528	0	23.044
swarm_43_36.pdb	15.078	26.355	0	22.935
swarm_6_78.pdb	15.582	26.201	0	22.869
swarm_63_37.pdb	14.145	21.471	0	22.741
swarm_42_173.pdb	15.223	25.068	0.0307692	22.708
swarm_38_176.pdb	13.344	25.623	0	22.673
swarm_63_92.pdb	8.866	20.112	0.0615385	22.531
swarm_42_149.pdb	13.757	25.022	0.0615385	22.530
swarm_20_197.pdb	14.723	23.190	0	22.525
swarm_3_72.pdb	13.770	29.112	0	22.422
swarm_55_119.pdb	15.403	28.835	0	22.421
swarm_10_143.pdb	16.825	33.381	0	22.376
swarm_46_52.pdb	15.259	28.863	0	22.372
swarm_46_134.pdb	15.675	25.230	0	22.365
swarm_32_94.pdb	15.565	27.538	0	22.301
swarm_47_137.pdb	15.175	27.496	0	22.253
swarm_39_65.pdb	14.703	23.108	0	22.245
swarm_52_56.pdb	9.168	17.385	0.0153846	22.228
swarm_15_66.pdb	14.519	24.743	0	22.096
swarm_58_40.pdb	14.938	28.545	0.0769231	22.077
swarm_14_44.pdb	11.722	17.464	0	22.057
swarm_36_198.pdb	15.080	28.118	0.0307692	22.053
swarm_51_177.pdb	14.580	24.614	0	22.021
swarm_57_140.pdb	7.833	17.214	0.0153846	21.955
swarm_55_24.pdb	14.632	26.611	0.0153846	21.827
swarm_21_178.pdb	10.227	15.660	0	21.805
swarm_4_197.pdb	15.060	21.531	0	21.697
swarm_36_123.pdb	17.131	34.464	0	21.629
swarm_29_53.pdb	10.280	22.956	0.0615385	21.586
swarm_43_73.pdb	14.179	20.808	0	21.563
swarm_57_178.pdb	11.961	23.982	0	21.448
swarm_33_38.pdb	13.525	22.483	0	21.306
swarm_13_113.pdb	7.359	17.400	0	21.288
swarm_63_177.pdb	8.438	17.583	0.0153846	21.246
swarm_7_64.pdb	12.487	22.906	0.0153846	21.185
swarm_53_1.pdb	9.666	13.500	0	20.970
swarm_10_84.pdb	14.146	27.285	0.0307692	20.959
swarm_39_128.pdb	11.553	23.614	0.138462	20.929
swarm_29_149.pdb	12.297	26.214	0	20.926
swarm_51_147.pdb	15.156	29.489	0.0461538	20.885
swarm_25_127.pdb	15.923	29.396	0	20.823
swarm_43_90.pdb	14.685	26.060	0	20.795
swarm_38_172.pdb	14.756	21.201	0	20.720
swarm_27_177.pdb	16.424	29.383	0	20.712
swarm_39_189.pdb	6.137	14.117	0.169231	20.554
swarm_17_154.pdb	10.746	19.512	0.0153846	20.513
swarm_47_94.pdb	11.671	24.977	0	20.368
swarm_51_185.pdb	12.777	24.833	0	20.306
swarm_52_105.pdb	14.947	22.498	0.0307692	20.288
swarm_57_134.pdb	13.424	21.291	0	20.252
swarm_59_123.pdb	14.118	22.904	0	20.232
swarm_51_33.pdb	14.424	26.104	0.0307692	20.194
swarm_7_110.pdb	14.107	20.377	0	20.149
swarm_57_151.pdb	11.031	20.030	0	20.104
swarm_9_92.pdb	14.397	20.465	0	20.073
swarm_53_105.pdb	11.107	17.189	0	20.038
swarm_53_137.pdb	12.821	18.344	0	19.992
swarm_39_142.pdb	14.801	23.621	0.0769231	19.954
swarm_33_156.pdb	15.424	26.861	0	19.934
swarm_4_56.pdb	12.440	19.677	0	19.904
swarm_25_3.pdb	16.330	29.791	0	19.785
swarm_63_170.pdb	14.154	21.972	0	19.732
swarm_31_55.pdb	15.597	25.025	0	19.728
swarm_16_14.pdb	14.129	21.950	0	19.721
swarm_22_108.pdb	12.231	19.533	0.0615385	19.537
swarm_15_147.pdb	15.376	24.792	0	19.499
swarm_37_42.pdb	14.870	22.461	0	19.471
swarm_52_30.pdb	14.682	21.380	0	19.460
swarm_53_199.pdb	13.422	19.531	0	19.334
swarm_48_141.pdb	8.306	21.978	0	19.240
swarm_57_9.pdb	14.353	23.268	0	19.238
swarm_1_111.pdb	13.653	28.366	0.0461538	19.211
swarm_22_49.pdb	13.933	21.321	0	19.118
swarm_39_152.pdb	14.638	23.073	0	19.063
swarm_34_28.pdb	15.303	36.844	0.0307692	19.060
swarm_4_179.pdb	10.013	17.268	0.0153846	19.032
swarm_27_89.pdb	14.196	29.111	0	18.965
swarm_44_148.pdb	14.575	24.376	0.0307692	18.949
swarm_51_190.pdb	12.610	29.427	0	18.916
swarm_9_114.pdb	13.999	20.354	0	18.893
swarm_47_130.pdb	14.614	25.596	0.0153846	18.888
swarm_3_140.pdb	15.780	24.662	0	18.888
swarm_22_57.pdb	15.888	21.163	0	18.789
swarm_20_56.pdb	9.154	13.757	0.0923077	18.759
swarm_47_49.pdb	14.197	22.628	0	18.720
swarm_36_43.pdb	14.894	36.235	0.0461538	18.690
swarm_21_193.pdb	15.068	27.753	0.0615385	18.679
swarm_42_126.pdb	13.908	20.946	0.0307692	18.604
swarm_6_58.pdb	12.645	19.238	0	18.592
swarm_44_70.pdb	13.806	19.926	0	18.474
swarm_7_117.pdb	15.060	23.446	0.0615385	18.464
swarm_38_11.pdb	14.669	27.414	0	18.456
swarm_18_131.pdb	14.118	19.985	0	18.316
swarm_63_65.pdb	7.895	19.761	0	18.295
swarm_53_185.pdb	11.985	18.862	0	18.282
swarm_13_116.pdb	15.364	24.459	0.0153846	18.272
swarm_33_163.pdb	13.385	17.643	0	18.204
swarm_17_141.pdb	15.190	28.587	0.0153846	18.203
swarm_32_139.pdb	8.649	15.908	0.0307692	18.198
swarm_4_81.pdb	13.941	19.748	0	18.183
swarm_13_161.pdb	10.111	20.724	0.0461538	18.146
swarm_46_107.pdb	16.708	30.554	0	18.041
swarm_53_109.pdb	6.890	12.348	0.0769231	18.022
swarm_21_166.pdb	14.149	27.530	0	17.926
swarm_38_55.pdb	12.638	28.119	0	17.921
swarm_37_184.pdb	15.400	21.494	0	17.871
swarm_6_92.pdb	15.727	22.179	0.0153846	17.829
swarm_49_11.pdb	12.008	17.593	0	17.779
swarm_57_89.pdb	16.707	29.467	0	17.777
swarm_22_104.pdb	9.460	15.118	0.0769231	17.754
swarm_40_105.pdb	10.700	30.949	0.0307692	17.726
swarm_50_85.pdb	7.834	17.331	0.0769231	17.701
swarm_63_157.pdb	15.961	25.469	0.0153846	17.697
swarm_19_97.pdb	14.167	21.714	0	17.687
swarm_27_192.pdb	16.655	28.041	0	17.605
swarm_22_165.pdb	14.197	23.847	0	17.534
swarm_42_121.pdb	14.696	21.966	0	17.441
swarm_2_161.pdb	12.512	25.343	0.0461538	17.408
swarm_26_155.pdb	12.062	26.921	0	17.319
swarm_9_42.pdb	16.710	27.755	0.0153846	17.308
swarm_3_38.pdb	15.715	25.337	0	17.258
swarm_53_55.pdb	12.775	21.628	0.0769231	17.257
swarm_2_12.pdb	15.022	26.027	0.0153846	17.230
swarm_28_21.pdb	16.432	33.471	0	17.227
swarm_44_112.pdb	14.555	21.741	0	17.160
swarm_53_50.pdb	10.580	18.780	0.0307692	17.056
swarm_15_127.pdb	15.904	32.817	0	17.023
swarm_9_112.pdb	16.649	24.325	0.0461538	17.010
swarm_54_126.pdb	14.036	37.305	0.153846	16.820
swarm_28_84.pdb	16.924	38.888	0.0461538	16.806
swarm_15_88.pdb	16.511	34.140	0	16.688
swarm_58_29.pdb	14.602	23.459	0	16.657
swarm_43_165.pdb	15.644	23.765	0	16.610
swarm_14_91.pdb	15.638	20.853	0	16.594
swarm_20_101.pdb	11.801	20.307	0	16.367
swarm_30_10.pdb	14.532	28.801	0.0153846	16.324
swarm_55_179.pdb	17.026	30.811	0	16.174
swarm_31_87.pdb	14.253	23.321	0	16.144
swarm_18_197.pdb	13.501	24.210	0.0153846	16.093
swarm_14_29.pdb	13.894	20.424	0	16.079
swarm_6_187.pdb	11.290	17.395	0	16.073
swarm_49_73.pdb	14.945	26.754	0	15.943
swarm_15_104.pdb	13.220	28.978	0	15.843
swarm_59_116.pdb	13.940	25.988	0	15.824
swarm_29_147.pdb	15.214	30.649	0	15.740
swarm_52_191.pdb	14.710	23.741	0	15.735
swarm_52_48.pdb	14.320	23.521	0	15.702
swarm_53_196.pdb	8.134	15.938	0.2	15.579
swarm_19_57.pdb	15.029	22.156	0	15.527
swarm_42_63.pdb	15.121	21.197	0	15.518
swarm_32_65.pdb	14.359	33.063	0	15.506
swarm_56_48.pdb	13.225	21.339	0.0461538	15.434
swarm_15_156.pdb	15.962	25.403	0	15.367
swarm_44_71.pdb	13.209	18.808	0	15.290
swarm_27_125.pdb	14.764	27.479	0.0153846	15.233
swarm_49_124.pdb	15.536	22.361	0	15.221
swarm_29_120.pdb	15.210	25.879	0	15.192
swarm_56_39.pdb	12.118	19.955	0.0153846	15.173
swarm_1_86.pdb	10.990	26.375	0	15.163
swarm_46_77.pdb	14.492	34.208	0.0307692	15.141
swarm_7_177.pdb	13.571	20.475	0	15.137
swarm_11_179.pdb	9.722	23.362	0.0153846	15.038
swarm_58_108.pdb	7.115	15.832	0	15.018
swarm_31_142.pdb	16.277	26.764	0	15.006
swarm_4_186.pdb	14.678	20.676	0.0153846	14.897
swarm_52_182.pdb	15.917	21.360	0.0307692	14.809
swarm_52_1.pdb	10.329	15.611	0	14.777
swarm_49_120.pdb	10.187	22.281	0.0769231	14.760
swarm_20_119.pdb	11.915	20.034	0	14.756
swarm_7_24.pdb	10.191	19.612	0.0923077	14.737
swarm_18_149.pdb	13.726	23.341	0	14.657
swarm_14_149.pdb	15.025	21.462	0.0153846	14.576
swarm_58_166.pdb	13.209	27.155	0.0153846	14.468
swarm_36_18.pdb	16.490	27.689	0	14.460
swarm_17_191.pdb	10.320	21.250	0	14.298
swarm_63_24.pdb	8.276	14.310	0.0461538	14.247
swarm_15_154.pdb	15.397	25.609	0	14.172
swarm_33_52.pdb	14.536	25.164	0.0461538	14.119
swarm_19_181.pdb	13.170	20.948	0.0769231	13.986
swarm_33_17.pdb	15.038	22.442	0	13.977
swarm_44_147.pdb	12.359	17.921	0	13.975
swarm_25_107.pdb	10.952	22.022	0	13.879
swarm_43_11.pdb	14.769	22.937	0	13.827
swarm_14_185.pdb	12.920	21.246	0.0461538	13.783
swarm_49_109.pdb	14.468	24.202	0	13.680
swarm_48_80.pdb	14.533	24.450	0	13.656
swarm_50_6.pdb	16.791	26.664	0.0307692	13.460
swarm_52_84.pdb	11.841	22.541	0.0461538	13.257
swarm_48_73.pdb	11.173	24.907	0	13.101
swarm_44_98.pdb	12.836	17.757	0	12.964
swarm_49_150.pdb	15.339	30.940	0	12.905
swarm_22_26.pdb	13.772	24.535	0	12.881
swarm_18_124.pdb	12.474	18.247	0	12.879
swarm_62_93.pdb	15.423	23.384	0	12.868
swarm_50_75.pdb	12.661	29.652	0.0769231	12.867
swarm_3_152.pdb	13.105	28.840	0.0153846	12.833
swarm_37_63.pdb	14.873	22.579	0.0153846	12.827
swarm_50_51.pdb	13.650	32.301	0.0923077	12.774
swarm_45_21.pdb	15.252	26.515	0.0461538	12.734
swarm_19_27.pdb	12.050	20.289	0	12.453
swarm_56_52.pdb	16.101	24.870	0	12.451
swarm_18_160.pdb	15.346	26.221	0.0153846	12.441
swarm_6_128.pdb	15.641	25.466	0	12.412
swarm_53_62.pdb	11.482	17.981	0.0153846	12.308
swarm_14_176.pdb	14.372	21.382	0	12.222
swarm_18_168.pdb	14.160	21.091	0	12.167
swarm_48_117.pdb	12.987	28.703	0.0769231	11.955
swarm_17_105.pdb	13.074	27.664	0.0153846	11.909
swarm_46_138.pdb	15.340	30.490	0	11.818
swarm_48_191.pdb	12.882	27.842	0.0769231	11.787
swarm_51_100.pdb	12.573	24.938	0	11.576
swarm_44_169.pdb	13.133	20.368	0	11.435
swarm_27_198.pdb	13.297	31.064	0	11.420
swarm_14_196.pdb	14.609	23.597	0.0615385	11.250
swarm_44_61.pdb	14.422	22.679	0	10.810
swarm_2_172.pdb	16.015	25.022	0	10.645
swarm_56_143.pdb	15.081	22.418	0	10.621
swarm_25_175.pdb	14.726	24.924	0	8.280
swarm_52_197.pdb	14.404	20.173	0	7.915
swarm_48_38.pdb	13.895	25.259	0	7.799
swarm_33_118.pdb	11.916	17.083	0	5.825
swarm_15_112.pdb	11.236	25.208	0	5.379
swarm_54_54.pdb	16.156	32.841	0.0153846	4.423
swarm_39_40.pdb	13.052	19.102	0	3.379
swarm_60_51.pdb	14.314	37.122	0.0461538	3.207
swarm_0_63.pdb	14.132	30.091	0.0307692	1.873
