swarm_392_173.pdb	6.445	11.921	0.153846	24.937
swarm_273_123.pdb	11.066	41.172	0	24.614
swarm_256_39.pdb	9.945	20.861	0.0307692	23.024
swarm_254_158.pdb	7.064	17.338	0.107692	22.728
swarm_232_30.pdb	7.203	17.695	0.0615385	22.334
swarm_211_91.pdb	15.269	45.466	0	21.949
swarm_60_107.pdb	5.934	12.970	0.230769	21.761
swarm_123_11.pdb	10.662	24.653	0.0461538	21.629
swarm_298_169.pdb	12.315	38.451	0.0153846	21.575
swarm_247_6.pdb	11.711	33.807	0	21.477
swarm_128_108.pdb	15.175	28.406	0.0307692	21.387
swarm_128_93.pdb	7.419	22.742	0.0307692	21.311
swarm_217_75.pdb	10.971	31.174	0	21.097
swarm_232_194.pdb	8.268	20.344	0.0769231	20.945
swarm_176_125.pdb	13.793	43.359	0	20.914
swarm_172_56.pdb	5.743	14.372	0.123077	20.885
swarm_171_176.pdb	6.205	15.889	0.0461538	20.845
swarm_123_193.pdb	10.828	20.355	0.0307692	20.811
swarm_131_70.pdb	14.447	25.017	0.0923077	20.624
swarm_227_179.pdb	14.634	30.430	0	20.465
swarm_259_36.pdb	9.768	20.253	0.0461538	20.346
swarm_26_34.pdb	12.470	18.346	0	20.299
swarm_118_28.pdb	8.961	25.969	0	20.176
swarm_167_140.pdb	10.051	20.720	0.0769231	20.119
swarm_62_70.pdb	10.192	30.245	0	20.077
swarm_204_18.pdb	9.371	22.328	0.0461538	19.889
swarm_327_63.pdb	10.900	33.496	0.0461538	19.882
swarm_393_6.pdb	14.242	25.989	0.0615385	19.821
swarm_227_199.pdb	13.739	26.648	0.0461538	19.735
swarm_129_152.pdb	10.845	16.363	0.0153846	19.605
swarm_55_128.pdb	11.136	19.654	0.0153846	19.366
swarm_131_6.pdb	8.276	20.124	0.107692	19.268
swarm_191_14.pdb	13.413	25.566	0.0307692	19.159
swarm_221_180.pdb	11.741	28.053	0	19.110
swarm_392_138.pdb	14.187	24.779	0.0615385	19.067
swarm_167_69.pdb	12.769	21.964	0	19.060
swarm_354_26.pdb	12.332	18.554	0.0615385	18.880
swarm_393_176.pdb	13.778	23.009	0.0461538	18.751
swarm_118_141.pdb	14.631	26.412	0.0307692	18.640
swarm_21_150.pdb	12.918	21.827	0.0615385	18.472
swarm_94_173.pdb	14.125	21.008	0	18.216
swarm_302_59.pdb	10.054	35.596	0	18.170
swarm_256_190.pdb	14.750	32.219	0	18.153
swarm_199_147.pdb	13.538	30.477	0.0153846	18.147
swarm_340_183.pdb	15.863	20.894	0	18.129
swarm_129_145.pdb	12.722	24.785	0.0461538	17.944
swarm_197_17.pdb	13.533	23.305	0.0307692	17.889
swarm_26_157.pdb	13.620	19.381	0.0153846	17.809
swarm_390_38.pdb	10.428	30.814	0	17.709
swarm_236_193.pdb	14.831	32.927	0.0615385	17.606
swarm_181_131.pdb	10.225	33.105	0	17.296
swarm_200_174.pdb	11.806	24.026	0	17.245
swarm_95_111.pdb	13.438	24.133	0.0461538	17.224
swarm_214_193.pdb	9.434	26.182	0	17.224
swarm_172_34.pdb	7.380	16.400	0.107692	17.161
swarm_126_196.pdb	13.849	39.655	0.0307692	17.153
swarm_274_110.pdb	11.311	32.934	0.0461538	17.141
swarm_60_152.pdb	13.214	21.559	0	17.123
swarm_167_66.pdb	5.698	12.522	0.169231	17.064
swarm_234_21.pdb	14.344	30.536	0	17.048
swarm_119_68.pdb	12.548	23.219	0.0615385	16.908
swarm_219_161.pdb	16.121	29.923	0	16.877
swarm_94_22.pdb	13.105	17.721	0	16.643
swarm_175_153.pdb	14.999	39.968	0	16.584
swarm_219_158.pdb	10.876	27.467	0	16.565
swarm_62_153.pdb	11.952	30.883	0.0615385	16.546
swarm_187_30.pdb	15.809	42.490	0.0307692	16.490
swarm_131_57.pdb	10.743	15.169	0	16.422
swarm_312_149.pdb	7.254	12.396	0	16.370
swarm_312_173.pdb	14.061	26.099	0.0307692	16.308
swarm_221_107.pdb	14.349	30.981	0	16.221
swarm_353_87.pdb	12.244	18.927	0	16.220
swarm_53_187.pdb	13.805	20.697	0	16.181
swarm_344_102.pdb	7.648	17.334	0.0461538	16.139
swarm_152_154.pdb	11.470	27.722	0	16.013
swarm_53_59.pdb	10.919	18.448	0.0153846	16.003
swarm_162_28.pdb	14.435	29.055	0.0615385	15.849
swarm_53_27.pdb	13.155	21.365	0.0461538	15.666
swarm_172_176.pdb	9.364	20.814	0.153846	15.492
swarm_123_77.pdb	7.035	15.355	0.0769231	15.418
swarm_353_169.pdb	7.648	18.573	0.0153846	15.368
swarm_185_176.pdb	9.358	23.115	0.0307692	15.291
swarm_117_44.pdb	14.674	28.156	0.0153846	15.285
swarm_230_86.pdb	13.684	26.332	0.0153846	15.274
swarm_321_119.pdb	11.669	35.412	0	15.249
swarm_21_145.pdb	8.906	17.338	0	15.245
swarm_129_17.pdb	12.943	18.234	0	15.110
swarm_256_85.pdb	15.819	26.967	0.0153846	15.024
swarm_27_114.pdb	14.426	31.852	0.0615385	14.992
swarm_152_33.pdb	16.322	38.087	0.0307692	14.966
swarm_253_149.pdb	11.029	31.803	0	14.902
swarm_94_21.pdb	16.087	23.028	0	14.588
swarm_118_24.pdb	8.513	21.866	0.0153846	14.467
swarm_216_9.pdb	11.810	28.880	0	14.320
swarm_60_68.pdb	13.046	18.832	0	14.165
swarm_55_125.pdb	12.561	18.617	0	14.026
swarm_340_50.pdb	16.754	24.264	0.0461538	13.959
swarm_390_60.pdb	12.564	35.768	0.0153846	13.470
swarm_357_165.pdb	14.342	25.328	0.0307692	13.305
swarm_95_26.pdb	11.865	25.096	0.0769231	13.099
swarm_65_81.pdb	9.336	19.634	0	13.092
swarm_354_152.pdb	11.357	23.699	0.0923077	12.663
swarm_392_161.pdb	7.215	15.878	0.261538	12.162
swarm_120_8.pdb	12.125	35.423	0	11.828
swarm_120_115.pdb	11.615	34.730	0.0307692	11.543
swarm_354_42.pdb	7.443	18.033	0.107692	11.471
swarm_117_175.pdb	16.416	29.957	0.2	11.322
swarm_18_22.pdb	10.416	19.748	0	11.318
swarm_119_114.pdb	15.508	24.241	0.0153846	11.311
swarm_357_144.pdb	10.583	25.017	0.0153846	10.766
swarm_214_47.pdb	10.953	30.206	0	9.227
swarm_188_72.pdb	9.883	31.618	0	8.101
swarm_185_121.pdb	14.381	29.628	0.0461538	8.027
swarm_188_140.pdb	12.047	31.471	0	6.104
swarm_94_111.pdb	5.991	12.974	0.123077	4.921
swarm_312_31.pdb	12.145	17.976	0.0461538	4.525
swarm_113_29.pdb	12.675	28.488	0	1.782
