swarm_3_61.pdb	13.479	24.058	0.0153846	38.954
swarm_6_33.pdb	14.469	20.801	0	37.396
swarm_7_57.pdb	13.186	20.135	0	36.649
swarm_5_4.pdb	14.660	22.393	0	34.886
swarm_5_65.pdb	10.656	15.447	0	34.744
swarm_7_144.pdb	13.786	20.564	0	34.610
swarm_1_100.pdb	13.271	21.743	0	34.416
swarm_4_51.pdb	13.628	22.491	0.0153846	32.857
swarm_6_122.pdb	14.976	21.016	0	32.163
swarm_4_21.pdb	13.532	19.724	0	32.145
swarm_1_16.pdb	13.344	27.027	0.0307692	32.073
swarm_3_154.pdb	14.385	25.357	0	31.859
swarm_7_126.pdb	14.437	19.923	0	31.706
swarm_6_57.pdb	13.883	19.273	0	31.585
swarm_7_156.pdb	14.122	19.160	0	31.458
swarm_7_83.pdb	12.626	17.305	0	30.509
swarm_1_9.pdb	11.928	29.208	0.0153846	30.100
swarm_3_30.pdb	13.675	21.428	0.0461538	29.121
swarm_5_96.pdb	13.668	20.540	0	28.669
swarm_3_184.pdb	15.599	25.715	0	28.622
swarm_5_122.pdb	14.428	19.961	0	28.249
swarm_5_135.pdb	11.092	17.616	0	28.013
swarm_1_21.pdb	12.180	18.228	0	27.793
swarm_1_19.pdb	13.093	22.019	0	27.627
swarm_8_181.pdb	14.898	22.132	0	27.495
swarm_9_182.pdb	10.399	38.044	0	27.314
swarm_8_11.pdb	13.843	22.601	0	27.305
swarm_4_130.pdb	12.156	17.775	0	26.228
swarm_8_137.pdb	12.755	17.273	0	25.836
swarm_7_2.pdb	8.267	14.388	0.0769231	25.669
swarm_8_49.pdb	13.745	22.527	0	25.610
swarm_4_94.pdb	9.495	15.771	0	25.505
swarm_9_17.pdb	16.364	35.923	0	24.667
swarm_3_95.pdb	13.481	19.657	0	24.448
swarm_2_36.pdb	15.575	36.906	0	24.381
swarm_4_57.pdb	13.070	20.057	0	24.095
swarm_6_63.pdb	13.084	21.446	0.0615385	22.780
swarm_5_59.pdb	15.666	21.953	0.0153846	22.734
swarm_2_181.pdb	15.974	36.972	0	22.421
swarm_3_146.pdb	14.242	24.674	0	21.838
swarm_5_172.pdb	13.458	23.233	0	21.749
swarm_3_178.pdb	12.306	25.674	0.0307692	21.554
swarm_8_69.pdb	12.179	20.524	0	21.027
swarm_3_91.pdb	13.167	20.489	0	20.913
swarm_4_77.pdb	13.567	19.235	0	20.728
swarm_2_136.pdb	14.964	31.530	0	20.627
swarm_3_60.pdb	14.276	22.922	0	20.358
swarm_8_75.pdb	15.835	22.749	0	19.788
swarm_1_38.pdb	13.232	25.608	0	19.226
swarm_8_51.pdb	15.158	25.986	0	18.854
swarm_5_28.pdb	13.997	22.107	0	18.831
swarm_4_153.pdb	15.683	23.283	0.0153846	18.646
swarm_6_128.pdb	15.766	20.840	0	18.486
swarm_7_168.pdb	13.176	19.633	0.0153846	18.175
swarm_4_197.pdb	14.274	21.469	0	18.128
swarm_9_112.pdb	16.288	36.321	0	17.358
swarm_6_125.pdb	8.867	14.044	0	17.222
swarm_7_65.pdb	11.843	19.519	0	16.630
swarm_2_124.pdb	13.703	38.908	0	15.325
swarm_5_63.pdb	6.962	12.025	0.261538	13.955
swarm_3_196.pdb	10.541	18.771	0.0307692	13.226
swarm_4_31.pdb	9.297	18.206	0	12.749
swarm_1_35.pdb	14.086	22.597	0	12.310
swarm_5_42.pdb	13.772	22.492	0	11.336
swarm_3_33.pdb	14.388	21.081	0	11.076
swarm_8_56.pdb	14.200	20.543	0	10.808
swarm_4_11.pdb	15.284	23.751	0	9.713
swarm_6_6.pdb	12.455	17.447	0	4.751
swarm_1_139.pdb	14.087	22.550	0.0307692	0.928
