swarm_62_52.pdb	17.437	39.889	0	35.018
swarm_38_3.pdb	17.216	38.518	0	34.062
swarm_1_23.pdb	17.278	38.741	0	33.663
swarm_14_48.pdb	12.881	28.550	0	33.308
swarm_13_122.pdb	12.689	26.189	0	32.606
swarm_58_150.pdb	15.495	33.393	0	32.204
swarm_15_148.pdb	12.857	28.512	0	31.856
swarm_27_53.pdb	13.132	27.821	0	31.793
swarm_5_190.pdb	13.545	27.552	0	30.377
swarm_52_125.pdb	17.903	40.432	0	30.166
swarm_3_83.pdb	13.341	28.508	0	30.059
swarm_44_97.pdb	17.324	38.381	0	29.282
swarm_20_70.pdb	17.821	40.105	0	28.965
swarm_15_12.pdb	13.886	22.393	0	28.799
swarm_24_159.pdb	17.083	37.733	0	28.723
swarm_60_58.pdb	16.022	34.102	0	28.620
swarm_64_78.pdb	11.148	32.565	0	28.350
swarm_58_19.pdb	15.041	38.495	0	28.235
swarm_48_146.pdb	12.591	30.119	0	28.166
swarm_20_111.pdb	15.150	31.841	0	27.849
swarm_28_56.pdb	13.393	28.667	0	27.844
swarm_8_143.pdb	14.134	24.054	0	27.791
swarm_18_189.pdb	11.702	30.344	0	27.584
swarm_15_41.pdb	13.654	26.377	0	26.909
swarm_23_105.pdb	14.093	37.128	0	26.904
swarm_18_34.pdb	13.402	28.306	0	26.706
swarm_38_87.pdb	15.278	38.247	0	26.642
swarm_4_105.pdb	19.306	42.966	0	26.563
swarm_10_69.pdb	17.536	37.840	0	26.401
swarm_60_88.pdb	15.170	30.749	0	26.348
swarm_64_132.pdb	17.547	38.571	0	26.338
swarm_56_21.pdb	17.432	38.541	0	26.335
swarm_16_168.pdb	15.281	31.532	0	26.240
swarm_31_99.pdb	12.887	25.602	0	26.057
swarm_1_125.pdb	18.904	41.512	0	25.942
swarm_19_135.pdb	14.070	26.835	0	25.753
swarm_28_196.pdb	14.496	25.687	0	25.571
swarm_20_187.pdb	17.573	38.080	0	25.537
swarm_34_136.pdb	17.327	35.487	0	25.532
swarm_47_80.pdb	19.390	43.078	0	25.376
swarm_9_31.pdb	15.365	31.773	0	25.346
swarm_57_54.pdb	9.372	13.960	0	25.292
swarm_6_170.pdb	19.418	42.742	0	24.988
swarm_9_83.pdb	14.855	28.536	0	24.884
swarm_33_70.pdb	12.972	19.434	0	24.661
swarm_58_188.pdb	16.997	37.107	0	24.564
swarm_37_45.pdb	14.752	39.068	0	24.557
swarm_61_28.pdb	11.606	33.828	0	24.552
swarm_36_66.pdb	9.341	13.796	0	24.482
swarm_47_41.pdb	15.026	38.528	0	24.406
swarm_30_138.pdb	13.423	26.762	0	24.279
swarm_7_168.pdb	13.956	23.110	0	24.201
swarm_41_193.pdb	13.350	26.028	0	24.161
swarm_43_172.pdb	17.175	36.066	0	24.125
swarm_11_43.pdb	12.173	28.188	0	24.116
swarm_39_183.pdb	7.412	12.243	0.107692	24.037
swarm_25_126.pdb	17.388	38.368	0	23.945
swarm_35_77.pdb	22.998	55.633	0	23.935
swarm_51_111.pdb	18.919	41.054	0	23.918
swarm_56_131.pdb	17.009	35.842	0	23.873
swarm_63_149.pdb	12.521	27.250	0	23.790
swarm_54_121.pdb	16.490	34.971	0	23.776
swarm_18_116.pdb	14.431	24.794	0	23.746
swarm_27_188.pdb	17.570	32.667	0	23.607
swarm_27_148.pdb	15.250	24.855	0	23.460
swarm_51_167.pdb	13.759	38.023	0	23.373
swarm_16_92.pdb	13.550	28.871	0	23.356
swarm_53_55.pdb	10.213	15.734	0	23.329
swarm_61_99.pdb	16.384	39.369	0	23.301
swarm_30_91.pdb	12.756	28.225	0	23.255
swarm_0_185.pdb	15.114	36.067	0	23.240
swarm_3_46.pdb	14.805	27.017	0	23.192
swarm_29_48.pdb	17.620	33.430	0	22.798
swarm_29_96.pdb	14.645	24.629	0	22.746
swarm_13_184.pdb	11.358	30.740	0	22.716
swarm_23_189.pdb	17.597	38.077	0	22.664
swarm_57_60.pdb	10.849	16.679	0	22.538
swarm_36_74.pdb	14.507	23.486	0	22.536
swarm_16_17.pdb	16.869	36.401	0	22.531
swarm_36_2.pdb	12.639	20.767	0	22.413
swarm_39_90.pdb	10.690	17.703	0	22.385
swarm_55_151.pdb	12.785	18.759	0	22.374
swarm_17_188.pdb	16.246	28.023	0	22.197
swarm_10_133.pdb	13.019	25.992	0	22.118
swarm_32_105.pdb	14.593	23.761	0	22.079
swarm_28_95.pdb	12.846	20.380	0	21.909
swarm_55_109.pdb	10.003	14.430	0	21.826
swarm_8_111.pdb	9.552	14.456	0	21.808
swarm_23_73.pdb	10.784	31.669	0	21.722
swarm_31_158.pdb	13.462	21.363	0	21.622
swarm_37_18.pdb	13.876	33.633	0	21.604
swarm_34_16.pdb	15.922	35.675	0	21.557
swarm_4_131.pdb	17.468	41.438	0	21.547
swarm_6_94.pdb	17.775	37.456	0	21.534
swarm_61_23.pdb	14.674	35.694	0	21.524
swarm_14_157.pdb	16.984	33.476	0	21.495
swarm_54_124.pdb	17.313	41.214	0	21.418
swarm_18_114.pdb	14.047	21.525	0	21.366
swarm_54_166.pdb	11.790	30.729	0	21.255
swarm_21_22.pdb	10.160	17.311	0	21.251
swarm_58_28.pdb	18.054	40.000	0	21.212
swarm_33_94.pdb	13.555	26.517	0	21.209
swarm_15_166.pdb	17.362	33.079	0	21.113
swarm_3_85.pdb	17.399	34.986	0	21.039
swarm_5_151.pdb	11.742	29.427	0	20.975
swarm_33_143.pdb	12.753	28.750	0	20.888
swarm_54_176.pdb	14.956	33.406	0	20.706
swarm_44_34.pdb	16.170	37.425	0	20.612
swarm_25_37.pdb	14.924	30.012	0	20.577
swarm_63_113.pdb	14.712	36.035	0	20.490
swarm_11_96.pdb	17.061	34.273	0	20.472
swarm_50_36.pdb	12.701	25.040	0	20.273
swarm_25_109.pdb	13.961	28.180	0	20.269
swarm_10_77.pdb	12.808	32.629	0	20.250
swarm_13_14.pdb	14.581	26.123	0	20.185
swarm_6_191.pdb	12.781	34.051	0	20.172
swarm_61_185.pdb	16.619	36.056	0	20.052
swarm_11_176.pdb	12.858	34.933	0	20.045
swarm_64_133.pdb	14.010	29.497	0	20.024
swarm_0_133.pdb	19.125	40.590	0	19.913
swarm_64_198.pdb	14.840	36.483	0	19.900
swarm_37_113.pdb	16.242	31.420	0	19.785
swarm_14_123.pdb	14.503	26.365	0	19.734
swarm_39_149.pdb	9.554	13.542	0	19.648
swarm_48_170.pdb	12.222	34.248	0	19.636
swarm_61_50.pdb	14.355	31.006	0	19.600
swarm_46_194.pdb	9.905	17.093	0	19.451
swarm_1_69.pdb	15.873	37.794	0	19.251
swarm_18_198.pdb	13.989	21.211	0	19.165
swarm_26_106.pdb	15.858	33.118	0	19.153
swarm_31_176.pdb	9.402	15.343	0	19.127
swarm_4_144.pdb	11.543	30.797	0	19.065
swarm_33_66.pdb	8.878	16.864	0	19.006
swarm_22_12.pdb	10.169	14.407	0	18.971
swarm_48_153.pdb	19.743	41.990	0	18.934
swarm_32_164.pdb	13.192	31.167	0	18.746
swarm_10_124.pdb	15.947	33.922	0	18.358
swarm_54_86.pdb	15.522	35.913	0	18.166
swarm_63_156.pdb	15.956	32.301	0	18.153
swarm_7_103.pdb	11.622	16.695	0	17.809
swarm_5_152.pdb	15.625	29.218	0	17.763
swarm_16_167.pdb	16.833	35.959	0	17.697
swarm_11_87.pdb	15.933	31.436	0	17.687
swarm_37_43.pdb	15.970	35.372	0	17.664
swarm_8_128.pdb	13.430	29.997	0	17.585
swarm_5_174.pdb	14.252	25.814	0	17.565
swarm_63_139.pdb	17.939	36.417	0	17.073
swarm_50_168.pdb	12.158	28.948	0	16.830
swarm_37_191.pdb	17.605	41.098	0	16.816
swarm_13_116.pdb	15.897	31.235	0	16.807
swarm_48_104.pdb	14.661	33.892	0	16.649
swarm_1_53.pdb	17.708	37.805	0	16.348
swarm_17_54.pdb	17.389	34.069	0	16.147
swarm_64_168.pdb	17.008	36.596	0	16.109
swarm_56_23.pdb	17.743	37.868	0	16.006
swarm_10_187.pdb	12.381	28.832	0	15.718
swarm_34_142.pdb	13.313	29.093	0	15.693
swarm_21_42.pdb	9.575	25.566	0.0153846	15.679
swarm_36_185.pdb	10.147	16.591	0	15.597
swarm_32_182.pdb	15.953	30.891	0	15.265
swarm_26_130.pdb	12.939	30.525	0	15.119
swarm_50_140.pdb	16.946	34.538	0	14.998
swarm_61_30.pdb	17.349	32.295	0	14.686
swarm_11_53.pdb	12.362	30.261	0	14.672
swarm_41_127.pdb	10.665	21.268	0.0153846	14.512
swarm_13_142.pdb	13.513	36.501	0	14.450
swarm_50_138.pdb	15.998	31.964	0	14.376
swarm_58_151.pdb	15.682	35.216	0	14.080
swarm_16_11.pdb	8.992	26.938	0	13.964
swarm_63_21.pdb	14.073	26.252	0	13.552
swarm_50_184.pdb	10.707	22.282	0	13.308
swarm_32_2.pdb	11.154	21.043	0	13.209
swarm_7_43.pdb	14.078	24.976	0	13.082
swarm_57_35.pdb	5.646	11.906	0.184615	12.942
swarm_26_11.pdb	13.889	24.223	0	12.929
swarm_53_71.pdb	9.605	24.252	0.0153846	12.483
swarm_10_139.pdb	16.893	33.875	0	12.470
swarm_64_29.pdb	10.502	26.989	0	12.269
swarm_46_114.pdb	15.153	30.017	0	12.245
swarm_17_78.pdb	17.747	35.076	0	11.760
swarm_50_107.pdb	7.542	25.351	0.0769231	11.091
swarm_48_111.pdb	16.894	38.870	0	11.047
swarm_32_113.pdb	9.975	28.097	0	10.992
swarm_57_10.pdb	4.241	9.050	0.276923	10.969
swarm_33_16.pdb	11.037	26.409	0	10.642
swarm_39_129.pdb	10.745	23.580	0	9.664
swarm_23_141.pdb	16.084	39.500	0	8.919
swarm_58_119.pdb	13.938	26.175	0	8.472
swarm_34_14.pdb	17.268	37.690	0	6.435
swarm_26_136.pdb	15.521	33.121	0	5.414
swarm_63_170.pdb	7.310	18.593	0.0769231	1.513
swarm_58_79.pdb	15.736	36.696	0	0.852
swarm_23_15.pdb	16.832	34.199	0	0.585
