swarm_53_5.pdb	7.407	20.609	0.138462	36.105
swarm_62_52.pdb	17.437	39.889	0	35.018
swarm_52_2.pdb	4.491	8.982	0.338462	34.117
swarm_38_3.pdb	17.216	38.518	0	34.062
swarm_48_185.pdb	6.754	16.987	0.0923077	33.887
swarm_1_23.pdb	17.278	38.741	0	33.663
swarm_89_4.pdb	5.325	12.768	0.138462	33.461
swarm_15_62.pdb	7.048	19.832	0.184615	33.441
swarm_14_48.pdb	12.881	28.550	0	33.308
swarm_15_128.pdb	5.999	15.296	0.123077	33.170
swarm_53_60.pdb	9.447	25.066	0.0307692	32.613
swarm_13_122.pdb	12.689	26.189	0	32.606
swarm_31_31.pdb	4.727	11.478	0.261538	32.273
swarm_58_150.pdb	15.495	33.393	0	32.204
swarm_15_148.pdb	12.857	28.512	0	31.856
swarm_27_53.pdb	13.132	27.821	0	31.793
swarm_27_191.pdb	5.000	11.696	0.276923	31.546
swarm_74_71.pdb	6.251	15.277	0.107692	30.981
swarm_51_23.pdb	5.267	13.391	0.307692	30.858
swarm_59_129.pdb	8.540	24.526	0	30.797
swarm_42_119.pdb	12.935	35.614	0	30.791
swarm_48_15.pdb	5.046	13.000	0.292308	30.615
swarm_39_66.pdb	10.186	28.900	0	30.611
swarm_32_110.pdb	4.681	11.528	0.2	30.543
swarm_5_190.pdb	13.545	27.552	0	30.377
swarm_6_83.pdb	4.798	11.285	0.307692	30.208
swarm_30_94.pdb	7.651	20.915	0.0769231	30.171
swarm_52_125.pdb	17.903	40.432	0	30.166
swarm_3_83.pdb	13.341	28.508	0	30.059
swarm_16_170.pdb	4.736	12.220	0.246154	30.041
swarm_50_171.pdb	6.547	18.325	0.215385	30.035
swarm_30_139.pdb	5.947	15.800	0.138462	29.945
swarm_57_10.pdb	7.786	23.376	0.0153846	29.858
swarm_10_57.pdb	5.071	12.256	0.184615	29.839
swarm_32_74.pdb	5.942	15.998	0.153846	29.797
swarm_78_117.pdb	5.181	13.394	0.138462	29.692
swarm_59_81.pdb	6.295	17.388	0.0923077	29.624
swarm_9_71.pdb	5.025	11.023	0.2	29.620
swarm_20_98.pdb	5.924	16.206	0.107692	29.546
swarm_16_108.pdb	7.854	23.884	0	29.508
swarm_21_19.pdb	6.510	17.031	0.138462	29.452
swarm_58_146.pdb	5.522	11.208	0.292308	29.437
swarm_54_23.pdb	5.825	15.706	0.184615	29.331
swarm_44_97.pdb	17.324	38.381	0	29.282
swarm_8_149.pdb	5.661	14.489	0.138462	29.260
swarm_25_66.pdb	8.454	25.940	0	29.075
swarm_53_119.pdb	4.330	7.581	0.353846	29.001
swarm_20_70.pdb	17.821	40.105	0	28.965
swarm_36_172.pdb	9.695	29.965	0	28.954
swarm_53_146.pdb	9.926	29.013	0	28.889
swarm_15_12.pdb	13.886	22.393	0	28.799
swarm_53_111.pdb	5.740	14.792	0.215385	28.736
swarm_24_159.pdb	17.083	37.733	0	28.723
swarm_41_178.pdb	7.729	21.264	0.123077	28.649
swarm_60_58.pdb	16.022	34.102	0	28.620
swarm_75_60.pdb	4.999	13.598	0.169231	28.548
swarm_46_127.pdb	7.134	19.224	0.0615385	28.477
swarm_64_78.pdb	11.148	32.565	0	28.350
swarm_53_94.pdb	10.565	28.845	0	28.347
swarm_51_162.pdb	6.299	12.436	0.123077	28.345
swarm_58_19.pdb	15.041	38.495	0	28.235
swarm_17_30.pdb	6.239	17.520	0.0923077	28.187
swarm_48_146.pdb	12.591	30.119	0	28.166
swarm_30_164.pdb	5.469	14.921	0.2	28.034
swarm_7_182.pdb	4.789	11.772	0.338462	27.924
swarm_20_111.pdb	15.150	31.841	0	27.849
swarm_28_56.pdb	13.393	28.667	0	27.844
swarm_8_143.pdb	14.134	24.054	0	27.791
swarm_54_18.pdb	12.216	36.482	0	27.739
swarm_18_189.pdb	11.702	30.344	0	27.584
swarm_42_15.pdb	8.601	24.728	0	27.483
swarm_10_119.pdb	5.780	14.420	0.107692	27.329
swarm_26_118.pdb	10.379	27.269	0	27.270
swarm_42_10.pdb	10.184	31.208	0	27.231
swarm_61_132.pdb	11.225	27.864	0.0153846	27.228
swarm_48_50.pdb	8.207	24.588	0.0615385	27.228
swarm_45_113.pdb	4.627	8.257	0.353846	27.066
swarm_40_22.pdb	8.875	24.064	0.0153846	26.982
swarm_24_178.pdb	9.224	29.609	0	26.947
swarm_15_41.pdb	13.654	26.377	0	26.909
swarm_23_105.pdb	14.093	37.128	0	26.904
swarm_29_91.pdb	10.243	30.837	0	26.901
swarm_11_32.pdb	11.015	29.996	0	26.891
swarm_10_8.pdb	6.423	12.170	0.153846	26.852
swarm_28_100.pdb	8.000	24.861	0.0153846	26.771
swarm_18_34.pdb	13.402	28.306	0	26.706
swarm_6_176.pdb	14.423	27.348	0	26.697
swarm_38_87.pdb	15.278	38.247	0	26.642
swarm_32_54.pdb	7.351	13.623	0.123077	26.610
swarm_4_105.pdb	19.306	42.966	0	26.563
swarm_5_54.pdb	13.259	36.838	0	26.536
swarm_41_173.pdb	13.097	38.609	0	26.475
swarm_10_69.pdb	17.536	37.840	0	26.401
swarm_73_120.pdb	6.019	17.910	0.0923077	26.378
swarm_66_93.pdb	5.822	18.502	0.107692	26.353
swarm_60_88.pdb	15.170	30.749	0	26.348
swarm_64_132.pdb	17.547	38.571	0	26.338
swarm_56_21.pdb	17.432	38.541	0	26.335
swarm_16_168.pdb	15.281	31.532	0	26.240
swarm_76_158.pdb	10.650	30.576	0	26.236
swarm_67_36.pdb	5.796	10.213	0.138462	26.159
swarm_7_123.pdb	13.546	38.453	0	26.152
swarm_54_95.pdb	10.140	29.638	0	26.129
swarm_58_75.pdb	6.507	11.550	0.123077	26.106
swarm_74_117.pdb	7.309	21.334	0.0615385	26.101
swarm_31_99.pdb	12.887	25.602	0	26.057
swarm_1_125.pdb	18.904	41.512	0	25.942
swarm_57_31.pdb	9.119	24.990	0	25.898
swarm_19_135.pdb	14.070	26.835	0	25.753
swarm_11_99.pdb	10.850	30.447	0	25.666
swarm_60_16.pdb	11.255	33.432	0	25.595
swarm_28_196.pdb	14.496	25.687	0	25.571
swarm_20_187.pdb	17.573	38.080	0	25.537
swarm_34_136.pdb	17.327	35.487	0	25.532
swarm_35_199.pdb	11.440	27.523	0.0153846	25.516
swarm_41_97.pdb	7.633	22.065	0.0615385	25.406
swarm_59_170.pdb	4.993	14.815	0.2	25.379
swarm_47_80.pdb	19.390	43.078	0	25.376
swarm_9_31.pdb	15.365	31.773	0	25.346
swarm_10_103.pdb	6.602	10.197	0.123077	25.315
swarm_57_54.pdb	9.372	13.960	0	25.292
swarm_59_102.pdb	12.918	34.737	0	25.192
swarm_72_59.pdb	10.744	26.622	0	25.152
swarm_1_164.pdb	13.760	37.962	0	25.101
swarm_55_60.pdb	15.246	36.044	0.0153846	25.095
swarm_6_14.pdb	7.865	22.792	0.0307692	25.082
swarm_6_170.pdb	19.418	42.742	0	24.988
swarm_56_187.pdb	5.754	10.759	0.138462	24.965
swarm_31_96.pdb	9.122	26.905	0.0461538	24.911
swarm_31_191.pdb	10.923	32.132	0	24.896
swarm_9_83.pdb	14.855	28.536	0	24.884
swarm_32_8.pdb	6.940	20.029	0.0307692	24.841
swarm_26_24.pdb	9.880	28.024	0	24.776
swarm_36_46.pdb	10.361	29.689	0	24.707
swarm_24_190.pdb	13.550	38.850	0	24.707
swarm_51_187.pdb	4.906	6.663	0.430769	24.694
swarm_33_70.pdb	12.972	19.434	0	24.661
swarm_16_58.pdb	11.341	35.261	0	24.645
swarm_32_119.pdb	14.990	31.270	0	24.639
swarm_50_61.pdb	6.300	18.496	0.0769231	24.635
swarm_57_32.pdb	14.862	31.948	0	24.616
swarm_58_59.pdb	12.906	35.411	0	24.572
swarm_58_188.pdb	16.997	37.107	0	24.564
swarm_37_45.pdb	14.752	39.068	0	24.557
swarm_61_28.pdb	11.606	33.828	0	24.552
swarm_25_146.pdb	13.687	40.120	0	24.546
swarm_36_66.pdb	9.341	13.796	0	24.482
swarm_3_58.pdb	11.571	28.368	0.0153846	24.478
swarm_75_36.pdb	6.061	17.579	0.0615385	24.471
swarm_32_178.pdb	6.296	12.136	0.123077	24.408
swarm_47_41.pdb	15.026	38.528	0	24.406
swarm_2_19.pdb	5.969	17.139	0.107692	24.387
swarm_13_190.pdb	11.019	29.303	0	24.348
swarm_7_50.pdb	10.836	28.296	0.0461538	24.323
swarm_44_78.pdb	8.752	27.558	0	24.321
swarm_30_138.pdb	13.423	26.762	0	24.279
swarm_27_8.pdb	8.425	24.997	0.107692	24.238
swarm_7_168.pdb	13.956	23.110	0	24.201
swarm_49_77.pdb	14.109	33.595	0	24.185
swarm_41_193.pdb	13.350	26.028	0	24.161
swarm_24_126.pdb	9.815	31.454	0	24.131
swarm_43_172.pdb	17.175	36.066	0	24.125
swarm_11_43.pdb	12.173	28.188	0	24.116
swarm_13_158.pdb	9.335	28.051	0	24.086
swarm_39_183.pdb	7.412	12.243	0.107692	24.037
swarm_43_36.pdb	12.945	39.583	0	23.962
swarm_25_126.pdb	17.388	38.368	0	23.945
swarm_35_77.pdb	22.998	55.633	0	23.935
swarm_51_111.pdb	18.919	41.054	0	23.918
swarm_56_131.pdb	17.009	35.842	0	23.873
swarm_22_9.pdb	6.258	16.085	0.0769231	23.849
swarm_63_149.pdb	12.521	27.250	0	23.790
swarm_22_105.pdb	13.048	38.625	0	23.777
swarm_54_121.pdb	16.490	34.971	0	23.776
swarm_18_116.pdb	14.431	24.794	0	23.746
swarm_27_188.pdb	17.570	32.667	0	23.607
swarm_29_54.pdb	13.460	35.660	0	23.535
swarm_27_148.pdb	15.250	24.855	0	23.460
swarm_42_75.pdb	13.350	42.248	0	23.406
swarm_22_105.pdb	8.135	28.090	0.0307692	23.389
swarm_51_167.pdb	13.759	38.023	0	23.373
swarm_16_92.pdb	13.550	28.871	0	23.356
swarm_53_55.pdb	10.213	15.734	0	23.329
swarm_61_99.pdb	16.384	39.369	0	23.301
swarm_30_91.pdb	12.756	28.225	0	23.255
swarm_0_185.pdb	15.114	36.067	0	23.240
swarm_22_192.pdb	10.455	32.322	0	23.210
swarm_3_46.pdb	14.805	27.017	0	23.192
swarm_28_62.pdb	13.273	35.546	0	23.082
swarm_1_52.pdb	16.205	41.900	0	23.015
swarm_60_195.pdb	9.159	14.355	0.0153846	22.974
swarm_8_72.pdb	11.674	30.651	0.0153846	22.973
swarm_4_154.pdb	12.778	38.194	0	22.898
swarm_41_198.pdb	11.338	30.007	0	22.822
swarm_29_48.pdb	17.620	33.430	0	22.798
swarm_29_96.pdb	14.645	24.629	0	22.746
swarm_21_93.pdb	13.107	39.195	0	22.737
swarm_13_184.pdb	11.358	30.740	0	22.716
swarm_15_190.pdb	9.111	23.901	0.0923077	22.678
swarm_23_189.pdb	17.597	38.077	0	22.664
swarm_57_179.pdb	12.317	35.535	0	22.613
swarm_68_81.pdb	11.412	32.920	0	22.587
swarm_33_142.pdb	10.102	30.418	0	22.539
swarm_57_60.pdb	10.849	16.679	0	22.538
swarm_36_74.pdb	14.507	23.486	0	22.536
swarm_16_17.pdb	16.869	36.401	0	22.531
swarm_47_97.pdb	14.448	40.297	0	22.447
swarm_38_180.pdb	12.376	35.439	0	22.418
swarm_36_2.pdb	12.639	20.767	0	22.413
swarm_39_90.pdb	10.690	17.703	0	22.385
swarm_55_151.pdb	12.785	18.759	0	22.374
swarm_53_191.pdb	6.522	20.072	0.0769231	22.302
swarm_63_102.pdb	12.617	40.724	0	22.274
swarm_43_180.pdb	10.292	31.119	0	22.254
swarm_9_168.pdb	14.498	32.911	0	22.218
swarm_33_119.pdb	11.479	29.582	0.0769231	22.197
swarm_17_188.pdb	16.246	28.023	0	22.197
swarm_33_113.pdb	10.253	26.338	0	22.173
swarm_34_122.pdb	8.156	23.100	0.0461538	22.162
swarm_33_165.pdb	10.840	27.861	0	22.147
swarm_39_112.pdb	15.048	33.483	0	22.131
swarm_59_26.pdb	5.748	11.871	0.276923	22.125
swarm_48_147.pdb	15.194	32.575	0.0153846	22.125
swarm_10_133.pdb	13.019	25.992	0	22.118
swarm_32_105.pdb	14.593	23.761	0	22.079
swarm_28_95.pdb	12.846	20.380	0	21.909
swarm_55_109.pdb	10.003	14.430	0	21.826
swarm_8_111.pdb	9.552	14.456	0	21.808
swarm_66_197.pdb	7.741	20.240	0.0153846	21.797
swarm_23_73.pdb	10.784	31.669	0	21.722
swarm_40_118.pdb	17.378	36.890	0	21.687
swarm_17_170.pdb	6.734	19.735	0.0153846	21.658
swarm_35_75.pdb	12.660	39.261	0	21.637
swarm_31_158.pdb	13.462	21.363	0	21.622
swarm_37_18.pdb	13.876	33.633	0	21.604
swarm_34_16.pdb	15.922	35.675	0	21.557
swarm_4_131.pdb	17.468	41.438	0	21.547
swarm_35_108.pdb	7.500	15.498	0.0461538	21.536
swarm_6_94.pdb	17.775	37.456	0	21.534
swarm_61_23.pdb	14.674	35.694	0	21.524
swarm_14_157.pdb	16.984	33.476	0	21.495
swarm_50_80.pdb	7.807	15.608	0	21.466
swarm_74_92.pdb	11.700	33.000	0	21.462
swarm_14_2.pdb	10.003	28.660	0.0461538	21.457
swarm_54_124.pdb	17.313	41.214	0	21.418
swarm_55_157.pdb	10.012	28.128	0	21.404
swarm_18_114.pdb	14.047	21.525	0	21.366
swarm_7_62.pdb	14.378	37.127	0	21.296
swarm_54_166.pdb	11.790	30.729	0	21.255
swarm_21_22.pdb	10.160	17.311	0	21.251
swarm_32_166.pdb	10.281	31.780	0	21.230
swarm_58_28.pdb	18.054	40.000	0	21.212
swarm_33_94.pdb	13.555	26.517	0	21.209
swarm_86_171.pdb	12.885	35.783	0	21.191
swarm_64_138.pdb	13.874	39.409	0	21.136
swarm_15_166.pdb	17.362	33.079	0	21.113
swarm_29_78.pdb	12.992	31.713	0	21.099
swarm_65_135.pdb	11.800	32.579	0	21.085
swarm_3_85.pdb	17.399	34.986	0	21.039
swarm_5_151.pdb	11.742	29.427	0	20.975
swarm_4_1.pdb	12.363	37.226	0	20.958
swarm_7_166.pdb	12.956	32.850	0	20.955
swarm_47_26.pdb	12.011	32.548	0	20.934
swarm_9_113.pdb	11.464	29.527	0.0153846	20.911
swarm_6_45.pdb	13.599	37.011	0	20.888
swarm_33_143.pdb	12.753	28.750	0	20.888
swarm_15_122.pdb	9.013	27.605	0	20.798
swarm_48_129.pdb	13.108	33.258	0	20.794
swarm_19_75.pdb	9.212	27.601	0.0307692	20.771
swarm_55_67.pdb	11.613	32.581	0	20.753
swarm_21_104.pdb	7.944	24.133	0.0307692	20.712
swarm_54_176.pdb	14.956	33.406	0	20.706
swarm_40_121.pdb	15.230	36.304	0	20.691
swarm_1_27.pdb	16.056	36.698	0	20.688
swarm_57_68.pdb	13.352	34.448	0	20.671
swarm_44_34.pdb	16.170	37.425	0	20.612
swarm_25_37.pdb	14.924	30.012	0	20.577
swarm_20_138.pdb	12.583	37.107	0	20.511
swarm_63_113.pdb	14.712	36.035	0	20.490
swarm_11_96.pdb	17.061	34.273	0	20.472
swarm_40_108.pdb	8.723	26.459	0	20.337
swarm_50_36.pdb	12.701	25.040	0	20.273
swarm_25_109.pdb	13.961	28.180	0	20.269
swarm_66_172.pdb	10.459	29.730	0	20.262
swarm_10_77.pdb	12.808	32.629	0	20.250
swarm_39_81.pdb	13.753	42.900	0	20.245
swarm_16_50.pdb	14.425	32.616	0	20.198
swarm_13_14.pdb	14.581	26.123	0	20.185
swarm_6_191.pdb	12.781	34.051	0	20.172
swarm_20_176.pdb	12.193	30.334	0	20.133
swarm_24_80.pdb	10.737	31.404	0	20.100
swarm_61_185.pdb	16.619	36.056	0	20.052
swarm_11_176.pdb	12.858	34.933	0	20.045
swarm_64_133.pdb	14.010	29.497	0	20.024
swarm_61_76.pdb	6.911	23.869	0.0153846	20.018
swarm_22_5.pdb	13.791	41.212	0	20.000
swarm_51_178.pdb	11.727	32.339	0.0153846	19.950
swarm_58_157.pdb	11.111	32.198	0.0153846	19.930
swarm_38_56.pdb	12.669	32.542	0	19.915
swarm_0_133.pdb	19.125	40.590	0	19.913
swarm_64_198.pdb	14.840	36.483	0	19.900
swarm_20_50.pdb	11.507	30.543	0	19.880
swarm_16_82.pdb	9.017	18.576	0.0461538	19.853
swarm_26_1.pdb	7.847	18.254	0.0307692	19.847
swarm_37_113.pdb	16.242	31.420	0	19.785
swarm_38_63.pdb	11.427	33.613	0	19.768
swarm_35_47.pdb	11.635	32.601	0	19.734
swarm_14_123.pdb	14.503	26.365	0	19.734
swarm_68_61.pdb	11.783	31.463	0	19.729
swarm_19_72.pdb	8.336	22.149	0	19.714
swarm_32_142.pdb	11.318	30.520	0	19.651
swarm_39_149.pdb	9.554	13.542	0	19.648
swarm_47_129.pdb	12.574	35.391	0.0153846	19.641
swarm_48_170.pdb	12.222	34.248	0	19.636
swarm_61_50.pdb	14.355	31.006	0	19.600
swarm_53_159.pdb	8.191	18.227	0.0461538	19.588
swarm_67_101.pdb	11.457	32.999	0.0153846	19.523
swarm_17_135.pdb	14.896	34.540	0	19.490
swarm_15_61.pdb	11.033	28.765	0.0153846	19.484
swarm_58_7.pdb	12.200	35.726	0	19.462
swarm_46_194.pdb	9.905	17.093	0	19.451
swarm_67_18.pdb	8.075	18.001	0.0461538	19.387
swarm_1_69.pdb	15.873	37.794	0	19.251
swarm_64_109.pdb	9.663	29.140	0	19.211
swarm_18_198.pdb	13.989	21.211	0	19.165
swarm_26_106.pdb	15.858	33.118	0	19.153
swarm_31_176.pdb	9.402	15.343	0	19.127
swarm_4_144.pdb	11.543	30.797	0	19.065
swarm_2_156.pdb	8.268	23.713	0	19.059
swarm_54_182.pdb	11.303	27.962	0	19.049
swarm_16_27.pdb	9.218	24.570	0	19.045
swarm_33_66.pdb	8.878	16.864	0	19.006
swarm_22_12.pdb	10.169	14.407	0	18.971
swarm_10_66.pdb	10.843	31.818	0	18.938
swarm_6_137.pdb	7.377	16.821	0.0461538	18.936
swarm_48_153.pdb	19.743	41.990	0	18.934
swarm_22_11.pdb	16.213	34.510	0	18.903
swarm_77_135.pdb	13.044	37.385	0	18.828
swarm_38_102.pdb	14.657	31.723	0	18.824
swarm_44_175.pdb	7.216	26.816	0.0307692	18.805
swarm_1_116.pdb	13.120	37.061	0	18.802
swarm_7_154.pdb	9.345	19.744	0	18.758
swarm_32_164.pdb	13.192	31.167	0	18.746
swarm_18_103.pdb	9.524	25.965	0	18.701
swarm_54_134.pdb	16.055	34.188	0	18.594
swarm_46_71.pdb	12.341	36.403	0	18.486
swarm_20_5.pdb	8.381	24.681	0	18.456
swarm_78_25.pdb	6.792	15.158	0.0923077	18.400
swarm_1_141.pdb	7.921	14.925	0	18.389
swarm_10_124.pdb	15.947	33.922	0	18.358
swarm_2_3.pdb	9.618	20.506	0.0461538	18.294
swarm_16_1.pdb	13.898	43.210	0	18.208
swarm_19_70.pdb	12.351	27.714	0	18.186
swarm_54_86.pdb	15.522	35.913	0	18.166
swarm_63_156.pdb	15.956	32.301	0	18.153
swarm_48_187.pdb	12.315	34.045	0.0153846	18.124
swarm_65_123.pdb	11.721	32.129	0	18.083
swarm_57_154.pdb	11.319	31.687	0	18.002
swarm_36_4.pdb	15.702	35.503	0	17.956
swarm_65_190.pdb	15.391	37.921	0	17.864
swarm_7_103.pdb	11.622	16.695	0	17.809
swarm_5_152.pdb	15.625	29.218	0	17.763
swarm_12_145.pdb	14.513	41.166	0	17.743
swarm_16_167.pdb	16.833	35.959	0	17.697
swarm_13_142.pdb	14.945	30.572	0	17.691
swarm_11_87.pdb	15.933	31.436	0	17.687
swarm_37_43.pdb	15.970	35.372	0	17.664
swarm_21_2.pdb	12.401	34.606	0	17.635
swarm_8_128.pdb	13.430	29.997	0	17.585
swarm_5_174.pdb	14.252	25.814	0	17.565
swarm_0_147.pdb	8.247	19.184	0	17.549
swarm_34_60.pdb	7.293	15.508	0.0307692	17.528
swarm_5_141.pdb	10.641	31.043	0	17.459
swarm_72_15.pdb	12.216	37.596	0	17.419
swarm_79_54.pdb	12.601	32.076	0	17.128
swarm_45_117.pdb	7.159	16.042	0.0461538	17.108
swarm_24_86.pdb	11.237	29.667	0	17.103
swarm_50_116.pdb	14.681	32.112	0	17.085
swarm_63_139.pdb	17.939	36.417	0	17.073
swarm_50_168.pdb	12.158	28.948	0	16.830
swarm_37_191.pdb	17.605	41.098	0	16.816
swarm_13_116.pdb	15.897	31.235	0	16.807
swarm_26_118.pdb	12.224	27.259	0	16.733
swarm_55_120.pdb	13.596	31.499	0.0153846	16.676
swarm_59_185.pdb	7.896	21.201	0.0153846	16.660
swarm_29_88.pdb	15.393	26.852	0	16.655
swarm_48_104.pdb	14.661	33.892	0	16.649
swarm_20_14.pdb	13.120	33.137	0	16.648
swarm_53_102.pdb	13.213	29.911	0	16.644
swarm_26_46.pdb	11.969	26.951	0.0615385	16.496
swarm_17_17.pdb	7.447	18.303	0.123077	16.351
swarm_1_53.pdb	17.708	37.805	0	16.348
swarm_8_157.pdb	7.947	14.726	0	16.253
swarm_46_135.pdb	12.672	31.210	0.0153846	16.178
swarm_30_143.pdb	13.329	29.228	0	16.154
swarm_17_54.pdb	17.389	34.069	0	16.147
swarm_64_168.pdb	17.008	36.596	0	16.109
swarm_56_23.pdb	17.743	37.868	0	16.006
swarm_42_176.pdb	10.336	27.958	0.0615385	15.975
swarm_54_10.pdb	13.867	42.576	0	15.918
swarm_56_121.pdb	14.647	33.689	0	15.792
swarm_23_134.pdb	11.026	34.422	0	15.760
swarm_9_89.pdb	13.474	29.394	0	15.739
swarm_59_168.pdb	14.614	35.010	0	15.726
swarm_10_187.pdb	12.381	28.832	0	15.718
swarm_34_142.pdb	13.313	29.093	0	15.693
swarm_21_42.pdb	9.575	25.566	0.0153846	15.679
swarm_9_169.pdb	11.664	33.862	0	15.624
swarm_36_185.pdb	10.147	16.591	0	15.597
swarm_40_192.pdb	16.580	37.352	0	15.564
swarm_36_199.pdb	12.354	35.706	0	15.476
swarm_59_118.pdb	11.459	32.646	0	15.452
swarm_49_107.pdb	13.774	34.185	0	15.370
swarm_39_6.pdb	17.021	41.206	0	15.268
swarm_32_182.pdb	15.953	30.891	0	15.265
swarm_10_96.pdb	13.625	30.081	0	15.222
swarm_26_63.pdb	14.487	33.495	0	15.205
swarm_26_130.pdb	12.939	30.525	0	15.119
swarm_16_158.pdb	12.506	31.066	0	15.042
swarm_10_105.pdb	12.763	26.948	0	15.005
swarm_50_140.pdb	16.946	34.538	0	14.998
swarm_7_139.pdb	10.687	27.135	0	14.948
swarm_83_23.pdb	9.889	26.749	0	14.925
swarm_39_58.pdb	15.876	40.713	0	14.705
swarm_61_30.pdb	17.349	32.295	0	14.686
swarm_11_53.pdb	12.362	30.261	0	14.672
swarm_38_41.pdb	13.144	34.866	0	14.668
swarm_3_122.pdb	9.021	23.685	0	14.659
swarm_54_67.pdb	16.298	35.044	0	14.598
swarm_41_127.pdb	10.665	21.268	0.0153846	14.512
swarm_13_142.pdb	13.513	36.501	0	14.450
swarm_79_176.pdb	12.080	37.924	0	14.447
swarm_31_28.pdb	13.170	34.736	0	14.443
swarm_50_138.pdb	15.998	31.964	0	14.376
swarm_50_9.pdb	13.870	33.272	0	14.343
swarm_21_64.pdb	12.916	23.931	0	14.324
swarm_4_86.pdb	12.554	26.765	0.0461538	14.290
swarm_25_195.pdb	10.785	33.205	0	14.276
swarm_57_199.pdb	14.843	34.898	0	14.218
swarm_53_27.pdb	10.393	25.985	0	14.135
swarm_44_169.pdb	12.360	28.599	0	14.129
swarm_58_151.pdb	15.682	35.216	0	14.080
swarm_9_123.pdb	15.420	34.754	0	13.987
swarm_16_11.pdb	8.992	26.938	0	13.964
swarm_56_11.pdb	15.959	33.947	0	13.798
swarm_30_52.pdb	13.267	20.736	0	13.793
swarm_49_163.pdb	12.421	31.138	0	13.788
swarm_41_14.pdb	7.496	20.806	0.0307692	13.778
swarm_10_36.pdb	14.933	30.169	0	13.621
swarm_63_21.pdb	14.073	26.252	0	13.552
swarm_66_7.pdb	15.187	35.651	0	13.470
swarm_50_184.pdb	10.707	22.282	0	13.308
swarm_32_2.pdb	11.154	21.043	0	13.209
swarm_59_160.pdb	11.870	35.605	0	13.106
swarm_7_43.pdb	14.078	24.976	0	13.082
swarm_57_35.pdb	5.646	11.906	0.184615	12.942
swarm_26_11.pdb	13.889	24.223	0	12.929
swarm_69_100.pdb	11.101	29.355	0.0153846	12.879
swarm_8_102.pdb	11.393	36.859	0	12.631
swarm_2_86.pdb	16.334	34.032	0	12.562
swarm_53_71.pdb	9.605	24.252	0.0153846	12.483
swarm_10_139.pdb	16.893	33.875	0	12.470
swarm_49_44.pdb	10.559	28.997	0	12.312
swarm_64_29.pdb	10.502	26.989	0	12.269
swarm_46_114.pdb	15.153	30.017	0	12.245
swarm_9_7.pdb	16.129	33.293	0	12.155
swarm_17_78.pdb	17.747	35.076	0	11.760
swarm_27_120.pdb	15.893	36.921	0	11.585
swarm_59_6.pdb	13.267	29.214	0	11.509
swarm_84_136.pdb	10.506	25.758	0	11.379
swarm_3_3.pdb	14.756	24.421	0	11.248
swarm_58_151.pdb	11.749	31.630	0	11.130
swarm_50_107.pdb	7.542	25.351	0.0769231	11.091
swarm_48_111.pdb	16.894	38.870	0	11.047
swarm_58_140.pdb	11.709	32.801	0	10.993
swarm_32_113.pdb	9.975	28.097	0	10.992
swarm_57_10.pdb	4.241	9.050	0.276923	10.969
swarm_33_16.pdb	11.037	26.409	0	10.642
swarm_23_32.pdb	17.527	36.923	0	10.325
swarm_45_123.pdb	17.469	38.029	0	9.893
swarm_61_199.pdb	14.707	24.120	0	9.804
swarm_39_129.pdb	10.745	23.580	0	9.664
swarm_23_141.pdb	16.084	39.500	0	8.919
swarm_58_119.pdb	13.938	26.175	0	8.472
swarm_61_41.pdb	11.785	21.386	0	8.127
swarm_77_53.pdb	15.171	39.313	0	6.581
swarm_34_14.pdb	17.268	37.690	0	6.435
swarm_85_142.pdb	12.784	39.900	0	6.037
swarm_4_131.pdb	11.384	33.254	0	6.023
swarm_26_136.pdb	15.521	33.121	0	5.414
swarm_51_147.pdb	10.844	20.917	0	5.114
swarm_67_82.pdb	11.946	22.461	0	3.807
swarm_41_197.pdb	16.512	34.691	0	2.893
swarm_63_170.pdb	7.310	18.593	0.0769231	1.513
swarm_56_158.pdb	12.097	27.454	0	1.510
swarm_13_52.pdb	7.987	22.627	0	1.277
swarm_2_88.pdb	12.004	25.051	0	0.914
swarm_58_79.pdb	15.736	36.696	0	0.852
swarm_23_15.pdb	16.832	34.199	0	0.585
