run1-swarm_17_0.pdb	3.356	8.031	0.423729	36.521
run1-swarm_33_191.pdb	3.276	6.234	0.474576	35.413
run0-swarm_18_152.pdb	12.853	34.315	0	33.171
run0-swarm_0_50.pdb	12.413	38.011	0.0169492	33.114
run0-swarm_45_131.pdb	9.124	22.208	0.0169492	33.078
run1-swarm_24_139.pdb	19.998	53.884	0	32.661
run1-swarm_1_175.pdb	3.130	6.497	0.355932	30.943
run1-swarm_51_93.pdb	18.507	36.810	0	30.616
run0-swarm_1_40.pdb	11.969	34.992	0	30.348
run0-swarm_22_71.pdb	7.224	16.781	0.0508475	30.256
run0-swarm_36_133.pdb	8.713	20.179	0.0169492	29.539
run0-swarm_0_188.pdb	13.184	36.419	0	29.536
run0-swarm_17_125.pdb	8.575	19.206	0.0169492	29.501
run0-swarm_7_81.pdb	11.804	37.156	0	28.903
run1-swarm_1_35.pdb	6.887	18.911	0.186441	28.763
run0-swarm_35_73.pdb	15.149	42.337	0	28.704
run0-swarm_7_17.pdb	15.590	43.499	0	28.655
run0-swarm_44_65.pdb	11.495	31.202	0	28.563
run1-swarm_46_131.pdb	9.358	16.732	0.0169492	28.557
run0-swarm_20_11.pdb	8.798	20.279	0.0169492	28.529
run0-swarm_54_16.pdb	11.539	35.943	0	28.483
run1-swarm_29_125.pdb	20.434	42.417	0	28.324
run1-swarm_29_142.pdb	16.876	38.577	0	28.304
run0-swarm_5_4.pdb	9.456	23.329	0.0169492	27.878
run1-swarm_59_176.pdb	15.711	29.597	0	27.867
run0-swarm_4_138.pdb	16.735	38.585	0	27.798
run0-swarm_31_34.pdb	15.048	41.979	0	27.448
run1-swarm_57_76.pdb	19.992	53.683	0	27.440
run0-swarm_56_85.pdb	9.881	24.743	0.0338983	27.437
run1-swarm_33_158.pdb	9.083	16.350	0.0338983	27.391
run1-swarm_12_127.pdb	9.631	20.743	0.0169492	27.261
run1-swarm_34_38.pdb	7.918	14.879	0.0169492	27.083
run1-swarm_53_121.pdb	14.262	28.396	0	27.026
run0-swarm_14_170.pdb	18.450	49.933	0	26.949
run1-swarm_19_63.pdb	15.247	29.277	0	26.887
run1-swarm_15_155.pdb	18.385	37.215	0	26.687
run0-swarm_41_102.pdb	17.193	41.279	0	26.677
run1-swarm_44_187.pdb	9.291	17.620	0.0338983	26.574
run1-swarm_13_126.pdb	23.760	46.489	0	26.500
run1-swarm_14_115.pdb	17.015	34.920	0	26.371
run0-swarm_46_63.pdb	10.118	19.549	0	26.329
run1-swarm_2_23.pdb	16.157	32.061	0	26.324
run1-swarm_29_75.pdb	10.535	26.867	0.0847458	26.321
run0-swarm_12_63.pdb	12.321	28.037	0.0169492	26.319
run0-swarm_42_32.pdb	6.161	13.324	0.101695	26.284
run0-swarm_51_125.pdb	16.235	37.394	0	26.000
run1-swarm_10_25.pdb	4.843	10.609	0.372881	25.972
run0-swarm_32_181.pdb	17.041	40.700	0	25.821
run0-swarm_15_15.pdb	12.467	29.522	0	25.526
run0-swarm_24_99.pdb	16.293	40.545	0	25.411
run0-swarm_33_161.pdb	15.919	42.446	0	25.366
run1-swarm_29_121.pdb	11.283	30.594	0	25.333
run0-swarm_39_106.pdb	17.278	40.360	0	25.300
run0-swarm_1_169.pdb	9.917	32.546	0.0169492	25.140
run0-swarm_9_10.pdb	16.050	34.124	0	25.096
run0-swarm_44_193.pdb	12.093	30.609	0	24.990
run0-swarm_43_154.pdb	11.020	24.634	0	24.973
run1-swarm_3_174.pdb	17.861	41.895	0	24.970
run0-swarm_59_22.pdb	16.997	39.111	0	24.970
run1-swarm_18_176.pdb	18.807	38.815	0	24.911
run1-swarm_36_129.pdb	19.052	40.442	0	24.904
run0-swarm_28_12.pdb	12.589	29.003	0	24.885
run1-swarm_26_175.pdb	18.161	43.240	0	24.835
run1-swarm_39_162.pdb	14.557	29.546	0	24.788
run1-swarm_27_3.pdb	18.215	42.409	0	24.767
run0-swarm_37_106.pdb	11.503	32.308	0	24.475
run0-swarm_2_47.pdb	14.171	32.213	0	24.465
run1-swarm_51_69.pdb	16.296	32.888	0	24.415
run1-swarm_56_92.pdb	14.622	29.246	0	24.357
run0-swarm_12_45.pdb	9.448	19.223	0	24.234
run1-swarm_13_130.pdb	19.721	42.676	0	24.060
run0-swarm_36_72.pdb	7.753	18.349	0.0338983	24.048
run1-swarm_3_80.pdb	15.966	34.404	0	23.789
run1-swarm_54_122.pdb	18.128	41.996	0	23.644
run1-swarm_52_27.pdb	12.463	22.745	0	23.550
run1-swarm_53_12.pdb	11.696	23.253	0	23.479
run0-swarm_56_164.pdb	7.081	21.761	0.237288	23.460
run1-swarm_25_25.pdb	20.426	51.240	0	23.431
run0-swarm_57_143.pdb	13.994	40.961	0	23.377
run1-swarm_25_115.pdb	17.566	46.767	0	23.370
run1-swarm_32_120.pdb	11.587	26.720	0	23.362
run0-swarm_40_34.pdb	16.808	39.441	0	23.345
run0-swarm_16_118.pdb	19.480	50.268	0	23.248
run0-swarm_31_17.pdb	18.211	48.695	0	23.247
run0-swarm_2_11.pdb	16.636	34.965	0	23.200
run0-swarm_28_117.pdb	14.946	34.985	0	23.195
run0-swarm_47_16.pdb	7.381	15.067	0.0169492	23.155
run0-swarm_30_180.pdb	17.513	47.081	0	23.131
run1-swarm_35_0.pdb	22.931	46.425	0	23.030
run1-swarm_19_162.pdb	15.175	33.056	0	22.981
run1-swarm_28_173.pdb	19.023	47.437	0	22.973
run0-swarm_27_0.pdb	17.956	44.652	0	22.951
run0-swarm_26_173.pdb	12.546	25.859	0	22.874
run0-swarm_24_182.pdb	16.820	38.695	0	22.848
run1-swarm_50_59.pdb	13.915	26.919	0	22.815
run0-swarm_57_54.pdb	14.595	37.987	0	22.725
run0-swarm_29_56.pdb	16.543	33.166	0	22.603
run0-swarm_40_9.pdb	16.225	39.253	0	22.591
run1-swarm_16_157.pdb	13.252	26.030	0	22.567
run0-swarm_17_182.pdb	10.036	20.252	0	22.521
run0-swarm_10_99.pdb	15.373	40.828	0	22.501
run0-swarm_10_146.pdb	15.262	30.678	0	22.434
run0-swarm_58_116.pdb	16.405	44.399	0	22.404
run0-swarm_18_175.pdb	15.068	35.096	0	22.318
run1-swarm_49_147.pdb	22.697	46.796	0	22.253
run1-swarm_58_14.pdb	19.543	45.464	0	22.213
run0-swarm_50_88.pdb	11.259	22.857	0	22.208
run1-swarm_35_119.pdb	17.368	39.483	0	22.186
run0-swarm_18_122.pdb	12.644	32.549	0	22.162
run0-swarm_32_52.pdb	17.146	46.768	0	22.034
run0-swarm_11_144.pdb	13.963	29.635	0	21.954
run1-swarm_59_117.pdb	10.857	24.624	0.0508475	21.844
run0-swarm_45_2.pdb	7.109	16.202	0.0677966	21.790
run0-swarm_23_71.pdb	9.922	25.883	0	21.753
run1-swarm_47_93.pdb	16.140	30.048	0	21.685
run0-swarm_8_116.pdb	16.919	35.074	0	21.322
run0-swarm_42_88.pdb	14.219	30.225	0	21.227
run1-swarm_25_150.pdb	24.891	58.471	0	21.209
run1-swarm_15_79.pdb	11.520	26.378	0.0338983	21.147
run1-swarm_14_118.pdb	18.159	37.918	0	21.130
run0-swarm_16_34.pdb	17.062	43.878	0	21.070
run1-swarm_39_189.pdb	14.532	33.941	0	20.957
run1-swarm_56_60.pdb	18.943	38.538	0	20.938
run0-swarm_35_185.pdb	21.924	55.464	0	20.835
run1-swarm_26_181.pdb	13.514	32.210	0	20.823
run0-swarm_58_97.pdb	16.546	42.581	0	20.788
run0-swarm_14_110.pdb	16.497	41.965	0	20.787
run1-swarm_12_143.pdb	5.520	11.187	0.20339	20.743
run0-swarm_42_64.pdb	10.169	19.992	0	20.690
run0-swarm_55_10.pdb	16.488	34.353	0	20.676
run1-swarm_57_77.pdb	19.144	47.866	0	20.675
run1-swarm_3_105.pdb	23.727	50.026	0	20.637
run0-swarm_42_96.pdb	11.047	24.310	0	20.528
run0-swarm_15_112.pdb	13.130	32.209	0	20.439
run0-swarm_2_66.pdb	15.121	29.051	0	20.255
run0-swarm_29_162.pdb	8.802	18.115	0	20.233
run1-swarm_37_52.pdb	17.324	42.391	0	20.213
run1-swarm_14_136.pdb	17.323	39.736	0	20.111
run0-swarm_45_68.pdb	8.200	23.869	0.0508475	20.074
run1-swarm_22_150.pdb	19.354	41.355	0	20.043
run1-swarm_54_53.pdb	17.265	45.895	0	20.033
run1-swarm_27_34.pdb	23.065	52.229	0	19.995
run1-swarm_53_50.pdb	16.661	32.569	0	19.921
run1-swarm_24_140.pdb	23.396	57.601	0	19.874
run0-swarm_10_166.pdb	14.867	37.322	0	19.762
run1-swarm_55_146.pdb	22.983	50.460	0	19.731
run0-swarm_26_162.pdb	16.808	32.902	0	19.586
run0-swarm_3_168.pdb	14.304	29.732	0	19.577
run0-swarm_59_91.pdb	16.541	34.729	0	19.551
run0-swarm_54_122.pdb	11.910	30.011	0	19.456
run1-swarm_57_121.pdb	23.684	56.742	0	19.435
run0-swarm_31_122.pdb	19.187	48.450	0	19.362
run1-swarm_58_167.pdb	22.715	50.253	0	19.321
run1-swarm_54_89.pdb	23.664	50.305	0	19.283
run0-swarm_35_126.pdb	16.890	40.994	0	19.259
run1-swarm_28_25.pdb	22.921	50.960	0	19.123
run1-swarm_55_130.pdb	19.292	44.937	0	18.830
run0-swarm_3_90.pdb	15.825	29.263	0	18.816
run1-swarm_0_42.pdb	22.879	52.314	0	18.789
run0-swarm_12_189.pdb	11.017	25.878	0	18.724
run0-swarm_36_55.pdb	5.105	10.412	0.0847458	18.712
run1-swarm_36_23.pdb	22.979	47.199	0	18.664
run1-swarm_36_56.pdb	16.144	32.620	0	18.638
run0-swarm_24_181.pdb	16.321	41.495	0	18.353
run1-swarm_26_57.pdb	23.058	50.119	0	18.262
run0-swarm_36_47.pdb	11.497	27.457	0.0169492	18.238
run1-swarm_22_158.pdb	22.813	47.679	0	18.151
run0-swarm_10_58.pdb	17.650	39.757	0	18.027
run1-swarm_22_109.pdb	13.975	30.266	0	18.022
run1-swarm_57_17.pdb	22.774	50.433	0	17.947
run0-swarm_47_29.pdb	5.561	13.633	0.118644	17.816
run0-swarm_12_5.pdb	17.561	37.254	0	17.785
run1-swarm_28_157.pdb	23.541	53.888	0	17.730
run1-swarm_58_136.pdb	23.134	50.846	0	17.673
run1-swarm_35_28.pdb	23.054	49.866	0	17.569
run1-swarm_11_194.pdb	16.359	40.797	0	17.418
run1-swarm_6_19.pdb	21.902	50.969	0	17.412
run1-swarm_24_173.pdb	22.390	52.537	0	17.336
run0-swarm_29_37.pdb	13.686	30.164	0	17.270
run1-swarm_35_41.pdb	20.203	48.475	0	17.243
run0-swarm_8_165.pdb	13.407	26.612	0	17.105
run1-swarm_18_88.pdb	16.932	40.101	0	16.921
run1-swarm_37_170.pdb	23.222	50.853	0	16.838
run1-swarm_48_16.pdb	14.695	32.568	0	16.835
run1-swarm_28_127.pdb	19.070	46.315	0	16.699
run0-swarm_46_166.pdb	7.388	18.126	0.0169492	16.680
run0-swarm_8_74.pdb	10.871	23.554	0	16.533
run0-swarm_26_74.pdb	16.995	33.414	0	16.485
run0-swarm_58_19.pdb	9.543	29.168	0	16.483
run1-swarm_4_188.pdb	16.261	41.392	0	16.290
run1-swarm_58_81.pdb	19.339	49.732	0	16.001
run1-swarm_0_103.pdb	21.544	53.533	0	15.372
run1-swarm_27_122.pdb	22.447	52.470	0	14.977
run0-swarm_15_35.pdb	9.916	21.891	0	14.421
run0-swarm_18_76.pdb	9.046	27.366	0.0169492	14.185
run1-swarm_41_6.pdb	17.965	45.006	0	14.123
run1-swarm_52_182.pdb	14.446	29.994	0	13.986
run1-swarm_37_55.pdb	18.099	48.873	0	13.954
run0-swarm_38_139.pdb	11.269	32.290	0.0338983	13.706
run0-swarm_8_169.pdb	13.776	30.415	0	13.573
run1-swarm_55_64.pdb	15.360	36.827	0	11.938
run0-swarm_5_73.pdb	6.965	12.101	0.0847458	7.472
run1-swarm_33_6.pdb	6.023	12.195	0.0847458	4.203
run1-swarm_18_158.pdb	16.467	38.229	0	4.046
