swarm_10_180.pdb	12.808	34.832	0	30.297
swarm_54_110.pdb	10.164	30.946	0	29.757
swarm_35_117.pdb	13.961	38.439	0	28.685
swarm_1_63.pdb	14.930	35.562	0	28.234
swarm_56_42.pdb	10.896	23.371	0.101695	27.512
swarm_28_167.pdb	22.012	46.422	0.0677966	27.203
swarm_45_62.pdb	18.046	39.210	0.0169492	27.121
swarm_17_39.pdb	15.013	31.846	0.0169492	26.838
swarm_10_171.pdb	25.121	51.793	0.0338983	26.635
swarm_45_63.pdb	17.684	36.474	0	26.354
swarm_7_146.pdb	18.210	47.292	0	26.350
swarm_54_143.pdb	16.365	40.906	0.0677966	26.097
swarm_36_69.pdb	18.590	37.308	0	26.006
swarm_54_149.pdb	16.667	39.826	0	25.997
swarm_37_74.pdb	14.403	30.285	0	25.961
swarm_24_151.pdb	26.279	54.248	0.0677966	25.952
swarm_0_179.pdb	19.602	48.151	0	25.939
swarm_36_90.pdb	17.273	35.852	0.0508475	25.931
swarm_1_21.pdb	11.704	33.558	0	25.459
swarm_16_83.pdb	24.847	49.280	0	24.984
swarm_45_104.pdb	18.102	36.901	0	24.700
swarm_19_123.pdb	14.038	29.373	0.0169492	24.554
swarm_20_187.pdb	14.489	29.977	0	23.938
swarm_37_154.pdb	10.043	28.648	0.0338983	23.769
swarm_43_4.pdb	11.170	29.043	0.101695	23.365
swarm_47_40.pdb	19.138	38.540	0.101695	23.323
swarm_36_159.pdb	12.407	27.743	0	23.246
swarm_45_25.pdb	14.267	32.600	0	22.964
swarm_52_25.pdb	16.101	28.842	0	22.751
swarm_44_160.pdb	11.841	26.735	0.0338983	22.647
swarm_47_114.pdb	12.916	28.521	0	22.537
swarm_42_107.pdb	10.807	24.044	0.0169492	22.537
swarm_17_187.pdb	15.769	30.422	0	22.384
swarm_14_129.pdb	15.933	41.838	0	22.230
swarm_2_75.pdb	21.602	45.709	0.0847458	22.120
swarm_46_17.pdb	11.133	21.009	0	22.082
swarm_20_79.pdb	14.492	29.967	0.0847458	21.804
swarm_20_145.pdb	11.062	17.888	0	21.789
swarm_44_73.pdb	23.681	45.193	0	21.761
swarm_54_18.pdb	10.218	24.866	0	21.523
swarm_28_133.pdb	16.036	30.626	0	21.490
swarm_28_109.pdb	11.439	29.819	0	21.483
swarm_11_103.pdb	18.402	35.281	0	21.474
swarm_50_19.pdb	19.380	38.188	0.0677966	21.433
swarm_50_195.pdb	15.447	33.708	0	21.422
swarm_48_168.pdb	12.053	21.984	0	21.340
swarm_45_124.pdb	21.015	41.784	0	21.309
swarm_36_138.pdb	21.031	39.314	0	21.141
swarm_6_102.pdb	22.282	42.928	0	20.774
swarm_46_5.pdb	21.009	39.572	0	20.406
swarm_0_154.pdb	23.255	52.014	0	20.359
swarm_49_69.pdb	17.555	34.299	0	19.869
swarm_55_133.pdb	19.130	45.466	0	19.818
swarm_36_33.pdb	16.947	32.966	0	19.438
swarm_42_2.pdb	22.544	41.092	0.0169492	19.421
swarm_18_170.pdb	13.739	33.917	0.0677966	19.417
swarm_36_182.pdb	9.610	20.496	0.0169492	19.314
swarm_9_121.pdb	24.497	48.565	0	19.306
swarm_39_76.pdb	18.718	40.247	0	19.278
swarm_13_164.pdb	17.360	37.939	0	19.184
swarm_52_73.pdb	11.897	21.974	0	19.119
swarm_36_27.pdb	11.656	23.547	0	19.098
swarm_55_146.pdb	15.156	34.083	0	18.928
swarm_10_147.pdb	27.018	55.865	0.0169492	18.916
swarm_49_143.pdb	18.014	37.417	0	18.875
swarm_1_112.pdb	23.788	49.941	0	18.859
swarm_47_6.pdb	19.689	38.721	0	18.835
swarm_15_89.pdb	20.413	40.927	0	18.787
swarm_51_132.pdb	23.026	44.421	0	18.727
swarm_49_21.pdb	22.412	41.053	0	18.668
swarm_6_178.pdb	17.545	32.010	0	18.666
swarm_2_125.pdb	16.378	33.166	0	18.337
swarm_26_43.pdb	25.146	48.691	0.0338983	18.292
swarm_49_81.pdb	12.207	22.422	0	18.276
swarm_42_165.pdb	17.134	35.307	0	18.225
swarm_40_52.pdb	23.077	47.679	0.0169492	18.177
swarm_1_22.pdb	20.836	42.830	0	18.148
swarm_30_10.pdb	18.544	47.035	0	18.138
swarm_47_134.pdb	21.409	41.333	0	18.062
swarm_22_68.pdb	11.340	23.651	0	17.966
swarm_29_118.pdb	18.764	35.603	0	17.818
swarm_43_61.pdb	13.204	29.215	0.118644	17.542
swarm_1_154.pdb	21.732	45.314	0	17.449
swarm_40_74.pdb	16.860	38.495	0	17.442
swarm_5_158.pdb	9.189	17.109	0.0338983	17.418
swarm_42_18.pdb	12.531	25.909	0	17.195
swarm_22_55.pdb	20.682	38.996	0	17.188
swarm_59_57.pdb	16.264	33.092	0	17.076
swarm_5_20.pdb	21.278	40.750	0	17.022
swarm_42_171.pdb	20.996	40.217	0.0338983	16.833
swarm_11_97.pdb	15.796	35.500	0.0169492	16.727
swarm_37_107.pdb	24.444	45.045	0	16.693
swarm_13_59.pdb	24.689	48.018	0	16.626
swarm_47_32.pdb	9.992	20.545	0.0169492	16.477
swarm_26_50.pdb	23.879	45.630	0.0508475	16.473
swarm_53_58.pdb	21.157	42.746	0	16.453
swarm_11_17.pdb	16.609	35.531	0	16.135
swarm_26_178.pdb	12.975	24.997	0	16.115
swarm_3_34.pdb	15.846	30.725	0	15.886
swarm_29_188.pdb	22.453	44.517	0.0847458	15.828
swarm_8_65.pdb	14.411	30.444	0	15.801
swarm_19_159.pdb	17.179	36.053	0	15.688
swarm_12_186.pdb	19.785	39.725	0	15.546
swarm_50_167.pdb	19.789	39.902	0	15.507
swarm_46_161.pdb	20.244	40.650	0	15.482
swarm_50_131.pdb	16.786	35.417	0.0508475	15.373
swarm_28_162.pdb	17.781	35.928	0	15.273
swarm_13_30.pdb	17.134	31.737	0	15.245
swarm_3_125.pdb	24.643	47.884	0.0338983	15.236
swarm_18_147.pdb	25.107	48.984	0.0169492	15.169
swarm_28_154.pdb	21.641	44.323	0.0508475	15.119
swarm_6_163.pdb	20.475	39.192	0	14.761
swarm_4_108.pdb	18.096	39.924	0	14.696
swarm_16_16.pdb	17.353	39.520	0	14.656
swarm_29_152.pdb	13.723	29.125	0	14.537
swarm_47_9.pdb	17.970	34.440	0	14.519
swarm_26_88.pdb	12.472	27.304	0	14.441
swarm_17_193.pdb	14.647	31.212	0	14.391
swarm_42_93.pdb	14.228	31.279	0	14.324
swarm_47_169.pdb	20.659	40.178	0	14.281
swarm_1_143.pdb	20.211	46.507	0	14.235
swarm_43_87.pdb	18.465	37.800	0.101695	14.090
swarm_3_36.pdb	20.861	41.119	0.0847458	14.061
swarm_58_180.pdb	26.045	55.784	0.0338983	13.809
swarm_8_186.pdb	24.859	48.687	0.0677966	13.535
swarm_44_76.pdb	15.951	35.922	0	13.373
swarm_8_152.pdb	15.886	32.989	0	12.990
swarm_11_5.pdb	20.988	41.484	0.101695	12.901
swarm_26_196.pdb	16.417	32.618	0	12.890
swarm_8_95.pdb	17.472	35.824	0	12.856
swarm_23_53.pdb	21.500	42.820	0	12.458
swarm_47_89.pdb	15.525	35.538	0	11.903
swarm_33_22.pdb	25.640	51.031	0.0169492	11.493
swarm_40_16.pdb	21.595	51.562	0	11.432
swarm_43_67.pdb	15.362	32.146	0	11.359
swarm_54_112.pdb	15.496	38.031	0	10.916
swarm_5_155.pdb	8.008	19.400	0.118644	10.820
swarm_55_66.pdb	26.295	50.962	0.118644	8.445
