swarm_296_192.pdb	13.843	36.806	0.0508475	26.658
swarm_328_159.pdb	15.982	35.678	0	24.999
swarm_320_28.pdb	18.233	48.612	0	24.881
swarm_267_15.pdb	20.848	40.011	0.0338983	24.248
swarm_294_2.pdb	12.386	33.042	0	23.764
swarm_241_130.pdb	3.693	9.353	0.389831	23.477
swarm_3_37.pdb	23.244	41.754	0.0508475	22.303
swarm_272_81.pdb	16.296	44.618	0.0338983	22.271
swarm_87_23.pdb	7.119	17.643	0.0677966	21.890
swarm_329_175.pdb	18.701	37.635	0.0169492	21.399
swarm_227_164.pdb	18.534	42.574	0.0508475	21.312
swarm_200_66.pdb	17.269	36.909	0.0169492	20.822
swarm_149_195.pdb	14.916	32.621	0.0169492	20.414
swarm_270_186.pdb	14.085	34.423	0	20.348
swarm_153_154.pdb	9.835	24.717	0.0169492	19.944
swarm_296_198.pdb	19.757	45.692	0.0169492	19.895
swarm_86_114.pdb	17.575	39.269	0.0169492	19.211
swarm_328_153.pdb	23.794	42.086	0.0847458	19.176
swarm_149_111.pdb	20.855	43.740	0	19.043
swarm_328_149.pdb	8.962	21.837	0.0338983	18.976
swarm_124_57.pdb	24.394	44.788	0.0508475	18.963
swarm_202_81.pdb	5.878	10.974	0.220339	18.850
swarm_329_164.pdb	10.802	28.183	0.169492	18.711
swarm_273_101.pdb	19.354	44.268	0.101695	18.476
swarm_267_185.pdb	18.489	38.152	0.0847458	18.399
swarm_275_93.pdb	12.366	30.568	0	18.341
swarm_296_19.pdb	18.501	40.889	0.0338983	18.195
swarm_368_189.pdb	22.172	43.080	0.0677966	17.863
swarm_203_78.pdb	22.600	43.627	0.0508475	17.580
swarm_368_138.pdb	25.301	46.743	0.101695	17.085
swarm_328_113.pdb	17.222	37.392	0	16.761
swarm_241_110.pdb	7.357	15.003	0.288136	16.323
swarm_19_45.pdb	12.870	34.130	0.0847458	16.243
swarm_270_146.pdb	23.124	44.094	0.0169492	16.089
swarm_152_118.pdb	6.853	19.663	0.271186	16.013
swarm_96_189.pdb	17.633	39.036	0.0508475	15.910
swarm_72_68.pdb	15.527	40.428	0	15.844
swarm_270_90.pdb	21.199	46.382	0	15.743
swarm_138_30.pdb	23.488	45.237	0.0169492	15.316
swarm_22_107.pdb	11.689	27.570	0	14.957
swarm_83_83.pdb	14.735	29.867	0	14.399
swarm_83_126.pdb	8.760	20.900	0.118644	13.325
swarm_3_30.pdb	11.102	24.829	0.0169492	12.764
swarm_371_17.pdb	15.774	34.810	0.118644	8.838
