swarm_12_199.pdb	19.003	47.181	0	34.080
swarm_13_125.pdb	15.415	32.709	0	31.819
swarm_31_0.pdb	23.668	47.061	0	30.900
swarm_23_73.pdb	12.318	39.309	0	30.386
swarm_1_58.pdb	14.806	38.695	0.0847458	29.186
swarm_31_95.pdb	15.867	36.093	0	28.393
swarm_18_0.pdb	14.511	33.183	0	28.131
swarm_13_168.pdb	13.397	34.212	0	27.870
swarm_21_162.pdb	19.716	43.031	0.0338983	27.848
swarm_16_30.pdb	17.416	36.207	0.0169492	27.480
swarm_9_142.pdb	19.329	39.168	0	26.688
swarm_18_161.pdb	23.432	46.705	0	25.880
swarm_13_182.pdb	21.002	49.820	0	25.369
swarm_0_199.pdb	19.854	48.761	0	25.208
swarm_14_64.pdb	18.103	43.036	0.0508475	24.580
swarm_37_66.pdb	15.480	33.993	0	24.102
swarm_27_40.pdb	17.313	35.023	0	24.031
swarm_23_176.pdb	14.293	37.231	0.0847458	24.015
swarm_51_15.pdb	16.339	30.809	0	23.881
swarm_30_93.pdb	16.937	31.776	0	23.784
swarm_37_53.pdb	19.576	39.567	0.0677966	23.747
swarm_14_77.pdb	11.115	23.235	0	23.488
swarm_32_96.pdb	16.928	41.461	0	23.474
swarm_12_81.pdb	12.244	32.978	0.0508475	23.467
swarm_30_124.pdb	22.193	45.903	0	23.433
swarm_2_25.pdb	16.865	34.391	0	23.216
swarm_24_47.pdb	13.791	33.720	0.0508475	23.205
swarm_15_88.pdb	16.737	35.604	0.0169492	23.158
swarm_14_100.pdb	19.285	41.390	0	23.105
swarm_39_147.pdb	13.141	26.218	0	22.935
swarm_8_163.pdb	20.174	41.969	0.0508475	22.881
swarm_19_7.pdb	17.410	40.567	0.0169492	22.542
swarm_67_127.pdb	7.948	12.746	0	22.480
swarm_7_173.pdb	15.321	41.152	0	22.398
swarm_39_69.pdb	15.518	29.630	0	22.394
swarm_17_40.pdb	9.661	29.745	0.0338983	22.366
swarm_3_79.pdb	10.742	26.677	0.0169492	22.359
swarm_35_171.pdb	17.571	39.416	0	22.241
swarm_55_59.pdb	18.469	54.668	0	22.223
swarm_7_166.pdb	24.198	48.479	0.0508475	22.026
swarm_47_171.pdb	10.406	33.113	0	22.003
swarm_5_116.pdb	14.072	38.045	0	21.999
swarm_30_157.pdb	24.050	45.010	0	21.851
swarm_1_2.pdb	17.240	47.734	0	21.644
swarm_32_183.pdb	25.307	50.614	0	21.630
swarm_26_73.pdb	18.396	38.273	0.0169492	21.564
swarm_36_83.pdb	17.705	39.848	0	21.381
swarm_39_146.pdb	17.199	31.787	0	21.207
swarm_28_183.pdb	22.321	61.035	0.0338983	20.968
swarm_8_72.pdb	16.883	35.062	0	20.942
swarm_35_83.pdb	17.428	46.348	0	20.810
swarm_19_7.pdb	19.619	52.260	0	20.716
swarm_30_169.pdb	18.335	38.383	0.0338983	20.613
swarm_18_23.pdb	24.741	50.292	0.118644	20.604
swarm_29_98.pdb	15.789	28.737	0	20.512
swarm_38_100.pdb	16.775	37.737	0	20.501
swarm_24_19.pdb	17.229	42.489	0	20.313
swarm_18_16.pdb	19.534	43.742	0	20.294
swarm_49_163.pdb	23.585	57.125	0	20.284
swarm_38_37.pdb	18.658	41.064	0	20.259
swarm_14_89.pdb	10.374	24.460	0.0169492	20.208
swarm_24_24.pdb	23.676	51.671	0.101695	20.178
swarm_27_37.pdb	14.338	27.060	0	20.154
swarm_25_173.pdb	19.336	40.555	0	20.045
swarm_31_45.pdb	10.191	31.429	0	19.934
swarm_41_105.pdb	21.222	45.287	0	19.933
swarm_2_134.pdb	17.549	32.939	0	19.849
swarm_31_198.pdb	21.518	43.162	0.0169492	19.803
swarm_30_35.pdb	15.757	31.370	0	19.769
swarm_24_174.pdb	15.785	47.170	0	19.690
swarm_18_154.pdb	20.677	53.797	0.0508475	19.567
swarm_25_121.pdb	19.449	43.254	0	19.441
swarm_39_74.pdb	17.938	34.178	0	19.390
swarm_6_58.pdb	17.068	37.094	0	19.223
swarm_16_66.pdb	23.656	54.371	0	19.180
swarm_24_161.pdb	21.398	62.160	0.0169492	19.164
swarm_24_96.pdb	15.572	36.294	0	19.162
swarm_35_66.pdb	13.387	31.685	0	19.128
swarm_16_16.pdb	8.636	18.844	0.0508475	19.128
swarm_17_130.pdb	22.804	45.918	0.0508475	19.087
swarm_55_129.pdb	19.839	44.425	0	18.969
swarm_13_3.pdb	16.119	40.882	0	18.861
swarm_16_117.pdb	22.495	41.225	0.0169492	18.854
swarm_33_40.pdb	21.446	49.121	0	18.806
swarm_31_146.pdb	11.229	36.254	0	18.717
swarm_52_111.pdb	18.590	47.901	0	18.671
swarm_32_2.pdb	22.756	47.145	0	18.659
swarm_27_194.pdb	17.429	32.457	0	18.410
swarm_52_167.pdb	21.128	58.444	0.101695	18.124
swarm_59_121.pdb	12.216	29.684	0.0169492	18.037
swarm_2_92.pdb	18.660	37.620	0	18.029
swarm_49_7.pdb	23.049	45.394	0	17.850
swarm_28_176.pdb	23.047	45.760	0	17.814
swarm_1_191.pdb	22.666	65.667	0.0169492	17.766
swarm_35_120.pdb	18.338	46.918	0	17.730
swarm_24_30.pdb	15.740	38.838	0.0338983	17.655
swarm_6_103.pdb	13.981	33.271	0	17.331
swarm_68_0.pdb	23.126	50.660	0	17.261
swarm_39_191.pdb	16.623	31.994	0	17.046
swarm_39_136.pdb	21.479	64.167	0.0169492	16.871
swarm_42_108.pdb	24.418	57.818	0	16.666
swarm_43_72.pdb	20.041	41.040	0	16.554
swarm_0_120.pdb	20.720	46.094	0.0338983	16.544
swarm_11_76.pdb	16.651	42.937	0.0847458	16.463
swarm_30_196.pdb	13.785	27.956	0	16.433
swarm_56_62.pdb	18.935	55.361	0.0338983	16.401
swarm_42_124.pdb	21.240	41.343	0	16.363
swarm_49_39.pdb	21.749	41.077	0	16.224
swarm_22_41.pdb	12.729	23.162	0	16.208
swarm_31_9.pdb	18.282	39.599	0	16.155
swarm_13_146.pdb	24.588	53.937	0	16.108
swarm_51_123.pdb	24.227	59.816	0.0847458	15.981
swarm_21_52.pdb	24.724	54.800	0.0677966	15.968
swarm_47_3.pdb	22.331	47.964	0.0169492	15.877
swarm_35_110.pdb	24.628	55.397	0	15.777
swarm_21_58.pdb	19.058	35.821	0	15.752
swarm_22_109.pdb	14.187	35.254	0	15.709
swarm_44_145.pdb	18.535	39.069	0.0169492	15.671
swarm_50_93.pdb	22.820	44.559	0	15.595
swarm_33_182.pdb	10.754	34.174	0	15.478
swarm_2_51.pdb	19.618	39.089	0	15.322
swarm_4_86.pdb	22.403	46.613	0	15.313
swarm_9_164.pdb	24.685	46.276	0	15.253
swarm_17_19.pdb	11.264	27.912	0	15.228
swarm_38_24.pdb	21.227	41.351	0	15.143
swarm_17_114.pdb	17.048	50.635	0.0169492	15.047
swarm_37_81.pdb	20.898	47.620	0	14.926
swarm_52_131.pdb	22.301	53.202	0.0677966	14.694
swarm_8_189.pdb	22.688	49.016	0	14.632
swarm_29_122.pdb	21.872	48.355	0	14.621
swarm_16_1.pdb	24.292	47.575	0.0169492	14.550
swarm_33_105.pdb	21.738	48.139	0	14.511
swarm_40_146.pdb	19.797	39.906	0.0677966	14.345
swarm_18_108.pdb	18.195	40.856	0	14.292
swarm_6_155.pdb	26.708	57.522	0	14.002
swarm_16_103.pdb	16.669	43.640	0	13.938
swarm_33_50.pdb	22.114	48.695	0	13.872
swarm_36_191.pdb	22.900	52.637	0	13.808
swarm_18_44.pdb	23.914	46.502	0	13.787
swarm_47_149.pdb	21.123	42.566	0	13.784
swarm_56_117.pdb	19.753	44.970	0	13.747
swarm_18_143.pdb	18.763	51.823	0.0169492	13.648
swarm_54_45.pdb	15.088	35.792	0	13.616
swarm_2_107.pdb	12.930	27.460	0.0169492	13.522
swarm_16_109.pdb	19.346	43.516	0	13.474
swarm_50_15.pdb	16.259	30.444	0	13.460
swarm_4_43.pdb	21.594	59.979	0.0338983	13.312
swarm_6_86.pdb	19.935	41.246	0	13.130
swarm_34_169.pdb	25.613	47.663	0	13.036
swarm_12_107.pdb	22.110	49.510	0	12.743
swarm_5_87.pdb	14.710	44.212	0.0847458	12.696
swarm_16_75.pdb	22.388	48.080	0	12.482
swarm_31_91.pdb	22.300	52.967	0	12.401
swarm_16_135.pdb	17.947	46.823	0.0508475	12.282
swarm_2_168.pdb	14.346	32.265	0.0169492	12.253
swarm_52_35.pdb	18.137	53.333	0.0847458	12.238
swarm_21_131.pdb	15.417	40.137	0	12.218
swarm_37_177.pdb	22.788	53.741	0	12.164
swarm_33_163.pdb	18.255	39.033	0	12.118
swarm_0_128.pdb	18.584	44.717	0	11.951
swarm_51_9.pdb	25.607	51.243	0	11.884
swarm_56_28.pdb	21.742	51.606	0	11.706
swarm_38_186.pdb	23.670	53.062	0	11.389
swarm_36_21.pdb	19.019	38.215	0	11.117
swarm_17_175.pdb	17.598	52.245	0.0847458	11.049
swarm_16_144.pdb	10.666	24.640	0.0169492	11.034
swarm_16_33.pdb	16.511	32.697	0	10.474
swarm_50_13.pdb	20.457	45.901	0	10.337
swarm_40_194.pdb	17.625	34.643	0	10.113
swarm_37_165.pdb	23.557	62.626	0	10.004
swarm_37_82.pdb	19.652	47.210	0	9.495
swarm_35_57.pdb	17.652	51.392	0.0169492	9.270
swarm_18_81.pdb	24.484	51.894	0	8.498
swarm_43_159.pdb	21.599	43.527	0	4.079
swarm_31_35.pdb	24.304	48.552	0	0.645
swarm_12_138.pdb	17.316	46.929	0	0.509
