swarm_2_141.pdb	18.582	40.315	0	52.947
swarm_8_146.pdb	17.780	36.483	0	38.469
swarm_3_104.pdb	17.085	38.580	0	37.321
swarm_0_153.pdb	18.899	39.665	0.0847458	37.061
swarm_2_23.pdb	22.344	42.814	0	37.035
swarm_4_117.pdb	17.463	41.927	0.0169492	36.931
swarm_7_29.pdb	6.068	19.097	0.338983	35.498
swarm_0_144.pdb	14.762	33.386	0	35.272
swarm_2_90.pdb	8.772	22.232	0	34.532
swarm_0_39.pdb	21.753	45.474	0	33.878
swarm_2_105.pdb	11.087	19.957	0	33.557
swarm_8_49.pdb	10.296	33.118	0.254237	33.385
swarm_3_27.pdb	6.750	17.477	0.0508475	33.200
swarm_8_46.pdb	14.769	31.333	0	32.882
swarm_4_28.pdb	16.497	32.277	0	32.656
swarm_3_103.pdb	22.676	41.784	0	32.020
swarm_7_93.pdb	16.432	40.442	0	31.999
swarm_3_148.pdb	22.307	44.281	0	30.590
swarm_2_186.pdb	22.135	41.511	0	30.296
swarm_2_47.pdb	23.487	43.110	0	30.207
swarm_1_152.pdb	11.895	30.697	0	29.975
swarm_3_19.pdb	19.601	42.958	0.0338983	29.555
swarm_8_68.pdb	15.756	45.251	0.101695	28.946
swarm_7_167.pdb	20.905	41.095	0	28.793
swarm_5_40.pdb	9.454	30.444	0.152542	28.571
swarm_9_173.pdb	10.505	24.558	0.0169492	28.548
swarm_6_31.pdb	21.439	42.608	0.0169492	28.405
swarm_9_74.pdb	18.525	35.264	0	28.010
swarm_2_145.pdb	9.227	22.010	0.0508475	27.803
swarm_3_137.pdb	13.873	30.890	0	27.574
swarm_8_65.pdb	16.449	34.137	0	27.513
swarm_5_78.pdb	19.738	44.767	0	27.224
swarm_5_44.pdb	12.007	26.752	0.0338983	27.147
swarm_4_152.pdb	16.800	43.543	0.0338983	26.608
swarm_4_121.pdb	24.182	48.533	0.0169492	26.478
swarm_3_196.pdb	11.986	23.285	0	25.894
swarm_8_64.pdb	17.984	43.028	0.0169492	25.850
swarm_0_93.pdb	15.127	28.807	0	25.666
swarm_2_2.pdb	22.741	41.286	0	25.547
swarm_9_62.pdb	20.301	36.874	0	25.342
swarm_3_194.pdb	10.073	21.304	0.0508475	24.994
swarm_9_28.pdb	17.912	36.987	0	24.918
swarm_2_193.pdb	22.092	42.886	0	24.608
swarm_8_163.pdb	19.950	47.317	0	23.504
swarm_6_15.pdb	15.496	37.978	0.0338983	23.412
swarm_3_17.pdb	20.950	41.332	0	22.918
swarm_6_56.pdb	18.490	36.789	0	22.836
swarm_4_96.pdb	11.129	28.734	0	22.751
swarm_8_94.pdb	22.476	54.426	0	22.710
swarm_5_49.pdb	21.278	42.194	0	22.710
swarm_8_28.pdb	17.281	43.955	0.0677966	22.694
swarm_7_85.pdb	14.059	35.354	0.0847458	22.666
swarm_0_44.pdb	19.379	35.244	0	22.351
swarm_1_83.pdb	19.742	38.012	0	21.889
swarm_8_39.pdb	24.376	53.792	0.0169492	21.671
swarm_6_97.pdb	16.045	35.198	0.0169492	21.171
swarm_3_182.pdb	22.418	44.525	0	20.527
swarm_7_94.pdb	11.304	27.763	0.0169492	20.463
swarm_0_17.pdb	16.393	34.403	0	20.462
swarm_2_78.pdb	12.281	25.584	0	19.855
swarm_4_36.pdb	19.206	46.519	0.0169492	19.640
swarm_0_37.pdb	17.976	35.075	0	19.193
swarm_7_110.pdb	14.445	33.605	0.0677966	18.987
swarm_0_62.pdb	10.485	22.322	0.0508475	18.757
swarm_5_128.pdb	13.321	38.404	0	18.670
swarm_5_154.pdb	18.054	41.132	0	18.628
swarm_6_197.pdb	17.363	38.009	0	18.255
swarm_1_21.pdb	12.157	31.504	0	18.234
swarm_5_165.pdb	21.667	45.139	0	16.757
swarm_6_36.pdb	14.436	28.328	0	16.617
swarm_4_114.pdb	14.258	32.348	0.0508475	16.505
swarm_4_134.pdb	14.198	40.918	0	15.793
swarm_6_96.pdb	11.503	22.458	0	15.502
swarm_4_71.pdb	19.594	41.243	0	15.229
swarm_8_175.pdb	19.091	44.168	0	14.811
swarm_6_191.pdb	10.587	22.179	0.0508475	14.674
swarm_9_35.pdb	15.935	31.756	0	14.539
swarm_1_144.pdb	15.347	33.894	0	14.507
swarm_1_22.pdb	17.926	33.486	0	14.453
swarm_6_123.pdb	17.693	35.650	0.0338983	14.382
swarm_7_191.pdb	21.857	42.746	0	13.481
swarm_1_52.pdb	18.018	44.695	0	13.184
swarm_4_54.pdb	21.876	50.879	0.0338983	13.183
swarm_0_50.pdb	17.775	37.701	0	13.146
swarm_7_136.pdb	13.048	37.321	0.0169492	12.906
swarm_1_151.pdb	17.295	33.467	0	11.657
swarm_9_34.pdb	14.136	32.488	0	10.917
swarm_1_127.pdb	8.373	23.279	0.0338983	10.894
swarm_4_188.pdb	18.658	37.920	0	10.677
swarm_0_107.pdb	7.322	17.792	0.0338983	10.575
swarm_4_141.pdb	17.484	42.549	0	10.454
swarm_4_137.pdb	21.865	45.377	0	9.671
