swarm_17_134.pdb	10.191	21.275	0.0169492	32.348
swarm_10_180.pdb	12.808	34.832	0	30.297
swarm_54_110.pdb	10.164	30.946	0	29.757
swarm_50_47.pdb	22.009	43.972	0.0169492	28.922
swarm_35_117.pdb	13.961	38.439	0	28.685
swarm_1_63.pdb	14.930	35.562	0	28.234
swarm_56_42.pdb	10.896	23.371	0.101695	27.512
swarm_28_167.pdb	22.012	46.422	0.0677966	27.203
swarm_44_77.pdb	19.736	40.737	0.0169492	27.136
swarm_45_62.pdb	18.046	39.210	0.0169492	27.121
swarm_17_39.pdb	15.013	31.846	0.0169492	26.838
swarm_10_171.pdb	25.121	51.793	0.0338983	26.635
swarm_45_63.pdb	17.684	36.474	0	26.354
swarm_7_146.pdb	18.210	47.292	0	26.350
swarm_54_143.pdb	16.365	40.906	0.0677966	26.097
swarm_36_69.pdb	18.590	37.308	0	26.006
swarm_54_149.pdb	16.667	39.826	0	25.997
swarm_37_74.pdb	14.403	30.285	0	25.961
swarm_24_151.pdb	26.279	54.248	0.0677966	25.952
swarm_0_179.pdb	19.602	48.151	0	25.939
swarm_36_90.pdb	17.273	35.852	0.0508475	25.931
swarm_1_21.pdb	11.704	33.558	0	25.459
swarm_17_42.pdb	8.229	12.464	0	25.390
swarm_16_83.pdb	24.847	49.280	0	24.984
swarm_45_104.pdb	18.102	36.901	0	24.700
swarm_19_123.pdb	14.038	29.373	0.0169492	24.554
swarm_32_191.pdb	18.067	45.900	0.118644	24.250
swarm_50_52.pdb	16.477	33.553	0	24.078
swarm_20_187.pdb	14.489	29.977	0	23.938
swarm_37_154.pdb	10.043	28.648	0.0338983	23.769
swarm_43_4.pdb	11.170	29.043	0.101695	23.365
swarm_47_40.pdb	19.138	38.540	0.101695	23.323
swarm_36_159.pdb	12.407	27.743	0	23.246
swarm_45_25.pdb	14.267	32.600	0	22.964
swarm_52_25.pdb	16.101	28.842	0	22.751
swarm_44_160.pdb	11.841	26.735	0.0338983	22.647
swarm_47_114.pdb	12.916	28.521	0	22.537
swarm_42_107.pdb	10.807	24.044	0.0169492	22.537
swarm_32_103.pdb	22.913	48.179	0	22.418
swarm_17_187.pdb	15.769	30.422	0	22.384
swarm_14_129.pdb	15.933	41.838	0	22.230
swarm_56_193.pdb	21.988	54.879	0.0508475	22.184
swarm_2_75.pdb	21.602	45.709	0.0847458	22.120
swarm_46_17.pdb	11.133	21.009	0	22.082
swarm_56_120.pdb	20.970	46.568	0.0847458	21.831
swarm_20_79.pdb	14.492	29.967	0.0847458	21.804
swarm_20_145.pdb	11.062	17.888	0	21.789
swarm_44_73.pdb	23.681	45.193	0	21.761
swarm_4_8.pdb	19.985	47.981	0	21.722
swarm_46_134.pdb	21.628	46.111	0	21.669
swarm_54_18.pdb	10.218	24.866	0	21.523
swarm_28_133.pdb	16.036	30.626	0	21.490
swarm_28_109.pdb	11.439	29.819	0	21.483
swarm_11_103.pdb	18.402	35.281	0	21.474
swarm_50_19.pdb	19.380	38.188	0.0677966	21.433
swarm_50_195.pdb	15.447	33.708	0	21.422
swarm_48_168.pdb	12.053	21.984	0	21.340
swarm_45_124.pdb	21.015	41.784	0	21.309
swarm_36_138.pdb	21.031	39.314	0	21.141
swarm_33_135.pdb	7.205	15.732	0.0508475	21.056
swarm_34_187.pdb	9.061	21.359	0.0169492	20.968
swarm_6_102.pdb	22.282	42.928	0	20.774
swarm_47_129.pdb	22.169	43.789	0.0169492	20.569
swarm_46_5.pdb	21.009	39.572	0	20.406
swarm_0_154.pdb	23.255	52.014	0	20.359
swarm_54_113.pdb	18.153	46.454	0	20.325
swarm_49_69.pdb	17.555	34.299	0	19.869
swarm_55_133.pdb	19.130	45.466	0	19.818
swarm_35_149.pdb	21.459	53.045	0	19.576
swarm_52_71.pdb	14.376	32.008	0	19.465
swarm_36_33.pdb	16.947	32.966	0	19.438
swarm_42_2.pdb	22.544	41.092	0.0169492	19.421
swarm_18_170.pdb	13.739	33.917	0.0677966	19.417
swarm_36_182.pdb	9.610	20.496	0.0169492	19.314
swarm_9_121.pdb	24.497	48.565	0	19.306
swarm_26_97.pdb	24.250	55.941	0.0169492	19.288
swarm_39_76.pdb	18.718	40.247	0	19.278
swarm_1_73.pdb	23.287	40.710	0	19.202
swarm_34_125.pdb	14.267	28.246	0.0169492	19.196
swarm_14_29.pdb	24.230	53.060	0.0169492	19.190
swarm_13_164.pdb	17.360	37.939	0	19.184
swarm_2_45.pdb	16.159	41.098	0.101695	19.165
swarm_52_73.pdb	11.897	21.974	0	19.119
swarm_19_164.pdb	22.704	51.512	0.101695	19.117
swarm_36_27.pdb	11.656	23.547	0	19.098
swarm_22_110.pdb	25.145	56.645	0.0169492	18.950
swarm_55_146.pdb	15.156	34.083	0	18.928
swarm_10_147.pdb	27.018	55.865	0.0169492	18.916
swarm_49_143.pdb	18.014	37.417	0	18.875
swarm_1_112.pdb	23.788	49.941	0	18.859
swarm_47_6.pdb	19.689	38.721	0	18.835
swarm_58_57.pdb	19.244	54.396	0.0338983	18.797
swarm_15_89.pdb	20.413	40.927	0	18.787
swarm_51_132.pdb	23.026	44.421	0	18.727
swarm_17_35.pdb	22.461	41.322	0.0847458	18.676
swarm_49_21.pdb	22.412	41.053	0	18.668
swarm_6_178.pdb	17.545	32.010	0	18.666
swarm_22_48.pdb	21.233	49.186	0	18.535
swarm_33_189.pdb	22.151	41.438	0	18.450
swarm_25_57.pdb	21.351	55.359	0	18.406
swarm_2_125.pdb	16.378	33.166	0	18.337
swarm_2_43.pdb	21.217	48.244	0	18.333
swarm_26_43.pdb	25.146	48.691	0.0338983	18.292
swarm_49_81.pdb	12.207	22.422	0	18.276
swarm_42_165.pdb	17.134	35.307	0	18.225
swarm_40_52.pdb	23.077	47.679	0.0169492	18.177
swarm_3_140.pdb	25.814	57.438	0	18.167
swarm_1_22.pdb	20.836	42.830	0	18.148
swarm_30_10.pdb	18.544	47.035	0	18.138
swarm_47_134.pdb	21.409	41.333	0	18.062
swarm_13_66.pdb	19.517	39.968	0	18.024
swarm_34_169.pdb	18.667	37.236	0	17.975
swarm_22_68.pdb	11.340	23.651	0	17.966
swarm_22_46.pdb	14.297	29.882	0	17.909
swarm_29_118.pdb	18.764	35.603	0	17.818
swarm_0_172.pdb	23.826	55.521	0.0338983	17.712
swarm_18_97.pdb	22.467	50.415	0	17.645
swarm_43_61.pdb	13.204	29.215	0.118644	17.542
swarm_22_102.pdb	21.807	54.199	0.0338983	17.525
swarm_1_154.pdb	21.732	45.314	0	17.449
swarm_40_74.pdb	16.860	38.495	0	17.442
swarm_5_158.pdb	9.189	17.109	0.0338983	17.418
swarm_51_198.pdb	18.872	36.873	0	17.301
swarm_32_9.pdb	16.527	43.221	0	17.280
swarm_9_79.pdb	11.591	22.496	0	17.269
swarm_47_63.pdb	19.610	40.750	0.101695	17.249
swarm_4_131.pdb	20.869	50.170	0.0677966	17.245
swarm_42_18.pdb	12.531	25.909	0	17.195
swarm_22_55.pdb	20.682	38.996	0	17.188
swarm_34_39.pdb	9.559	27.101	0.0508475	17.149
swarm_59_57.pdb	16.264	33.092	0	17.076
swarm_41_154.pdb	20.066	59.886	0.0169492	17.040
swarm_5_20.pdb	21.278	40.750	0	17.022
swarm_38_72.pdb	24.212	46.517	0	16.929
swarm_44_24.pdb	8.221	21.125	0.118644	16.866
swarm_42_171.pdb	20.996	40.217	0.0338983	16.833
swarm_16_109.pdb	21.691	43.992	0	16.794
swarm_56_127.pdb	19.249	49.190	0.0508475	16.768
swarm_56_191.pdb	23.165	46.098	0	16.744
swarm_52_61.pdb	21.828	45.108	0	16.738
swarm_11_97.pdb	15.796	35.500	0.0169492	16.727
swarm_37_107.pdb	24.444	45.045	0	16.693
swarm_13_59.pdb	24.689	48.018	0	16.626
swarm_44_90.pdb	23.068	43.149	0.0338983	16.582
swarm_23_85.pdb	13.247	23.262	0	16.575
swarm_36_50.pdb	19.929	50.142	0.0508475	16.558
swarm_50_78.pdb	14.751	38.188	0.0677966	16.507
swarm_47_32.pdb	9.992	20.545	0.0169492	16.477
swarm_52_67.pdb	21.549	43.469	0.0677966	16.476
swarm_26_50.pdb	23.879	45.630	0.0508475	16.473
swarm_48_164.pdb	19.599	40.429	0	16.460
swarm_53_58.pdb	21.157	42.746	0	16.453
swarm_47_140.pdb	9.709	28.118	0.0677966	16.412
swarm_36_165.pdb	22.773	45.685	0	16.374
swarm_13_110.pdb	23.611	48.217	0	16.317
swarm_47_128.pdb	18.264	38.470	0	16.245
swarm_16_178.pdb	10.970	28.967	0.0677966	16.210
swarm_11_17.pdb	16.609	35.531	0	16.135
swarm_26_178.pdb	12.975	24.997	0	16.115
swarm_33_34.pdb	10.255	16.776	0	16.040
swarm_19_78.pdb	21.020	44.650	0	15.906
swarm_3_34.pdb	15.846	30.725	0	15.886
swarm_29_188.pdb	22.453	44.517	0.0847458	15.828
swarm_8_65.pdb	14.411	30.444	0	15.801
swarm_11_107.pdb	13.558	42.261	0.186441	15.780
swarm_2_129.pdb	20.541	52.444	0.0847458	15.765
swarm_39_57.pdb	21.977	47.121	0	15.764
swarm_19_159.pdb	17.179	36.053	0	15.688
swarm_53_132.pdb	22.623	45.466	0	15.663
swarm_12_186.pdb	19.785	39.725	0	15.546
swarm_50_167.pdb	19.789	39.902	0	15.507
swarm_46_161.pdb	20.244	40.650	0	15.482
swarm_28_126.pdb	19.907	45.884	0	15.474
swarm_37_52.pdb	27.396	63.044	0.0338983	15.467
swarm_50_131.pdb	16.786	35.417	0.0508475	15.373
swarm_37_139.pdb	21.915	58.375	0.0508475	15.344
swarm_32_179.pdb	10.932	28.022	0	15.298
swarm_28_162.pdb	17.781	35.928	0	15.273
swarm_13_30.pdb	17.134	31.737	0	15.245
swarm_3_125.pdb	24.643	47.884	0.0338983	15.236
swarm_32_17.pdb	11.135	33.720	0	15.229
swarm_35_188.pdb	24.800	59.297	0	15.213
swarm_39_41.pdb	15.302	43.865	0.0508475	15.191
swarm_58_12.pdb	21.009	55.634	0	15.190
swarm_18_147.pdb	25.107	48.984	0.0169492	15.169
swarm_57_13.pdb	22.805	59.683	0	15.144
swarm_28_154.pdb	21.641	44.323	0.0508475	15.119
swarm_26_72.pdb	18.006	51.693	0.0338983	14.938
swarm_14_91.pdb	19.167	43.948	0	14.901
swarm_6_163.pdb	20.475	39.192	0	14.761
swarm_4_108.pdb	18.096	39.924	0	14.696
swarm_16_16.pdb	17.353	39.520	0	14.656
swarm_29_152.pdb	13.723	29.125	0	14.537
swarm_47_9.pdb	17.970	34.440	0	14.519
swarm_26_88.pdb	12.472	27.304	0	14.441
swarm_46_37.pdb	12.135	31.898	0	14.418
swarm_32_77.pdb	15.587	44.102	0	14.403
swarm_17_193.pdb	14.647	31.212	0	14.391
swarm_36_65.pdb	20.391	41.478	0	14.365
swarm_56_164.pdb	17.098	42.010	0	14.332
swarm_42_93.pdb	14.228	31.279	0	14.324
swarm_54_103.pdb	16.958	44.853	0	14.316
swarm_3_19.pdb	21.240	52.250	0.0847458	14.292
swarm_47_169.pdb	20.659	40.178	0	14.281
swarm_21_107.pdb	18.766	54.346	0.118644	14.258
swarm_1_143.pdb	20.211	46.507	0	14.235
swarm_58_18.pdb	20.166	48.380	0	14.148
swarm_43_87.pdb	18.465	37.800	0.101695	14.090
swarm_52_197.pdb	19.324	36.636	0	14.081
swarm_3_36.pdb	20.861	41.119	0.0847458	14.061
swarm_13_114.pdb	25.132	50.273	0	13.994
swarm_27_48.pdb	21.240	49.437	0	13.941
swarm_39_79.pdb	14.425	32.716	0	13.881
swarm_4_128.pdb	18.515	49.042	0	13.858
swarm_36_119.pdb	16.214	37.570	0	13.839
swarm_58_180.pdb	26.045	55.784	0.0338983	13.809
swarm_26_21.pdb	21.646	56.718	0	13.786
swarm_37_111.pdb	21.496	57.399	0.0338983	13.702
swarm_36_115.pdb	20.545	53.065	0	13.624
swarm_14_79.pdb	25.472	58.460	0	13.593
swarm_27_79.pdb	18.560	45.293	0	13.570
swarm_8_186.pdb	24.859	48.687	0.0677966	13.535
swarm_2_165.pdb	19.544	49.998	0.0338983	13.512
swarm_22_150.pdb	19.991	40.013	0	13.501
swarm_22_44.pdb	21.929	45.047	0	13.440
swarm_44_76.pdb	15.951	35.922	0	13.373
swarm_28_47.pdb	21.931	52.758	0	13.294
swarm_27_169.pdb	23.895	58.956	0.0677966	13.289
swarm_11_186.pdb	15.892	41.986	0	13.268
swarm_27_95.pdb	19.644	50.299	0	13.239
swarm_58_184.pdb	19.421	56.495	0	13.216
swarm_18_140.pdb	21.059	54.234	0.0508475	13.209
swarm_19_123.pdb	14.830	43.701	0.152542	13.120
swarm_8_152.pdb	15.886	32.989	0	12.990
swarm_11_5.pdb	20.988	41.484	0.101695	12.901
swarm_26_196.pdb	16.417	32.618	0	12.890
swarm_58_5.pdb	18.715	52.801	0	12.861
swarm_8_95.pdb	17.472	35.824	0	12.856
swarm_58_142.pdb	19.156	42.405	0	12.823
swarm_35_132.pdb	22.422	57.713	0.0677966	12.729
swarm_0_114.pdb	20.692	51.280	0	12.623
swarm_23_53.pdb	21.500	42.820	0	12.458
swarm_4_168.pdb	17.943	52.478	0.118644	12.390
swarm_21_198.pdb	20.202	49.189	0	12.387
swarm_27_5.pdb	20.091	47.537	0	12.292
swarm_17_130.pdb	22.206	41.378	0	12.282
swarm_17_107.pdb	10.951	19.582	0	12.199
swarm_25_126.pdb	23.016	50.911	0	12.108
swarm_18_151.pdb	22.526	48.513	0	12.047
swarm_50_174.pdb	9.833	26.171	0.135593	11.963
swarm_6_194.pdb	21.054	48.491	0	11.928
swarm_56_195.pdb	20.694	47.048	0	11.914
swarm_47_89.pdb	15.525	35.538	0	11.903
swarm_33_22.pdb	25.640	51.031	0.0169492	11.493
swarm_40_16.pdb	21.595	51.562	0	11.432
swarm_43_67.pdb	15.362	32.146	0	11.359
swarm_1_183.pdb	13.882	27.595	0	11.204
swarm_22_172.pdb	12.296	35.093	0	11.170
swarm_19_17.pdb	12.515	33.427	0	11.031
swarm_54_112.pdb	15.496	38.031	0	10.916
swarm_5_155.pdb	8.008	19.400	0.118644	10.820
swarm_46_172.pdb	14.712	31.602	0	10.552
swarm_24_84.pdb	25.367	62.136	0	10.263
swarm_21_84.pdb	23.496	55.228	0.0169492	10.198
swarm_14_77.pdb	20.879	50.447	0.0169492	10.174
swarm_53_153.pdb	23.547	46.585	0	9.783
swarm_55_91.pdb	19.909	51.905	0	9.367
swarm_35_6.pdb	26.216	53.917	0	8.802
swarm_55_66.pdb	26.295	50.962	0.118644	8.445
swarm_14_117.pdb	19.225	51.603	0.0847458	7.644
swarm_36_184.pdb	21.225	56.159	0	7.075
swarm_21_41.pdb	20.728	45.896	0	6.927
swarm_52_28.pdb	14.873	38.092	0.0508475	5.771
swarm_56_7.pdb	12.226	29.234	0	2.158
