swarm_40_167.pdb	11.306	31.890	0.031746	37.177
swarm_64_112.pdb	11.117	30.943	0.047619	35.871
swarm_64_103.pdb	12.492	28.997	0.047619	35.167
swarm_21_146.pdb	9.583	31.382	0.126984	34.757
swarm_58_81.pdb	13.627	32.301	0	34.687
swarm_51_133.pdb	20.766	52.466	0	31.735
swarm_40_16.pdb	9.471	32.019	0.126984	31.614
swarm_65_96.pdb	9.991	24.643	0	30.022
swarm_58_50.pdb	13.634	34.759	0	29.963
swarm_21_105.pdb	13.816	39.085	0.015873	29.502
swarm_60_37.pdb	14.816	34.233	0	29.295
swarm_65_8.pdb	11.752	33.691	0	29.239
swarm_62_28.pdb	12.233	30.171	0.031746	29.009
swarm_51_121.pdb	19.078	49.000	0	28.406
swarm_60_81.pdb	14.526	28.647	0	28.357
swarm_61_105.pdb	10.308	23.870	0.031746	28.305
swarm_25_58.pdb	12.161	38.319	0.111111	28.278
swarm_66_154.pdb	11.813	35.303	0	28.135
swarm_45_170.pdb	10.691	35.022	0.0793651	28.134
swarm_56_75.pdb	19.327	42.510	0	28.066
swarm_57_40.pdb	9.818	27.745	0.0952381	28.033
swarm_54_96.pdb	13.601	28.808	0.047619	27.960
swarm_63_177.pdb	10.997	29.447	0.031746	27.798
swarm_42_46.pdb	9.199	33.479	0	27.412
swarm_25_9.pdb	13.894	34.296	0.015873	27.040
swarm_58_13.pdb	9.906	33.040	0.0793651	26.958
swarm_24_147.pdb	9.678	37.153	0.015873	26.627
swarm_33_16.pdb	15.916	57.289	0	26.556
swarm_69_173.pdb	18.505	39.516	0	26.552
swarm_21_106.pdb	9.931	35.979	0.0634921	25.516
swarm_1_152.pdb	8.984	30.648	0.0793651	25.492
swarm_55_170.pdb	5.427	22.662	0.111111	25.416
swarm_42_153.pdb	14.540	42.278	0.031746	25.399
swarm_50_11.pdb	19.102	53.687	0	25.289
swarm_27_132.pdb	11.088	39.197	0	25.273
swarm_55_113.pdb	12.767	31.057	0	25.103
swarm_48_142.pdb	14.105	53.219	0	25.008
swarm_28_132.pdb	16.272	46.027	0	24.869
swarm_67_69.pdb	11.881	35.570	0	24.806
swarm_55_58.pdb	9.927	26.225	0.015873	24.736
swarm_7_71.pdb	12.975	48.504	0.015873	24.707
swarm_45_96.pdb	22.000	44.882	0	24.607
swarm_1_167.pdb	18.816	37.622	0	24.572
swarm_67_94.pdb	10.329	40.436	0.015873	24.515
swarm_42_133.pdb	11.949	39.842	0.111111	24.511
swarm_64_192.pdb	18.109	32.642	0	24.505
swarm_1_192.pdb	15.181	43.996	0	24.411
swarm_45_193.pdb	11.704	37.452	0.031746	24.402
swarm_28_37.pdb	17.280	44.568	0	24.367
swarm_34_168.pdb	10.545	44.193	0.0634921	24.328
swarm_29_36.pdb	19.241	47.878	0	24.280
swarm_28_38.pdb	14.868	41.339	0	24.090
swarm_6_1.pdb	19.014	53.160	0	24.049
swarm_21_127.pdb	8.134	27.505	0.031746	23.959
swarm_2_65.pdb	12.311	47.181	0	23.640
swarm_27_59.pdb	18.994	51.629	0	23.560
swarm_54_158.pdb	16.394	31.371	0.047619	23.553
swarm_23_109.pdb	17.407	48.634	0	23.545
swarm_66_50.pdb	16.664	30.780	0	23.347
swarm_45_134.pdb	17.039	41.216	0	23.301
swarm_0_71.pdb	10.988	31.821	0.047619	23.183
swarm_5_141.pdb	11.967	45.504	0.015873	23.180
swarm_27_147.pdb	16.709	41.006	0	23.152
swarm_58_141.pdb	17.883	36.069	0	23.103
swarm_56_111.pdb	16.719	45.644	0	22.963
swarm_40_161.pdb	17.732	39.195	0	22.946
swarm_50_35.pdb	20.203	46.661	0	22.610
swarm_25_170.pdb	18.325	43.503	0	22.414
swarm_56_22.pdb	13.315	37.903	0	22.239
swarm_69_23.pdb	14.158	43.902	0	22.203
swarm_7_114.pdb	18.086	50.823	0	22.112
swarm_6_78.pdb	17.720	48.202	0	22.050
swarm_24_49.pdb	15.551	39.088	0.015873	21.885
swarm_54_94.pdb	7.829	23.347	0.238095	21.789
swarm_25_135.pdb	14.413	38.710	0	21.776
swarm_6_177.pdb	14.298	53.524	0.031746	21.628
swarm_2_1.pdb	15.407	44.462	0.015873	21.603
swarm_57_193.pdb	17.694	37.955	0	21.521
swarm_27_120.pdb	14.976	42.924	0	21.489
swarm_38_32.pdb	14.635	28.363	0	21.482
swarm_4_96.pdb	11.845	42.430	0.015873	21.178
swarm_48_66.pdb	12.209	42.099	0.0952381	21.154
swarm_58_73.pdb	14.317	35.112	0	21.097
swarm_25_127.pdb	9.995	36.606	0	20.927
swarm_48_120.pdb	17.995	47.196	0	20.788
swarm_4_47.pdb	16.378	48.023	0	20.380
swarm_5_101.pdb	21.489	52.647	0	20.378
swarm_63_80.pdb	17.980	31.588	0	20.298
swarm_24_186.pdb	15.529	35.108	0.031746	20.233
swarm_45_91.pdb	19.881	44.960	0	20.198
swarm_45_48.pdb	15.131	40.616	0	20.194
swarm_27_61.pdb	19.589	42.133	0	20.127
swarm_25_175.pdb	12.274	41.130	0	19.852
swarm_0_42.pdb	14.944	36.222	0	19.822
swarm_49_73.pdb	16.043	49.069	0.031746	19.703
swarm_67_16.pdb	16.640	41.791	0	19.463
swarm_42_175.pdb	18.248	36.447	0	19.455
swarm_48_197.pdb	13.738	44.397	0.031746	19.309
swarm_4_51.pdb	15.256	48.154	0	19.284
swarm_56_29.pdb	20.704	41.880	0	19.104
swarm_49_18.pdb	16.040	52.687	0	18.980
swarm_69_190.pdb	17.988	45.411	0	18.794
swarm_58_46.pdb	19.005	36.418	0	18.626
swarm_24_170.pdb	20.406	43.188	0	18.578
swarm_4_52.pdb	19.223	45.995	0	18.444
swarm_67_42.pdb	13.592	43.043	0.015873	18.359
swarm_67_64.pdb	20.210	48.095	0	18.186
swarm_1_1.pdb	18.398	39.147	0	18.169
swarm_1_48.pdb	16.133	37.069	0	18.091
swarm_34_157.pdb	10.908	35.407	0	18.078
swarm_40_69.pdb	15.536	30.440	0	17.858
swarm_69_20.pdb	20.333	44.780	0	17.233
swarm_67_102.pdb	20.851	44.836	0	17.122
swarm_41_14.pdb	11.961	43.043	0	16.924
swarm_27_166.pdb	14.663	49.648	0	16.780
swarm_25_131.pdb	18.609	42.407	0	16.547
swarm_50_108.pdb	16.593	54.701	0.0634921	16.243
swarm_2_105.pdb	20.180	45.138	0	16.194
swarm_69_150.pdb	19.159	51.525	0	16.126
swarm_55_34.pdb	17.257	28.492	0	16.036
swarm_31_35.pdb	23.306	50.939	0	15.849
swarm_56_62.pdb	14.808	37.355	0.015873	15.783
swarm_5_36.pdb	15.636	48.376	0	15.710
swarm_63_69.pdb	17.014	33.552	0	14.873
swarm_56_136.pdb	18.040	46.046	0	14.093
swarm_64_50.pdb	8.514	22.154	0.142857	13.699
swarm_2_66.pdb	17.359	46.147	0	13.440
swarm_69_193.pdb	15.604	42.123	0.015873	11.863
swarm_21_66.pdb	15.788	39.828	0	11.599
swarm_1_74.pdb	17.357	38.014	0	11.224
swarm_57_20.pdb	14.914	29.183	0	10.493
swarm_27_29.pdb	17.436	37.801	0	8.298
swarm_1_101.pdb	14.529	36.464	0	8.038
swarm_2_73.pdb	10.483	42.192	0.015873	7.368
swarm_65_22.pdb	15.714	31.040	0.015873	5.192
swarm_61_12.pdb	12.238	29.637	0	3.224
swarm_33_172.pdb	12.759	47.150	0	1.024
swarm_55_66.pdb	18.311	33.698	0	0.057
