swarm_83_2.pdb	12.784	31.775	0	46.857
swarm_80_120.pdb	9.903	22.597	0	44.381
swarm_86_70.pdb	17.577	31.157	0	42.575
swarm_54_121.pdb	14.149	28.157	0.0634921	42.269
swarm_58_67.pdb	3.898	11.685	0.349206	41.656
swarm_82_0.pdb	14.942	29.941	0.0634921	41.616
swarm_86_73.pdb	14.374	31.187	0.0634921	39.638
swarm_83_106.pdb	11.737	28.755	0	39.352
swarm_62_181.pdb	17.357	35.546	0	39.222
swarm_86_11.pdb	12.644	25.310	0.031746	38.975
swarm_62_9.pdb	15.744	36.303	0	38.812
swarm_82_132.pdb	15.999	30.713	0	38.727
swarm_18_61.pdb	3.845	12.230	0.31746	38.646
swarm_74_71.pdb	17.472	34.972	0	37.940
swarm_73_199.pdb	1.532	3.915	0.634921	37.909
swarm_60_13.pdb	9.999	30.226	0	37.570
swarm_33_109.pdb	2.999	10.111	0.301587	37.396
swarm_82_94.pdb	11.304	28.673	0.031746	37.095
swarm_81_151.pdb	14.157	29.125	0	36.982
swarm_77_107.pdb	12.714	36.477	0	36.919
swarm_82_187.pdb	9.946	27.713	0.015873	36.845
swarm_62_163.pdb	14.472	35.403	0.047619	36.455
swarm_81_21.pdb	8.676	19.089	0.015873	36.302
swarm_85_67.pdb	12.677	31.583	0	36.174
swarm_86_2.pdb	11.019	27.154	0.015873	36.079
swarm_81_187.pdb	14.307	32.115	0	35.623
swarm_11_64.pdb	15.141	28.968	0.0793651	35.576
swarm_36_89.pdb	2.153	6.217	0.603175	35.570
swarm_37_181.pdb	16.450	26.688	0	35.512
swarm_79_117.pdb	13.130	31.614	0	35.290
swarm_63_42.pdb	13.002	36.929	0.0793651	35.257
swarm_81_77.pdb	9.231	26.907	0.015873	35.202
swarm_84_60.pdb	13.920	33.238	0.0634921	35.197
swarm_74_195.pdb	11.482	30.438	0	35.088
swarm_39_72.pdb	17.695	29.008	0	35.062
swarm_57_91.pdb	12.412	23.713	0	34.808
swarm_76_173.pdb	13.651	32.477	0	34.700
swarm_57_95.pdb	13.829	28.875	0.047619	34.692
swarm_34_94.pdb	12.648	30.294	0.015873	34.540
swarm_83_105.pdb	17.038	29.769	0	34.486
swarm_58_83.pdb	13.832	28.488	0.031746	34.393
swarm_84_5.pdb	14.848	28.746	0	34.391
swarm_85_42.pdb	13.235	37.778	0.047619	34.371
swarm_44_72.pdb	14.268	37.279	0	34.141
swarm_24_198.pdb	15.308	41.999	0.0952381	34.092
swarm_62_70.pdb	13.368	37.942	0.047619	34.089
swarm_58_19.pdb	7.561	17.642	0.031746	33.955
swarm_63_49.pdb	11.889	34.346	0.015873	33.707
swarm_74_41.pdb	10.779	25.915	0	33.651
swarm_34_195.pdb	13.549	34.540	0.031746	33.395
swarm_80_147.pdb	15.445	30.119	0.031746	33.365
swarm_79_47.pdb	11.027	24.561	0	33.259
swarm_13_197.pdb	17.480	34.615	0.047619	33.073
swarm_73_185.pdb	6.274	15.495	0.047619	32.978
swarm_84_172.pdb	15.023	34.025	0	32.674
swarm_46_161.pdb	12.938	36.812	0.0952381	32.662
swarm_60_45.pdb	18.644	37.722	0	32.629
swarm_49_133.pdb	13.131	36.168	0.015873	32.498
swarm_78_48.pdb	7.756	23.721	0.126984	32.269
swarm_74_94.pdb	16.793	32.436	0	32.100
swarm_13_176.pdb	2.637	10.694	0.349206	32.048
swarm_24_114.pdb	15.958	42.762	0.047619	31.915
swarm_63_150.pdb	14.354	38.745	0	31.867
swarm_77_2.pdb	7.149	24.047	0.015873	31.831
swarm_36_116.pdb	6.257	13.478	0.0634921	31.829
swarm_86_191.pdb	15.319	30.895	0.0952381	31.733
swarm_81_96.pdb	11.516	31.246	0	31.668
swarm_60_119.pdb	14.879	34.662	0.047619	31.570
swarm_82_54.pdb	14.891	29.302	0.0793651	31.549
swarm_73_85.pdb	13.169	27.958	0	31.540
swarm_54_66.pdb	6.143	14.419	0.0793651	31.416
swarm_79_104.pdb	10.884	26.027	0.0634921	31.415
swarm_36_18.pdb	10.401	19.220	0	31.408
swarm_15_199.pdb	11.288	22.486	0	31.291
swarm_84_197.pdb	11.991	32.426	0	31.230
swarm_54_87.pdb	13.856	24.559	0	31.080
swarm_83_185.pdb	12.387	25.489	0	31.048
swarm_79_92.pdb	17.922	31.193	0	31.033
swarm_44_146.pdb	17.122	38.974	0	30.949
swarm_37_92.pdb	15.790	30.685	0.031746	30.935
swarm_58_189.pdb	10.210	25.050	0.015873	30.908
swarm_47_65.pdb	14.599	44.364	0.047619	30.844
swarm_75_14.pdb	12.616	24.125	0	30.779
swarm_76_0.pdb	14.305	29.324	0.0793651	30.774
swarm_15_158.pdb	8.967	20.378	0.015873	30.758
swarm_44_166.pdb	15.210	35.992	0.047619	30.642
swarm_3_68.pdb	7.484	16.026	0	30.565
swarm_37_121.pdb	10.653	26.242	0	30.480
swarm_47_173.pdb	15.121	45.205	0.031746	30.442
swarm_75_161.pdb	16.132	31.993	0.047619	30.297
swarm_60_136.pdb	13.462	31.349	0	30.248
swarm_49_41.pdb	17.236	37.415	0	30.123
swarm_61_70.pdb	8.697	28.381	0.0952381	30.071
swarm_60_175.pdb	15.990	37.470	0	30.065
swarm_80_35.pdb	14.420	25.381	0	29.935
swarm_35_54.pdb	12.010	27.632	0.015873	29.845
swarm_85_81.pdb	11.561	31.312	0.047619	29.806
swarm_60_178.pdb	16.995	41.546	0	29.746
swarm_61_29.pdb	13.150	38.327	0.0634921	29.654
swarm_10_169.pdb	3.927	10.851	0.15873	29.515
swarm_83_9.pdb	8.430	25.641	0	29.457
swarm_84_84.pdb	13.345	30.947	0.015873	29.433
swarm_36_87.pdb	12.576	22.601	0	29.391
swarm_57_84.pdb	17.667	26.714	0	29.334
swarm_76_53.pdb	14.264	31.956	0	29.260
swarm_49_1.pdb	14.184	34.598	0	29.224
swarm_63_37.pdb	15.519	37.573	0.015873	29.169
swarm_81_15.pdb	10.967	29.965	0	29.163
swarm_73_16.pdb	15.387	29.608	0.047619	29.143
swarm_52_153.pdb	17.388	34.515	0.031746	28.967
swarm_75_27.pdb	4.739	13.298	0.126984	28.966
swarm_60_173.pdb	11.817	36.144	0.0952381	28.723
swarm_60_199.pdb	15.615	38.996	0.031746	28.601
swarm_57_57.pdb	8.621	15.102	0	28.531
swarm_62_189.pdb	17.767	38.575	0	28.442
swarm_35_148.pdb	15.209	31.376	0	28.432
swarm_80_47.pdb	16.140	30.838	0	28.392
swarm_37_70.pdb	15.408	30.227	0.031746	28.134
swarm_63_114.pdb	16.322	41.093	0.015873	28.098
swarm_58_82.pdb	14.120	26.132	0	28.065
swarm_33_187.pdb	11.804	25.653	0	27.962
swarm_57_36.pdb	16.120	27.444	0	27.847
swarm_63_97.pdb	14.908	41.892	0.0952381	27.838
swarm_32_121.pdb	7.929	20.800	0.047619	27.796
swarm_72_177.pdb	15.704	36.806	0	27.754
swarm_33_15.pdb	16.677	33.465	0.047619	27.725
swarm_63_155.pdb	15.822	42.911	0.111111	27.692
swarm_36_178.pdb	14.873	29.279	0.111111	27.688
swarm_44_73.pdb	14.615	41.280	0.126984	27.687
swarm_86_21.pdb	12.130	21.357	0	27.670
swarm_15_166.pdb	11.248	23.885	0	27.561
swarm_77_156.pdb	6.633	22.597	0.0952381	27.556
swarm_25_167.pdb	12.310	32.627	0.015873	27.544
swarm_85_9.pdb	13.814	35.959	0	27.521
swarm_1_42.pdb	15.355	34.125	0	27.420
swarm_79_80.pdb	15.375	35.438	0.047619	27.406
swarm_75_142.pdb	12.854	34.249	0.0793651	27.390
swarm_33_11.pdb	12.677	22.972	0	27.352
swarm_62_41.pdb	10.899	28.812	0	27.290
swarm_74_57.pdb	13.157	36.031	0.031746	27.289
swarm_10_46.pdb	14.487	31.892	0.031746	27.284
swarm_33_111.pdb	16.105	31.167	0	27.193
swarm_73_189.pdb	13.675	25.277	0	27.191
swarm_18_139.pdb	16.710	31.572	0.031746	27.186
swarm_60_95.pdb	13.765	34.017	0	27.056
swarm_7_73.pdb	2.253	6.801	0.190476	26.990
swarm_76_17.pdb	12.372	28.388	0	26.978
swarm_75_151.pdb	13.366	30.958	0.015873	26.837
swarm_76_61.pdb	11.129	30.756	0.047619	26.823
swarm_50_169.pdb	14.694	37.536	0.031746	26.573
swarm_78_24.pdb	14.405	28.685	0	26.561
swarm_61_151.pdb	9.025	23.036	0.047619	26.560
swarm_57_179.pdb	14.259	29.513	0	26.504
swarm_54_129.pdb	17.548	32.083	0	26.497
swarm_80_102.pdb	15.692	29.552	0	26.488
swarm_37_87.pdb	12.343	24.713	0	26.439
swarm_37_196.pdb	14.698	31.554	0	26.422
swarm_11_157.pdb	14.596	26.235	0	26.376
swarm_36_96.pdb	18.984	30.442	0	26.349
swarm_83_76.pdb	18.179	36.353	0	26.281
swarm_79_71.pdb	15.054	32.560	0.047619	26.278
swarm_83_110.pdb	12.218	26.995	0.031746	26.276
swarm_57_123.pdb	18.356	33.015	0	26.223
swarm_37_166.pdb	7.098	18.352	0.142857	26.170
swarm_10_141.pdb	13.005	29.736	0	26.113
swarm_35_37.pdb	12.524	29.063	0	26.016
swarm_11_120.pdb	14.970	27.503	0.031746	26.007
swarm_15_174.pdb	7.518	17.859	0.015873	26.004
swarm_46_116.pdb	13.513	35.165	0.015873	25.948
swarm_77_194.pdb	8.846	31.620	0.0793651	25.944
swarm_2_106.pdb	14.442	30.502	0	25.913
swarm_10_159.pdb	10.551	25.632	0	25.815
swarm_84_190.pdb	18.023	39.294	0	25.810
swarm_50_31.pdb	18.474	41.536	0	25.730
swarm_34_70.pdb	13.175	37.025	0.0793651	25.677
swarm_63_196.pdb	17.809	36.818	0	25.581
swarm_54_96.pdb	14.560	26.660	0	25.576
swarm_47_148.pdb	15.200	44.560	0	25.560
swarm_32_158.pdb	15.221	29.693	0	25.411
swarm_62_87.pdb	13.818	31.337	0	25.298
swarm_83_72.pdb	14.827	33.459	0.015873	25.218
swarm_47_52.pdb	11.836	38.769	0	25.130
swarm_47_107.pdb	14.358	35.146	0	25.097
swarm_5_36.pdb	15.550	27.319	0	25.047
swarm_63_168.pdb	13.545	33.022	0.015873	25.024
swarm_46_42.pdb	7.497	28.859	0.174603	24.855
swarm_15_117.pdb	14.788	25.244	0	24.826
swarm_86_18.pdb	8.088	21.527	0	24.809
swarm_76_195.pdb	16.893	31.464	0	24.805
swarm_36_170.pdb	15.935	26.437	0	24.641
swarm_49_95.pdb	14.934	36.345	0	24.625
swarm_63_169.pdb	13.566	37.202	0	24.576
swarm_87_49.pdb	11.859	34.487	0	24.472
swarm_10_83.pdb	12.899	28.285	0	24.457
swarm_85_39.pdb	10.221	29.577	0	24.436
swarm_3_131.pdb	16.393	32.363	0.031746	24.367
swarm_44_71.pdb	18.701	41.393	0	24.357
swarm_39_162.pdb	7.014	22.014	0.111111	24.336
swarm_62_10.pdb	12.636	42.233	0	24.305
swarm_37_197.pdb	15.398	27.129	0	24.293
swarm_50_131.pdb	13.823	41.877	0.0634921	24.259
swarm_79_140.pdb	12.970	29.265	0	24.234
swarm_35_120.pdb	14.514	32.993	0.015873	24.152
swarm_32_134.pdb	15.539	28.883	0	24.135
swarm_10_49.pdb	16.255	34.148	0.031746	24.120
swarm_3_113.pdb	11.861	28.046	0.047619	24.106
swarm_27_55.pdb	14.064	40.766	0	24.064
swarm_57_161.pdb	15.025	24.785	0	23.989
swarm_3_180.pdb	7.335	21.423	0.174603	23.930
swarm_35_31.pdb	18.583	31.923	0	23.930
swarm_77_115.pdb	17.801	34.994	0	23.855
swarm_29_129.pdb	15.108	42.696	0	23.848
swarm_54_60.pdb	17.354	29.692	0	23.811
swarm_0_21.pdb	12.175	41.691	0.0952381	23.674
swarm_10_60.pdb	9.062	23.680	0	23.626
swarm_24_25.pdb	17.199	44.454	0	23.588
swarm_15_138.pdb	17.664	31.276	0.031746	23.568
swarm_73_91.pdb	13.480	33.778	0.031746	23.532
swarm_35_14.pdb	17.278	32.237	0	23.507
swarm_78_45.pdb	15.410	31.752	0.031746	23.500
swarm_53_186.pdb	15.141	34.426	0.015873	23.466
swarm_36_85.pdb	18.686	32.247	0	23.442
swarm_62_160.pdb	11.226	35.968	0	23.427
swarm_82_134.pdb	13.198	27.375	0	23.355
swarm_78_40.pdb	16.668	36.339	0	23.229
swarm_52_147.pdb	6.720	23.371	0.031746	23.106
swarm_74_126.pdb	14.416	31.839	0	22.967
swarm_36_2.pdb	20.323	31.950	0	22.844
swarm_73_190.pdb	16.019	31.861	0.0634921	22.828
swarm_57_75.pdb	10.381	19.639	0	22.820
swarm_72_82.pdb	7.245	28.387	0	22.636
swarm_81_135.pdb	14.375	32.496	0	22.530
swarm_49_62.pdb	11.644	35.214	0.047619	22.468
swarm_5_63.pdb	7.426	17.491	0	22.271
swarm_83_157.pdb	15.367	31.301	0.015873	22.238
swarm_57_192.pdb	8.141	17.179	0	22.188
swarm_78_181.pdb	14.535	36.795	0.015873	22.134
swarm_67_50.pdb	14.387	34.465	0.015873	22.060
swarm_15_172.pdb	10.892	17.458	0.015873	22.017
swarm_76_176.pdb	7.227	18.351	0	21.901
swarm_80_12.pdb	13.157	24.359	0	21.879
swarm_39_154.pdb	10.002	21.760	0	21.696
swarm_15_42.pdb	6.005	19.168	0.111111	21.668
swarm_85_145.pdb	14.772	33.285	0	21.643
swarm_25_108.pdb	12.730	39.187	0	21.546
swarm_27_68.pdb	10.564	36.692	0.0793651	21.363
swarm_2_192.pdb	15.015	27.152	0	21.346
swarm_11_37.pdb	3.869	15.387	0.269841	21.344
swarm_61_27.pdb	15.264	31.929	0	21.255
swarm_2_87.pdb	11.243	36.917	0	21.144
swarm_67_92.pdb	10.371	30.748	0.031746	21.143
swarm_35_109.pdb	13.646	32.241	0	21.022
swarm_83_99.pdb	17.958	35.346	0	20.964
swarm_77_190.pdb	14.657	37.554	0	20.892
swarm_67_104.pdb	15.179	33.326	0	20.873
swarm_35_126.pdb	12.399	33.521	0	20.846
swarm_58_127.pdb	17.024	27.398	0	20.800
swarm_73_15.pdb	10.551	19.856	0	20.760
swarm_35_33.pdb	15.451	30.209	0	20.518
swarm_24_21.pdb	13.947	44.288	0.015873	20.446
swarm_35_89.pdb	9.764	20.619	0	20.323
swarm_84_133.pdb	15.745	39.740	0	20.097
swarm_18_99.pdb	15.704	26.857	0	19.931
swarm_16_92.pdb	10.508	26.378	0.0634921	19.885
swarm_54_34.pdb	5.046	16.746	0.174603	19.790
swarm_32_146.pdb	15.779	32.693	0	19.786
swarm_11_60.pdb	4.544	9.515	0.126984	19.719
swarm_54_171.pdb	14.754	35.622	0	19.675
swarm_78_173.pdb	11.158	31.933	0.047619	19.637
swarm_37_144.pdb	15.135	29.423	0	19.614
swarm_11_9.pdb	10.284	19.506	0.0952381	19.533
swarm_86_45.pdb	4.569	8.583	0.015873	19.195
swarm_79_41.pdb	15.840	31.425	0	19.179
swarm_76_36.pdb	15.210	34.939	0.0952381	18.942
swarm_78_21.pdb	18.408	34.934	0	18.831
swarm_27_61.pdb	19.036	41.514	0	18.806
swarm_76_75.pdb	15.191	30.583	0	18.710
swarm_27_23.pdb	13.538	35.578	0	18.705
swarm_75_177.pdb	12.215	31.988	0.015873	18.563
swarm_86_139.pdb	13.480	26.608	0	18.484
swarm_5_89.pdb	11.001	26.248	0.047619	18.259
swarm_53_102.pdb	19.002	32.733	0	18.170
swarm_39_85.pdb	14.346	26.987	0.0634921	18.097
swarm_48_83.pdb	15.942	46.825	0.031746	18.054
swarm_86_161.pdb	11.339	22.218	0	17.946
swarm_53_174.pdb	14.634	27.586	0	17.650
swarm_35_22.pdb	17.852	32.157	0	17.530
swarm_47_80.pdb	14.995	36.007	0	17.524
swarm_60_105.pdb	13.364	41.153	0	17.468
swarm_33_55.pdb	13.516	25.692	0	17.262
swarm_74_24.pdb	15.515	39.922	0.031746	17.004
swarm_44_1.pdb	14.806	39.353	0.015873	16.892
swarm_39_121.pdb	13.620	30.864	0.111111	16.880
swarm_18_48.pdb	16.778	29.073	0	16.803
swarm_32_105.pdb	13.577	27.825	0	16.761
swarm_37_129.pdb	17.236	32.979	0	16.720
swarm_85_13.pdb	15.617	33.552	0	16.710
swarm_44_20.pdb	19.859	42.636	0	16.650
swarm_34_108.pdb	14.153	41.048	0	16.612
swarm_67_173.pdb	13.827	28.378	0	16.586
swarm_54_41.pdb	19.389	36.256	0	16.203
swarm_77_71.pdb	15.417	33.165	0	16.109
swarm_15_50.pdb	5.728	12.377	0.047619	16.093
swarm_5_156.pdb	12.950	25.026	0	15.772
swarm_67_93.pdb	18.156	32.998	0	15.650
swarm_10_84.pdb	15.006	25.529	0	15.323
swarm_33_113.pdb	14.487	27.478	0	15.283
swarm_25_91.pdb	18.826	38.819	0	14.676
swarm_64_36.pdb	16.312	46.983	0.047619	13.811
swarm_82_124.pdb	16.220	28.428	0	13.332
swarm_76_178.pdb	13.196	29.116	0	12.495
swarm_35_4.pdb	18.885	34.068	0	12.354
swarm_62_24.pdb	12.864	37.390	0	12.141
swarm_2_89.pdb	19.435	36.489	0	11.562
swarm_32_118.pdb	15.662	32.244	0.015873	9.839
swarm_86_128.pdb	13.653	29.997	0.031746	6.802
swarm_83_124.pdb	14.995	29.860	0	6.572
swarm_35_80.pdb	9.167	17.192	0	2.338
