swarm_34_16.pdb	17.350	33.730	0	57.639
swarm_2_167.pdb	3.061	9.031	0.4375	55.948
swarm_34_115.pdb	17.460	33.502	0	54.365
swarm_43_78.pdb	1.394	4.444	0.666667	53.695
swarm_49_195.pdb	16.546	30.967	0.0104167	52.884
swarm_55_130.pdb	17.863	35.900	0	49.802
swarm_3_21.pdb	11.227	24.444	0	49.678
swarm_57_195.pdb	2.824	7.286	0.385417	48.880
swarm_68_189.pdb	7.931	22.155	0	48.140
swarm_43_169.pdb	5.669	10.921	0.125	47.167
swarm_31_126.pdb	16.228	30.181	0.0104167	46.939
swarm_53_113.pdb	20.114	30.472	0	45.893
swarm_5_119.pdb	4.439	13.023	0.28125	45.806
swarm_42_131.pdb	3.486	7.426	0.458333	45.780
swarm_6_75.pdb	4.696	15.298	0.145833	45.242
swarm_3_123.pdb	21.753	36.657	0.03125	45.083
swarm_55_147.pdb	20.783	34.830	0.0416667	44.708
swarm_11_55.pdb	19.677	33.565	0.0416667	44.538
swarm_2_92.pdb	11.356	20.894	0	44.310
swarm_12_49.pdb	19.264	34.176	0.0520833	44.118
swarm_57_51.pdb	12.213	23.486	0	43.986
swarm_63_131.pdb	17.896	30.193	0	43.617
swarm_48_43.pdb	17.816	30.446	0	43.425
swarm_22_90.pdb	2.869	4.742	0.34375	43.250
swarm_42_158.pdb	9.179	19.833	0.0208333	43.025
swarm_13_173.pdb	2.655	5.122	0.427083	42.879
swarm_57_126.pdb	23.179	42.247	0.0104167	42.813
swarm_50_182.pdb	19.335	29.022	0	42.214
swarm_48_173.pdb	20.727	33.435	0.0833333	42.065
swarm_31_180.pdb	4.607	12.561	0.28125	41.732
swarm_61_30.pdb	20.180	43.337	0	41.600
swarm_56_193.pdb	22.377	42.989	0	41.534
swarm_50_22.pdb	20.545	36.424	0	40.863
swarm_58_23.pdb	18.605	38.709	0	40.511
swarm_4_123.pdb	17.782	29.450	0	40.418
swarm_5_63.pdb	5.617	9.086	0.0833333	40.280
swarm_49_188.pdb	7.162	13.047	0.197917	40.240
swarm_4_35.pdb	18.835	30.437	0.0520833	39.909
swarm_71_163.pdb	18.567	36.222	0	39.871
swarm_30_83.pdb	20.849	36.845	0	39.609
swarm_68_199.pdb	18.524	36.118	0	39.599
swarm_49_199.pdb	20.441	30.014	0	39.532
swarm_57_115.pdb	20.723	35.340	0.0208333	39.374
swarm_35_47.pdb	13.369	21.167	0	39.317
swarm_41_50.pdb	17.560	35.650	0	39.094
swarm_67_142.pdb	16.917	38.399	0	39.030
swarm_22_192.pdb	14.906	27.601	0	38.870
swarm_49_8.pdb	3.506	7.483	0.375	38.737
swarm_56_141.pdb	22.437	40.817	0	38.694
swarm_42_172.pdb	15.913	27.009	0	38.655
swarm_62_110.pdb	14.952	33.889	0	38.477
swarm_66_90.pdb	20.640	36.979	0	38.369
swarm_49_51.pdb	9.876	17.084	0.0729167	38.245
swarm_41_13.pdb	20.439	37.018	0	38.073
swarm_55_151.pdb	20.662	31.296	0	38.007
swarm_20_30.pdb	18.153	29.867	0	37.619
swarm_55_81.pdb	6.584	13.071	0.0416667	37.560
swarm_3_63.pdb	15.272	28.519	0	37.467
swarm_55_175.pdb	16.840	27.854	0.0104167	37.398
swarm_53_161.pdb	7.841	13.842	0.0104167	37.211
swarm_15_79.pdb	20.374	35.753	0.0104167	37.162
swarm_24_109.pdb	18.186	31.273	0	37.093
swarm_57_157.pdb	19.661	34.516	0	37.068
swarm_49_150.pdb	15.928	25.240	0.0104167	36.641
swarm_2_192.pdb	17.380	29.014	0	36.462
swarm_49_155.pdb	19.774	30.310	0	36.238
swarm_68_82.pdb	20.372	34.916	0	36.092
swarm_3_46.pdb	17.571	31.912	0	36.086
swarm_39_51.pdb	15.442	28.347	0	36.027
swarm_68_127.pdb	19.659	31.485	0	35.939
swarm_33_55.pdb	18.022	29.224	0	35.890
swarm_42_184.pdb	16.573	26.526	0.0104167	35.883
swarm_50_198.pdb	20.799	31.124	0	35.840
swarm_48_68.pdb	14.909	24.321	0.03125	35.732
swarm_57_78.pdb	10.146	28.148	0	35.678
swarm_50_119.pdb	3.619	7.592	0.208333	35.614
swarm_39_103.pdb	18.249	29.466	0.0104167	35.548
swarm_49_95.pdb	19.826	35.116	0.0104167	35.507
swarm_49_40.pdb	21.286	32.110	0	35.241
swarm_42_85.pdb	7.009	12.326	0.0104167	35.001
swarm_42_136.pdb	19.121	30.763	0.0416667	34.970
swarm_30_101.pdb	21.216	33.674	0	34.889
swarm_6_148.pdb	14.977	23.880	0	34.838
swarm_29_31.pdb	9.000	26.823	0.177083	34.744
swarm_32_191.pdb	13.842	29.001	0	34.623
swarm_39_94.pdb	15.365	31.060	0	34.546
swarm_28_36.pdb	21.379	35.048	0	34.539
swarm_53_183.pdb	17.980	29.160	0.0104167	34.532
swarm_53_71.pdb	20.663	34.589	0.03125	34.528
swarm_48_10.pdb	21.834	35.855	0.0208333	34.193
swarm_22_132.pdb	20.083	32.176	0	34.086
swarm_50_154.pdb	16.133	34.638	0	34.068
swarm_34_178.pdb	19.763	32.088	0	34.027
swarm_48_186.pdb	11.604	20.817	0.0625	34.017
swarm_12_9.pdb	20.363	33.098	0	34.007
swarm_55_90.pdb	6.488	15.643	0.0416667	33.973
swarm_57_89.pdb	20.285	34.830	0	33.915
swarm_22_125.pdb	17.347	34.260	0	33.908
swarm_69_115.pdb	7.726	19.002	0.135417	33.807
swarm_53_21.pdb	14.161	34.039	0.03125	33.555
swarm_39_196.pdb	19.928	32.152	0.0520833	33.474
swarm_15_92.pdb	19.387	30.614	0	33.413
swarm_3_135.pdb	18.601	33.101	0	33.364
swarm_3_27.pdb	14.938	29.366	0.0104167	33.352
swarm_64_160.pdb	20.401	31.512	0	33.184
swarm_58_95.pdb	24.175	42.043	0.03125	33.032
swarm_68_119.pdb	21.024	35.202	0	33.019
swarm_6_166.pdb	9.779	18.036	0.0833333	32.949
swarm_63_113.pdb	20.948	35.168	0	32.905
swarm_41_22.pdb	17.766	32.528	0.0208333	32.797
swarm_34_195.pdb	17.134	29.316	0	32.769
swarm_9_183.pdb	18.099	39.215	0	32.594
swarm_68_38.pdb	21.023	40.705	0.0833333	32.545
swarm_50_86.pdb	19.141	31.980	0	32.535
swarm_41_14.pdb	19.088	31.948	0	32.523
swarm_50_76.pdb	15.333	30.451	0	32.486
swarm_31_114.pdb	15.600	27.019	0	32.428
swarm_11_52.pdb	11.902	31.699	0.0625	32.241
swarm_20_110.pdb	20.998	35.612	0	32.236
swarm_6_128.pdb	20.020	34.467	0.0104167	32.107
swarm_31_5.pdb	18.610	36.166	0	32.105
swarm_57_92.pdb	15.714	27.336	0	31.947
swarm_12_112.pdb	21.234	34.191	0	31.938
swarm_59_178.pdb	15.460	43.110	0.0520833	31.795
swarm_3_87.pdb	18.158	33.738	0	31.788
swarm_71_14.pdb	17.586	31.100	0	31.702
swarm_15_199.pdb	21.275	37.545	0	31.606
swarm_49_17.pdb	21.593	35.216	0.0104167	31.573
swarm_63_50.pdb	23.654	39.424	0.0208333	31.320
swarm_60_75.pdb	20.474	32.394	0	31.247
swarm_32_95.pdb	19.905	34.236	0	31.241
swarm_18_102.pdb	14.226	30.787	0	31.203
swarm_2_126.pdb	14.807	26.195	0.0104167	30.949
swarm_3_58.pdb	19.628	37.260	0.0625	30.748
swarm_32_134.pdb	11.838	21.040	0	30.606
swarm_20_32.pdb	21.533	41.869	0.0104167	30.272
swarm_32_174.pdb	20.027	35.052	0.0104167	30.233
swarm_31_30.pdb	19.932	31.067	0	30.221
swarm_46_81.pdb	23.588	35.547	0	30.050
swarm_12_68.pdb	18.803	38.792	0	30.045
swarm_4_85.pdb	13.921	24.773	0.0104167	29.919
swarm_39_170.pdb	19.348	28.693	0	29.878
swarm_34_8.pdb	20.014	31.875	0	29.870
swarm_68_101.pdb	18.513	37.959	0	29.651
swarm_55_185.pdb	24.181	43.648	0	29.650
swarm_15_0.pdb	20.201	34.686	0	29.631
swarm_63_161.pdb	19.410	35.864	0	29.518
swarm_17_38.pdb	12.372	32.868	0.03125	29.491
swarm_63_102.pdb	17.630	31.328	0	29.463
swarm_13_4.pdb	18.570	29.505	0	29.429
swarm_65_131.pdb	17.613	34.420	0.0416667	29.424
swarm_33_60.pdb	17.409	30.075	0.0208333	29.397
swarm_55_39.pdb	20.235	37.317	0.0208333	29.218
swarm_11_140.pdb	4.530	13.321	0.25	29.150
swarm_53_82.pdb	8.042	15.117	0.03125	29.119
swarm_51_190.pdb	23.762	45.675	0.0208333	28.993
swarm_10_29.pdb	20.337	38.579	0.0104167	28.934
swarm_55_140.pdb	14.750	34.292	0.03125	28.933
swarm_60_9.pdb	16.678	38.061	0	28.854
swarm_60_129.pdb	7.012	21.731	0	28.817
swarm_68_105.pdb	17.566	30.762	0	28.781
swarm_62_184.pdb	12.793	26.732	0	28.768
swarm_65_9.pdb	23.708	56.789	0	28.707
swarm_21_78.pdb	22.896	43.822	0	28.580
swarm_46_75.pdb	23.764	38.234	0	28.559
swarm_42_103.pdb	17.553	28.895	0.0104167	28.520
swarm_21_184.pdb	21.817	40.396	0	28.510
swarm_62_32.pdb	19.942	37.141	0	28.489
swarm_22_105.pdb	19.682	32.656	0.0208333	28.474
swarm_43_76.pdb	18.546	29.479	0.0208333	28.453
swarm_39_131.pdb	19.179	31.769	0.0104167	28.263
swarm_15_190.pdb	21.335	39.522	0.0416667	28.119
swarm_34_79.pdb	15.787	34.830	0	28.111
swarm_43_126.pdb	13.086	23.150	0.0208333	28.072
swarm_5_40.pdb	10.916	20.627	0.0416667	27.867
swarm_60_160.pdb	21.682	43.753	0	27.822
swarm_37_104.pdb	19.480	36.767	0.0625	27.807
swarm_60_118.pdb	22.093	41.702	0	27.583
swarm_49_45.pdb	11.961	19.080	0.03125	27.442
swarm_48_105.pdb	20.666	32.195	0	27.437
swarm_5_37.pdb	17.737	28.688	0	27.387
swarm_15_63.pdb	16.965	37.514	0	27.300
swarm_9_127.pdb	21.928	37.549	0	27.260
swarm_48_175.pdb	19.656	29.230	0	27.164
swarm_60_85.pdb	21.084	37.098	0	27.058
swarm_18_89.pdb	20.200	37.784	0	27.037
swarm_19_127.pdb	17.634	47.371	0.03125	27.035
swarm_68_66.pdb	18.030	29.648	0.0416667	27.007
swarm_35_179.pdb	20.559	44.738	0	26.999
swarm_31_88.pdb	20.702	33.899	0	26.920
swarm_34_148.pdb	9.044	31.354	0.03125	26.811
swarm_11_188.pdb	13.208	21.408	0	26.808
swarm_63_8.pdb	22.138	36.643	0	26.743
swarm_59_124.pdb	22.196	46.433	0	26.654
swarm_59_5.pdb	24.149	44.545	0	26.644
swarm_22_35.pdb	14.606	42.678	0	26.435
swarm_64_127.pdb	22.840	34.549	0.0208333	26.370
swarm_57_63.pdb	16.920	27.100	0	26.341
swarm_39_12.pdb	4.959	7.189	0.0625	26.312
swarm_2_43.pdb	13.578	22.413	0	26.292
swarm_41_35.pdb	19.730	31.825	0	26.054
swarm_27_25.pdb	21.831	45.125	0.03125	25.941
swarm_26_0.pdb	20.840	40.604	0	25.919
swarm_60_52.pdb	13.995	30.409	0	25.856
swarm_29_102.pdb	25.088	46.443	0	25.854
swarm_16_108.pdb	20.097	35.245	0	25.815
swarm_5_177.pdb	6.811	19.874	0.260417	25.766
swarm_53_174.pdb	21.167	32.760	0	25.566
swarm_15_51.pdb	19.026	35.995	0.0104167	25.559
swarm_69_129.pdb	8.858	22.557	0	25.530
swarm_3_36.pdb	15.969	27.662	0	25.494
swarm_64_87.pdb	20.470	58.556	0.0104167	25.485
swarm_63_92.pdb	25.126	44.276	0	25.409
swarm_37_177.pdb	19.943	36.482	0	25.299
swarm_22_109.pdb	22.203	32.875	0	25.064
swarm_49_109.pdb	21.343	30.874	0	24.911
swarm_49_139.pdb	16.073	22.584	0	24.852
swarm_42_5.pdb	24.601	42.365	0	24.647
swarm_46_145.pdb	22.394	36.160	0	24.640
swarm_17_23.pdb	19.598	33.601	0	24.594
swarm_48_123.pdb	22.116	34.662	0.0208333	24.534
swarm_49_27.pdb	16.131	26.040	0.0833333	24.502
swarm_60_70.pdb	10.100	31.748	0.114583	24.482
swarm_22_162.pdb	19.796	49.634	0	24.452
swarm_66_87.pdb	20.904	39.781	0.0208333	24.329
swarm_3_105.pdb	18.826	32.772	0.03125	24.297
swarm_39_84.pdb	9.633	18.368	0.0104167	24.074
swarm_60_5.pdb	14.210	34.623	0.0104167	24.014
swarm_52_198.pdb	22.670	33.355	0	23.987
swarm_62_66.pdb	19.496	46.143	0	23.635
swarm_34_180.pdb	11.857	19.643	0	23.558
swarm_65_7.pdb	19.215	32.366	0.0208333	23.524
swarm_16_137.pdb	19.198	34.654	0.0208333	23.497
swarm_67_10.pdb	21.154	38.005	0.03125	23.421
swarm_63_23.pdb	20.360	34.627	0.0104167	23.318
swarm_54_199.pdb	18.063	36.644	0.0104167	23.307
swarm_67_126.pdb	19.545	36.489	0.0416667	23.282
swarm_3_69.pdb	8.973	22.277	0	23.251
swarm_20_124.pdb	18.968	32.950	0.104167	23.250
swarm_26_145.pdb	20.915	34.417	0.0208333	23.244
swarm_68_185.pdb	17.753	31.320	0	23.177
swarm_32_110.pdb	17.656	44.967	0.0104167	22.908
swarm_15_62.pdb	24.808	36.855	0	22.800
swarm_12_105.pdb	14.361	33.599	0	22.225
swarm_11_6.pdb	10.370	15.974	0	22.181
swarm_37_108.pdb	21.808	40.995	0	22.091
swarm_54_22.pdb	21.791	34.563	0	22.083
swarm_66_129.pdb	21.918	41.287	0	22.021
swarm_41_185.pdb	18.663	32.613	0	22.011
swarm_2_104.pdb	11.958	21.955	0.0625	21.897
swarm_49_20.pdb	10.175	16.442	0.0208333	21.583
swarm_46_147.pdb	20.531	34.677	0	21.525
swarm_27_57.pdb	23.916	42.040	0	21.498
swarm_12_65.pdb	14.088	30.238	0.0208333	21.479
swarm_37_95.pdb	18.067	34.691	0	21.388
swarm_61_110.pdb	22.462	43.809	0	21.246
swarm_48_69.pdb	20.849	29.478	0	21.232
swarm_37_135.pdb	16.604	37.310	0	20.525
swarm_35_110.pdb	20.066	43.782	0	20.483
swarm_65_191.pdb	19.687	30.124	0	20.244
swarm_36_136.pdb	20.577	35.183	0	19.832
swarm_12_39.pdb	9.956	30.352	0	19.808
swarm_26_193.pdb	11.149	25.144	0.0625	19.595
swarm_20_47.pdb	20.956	31.407	0	19.564
swarm_52_175.pdb	17.040	54.088	0	19.559
swarm_24_97.pdb	22.756	36.666	0.0208333	19.553
swarm_40_39.pdb	15.276	29.178	0.0104167	19.523
swarm_32_107.pdb	20.073	37.101	0.0104167	19.329
swarm_22_167.pdb	7.012	16.616	0.0833333	19.189
swarm_11_1.pdb	22.057	35.707	0	19.158
swarm_4_54.pdb	10.240	19.961	0.0208333	18.942
swarm_62_11.pdb	19.804	40.814	0.0520833	18.830
swarm_69_162.pdb	5.011	10.156	0.25	18.591
swarm_13_27.pdb	9.505	18.303	0.0208333	18.413
swarm_36_29.pdb	19.253	37.877	0.09375	18.048
swarm_68_196.pdb	21.228	35.875	0	17.928
swarm_66_188.pdb	21.711	31.634	0	17.724
swarm_18_20.pdb	21.794	46.467	0	17.559
swarm_29_32.pdb	21.715	40.688	0	17.507
swarm_31_77.pdb	22.869	39.021	0	17.227
swarm_28_128.pdb	26.897	43.980	0	17.177
swarm_33_14.pdb	19.608	32.592	0.0416667	16.732
swarm_13_193.pdb	14.667	27.781	0.0208333	16.717
swarm_12_1.pdb	20.018	29.751	0	16.643
swarm_25_173.pdb	28.226	49.807	0	15.280
swarm_64_78.pdb	20.991	33.750	0	15.242
swarm_55_55.pdb	22.449	48.389	0	15.200
swarm_40_173.pdb	22.967	33.396	0	14.885
swarm_20_193.pdb	20.684	40.215	0	14.808
swarm_7_111.pdb	22.130	33.627	0	14.752
swarm_35_159.pdb	10.975	24.887	0.0208333	14.722
swarm_67_101.pdb	11.924	24.010	0	14.381
swarm_63_38.pdb	23.363	43.817	0	14.292
swarm_63_109.pdb	22.763	43.049	0	14.139
swarm_65_37.pdb	19.397	31.308	0.0104167	12.596
swarm_43_6.pdb	14.451	23.982	0	11.407
swarm_18_64.pdb	21.087	43.892	0	10.635
swarm_6_113.pdb	18.304	32.199	0.0104167	10.062
swarm_13_58.pdb	15.876	31.777	0.0104167	8.361
swarm_49_192.pdb	17.508	27.300	0	8.330
swarm_13_189.pdb	18.326	31.305	0	6.110
swarm_29_149.pdb	25.802	44.963	0.0104167	5.851
swarm_34_130.pdb	8.132	16.574	0	5.458
swarm_21_36.pdb	21.966	43.341	0	4.886
swarm_39_191.pdb	18.993	31.152	0.0520833	4.156
swarm_62_47.pdb	25.816	41.349	0	4.033
swarm_11_81.pdb	6.597	17.854	0.145833	2.808
swarm_68_86.pdb	20.659	39.558	0	2.232
swarm_13_109.pdb	12.391	23.645	0	0.585
swarm_3_70.pdb	13.395	27.615	0	0.481
swarm_21_12.pdb	20.564	48.366	0	0.164
