swarm_39_199.pdb	12.941	21.095	0.0104167	48.075
swarm_39_123.pdb	5.885	9.298	0.0625	44.809
swarm_3_180.pdb	7.382	15.169	0.0104167	44.382
swarm_19_78.pdb	19.111	42.955	0	43.616
swarm_20_22.pdb	19.761	45.723	0	41.458
swarm_3_20.pdb	6.541	15.108	0.0520833	38.681
swarm_38_100.pdb	23.146	62.452	0	37.006
swarm_30_84.pdb	22.595	59.435	0	35.990
swarm_52_148.pdb	14.181	35.448	0	35.959
swarm_33_160.pdb	19.103	45.349	0	35.404
swarm_40_117.pdb	18.582	40.873	0	34.833
swarm_27_51.pdb	6.717	20.800	0.0104167	34.775
swarm_20_52.pdb	17.361	40.731	0	34.231
swarm_19_113.pdb	13.956	36.421	0	34.192
swarm_21_5.pdb	19.191	44.753	0	33.733
swarm_25_176.pdb	19.209	42.550	0	33.194
swarm_46_34.pdb	13.223	23.046	0	33.125
swarm_22_127.pdb	20.888	51.213	0	33.117
swarm_25_189.pdb	15.113	38.019	0	32.110
swarm_20_112.pdb	13.617	33.654	0	32.108
swarm_39_181.pdb	13.221	18.904	0	31.086
swarm_46_193.pdb	12.811	24.335	0	30.861
swarm_4_146.pdb	21.850	44.943	0	30.575
swarm_44_26.pdb	13.472	26.215	0	29.460
swarm_33_167.pdb	20.648	48.013	0	29.156
swarm_54_23.pdb	17.872	51.869	0	28.916
swarm_46_181.pdb	11.632	22.457	0	28.753
swarm_51_46.pdb	19.539	46.548	0	28.344
swarm_25_22.pdb	20.418	49.944	0	28.274
swarm_24_150.pdb	17.089	36.430	0	27.739
swarm_24_174.pdb	15.344	43.230	0	27.714
swarm_19_77.pdb	15.280	36.669	0	27.189
swarm_24_146.pdb	16.457	38.812	0	27.187
swarm_48_18.pdb	18.775	49.002	0	26.972
swarm_15_157.pdb	24.063	63.209	0	26.927
swarm_19_63.pdb	17.512	38.197	0	26.699
swarm_54_133.pdb	16.786	42.427	0	26.678
swarm_36_174.pdb	20.501	50.172	0	26.001
swarm_11_191.pdb	20.858	49.669	0	25.920
swarm_25_126.pdb	15.069	39.507	0	25.740
swarm_25_44.pdb	14.670	41.621	0	25.640
swarm_40_190.pdb	16.095	45.554	0	24.831
swarm_54_178.pdb	19.140	46.279	0	24.202
swarm_48_11.pdb	18.425	44.940	0	22.996
swarm_54_95.pdb	20.568	53.681	0	21.729
swarm_50_16.pdb	13.695	30.351	0	21.647
swarm_18_85.pdb	15.478	25.680	0	21.537
swarm_50_197.pdb	18.333	40.523	0	21.028
swarm_32_190.pdb	17.204	33.723	0	18.504
swarm_6_134.pdb	9.594	26.483	0.0104167	11.605
swarm_54_131.pdb	20.873	48.531	0	11.315
swarm_44_164.pdb	17.000	26.158	0	7.129
