swarm_242_121.pdb	16.728	31.577	0	42.369
swarm_274_59.pdb	19.077	30.470	0.03125	41.672
swarm_304_190.pdb	13.295	41.901	0	41.484
swarm_287_25.pdb	3.742	9.770	0.416667	41.451
swarm_317_113.pdb	9.895	28.640	0	40.500
swarm_324_181.pdb	18.094	29.175	0	38.687
swarm_333_173.pdb	14.183	26.146	0	38.569
swarm_333_187.pdb	21.766	35.661	0.0625	37.813
swarm_164_34.pdb	19.956	32.556	0.0520833	37.054
swarm_242_23.pdb	19.154	31.351	0	36.968
swarm_326_139.pdb	19.652	40.200	0	36.699
swarm_332_144.pdb	7.833	20.551	0	36.432
swarm_161_8.pdb	14.408	26.599	0	35.606
swarm_272_154.pdb	19.117	46.384	0.0625	35.226
swarm_322_187.pdb	9.532	29.170	0	34.653
swarm_275_138.pdb	19.304	34.277	0.0104167	34.643
swarm_274_173.pdb	7.859	13.021	0.0520833	34.374
swarm_331_152.pdb	18.991	30.074	0.0104167	34.172
swarm_164_170.pdb	18.899	29.584	0.03125	33.972
swarm_145_121.pdb	3.168	7.931	0.416667	33.515
swarm_331_132.pdb	20.700	34.410	0.0208333	33.266
swarm_327_80.pdb	5.555	18.755	0.177083	33.231
swarm_236_88.pdb	20.609	34.784	0.03125	33.151
swarm_242_155.pdb	17.854	30.164	0.0104167	33.037
swarm_306_25.pdb	19.220	44.768	0.0729167	32.966
swarm_236_73.pdb	8.720	22.808	0.0520833	32.948
swarm_324_158.pdb	16.924	32.351	0.0104167	32.506
swarm_219_199.pdb	19.130	39.346	0	32.435
swarm_221_177.pdb	18.571	37.547	0	32.192
swarm_274_155.pdb	18.757	29.920	0.03125	31.965
swarm_274_154.pdb	16.911	27.742	0.0104167	31.837
swarm_302_13.pdb	12.252	34.369	0	31.701
swarm_274_136.pdb	18.619	29.445	0.0104167	31.681
swarm_324_146.pdb	19.691	32.245	0.0416667	31.599
swarm_333_107.pdb	6.407	9.979	0.03125	31.136
swarm_287_185.pdb	9.909	15.736	0.125	31.108
swarm_161_109.pdb	19.818	30.866	0	31.064
swarm_327_47.pdb	18.025	35.028	0	30.650
swarm_275_9.pdb	17.564	28.349	0.0208333	30.438
swarm_288_79.pdb	7.085	15.143	0.0104167	29.840
swarm_313_35.pdb	21.192	38.761	0.0520833	29.643
swarm_218_42.pdb	12.056	20.826	0	29.609
swarm_274_135.pdb	9.675	16.234	0.0833333	29.367
swarm_331_1.pdb	5.693	11.326	0.15625	29.250
swarm_313_115.pdb	17.911	32.105	0	29.178
swarm_274_30.pdb	2.809	5.590	0.385417	29.095
swarm_288_22.pdb	19.647	31.012	0	29.001
swarm_260_188.pdb	18.517	30.170	0.0104167	28.754
swarm_288_154.pdb	20.841	35.466	0.0104167	28.707
swarm_287_104.pdb	16.452	27.768	0	28.692
swarm_333_120.pdb	20.261	33.933	0	28.063
swarm_288_71.pdb	14.434	25.193	0.0104167	28.026
swarm_222_132.pdb	16.481	36.559	0	27.975
swarm_313_91.pdb	15.984	31.809	0.0104167	27.766
swarm_322_89.pdb	22.610	36.460	0.0729167	27.751
swarm_332_70.pdb	6.486	23.786	0.177083	27.688
swarm_320_111.pdb	11.516	31.853	0	27.650
swarm_242_45.pdb	13.226	24.465	0.0729167	27.500
swarm_161_131.pdb	19.791	30.128	0	27.426
swarm_327_42.pdb	12.232	31.459	0.0416667	27.411
swarm_161_108.pdb	19.395	35.550	0	27.347
swarm_105_39.pdb	14.834	24.267	0.0729167	27.299
swarm_313_192.pdb	13.945	27.165	0.0208333	27.109
swarm_236_188.pdb	11.068	20.411	0	26.790
swarm_326_154.pdb	10.754	29.789	0	26.778
swarm_319_33.pdb	20.865	38.450	0.0625	26.589
swarm_122_159.pdb	16.865	33.615	0.0104167	26.474
swarm_161_4.pdb	20.228	35.061	0	26.398
swarm_276_131.pdb	13.096	24.767	0	26.341
swarm_216_38.pdb	15.965	27.111	0.0208333	26.251
swarm_260_15.pdb	17.866	31.511	0.0208333	26.227
swarm_37_28.pdb	21.092	34.541	0	26.210
swarm_164_57.pdb	5.920	12.311	0.114583	26.077
swarm_324_61.pdb	9.044	17.598	0.104167	26.030
swarm_274_82.pdb	6.306	11.464	0.229167	25.976
swarm_364_185.pdb	17.669	34.848	0.0416667	25.810
swarm_242_119.pdb	20.446	33.188	0	25.763
swarm_331_37.pdb	7.286	15.539	0.0104167	25.580
swarm_313_48.pdb	22.056	38.550	0	25.303
swarm_97_196.pdb	11.009	21.766	0.15625	25.117
swarm_197_109.pdb	14.155	33.359	0	25.087
swarm_217_76.pdb	11.887	25.774	0	25.031
swarm_217_94.pdb	6.513	17.002	0.03125	25.027
swarm_287_84.pdb	18.504	29.494	0.0104167	24.942
swarm_140_4.pdb	21.009	37.989	0.0208333	24.672
swarm_303_104.pdb	10.069	24.889	0	24.249
swarm_275_136.pdb	15.450	27.962	0	24.163
swarm_199_9.pdb	14.562	32.733	0	24.153
swarm_216_185.pdb	20.684	38.147	0.0104167	24.114
swarm_145_33.pdb	10.699	16.706	0.03125	23.606
swarm_331_31.pdb	17.390	33.554	0	23.496
swarm_165_167.pdb	3.140	10.749	0.239583	23.187
swarm_333_12.pdb	17.249	28.496	0.0729167	23.108
swarm_192_65.pdb	10.136	29.914	0	23.028
swarm_313_83.pdb	4.831	10.088	0.145833	22.909
swarm_332_7.pdb	6.004	11.833	0.104167	22.894
swarm_96_31.pdb	18.322	28.239	0	22.775
swarm_260_182.pdb	21.416	36.408	0.0208333	22.432
swarm_276_48.pdb	19.082	32.378	0	22.404
swarm_331_122.pdb	15.201	22.722	0	22.182
swarm_327_189.pdb	19.192	32.021	0	21.992
swarm_327_76.pdb	10.749	20.502	0	21.987
swarm_216_111.pdb	19.823	34.127	0	21.636
swarm_216_89.pdb	18.155	33.842	0	21.618
swarm_219_13.pdb	14.833	32.910	0	21.423
swarm_330_24.pdb	15.277	26.651	0	20.808
swarm_313_157.pdb	5.752	19.747	0.104167	20.371
swarm_242_164.pdb	11.205	20.147	0.0625	19.850
swarm_275_118.pdb	20.852	36.228	0.0104167	19.412
swarm_320_184.pdb	12.767	36.772	0	19.138
swarm_243_32.pdb	18.296	35.266	0.0208333	17.925
swarm_243_142.pdb	20.867	37.330	0.0520833	17.709
swarm_331_114.pdb	13.965	25.656	0.03125	17.343
swarm_331_34.pdb	15.616	28.536	0.0208333	17.174
swarm_331_46.pdb	11.642	25.603	0.03125	16.978
swarm_313_16.pdb	14.933	26.281	0	16.270
swarm_47_102.pdb	23.958	43.646	0.03125	16.088
swarm_275_16.pdb	3.792	8.987	0.416667	15.849
swarm_3_117.pdb	19.622	39.991	0.0104167	15.431
swarm_331_163.pdb	4.680	9.074	0.260417	15.304
swarm_195_65.pdb	20.985	39.536	0	15.026
swarm_215_61.pdb	6.687	18.125	0.302083	14.605
swarm_276_50.pdb	20.641	34.831	0	14.163
swarm_326_171.pdb	10.286	30.709	0	13.922
swarm_141_121.pdb	12.302	22.363	0.0520833	13.901
swarm_306_146.pdb	11.833	31.155	0	13.897
swarm_216_20.pdb	19.835	30.343	0	13.072
swarm_218_128.pdb	20.915	39.463	0	12.902
swarm_218_118.pdb	8.546	18.516	0	12.588
swarm_288_191.pdb	14.073	28.617	0.0416667	12.363
swarm_332_91.pdb	19.426	36.252	0.0729167	11.726
swarm_107_153.pdb	23.725	39.156	0.0625	11.701
swarm_324_140.pdb	16.289	26.616	0	11.520
swarm_264_82.pdb	14.001	47.902	0.104167	9.322
swarm_242_165.pdb	18.469	30.862	0	8.830
swarm_306_42.pdb	15.142	32.106	0	8.496
swarm_236_45.pdb	21.656	40.130	0.03125	8.054
swarm_195_187.pdb	20.071	35.691	0	7.998
swarm_318_129.pdb	15.690	43.900	0	7.348
swarm_220_141.pdb	19.785	40.976	0.03125	7.144
swarm_276_26.pdb	19.189	33.633	0	5.165
swarm_161_185.pdb	16.742	29.541	0.0625	4.722
swarm_331_159.pdb	16.527	24.115	0	2.795
swarm_332_161.pdb	8.474	22.880	0.0416667	2.750
swarm_306_115.pdb	22.428	40.347	0.0625	1.978
swarm_108_94.pdb	21.684	38.951	0.0416667	1.581
swarm_222_66.pdb	17.034	43.379	0.0208333	0.953
