swarm_42_142.pdb	13.434	41.121	0	64.615
swarm_33_103.pdb	13.870	42.390	0	58.261
swarm_16_174.pdb	14.274	24.283	0.0104167	56.649
swarm_44_104.pdb	18.011	35.646	0	55.192
swarm_43_66.pdb	14.102	43.811	0	54.449
swarm_47_110.pdb	20.243	45.391	0	54.011
swarm_39_27.pdb	13.978	40.997	0	52.423
swarm_12_34.pdb	12.872	38.996	0	50.418
swarm_55_32.pdb	20.675	35.670	0	48.797
swarm_44_142.pdb	20.649	34.467	0.0104167	47.759
swarm_29_122.pdb	4.419	12.352	0.125	47.008
swarm_34_14.pdb	14.478	41.763	0	44.619
swarm_48_31.pdb	25.911	50.859	0	44.336
swarm_43_189.pdb	20.101	42.697	0	44.277
swarm_54_108.pdb	16.692	38.138	0	43.555
swarm_5_188.pdb	4.635	11.910	0.291667	43.007
swarm_41_187.pdb	9.324	24.757	0	42.850
swarm_2_88.pdb	21.285	36.468	0	42.751
swarm_45_68.pdb	9.546	25.552	0	42.499
swarm_44_130.pdb	9.205	27.235	0	42.483
swarm_29_181.pdb	20.501	29.701	0	42.389
swarm_0_176.pdb	8.905	27.381	0	42.388
swarm_45_55.pdb	20.999	33.941	0	42.135
swarm_40_148.pdb	20.688	48.327	0.03125	42.123
swarm_4_196.pdb	20.785	33.610	0	42.034
swarm_46_19.pdb	21.809	44.674	0	41.469
swarm_44_164.pdb	22.886	40.493	0	40.840
swarm_55_28.pdb	18.766	31.340	0	40.776
swarm_44_186.pdb	16.469	32.089	0	40.623
swarm_0_91.pdb	23.002	42.602	0	40.309
swarm_44_192.pdb	18.504	44.581	0.03125	40.180
swarm_12_45.pdb	11.347	30.117	0	40.120
swarm_33_10.pdb	25.096	50.531	0	40.106
swarm_3_95.pdb	14.728	26.876	0.0104167	39.775
swarm_38_89.pdb	23.935	56.377	0	39.665
swarm_1_105.pdb	12.574	41.714	0	39.580
swarm_54_32.pdb	13.132	36.800	0	39.288
swarm_44_166.pdb	21.860	37.970	0	39.187
swarm_40_70.pdb	11.826	41.225	0	38.985
swarm_23_106.pdb	23.402	45.959	0	38.621
swarm_27_195.pdb	11.885	40.678	0	38.557
swarm_40_152.pdb	18.260	44.929	0	38.406
swarm_2_128.pdb	10.098	25.919	0.0104167	38.392
swarm_33_47.pdb	17.125	42.887	0	38.185
swarm_27_176.pdb	22.557	46.053	0.0104167	38.046
swarm_46_117.pdb	22.844	42.840	0.0833333	37.779
swarm_4_85.pdb	19.466	29.697	0	37.563
swarm_23_73.pdb	15.943	40.477	0	37.544
swarm_45_162.pdb	21.237	37.965	0.0104167	37.321
swarm_10_107.pdb	2.974	11.119	0.333333	37.072
swarm_46_191.pdb	13.971	37.341	0.0208333	37.054
swarm_28_180.pdb	12.011	41.783	0	37.051
swarm_16_49.pdb	15.026	27.686	0.03125	36.865
swarm_31_3.pdb	8.683	26.183	0.125	36.784
swarm_21_196.pdb	27.152	50.290	0	36.774
swarm_37_128.pdb	20.156	57.605	0.03125	36.150
swarm_0_102.pdb	20.430	44.129	0	35.946
swarm_40_98.pdb	13.152	46.314	0.03125	35.657
swarm_1_144.pdb	15.407	34.421	0	35.448
swarm_38_111.pdb	17.147	42.525	0	35.322
swarm_40_185.pdb	26.021	50.755	0	34.958
swarm_36_2.pdb	22.161	36.250	0	34.570
swarm_2_28.pdb	3.211	12.761	0.354167	34.386
swarm_1_61.pdb	20.105	50.470	0.0208333	33.967
swarm_46_176.pdb	15.036	36.111	0	33.924
swarm_0_89.pdb	22.311	41.481	0	33.802
swarm_41_13.pdb	18.527	38.316	0	33.722
swarm_48_19.pdb	19.935	47.459	0	33.497
swarm_0_48.pdb	20.834	41.240	0	33.454
swarm_54_10.pdb	16.317	32.494	0	33.256
swarm_20_155.pdb	18.854	41.847	0	33.190
swarm_5_169.pdb	21.788	37.761	0.0729167	33.140
swarm_6_154.pdb	16.533	29.500	0.0833333	33.074
swarm_30_17.pdb	22.212	50.181	0.0208333	32.999
swarm_39_142.pdb	18.550	37.585	0.0104167	32.934
swarm_12_69.pdb	18.328	44.248	0.03125	32.824
swarm_12_36.pdb	20.400	43.204	0	32.698
swarm_40_0.pdb	22.242	46.530	0	32.645
swarm_34_150.pdb	20.097	43.267	0	32.528
swarm_54_116.pdb	16.374	42.813	0.0729167	32.500
swarm_2_55.pdb	6.204	19.058	0.03125	32.336
swarm_40_27.pdb	23.529	42.131	0	32.331
swarm_9_140.pdb	18.089	39.945	0	32.230
swarm_0_155.pdb	20.538	43.369	0	31.907
swarm_5_133.pdb	16.253	27.133	0.0625	31.875
swarm_55_137.pdb	10.378	28.067	0	31.622
swarm_39_131.pdb	22.987	46.835	0.0104167	31.616
swarm_1_87.pdb	20.925	43.493	0	31.238
swarm_49_44.pdb	20.350	53.307	0	31.164
swarm_42_119.pdb	18.650	50.281	0	30.939
swarm_40_158.pdb	11.705	38.103	0	30.803
swarm_43_154.pdb	23.421	46.481	0	30.692
swarm_55_128.pdb	21.707	38.679	0.0104167	30.623
swarm_39_85.pdb	21.545	42.973	0	30.522
swarm_29_56.pdb	19.546	30.687	0	30.506
swarm_45_60.pdb	21.834	37.967	0	30.403
swarm_53_146.pdb	15.606	43.170	0.0104167	30.351
swarm_46_74.pdb	14.455	31.878	0.03125	30.126
swarm_55_36.pdb	20.498	35.862	0.0208333	30.038
swarm_20_72.pdb	9.799	32.234	0.03125	29.767
swarm_5_54.pdb	10.733	20.103	0.0104167	29.467
swarm_23_153.pdb	25.036	52.060	0	29.441
swarm_54_156.pdb	13.018	31.634	0	29.411
swarm_41_175.pdb	17.991	41.320	0	29.343
swarm_39_34.pdb	22.841	43.849	0.03125	29.214
swarm_6_145.pdb	19.293	35.046	0.09375	28.631
swarm_0_150.pdb	17.712	48.792	0	28.470
swarm_36_54.pdb	10.969	28.457	0	28.271
swarm_40_53.pdb	19.808	44.158	0	28.226
swarm_36_132.pdb	17.630	31.583	0	27.791
swarm_12_105.pdb	17.484	34.095	0.0416667	27.740
swarm_12_146.pdb	15.659	39.448	0	27.615
swarm_43_21.pdb	16.692	44.766	0.0625	27.515
swarm_6_162.pdb	15.935	28.132	0.0520833	27.490
swarm_20_120.pdb	11.621	35.066	0.03125	27.361
swarm_39_188.pdb	22.336	47.859	0	27.254
swarm_39_112.pdb	16.326	42.563	0.0833333	27.086
swarm_29_163.pdb	19.417	31.078	0	26.510
swarm_12_14.pdb	21.883	38.806	0	26.432
swarm_41_15.pdb	21.149	44.521	0	26.344
swarm_36_43.pdb	8.388	19.169	0.03125	26.334
swarm_46_67.pdb	19.559	37.907	0.0208333	26.159
swarm_12_75.pdb	15.418	29.901	0	25.974
swarm_0_158.pdb	18.621	34.011	0	25.882
swarm_31_60.pdb	23.654	39.607	0	25.843
swarm_31_183.pdb	19.156	36.364	0	25.410
swarm_45_115.pdb	20.429	38.205	0	25.222
swarm_41_91.pdb	20.958	39.049	0.0625	25.148
swarm_54_175.pdb	12.258	28.464	0	24.585
swarm_39_195.pdb	20.294	41.848	0	24.150
swarm_41_17.pdb	7.250	28.114	0.0833333	24.126
swarm_27_188.pdb	24.890	47.293	0	24.118
swarm_41_4.pdb	23.817	45.943	0	23.842
swarm_46_108.pdb	18.822	38.510	0	23.492
swarm_2_24.pdb	18.710	31.820	0.03125	23.469
swarm_46_190.pdb	20.425	42.736	0	23.467
swarm_4_76.pdb	11.354	27.215	0	23.459
swarm_52_79.pdb	20.442	34.551	0.0104167	23.440
swarm_1_160.pdb	11.877	38.334	0	23.277
swarm_53_140.pdb	16.952	41.186	0	22.996
swarm_10_184.pdb	19.912	37.993	0	22.769
swarm_46_133.pdb	19.353	40.806	0	22.660
swarm_54_153.pdb	15.998	32.269	0.0416667	22.543
swarm_53_105.pdb	20.108	43.756	0	22.462
swarm_46_28.pdb	23.498	41.858	0	22.156
swarm_45_146.pdb	5.539	21.310	0.145833	21.660
swarm_30_118.pdb	24.328	50.231	0	21.490
swarm_10_69.pdb	20.795	36.321	0	21.405
swarm_45_103.pdb	14.395	31.446	0.0104167	21.298
swarm_46_21.pdb	24.069	47.758	0	21.277
swarm_48_87.pdb	12.748	37.555	0	21.054
swarm_53_108.pdb	15.321	38.205	0	20.464
swarm_36_106.pdb	17.946	32.410	0	20.154
swarm_10_93.pdb	21.697	36.533	0	19.146
swarm_10_199.pdb	13.377	26.948	0.0104167	18.689
swarm_39_30.pdb	17.260	41.054	0	18.245
swarm_53_104.pdb	17.379	32.288	0	16.452
swarm_47_18.pdb	19.671	45.085	0	16.038
swarm_39_45.pdb	15.881	30.006	0	15.900
swarm_9_162.pdb	25.845	48.146	0	15.671
swarm_44_123.pdb	18.240	36.300	0	15.434
swarm_6_137.pdb	22.328	39.999	0	15.317
swarm_45_71.pdb	21.210	34.043	0.0520833	14.797
swarm_4_169.pdb	20.037	34.152	0.03125	14.144
swarm_4_121.pdb	19.563	31.299	0	13.978
swarm_12_58.pdb	8.418	26.022	0	13.519
swarm_32_157.pdb	23.959	60.523	0.0208333	12.752
swarm_3_188.pdb	17.675	25.598	0	10.767
swarm_4_83.pdb	13.108	23.729	0.0416667	10.720
swarm_1_67.pdb	15.331	42.674	0	10.181
swarm_45_144.pdb	8.786	16.532	0.291667	7.246
swarm_34_145.pdb	14.432	45.172	0	6.717
swarm_46_168.pdb	21.450	46.104	0	6.371
swarm_44_152.pdb	13.976	38.903	0.0104167	6.292
swarm_2_74.pdb	7.662	21.384	0.0104167	4.787
swarm_36_156.pdb	20.051	36.392	0.0625	2.730
swarm_4_48.pdb	19.587	32.322	0.03125	1.818
swarm_2_18.pdb	9.562	20.845	0.104167	1.523
