swarm_0_49.pdb	10.441	24.672	0	80.582
swarm_3_141.pdb	21.450	35.536	0.0104167	70.720
swarm_1_169.pdb	19.127	30.635	0.03125	70.469
swarm_5_97.pdb	7.511	18.824	0	69.562
swarm_5_144.pdb	2.395	6.729	0.729167	68.473
swarm_6_96.pdb	21.823	36.110	0.0729167	66.250
swarm_0_146.pdb	10.250	19.468	0.0520833	63.454
swarm_3_72.pdb	20.260	32.208	0	63.373
swarm_3_40.pdb	19.647	37.866	0.0104167	61.127
swarm_6_94.pdb	11.246	26.724	0	60.425
swarm_4_134.pdb	17.409	31.249	0.0625	60.169
swarm_5_61.pdb	19.904	34.198	0.0208333	59.642
swarm_8_35.pdb	13.957	30.619	0	59.479
swarm_7_74.pdb	17.491	29.374	0	59.200
swarm_1_122.pdb	20.739	31.486	0	58.401
swarm_2_160.pdb	17.201	39.075	0.0520833	58.104
swarm_7_98.pdb	3.814	8.332	0.322917	56.771
swarm_0_99.pdb	19.129	33.684	0.03125	56.596
swarm_2_11.pdb	20.341	32.890	0	55.840
swarm_5_26.pdb	8.435	21.749	0.104167	55.822
swarm_3_122.pdb	13.468	29.267	0	54.643
swarm_4_13.pdb	5.535	12.184	0.114583	53.212
swarm_0_41.pdb	18.731	27.830	0	51.800
swarm_4_79.pdb	12.065	25.103	0.03125	51.760
swarm_7_45.pdb	13.117	25.852	0.0104167	49.941
swarm_0_153.pdb	19.177	28.845	0	49.002
swarm_1_176.pdb	19.290	31.967	0.0104167	48.875
swarm_1_175.pdb	14.988	26.226	0.0104167	48.468
swarm_0_65.pdb	19.053	27.135	0	47.612
swarm_9_180.pdb	20.469	35.335	0	46.480
swarm_6_23.pdb	10.382	24.570	0.09375	45.538
swarm_3_87.pdb	22.061	36.754	0	43.761
swarm_7_105.pdb	9.715	19.353	0.0729167	41.622
swarm_2_143.pdb	17.882	29.058	0	41.552
swarm_6_98.pdb	19.349	32.530	0.0104167	41.509
swarm_9_29.pdb	4.137	11.554	0.3125	39.454
swarm_1_121.pdb	19.441	29.380	0	38.631
swarm_6_197.pdb	20.347	29.398	0	36.966
swarm_2_184.pdb	20.837	36.309	0	36.048
swarm_0_158.pdb	20.759	31.629	0	34.609
swarm_5_114.pdb	19.123	34.609	0.03125	33.912
swarm_7_10.pdb	20.447	34.752	0	33.285
swarm_1_16.pdb	15.120	24.854	0.0625	30.785
swarm_0_157.pdb	20.729	35.514	0.03125	29.212
swarm_6_122.pdb	17.045	28.495	0.03125	29.063
swarm_2_124.pdb	7.174	22.750	0.0104167	28.708
swarm_4_40.pdb	17.148	28.318	0	16.908
swarm_4_47.pdb	19.084	32.356	0.0208333	15.051
swarm_8_191.pdb	19.173	32.821	0.0104167	12.750
swarm_0_129.pdb	18.483	28.064	0	9.834
swarm_3_118.pdb	18.112	35.335	0	9.116
