swarm_30_143.pdb	16.254	31.774	0	45.383
swarm_28_156.pdb	14.145	23.157	0.0104167	42.361
swarm_66_188.pdb	15.120	25.936	0	42.067
swarm_40_134.pdb	18.965	30.898	0	40.952
swarm_11_192.pdb	19.943	33.415	0.0416667	40.257
swarm_2_137.pdb	13.304	25.653	0	40.185
swarm_66_142.pdb	7.452	11.978	0.0625	39.868
swarm_34_91.pdb	18.024	30.616	0	39.294
swarm_22_55.pdb	5.679	11.443	0.239583	38.541
swarm_61_7.pdb	17.163	33.285	0.03125	37.976
swarm_13_139.pdb	7.664	14.983	0.09375	37.863
swarm_34_163.pdb	19.067	31.204	0	37.831
swarm_40_194.pdb	15.178	27.251	0.0208333	37.564
swarm_22_39.pdb	17.709	30.987	0	37.397
swarm_65_13.pdb	22.203	35.174	0	36.811
swarm_22_186.pdb	14.929	27.862	0	36.368
swarm_28_18.pdb	19.510	31.489	0.0625	35.626
swarm_49_61.pdb	6.802	13.399	0.166667	35.530
swarm_22_158.pdb	20.033	32.430	0	35.228
swarm_27_116.pdb	26.644	46.105	0	34.378
swarm_28_123.pdb	17.789	30.300	0.0104167	34.076
swarm_25_118.pdb	9.066	16.701	0.09375	33.932
swarm_26_192.pdb	24.074	38.737	0.0520833	33.726
swarm_44_0.pdb	19.911	29.034	0	33.668
swarm_30_75.pdb	18.490	30.312	0	33.473
swarm_14_60.pdb	19.062	33.087	0	33.055
swarm_1_61.pdb	22.489	36.414	0.0520833	32.971
swarm_14_33.pdb	20.213	34.233	0	32.911
swarm_16_22.pdb	19.126	36.686	0	32.894
swarm_21_155.pdb	20.633	34.675	0.0208333	32.486
swarm_63_62.pdb	21.884	32.341	0	31.493
swarm_40_149.pdb	14.889	25.770	0	31.348
swarm_33_1.pdb	11.685	20.174	0.09375	30.455
swarm_14_1.pdb	19.873	34.186	0.0104167	30.343
swarm_15_189.pdb	20.028	34.415	0	29.971
swarm_66_11.pdb	8.257	11.741	0.0104167	29.845
swarm_49_42.pdb	17.140	27.125	0	29.679
swarm_58_181.pdb	11.863	21.295	0.0729167	29.660
swarm_40_10.pdb	21.221	34.358	0.0104167	29.597
swarm_9_12.pdb	16.378	42.035	0	29.562
swarm_25_147.pdb	18.896	30.010	0	29.534
swarm_9_48.pdb	24.828	41.335	0.03125	29.519
swarm_63_24.pdb	21.652	33.855	0.0208333	29.263
swarm_58_26.pdb	13.482	26.064	0.0520833	29.075
swarm_50_72.pdb	20.792	37.254	0	28.985
swarm_61_182.pdb	5.093	7.743	0.104167	28.870
swarm_13_79.pdb	18.551	29.481	0	28.866
swarm_51_22.pdb	16.115	54.724	0	28.835
swarm_57_67.pdb	21.386	38.551	0	28.517
swarm_61_192.pdb	21.022	37.855	0.0208333	28.424
swarm_14_120.pdb	20.005	32.481	0	28.289
swarm_23_19.pdb	14.939	40.221	0	28.244
swarm_2_111.pdb	20.800	35.239	0.03125	28.226
swarm_5_20.pdb	19.510	41.277	0	28.198
swarm_22_89.pdb	19.792	32.884	0.03125	28.103
swarm_46_151.pdb	21.064	44.511	0	28.012
swarm_15_88.pdb	19.810	37.327	0.03125	27.916
swarm_33_60.pdb	19.369	39.680	0	27.809
swarm_27_146.pdb	13.719	32.731	0.0729167	27.704
swarm_12_84.pdb	24.732	46.146	0	27.668
swarm_63_85.pdb	21.742	31.079	0	27.648
swarm_18_198.pdb	14.051	40.205	0	27.594
swarm_3_115.pdb	18.395	29.544	0.0208333	27.348
swarm_23_61.pdb	21.498	42.368	0.0416667	27.121
swarm_28_116.pdb	5.943	13.331	0.114583	27.086
swarm_16_66.pdb	19.479	35.638	0	26.736
swarm_1_84.pdb	18.358	34.300	0	26.538
swarm_50_113.pdb	24.879	41.369	0.03125	26.457
swarm_1_185.pdb	22.659	38.589	0.0208333	26.353
swarm_58_97.pdb	18.419	36.039	0	26.311
swarm_15_174.pdb	15.132	34.359	0	25.942
swarm_26_191.pdb	22.605	36.625	0.0208333	25.884
swarm_28_161.pdb	19.150	31.297	0	25.842
swarm_1_91.pdb	23.674	38.444	0.03125	25.695
swarm_15_192.pdb	20.558	36.639	0	25.460
swarm_14_12.pdb	10.017	19.994	0.0729167	25.330
swarm_35_179.pdb	24.338	43.848	0	25.293
swarm_33_119.pdb	8.326	26.205	0.0416667	25.244
swarm_9_4.pdb	23.000	39.445	0	24.974
swarm_8_172.pdb	14.286	43.385	0	24.916
swarm_16_113.pdb	21.767	42.109	0.0416667	24.821
swarm_31_128.pdb	24.038	51.737	0	24.803
swarm_25_89.pdb	18.916	31.851	0.0416667	24.798
swarm_25_117.pdb	19.893	31.912	0.0729167	24.754
swarm_58_123.pdb	18.725	31.200	0.09375	24.753
swarm_57_195.pdb	24.400	47.273	0	24.651
swarm_58_184.pdb	18.961	29.698	0	24.407
swarm_27_100.pdb	10.699	30.331	0.0208333	24.379
swarm_3_151.pdb	16.461	27.144	0.0104167	24.185
swarm_50_178.pdb	20.754	37.021	0	24.085
swarm_26_89.pdb	22.093	36.945	0	24.052
swarm_3_168.pdb	16.742	28.669	0.03125	23.872
swarm_26_155.pdb	22.502	35.954	0	23.843
swarm_28_143.pdb	18.839	30.692	0	23.839
swarm_27_57.pdb	11.982	29.989	0	23.826
swarm_22_153.pdb	15.461	31.071	0.0416667	23.778
swarm_27_36.pdb	14.858	31.046	0	23.763
swarm_12_29.pdb	20.375	40.435	0	23.620
swarm_1_99.pdb	21.524	39.298	0	23.526
swarm_23_17.pdb	15.248	33.962	0	23.450
swarm_5_110.pdb	24.744	48.949	0.03125	23.448
swarm_23_142.pdb	21.847	36.644	0	23.423
swarm_41_177.pdb	14.919	46.504	0	23.312
swarm_33_128.pdb	18.866	31.987	0	23.171
swarm_26_119.pdb	10.743	24.112	0.0729167	23.081
swarm_27_34.pdb	20.760	35.925	0.0208333	23.054
swarm_63_86.pdb	5.557	13.652	0.1875	22.973
swarm_3_87.pdb	19.707	31.844	0.0416667	22.905
swarm_4_31.pdb	25.371	43.959	0.0104167	22.834
swarm_58_3.pdb	12.016	25.082	0.0625	22.832
swarm_15_186.pdb	20.131	40.210	0	22.761
swarm_18_171.pdb	16.503	35.861	0	22.731
swarm_18_11.pdb	16.901	38.986	0	22.601
swarm_22_31.pdb	22.309	33.640	0	22.519
swarm_65_107.pdb	24.803	39.823	0	22.439
swarm_28_125.pdb	12.135	22.380	0	22.313
swarm_5_184.pdb	18.338	38.479	0	22.043
swarm_26_94.pdb	24.547	40.574	0	21.703
swarm_60_35.pdb	12.698	37.095	0	21.523
swarm_23_15.pdb	20.457	44.530	0	21.464
swarm_63_181.pdb	21.690	32.905	0	21.450
swarm_9_154.pdb	17.814	43.021	0	21.389
swarm_61_105.pdb	10.225	21.003	0	21.362
swarm_16_138.pdb	22.580	39.783	0	21.085
swarm_25_126.pdb	4.483	11.107	0.239583	20.963
swarm_1_29.pdb	24.106	39.499	0	20.959
swarm_46_13.pdb	13.725	47.938	0	20.895
swarm_50_151.pdb	24.165	46.029	0	20.799
swarm_34_36.pdb	19.560	33.670	0	20.614
swarm_21_183.pdb	21.305	34.199	0	20.614
swarm_14_20.pdb	14.560	28.509	0.0104167	20.149
swarm_26_118.pdb	21.392	39.038	0	20.122
swarm_58_30.pdb	19.895	34.289	0	20.061
swarm_15_58.pdb	20.766	32.836	0	20.006
swarm_58_72.pdb	22.800	36.128	0	19.988
swarm_27_104.pdb	24.044	45.168	0.0104167	19.915
swarm_8_94.pdb	22.839	49.665	0	19.865
swarm_5_38.pdb	16.301	34.942	0	19.811
swarm_25_166.pdb	20.994	32.137	0	19.802
swarm_22_159.pdb	22.113	34.233	0	19.770
swarm_12_47.pdb	13.758	33.692	0	19.744
swarm_16_194.pdb	24.076	45.352	0.0208333	19.619
swarm_1_162.pdb	21.375	38.091	0.0208333	19.584
swarm_14_198.pdb	9.408	21.522	0.03125	19.584
swarm_5_78.pdb	20.531	43.730	0	19.572
swarm_12_3.pdb	11.750	34.196	0	19.509
swarm_4_49.pdb	28.942	50.193	0	19.217
swarm_33_69.pdb	16.546	32.457	0	19.154
swarm_58_121.pdb	17.785	31.920	0.0104167	19.144
swarm_17_155.pdb	14.714	36.925	0	18.796
swarm_58_21.pdb	12.724	26.222	0.0104167	18.692
swarm_58_180.pdb	20.365	34.241	0	18.520
swarm_34_139.pdb	20.761	39.219	0	18.423
swarm_4_132.pdb	25.938	48.492	0	18.422
swarm_61_159.pdb	20.235	34.298	0	18.352
swarm_4_151.pdb	24.100	46.943	0	18.198
swarm_30_136.pdb	13.687	26.082	0.0208333	18.170
swarm_31_75.pdb	13.244	45.072	0.03125	18.163
swarm_34_120.pdb	21.617	40.309	0	18.090
swarm_25_178.pdb	7.597	20.149	0.0104167	18.050
swarm_60_12.pdb	15.690	36.765	0	18.017
swarm_58_191.pdb	19.300	33.767	0	17.735
swarm_34_126.pdb	21.645	37.178	0	17.516
swarm_60_98.pdb	15.804	40.841	0	17.414
swarm_27_151.pdb	19.856	36.100	0	17.342
swarm_14_90.pdb	21.759	38.264	0	17.342
swarm_60_58.pdb	21.867	47.285	0.0208333	17.302
swarm_4_158.pdb	15.984	40.796	0.0520833	17.229
swarm_9_21.pdb	18.030	34.593	0	17.226
swarm_15_173.pdb	23.714	42.614	0	17.077
swarm_15_68.pdb	23.886	40.756	0.0104167	17.063
swarm_23_43.pdb	20.153	41.449	0.03125	17.036
swarm_1_106.pdb	11.942	30.980	0	16.869
swarm_1_117.pdb	19.811	33.795	0	16.826
swarm_33_97.pdb	19.271	41.367	0.0208333	16.796
swarm_25_6.pdb	18.401	29.510	0.0104167	16.749
swarm_27_195.pdb	22.963	43.428	0	16.176
swarm_65_7.pdb	20.138	38.558	0.0416667	15.683
swarm_11_19.pdb	20.274	33.598	0	15.594
swarm_14_157.pdb	20.787	33.422	0	15.579
swarm_1_83.pdb	20.436	37.376	0	15.011
swarm_23_13.pdb	22.937	40.822	0	14.843
swarm_23_83.pdb	21.099	42.697	0	14.800
swarm_58_188.pdb	21.799	37.109	0	14.664
swarm_14_94.pdb	24.496	39.951	0	14.490
swarm_47_113.pdb	24.582	37.381	0	14.331
swarm_58_9.pdb	21.327	35.693	0	13.946
swarm_25_140.pdb	25.140	38.304	0	13.891
swarm_54_173.pdb	13.300	27.120	0.0625	13.874
swarm_28_85.pdb	15.955	27.735	0	13.613
swarm_65_166.pdb	13.577	28.041	0.0729167	11.948
swarm_40_70.pdb	14.705	23.932	0	9.259
swarm_15_107.pdb	18.363	34.863	0.0520833	6.392
swarm_41_56.pdb	15.486	43.556	0.0416667	5.049
swarm_41_16.pdb	21.509	42.867	0	4.672
swarm_40_98.pdb	8.623	13.655	0	0.552
