swarm_12_71.pdb	12.335	40.633	0	45.074
swarm_15_78.pdb	11.139	27.144	0.0169492	43.607
swarm_19_62.pdb	13.556	38.738	0	41.281
swarm_50_59.pdb	14.992	42.186	0	38.373
swarm_51_157.pdb	14.075	38.873	0	38.111
swarm_53_98.pdb	16.142	39.332	0	36.853
swarm_24_29.pdb	13.929	27.822	0	36.202
swarm_38_170.pdb	13.119	27.459	0	35.017
swarm_20_63.pdb	11.650	23.405	0	34.381
swarm_60_131.pdb	13.626	41.088	0	34.331
swarm_38_83.pdb	14.908	29.425	0	34.331
swarm_35_46.pdb	12.030	36.135	0.0508475	34.318
swarm_61_124.pdb	12.936	45.977	0	34.137
swarm_38_50.pdb	16.687	31.054	0	33.903
swarm_35_122.pdb	11.931	36.633	0.0508475	33.714
swarm_10_165.pdb	15.744	30.879	0	33.620
swarm_36_8.pdb	10.880	39.914	0	33.580
swarm_2_96.pdb	8.549	31.938	0.0508475	33.430
swarm_38_45.pdb	9.153	26.096	0.0338983	32.962
swarm_45_196.pdb	16.022	40.382	0	32.903
swarm_15_54.pdb	12.902	24.223	0	32.700
swarm_38_77.pdb	12.728	29.649	0.0169492	32.482
swarm_61_85.pdb	14.590	41.777	0.0677966	32.014
swarm_36_0.pdb	13.699	42.294	0.0338983	31.973
swarm_39_9.pdb	19.990	41.647	0	31.776
swarm_45_120.pdb	15.383	34.588	0	31.556
swarm_40_51.pdb	10.674	29.159	0.0169492	31.443
swarm_6_153.pdb	12.432	31.693	0	31.199
swarm_42_100.pdb	13.692	39.727	0	31.163
swarm_30_40.pdb	15.387	28.145	0	30.772
swarm_60_111.pdb	15.635	37.309	0	30.723
swarm_62_121.pdb	17.544	30.956	0	30.661
swarm_34_97.pdb	13.219	37.027	0	30.575
swarm_10_185.pdb	17.789	29.545	0	30.552
swarm_14_32.pdb	13.315	23.913	0	30.410
swarm_61_16.pdb	15.978	46.569	0	29.881
swarm_1_189.pdb	15.418	37.534	0	29.718
swarm_23_11.pdb	14.136	36.399	0	29.654
swarm_62_39.pdb	13.909	50.539	0.0847458	29.626
swarm_14_19.pdb	12.514	24.252	0	29.612
swarm_28_179.pdb	14.194	33.833	0	29.464
swarm_48_54.pdb	16.807	31.656	0	29.235
swarm_27_53.pdb	14.400	38.299	0	29.022
swarm_36_161.pdb	11.184	27.798	0.0169492	28.982
swarm_36_42.pdb	14.458	40.932	0	28.843
swarm_39_132.pdb	13.082	29.027	0.0338983	28.701
swarm_36_43.pdb	8.768	37.481	0	28.597
swarm_28_167.pdb	12.793	27.657	0	28.558
swarm_28_144.pdb	15.316	30.987	0	28.483
swarm_34_111.pdb	15.517	43.805	0	28.434
swarm_38_67.pdb	16.076	28.913	0	28.383
swarm_33_193.pdb	14.925	26.527	0	28.301
swarm_14_173.pdb	18.010	33.865	0	28.142
swarm_26_199.pdb	12.513	29.155	0.0338983	28.126
swarm_52_18.pdb	19.884	37.245	0	28.119
swarm_20_126.pdb	12.687	23.374	0	28.119
swarm_52_37.pdb	12.690	25.909	0.0169492	28.027
swarm_18_190.pdb	15.311	30.761	0	28.010
swarm_35_123.pdb	16.956	39.377	0	27.988
swarm_14_57.pdb	11.816	28.607	0	27.968
swarm_10_38.pdb	13.732	25.586	0	27.883
swarm_7_60.pdb	14.135	41.320	0	27.843
swarm_59_77.pdb	14.809	32.126	0	27.814
swarm_2_59.pdb	14.321	27.487	0	27.716
swarm_24_13.pdb	16.715	36.637	0	27.664
swarm_60_106.pdb	16.994	39.614	0	27.579
swarm_69_139.pdb	12.729	28.147	0	27.514
swarm_39_10.pdb	13.150	34.613	0	27.510
swarm_63_35.pdb	14.774	44.371	0	27.466
swarm_40_84.pdb	11.988	22.330	0.0169492	27.335
swarm_39_129.pdb	21.087	43.673	0	27.320
swarm_15_9.pdb	10.689	24.135	0	27.272
swarm_30_100.pdb	9.878	22.129	0.0169492	27.196
swarm_52_131.pdb	12.193	25.585	0	27.151
swarm_46_96.pdb	11.880	21.675	0	27.077
swarm_52_11.pdb	11.206	33.794	0	27.015
swarm_30_75.pdb	15.791	27.348	0	26.883
swarm_35_117.pdb	14.620	43.669	0	26.837
swarm_24_193.pdb	18.658	32.243	0	26.829
swarm_30_183.pdb	12.782	23.765	0	26.779
swarm_46_164.pdb	11.713	30.988	0	26.756
swarm_23_63.pdb	13.031	48.122	0.0338983	26.629
swarm_40_160.pdb	15.247	39.778	0	26.612
swarm_34_128.pdb	14.729	45.701	0.0169492	26.588
swarm_43_64.pdb	13.467	36.374	0	26.409
swarm_33_118.pdb	12.457	33.989	0	26.385
swarm_53_130.pdb	14.468	52.042	0.101695	26.353
swarm_36_91.pdb	13.799	35.023	0	26.307
swarm_21_88.pdb	12.858	34.306	0	26.254
swarm_13_176.pdb	11.723	21.804	0	26.188
swarm_33_169.pdb	13.342	36.183	0.0169492	26.149
swarm_48_59.pdb	19.002	55.318	0	26.073
swarm_21_108.pdb	12.921	36.744	0	26.051
swarm_20_36.pdb	11.185	18.182	0	26.007
swarm_48_88.pdb	11.888	31.052	0	25.988
swarm_62_192.pdb	16.169	25.952	0	25.912
swarm_15_31.pdb	16.985	25.310	0	25.891
swarm_33_161.pdb	9.709	31.834	0.118644	25.878
swarm_12_181.pdb	12.455	40.940	0.0677966	25.866
swarm_21_87.pdb	13.488	28.842	0	25.854
swarm_2_145.pdb	15.838	38.166	0.0169492	25.833
swarm_62_170.pdb	15.304	33.168	0	25.753
swarm_41_3.pdb	17.166	32.452	0	25.738
swarm_59_40.pdb	18.914	47.130	0	25.704
swarm_28_184.pdb	9.765	24.492	0	25.700
swarm_31_71.pdb	13.866	34.477	0.0169492	25.685
swarm_63_73.pdb	14.127	37.191	0	25.680
swarm_51_113.pdb	15.186	52.176	0	25.637
swarm_38_3.pdb	18.161	30.106	0	25.561
swarm_14_126.pdb	14.991	29.927	0	25.463
swarm_39_64.pdb	18.057	37.564	0	25.424
swarm_44_29.pdb	13.022	36.037	0.0338983	25.420
swarm_61_181.pdb	17.838	47.806	0	25.357
swarm_10_61.pdb	18.407	37.267	0	25.331
swarm_38_52.pdb	15.276	25.486	0.0338983	25.281
swarm_27_171.pdb	17.983	33.800	0	25.167
swarm_14_132.pdb	15.693	34.297	0.0169492	25.097
swarm_39_152.pdb	11.719	25.881	0.0169492	24.880
swarm_14_35.pdb	12.477	32.412	0.0847458	24.765
swarm_7_171.pdb	10.240	39.201	0.0847458	24.763
swarm_36_149.pdb	11.694	30.105	0	24.729
swarm_19_78.pdb	16.497	41.740	0	24.678
swarm_2_169.pdb	17.295	35.656	0	24.676
swarm_14_43.pdb	10.857	25.096	0	24.676
swarm_46_105.pdb	17.366	33.352	0	24.619
swarm_19_22.pdb	13.719	37.049	0	24.570
swarm_44_17.pdb	18.930	32.957	0	24.559
swarm_28_4.pdb	11.458	31.874	0	24.523
swarm_40_3.pdb	13.790	21.329	0	24.391
swarm_49_60.pdb	19.899	44.159	0	24.370
swarm_15_32.pdb	18.150	34.732	0	24.282
swarm_40_16.pdb	14.694	38.019	0.0338983	24.259
swarm_38_172.pdb	14.399	25.422	0	24.104
swarm_10_164.pdb	11.224	24.549	0	24.047
swarm_5_87.pdb	10.664	22.519	0	23.950
swarm_30_34.pdb	17.819	31.906	0	23.905
swarm_32_140.pdb	13.572	26.419	0	23.884
swarm_28_107.pdb	13.824	36.849	0.118644	23.878
swarm_15_9.pdb	13.988	30.500	0.0677966	23.853
swarm_13_16.pdb	10.422	26.685	0	23.791
swarm_2_77.pdb	7.478	21.839	0.0169492	23.741
swarm_47_162.pdb	13.764	42.909	0	23.694
swarm_28_197.pdb	13.135	23.835	0.0169492	23.509
swarm_32_24.pdb	17.552	32.940	0	23.506
swarm_31_23.pdb	10.900	31.843	0	23.479
swarm_60_161.pdb	11.919	42.194	0	23.417
swarm_32_187.pdb	16.449	36.180	0	23.397
swarm_4_170.pdb	20.359	40.347	0	23.389
swarm_1_149.pdb	17.912	36.589	0	23.356
swarm_36_31.pdb	12.450	35.375	0	23.342
swarm_1_57.pdb	12.248	26.997	0	23.241
swarm_4_85.pdb	10.894	44.219	0.0847458	23.227
swarm_12_128.pdb	12.629	49.385	0.0338983	23.130
swarm_14_139.pdb	10.373	27.416	0	23.086
swarm_22_108.pdb	16.695	29.356	0	23.024
swarm_16_53.pdb	14.903	23.943	0	23.013
swarm_41_131.pdb	13.713	21.492	0	23.005
swarm_21_11.pdb	12.974	29.484	0.0169492	22.980
swarm_6_138.pdb	11.878	35.455	0.0338983	22.909
swarm_36_196.pdb	12.534	35.768	0	22.808
swarm_22_158.pdb	12.983	42.080	0	22.797
swarm_6_66.pdb	13.759	35.913	0.0169492	22.778
swarm_30_178.pdb	11.874	31.960	0.0338983	22.734
swarm_49_25.pdb	19.862	35.852	0	22.729
swarm_40_87.pdb	13.001	38.302	0	22.723
swarm_26_15.pdb	14.074	21.362	0	22.710
swarm_20_152.pdb	13.745	26.737	0	22.704
swarm_36_12.pdb	7.493	28.832	0.0508475	22.687
swarm_35_93.pdb	12.332	39.706	0.0847458	22.680
swarm_6_55.pdb	13.214	35.524	0	22.646
swarm_52_178.pdb	12.197	31.563	0	22.628
swarm_11_69.pdb	15.396	27.309	0.0338983	22.605
swarm_4_177.pdb	16.864	40.276	0	22.570
swarm_30_55.pdb	14.110	25.373	0.0338983	22.562
swarm_42_47.pdb	17.824	36.986	0	22.453
swarm_52_32.pdb	17.675	30.562	0	22.425
swarm_29_181.pdb	9.978	45.083	0.0508475	22.266
swarm_40_160.pdb	16.592	32.911	0	22.236
swarm_40_61.pdb	16.478	31.082	0	22.234
swarm_63_131.pdb	19.253	40.887	0	22.229
swarm_60_85.pdb	14.759	40.531	0	22.097
swarm_52_152.pdb	13.672	30.416	0	22.094
swarm_15_150.pdb	13.405	26.019	0	22.088
swarm_13_109.pdb	13.759	35.709	0	22.036
swarm_21_72.pdb	12.379	37.707	0.0169492	22.032
swarm_48_52.pdb	14.155	25.244	0.0508475	21.993
swarm_41_141.pdb	12.616	27.270	0	21.968
swarm_58_42.pdb	15.926	42.916	0	21.927
swarm_21_117.pdb	20.022	39.229	0	21.870
swarm_15_28.pdb	11.128	24.384	0	21.863
swarm_6_10.pdb	6.759	17.854	0.0508475	21.836
swarm_15_110.pdb	16.005	26.482	0.0338983	21.816
swarm_14_85.pdb	14.305	25.559	0	21.741
swarm_10_162.pdb	15.054	25.881	0	21.723
swarm_11_147.pdb	15.884	29.885	0	21.699
swarm_36_179.pdb	14.340	31.648	0.101695	21.533
swarm_61_38.pdb	20.391	42.613	0	21.483
swarm_15_111.pdb	14.746	30.770	0.0169492	21.476
swarm_16_138.pdb	11.942	27.300	0	21.461
swarm_30_47.pdb	19.997	33.638	0	21.439
swarm_41_73.pdb	12.991	27.889	0	21.416
swarm_46_160.pdb	18.545	31.978	0.0677966	21.379
swarm_46_95.pdb	17.227	24.929	0	21.359
swarm_31_45.pdb	8.000	27.994	0.0338983	21.272
swarm_12_146.pdb	11.606	36.902	0.0169492	21.171
swarm_46_55.pdb	10.934	30.136	0	21.015
swarm_20_133.pdb	16.675	33.506	0	20.970
swarm_46_171.pdb	15.265	32.736	0.0338983	20.969
swarm_5_160.pdb	13.768	38.785	0.0338983	20.927
swarm_46_26.pdb	10.291	33.757	0.0508475	20.843
swarm_32_179.pdb	15.975	38.226	0	20.803
swarm_30_159.pdb	14.928	27.200	0	20.781
swarm_14_43.pdb	5.118	14.112	0.237288	20.694
swarm_30_92.pdb	18.718	36.744	0	20.691
swarm_35_94.pdb	9.165	38.808	0	20.678
swarm_28_15.pdb	7.176	22.780	0.0677966	20.560
swarm_12_115.pdb	13.899	40.726	0.0169492	20.433
swarm_52_74.pdb	18.719	28.940	0.0677966	20.359
swarm_24_41.pdb	15.626	28.815	0	20.358
swarm_41_101.pdb	6.320	23.038	0.0677966	20.348
swarm_39_127.pdb	15.288	44.221	0	20.304
swarm_41_59.pdb	12.247	39.155	0	20.269
swarm_36_139.pdb	14.300	40.209	0	20.236
swarm_14_26.pdb	16.611	30.121	0	20.186
swarm_49_183.pdb	13.056	45.003	0.0508475	20.183
swarm_29_194.pdb	14.563	43.934	0	20.153
swarm_46_5.pdb	17.465	24.190	0	20.043
swarm_23_20.pdb	15.060	40.074	0	19.955
swarm_6_57.pdb	11.941	28.530	0	19.948
swarm_7_96.pdb	12.609	36.167	0	19.912
swarm_35_120.pdb	9.976	35.162	0.0338983	19.865
swarm_41_162.pdb	18.256	30.727	0	19.844
swarm_24_115.pdb	5.714	12.131	0.0338983	19.836
swarm_15_136.pdb	16.573	27.400	0	19.784
swarm_46_88.pdb	10.125	30.538	0	19.775
swarm_19_32.pdb	15.623	40.031	0	19.767
swarm_39_128.pdb	19.492	39.521	0	19.683
swarm_0_47.pdb	8.626	27.747	0.0338983	19.656
swarm_41_95.pdb	15.163	32.146	0	19.477
swarm_62_184.pdb	9.030	31.444	0	19.457
swarm_41_29.pdb	12.857	39.476	0	19.449
swarm_29_12.pdb	12.519	35.887	0.0169492	19.266
swarm_24_125.pdb	15.131	28.358	0	19.110
swarm_1_123.pdb	12.043	47.673	0.0847458	19.104
swarm_14_111.pdb	7.592	21.363	0	19.056
swarm_16_143.pdb	17.994	32.302	0	19.043
swarm_20_142.pdb	15.448	29.986	0	18.965
swarm_32_89.pdb	17.804	34.292	0	18.836
swarm_20_118.pdb	16.706	26.674	0.0338983	18.794
swarm_42_37.pdb	17.301	29.560	0	18.581
swarm_46_152.pdb	11.864	33.782	0	18.561
swarm_61_188.pdb	12.506	45.463	0	18.480
swarm_60_187.pdb	16.974	44.978	0	18.337
swarm_16_126.pdb	12.208	31.206	0.0338983	18.283
swarm_21_170.pdb	15.781	29.907	0	18.271
swarm_53_131.pdb	19.826	34.961	0	18.136
swarm_49_112.pdb	15.433	48.332	0	18.088
swarm_22_115.pdb	13.872	47.344	0	18.056
swarm_64_169.pdb	16.813	30.848	0	17.723
swarm_38_60.pdb	14.469	29.140	0	17.505
swarm_37_80.pdb	18.130	43.017	0	17.504
swarm_41_193.pdb	9.985	31.310	0.0677966	17.032
swarm_40_60.pdb	13.780	33.749	0	16.722
swarm_39_168.pdb	10.876	39.430	0.0169492	16.482
swarm_15_154.pdb	14.728	29.881	0.0508475	16.387
swarm_15_177.pdb	13.943	29.886	0	16.281
swarm_43_110.pdb	15.143	49.994	0	16.242
swarm_33_157.pdb	14.854	47.435	0.0169492	16.180
swarm_22_6.pdb	13.881	46.525	0	16.171
swarm_14_10.pdb	8.147	23.629	0.0847458	16.014
swarm_19_80.pdb	9.098	36.335	0.0508475	16.004
swarm_38_197.pdb	16.926	31.265	0	15.886
swarm_7_94.pdb	18.722	36.235	0	15.492
swarm_20_82.pdb	18.214	34.731	0	15.484
swarm_43_69.pdb	16.238	39.008	0	15.424
swarm_15_156.pdb	15.632	29.069	0	14.787
swarm_16_150.pdb	15.091	32.693	0	14.228
swarm_42_131.pdb	10.798	36.423	0.0338983	13.752
swarm_49_86.pdb	17.035	41.980	0	13.609
swarm_6_156.pdb	8.013	25.300	0.101695	13.515
swarm_32_165.pdb	15.366	36.208	0	13.194
swarm_38_128.pdb	12.750	24.654	0	13.074
swarm_10_139.pdb	16.017	36.445	0	12.465
swarm_6_27.pdb	17.922	35.665	0	12.388
swarm_11_49.pdb	14.444	27.371	0	12.322
swarm_63_38.pdb	19.222	36.401	0	12.081
swarm_51_163.pdb	17.354	39.080	0	11.983
swarm_32_170.pdb	12.454	37.172	0.0338983	11.926
swarm_24_91.pdb	18.183	30.868	0	11.876
swarm_49_131.pdb	14.112	46.774	0	11.103
swarm_59_64.pdb	16.987	42.675	0	11.032
swarm_14_18.pdb	4.951	16.978	0.169492	10.933
swarm_10_72.pdb	9.382	32.687	0	10.544
swarm_35_145.pdb	11.464	33.384	0.0169492	10.543
swarm_59_76.pdb	16.539	50.695	0.0677966	10.346
swarm_40_1.pdb	14.517	23.428	0	9.810
swarm_21_52.pdb	14.081	22.464	0	7.171
swarm_19_31.pdb	18.380	50.819	0	7.133
swarm_21_142.pdb	7.189	30.950	0.169492	6.296
swarm_28_37.pdb	15.352	32.010	0	6.261
swarm_16_88.pdb	17.280	34.686	0	5.836
swarm_0_158.pdb	16.911	31.133	0	5.407
swarm_35_134.pdb	16.552	28.942	0	5.269
swarm_15_168.pdb	15.507	23.437	0	2.067
swarm_55_102.pdb	15.378	54.514	0	1.838
