swarm_131_92.pdb	14.972	37.564	0	25.566
swarm_291_164.pdb	20.693	36.877	0	22.222
swarm_234_56.pdb	14.263	37.701	0.0285714	21.522
swarm_305_180.pdb	13.656	44.270	0	21.393
swarm_313_176.pdb	14.826	29.869	0	21.303
swarm_285_54.pdb	14.595	28.388	0	21.246
swarm_291_151.pdb	14.926	25.680	0	21.070
swarm_39_101.pdb	16.881	40.417	0	20.748
swarm_275_44.pdb	15.148	34.868	0	20.623
swarm_37_78.pdb	18.748	42.534	0	20.422
swarm_240_117.pdb	14.829	37.295	0	20.392
swarm_123_58.pdb	11.070	45.006	0	20.089
swarm_305_154.pdb	14.774	48.658	0.114286	19.655
swarm_296_15.pdb	4.872	23.607	0.142857	19.545
swarm_228_173.pdb	15.159	33.268	0	19.441
swarm_222_73.pdb	14.330	60.240	0.114286	19.343
swarm_198_94.pdb	10.057	39.284	0	19.270
swarm_85_164.pdb	14.817	39.780	0.171429	19.267
swarm_285_124.pdb	14.395	32.589	0.0285714	19.235
swarm_275_27.pdb	14.702	46.857	0.0571429	19.065
swarm_314_94.pdb	14.376	27.587	0	19.045
swarm_293_84.pdb	17.491	33.168	0	18.953
swarm_258_46.pdb	14.433	62.007	0.0857143	18.898
swarm_238_60.pdb	10.267	21.907	0	18.735
swarm_271_62.pdb	8.602	34.733	0	18.669
swarm_243_37.pdb	16.617	30.742	0	18.587
swarm_296_145.pdb	4.471	13.701	0.114286	18.563
swarm_29_175.pdb	18.336	38.980	0	18.516
swarm_164_109.pdb	7.661	32.072	0	18.497
swarm_133_135.pdb	7.953	27.301	0	18.362
swarm_302_77.pdb	19.215	44.850	0	18.348
swarm_77_110.pdb	14.332	51.225	0.114286	18.177
swarm_293_42.pdb	14.726	26.736	0	18.111
swarm_104_194.pdb	13.174	27.285	0.0571429	18.072
swarm_240_150.pdb	14.315	35.894	0	18.004
swarm_300_158.pdb	14.838	58.138	0.171429	17.939
swarm_238_27.pdb	13.448	32.071	0.0571429	17.922
swarm_240_94.pdb	11.209	31.425	0	17.917
swarm_288_147.pdb	4.814	13.464	0.2	17.878
swarm_285_122.pdb	5.385	22.899	0.142857	17.854
swarm_240_8.pdb	18.941	38.736	0	17.822
swarm_37_9.pdb	12.911	39.327	0	17.750
swarm_292_187.pdb	10.073	40.189	0	17.736
swarm_275_96.pdb	13.713	44.143	0.0571429	17.687
swarm_22_60.pdb	18.754	42.608	0	17.667
swarm_314_21.pdb	15.295	29.870	0	17.659
swarm_133_173.pdb	18.608	40.203	0	17.652
swarm_238_69.pdb	20.012	36.899	0	17.399
swarm_398_144.pdb	11.952	41.235	0	17.392
swarm_314_67.pdb	15.426	27.874	0.0285714	17.362
swarm_328_27.pdb	14.994	53.658	0.0571429	17.357
swarm_247_36.pdb	11.711	44.707	0	17.353
swarm_29_141.pdb	16.930	32.729	0	17.282
swarm_139_25.pdb	14.305	32.318	0	17.220
swarm_222_85.pdb	15.706	62.118	0.0571429	17.204
swarm_148_32.pdb	5.713	25.351	0.142857	17.176
swarm_139_74.pdb	19.689	37.325	0	17.162
swarm_196_24.pdb	8.451	38.875	0	17.160
swarm_302_3.pdb	14.898	51.224	0.0571429	17.151
swarm_288_113.pdb	7.383	22.160	0	17.067
swarm_285_81.pdb	5.494	14.112	0.0857143	17.055
swarm_104_129.pdb	6.162	19.611	0.0857143	17.017
swarm_153_50.pdb	10.911	44.246	0	17.016
swarm_293_161.pdb	4.646	12.667	0.257143	16.948
swarm_243_100.pdb	15.659	32.745	0.0285714	16.943
swarm_244_0.pdb	11.844	39.893	0	16.918
swarm_104_107.pdb	20.677	35.071	0	16.893
swarm_304_17.pdb	14.266	55.144	0.0571429	16.861
swarm_151_74.pdb	9.745	22.712	0	16.861
swarm_196_107.pdb	10.679	47.506	0	16.860
swarm_93_184.pdb	8.232	33.731	0	16.832
swarm_369_21.pdb	12.190	29.494	0.114286	16.829
swarm_313_76.pdb	4.056	19.572	0.314286	16.821
swarm_281_25.pdb	10.124	23.633	0	16.794
swarm_284_132.pdb	8.813	37.239	0	16.784
swarm_294_27.pdb	21.368	36.380	0	16.728
swarm_275_39.pdb	14.428	43.193	0.114286	16.721
swarm_133_191.pdb	19.313	39.721	0	16.713
swarm_251_122.pdb	6.895	23.188	0	16.650
swarm_269_38.pdb	14.990	48.529	0.114286	16.606
swarm_28_164.pdb	13.182	46.131	0.114286	16.602
swarm_133_42.pdb	16.843	32.144	0	16.544
swarm_40_96.pdb	19.742	40.545	0	16.525
swarm_140_157.pdb	16.793	36.291	0	16.381
swarm_240_46.pdb	15.671	29.470	0	16.328
swarm_380_112.pdb	13.416	50.766	0.0857143	16.321
swarm_208_63.pdb	4.953	18.900	0.114286	16.315
swarm_291_135.pdb	2.371	7.545	0.571429	16.256
swarm_166_56.pdb	14.824	25.940	0	16.252
swarm_286_104.pdb	15.151	23.699	0	16.236
swarm_194_97.pdb	14.700	33.767	0.0571429	16.214
swarm_304_59.pdb	15.233	59.698	0.142857	16.200
swarm_293_159.pdb	20.192	36.971	0	16.168
swarm_297_117.pdb	7.288	31.155	0	16.097
swarm_234_97.pdb	19.010	39.291	0	16.087
swarm_136_23.pdb	16.656	69.929	0.0285714	16.076
swarm_288_159.pdb	14.593	28.245	0.0571429	15.997
swarm_208_60.pdb	4.200	14.659	0.2	15.930
swarm_139_137.pdb	18.785	39.753	0	15.889
swarm_41_172.pdb	4.915	20.084	0.171429	15.876
swarm_22_64.pdb	14.153	38.407	0	15.876
swarm_191_157.pdb	19.254	40.983	0	15.825
swarm_273_5.pdb	12.521	39.842	0	15.774
swarm_269_9.pdb	14.533	49.363	0.114286	15.771
swarm_282_94.pdb	10.657	32.582	0.0571429	15.768
swarm_352_184.pdb	10.131	48.489	0.0285714	15.738
swarm_369_105.pdb	5.072	11.354	0.114286	15.717
swarm_131_167.pdb	13.548	43.242	0.171429	15.680
swarm_117_15.pdb	13.278	61.124	0.0571429	15.661
swarm_333_155.pdb	4.581	11.765	0.114286	15.653
swarm_233_78.pdb	11.432	44.740	0	15.641
swarm_243_184.pdb	7.878	14.714	0	15.632
swarm_58_43.pdb	9.314	38.073	0	15.616
swarm_139_131.pdb	15.918	33.801	0	15.599
swarm_303_148.pdb	14.791	57.987	0.0285714	15.575
swarm_151_170.pdb	11.523	32.200	0.0571429	15.561
swarm_326_124.pdb	6.698	16.317	0.171429	15.558
swarm_164_125.pdb	6.193	23.133	0.0285714	15.547
swarm_271_195.pdb	14.185	46.221	0.0285714	15.541
swarm_198_98.pdb	11.565	38.314	0.0857143	15.534
swarm_123_95.pdb	14.951	62.505	0	15.523
swarm_377_110.pdb	8.978	44.605	0.114286	15.453
swarm_234_65.pdb	13.115	32.079	0	15.447
swarm_269_162.pdb	15.346	43.004	0	15.436
swarm_295_183.pdb	3.568	15.233	0.171429	15.434
swarm_194_148.pdb	5.953	18.151	0.0285714	15.420
swarm_286_97.pdb	2.462	7.457	0.4	15.402
swarm_234_75.pdb	14.286	31.347	0	15.395
swarm_140_4.pdb	17.441	33.065	0	15.368
swarm_285_179.pdb	17.760	36.366	0	15.304
swarm_333_100.pdb	7.800	22.115	0.314286	15.275
swarm_63_64.pdb	15.137	65.934	0.114286	15.201
swarm_139_130.pdb	6.837	28.439	0.0571429	15.185
swarm_41_44.pdb	15.838	26.401	0	15.160
swarm_191_36.pdb	14.152	46.112	0.0857143	15.050
swarm_85_130.pdb	7.587	39.170	0.0571429	15.027
swarm_148_63.pdb	18.729	37.948	0	15.025
swarm_139_100.pdb	19.021	36.197	0	14.969
swarm_194_171.pdb	20.389	36.288	0	14.955
swarm_271_12.pdb	12.051	43.146	0.114286	14.879
swarm_305_167.pdb	14.918	56.972	0.0285714	14.862
swarm_151_151.pdb	19.570	38.256	0	14.837
swarm_281_170.pdb	13.777	35.135	0.0857143	14.836
swarm_99_62.pdb	21.243	34.469	0	14.788
swarm_236_174.pdb	12.435	50.367	0.0285714	14.763
swarm_93_54.pdb	20.200	41.733	0	14.735
swarm_311_144.pdb	3.643	13.159	0.171429	14.720
swarm_93_53.pdb	8.407	24.817	0	14.648
swarm_93_150.pdb	20.676	35.874	0	14.638
swarm_236_186.pdb	13.146	49.964	0.0571429	14.618
swarm_26_119.pdb	6.493	30.964	0.0857143	14.604
swarm_41_66.pdb	11.175	29.542	0.0285714	14.577
swarm_313_192.pdb	7.021	25.520	0	14.577
swarm_194_38.pdb	10.647	24.704	0	14.568
swarm_39_3.pdb	20.579	36.383	0	14.538
swarm_83_102.pdb	18.098	37.313	0	14.526
swarm_275_186.pdb	6.172	25.699	0	14.503
swarm_271_29.pdb	10.141	41.823	0.0285714	14.493
swarm_93_125.pdb	7.577	28.619	0.0571429	14.472
swarm_108_79.pdb	7.848	30.842	0.0857143	14.469
swarm_262_7.pdb	14.850	60.291	0.0285714	14.421
swarm_148_33.pdb	5.099	16.905	0.228571	14.415
swarm_83_155.pdb	18.529	32.598	0	14.399
swarm_287_146.pdb	14.310	34.332	0.114286	14.385
swarm_37_124.pdb	12.870	42.864	0.0571429	14.373
swarm_253_161.pdb	8.529	33.964	0	14.372
swarm_230_139.pdb	18.815	41.265	0	14.325
swarm_131_169.pdb	14.387	52.753	0.0571429	14.303
swarm_230_11.pdb	4.995	22.705	0.342857	14.301
swarm_202_19.pdb	10.325	48.176	0.114286	14.282
swarm_244_31.pdb	11.235	43.660	0.114286	14.275
swarm_41_28.pdb	12.996	37.474	0.0571429	14.263
swarm_291_82.pdb	11.362	23.976	0	14.251
swarm_67_166.pdb	13.396	56.751	0.0571429	14.211
swarm_191_150.pdb	8.680	36.165	0	14.199
swarm_29_53.pdb	14.254	23.442	0	14.129
swarm_39_60.pdb	12.967	37.200	0.0857143	14.067
swarm_225_168.pdb	13.791	51.349	0.114286	14.052
swarm_238_172.pdb	9.452	18.215	0	14.046
swarm_270_157.pdb	10.158	41.295	0.0285714	14.041
swarm_151_114.pdb	16.121	28.189	0	14.036
swarm_300_197.pdb	15.492	58.651	0.0857143	14.014
swarm_140_90.pdb	10.685	40.810	0	14.009
swarm_191_116.pdb	13.675	46.709	0.0571429	14.005
swarm_140_91.pdb	12.769	42.737	0.114286	14.005
swarm_262_121.pdb	15.857	63.413	0.0285714	13.982
swarm_145_12.pdb	10.946	47.662	0	13.967
swarm_83_109.pdb	18.032	34.277	0	13.944
swarm_109_196.pdb	7.862	33.264	0.142857	13.927
swarm_104_112.pdb	15.568	26.640	0	13.927
swarm_314_31.pdb	4.171	19.027	0.228571	13.893
swarm_332_82.pdb	17.961	34.326	0	13.875
swarm_153_15.pdb	8.306	35.637	0	13.873
swarm_370_140.pdb	9.679	25.984	0	13.870
swarm_330_74.pdb	15.437	58.762	0.0285714	13.863
swarm_222_145.pdb	14.681	60.312	0.0285714	13.842
swarm_107_30.pdb	6.869	21.926	0.0285714	13.842
swarm_99_105.pdb	15.842	25.925	0	13.758
swarm_142_47.pdb	13.499	41.547	0.0285714	13.750
swarm_85_135.pdb	15.922	33.501	0	13.749
swarm_151_120.pdb	20.287	34.627	0	13.742
swarm_142_100.pdb	9.208	38.774	0	13.729
swarm_148_173.pdb	21.267	35.574	0	13.681
swarm_291_196.pdb	19.839	33.889	0	13.663
swarm_285_39.pdb	19.889	38.719	0	13.623
swarm_239_159.pdb	11.982	47.804	0.0571429	13.614
swarm_244_134.pdb	13.580	49.363	0.0571429	13.601
swarm_285_69.pdb	13.161	35.193	0.0285714	13.558
swarm_85_184.pdb	16.926	35.854	0	13.503
swarm_186_140.pdb	7.506	33.861	0.0285714	13.447
swarm_293_58.pdb	14.178	29.942	0.0285714	13.428
swarm_177_149.pdb	11.260	46.247	0.0285714	13.426
swarm_139_116.pdb	19.915	33.905	0	13.367
swarm_43_37.pdb	8.078	33.241	0.0857143	13.343
swarm_39_56.pdb	9.566	29.477	0.0571429	13.303
swarm_40_31.pdb	7.365	36.763	0.0285714	13.262
swarm_40_15.pdb	9.198	37.718	0.0857143	13.261
swarm_305_69.pdb	21.067	46.589	0	13.234
swarm_238_111.pdb	3.860	16.612	0.285714	13.099
swarm_226_61.pdb	13.176	52.585	0	13.033
swarm_187_46.pdb	16.269	70.736	0.0285714	13.019
swarm_28_62.pdb	19.384	36.384	0	12.991
swarm_375_20.pdb	17.235	74.965	0	12.903
swarm_285_12.pdb	17.226	27.900	0	12.897
swarm_131_18.pdb	21.410	43.188	0	12.838
swarm_17_193.pdb	14.463	55.753	0.0285714	12.808
swarm_285_174.pdb	13.685	35.225	0.0285714	12.807
swarm_239_165.pdb	11.980	47.173	0.114286	12.799
swarm_73_11.pdb	10.863	46.984	0.0857143	12.767
swarm_184_34.pdb	11.148	46.757	0.0571429	12.764
swarm_148_8.pdb	21.411	36.034	0	12.704
swarm_139_89.pdb	19.089	32.572	0	12.703
swarm_43_98.pdb	8.390	28.319	0.0571429	12.625
swarm_126_5.pdb	9.135	38.655	0.114286	12.612
swarm_234_49.pdb	18.908	42.220	0	12.588
swarm_108_107.pdb	15.151	36.329	0	12.581
swarm_354_78.pdb	9.199	39.353	0.0857143	12.546
swarm_55_66.pdb	8.634	32.112	0	12.542
swarm_232_79.pdb	12.735	45.138	0	12.533
swarm_85_62.pdb	20.749	38.627	0	12.411
swarm_275_34.pdb	19.787	38.537	0	12.322
swarm_48_115.pdb	7.063	30.949	0.0571429	12.282
swarm_93_94.pdb	20.680	39.738	0	12.236
swarm_52_29.pdb	9.295	24.898	0	12.207
swarm_43_190.pdb	11.184	36.724	0.0285714	12.163
swarm_183_33.pdb	8.021	36.206	0.0571429	12.104
swarm_276_1.pdb	7.049	27.043	0.0571429	12.037
swarm_162_181.pdb	6.543	17.285	0.0857143	11.907
swarm_293_157.pdb	21.792	36.664	0	11.889
swarm_287_167.pdb	4.811	15.953	0.114286	11.885
swarm_85_42.pdb	22.341	39.442	0	11.861
swarm_138_194.pdb	11.347	30.058	0.0857143	11.850
swarm_126_145.pdb	11.829	46.700	0.0571429	11.792
swarm_56_178.pdb	12.720	44.580	0	11.775
swarm_165_176.pdb	13.070	44.941	0.114286	11.775
swarm_22_55.pdb	15.155	41.490	0.0857143	11.764
swarm_305_79.pdb	13.287	51.105	0.0285714	11.753
swarm_293_3.pdb	21.669	36.014	0	11.736
swarm_138_189.pdb	21.451	38.575	0	11.731
swarm_148_99.pdb	17.456	29.668	0	11.724
swarm_234_81.pdb	15.167	36.212	0.0285714	11.699
swarm_370_42.pdb	11.878	33.630	0	11.691
swarm_169_109.pdb	12.865	59.752	0.0571429	11.629
swarm_244_77.pdb	13.360	42.982	0	11.609
swarm_151_179.pdb	22.136	35.742	0	11.564
swarm_281_36.pdb	10.748	28.918	0	11.437
swarm_138_137.pdb	11.542	28.824	0	11.435
swarm_123_165.pdb	13.682	49.485	0.0285714	11.389
swarm_205_100.pdb	11.989	49.799	0.0857143	11.338
swarm_53_43.pdb	8.340	29.763	0.0857143	11.322
swarm_187_69.pdb	16.643	70.972	0	11.254
swarm_271_120.pdb	9.812	39.404	0	11.162
swarm_194_77.pdb	21.749	35.057	0	10.995
swarm_376_150.pdb	15.386	61.000	0.0285714	10.926
swarm_234_92.pdb	12.290	31.629	0	10.923
swarm_22_138.pdb	7.571	36.775	0.171429	10.832
swarm_332_188.pdb	6.990	21.826	0.0285714	10.776
swarm_278_61.pdb	10.124	38.124	0.114286	10.735
swarm_285_87.pdb	17.590	31.966	0	10.715
swarm_85_17.pdb	6.248	19.173	0.0285714	10.677
swarm_151_154.pdb	15.788	31.257	0	10.597
swarm_285_49.pdb	17.054	32.730	0	10.541
swarm_55_119.pdb	9.175	37.660	0.114286	10.513
swarm_104_104.pdb	17.145	31.862	0	10.512
swarm_285_48.pdb	15.877	30.760	0	10.498
swarm_216_0.pdb	10.133	39.264	0	10.366
swarm_41_168.pdb	20.653	35.881	0	10.289
swarm_139_53.pdb	22.276	35.812	0	10.280
swarm_328_5.pdb	14.725	55.459	0	9.998
swarm_32_140.pdb	15.557	65.512	0	9.876
swarm_50_85.pdb	12.951	41.361	0	9.771
swarm_354_117.pdb	13.298	51.579	0	9.682
swarm_275_147.pdb	21.285	41.435	0	9.632
swarm_154_155.pdb	6.974	33.373	0	9.571
swarm_20_77.pdb	13.809	46.538	0	9.526
swarm_12_91.pdb	10.971	49.621	0	9.512
swarm_148_59.pdb	21.525	38.385	0	9.449
swarm_138_70.pdb	9.973	32.219	0.114286	9.221
swarm_291_107.pdb	19.748	32.610	0	9.069
swarm_139_105.pdb	13.272	39.240	0.0285714	9.033
swarm_139_65.pdb	21.644	37.267	0	8.940
swarm_177_173.pdb	10.067	45.721	0.0285714	8.934
swarm_275_158.pdb	11.441	43.952	0.0857143	8.490
swarm_26_162.pdb	8.132	36.633	0.0285714	8.116
swarm_131_141.pdb	13.424	50.304	0.0857143	7.790
swarm_191_199.pdb	20.463	47.685	0	7.542
swarm_140_106.pdb	13.158	36.586	0	7.518
swarm_293_102.pdb	20.924	34.573	0	6.594
swarm_184_195.pdb	8.832	39.713	0.0285714	6.589
swarm_243_56.pdb	17.673	35.210	0	4.514
swarm_332_47.pdb	7.886	30.979	0.0571429	1.772
swarm_115_152.pdb	13.035	59.357	0.0857143	1.314
