swarm_21_9.pdb	8.008	33.121	0	41.553
swarm_38_157.pdb	3.613	19.025	0.571429	39.002
swarm_55_150.pdb	4.164	21.227	0.114286	38.673
swarm_12_142.pdb	1.342	8.165	0.742857	37.910
swarm_24_141.pdb	7.585	30.073	0	36.725
swarm_35_146.pdb	3.306	17.336	0.457143	36.361
swarm_7_43.pdb	6.077	28.750	0.114286	36.289
swarm_39_170.pdb	1.695	6.717	0.542857	36.044
swarm_46_169.pdb	5.824	26.610	0.142857	35.773
swarm_25_65.pdb	8.259	35.673	0	35.550
swarm_24_154.pdb	8.459	37.622	0	34.481
swarm_5_87.pdb	7.885	40.044	0.0285714	34.399
swarm_48_129.pdb	4.672	21.135	0.2	34.009
swarm_12_199.pdb	1.572	4.657	0.542857	33.829
swarm_49_193.pdb	1.776	11.535	0.571429	33.785
swarm_10_149.pdb	8.142	36.952	0	33.728
swarm_14_13.pdb	3.626	19.418	0.428571	33.726
swarm_33_84.pdb	1.769	6.605	0.685714	33.416
swarm_1_93.pdb	3.173	15.210	0.571429	33.017
swarm_29_17.pdb	8.368	40.095	0	32.531
swarm_11_63.pdb	7.689	34.162	0	32.520
swarm_20_16.pdb	6.807	29.700	0.0857143	32.491
swarm_39_175.pdb	2.404	12.859	0.628571	32.230
swarm_35_44.pdb	6.544	21.663	0.0285714	31.659
swarm_51_78.pdb	1.114	4.040	0.657143	31.576
swarm_55_63.pdb	1.895	10.391	0.657143	31.188
swarm_28_71.pdb	7.021	30.905	0	30.956
swarm_8_146.pdb	6.690	33.352	0.0571429	30.755
swarm_36_22.pdb	2.863	16.487	0.542857	30.628
swarm_22_17.pdb	7.757	36.525	0	30.528
swarm_10_142.pdb	7.369	35.364	0	30.464
swarm_43_38.pdb	9.313	37.474	0	30.234
swarm_11_35.pdb	4.558	25.686	0.257143	30.134
swarm_16_132.pdb	4.200	21.719	0.371429	30.072
swarm_2_41.pdb	4.195	20.865	0.2	30.038
swarm_15_169.pdb	8.135	40.264	0	29.280
swarm_17_182.pdb	8.152	38.864	0	29.264
swarm_49_40.pdb	3.652	19.228	0.457143	29.203
swarm_32_126.pdb	2.681	14.055	0.542857	28.618
swarm_10_29.pdb	6.729	24.188	0	28.537
swarm_9_39.pdb	5.562	28.523	0.371429	28.294
swarm_20_44.pdb	7.866	35.084	0	28.060
swarm_46_74.pdb	5.128	24.986	0.342857	28.051
swarm_23_168.pdb	4.636	21.967	0.285714	28.001
swarm_21_74.pdb	8.947	42.015	0	27.814
swarm_14_188.pdb	5.186	22.794	0.114286	27.792
swarm_32_10.pdb	3.885	11.615	0.171429	27.784
swarm_31_146.pdb	3.865	19.686	0.314286	27.453
swarm_0_85.pdb	4.449	23.417	0.371429	27.423
swarm_27_122.pdb	4.987	24.868	0.228571	27.163
swarm_54_30.pdb	8.135	38.825	0	26.847
swarm_30_91.pdb	4.831	21.475	0.2	26.841
swarm_22_118.pdb	9.649	38.996	0	26.776
swarm_50_172.pdb	7.418	38.837	0.114286	26.449
swarm_41_144.pdb	9.561	42.387	0	26.283
swarm_36_76.pdb	3.272	7.853	0.257143	26.047
swarm_6_37.pdb	7.968	33.187	0	26.028
swarm_47_118.pdb	7.647	39.172	0.0857143	25.964
swarm_19_78.pdb	8.700	45.001	0	25.879
swarm_49_194.pdb	1.471	3.473	0.542857	25.820
swarm_33_116.pdb	5.119	23.195	0.171429	25.776
swarm_3_115.pdb	7.878	39.234	0.0285714	25.772
swarm_29_26.pdb	6.173	32.684	0.0571429	25.423
swarm_27_27.pdb	6.331	31.901	0.142857	25.380
swarm_26_91.pdb	5.470	28.456	0.371429	25.146
swarm_54_192.pdb	6.729	34.872	0.142857	25.098
swarm_48_40.pdb	4.573	19.074	0.0571429	25.053
swarm_23_78.pdb	5.718	24.792	0.314286	25.032
swarm_51_140.pdb	4.088	11.188	0.2	24.934
swarm_52_181.pdb	12.500	42.545	0	24.858
swarm_31_15.pdb	4.246	21.956	0.371429	24.721
swarm_13_102.pdb	4.321	21.482	0.342857	24.676
swarm_27_171.pdb	5.971	26.490	0.0285714	24.670
swarm_55_99.pdb	3.474	10.269	0.142857	24.560
swarm_1_198.pdb	5.722	30.815	0.228571	24.333
swarm_8_9.pdb	6.131	32.448	0.171429	24.158
swarm_8_108.pdb	5.249	27.477	0.285714	24.126
swarm_28_35.pdb	6.964	35.666	0.0285714	23.854
swarm_40_137.pdb	6.489	34.669	0.228571	23.752
swarm_7_132.pdb	8.067	32.661	0	23.734
swarm_39_135.pdb	4.267	11.817	0.142857	23.609
swarm_25_181.pdb	7.704	40.678	0.0857143	23.580
swarm_37_24.pdb	7.223	37.246	0.142857	23.359
swarm_44_70.pdb	6.907	36.604	0.314286	23.247
swarm_53_132.pdb	5.713	22.986	0.285714	23.239
swarm_9_130.pdb	5.397	27.844	0.2	23.111
swarm_3_61.pdb	6.611	35.586	0.0571429	23.057
swarm_32_135.pdb	4.888	24.659	0.342857	22.960
swarm_46_145.pdb	7.917	33.267	0	22.745
swarm_0_77.pdb	6.530	28.492	0.114286	22.665
swarm_19_70.pdb	11.010	42.642	0	22.437
swarm_37_132.pdb	8.238	36.324	0.142857	22.272
swarm_49_1.pdb	5.604	20.178	0.0285714	22.106
swarm_2_71.pdb	4.885	25.110	0.257143	21.903
swarm_6_148.pdb	7.987	35.271	0	21.869
swarm_46_23.pdb	6.136	22.220	0.0285714	21.856
swarm_16_83.pdb	7.334	31.862	0.0285714	21.722
swarm_40_23.pdb	6.934	36.244	0.2	21.719
swarm_37_45.pdb	8.228	38.320	0.0285714	21.610
swarm_30_81.pdb	3.878	20.446	0.314286	21.583
swarm_9_111.pdb	7.352	37.472	0.2	21.515
swarm_13_3.pdb	4.722	24.558	0.285714	21.418
swarm_32_166.pdb	7.371	29.963	0	21.097
swarm_4_34.pdb	8.229	40.840	0.114286	20.950
swarm_7_122.pdb	7.183	30.074	0.0285714	20.877
swarm_18_70.pdb	7.929	41.658	0.2	20.702
swarm_0_28.pdb	6.344	35.520	0.0571429	20.655
swarm_51_99.pdb	4.564	8.970	0.2	20.473
swarm_43_119.pdb	12.208	37.661	0	20.471
swarm_34_105.pdb	8.208	38.777	0.0857143	20.368
swarm_36_131.pdb	4.696	19.890	0.114286	20.214
swarm_1_184.pdb	5.153	26.674	0.228571	19.639
swarm_26_113.pdb	5.486	27.559	0.171429	19.585
swarm_36_90.pdb	3.694	14.922	0.0857143	19.575
swarm_13_121.pdb	2.695	12.936	0.371429	19.287
swarm_48_160.pdb	6.772	27.445	0	19.201
swarm_51_34.pdb	4.120	17.269	0.314286	19.159
swarm_37_27.pdb	9.424	42.086	0	19.139
swarm_45_159.pdb	12.026	41.831	0	19.010
swarm_33_159.pdb	5.123	18.880	0.228571	18.922
swarm_9_57.pdb	7.659	34.606	0.114286	18.354
swarm_34_52.pdb	6.162	32.862	0.171429	18.095
swarm_53_94.pdb	6.976	35.534	0.2	18.026
swarm_34_82.pdb	7.588	36.694	0.171429	17.957
swarm_12_118.pdb	4.442	16.008	0.0857143	17.899
swarm_31_25.pdb	3.460	13.260	0.228571	17.671
swarm_6_121.pdb	6.866	32.339	0.142857	17.667
swarm_20_53.pdb	7.812	36.731	0.0571429	17.391
swarm_50_57.pdb	7.137	37.102	0.142857	17.342
swarm_10_26.pdb	4.495	22.762	0.2	16.851
swarm_42_132.pdb	11.295	42.316	0	16.771
swarm_18_40.pdb	9.434	44.915	0.114286	16.669
swarm_44_67.pdb	8.689	40.843	0.0285714	16.171
swarm_43_124.pdb	15.774	42.719	0	15.888
swarm_15_111.pdb	8.207	38.021	0.0857143	15.712
swarm_44_175.pdb	9.076	43.504	0.0571429	15.026
swarm_53_21.pdb	7.937	32.323	0.142857	13.015
swarm_0_152.pdb	7.631	34.424	0.142857	9.812
swarm_46_60.pdb	6.221	32.857	0.171429	8.909
