swarm_20_92.pdb	11.019	42.812	0	30.144
swarm_52_30.pdb	18.285	46.644	0	29.706
swarm_52_145.pdb	15.750	46.134	0	29.056
swarm_44_177.pdb	14.021	33.543	0	26.060
swarm_43_188.pdb	14.737	31.928	0.0571429	25.864
swarm_58_103.pdb	14.623	52.988	0	25.667
swarm_57_99.pdb	12.923	45.923	0	25.588
swarm_29_128.pdb	11.645	32.652	0.0285714	25.362
swarm_43_86.pdb	14.715	31.877	0	24.499
swarm_43_69.pdb	10.997	24.290	0	24.461
swarm_44_147.pdb	16.525	39.852	0	24.299
swarm_25_166.pdb	17.622	43.846	0	24.113
swarm_44_178.pdb	6.852	27.323	0	23.987
swarm_52_6.pdb	20.240	50.429	0	23.933
swarm_53_94.pdb	13.202	48.602	0	23.678
swarm_32_133.pdb	19.615	47.394	0	23.361
swarm_25_167.pdb	17.777	41.463	0	23.192
swarm_7_27.pdb	14.554	44.089	0.0285714	23.163
swarm_38_196.pdb	16.053	32.896	0	23.083
swarm_0_12.pdb	14.183	52.156	0	22.929
swarm_35_136.pdb	10.576	41.878	0	22.370
swarm_53_33.pdb	14.117	55.257	0.171429	22.257
swarm_38_100.pdb	18.681	40.572	0	21.965
swarm_19_52.pdb	14.705	40.632	0.0857143	21.940
swarm_24_133.pdb	14.657	30.533	0	21.918
swarm_37_161.pdb	11.615	37.230	0	21.900
swarm_47_112.pdb	19.338	36.913	0	21.863
swarm_24_2.pdb	11.078	27.668	0	21.861
swarm_18_91.pdb	19.755	48.240	0	21.749
swarm_45_129.pdb	19.589	41.753	0	21.743
swarm_43_59.pdb	3.923	8.957	0.314286	21.714
swarm_7_102.pdb	16.012	42.882	0	21.518
swarm_39_3.pdb	12.278	38.726	0	21.515
swarm_21_45.pdb	2.803	15.493	0.457143	21.491
swarm_34_69.pdb	13.235	26.216	0	21.458
swarm_37_137.pdb	19.145	43.088	0	21.395
swarm_39_35.pdb	18.150	37.829	0	21.303
swarm_56_102.pdb	13.201	54.897	0	21.281
swarm_29_172.pdb	19.480	39.905	0	21.230
swarm_43_175.pdb	16.348	26.515	0	21.199
swarm_17_127.pdb	3.270	9.795	0.371429	21.181
swarm_12_189.pdb	19.236	38.674	0	21.083
swarm_38_4.pdb	9.399	37.119	0	20.983
swarm_24_158.pdb	19.026	40.574	0	20.961
swarm_35_58.pdb	15.957	36.924	0	20.624
swarm_44_74.pdb	14.438	32.934	0.0571429	20.585
swarm_19_30.pdb	13.425	37.010	0	20.507
swarm_41_94.pdb	4.941	24.603	0.171429	20.473
swarm_56_107.pdb	15.238	59.301	0.0571429	20.255
swarm_13_68.pdb	10.243	37.546	0.0285714	20.216
swarm_41_194.pdb	12.849	31.862	0.0571429	20.166
swarm_21_180.pdb	5.235	22.458	0.0857143	20.137
swarm_32_170.pdb	21.792	51.628	0	20.129
swarm_12_121.pdb	19.427	39.685	0	20.035
swarm_10_114.pdb	10.986	31.657	0	19.980
swarm_41_183.pdb	13.811	34.685	0.114286	19.927
swarm_34_102.pdb	21.372	35.331	0	19.886
swarm_51_94.pdb	13.706	54.745	0.114286	19.856
swarm_51_16.pdb	14.952	50.427	0.114286	19.639
swarm_45_5.pdb	13.022	36.345	0.0285714	19.525
swarm_56_119.pdb	14.497	57.948	0.114286	19.474
swarm_38_43.pdb	14.466	50.681	0.0571429	19.464
swarm_56_18.pdb	14.116	63.024	0.0571429	19.438
swarm_1_197.pdb	19.004	48.899	0	19.370
swarm_26_46.pdb	14.336	58.013	0.0857143	19.326
swarm_29_7.pdb	18.356	38.833	0	19.238
swarm_51_140.pdb	17.999	41.433	0	19.198
swarm_43_25.pdb	19.761	35.120	0	19.142
swarm_19_109.pdb	18.969	40.993	0	19.081
swarm_40_9.pdb	10.447	36.361	0	19.038
swarm_51_52.pdb	14.234	55.552	0.114286	18.767
swarm_29_60.pdb	18.382	39.363	0	18.696
swarm_8_60.pdb	18.332	38.795	0	18.687
swarm_46_100.pdb	17.379	45.361	0	18.684
swarm_3_119.pdb	22.623	36.845	0	18.625
swarm_59_108.pdb	9.497	29.920	0	18.579
swarm_32_141.pdb	18.467	48.152	0	18.532
swarm_37_181.pdb	13.763	45.428	0	18.530
swarm_48_110.pdb	14.460	50.174	0	18.521
swarm_41_168.pdb	14.327	37.172	0.0285714	18.495
swarm_59_159.pdb	20.008	37.353	0	18.427
swarm_38_47.pdb	17.793	37.938	0	18.377
swarm_52_100.pdb	19.235	45.847	0	18.369
swarm_23_96.pdb	7.254	22.381	0.0571429	18.365
swarm_54_17.pdb	15.857	35.022	0.0285714	18.271
swarm_13_14.pdb	10.808	33.716	0	18.262
swarm_54_138.pdb	4.957	11.838	0.0857143	18.256
swarm_46_152.pdb	20.387	43.497	0	18.236
swarm_29_197.pdb	11.658	34.728	0	18.230
swarm_54_30.pdb	19.422	36.005	0	18.155
swarm_23_187.pdb	11.873	31.769	0	18.134
swarm_33_131.pdb	19.248	48.282	0	18.102
swarm_47_70.pdb	14.379	27.650	0	18.054
swarm_5_134.pdb	17.689	44.718	0	18.049
swarm_35_104.pdb	14.462	40.078	0	18.042
swarm_21_126.pdb	17.430	30.855	0	18.009
swarm_20_110.pdb	16.685	47.721	0	17.974
swarm_12_152.pdb	7.840	29.816	0	17.963
swarm_52_193.pdb	20.715	53.248	0	17.943
swarm_12_169.pdb	11.604	31.478	0.0285714	17.859
swarm_10_29.pdb	14.389	41.237	0	17.853
swarm_49_120.pdb	19.882	44.901	0	17.826
swarm_22_94.pdb	10.331	45.631	0	17.820
swarm_27_84.pdb	8.723	24.745	0	17.795
swarm_31_180.pdb	18.179	37.960	0	17.784
swarm_22_0.pdb	10.473	40.367	0	17.759
swarm_25_3.pdb	10.746	46.049	0.0857143	17.735
swarm_53_21.pdb	11.869	45.234	0.0571429	17.710
swarm_57_130.pdb	20.781	51.000	0	17.701
swarm_13_80.pdb	25.127	53.165	0	17.698
swarm_25_42.pdb	12.958	43.206	0	17.668
swarm_17_150.pdb	1.516	6.023	0.542857	17.646
swarm_7_63.pdb	17.731	40.668	0	17.634
swarm_0_112.pdb	14.458	62.739	0	17.630
swarm_21_81.pdb	21.325	36.594	0	17.568
swarm_19_160.pdb	13.005	42.465	0.0571429	17.535
swarm_55_20.pdb	9.760	38.646	0.0571429	17.527
swarm_11_78.pdb	7.238	32.758	0	17.456
swarm_57_162.pdb	15.114	52.527	0.0571429	17.454
swarm_11_158.pdb	18.330	47.597	0	17.377
swarm_2_25.pdb	16.786	40.611	0	17.344
swarm_35_110.pdb	13.661	45.576	0.114286	17.330
swarm_15_98.pdb	8.270	33.860	0.0571429	17.280
swarm_20_104.pdb	20.170	44.165	0	17.279
swarm_25_126.pdb	18.609	49.225	0	17.252
swarm_25_15.pdb	20.711	44.854	0	17.242
swarm_8_10.pdb	17.163	43.336	0	17.238
swarm_16_37.pdb	14.667	30.416	0	17.237
swarm_47_139.pdb	4.944	20.388	0.142857	17.236
swarm_39_79.pdb	19.694	40.776	0	17.191
swarm_48_154.pdb	11.259	47.249	0	17.161
swarm_49_64.pdb	12.991	34.476	0	17.138
swarm_41_19.pdb	17.665	29.053	0	17.056
swarm_21_109.pdb	21.645	34.919	0	16.975
swarm_40_78.pdb	17.181	32.738	0	16.901
swarm_3_139.pdb	6.438	23.894	0.228571	16.883
swarm_39_148.pdb	12.645	25.568	0	16.818
swarm_40_45.pdb	19.506	43.178	0	16.812
swarm_20_127.pdb	10.818	31.834	0	16.810
swarm_13_20.pdb	17.669	40.926	0	16.770
swarm_46_196.pdb	13.737	40.325	0	16.698
swarm_2_95.pdb	13.842	51.078	0	16.658
swarm_6_5.pdb	17.729	37.890	0	16.627
swarm_51_41.pdb	18.427	50.427	0	16.616
swarm_44_47.pdb	4.514	18.835	0.2	16.611
swarm_20_105.pdb	20.770	48.018	0	16.549
swarm_49_175.pdb	18.199	40.711	0	16.502
swarm_17_61.pdb	19.156	33.275	0	16.496
swarm_5_192.pdb	8.482	37.165	0.0571429	16.493
swarm_58_56.pdb	15.621	59.027	0.0571429	16.487
swarm_8_183.pdb	14.747	51.017	0	16.485
swarm_47_85.pdb	5.367	13.531	0.0285714	16.485
swarm_33_141.pdb	20.496	48.256	0	16.443
swarm_24_193.pdb	14.462	24.820	0	16.431
swarm_18_106.pdb	20.504	46.284	0	16.396
swarm_7_196.pdb	10.392	34.966	0	16.383
swarm_12_196.pdb	12.310	27.433	0	16.359
swarm_54_158.pdb	4.206	9.236	0.228571	16.358
swarm_11_189.pdb	9.622	44.726	0.0571429	16.302
swarm_17_1.pdb	5.338	20.291	0.0857143	16.291
swarm_38_57.pdb	19.743	42.509	0	16.271
swarm_32_135.pdb	8.931	43.612	0.0857143	16.270
swarm_58_39.pdb	19.314	47.263	0	16.261
swarm_25_76.pdb	21.152	46.501	0	16.259
swarm_24_75.pdb	17.781	31.372	0	16.247
swarm_23_198.pdb	19.397	37.795	0	16.230
swarm_40_157.pdb	16.166	43.641	0	16.134
swarm_12_109.pdb	16.031	39.916	0	16.131
swarm_25_176.pdb	12.141	40.022	0	16.091
swarm_7_181.pdb	7.681	35.222	0.114286	16.087
swarm_38_101.pdb	19.208	42.890	0	15.963
swarm_39_71.pdb	20.973	39.755	0	15.942
swarm_33_130.pdb	20.052	48.226	0	15.935
swarm_35_173.pdb	17.817	42.062	0	15.895
swarm_9_163.pdb	10.141	45.804	0.114286	15.886
swarm_10_63.pdb	18.046	42.287	0	15.815
swarm_35_63.pdb	17.873	38.305	0	15.812
swarm_42_13.pdb	8.288	29.733	0.0285714	15.765
swarm_8_87.pdb	21.164	44.464	0	15.747
swarm_18_136.pdb	18.306	47.675	0	15.737
swarm_28_77.pdb	19.707	43.918	0	15.707
swarm_10_13.pdb	23.809	46.247	0	15.691
swarm_58_5.pdb	12.904	54.635	0.0285714	15.641
swarm_34_71.pdb	20.100	33.940	0	15.638
swarm_46_89.pdb	21.741	48.441	0	15.604
swarm_45_177.pdb	17.314	30.460	0	15.581
swarm_9_42.pdb	8.426	39.323	0	15.492
swarm_49_117.pdb	12.766	41.342	0	15.479
swarm_46_19.pdb	9.527	40.468	0	15.434
swarm_3_27.pdb	21.698	35.136	0	15.411
swarm_11_88.pdb	22.421	44.305	0	15.385
swarm_41_151.pdb	12.701	29.043	0	15.324
swarm_10_136.pdb	14.611	40.142	0	15.270
swarm_59_167.pdb	19.545	41.583	0	15.226
swarm_9_117.pdb	21.843	52.730	0	15.214
swarm_34_144.pdb	21.164	36.421	0	15.155
swarm_45_185.pdb	13.228	41.947	0	15.150
swarm_34_140.pdb	19.618	35.465	0	15.146
swarm_48_138.pdb	19.292	48.869	0	15.128
swarm_49_134.pdb	22.010	46.532	0	15.122
swarm_39_137.pdb	20.982	40.564	0	15.088
swarm_3_178.pdb	18.805	35.173	0	15.073
swarm_19_151.pdb	15.670	39.325	0	15.035
swarm_24_64.pdb	18.004	36.707	0	15.018
swarm_23_23.pdb	18.469	41.698	0	14.957
swarm_20_131.pdb	20.838	44.648	0	14.933
swarm_0_49.pdb	21.817	53.580	0	14.917
swarm_31_188.pdb	24.335	48.016	0	14.912
swarm_48_42.pdb	13.045	54.117	0.114286	14.903
swarm_54_112.pdb	8.003	17.179	0	14.876
swarm_59_68.pdb	23.315	41.041	0	14.863
swarm_39_145.pdb	18.076	34.811	0	14.827
swarm_44_92.pdb	12.144	31.305	0	14.809
swarm_23_61.pdb	19.716	31.724	0	14.779
swarm_7_18.pdb	15.513	43.023	0	14.768
swarm_19_24.pdb	9.951	33.106	0	14.762
swarm_33_125.pdb	19.800	50.107	0	14.714
swarm_41_43.pdb	16.918	32.388	0	14.710
swarm_0_137.pdb	15.118	58.813	0.0571429	14.700
swarm_20_147.pdb	15.108	38.750	0	14.698
swarm_5_29.pdb	14.682	39.078	0	14.639
swarm_59_128.pdb	10.901	35.833	0.0857143	14.632
swarm_7_101.pdb	21.483	44.950	0	14.616
swarm_51_86.pdb	20.385	48.402	0	14.606
swarm_18_33.pdb	13.309	49.602	0.142857	14.605
swarm_4_180.pdb	7.763	23.649	0	14.594
swarm_20_114.pdb	12.798	53.022	0	14.579
swarm_30_93.pdb	6.336	23.681	0.171429	14.519
swarm_17_142.pdb	23.281	38.393	0	14.471
swarm_57_178.pdb	18.682	45.925	0	14.427
swarm_22_149.pdb	20.760	46.524	0	14.409
swarm_23_109.pdb	10.399	30.371	0.0285714	14.384
swarm_47_149.pdb	19.757	31.685	0	14.363
swarm_24_145.pdb	15.258	30.408	0	14.323
swarm_12_22.pdb	14.806	31.211	0	14.297
swarm_8_174.pdb	9.059	37.615	0	14.296
swarm_23_48.pdb	7.783	29.835	0.0285714	14.277
swarm_46_133.pdb	9.696	37.080	0	14.270
swarm_52_104.pdb	16.313	49.631	0	14.267
swarm_19_182.pdb	19.352	36.455	0	14.241
swarm_40_25.pdb	19.561	41.527	0	14.235
swarm_27_161.pdb	15.567	27.362	0	14.186
swarm_12_195.pdb	11.351	36.647	0.114286	14.144
swarm_48_55.pdb	14.318	51.043	0	14.137
swarm_21_179.pdb	22.121	37.038	0	14.134
swarm_35_199.pdb	18.493	42.313	0	14.108
swarm_50_171.pdb	18.561	41.582	0	14.104
swarm_11_114.pdb	19.945	38.909	0	14.061
swarm_37_36.pdb	14.285	55.901	0	14.039
swarm_50_95.pdb	22.108	50.451	0	14.029
swarm_37_133.pdb	11.804	51.131	0.0285714	14.017
swarm_40_11.pdb	18.865	44.384	0	13.973
swarm_35_27.pdb	13.593	43.748	0.0285714	13.973
swarm_33_100.pdb	14.434	56.318	0	13.966
swarm_4_187.pdb	14.191	28.590	0	13.946
swarm_36_165.pdb	21.199	40.338	0	13.936
swarm_4_123.pdb	18.722	33.374	0	13.855
swarm_18_135.pdb	18.130	49.691	0	13.788
swarm_44_94.pdb	20.054	41.102	0	13.769
swarm_12_183.pdb	21.344	38.630	0	13.763
swarm_7_161.pdb	23.888	44.617	0	13.721
swarm_16_133.pdb	9.661	28.409	0	13.695
swarm_31_54.pdb	14.176	41.167	0	13.693
swarm_49_172.pdb	11.415	40.974	0	13.662
swarm_59_57.pdb	20.539	36.147	0	13.654
swarm_45_66.pdb	21.469	39.604	0	13.647
swarm_45_194.pdb	7.818	32.693	0	13.619
swarm_47_195.pdb	20.617	38.679	0	13.587
swarm_8_189.pdb	17.372	46.315	0	13.556
swarm_45_12.pdb	22.847	40.119	0	13.542
swarm_15_183.pdb	10.839	41.564	0	13.514
swarm_19_192.pdb	12.418	22.052	0	13.502
swarm_20_138.pdb	16.512	35.982	0	13.490
swarm_12_101.pdb	20.735	44.890	0	13.462
swarm_36_30.pdb	19.550	47.337	0	13.454
swarm_9_65.pdb	25.432	47.911	0	13.448
swarm_49_20.pdb	23.908	42.705	0	13.433
swarm_11_126.pdb	24.584	49.226	0	13.418
swarm_31_97.pdb	9.109	36.000	0	13.415
swarm_38_67.pdb	19.546	41.815	0	13.409
swarm_51_110.pdb	12.408	42.891	0	13.402
swarm_11_129.pdb	11.288	43.728	0	13.398
swarm_11_136.pdb	18.800	40.564	0	13.379
swarm_25_13.pdb	12.076	48.808	0.0285714	13.357
swarm_18_13.pdb	20.599	47.545	0	13.311
swarm_19_50.pdb	16.992	36.064	0	13.298
swarm_38_133.pdb	20.279	39.763	0	13.214
swarm_23_92.pdb	20.095	34.359	0	13.212
swarm_8_167.pdb	25.412	48.155	0	13.202
swarm_12_59.pdb	20.886	41.197	0	13.202
swarm_39_143.pdb	19.389	40.508	0	13.180
swarm_48_119.pdb	22.107	45.832	0	13.178
swarm_32_166.pdb	23.033	50.562	0	13.178
swarm_46_62.pdb	14.778	45.452	0	13.159
swarm_25_81.pdb	21.745	51.415	0	13.149
swarm_36_114.pdb	17.964	41.167	0	13.142
swarm_10_95.pdb	23.697	44.554	0	13.139
swarm_12_31.pdb	22.295	39.873	0	13.138
swarm_8_58.pdb	14.735	43.556	0	13.136
swarm_8_90.pdb	18.404	44.750	0	13.014
swarm_32_11.pdb	15.379	47.192	0	13.007
swarm_39_167.pdb	19.322	43.214	0	12.959
swarm_11_12.pdb	18.051	49.448	0	12.950
swarm_29_150.pdb	16.855	38.109	0	12.936
swarm_6_96.pdb	21.090	37.775	0	12.888
swarm_18_171.pdb	19.356	42.024	0	12.871
swarm_11_14.pdb	12.873	52.205	0.0571429	12.847
swarm_5_106.pdb	25.778	52.780	0	12.839
swarm_22_12.pdb	21.442	50.378	0	12.817
swarm_49_116.pdb	7.915	35.663	0	12.802
swarm_39_189.pdb	11.365	37.117	0	12.799
swarm_46_149.pdb	14.244	44.282	0	12.771
swarm_18_185.pdb	14.764	49.871	0.0285714	12.770
swarm_5_79.pdb	11.123	34.591	0	12.755
swarm_27_8.pdb	10.108	22.478	0	12.752
swarm_21_122.pdb	22.226	36.875	0	12.734
swarm_45_128.pdb	20.410	39.554	0	12.715
swarm_4_126.pdb	25.192	39.833	0	12.714
swarm_44_52.pdb	21.417	37.862	0	12.655
swarm_26_60.pdb	17.310	46.751	0	12.644
swarm_3_39.pdb	19.534	30.187	0	12.642
swarm_28_190.pdb	23.651	42.977	0	12.639
swarm_52_137.pdb	12.295	53.834	0.2	12.625
swarm_10_59.pdb	15.657	40.822	0.0285714	12.598
swarm_31_94.pdb	24.617	46.084	0	12.545
swarm_36_166.pdb	20.387	43.691	0	12.532
swarm_8_28.pdb	23.360	49.157	0	12.522
swarm_46_74.pdb	23.222	49.480	0	12.385
swarm_36_169.pdb	17.425	42.945	0	12.382
swarm_2_170.pdb	20.543	41.715	0	12.365
swarm_13_132.pdb	10.157	42.647	0	12.310
swarm_39_162.pdb	17.992	38.767	0	12.297
swarm_7_44.pdb	15.338	41.142	0	12.281
swarm_45_70.pdb	22.270	37.753	0	12.232
swarm_42_162.pdb	23.514	43.614	0	12.217
swarm_17_168.pdb	22.642	36.671	0	12.190
swarm_10_69.pdb	18.234	42.812	0	12.188
swarm_42_159.pdb	24.943	41.966	0	12.185
swarm_12_122.pdb	21.178	43.760	0	12.151
swarm_46_5.pdb	14.464	53.463	0	12.103
swarm_6_41.pdb	12.010	39.863	0	12.094
swarm_25_51.pdb	19.028	46.780	0	12.090
swarm_24_179.pdb	20.071	39.184	0	12.067
swarm_40_42.pdb	15.336	35.641	0	12.015
swarm_38_88.pdb	10.813	34.979	0	12.001
swarm_13_6.pdb	18.473	42.872	0	11.976
swarm_19_114.pdb	16.986	36.046	0	11.965
swarm_24_172.pdb	10.500	27.362	0	11.911
swarm_59_166.pdb	18.281	36.828	0	11.904
swarm_25_124.pdb	23.627	48.455	0	11.901
swarm_22_90.pdb	19.848	44.581	0	11.872
swarm_7_45.pdb	14.601	38.522	0	11.870
swarm_35_83.pdb	21.969	45.470	0	11.827
swarm_48_147.pdb	12.457	46.488	0	11.810
swarm_20_108.pdb	15.455	49.245	0	11.806
swarm_42_174.pdb	16.004	41.685	0	11.798
swarm_22_43.pdb	17.103	44.164	0	11.788
swarm_7_37.pdb	21.307	43.642	0	11.785
swarm_46_151.pdb	20.370	47.281	0	11.771
swarm_36_107.pdb	13.452	46.416	0	11.761
swarm_36_36.pdb	23.668	47.309	0	11.611
swarm_46_125.pdb	11.788	42.556	0.0285714	11.579
swarm_11_182.pdb	19.608	45.048	0	11.570
swarm_43_42.pdb	7.531	27.212	0.0571429	11.559
swarm_40_136.pdb	21.410	46.795	0	11.551
swarm_59_94.pdb	6.458	27.602	0.228571	11.545
swarm_35_35.pdb	21.820	44.163	0	11.482
swarm_23_160.pdb	11.869	29.750	0.0285714	11.409
swarm_15_57.pdb	11.165	44.701	0	11.391
swarm_48_175.pdb	20.090	50.573	0	11.344
swarm_45_132.pdb	21.187	36.823	0	11.301
swarm_46_67.pdb	23.424	45.926	0	11.240
swarm_19_38.pdb	21.647	40.242	0	11.110
swarm_36_144.pdb	23.515	46.675	0	10.968
swarm_29_184.pdb	18.211	42.073	0	10.967
swarm_44_132.pdb	22.255	38.779	0	10.840
swarm_24_77.pdb	14.291	33.347	0	10.770
swarm_6_120.pdb	17.772	39.915	0	10.717
swarm_31_130.pdb	25.929	48.154	0	10.641
swarm_36_160.pdb	17.968	42.848	0	10.519
swarm_41_107.pdb	14.208	29.591	0	10.255
swarm_6_75.pdb	11.149	34.972	0	10.175
swarm_4_167.pdb	18.295	41.633	0	10.088
swarm_29_149.pdb	21.973	39.245	0	9.960
swarm_32_77.pdb	19.890	50.030	0	9.742
swarm_8_179.pdb	21.347	48.352	0	9.726
swarm_24_165.pdb	8.780	25.368	0	9.724
swarm_59_4.pdb	23.316	41.096	0	9.670
swarm_18_194.pdb	23.432	51.053	0	9.549
swarm_41_88.pdb	18.042	34.556	0	9.512
swarm_20_5.pdb	23.727	47.065	0	9.382
swarm_18_68.pdb	21.745	54.487	0	9.363
swarm_18_14.pdb	23.215	47.532	0	9.335
swarm_54_159.pdb	22.543	35.516	0	9.303
swarm_45_188.pdb	23.147	42.857	0	9.258
swarm_54_0.pdb	17.435	29.222	0	9.155
swarm_41_5.pdb	21.046	37.783	0	9.053
swarm_13_172.pdb	25.763	49.849	0	8.914
swarm_51_3.pdb	14.951	57.174	0.0857143	8.877
swarm_44_40.pdb	18.405	36.807	0	8.782
swarm_36_90.pdb	21.079	43.156	0	8.765
swarm_59_103.pdb	22.963	37.606	0	8.760
swarm_38_62.pdb	9.683	38.200	0	8.227
swarm_49_37.pdb	13.878	40.466	0	7.543
swarm_8_102.pdb	21.302	47.900	0	7.540
swarm_38_36.pdb	9.003	36.975	0	7.171
swarm_33_79.pdb	13.901	46.314	0	6.350
swarm_31_34.pdb	15.486	42.528	0	5.378
swarm_37_59.pdb	14.287	45.743	0	3.559
swarm_16_179.pdb	16.390	36.868	0	3.262
swarm_57_128.pdb	14.109	53.193	0.171429	2.655
