swarm_8_146.pdb	6.961	23.310	0	38.905
swarm_4_115.pdb	14.494	38.800	0.0857143	38.667
swarm_3_7.pdb	16.942	43.279	0	35.594
swarm_2_43.pdb	13.563	43.864	0.0285714	35.377
swarm_4_28.pdb	19.032	39.291	0	34.015
swarm_6_36.pdb	16.678	37.858	0	33.595
swarm_4_1.pdb	18.721	39.833	0	32.931
swarm_2_97.pdb	14.192	53.626	0.0571429	31.504
swarm_8_162.pdb	17.604	32.165	0	31.278
swarm_7_158.pdb	10.753	36.885	0	31.228
swarm_2_170.pdb	16.887	41.558	0	30.856
swarm_6_22.pdb	19.940	46.166	0	30.518
swarm_3_17.pdb	16.942	35.778	0	30.424
swarm_6_31.pdb	17.926	44.558	0	30.371
swarm_0_137.pdb	14.064	39.825	0	30.199
swarm_6_75.pdb	11.710	37.999	0	29.498
swarm_0_8.pdb	20.793	43.529	0	29.382
swarm_7_73.pdb	16.727	38.069	0	29.345
swarm_1_125.pdb	17.333	42.867	0	29.337
swarm_1_173.pdb	8.558	39.538	0	29.318
swarm_1_103.pdb	16.464	40.914	0	28.842
swarm_7_46.pdb	15.827	34.511	0	28.687
swarm_5_15.pdb	10.235	39.743	0	28.648
swarm_1_146.pdb	19.079	44.592	0	28.648
swarm_8_66.pdb	18.569	37.164	0	28.458
swarm_2_109.pdb	18.848	42.952	0	28.257
swarm_4_163.pdb	12.201	37.583	0.0285714	28.135
swarm_2_105.pdb	17.596	40.119	0	28.108
swarm_3_13.pdb	20.318	44.534	0	28.036
swarm_3_65.pdb	13.634	47.789	0	27.794
swarm_9_165.pdb	16.221	43.155	0	27.514
swarm_7_70.pdb	9.547	33.980	0.0571429	27.251
swarm_7_21.pdb	7.482	28.708	0	26.718
swarm_7_117.pdb	10.923	41.922	0	26.429
swarm_2_90.pdb	11.157	43.852	0	26.033
swarm_6_11.pdb	16.265	50.214	0	25.927
swarm_9_68.pdb	20.789	44.396	0	25.858
swarm_6_125.pdb	17.358	48.641	0	25.613
swarm_5_41.pdb	19.865	42.183	0	25.474
swarm_0_104.pdb	16.155	44.003	0	25.453
swarm_5_53.pdb	17.935	40.615	0	25.434
swarm_5_38.pdb	14.133	52.112	0.0285714	25.432
swarm_4_18.pdb	12.427	41.480	0.0571429	25.297
swarm_5_51.pdb	19.478	42.367	0	25.292
swarm_8_134.pdb	11.636	29.979	0	25.283
swarm_9_47.pdb	10.484	42.866	0	25.251
swarm_0_174.pdb	8.395	35.706	0.0285714	25.185
swarm_5_115.pdb	10.272	41.947	0	25.155
swarm_2_123.pdb	16.137	45.995	0	24.724
swarm_7_196.pdb	19.399	38.129	0	24.716
swarm_3_189.pdb	8.941	36.630	0	24.676
swarm_8_195.pdb	19.806	40.582	0	24.635
swarm_8_186.pdb	13.402	38.073	0	24.500
swarm_2_159.pdb	22.933	46.300	0	24.488
swarm_7_53.pdb	16.934	42.838	0	24.434
swarm_9_95.pdb	18.002	45.403	0	24.417
swarm_5_173.pdb	15.079	46.802	0	24.352
swarm_8_158.pdb	17.784	41.101	0	24.145
swarm_4_36.pdb	16.763	43.533	0	24.026
swarm_2_186.pdb	16.487	38.238	0	23.888
swarm_8_28.pdb	13.174	36.276	0	23.779
swarm_7_172.pdb	19.050	39.689	0	23.730
swarm_4_123.pdb	19.722	38.500	0	23.451
swarm_4_191.pdb	20.003	41.452	0	23.211
swarm_6_172.pdb	20.117	44.645	0	23.127
swarm_0_51.pdb	14.966	45.137	0	23.006
swarm_9_141.pdb	17.225	42.917	0	22.743
swarm_2_191.pdb	16.457	44.887	0	22.710
swarm_8_85.pdb	16.853	38.392	0	22.239
swarm_8_132.pdb	20.650	40.951	0	22.209
swarm_4_78.pdb	8.789	32.007	0	22.119
swarm_1_199.pdb	14.836	45.604	0	21.851
swarm_3_85.pdb	18.656	39.782	0	21.798
swarm_7_6.pdb	18.504	40.034	0	21.783
swarm_9_6.pdb	20.865	48.202	0	21.667
swarm_7_107.pdb	19.088	41.413	0	21.534
swarm_2_156.pdb	17.021	44.790	0	21.424
swarm_6_177.pdb	13.742	47.912	0	21.377
swarm_0_149.pdb	17.068	43.468	0	21.335
swarm_0_139.pdb	17.457	43.869	0	21.288
swarm_7_167.pdb	20.930	40.210	0	21.186
swarm_4_196.pdb	22.587	41.268	0	21.034
swarm_0_157.pdb	16.310	41.855	0	20.985
swarm_5_84.pdb	19.181	42.602	0	20.956
swarm_7_182.pdb	20.583	43.602	0	20.910
swarm_0_181.pdb	22.636	40.618	0	20.905
swarm_3_36.pdb	19.729	43.930	0	20.840
swarm_3_98.pdb	18.442	38.465	0	20.796
swarm_5_45.pdb	15.136	46.473	0.0285714	20.700
swarm_2_137.pdb	16.534	49.503	0	20.522
swarm_9_106.pdb	17.960	39.551	0	20.490
swarm_7_82.pdb	12.983	38.633	0	20.383
swarm_2_26.pdb	20.571	46.371	0	20.366
swarm_1_84.pdb	8.119	39.489	0.0285714	20.211
swarm_5_154.pdb	22.701	47.979	0	20.096
swarm_6_193.pdb	21.352	43.130	0	20.007
swarm_3_134.pdb	22.025	42.390	0	19.749
swarm_1_187.pdb	9.371	40.597	0	19.676
swarm_5_151.pdb	23.327	48.308	0	19.450
swarm_7_164.pdb	18.313	38.691	0	18.825
swarm_4_17.pdb	9.962	40.634	0	18.769
swarm_3_186.pdb	19.829	47.076	0	18.752
swarm_9_110.pdb	13.279	43.866	0	18.688
swarm_0_69.pdb	19.923	45.030	0	18.628
swarm_5_156.pdb	23.760	50.292	0	18.466
swarm_4_182.pdb	13.071	40.557	0	18.441
swarm_1_8.pdb	22.229	45.151	0	18.348
swarm_8_189.pdb	22.440	38.596	0	18.285
swarm_4_192.pdb	19.523	41.949	0	18.223
swarm_3_18.pdb	20.323	45.025	0	18.195
swarm_9_14.pdb	19.600	38.632	0	18.061
swarm_3_29.pdb	22.503	48.574	0	17.976
swarm_2_111.pdb	20.364	43.887	0	17.837
swarm_7_9.pdb	14.826	45.793	0.0285714	17.754
swarm_6_76.pdb	19.408	42.433	0	17.726
swarm_8_141.pdb	20.188	36.958	0	17.629
swarm_8_170.pdb	15.242	38.635	0	17.370
swarm_5_8.pdb	21.370	46.486	0	17.353
swarm_0_91.pdb	15.240	26.599	0	17.294
swarm_3_173.pdb	23.006	46.003	0	17.171
swarm_4_119.pdb	21.783	43.746	0	17.126
swarm_8_6.pdb	18.434	39.016	0	17.117
swarm_3_88.pdb	15.812	42.831	0	17.116
swarm_9_29.pdb	16.765	49.939	0	16.845
swarm_0_22.pdb	20.556	39.952	0	16.683
swarm_8_149.pdb	18.452	36.197	0	16.496
swarm_8_156.pdb	8.493	31.676	0	16.069
swarm_9_115.pdb	20.991	49.072	0	16.057
swarm_3_34.pdb	22.443	43.003	0	15.817
swarm_6_69.pdb	19.870	45.841	0	15.568
swarm_9_154.pdb	15.781	46.309	0	15.402
swarm_6_44.pdb	15.643	44.313	0	15.347
swarm_8_10.pdb	21.486	40.142	0	15.285
swarm_1_185.pdb	19.625	46.941	0	15.155
swarm_3_126.pdb	15.252	46.799	0	15.045
swarm_7_42.pdb	17.893	34.112	0	14.785
swarm_8_96.pdb	13.324	43.769	0.0857143	14.757
swarm_1_128.pdb	21.963	45.511	0	14.702
swarm_4_39.pdb	10.715	36.447	0	14.565
swarm_5_100.pdb	22.129	46.021	0	14.123
swarm_6_150.pdb	23.398	52.398	0	14.122
swarm_6_8.pdb	21.676	55.351	0	13.954
swarm_1_42.pdb	22.487	44.700	0	13.952
swarm_7_74.pdb	19.183	37.164	0	13.636
swarm_0_4.pdb	19.533	45.987	0	13.576
swarm_0_97.pdb	16.848	38.588	0	13.558
swarm_9_198.pdb	14.714	46.099	0.0285714	13.385
swarm_9_130.pdb	18.924	44.941	0	12.948
swarm_1_111.pdb	21.432	52.067	0	12.458
swarm_7_14.pdb	16.770	40.316	0	12.406
swarm_1_137.pdb	12.975	47.916	0	12.037
swarm_1_133.pdb	15.220	45.761	0	12.013
swarm_5_59.pdb	11.990	41.373	0	11.952
swarm_1_55.pdb	21.903	46.292	0	11.943
swarm_7_124.pdb	21.748	46.825	0	11.892
swarm_7_151.pdb	14.017	38.970	0	11.136
swarm_0_119.pdb	22.086	39.911	0	10.696
swarm_6_179.pdb	16.781	48.755	0	9.932
swarm_9_32.pdb	14.899	48.137	0.0571429	9.291
swarm_6_188.pdb	14.113	50.664	0	6.978
swarm_9_72.pdb	19.076	47.313	0	6.880
