swarm_1_162.pdb	7.894	14.596	0	67.309
swarm_12_90.pdb	5.848	10.157	0.05	47.551
swarm_0_183.pdb	7.224	14.980	0	42.805
swarm_9_16.pdb	5.995	13.720	0.25	39.370
swarm_4_55.pdb	6.264	14.529	0.075	38.603
swarm_13_96.pdb	6.656	12.002	0.025	38.227
swarm_2_4.pdb	7.540	15.560	0.025	37.650
swarm_15_73.pdb	5.732	9.025	0.075	37.191
swarm_6_72.pdb	5.955	9.523	0.075	36.357
swarm_13_75.pdb	6.051	15.862	0.05	36.313
swarm_5_163.pdb	5.912	9.106	0.05	35.017
swarm_8_186.pdb	10.825	30.730	0	34.858
swarm_4_52.pdb	6.172	14.038	0.025	34.663
swarm_12_19.pdb	5.654	12.021	0.2	33.770
swarm_7_60.pdb	6.283	14.150	0.025	33.572
swarm_1_101.pdb	5.350	9.637	0.15	33.150
swarm_14_16.pdb	5.636	10.303	0.025	32.101
swarm_1_89.pdb	6.755	10.588	0.05	31.172
swarm_4_74.pdb	7.176	11.443	0.025	31.055
swarm_11_133.pdb	6.316	15.830	0.025	31.030
swarm_14_127.pdb	7.528	12.235	0.025	30.376
swarm_9_67.pdb	5.274	9.062	0.075	30.014
swarm_3_140.pdb	7.527	17.191	0.075	29.963
swarm_6_101.pdb	7.850	13.809	0.025	29.268
swarm_0_199.pdb	6.127	12.131	0.075	28.856
swarm_8_40.pdb	6.404	15.980	0.025	28.481
swarm_13_7.pdb	7.515	12.348	0.025	27.491
swarm_9_186.pdb	6.678	11.716	0.075	26.429
swarm_10_181.pdb	7.098	16.285	0	23.911
swarm_5_128.pdb	8.840	19.521	0.05	21.390
swarm_2_27.pdb	5.894	11.858	0.025	15.198
swarm_12_143.pdb	6.094	12.255	0	10.327
