run1-swarm_12_96.pdb	10.289	21.867	0	49.839
run1-swarm_34_103.pdb	9.689	19.865	0	46.825
run1-swarm_21_138.pdb	7.774	19.852	0.075	44.219
run1-swarm_16_155.pdb	4.577	12.776	0.15	43.148
run1-swarm_10_56.pdb	4.268	11.890	0.225	41.982
run1-swarm_29_21.pdb	8.492	22.787	0.125	41.061
run1-swarm_35_48.pdb	7.974	15.604	0	40.276
run1-swarm_13_27.pdb	4.315	13.048	0.2	39.584
run1-swarm_20_155.pdb	4.134	11.812	0.225	39.124
run1-swarm_11_43.pdb	6.280	21.101	0.075	38.598
run1-swarm_35_19.pdb	10.833	22.132	0	38.502
run1-swarm_9_171.pdb	6.194	19.572	0.05	38.111
run1-swarm_21_84.pdb	3.909	9.284	0.4	38.103
run1-swarm_39_185.pdb	10.953	23.577	0	37.731
run1-swarm_32_118.pdb	4.333	12.161	0.225	37.326
run1-swarm_0_77.pdb	11.253	24.723	0	37.071
run1-swarm_23_30.pdb	9.026	20.423	0	35.184
run1-swarm_24_8.pdb	2.491	4.725	0.6	34.690
run1-swarm_2_125.pdb	11.060	23.836	0	34.645
run1-swarm_33_100.pdb	11.171	22.751	0	34.601
run1-swarm_12_174.pdb	7.064	16.620	0.025	34.553
run1-swarm_17_26.pdb	5.015	14.114	0.125	34.220
run1-swarm_27_199.pdb	7.598	16.576	0	34.202
run1-swarm_42_48.pdb	11.756	27.219	0	34.174
run1-swarm_40_21.pdb	11.488	24.637	0	34.113
run1-swarm_14_37.pdb	5.103	18.118	0.225	34.038
run1-swarm_15_89.pdb	5.250	15.099	0.1	34.010
run1-swarm_0_132.pdb	7.720	13.927	0.025	33.337
run1-swarm_23_119.pdb	12.173	27.599	0	33.135
run1-swarm_36_1.pdb	6.607	21.311	0.05	32.984
run1-swarm_26_154.pdb	7.153	26.427	0.125	32.905
run1-swarm_37_160.pdb	14.976	36.059	0	32.592
run1-swarm_35_80.pdb	6.962	16.630	0.025	32.406
run1-swarm_6_5.pdb	4.677	15.048	0.425	32.290
run1-swarm_10_32.pdb	8.324	24.065	0.025	31.743
run1-swarm_28_97.pdb	7.111	12.798	0.025	31.569
run1-swarm_25_75.pdb	7.076	14.049	0.025	31.545
run1-swarm_37_126.pdb	7.096	23.419	0.075	30.962
run1-swarm_22_35.pdb	4.667	13.020	0.425	30.821
run1-swarm_29_11.pdb	7.420	13.231	0	30.808
run1-swarm_21_106.pdb	4.246	10.091	0.15	30.695
run1-swarm_25_66.pdb	8.072	21.971	0	30.433
run1-swarm_25_64.pdb	4.461	14.184	0.425	30.301
run1-swarm_31_49.pdb	4.707	11.541	0.15	30.281
run1-swarm_32_90.pdb	4.549	11.800	0.45	30.274
run1-swarm_24_35.pdb	4.674	10.935	0.225	30.136
run1-swarm_19_142.pdb	5.955	20.555	0.175	30.082
run1-swarm_12_48.pdb	5.530	15.514	0.25	30.015
run1-swarm_17_21.pdb	6.055	8.873	0	29.820
run1-swarm_8_7.pdb	4.413	14.008	0.25	29.713
run1-swarm_5_132.pdb	6.577	19.161	0	29.680
run1-swarm_3_54.pdb	9.103	30.111	0	29.614
run1-swarm_14_32.pdb	2.512	5.748	0.65	29.534
run1-swarm_18_102.pdb	8.033	23.820	0	29.320
run1-swarm_7_162.pdb	5.205	15.439	0.075	28.834
run1-swarm_40_31.pdb	8.892	17.215	0	28.753
run1-swarm_1_162.pdb	8.725	17.104	0	28.741
run1-swarm_24_107.pdb	5.655	15.856	0.1	28.259
run1-swarm_34_158.pdb	8.062	20.883	0.075	28.153
run1-swarm_18_194.pdb	8.904	27.810	0	28.024
run1-swarm_42_169.pdb	8.686	19.175	0	27.991
run1-swarm_15_111.pdb	4.650	8.440	0.15	27.768
run1-swarm_23_187.pdb	11.353	24.260	0	27.533
run1-swarm_18_198.pdb	5.967	17.123	0.125	27.329
run1-swarm_41_99.pdb	12.184	27.332	0	27.262
run1-swarm_41_132.pdb	13.385	28.684	0	27.104
run1-swarm_38_135.pdb	13.635	30.641	0	27.026
run1-swarm_3_158.pdb	6.824	18.514	0	26.638
run1-swarm_17_166.pdb	5.476	10.540	0.05	26.294
run1-swarm_3_191.pdb	10.021	32.294	0	26.102
run1-swarm_14_161.pdb	7.287	17.270	0.05	25.799
run1-swarm_42_67.pdb	13.496	28.612	0	25.551
run1-swarm_20_178.pdb	4.344	9.080	0.2	25.078
run1-swarm_39_158.pdb	11.920	28.693	0	24.963
run1-swarm_28_150.pdb	4.783	13.246	0.1	24.667
run1-swarm_4_184.pdb	7.894	27.666	0.075	24.536
run1-swarm_4_91.pdb	8.427	34.877	0.025	24.028
run1-swarm_5_27.pdb	5.837	13.678	0.05	23.842
run1-swarm_5_133.pdb	3.987	14.123	0.15	23.740
run1-swarm_33_128.pdb	15.339	33.751	0	23.527
run1-swarm_35_193.pdb	11.775	23.082	0	22.253
run1-swarm_22_93.pdb	5.438	13.193	0.075	21.811
run1-swarm_30_137.pdb	6.943	27.703	0.125	21.612
run1-swarm_1_34.pdb	10.726	20.349	0	21.472
run1-swarm_4_164.pdb	9.034	30.568	0	21.372
run1-swarm_38_34.pdb	10.871	22.604	0	21.231
run1-swarm_3_195.pdb	12.644	29.531	0	20.870
run1-swarm_7_167.pdb	6.713	21.018	0.375	20.597
run1-swarm_22_153.pdb	6.272	16.344	0.2	20.418
run1-swarm_29_65.pdb	3.504	5.163	0.275	20.185
run1-swarm_2_2.pdb	8.056	15.594	0	19.286
run1-swarm_0_73.pdb	10.370	20.490	0	19.019
run1-swarm_6_87.pdb	3.651	8.889	0.4	17.828
run1-swarm_26_80.pdb	7.368	24.004	0	11.324
run1-swarm_31_100.pdb	7.053	19.576	0.3	5.562
