swarm_35_60.pdb	14.919	38.151	0	31.437
swarm_42_25.pdb	18.448	33.195	0.025	30.354
swarm_12_127.pdb	12.638	31.825	0.025	29.555
swarm_39_73.pdb	19.167	42.177	0	27.886
swarm_10_159.pdb	17.123	47.932	0	27.037
swarm_25_123.pdb	7.389	22.762	0.025	26.838
swarm_31_47.pdb	21.873	40.229	0	26.701
swarm_0_5.pdb	18.975	43.561	0	26.512
swarm_44_79.pdb	17.152	31.184	0	26.048
swarm_12_86.pdb	21.173	40.583	0	26.039
swarm_19_140.pdb	20.812	51.589	0	25.911
swarm_21_16.pdb	12.511	32.551	0.025	25.207
swarm_21_98.pdb	13.718	38.847	0	24.952
swarm_20_13.pdb	14.285	22.032	0	24.772
swarm_43_57.pdb	13.493	24.664	0	24.516
swarm_8_182.pdb	20.772	43.106	0	24.416
swarm_38_8.pdb	21.056	52.173	0	23.999
swarm_27_194.pdb	13.205	25.866	0	23.940
swarm_15_195.pdb	15.314	24.511	0	23.860
swarm_34_156.pdb	18.592	39.632	0	23.854
swarm_39_129.pdb	21.020	46.430	0	23.797
swarm_34_163.pdb	19.346	31.067	0	23.791
swarm_29_0.pdb	22.048	52.106	0	23.756
swarm_0_59.pdb	18.812	48.139	0	23.679
swarm_34_161.pdb	17.470	39.735	0	23.590
swarm_27_122.pdb	19.001	32.134	0	23.532
swarm_22_54.pdb	24.091	48.678	0	23.493
swarm_39_127.pdb	21.386	49.418	0	23.386
swarm_43_120.pdb	17.163	30.676	0	23.371
swarm_43_193.pdb	13.949	22.450	0	23.315
swarm_0_84.pdb	21.333	44.649	0	23.308
swarm_31_70.pdb	16.671	43.479	0	23.176
swarm_47_62.pdb	20.630	45.033	0	23.129
swarm_27_132.pdb	18.388	39.107	0	22.913
swarm_37_134.pdb	20.134	51.535	0	22.861
swarm_36_21.pdb	19.407	38.246	0	22.802
swarm_31_186.pdb	21.354	45.339	0	22.719
swarm_48_131.pdb	16.443	31.886	0.05	22.681
swarm_50_94.pdb	20.419	35.299	0	22.596
swarm_39_113.pdb	20.813	54.587	0	22.432
swarm_10_175.pdb	19.229	52.588	0	22.431
swarm_3_157.pdb	18.707	34.986	0	22.331
swarm_20_14.pdb	13.564	27.103	0	22.277
swarm_2_8.pdb	16.577	25.413	0	22.186
swarm_28_108.pdb	19.086	55.979	0	22.143
swarm_50_21.pdb	21.054	39.036	0	21.851
swarm_29_193.pdb	22.583	51.742	0	21.843
swarm_42_109.pdb	15.578	24.778	0	21.838
swarm_39_0.pdb	18.311	49.498	0	21.784
swarm_20_154.pdb	14.324	27.869	0	21.720
swarm_20_57.pdb	12.423	23.569	0.075	21.615
swarm_5_105.pdb	20.810	44.186	0	21.518
swarm_43_16.pdb	12.631	20.454	0	21.279
swarm_9_67.pdb	19.134	44.991	0	21.272
swarm_7_102.pdb	10.348	24.318	0	21.250
swarm_15_33.pdb	16.125	28.118	0	21.241
swarm_50_179.pdb	17.879	33.958	0	21.238
swarm_42_11.pdb	14.645	30.538	0	21.125
swarm_0_160.pdb	20.764	49.583	0	21.113
swarm_32_47.pdb	20.368	39.832	0	20.966
swarm_12_152.pdb	18.966	38.062	0	20.945
swarm_12_98.pdb	20.227	42.780	0	20.944
swarm_31_127.pdb	19.918	38.261	0	20.899
swarm_2_101.pdb	16.845	27.027	0	20.889
swarm_2_43.pdb	20.964	34.205	0	20.806
swarm_0_91.pdb	21.244	47.522	0	20.640
swarm_20_123.pdb	17.198	29.257	0	20.629
swarm_34_198.pdb	14.053	31.213	0	20.526
swarm_45_186.pdb	16.286	26.935	0	20.480
swarm_20_69.pdb	18.078	31.359	0	20.397
swarm_48_155.pdb	15.056	34.313	0.025	20.382
swarm_5_135.pdb	12.700	36.542	0	20.373
swarm_50_55.pdb	15.041	40.138	0	20.358
swarm_21_72.pdb	22.829	42.127	0.025	20.264
swarm_28_198.pdb	18.040	44.889	0	20.202
swarm_22_26.pdb	14.866	37.692	0.05	20.147
swarm_2_76.pdb	12.856	30.366	0	20.091
swarm_42_196.pdb	13.065	24.296	0	20.084
swarm_45_101.pdb	16.488	25.738	0	20.024
swarm_35_73.pdb	13.917	33.928	0	19.967
swarm_18_197.pdb	15.795	27.921	0	19.932
swarm_47_177.pdb	11.706	37.709	0	19.913
swarm_30_32.pdb	15.651	27.843	0	19.836
swarm_7_3.pdb	13.044	27.478	0	19.713
swarm_31_188.pdb	17.568	38.696	0	19.672
swarm_45_29.pdb	10.012	20.045	0.25	19.646
swarm_35_50.pdb	17.644	38.134	0	19.587
swarm_7_36.pdb	14.117	24.069	0	19.570
swarm_45_8.pdb	4.881	12.534	0.125	19.533
swarm_39_175.pdb	18.584	49.922	0	19.432
swarm_47_178.pdb	20.861	39.839	0.025	19.409
swarm_39_71.pdb	16.810	43.266	0	19.407
swarm_13_187.pdb	11.951	30.691	0.1	19.307
swarm_6_51.pdb	12.769	28.541	0	19.275
swarm_0_119.pdb	19.355	48.662	0	19.262
swarm_36_32.pdb	15.947	37.789	0	19.241
swarm_18_20.pdb	12.329	25.129	0.05	19.204
swarm_2_194.pdb	19.335	36.550	0	19.073
swarm_22_136.pdb	16.316	40.748	0	19.046
swarm_32_157.pdb	17.467	36.192	0	19.042
swarm_39_121.pdb	14.153	42.972	0	19.032
swarm_34_101.pdb	17.211	35.398	0.125	18.996
swarm_49_190.pdb	21.772	52.581	0	18.959
swarm_31_7.pdb	18.025	46.910	0	18.756
swarm_15_198.pdb	18.253	30.037	0	18.694
swarm_14_73.pdb	21.225	35.775	0	18.674
swarm_45_136.pdb	11.740	26.793	0	18.626
swarm_36_135.pdb	19.200	39.884	0.025	18.543
swarm_39_137.pdb	18.864	51.638	0	18.540
swarm_49_69.pdb	21.968	44.554	0	18.516
swarm_32_197.pdb	18.973	43.907	0	18.498
swarm_4_113.pdb	20.908	41.815	0	18.458
swarm_0_90.pdb	15.600	37.777	0.025	18.411
swarm_19_196.pdb	19.525	60.345	0	18.342
swarm_7_0.pdb	11.672	22.353	0.05	18.245
swarm_34_192.pdb	16.251	32.256	0	18.219
swarm_17_142.pdb	20.571	41.668	0	18.176
swarm_3_51.pdb	13.619	33.647	0	18.153
swarm_35_106.pdb	18.519	32.407	0	18.138
swarm_36_81.pdb	16.823	29.465	0	18.087
swarm_12_100.pdb	21.744	43.012	0	18.074
swarm_34_26.pdb	15.039	31.777	0.025	18.051
swarm_15_56.pdb	14.306	29.559	0	18.034
swarm_43_70.pdb	15.209	23.551	0	17.843
swarm_42_102.pdb	15.927	26.407	0	17.748
swarm_35_93.pdb	16.308	38.974	0	17.709
swarm_0_137.pdb	21.625	45.899	0	17.685
swarm_32_69.pdb	19.508	37.175	0	17.672
swarm_15_177.pdb	14.612	29.336	0	17.574
swarm_36_146.pdb	17.834	39.374	0	17.571
swarm_32_122.pdb	17.582	46.568	0	17.442
swarm_35_2.pdb	14.376	31.813	0.025	17.426
swarm_21_40.pdb	22.222	45.665	0	17.292
swarm_32_31.pdb	20.151	48.973	0	17.276
swarm_13_71.pdb	15.097	33.598	0	17.002
swarm_21_83.pdb	21.384	42.829	0	16.978
swarm_49_44.pdb	16.592	49.665	0	16.972
swarm_35_162.pdb	15.101	33.875	0	16.962
swarm_17_101.pdb	18.663	47.450	0	16.958
swarm_24_31.pdb	18.432	39.294	0	16.908
swarm_3_33.pdb	18.197	35.300	0	16.808
swarm_50_183.pdb	14.770	36.617	0	16.778
swarm_23_5.pdb	21.122	40.056	0	16.528
swarm_47_58.pdb	24.866	43.986	0	16.475
swarm_2_170.pdb	15.589	26.967	0	16.450
swarm_2_124.pdb	12.846	20.182	0	16.429
swarm_49_7.pdb	23.883	48.043	0	16.397
swarm_27_142.pdb	12.793	28.897	0	16.384
swarm_11_123.pdb	21.902	52.731	0	16.384
swarm_44_80.pdb	19.680	31.720	0	16.337
swarm_17_190.pdb	14.301	37.692	0	16.268
swarm_7_68.pdb	23.783	39.599	0	16.263
swarm_48_97.pdb	18.508	35.056	0	16.154
swarm_7_142.pdb	20.514	35.189	0	16.047
swarm_16_165.pdb	17.984	47.229	0	16.040
swarm_27_195.pdb	12.534	26.028	0.075	16.000
swarm_4_21.pdb	19.073	45.021	0	15.915
swarm_33_179.pdb	21.602	44.671	0	15.912
swarm_36_30.pdb	19.048	39.207	0	15.876
swarm_4_20.pdb	15.485	41.397	0	15.774
swarm_41_2.pdb	18.599	45.674	0	15.720
swarm_41_54.pdb	18.052	44.546	0	15.688
swarm_8_4.pdb	20.592	48.914	0	15.663
swarm_15_159.pdb	15.362	31.033	0.025	15.644
swarm_21_130.pdb	16.653	37.107	0	15.442
swarm_16_60.pdb	17.173	40.841	0	15.329
swarm_45_61.pdb	16.816	29.307	0	15.228
swarm_2_173.pdb	16.684	33.223	0.025	15.218
swarm_36_131.pdb	19.057	39.984	0	15.212
swarm_12_143.pdb	19.092	46.674	0	15.129
swarm_7_69.pdb	22.135	38.739	0	15.128
swarm_8_56.pdb	19.601	53.058	0	15.105
swarm_8_54.pdb	18.268	55.829	0	15.060
swarm_27_193.pdb	15.952	30.722	0	15.033
swarm_22_191.pdb	16.565	40.526	0	15.031
swarm_25_182.pdb	8.860	30.719	0	14.937
swarm_48_26.pdb	18.216	34.640	0	14.876
swarm_47_130.pdb	20.580	38.323	0	14.874
swarm_47_190.pdb	22.630	39.187	0	14.836
swarm_5_0.pdb	16.548	45.568	0	14.752
swarm_15_161.pdb	19.605	34.260	0.05	14.740
swarm_15_128.pdb	16.787	28.278	0	14.723
swarm_48_185.pdb	11.046	34.463	0	14.658
swarm_15_94.pdb	16.132	29.416	0	14.653
swarm_35_117.pdb	23.771	44.316	0	14.624
swarm_4_174.pdb	25.868	51.903	0	14.605
swarm_49_160.pdb	15.083	44.482	0.025	14.548
swarm_34_1.pdb	16.323	32.366	0	14.454
swarm_4_46.pdb	16.042	45.272	0.05	14.409
swarm_4_177.pdb	19.920	45.825	0	14.386
swarm_22_158.pdb	17.558	34.683	0	14.380
swarm_34_173.pdb	15.721	35.220	0	14.349
swarm_18_117.pdb	9.934	20.001	0	14.335
swarm_12_177.pdb	15.085	39.100	0	14.319
swarm_42_127.pdb	11.733	28.436	0.05	14.219
swarm_9_115.pdb	25.483	52.745	0	14.124
swarm_47_167.pdb	18.250	32.858	0	14.083
swarm_4_149.pdb	19.877	39.810	0	14.003
swarm_49_175.pdb	14.864	48.111	0	13.992
swarm_21_138.pdb	14.922	37.371	0	13.991
swarm_31_101.pdb	24.037	44.405	0	13.901
swarm_29_71.pdb	24.384	55.294	0	13.850
swarm_48_1.pdb	25.911	49.419	0	13.809
swarm_36_95.pdb	26.050	46.697	0	13.769
swarm_47_92.pdb	17.147	34.159	0	13.756
swarm_41_181.pdb	18.144	48.562	0	13.753
swarm_4_100.pdb	16.636	44.037	0	13.722
swarm_36_126.pdb	17.400	32.933	0.025	13.656
swarm_17_163.pdb	17.628	42.566	0	13.635
swarm_42_114.pdb	8.243	20.503	0.1	13.631
swarm_17_22.pdb	20.874	44.997	0	13.552
swarm_22_12.pdb	20.997	44.306	0	13.438
swarm_15_130.pdb	17.857	27.790	0	13.405
swarm_47_74.pdb	23.670	45.311	0	13.392
swarm_1_48.pdb	21.573	47.728	0	13.303
swarm_17_83.pdb	23.034	46.785	0	13.276
swarm_48_94.pdb	24.664	44.530	0	13.135
swarm_45_48.pdb	16.777	29.935	0	13.110
swarm_16_49.pdb	18.502	44.395	0.025	12.833
swarm_12_108.pdb	19.035	36.167	0	12.781
swarm_48_158.pdb	17.432	36.390	0	12.685
swarm_47_52.pdb	22.436	37.692	0	12.678
swarm_4_88.pdb	18.956	46.523	0	12.621
swarm_48_27.pdb	21.664	39.718	0	12.577
swarm_7_151.pdb	16.293	29.359	0	12.534
swarm_18_112.pdb	18.649	33.691	0	12.276
swarm_48_62.pdb	17.188	33.845	0	12.173
swarm_48_92.pdb	24.718	43.751	0	12.149
swarm_14_38.pdb	17.508	31.499	0	12.124
swarm_5_122.pdb	16.889	44.385	0	12.121
swarm_36_157.pdb	18.785	42.010	0	12.095
swarm_5_28.pdb	17.202	40.418	0	12.094
swarm_35_108.pdb	16.676	40.034	0	12.046
swarm_18_14.pdb	17.267	30.730	0	11.934
swarm_17_144.pdb	19.690	45.527	0	11.793
swarm_21_48.pdb	14.738	35.780	0	11.565
swarm_18_108.pdb	15.143	33.135	0	11.491
swarm_35_10.pdb	19.844	38.834	0	11.270
swarm_49_82.pdb	20.611	48.136	0	11.215
swarm_7_65.pdb	16.713	27.715	0	11.170
swarm_5_44.pdb	20.021	42.116	0	10.976
swarm_4_118.pdb	25.875	51.285	0	10.941
swarm_18_123.pdb	14.870	33.564	0	10.685
swarm_41_67.pdb	18.474	52.642	0	10.486
swarm_6_125.pdb	23.069	40.829	0	10.398
swarm_12_33.pdb	18.891	45.905	0	10.316
swarm_7_30.pdb	19.747	36.074	0	10.094
swarm_24_139.pdb	14.847	32.803	0	9.974
swarm_5_121.pdb	17.590	47.629	0	8.751
swarm_17_76.pdb	23.229	46.523	0	7.274
swarm_5_195.pdb	20.361	47.953	0	7.262
swarm_2_199.pdb	15.947	31.163	0	7.249
swarm_22_132.pdb	15.976	36.962	0	6.229
swarm_38_95.pdb	16.796	43.620	0	6.082
swarm_3_124.pdb	10.489	20.594	0.05	5.323
swarm_39_8.pdb	15.832	42.313	0	2.447
swarm_44_26.pdb	12.853	24.458	0.025	2.397
swarm_38_121.pdb	17.460	49.434	0	1.572
