swarm_3_44.pdb	10.717	30.676	0	52.671
swarm_2_50.pdb	11.653	30.738	0	49.198
swarm_9_94.pdb	10.179	25.843	0	46.407
swarm_6_177.pdb	12.668	41.643	0	45.157
swarm_3_159.pdb	12.133	32.348	0	44.528
swarm_7_50.pdb	9.301	28.014	0	42.626
swarm_1_54.pdb	13.724	37.575	0	42.048
swarm_5_199.pdb	10.187	32.838	0	41.655
swarm_1_26.pdb	14.243	36.103	0	40.966
swarm_7_104.pdb	14.641	38.164	0	40.889
swarm_0_125.pdb	14.118	41.572	0	40.039
swarm_6_136.pdb	14.415	41.186	0	39.389
swarm_2_191.pdb	13.665	36.238	0.0192308	39.303
swarm_7_164.pdb	7.793	36.976	0.0384615	38.771
swarm_5_103.pdb	13.410	41.165	0.0192308	38.335
swarm_0_24.pdb	10.412	37.509	0.0769231	37.772
swarm_1_139.pdb	9.909	38.891	0.0192308	37.312
swarm_1_8.pdb	14.759	39.072	0	37.039
swarm_5_123.pdb	12.460	40.004	0	37.017
swarm_9_73.pdb	11.091	27.152	0.0769231	36.866
swarm_4_42.pdb	10.311	39.090	0	36.857
swarm_0_19.pdb	11.927	29.465	0	36.527
swarm_3_64.pdb	12.331	39.541	0	36.047
swarm_4_71.pdb	11.294	39.707	0	35.963
swarm_6_191.pdb	13.271	39.305	0	35.904
swarm_5_26.pdb	15.757	40.223	0	35.836
swarm_3_154.pdb	11.097	33.454	0	35.832
swarm_9_57.pdb	12.556	30.294	0	35.769
swarm_7_54.pdb	14.035	34.445	0	35.359
swarm_3_39.pdb	13.342	30.007	0	35.313
swarm_7_45.pdb	14.348	33.624	0	35.007
swarm_5_170.pdb	10.299	35.645	0.0576923	34.946
swarm_0_22.pdb	16.243	39.199	0	34.921
swarm_9_146.pdb	15.177	31.809	0	34.848
swarm_3_23.pdb	15.180	33.446	0	34.662
swarm_4_119.pdb	11.799	44.143	0	34.484
swarm_7_62.pdb	13.824	31.395	0.0961538	34.451
swarm_2_119.pdb	7.999	33.678	0.115385	34.441
swarm_9_191.pdb	3.989	18.886	0.288462	34.048
swarm_1_7.pdb	10.921	36.200	0	34.010
swarm_9_167.pdb	10.216	21.611	0	33.967
swarm_7_107.pdb	11.853	28.497	0	33.892
swarm_9_79.pdb	10.625	26.332	0	33.749
swarm_5_166.pdb	14.622	44.379	0	33.635
swarm_7_162.pdb	13.865	35.364	0	33.573
swarm_8_55.pdb	13.658	42.768	0	33.384
swarm_0_49.pdb	11.173	37.245	0	33.341
swarm_3_70.pdb	10.609	28.723	0	33.190
swarm_0_101.pdb	12.675	33.989	0.0769231	32.920
swarm_2_11.pdb	15.361	39.811	0	32.900
swarm_2_63.pdb	11.055	36.980	0	32.839
swarm_3_138.pdb	12.200	36.768	0	32.682
swarm_7_105.pdb	10.092	28.663	0	32.564
swarm_2_100.pdb	11.853	38.368	0.0192308	32.563
swarm_0_5.pdb	13.569	34.907	0	32.475
swarm_4_139.pdb	15.420	41.524	0	32.242
swarm_9_102.pdb	13.177	34.687	0	32.067
swarm_9_34.pdb	13.743	29.653	0	32.044
swarm_3_87.pdb	10.129	30.430	0	31.812
swarm_5_41.pdb	15.895	45.139	0	31.524
swarm_5_45.pdb	14.802	45.955	0	30.740
swarm_0_20.pdb	15.236	32.974	0	30.664
swarm_7_191.pdb	8.611	27.046	0	30.515
swarm_9_109.pdb	14.339	32.742	0	30.222
swarm_7_128.pdb	15.027	34.246	0	30.010
swarm_6_143.pdb	16.099	45.858	0	29.658
swarm_2_8.pdb	14.756	42.909	0	29.646
swarm_8_153.pdb	10.388	48.101	0.0576923	29.484
swarm_0_180.pdb	14.355	34.817	0	29.243
swarm_2_118.pdb	11.031	36.408	0	29.052
swarm_5_137.pdb	12.583	43.081	0	29.001
swarm_4_106.pdb	14.031	41.496	0	28.919
swarm_5_139.pdb	16.581	41.891	0	28.776
swarm_6_13.pdb	15.863	41.727	0	28.320
swarm_2_168.pdb	13.133	39.568	0	27.919
swarm_7_73.pdb	12.306	33.486	0.0384615	27.649
swarm_5_163.pdb	11.340	38.885	0	27.579
swarm_4_46.pdb	16.797	43.342	0	27.425
swarm_4_131.pdb	11.420	38.698	0	27.348
swarm_7_97.pdb	13.017	31.724	0	27.288
swarm_8_131.pdb	12.226	43.513	0	27.272
swarm_1_80.pdb	13.883	37.563	0	27.053
swarm_8_65.pdb	16.227	45.598	0	26.988
swarm_6_14.pdb	16.157	43.875	0	26.939
swarm_2_92.pdb	13.199	39.817	0	26.121
swarm_2_101.pdb	15.082	40.136	0	26.005
swarm_6_141.pdb	14.945	46.834	0	25.936
swarm_8_111.pdb	10.299	42.035	0	25.838
swarm_4_189.pdb	13.231	40.946	0	25.598
swarm_9_158.pdb	13.206	30.279	0	25.494
swarm_4_164.pdb	14.705	43.875	0	24.815
swarm_2_194.pdb	14.694	39.188	0	24.745
swarm_0_100.pdb	15.203	39.512	0	24.684
swarm_2_40.pdb	10.852	36.364	0	24.370
swarm_1_18.pdb	17.884	44.405	0	24.220
swarm_7_24.pdb	16.317	37.698	0	24.214
swarm_3_9.pdb	16.321	38.639	0	24.168
swarm_1_117.pdb	13.915	40.768	0	23.701
swarm_9_72.pdb	11.634	29.812	0	23.413
swarm_4_11.pdb	15.510	42.998	0	23.210
swarm_6_86.pdb	14.223	43.088	0	23.198
swarm_4_97.pdb	16.105	44.508	0	22.896
swarm_4_152.pdb	13.413	46.048	0.0384615	22.406
swarm_1_143.pdb	11.488	36.247	0	22.370
swarm_8_135.pdb	13.176	47.288	0	22.169
swarm_0_59.pdb	10.847	33.348	0.0576923	20.905
swarm_2_75.pdb	12.475	38.427	0	20.687
swarm_7_52.pdb	13.689	34.661	0	20.527
swarm_8_13.pdb	15.274	46.318	0	20.019
swarm_0_143.pdb	8.987	34.544	0	19.885
swarm_0_161.pdb	12.736	34.246	0	19.817
swarm_1_153.pdb	8.816	37.672	0	19.719
swarm_6_90.pdb	13.495	43.344	0	18.400
swarm_8_184.pdb	15.362	53.137	0	18.267
swarm_5_102.pdb	14.227	42.438	0.0192308	18.232
swarm_6_174.pdb	14.159	44.820	0.0192308	18.158
swarm_8_77.pdb	15.157	46.398	0	18.042
swarm_8_58.pdb	14.074	43.982	0	17.722
swarm_3_191.pdb	16.088	37.631	0	17.686
swarm_8_47.pdb	13.214	44.452	0	17.232
swarm_2_169.pdb	14.711	42.321	0	17.083
swarm_5_21.pdb	15.165	45.040	0	15.503
swarm_9_176.pdb	12.676	27.812	0	14.818
swarm_1_74.pdb	14.682	34.709	0	13.489
swarm_6_4.pdb	15.213	44.002	0	11.855
swarm_0_61.pdb	10.220	36.151	0	11.016
swarm_8_79.pdb	17.029	49.063	0	9.614
swarm_1_111.pdb	14.954	42.142	0	8.804
swarm_6_190.pdb	13.756	37.528	0	6.775
swarm_5_24.pdb	13.538	45.289	0	2.538
