swarm_22_106.pdb	3.317	13.051	0.480769	43.787
swarm_38_161.pdb	2.452	14.963	0.673077	42.819
swarm_36_29.pdb	2.487	11.899	0.557692	41.732
swarm_6_124.pdb	2.610	12.366	0.423077	41.380
swarm_21_110.pdb	2.594	15.324	0.596154	39.296
swarm_24_54.pdb	2.173	17.036	0.692308	39.209
swarm_14_192.pdb	2.762	23.507	0.538462	38.649
swarm_43_88.pdb	2.804	10.509	0.365385	37.809
swarm_20_29.pdb	3.767	12.505	0.211538	36.170
swarm_20_111.pdb	2.576	18.750	0.5	35.372
swarm_20_93.pdb	4.137	5.779	0.153846	34.347
swarm_32_66.pdb	4.289	5.853	0.0961538	33.360
swarm_32_83.pdb	8.292	9.445	0	32.136
swarm_26_160.pdb	2.503	20.876	0.5	32.001
swarm_39_186.pdb	10.018	35.025	0.0384615	30.892
swarm_8_183.pdb	10.055	35.576	0.0576923	30.704
swarm_31_153.pdb	9.726	20.529	0	30.691
swarm_6_15.pdb	3.945	18.155	0.403846	30.546
swarm_0_143.pdb	5.165	7.441	0.153846	30.174
swarm_19_26.pdb	4.066	10.967	0.0961538	30.072
swarm_16_144.pdb	3.726	28.348	0.365385	29.619
swarm_24_187.pdb	4.021	29.207	0.269231	29.563
swarm_25_105.pdb	4.450	27.833	0.230769	29.530
swarm_49_177.pdb	8.512	14.513	0.134615	28.754
swarm_43_117.pdb	4.858	6.834	0.0576923	28.741
swarm_17_20.pdb	5.938	28.575	0.346154	28.712
swarm_20_91.pdb	3.893	19.369	0.423077	28.699
swarm_18_20.pdb	7.452	11.694	0.0769231	28.153
swarm_29_54.pdb	8.089	9.274	0	27.625
swarm_15_54.pdb	8.452	34.519	0.153846	27.136
swarm_4_183.pdb	8.518	34.565	0.0384615	26.941
swarm_49_49.pdb	8.056	9.887	0	26.911
swarm_31_98.pdb	5.713	6.955	0	26.734
swarm_18_1.pdb	5.587	4.085	0.0192308	26.688
swarm_51_23.pdb	9.222	14.024	0	25.725
swarm_42_156.pdb	5.307	32.046	0.0769231	25.676
swarm_30_137.pdb	7.028	39.148	0.0384615	25.371
swarm_21_39.pdb	7.425	30.635	0.134615	25.347
swarm_29_174.pdb	8.333	13.040	0	25.318
swarm_40_183.pdb	5.544	32.824	0.0576923	24.477
swarm_33_123.pdb	4.063	16.193	0.211538	24.462
swarm_2_53.pdb	5.881	17.434	0.0576923	24.462
swarm_14_4.pdb	6.453	29.240	0.211538	24.316
swarm_26_37.pdb	6.250	34.144	0.0192308	24.185
swarm_0_166.pdb	8.128	11.178	0	24.052
swarm_16_146.pdb	4.542	24.445	0.403846	24.041
swarm_12_151.pdb	8.454	35.068	0	23.996
swarm_35_172.pdb	8.025	30.395	0.115385	23.812
swarm_37_194.pdb	8.483	30.353	0.115385	23.482
swarm_54_137.pdb	4.697	17.165	0.115385	23.449
swarm_12_144.pdb	6.554	37.862	0.0192308	23.438
swarm_17_108.pdb	5.213	29.241	0.0961538	23.320
swarm_53_143.pdb	8.923	14.493	0	23.292
swarm_1_110.pdb	9.426	37.590	0.0192308	23.231
swarm_1_17.pdb	7.058	36.803	0.0192308	22.892
swarm_15_176.pdb	5.669	24.964	0.269231	22.725
swarm_38_54.pdb	5.058	23.069	0.153846	22.455
swarm_11_106.pdb	7.122	8.644	0	22.445
swarm_22_185.pdb	10.473	22.855	0	22.379
swarm_36_75.pdb	4.913	18.541	0.153846	22.259
swarm_17_49.pdb	6.258	35.696	0	22.158
swarm_16_159.pdb	8.312	31.865	0.0769231	22.126
swarm_35_179.pdb	5.801	25.109	0.0961538	22.102
swarm_15_49.pdb	6.810	27.351	0.0576923	21.991
swarm_40_158.pdb	6.541	31.465	0.25	21.698
swarm_33_172.pdb	7.379	21.014	0.0384615	21.237
swarm_22_163.pdb	12.389	25.787	0	21.189
swarm_4_113.pdb	7.930	32.789	0.0192308	21.099
swarm_10_61.pdb	5.954	30.267	0.288462	21.010
swarm_44_60.pdb	8.312	20.508	0	20.838
swarm_38_192.pdb	6.814	24.752	0	20.720
swarm_20_56.pdb	5.144	13.809	0.0961538	20.561
swarm_0_135.pdb	9.838	16.398	0	20.461
swarm_42_188.pdb	7.383	37.737	0	20.096
swarm_5_107.pdb	10.520	16.194	0	19.996
swarm_48_108.pdb	11.152	20.710	0	19.907
swarm_14_197.pdb	4.167	26.329	0.326923	19.747
swarm_22_48.pdb	7.632	22.785	0.0192308	19.633
swarm_21_42.pdb	6.903	21.176	0	19.415
swarm_43_182.pdb	9.465	16.707	0	19.322
swarm_23_99.pdb	6.582	36.767	0	19.253
swarm_36_65.pdb	10.728	20.895	0	19.077
swarm_1_115.pdb	6.011	30.927	0.115385	19.019
swarm_19_58.pdb	6.027	19.835	0.0961538	18.796
swarm_46_49.pdb	8.555	33.234	0.0192308	18.669
swarm_1_123.pdb	7.363	37.714	0	18.630
swarm_25_18.pdb	8.635	31.418	0	17.364
swarm_22_79.pdb	4.309	15.370	0.365385	17.136
swarm_41_127.pdb	7.232	36.937	0	17.035
swarm_24_77.pdb	7.350	29.176	0.153846	16.929
swarm_23_194.pdb	8.206	39.609	0	16.273
swarm_47_52.pdb	6.711	36.341	0.0192308	16.024
swarm_34_35.pdb	7.951	39.088	0.0192308	15.899
swarm_10_25.pdb	7.449	27.598	0.0384615	15.654
swarm_41_31.pdb	8.743	36.291	0.173077	14.193
swarm_17_149.pdb	7.444	34.415	0.0192308	13.841
swarm_38_156.pdb	7.124	33.761	0.0769231	11.802
swarm_23_29.pdb	9.497	46.907	0	9.354
swarm_35_124.pdb	6.280	20.700	0.0192308	5.684
swarm_32_148.pdb	12.334	20.092	0	1.401
swarm_32_25.pdb	8.759	19.589	0	0.748
