swarm_36_89.pdb	11.383	19.012	0	34.938
swarm_0_68.pdb	11.714	21.968	0.0384615	34.765
swarm_9_60.pdb	11.387	22.556	0	34.634
swarm_20_176.pdb	12.254	26.345	0	33.991
swarm_0_56.pdb	11.602	21.788	0.0384615	33.282
swarm_10_33.pdb	11.596	27.149	0	32.140
swarm_6_26.pdb	11.635	20.219	0.0192308	31.563
swarm_19_27.pdb	13.845	24.707	0	31.470
swarm_11_13.pdb	11.901	22.148	0.0769231	31.470
swarm_0_71.pdb	12.560	22.907	0.0576923	30.709
swarm_36_123.pdb	13.708	21.264	0	30.379
swarm_0_194.pdb	14.825	23.092	0	30.372
swarm_3_76.pdb	14.619	23.434	0	30.307
swarm_13_131.pdb	13.655	21.621	0	30.072
swarm_37_181.pdb	13.079	26.893	0.0384615	29.855
swarm_7_45.pdb	12.248	23.891	0.0192308	29.732
swarm_13_154.pdb	13.158	23.219	0.0769231	29.688
swarm_2_81.pdb	10.394	30.822	0	29.638
swarm_19_113.pdb	11.982	21.992	0	29.620
swarm_0_118.pdb	13.582	21.790	0	29.583
swarm_9_180.pdb	11.961	28.537	0	29.439
swarm_25_54.pdb	12.545	24.310	0.0192308	29.208
swarm_13_164.pdb	14.081	23.513	0	29.207
swarm_11_154.pdb	13.468	21.860	0	29.072
swarm_7_166.pdb	13.176	24.343	0	28.976
swarm_34_70.pdb	10.830	20.147	0.0192308	28.846
swarm_26_86.pdb	10.401	24.375	0	28.758
swarm_7_69.pdb	7.818	15.872	0	28.747
swarm_16_69.pdb	10.342	29.461	0	28.729
swarm_22_19.pdb	10.271	34.985	0	28.710
swarm_38_192.pdb	14.530	22.383	0	28.677
swarm_11_166.pdb	13.568	21.675	0	28.657
swarm_31_161.pdb	9.879	20.856	0	28.411
swarm_21_89.pdb	14.110	25.206	0	28.227
swarm_15_14.pdb	9.895	20.082	0.0192308	28.005
swarm_18_152.pdb	15.685	29.799	0	27.933
swarm_6_142.pdb	13.036	23.364	0	27.636
swarm_34_54.pdb	12.218	21.534	0	27.447
swarm_6_121.pdb	9.809	22.440	0.0192308	27.324
swarm_42_151.pdb	13.827	23.911	0	27.197
swarm_5_47.pdb	13.111	23.625	0.0192308	27.175
swarm_43_97.pdb	11.791	22.280	0.0192308	27.159
swarm_19_80.pdb	12.607	21.121	0	27.157
swarm_13_109.pdb	12.482	21.998	0	27.010
swarm_25_45.pdb	15.062	24.526	0	26.977
swarm_30_130.pdb	11.397	23.383	0	26.964
swarm_21_140.pdb	13.578	30.074	0	26.911
swarm_19_31.pdb	10.607	25.396	0.0192308	26.898
swarm_36_3.pdb	10.038	18.591	0.0384615	26.757
swarm_19_134.pdb	11.942	20.794	0	26.666
swarm_29_175.pdb	11.977	22.587	0	26.536
swarm_9_116.pdb	11.266	31.230	0.0961538	26.268
swarm_0_39.pdb	12.993	20.446	0.115385	26.239
swarm_0_3.pdb	13.630	20.872	0	26.238
swarm_4_91.pdb	11.312	24.747	0	26.230
swarm_29_155.pdb	13.083	21.415	0.0192308	26.070
swarm_13_14.pdb	14.507	23.446	0	26.055
swarm_5_152.pdb	12.261	22.672	0	26.015
swarm_19_164.pdb	12.141	20.921	0	25.974
swarm_13_66.pdb	15.631	23.841	0	25.971
swarm_25_122.pdb	12.919	23.109	0	25.875
swarm_19_0.pdb	12.177	21.601	0	25.844
swarm_9_64.pdb	13.082	23.157	0	25.686
swarm_25_59.pdb	11.876	21.298	0.0192308	25.649
swarm_36_108.pdb	10.306	18.667	0	25.524
swarm_20_177.pdb	11.997	24.555	0	25.520
swarm_3_160.pdb	14.103	37.896	0	25.353
swarm_11_168.pdb	13.546	27.184	0.0192308	25.309
swarm_0_97.pdb	13.801	21.949	0	25.217
swarm_5_91.pdb	8.712	18.674	0	25.211
swarm_10_128.pdb	11.704	26.191	0.0576923	25.195
swarm_8_91.pdb	15.493	29.311	0	25.131
swarm_6_7.pdb	8.428	19.995	0.134615	25.119
swarm_8_105.pdb	10.248	29.566	0	25.085
swarm_10_159.pdb	13.764	30.026	0	25.073
swarm_28_56.pdb	8.325	12.632	0.0576923	25.069
swarm_29_84.pdb	13.211	22.991	0	25.047
swarm_18_83.pdb	14.298	23.638	0	24.858
swarm_34_108.pdb	12.331	22.726	0	24.829
swarm_19_71.pdb	10.659	19.404	0	24.767
swarm_0_164.pdb	13.910	18.775	0	24.720
swarm_19_130.pdb	11.192	20.588	0.0192308	24.710
swarm_23_80.pdb	11.765	37.029	0	24.440
swarm_25_11.pdb	16.648	25.334	0	24.371
swarm_18_162.pdb	14.780	33.834	0	24.303
swarm_11_138.pdb	11.184	16.917	0	24.276
swarm_38_124.pdb	14.275	22.283	0.0961538	24.244
swarm_19_47.pdb	12.140	23.623	0	24.187
swarm_38_111.pdb	8.146	10.969	0	23.986
swarm_9_106.pdb	11.627	23.850	0	23.952
swarm_25_118.pdb	14.039	24.991	0	23.942
swarm_12_25.pdb	6.283	33.795	0.134615	23.933
swarm_8_30.pdb	12.699	26.275	0	23.929
swarm_4_199.pdb	10.908	31.019	0	23.890
swarm_43_136.pdb	13.491	27.742	0	23.870
swarm_9_103.pdb	10.321	22.632	0	23.838
swarm_29_169.pdb	14.704	21.988	0	23.797
swarm_42_73.pdb	16.566	23.877	0	23.731
swarm_13_138.pdb	13.374	24.001	0	23.644
swarm_6_190.pdb	14.628	26.967	0	23.618
swarm_7_112.pdb	14.373	24.902	0	23.602
swarm_9_98.pdb	12.396	28.911	0	23.526
swarm_3_46.pdb	14.035	31.568	0	23.516
swarm_35_153.pdb	12.911	23.337	0.0384615	23.492
swarm_11_19.pdb	13.649	22.378	0	23.460
swarm_21_82.pdb	11.000	24.457	0	23.441
swarm_2_48.pdb	9.334	22.471	0	23.369
swarm_11_167.pdb	13.039	22.641	0	23.312
swarm_11_147.pdb	10.017	28.457	0	23.288
swarm_43_38.pdb	13.313	24.223	0	23.124
swarm_19_173.pdb	10.327	17.970	0	23.016
swarm_9_183.pdb	11.775	22.630	0	22.875
swarm_8_41.pdb	14.789	29.145	0	22.729
swarm_26_156.pdb	13.550	28.317	0.0576923	22.707
swarm_42_186.pdb	15.006	25.798	0.0192308	22.692
swarm_43_154.pdb	12.731	22.376	0	22.664
swarm_7_110.pdb	12.850	23.659	0	22.496
swarm_21_168.pdb	10.214	24.017	0	22.476
swarm_40_108.pdb	12.729	23.610	0	22.475
swarm_35_48.pdb	13.877	26.109	0.0961538	22.469
swarm_18_126.pdb	17.513	27.512	0	22.467
swarm_36_51.pdb	13.309	21.776	0	22.392
swarm_37_139.pdb	13.245	26.050	0	22.390
swarm_42_199.pdb	13.471	19.032	0	22.308
swarm_25_91.pdb	12.544	37.440	0	22.298
swarm_9_3.pdb	13.448	31.925	0	22.075
swarm_17_4.pdb	11.439	22.388	0.0576923	22.039
swarm_7_85.pdb	10.728	21.764	0	22.002
swarm_19_55.pdb	12.337	23.113	0	21.963
swarm_36_156.pdb	9.376	18.726	0.0384615	21.837
swarm_18_85.pdb	15.178	30.857	0	21.802
swarm_32_164.pdb	12.713	35.280	0	21.683
swarm_8_133.pdb	12.118	29.389	0	21.653
swarm_17_66.pdb	12.514	42.298	0	21.645
swarm_40_199.pdb	11.705	15.380	0	21.589
swarm_9_59.pdb	12.731	26.115	0	21.575
swarm_18_181.pdb	15.813	27.238	0	21.555
swarm_6_36.pdb	13.884	24.101	0	21.441
swarm_17_199.pdb	12.387	23.513	0	21.327
swarm_11_123.pdb	13.687	22.250	0	21.302
swarm_25_172.pdb	11.164	14.909	0	21.125
swarm_42_14.pdb	11.033	23.523	0	21.091
swarm_11_113.pdb	13.424	29.772	0	21.083
swarm_20_139.pdb	9.983	23.944	0	21.069
swarm_7_99.pdb	6.887	12.090	0.0384615	21.058
swarm_29_164.pdb	12.110	21.046	0	21.044
swarm_15_92.pdb	7.517	27.200	0.134615	20.974
swarm_5_23.pdb	14.544	31.549	0	20.900
swarm_18_93.pdb	14.224	29.150	0	20.873
swarm_32_106.pdb	13.144	41.891	0	20.832
swarm_35_182.pdb	17.068	26.313	0	20.831
swarm_15_86.pdb	13.388	34.228	0	20.801
swarm_0_46.pdb	9.861	19.507	0.0384615	20.659
swarm_12_32.pdb	11.328	35.918	0	20.415
swarm_14_119.pdb	18.077	43.862	0	20.345
swarm_38_54.pdb	15.887	23.100	0	20.309
swarm_13_12.pdb	11.421	20.240	0	20.265
swarm_2_166.pdb	9.953	23.677	0.0192308	20.235
swarm_24_123.pdb	13.442	43.455	0	20.206
swarm_31_113.pdb	14.778	38.588	0	20.186
swarm_0_8.pdb	8.160	10.899	0	20.139
swarm_9_194.pdb	12.203	28.019	0	20.115
swarm_25_171.pdb	10.532	39.573	0	20.008
swarm_2_11.pdb	13.434	24.992	0	20.007
swarm_9_197.pdb	13.964	26.764	0	19.911
swarm_21_185.pdb	13.274	23.090	0.0192308	19.906
swarm_2_106.pdb	7.503	19.461	0.0192308	19.839
swarm_16_65.pdb	14.094	36.401	0.0192308	19.826
swarm_10_55.pdb	14.695	31.349	0	19.802
swarm_0_112.pdb	11.757	21.391	0	19.793
swarm_39_121.pdb	14.484	31.378	0	19.667
swarm_30_77.pdb	16.529	31.203	0	19.617
swarm_20_179.pdb	15.100	30.708	0	19.579
swarm_10_61.pdb	14.701	36.531	0	19.507
swarm_11_57.pdb	17.911	36.032	0	19.448
swarm_29_119.pdb	15.796	22.141	0	19.393
swarm_43_9.pdb	14.193	22.801	0.0384615	19.353
swarm_12_42.pdb	12.055	39.308	0.0384615	19.331
swarm_30_50.pdb	13.801	28.228	0	19.303
swarm_19_59.pdb	11.561	27.446	0	19.153
swarm_2_184.pdb	12.791	30.313	0	19.146
swarm_17_119.pdb	15.493	25.812	0	19.062
swarm_4_53.pdb	13.721	36.420	0	19.051
swarm_32_65.pdb	12.447	35.344	0	18.944
swarm_9_3.pdb	15.113	31.258	0	18.930
swarm_20_96.pdb	15.926	35.236	0	18.786
swarm_36_120.pdb	11.695	22.218	0.0192308	18.751
swarm_40_139.pdb	9.931	20.383	0.153846	18.694
swarm_8_160.pdb	15.215	32.835	0	18.682
swarm_32_156.pdb	14.380	35.642	0	18.640
swarm_32_198.pdb	12.028	34.153	0	18.635
swarm_10_134.pdb	14.356	30.847	0	18.629
swarm_6_72.pdb	9.490	32.221	0.0192308	18.586
swarm_9_99.pdb	12.230	24.791	0	18.576
swarm_12_62.pdb	11.703	42.888	0	18.530
swarm_26_21.pdb	9.240	33.363	0.0384615	18.484
swarm_15_134.pdb	14.256	24.914	0	18.474
swarm_27_33.pdb	13.755	24.084	0.0192308	18.357
swarm_24_40.pdb	12.702	39.203	0	18.233
swarm_26_165.pdb	15.197	35.325	0	18.154
swarm_30_143.pdb	11.208	31.845	0	18.027
swarm_3_75.pdb	16.917	36.478	0	18.016
swarm_10_21.pdb	9.158	31.606	0	17.973
swarm_21_136.pdb	12.628	26.399	0	17.941
swarm_42_123.pdb	10.288	20.304	0.0384615	17.859
swarm_15_163.pdb	10.483	24.857	0	17.750
swarm_30_52.pdb	13.618	29.358	0	17.662
swarm_11_143.pdb	15.438	36.271	0	17.613
swarm_31_117.pdb	14.264	36.727	0	17.591
swarm_4_50.pdb	15.503	29.553	0	17.570
swarm_6_195.pdb	13.009	23.410	0	17.566
swarm_16_4.pdb	12.289	32.290	0	17.498
swarm_19_5.pdb	14.402	22.774	0	17.448
swarm_20_56.pdb	18.874	38.428	0	17.227
swarm_3_77.pdb	17.927	29.150	0	17.196
swarm_2_61.pdb	13.224	32.053	0	17.090
swarm_24_145.pdb	11.988	33.893	0	17.026
swarm_7_143.pdb	7.597	36.596	0.153846	17.020
swarm_36_2.pdb	10.761	34.798	0	16.958
swarm_7_110.pdb	11.989	36.990	0.0192308	16.923
swarm_29_160.pdb	14.302	23.284	0.0576923	16.875
swarm_40_185.pdb	17.449	25.660	0	16.698
swarm_19_88.pdb	10.895	19.355	0	16.607
swarm_20_116.pdb	9.657	32.135	0	16.572
swarm_44_122.pdb	12.014	25.062	0	16.570
swarm_21_64.pdb	13.257	29.849	0	16.546
swarm_6_52.pdb	15.640	27.957	0	16.542
swarm_4_114.pdb	14.283	33.567	0	16.521
swarm_20_149.pdb	13.104	31.336	0	16.394
swarm_19_149.pdb	10.910	17.679	0	16.306
swarm_38_102.pdb	15.240	48.571	0	16.258
swarm_11_3.pdb	10.727	32.234	0	16.255
swarm_42_87.pdb	13.544	27.335	0	16.253
swarm_20_74.pdb	12.489	27.393	0	16.174
swarm_3_164.pdb	16.201	38.338	0	16.143
swarm_33_25.pdb	12.740	39.488	0	15.894
swarm_16_24.pdb	12.969	29.444	0	15.851
swarm_9_155.pdb	12.589	34.867	0.0384615	15.830
swarm_17_163.pdb	16.918	31.838	0	15.828
swarm_19_178.pdb	12.557	21.566	0.0192308	15.714
swarm_4_43.pdb	16.623	37.580	0	15.668
swarm_28_172.pdb	12.563	19.346	0	15.581
swarm_42_39.pdb	14.712	26.667	0	15.568
swarm_18_32.pdb	10.654	26.617	0.0576923	15.568
swarm_11_172.pdb	15.658	40.156	0	15.509
swarm_11_145.pdb	12.498	20.752	0	15.470
swarm_26_32.pdb	14.610	32.765	0	15.437
swarm_11_134.pdb	15.614	34.978	0	15.420
swarm_24_126.pdb	12.502	38.223	0	15.350
swarm_18_31.pdb	15.031	35.024	0	15.343
swarm_18_27.pdb	13.032	28.890	0	15.256
swarm_10_157.pdb	14.452	34.913	0	15.231
swarm_5_0.pdb	10.292	18.591	0.0192308	15.225
swarm_5_5.pdb	11.484	21.536	0	15.185
swarm_24_144.pdb	16.761	43.333	0	15.110
swarm_17_198.pdb	14.111	22.638	0	15.104
swarm_25_107.pdb	15.149	20.434	0	15.045
swarm_10_190.pdb	13.400	28.817	0	14.978
swarm_11_173.pdb	15.374	36.002	0	14.811
swarm_23_119.pdb	11.574	41.269	0	14.666
swarm_36_1.pdb	18.802	40.615	0	14.655
swarm_20_7.pdb	15.107	31.752	0	14.628
swarm_8_170.pdb	14.970	29.831	0	14.592
swarm_17_197.pdb	10.477	24.072	0	14.527
swarm_21_10.pdb	16.218	32.945	0	14.505
swarm_38_45.pdb	14.498	25.095	0	14.494
swarm_6_170.pdb	10.321	31.149	0.0576923	14.492
swarm_3_132.pdb	7.994	32.475	0	14.438
swarm_4_181.pdb	11.261	33.332	0	14.351
swarm_32_181.pdb	16.719	41.053	0	14.074
swarm_36_4.pdb	12.607	20.285	0	14.067
swarm_33_80.pdb	11.277	37.411	0	13.938
swarm_6_79.pdb	8.470	20.236	0	13.928
swarm_4_92.pdb	16.233	34.164	0.0384615	13.891
swarm_17_133.pdb	11.570	21.798	0	13.847
swarm_33_60.pdb	12.867	36.651	0	13.791
swarm_17_61.pdb	14.651	25.256	0	13.715
swarm_31_32.pdb	13.813	32.039	0	13.585
swarm_8_81.pdb	14.173	27.566	0	13.336
swarm_8_125.pdb	16.459	32.092	0	13.234
swarm_31_179.pdb	14.861	32.658	0	13.132
swarm_18_77.pdb	16.935	34.863	0	13.088
swarm_32_2.pdb	14.299	40.194	0	13.071
swarm_3_198.pdb	16.088	33.820	0	12.885
swarm_3_60.pdb	8.922	31.839	0	12.783
swarm_33_85.pdb	14.571	45.021	0	12.763
swarm_6_38.pdb	13.275	26.452	0.0384615	12.700
swarm_21_27.pdb	9.615	29.055	0	12.690
swarm_11_147.pdb	11.652	21.853	0	12.560
swarm_16_105.pdb	9.825	25.852	0.0192308	12.539
swarm_26_55.pdb	14.753	35.086	0	11.535
swarm_3_192.pdb	14.651	24.156	0	11.426
swarm_32_113.pdb	18.174	40.478	0	10.979
swarm_19_94.pdb	15.327	28.856	0	10.415
swarm_31_28.pdb	10.143	22.898	0.0384615	10.341
swarm_21_69.pdb	15.206	31.652	0	9.927
swarm_21_141.pdb	16.540	34.702	0	9.900
swarm_36_195.pdb	13.556	21.907	0	9.519
swarm_11_23.pdb	17.518	41.836	0	9.442
swarm_15_81.pdb	15.049	29.419	0	9.050
swarm_19_165.pdb	16.313	26.949	0	7.706
swarm_43_63.pdb	12.809	23.915	0	6.902
swarm_37_190.pdb	9.459	38.091	0	6.042
swarm_17_109.pdb	14.114	24.036	0	5.462
swarm_19_185.pdb	15.379	26.580	0	5.193
swarm_6_163.pdb	14.146	31.774	0	5.117
swarm_9_37.pdb	7.535	18.880	0.211538	4.834
swarm_18_68.pdb	12.206	27.771	0	4.266
swarm_14_191.pdb	15.790	42.941	0	3.904
swarm_35_183.pdb	12.029	18.662	0	2.258
