swarm_359_69.pdb	12.108	28.094	0	26.933
swarm_12_27.pdb	9.227	12.261	0	26.391
swarm_394_13.pdb	11.677	19.416	0	26.341
swarm_373_147.pdb	13.023	21.072	0	25.242
swarm_34_167.pdb	12.664	21.647	0	25.096
swarm_31_116.pdb	14.921	22.915	0.0192308	24.010
swarm_375_6.pdb	10.318	20.508	0.0384615	23.036
swarm_359_63.pdb	11.218	25.736	0	22.683
swarm_371_187.pdb	10.321	19.247	0.0769231	21.995
swarm_377_82.pdb	10.957	32.801	0	21.813
swarm_146_40.pdb	11.191	17.732	0.0769231	21.532
swarm_375_179.pdb	11.889	20.861	0	21.510
swarm_377_197.pdb	15.334	29.611	0	21.483
swarm_388_44.pdb	13.104	20.416	0	21.428
swarm_268_141.pdb	14.201	25.176	0.0384615	21.419
swarm_7_27.pdb	12.193	21.821	0.0192308	21.299
swarm_34_175.pdb	14.104	21.965	0	21.284
swarm_372_186.pdb	13.290	21.624	0	21.237
swarm_354_124.pdb	10.223	17.054	0	21.229
swarm_146_24.pdb	11.144	18.653	0	21.046
swarm_373_142.pdb	11.760	21.479	0	20.893
swarm_359_28.pdb	9.707	23.489	0.153846	20.892
swarm_40_178.pdb	11.738	33.764	0.0384615	20.731
swarm_373_34.pdb	13.313	21.677	0	20.568
swarm_34_168.pdb	14.985	24.272	0.0576923	20.426
swarm_34_116.pdb	15.535	23.741	0	20.323
swarm_385_102.pdb	12.497	21.549	0.0384615	20.277
swarm_268_83.pdb	13.576	30.349	0.0192308	20.271
swarm_385_73.pdb	13.188	23.854	0	20.243
swarm_359_170.pdb	6.370	29.190	0.230769	20.008
swarm_362_58.pdb	11.741	34.666	0.115385	19.810
swarm_396_88.pdb	10.844	21.695	0	19.771
swarm_394_41.pdb	13.373	24.967	0	19.492
swarm_347_2.pdb	13.080	31.247	0.0192308	19.447
swarm_396_28.pdb	13.531	25.481	0	19.438
swarm_12_20.pdb	12.888	23.712	0	19.154
swarm_375_112.pdb	13.968	26.800	0.0384615	19.106
swarm_394_194.pdb	8.334	20.421	0.0961538	19.092
swarm_394_136.pdb	12.735	25.562	0	19.033
swarm_375_148.pdb	10.726	24.903	0	18.993
swarm_73_175.pdb	13.065	28.365	0.0769231	18.868
swarm_135_195.pdb	8.989	14.360	0	18.463
swarm_146_95.pdb	7.994	19.074	0.153846	18.397
swarm_12_57.pdb	13.723	22.862	0.0576923	18.328
swarm_379_8.pdb	7.572	22.068	0.134615	18.227
swarm_371_100.pdb	7.664	9.533	0	18.184
swarm_347_170.pdb	9.946	32.235	0.115385	18.019
swarm_375_199.pdb	15.379	28.765	0	18.001
swarm_394_69.pdb	11.775	20.559	0.0576923	17.950
swarm_373_73.pdb	12.505	21.006	0	17.919
swarm_7_61.pdb	10.965	24.824	0.0576923	17.885
swarm_347_63.pdb	11.624	28.639	0.0384615	17.849
swarm_373_108.pdb	13.442	24.977	0	17.263
swarm_385_5.pdb	8.276	18.550	0.0769231	17.212
swarm_12_5.pdb	3.605	9.756	0.326923	17.038
swarm_397_176.pdb	11.143	36.095	0	16.899
swarm_362_77.pdb	13.190	34.144	0	16.847
swarm_34_163.pdb	8.607	15.674	0.0961538	16.828
swarm_380_25.pdb	10.235	31.026	0	16.689
swarm_374_2.pdb	8.504	22.813	0.0576923	16.591
swarm_393_146.pdb	12.127	28.719	0	16.577
swarm_373_97.pdb	9.253	15.839	0	16.407
swarm_83_176.pdb	13.779	41.976	0.0384615	16.399
swarm_268_76.pdb	10.705	20.031	0.0384615	16.148
swarm_359_62.pdb	11.071	29.907	0	15.838
swarm_7_163.pdb	10.638	20.474	0	15.563
swarm_380_136.pdb	8.826	30.678	0.153846	15.469
swarm_42_118.pdb	10.949	37.507	0.0192308	15.441
swarm_394_148.pdb	12.885	22.689	0.115385	15.370
swarm_360_62.pdb	4.503	24.257	0.173077	15.185
swarm_388_144.pdb	8.500	15.245	0.153846	14.301
swarm_372_175.pdb	11.769	24.053	0	13.804
swarm_14_84.pdb	8.631	29.616	0.0384615	13.725
swarm_362_82.pdb	11.012	38.867	0.0576923	13.478
swarm_397_193.pdb	11.890	36.721	0.0384615	13.264
swarm_398_60.pdb	8.373	31.265	0.153846	13.224
swarm_16_90.pdb	14.192	36.423	0	12.836
swarm_364_119.pdb	4.309	24.300	0.173077	12.410
swarm_364_9.pdb	14.543	37.491	0.0384615	10.362
swarm_376_70.pdb	14.835	42.795	0.0192308	6.916
swarm_374_158.pdb	17.079	34.699	0	0.837
