run0-swarm_1_106.pdb	16.834	57.658	0	45.534
run0-swarm_19_131.pdb	2.772	9.052	0.5	36.015
run0-swarm_38_88.pdb	6.003	8.891	0.0769231	34.226
run0-swarm_28_113.pdb	6.198	8.627	0.0576923	33.711
run0-swarm_35_29.pdb	10.278	14.674	0	33.356
run0-swarm_30_36.pdb	4.435	8.015	0.115385	33.340
run0-swarm_20_158.pdb	2.529	14.390	0.480769	32.689
run0-swarm_36_2.pdb	6.025	8.751	0.0769231	32.327
run0-swarm_36_48.pdb	2.783	13.210	0.423077	31.222
run0-swarm_20_5.pdb	5.310	27.787	0.173077	30.444
run0-swarm_0_99.pdb	6.226	9.541	0.0961538	29.725
run0-swarm_25_30.pdb	7.859	13.495	0.0576923	29.572
run0-swarm_21_94.pdb	4.856	27.156	0.173077	28.514
run0-swarm_11_175.pdb	8.292	14.016	0.115385	28.328
run0-swarm_13_20.pdb	8.552	15.618	0.134615	28.047
run0-swarm_30_2.pdb	5.723	14.149	0.230769	27.910
run0-swarm_19_180.pdb	6.166	10.363	0.25	27.678
run0-swarm_8_192.pdb	7.479	39.020	0.0192308	27.095
run0-swarm_11_8.pdb	5.562	8.309	0	26.114
run0-swarm_21_26.pdb	2.673	17.724	0.442308	25.856
run0-swarm_33_116.pdb	6.724	28.772	0	25.668
run0-swarm_30_99.pdb	2.707	16.326	0.442308	25.634
run0-swarm_33_195.pdb	6.388	30.614	0.0769231	25.626
run0-swarm_40_63.pdb	11.171	24.581	0	25.443
run0-swarm_37_149.pdb	9.183	16.690	0	25.095
run0-swarm_23_109.pdb	6.893	38.663	0.0384615	24.755
run0-swarm_23_89.pdb	7.245	38.893	0.0576923	24.098
run0-swarm_17_193.pdb	12.579	48.591	0	23.868
run0-swarm_9_3.pdb	3.876	25.631	0.307692	23.681
run0-swarm_40_199.pdb	11.164	21.550	0	23.611
run0-swarm_15_62.pdb	6.722	18.080	0	22.734
run0-swarm_12_42.pdb	7.360	31.808	0	22.655
run0-swarm_25_95.pdb	9.205	16.890	0	22.645
run0-swarm_19_101.pdb	8.425	11.937	0.0192308	22.632
run0-swarm_12_176.pdb	7.514	37.254	0.0576923	22.592
run0-swarm_28_162.pdb	6.228	15.906	0.134615	22.250
run0-swarm_40_68.pdb	8.533	14.900	0	21.918
run0-swarm_36_159.pdb	8.761	17.316	0.0384615	21.194
run0-swarm_0_11.pdb	6.008	15.182	0.134615	21.148
run0-swarm_11_5.pdb	7.526	11.375	0	20.554
run0-swarm_13_149.pdb	8.116	15.413	0	20.502
run0-swarm_42_190.pdb	9.979	20.320	0.192308	20.482
run0-swarm_11_19.pdb	6.910	18.312	0.192308	19.871
run0-swarm_33_137.pdb	8.652	41.722	0	19.198
run0-swarm_12_63.pdb	9.054	39.457	0	16.165
run0-swarm_43_36.pdb	6.375	14.293	0.115385	15.604
run0-swarm_43_129.pdb	9.549	18.760	0	5.777
