swarm_3_151.pdb   12.330   20.041   0   31.781
swarm_91_178.pdb   9.509   15.786   0   31.088
swarm_102_1.pdb   13.930   24.332   0   29.986
swarm_114_174.pdb   12.710   22.102   0   29.959
swarm_116_137.pdb   12.287   22.297   0   29.684
swarm_105_185.pdb   10.224   16.644   0   29.667
swarm_99_74.pdb   14.822   25.172   0   29.545
swarm_109_142.pdb   12.266   22.829   0   28.333
swarm_87_24.pdb   12.745   24.274   0   28.299
swarm_7_125.pdb   12.387   22.071   0   27.930
swarm_99_10.pdb   10.070   15.236   0   27.574
swarm_70_132.pdb   12.997   24.252   0   27.296
swarm_107_88.pdb   6.139   11.795   0.0930233   27.240
swarm_10_175.pdb   14.992   20.373   0   27.195
swarm_6_112.pdb   14.867   19.788   0   26.995
swarm_39_37.pdb   14.209   22.073   0   26.613
swarm_56_16.pdb   5.032   7.936   0.162791   26.402
swarm_112_137.pdb   16.740   24.181   0   26.380
swarm_99_131.pdb   11.777   20.672   0   26.344
swarm_39_130.pdb   13.946   22.269   0   26.211
swarm_76_156.pdb   14.370   22.145   0   25.946
swarm_102_171.pdb   13.996   22.049   0   25.405
swarm_21_111.pdb   13.719   24.301   0   25.369
swarm_3_29.pdb   12.343   14.068   0   25.264
swarm_12_112.pdb   7.292   12.768   0.0465116   25.209
swarm_102_66.pdb   11.445   19.163   0.232558   25.063
swarm_88_173.pdb   15.769   22.319   0   24.868
swarm_105_35.pdb   9.939   18.312   0.0465116   24.824
swarm_12_83.pdb   15.290   23.839   0   24.757
swarm_68_158.pdb   12.933   23.226   0   24.502
swarm_90_174.pdb   11.933   17.747   0.0232558   24.442
swarm_4_174.pdb   13.586   22.111   0   24.372
swarm_89_19.pdb   12.111   15.157   0   24.352
swarm_16_183.pdb   12.976   22.000   0   24.168
swarm_90_157.pdb   14.939   22.904   0.0232558   23.787
swarm_6_113.pdb   15.812   24.848   0   23.725
swarm_91_30.pdb   14.120   23.809   0   23.672
swarm_33_179.pdb   11.424   12.634   0   23.591
swarm_6_168.pdb   11.120   11.314   0   23.252
swarm_88_81.pdb   7.190   13.205   0   23.128
swarm_15_72.pdb   15.291   22.524   0   23.087
swarm_89_191.pdb   14.833   24.819   0   22.902
swarm_91_35.pdb   14.812   21.891   0   22.593
swarm_75_162.pdb   11.467   18.394   0.232558   22.326
swarm_103_12.pdb   17.618   25.616   0   21.865
swarm_99_24.pdb   11.071   12.133   0   21.780
swarm_107_71.pdb   13.861   20.935   0   21.778
swarm_57_197.pdb   14.314   16.570   0   21.642
swarm_99_39.pdb   10.141   12.412   0   21.609
swarm_91_144.pdb   15.555   24.372   0   21.489
swarm_57_23.pdb   15.849   19.979   0   21.290
swarm_7_180.pdb   15.105   24.401   0   21.233
swarm_75_25.pdb   14.364   25.325   0   21.101
swarm_72_90.pdb   14.690   24.561   0   21.063
swarm_60_57.pdb   11.004   18.392   0   21.048
swarm_53_134.pdb   18.650   24.963   0   21.048
swarm_88_7.pdb   15.882   22.424   0   20.981
swarm_68_144.pdb   15.012   23.786   0   20.977
swarm_98_94.pdb   15.261   24.574   0   20.762
swarm_72_14.pdb   15.207   25.078   0   20.617
swarm_92_57.pdb   14.263   22.236   0   20.513
swarm_102_32.pdb   11.177   17.211   0   20.209
swarm_102_50.pdb   12.529   21.991   0   20.139
swarm_109_29.pdb   14.062   24.230   0.0232558   20.136
swarm_70_179.pdb   13.150   22.267   0   20.054
swarm_90_176.pdb   14.206   17.686   0   19.977
swarm_92_163.pdb   14.460   25.140   0   19.793
swarm_6_134.pdb   14.566   18.466   0   19.624
swarm_60_81.pdb   13.602   22.387   0   19.492
swarm_76_12.pdb   12.731   23.000   0   19.480
swarm_101_106.pdb   15.096   24.638   0   19.439
swarm_4_70.pdb   13.280   19.084   0   19.368
swarm_12_187.pdb   14.681   23.561   0   19.098
swarm_7_91.pdb   14.101   24.293   0   18.942
swarm_39_193.pdb   12.831   21.747   0   18.782
swarm_88_128.pdb   8.360   15.084   0   18.635
swarm_60_27.pdb   11.243   17.766   0   18.305
swarm_72_77.pdb   15.504   18.939   0   18.270
swarm_109_83.pdb   13.792   22.744   0   18.243
swarm_9_118.pdb   17.327   23.595   0   17.505
swarm_76_112.pdb   15.400   25.252   0   17.419
swarm_75_150.pdb   13.534   24.226   0   17.174
swarm_6_127.pdb   16.402   24.181   0   16.965
swarm_89_156.pdb   17.063   23.011   0   16.721
swarm_12_126.pdb   13.890   20.438   0   16.638
swarm_75_111.pdb   15.136   22.257   0   16.009
swarm_87_73.pdb   13.555   24.145   0   15.979
swarm_2_21.pdb   18.321   21.424   0   15.551
swarm_4_48.pdb   14.426   25.282   0   13.928
swarm_55_194.pdb   13.096   22.172   0   13.754
swarm_3_121.pdb   6.662   7.357   0.0930233   13.508
swarm_102_84.pdb   10.391   16.746   0.139535   13.476
swarm_67_101.pdb   9.523   7.370   0   13.412
swarm_92_117.pdb   13.255   24.528   0   12.943
swarm_15_173.pdb   14.880   24.059   0.0930233   12.917
swarm_109_30.pdb   12.776   16.370   0   12.392
swarm_49_54.pdb   14.036   22.732   0   11.981
swarm_7_174.pdb   14.228   23.873   0   11.703
swarm_87_39.pdb   12.810   21.997   0   11.106
swarm_12_57.pdb   10.993   19.334   0.0697674   10.893
swarm_16_135.pdb   9.102   14.553   0   10.041
swarm_87_123.pdb   13.509   24.014   0   9.134
swarm_92_188.pdb   14.497   22.337   0   8.056
swarm_104_32.pdb   17.088   22.734   0   7.372
swarm_99_99.pdb   9.255   15.641   0   4.652
swarm_8_169.pdb   15.506   21.038   0   4.193
swarm_9_87.pdb   16.492   23.817   0   3.574
swarm_87_48.pdb   12.627   24.482   0.139535   1.269
swarm_101_39.pdb   8.647   16.391   0.0232558   -8.146
swarm_105_110.pdb   11.474   20.861   0   -10.024
swarm_88_129.pdb   16.711   23.278   0   -11.936
swarm_6_124.pdb   15.362   22.422   0   -13.593
swarm_90_149.pdb   14.363   19.836   0   -13.726
swarm_42_35.pdb   12.173   20.558   0   -17.832
swarm_88_155.pdb   13.821   25.503   0   -20.028
swarm_6_163.pdb   13.826   20.592   0   -21.393
swarm_107_54.pdb   7.076   10.539   0.0232558   -22.320
swarm_48_86.pdb   15.054   24.599   0   -25.916
swarm_107_22.pdb   12.549   22.190   0   -30.629
swarm_3_137.pdb   15.179   24.900   0   -34.970
swarm_92_165.pdb   13.871   25.436   0   -35.686
swarm_52_56.pdb   17.798   22.968   0   -36.043
swarm_42_189.pdb   6.884   11.582   0.44186   -42.580
swarm_76_193.pdb   12.169   23.178   0   -43.760
swarm_38_155.pdb   17.042   24.995   0   -46.572
swarm_86_121.pdb   13.087   18.676   0   -47.082
swarm_8_8.pdb   12.790   17.290   0   -49.068
swarm_9_63.pdb   10.925   18.709   0   -49.922
swarm_91_122.pdb   11.601   19.705   0   -53.012
swarm_76_100.pdb   14.144   25.276   0   -58.044
swarm_85_79.pdb   15.897   25.718   0   -66.718
swarm_31_181.pdb   15.596   25.828   0   -68.684
swarm_28_145.pdb   16.728   20.042   0   -68.949
swarm_47_69.pdb   12.325   17.192   0   -77.653
swarm_33_97.pdb   15.490   24.219   0   -83.530
swarm_105_26.pdb   12.129   21.058   0   -84.121
swarm_16_128.pdb   10.275   18.571   0   -84.408
swarm_116_15.pdb   11.189   23.516   0   -87.018
swarm_10_33.pdb   14.898   22.635   0.0697674   -87.019
swarm_15_23.pdb   11.729   18.123   0   -90.160
swarm_81_117.pdb   15.325   26.719   0.0232558   -95.122
swarm_81_49.pdb   15.021   23.925   0   -99.905
swarm_27_114.pdb   13.392   18.917   0   -103.882
swarm_15_69.pdb   14.313   23.879   0   -114.015
swarm_92_80.pdb   10.314   22.218   0   -119.623
swarm_89_164.pdb   12.873   22.170   0.0697674   -121.276
swarm_41_152.pdb   12.882   23.207   0   -135.197
swarm_3_37.pdb   12.423   20.852   0   -141.301
swarm_60_152.pdb   10.848   20.569   0   -141.761
swarm_47_31.pdb   11.736   18.346   0.0232558   -149.466
swarm_18_130.pdb   17.516   25.202   0   -169.519
swarm_111_172.pdb   11.876   13.917   0   -188.023
swarm_15_145.pdb   8.797   14.625   0.255814   -189.482
swarm_104_80.pdb   15.872   25.550   0   -230.009
swarm_98_69.pdb   10.034   23.196   0   -232.028
swarm_81_145.pdb   12.204   19.549   0   -267.727
swarm_105_138.pdb   10.839   23.661   0   -332.899
