swarm_19_76.pdb   9.745   17.870   0.0192308   34.718
swarm_14_169.pdb   11.044   19.003   0.0192308   32.584
swarm_14_19.pdb   11.626   20.428   0.0576923   32.161
swarm_75_152.pdb   9.087   15.423   0.0192308   32.026
swarm_100_151.pdb   12.141   21.950   0   31.988
swarm_11_66.pdb   12.402   21.455   0   31.671
swarm_16_159.pdb   11.774   19.986   0.0576923   30.499
swarm_114_81.pdb   12.632   21.864   0   30.466
swarm_36_170.pdb   8.856   17.293   0.0384615   29.989
swarm_119_125.pdb   9.638   19.095   0.0576923   29.909
swarm_36_38.pdb   10.159   16.664   0   29.523
swarm_62_59.pdb   11.847   19.441   0.0384615   29.456
swarm_115_37.pdb   10.325   18.146   0.115385   29.268
swarm_114_3.pdb   12.261   19.568   0   29.192
swarm_99_9.pdb   7.890   10.889   0   28.990
swarm_119_22.pdb   11.937   20.998   0.0384615   28.866
swarm_60_190.pdb   9.858   15.117   0   28.846
swarm_90_196.pdb   6.087   9.037   0.346154   28.788
swarm_9_153.pdb   14.012   17.687   0   28.764
swarm_99_197.pdb   13.471   20.536   0   28.554
swarm_88_48.pdb   11.404   16.395   0   28.400
swarm_18_175.pdb   13.696   22.142   0.0576923   28.341
swarm_114_54.pdb   13.991   22.770   0.0769231   28.280
swarm_10_123.pdb   13.520   20.375   0   28.246
swarm_72_152.pdb   10.291   15.708   0   28.175
swarm_117_46.pdb   12.356   20.851   0   27.930
swarm_9_62.pdb   13.074   20.559   0.0192308   27.814
swarm_119_166.pdb   11.319   21.431   0   27.780
swarm_14_23.pdb   5.602   9.414   0.0384615   27.473
swarm_9_8.pdb   8.010   14.048   0.0384615   27.370
swarm_19_172.pdb   12.524   22.013   0   27.289
swarm_114_21.pdb   11.431   18.648   0.0384615   27.275
swarm_16_40.pdb   8.905   16.258   0.0384615   27.256
swarm_10_129.pdb   12.275   15.321   0   26.998
swarm_104_7.pdb   10.253   17.896   0.0384615   26.830
swarm_11_46.pdb   8.713   10.694   0   26.769
swarm_53_80.pdb   9.434   18.539   0.0384615   26.669
swarm_11_195.pdb   11.959   18.424   0   26.424
swarm_116_21.pdb   12.097   18.979   0.0384615   26.417
swarm_113_76.pdb   14.789   22.035   0.0576923   26.409
swarm_17_11.pdb   7.715   11.908   0.0192308   26.283
swarm_115_5.pdb   12.932   22.160   0.0384615   26.168
swarm_117_115.pdb   6.124   10.021   0.0384615   26.129
swarm_19_117.pdb   8.289   12.721   0   26.038
swarm_17_26.pdb   6.005   8.830   0.0192308   25.789
swarm_24_106.pdb   15.303   21.166   0   25.737
swarm_103_109.pdb   10.043   20.697   0   25.696
swarm_16_73.pdb   9.532   17.467   0.0576923   25.594
swarm_19_36.pdb   12.642   20.775   0.0192308   25.584
swarm_82_56.pdb   14.098   20.413   0   25.534
swarm_17_23.pdb   8.929   16.630   0.0384615   25.302
swarm_116_148.pdb   11.868   21.557   0   25.234
swarm_11_53.pdb   14.589   17.560   0   25.144
swarm_85_186.pdb   10.682   19.842   0   25.086
swarm_75_164.pdb   10.845   18.225   0.0384615   25.013
swarm_61_20.pdb   17.363   22.473   0   24.864
swarm_107_148.pdb   10.393   15.977   0   24.826
swarm_101_190.pdb   11.557   19.674   0.0384615   24.706
swarm_17_118.pdb   5.982   11.247   0.0576923   24.597
swarm_82_38.pdb   11.725   17.828   0   24.457
swarm_106_57.pdb   11.475   19.173   0.0192308   24.439
swarm_62_102.pdb   9.233   16.001   0.0384615   24.407
swarm_74_109.pdb   11.153   18.546   0.0192308   24.230
swarm_11_157.pdb   13.202   20.171   0   24.097
swarm_17_38.pdb   15.063   22.988   0   23.599
swarm_64_180.pdb   14.816   22.342   0   23.508
swarm_103_165.pdb   8.988   15.092   0.0192308   23.506
swarm_115_174.pdb   9.674   17.005   0.0384615   23.488
swarm_64_160.pdb   10.850   19.542   0.0192308   23.415
swarm_16_34.pdb   12.195   20.825   0.0384615   23.285
swarm_64_179.pdb   10.657   17.915   0   23.227
swarm_70_192.pdb   12.019   19.678   0   23.077
swarm_117_125.pdb   11.885   21.146   0   22.970
swarm_101_127.pdb   13.683   23.041   0.0576923   22.941
swarm_116_123.pdb   9.708   17.287   0.0192308   22.913
swarm_114_114.pdb   11.509   19.962   0.0384615   22.888
swarm_103_29.pdb   6.419   10.142   0   22.818
swarm_43_75.pdb   12.921   19.272   0   22.770
swarm_85_122.pdb   10.501   20.288   0   22.670
swarm_11_35.pdb   15.853   22.504   0   22.609
swarm_113_69.pdb   13.499   20.473   0.0769231   22.600
swarm_113_25.pdb   10.015   16.007   0   22.564
swarm_73_74.pdb   10.317   18.256   0.0192308   22.540
swarm_117_35.pdb   7.672   12.101   0.115385   22.467
swarm_65_27.pdb   10.845   14.265   0   22.340
swarm_118_86.pdb   8.637   15.686   0   22.304
swarm_62_18.pdb   13.340   21.233   0.0576923   22.273
swarm_69_59.pdb   12.507   21.353   0   22.238
swarm_14_117.pdb   11.640   22.129   0   22.229
swarm_119_127.pdb   11.094   17.991   0   22.214
swarm_101_36.pdb   5.136   10.132   0.115385   22.213
swarm_100_129.pdb   13.638   21.879   0.0576923   22.058
swarm_18_195.pdb   15.706   20.613   0   21.933
swarm_64_31.pdb   7.872   14.544   0.0192308   21.821
swarm_107_29.pdb   5.989   8.001   0.0769231   21.787
swarm_113_103.pdb   13.148   20.090   0.0769231   21.770
swarm_83_56.pdb   14.954   22.705   0   21.650
swarm_19_185.pdb   11.892   17.115   0.0192308   21.460
swarm_4_124.pdb   11.629   17.377   0   21.356
swarm_115_1.pdb   11.801   19.839   0.0384615   21.324
swarm_119_132.pdb   10.907   16.595   0   21.183
swarm_88_143.pdb   12.637   20.553   0.0192308   21.138
swarm_70_57.pdb   10.678   16.661   0   21.071
swarm_79_175.pdb   10.438   11.060   0   20.960
swarm_32_149.pdb   14.229   20.450   0.0576923   20.873
swarm_75_43.pdb   9.167   14.860   0   20.822
swarm_64_103.pdb   11.052   16.239   0   20.783
swarm_113_28.pdb   14.794   20.210   0   20.574
swarm_103_27.pdb   12.558   20.435   0   20.568
swarm_90_156.pdb   13.066   20.656   0   20.565
swarm_114_35.pdb   11.394   19.821   0.0192308   20.560
swarm_63_97.pdb   11.959   19.375   0   20.364
swarm_117_42.pdb   9.892   18.108   0.0192308   20.340
swarm_52_57.pdb   9.586   14.631   0.0769231   20.048
swarm_110_22.pdb   10.214   14.959   0   20.047
swarm_82_104.pdb   15.165   17.564   0   19.961
swarm_50_160.pdb   11.101   15.115   0   19.944
swarm_106_81.pdb   9.868   14.274   0   19.904
swarm_25_25.pdb   15.846   22.706   0   19.889
swarm_61_177.pdb   12.892   15.756   0   19.802
swarm_99_31.pdb   5.842   7.727   0   19.794
swarm_105_187.pdb   11.469   18.840   0.0192308   19.670
swarm_119_29.pdb   11.426   18.614   0.115385   19.665
swarm_64_178.pdb   13.388   21.662   0   19.575
swarm_24_126.pdb   15.614   22.266   0   19.530
swarm_104_196.pdb   9.364   18.274   0   19.394
swarm_18_91.pdb   13.929   21.594   0   19.338
swarm_70_198.pdb   7.671   13.681   0.0192308   19.311
swarm_89_45.pdb   7.376   8.469   0   19.238
swarm_119_192.pdb   8.245   14.766   0.0384615   18.845
swarm_18_159.pdb   15.348   22.222   0   18.504
swarm_115_83.pdb   5.447   9.950   0.211538   18.441
swarm_24_10.pdb   14.303   16.144   0   18.370
swarm_101_177.pdb   8.295   15.646   0   18.257
swarm_114_103.pdb   12.641   19.299   0.0769231   18.195
swarm_75_141.pdb   12.520   20.232   0   17.929
swarm_99_89.pdb   11.714   20.468   0   17.778
swarm_73_93.pdb   6.457   7.588   0   17.446
swarm_107_78.pdb   12.647   18.996   0   17.006
swarm_45_57.pdb   12.877   21.513   0.0961538   16.745
swarm_107_163.pdb   9.539   18.146   0   16.490
swarm_16_30.pdb   3.713   4.559   0.211538   16.327
swarm_105_157.pdb   9.565   12.637   0   16.130
swarm_45_193.pdb   8.810   15.199   0   15.536
swarm_45_21.pdb   14.876   21.997   0   14.987
swarm_45_78.pdb   13.610   21.516   0.0384615   14.191
swarm_42_92.pdb   14.962   19.555   0.134615   14.022
swarm_106_186.pdb   12.266   19.132   0   13.306
swarm_0_197.pdb   16.523   21.715   0   13.182
swarm_18_73.pdb   10.282   18.222   0.0192308   11.148
swarm_17_164.pdb   9.656   15.702   0.0192308   10.150
swarm_70_97.pdb   11.793   19.977   0.0769231   2.488
swarm_114_183.pdb   11.792   19.308   0.0961538   1.216
swarm_84_43.pdb   12.860   21.108   0   0.844
swarm_18_197.pdb   10.666   19.015   0   0.019
swarm_114_9.pdb   12.954   21.842   0   -1.134
swarm_77_98.pdb   10.288   14.081   0   -1.702
swarm_97_93.pdb   13.213   21.932   0   -5.322
swarm_3_23.pdb   12.697   17.231   0.0384615   -8.600
swarm_117_151.pdb   5.801   10.633   0.153846   -11.777
swarm_45_41.pdb   11.777   18.668   0.134615   -14.514
swarm_45_192.pdb   12.565   21.560   0   -14.576
swarm_26_62.pdb   11.551   19.752   0   -16.756
swarm_53_174.pdb   10.814   19.670   0   -17.464
swarm_70_172.pdb   10.671   18.734   0.0384615   -19.235
swarm_85_181.pdb   11.127   18.070   0   -19.524
swarm_107_120.pdb   8.111   13.366   0.134615   -27.511
swarm_37_150.pdb   13.311   18.815   0   -34.734
swarm_25_176.pdb   10.250   14.752   0   -35.015
swarm_53_81.pdb   12.861   21.275   0.0384615   -36.570
swarm_102_78.pdb   10.339   15.579   0   -42.740
swarm_84_145.pdb   12.884   22.036   0   -44.152
swarm_97_74.pdb   15.599   18.085   0   -45.639
swarm_92_185.pdb   5.785   7.007   0.25   -47.160
swarm_101_164.pdb   10.911   21.141   0   -53.764
swarm_21_5.pdb   10.013   18.596   0.0192308   -55.225
swarm_9_172.pdb   15.031   21.518   0   -92.280
swarm_44_22.pdb   16.417   26.224   0.134615   -96.031
swarm_13_113.pdb   16.227   24.882   0   -97.057
swarm_98_199.pdb   8.448   13.226   0.0384615   -99.218
swarm_100_163.pdb   9.121   13.760   0.25   -105.246
swarm_10_2.pdb   15.676   25.053   0   -128.328
swarm_9_47.pdb   7.492   15.697   0.326923   -142.366
swarm_74_191.pdb   8.391   14.481   0   -145.374
swarm_14_130.pdb   9.015   21.526   0   -209.501
swarm_19_113.pdb   6.737   14.189   0.0961538   -213.965
