swarm_34_111.pdb   13.811   24.718   0   33.196
swarm_104_116.pdb   7.858   12.530   0.0612245   32.931
swarm_82_150.pdb   13.987   24.284   0   32.856
swarm_42_190.pdb   14.507   24.221   0   32.180
swarm_66_181.pdb   12.988   18.621   0   31.915
swarm_66_125.pdb   14.673   25.225   0   31.878
swarm_39_33.pdb   15.660   25.474   0   31.274
swarm_114_162.pdb   6.995   10.671   0.0408163   31.112
swarm_113_190.pdb   15.218   26.694   0   30.759
swarm_69_114.pdb   14.105   23.037   0   30.050
swarm_103_42.pdb   7.479   12.496   0   29.823
swarm_34_61.pdb   12.699   22.141   0.0204082   29.700
swarm_34_65.pdb   11.901   14.962   0   29.665
swarm_115_147.pdb   15.397   24.433   0   29.366
swarm_68_74.pdb   11.971   16.446   0   29.316
swarm_33_178.pdb   14.116   23.841   0   29.210
swarm_68_34.pdb   16.376   26.906   0   29.053
swarm_65_174.pdb   14.991   25.845   0   29.010
swarm_68_185.pdb   14.656   25.686   0   28.690
swarm_37_127.pdb   12.945   23.353   0.0204082   28.637
swarm_104_146.pdb   14.735   23.763   0   28.619
swarm_74_81.pdb   13.633   22.697   0   28.570
swarm_115_29.pdb   9.702   11.525   0   28.221
swarm_66_170.pdb   14.441   23.780   0   28.085
swarm_17_65.pdb   13.951   22.422   0   28.009
swarm_60_62.pdb   11.482   12.394   0   27.902
swarm_107_172.pdb   13.860   23.544   0   27.767
swarm_105_106.pdb   15.140   24.770   0   27.763
swarm_18_151.pdb   11.138   14.228   0   27.741
swarm_46_158.pdb   9.742   11.337   0   27.700
swarm_40_98.pdb   16.915   25.800   0   27.505
swarm_0_74.pdb   14.414   25.045   0.163265   27.334
swarm_3_69.pdb   14.371   22.526   0   27.265
swarm_82_159.pdb   9.713   13.158   0   27.187
swarm_62_105.pdb   13.432   20.454   0   27.126
swarm_38_80.pdb   14.004   23.665   0   27.065
swarm_12_196.pdb   14.284   24.429   0   26.992
swarm_8_11.pdb   14.720   26.817   0   26.965
swarm_31_47.pdb   14.312   23.465   0   26.921
swarm_67_83.pdb   15.052   23.541   0   26.906
swarm_114_53.pdb   13.691   23.903   0   26.862
swarm_82_36.pdb   14.622   24.874   0   26.850
swarm_105_181.pdb   8.138   9.618   0   26.846
swarm_29_78.pdb   11.631   13.990   0.0816327   26.722
swarm_66_47.pdb   13.677   19.142   0.0612245   26.667
swarm_62_97.pdb   12.490   15.824   0.0612245   26.623
swarm_52_88.pdb   15.593   26.579   0   26.484
swarm_17_39.pdb   11.267   18.148   0   26.278
swarm_29_16.pdb   10.426   11.006   0   26.042
swarm_105_58.pdb   13.896   24.185   0   26.006
swarm_64_199.pdb   13.056   20.365   0   25.848
swarm_36_61.pdb   12.570   12.195   0   25.808
swarm_65_75.pdb   14.013   23.186   0   25.775
swarm_63_118.pdb   12.041   13.670   0   25.702
swarm_94_149.pdb   14.984   24.715   0   25.647
swarm_67_51.pdb   14.583   24.653   0   25.588
swarm_68_82.pdb   14.620   24.152   0   25.522
swarm_36_131.pdb   15.830   26.560   0   25.480
swarm_101_132.pdb   14.311   24.048   0   25.350
swarm_8_141.pdb   12.010   13.836   0.0204082   25.190
swarm_0_97.pdb   14.086   23.180   0   25.127
swarm_65_19.pdb   8.847   11.832   0.0612245   25.071
swarm_66_48.pdb   6.292   8.883   0.0408163   25.032
swarm_35_87.pdb   5.739   9.727   0.163265   24.975
swarm_66_151.pdb   13.653   22.359   0   24.947
swarm_113_24.pdb   15.492   22.729   0   24.882
swarm_67_111.pdb   7.074   10.774   0.0204082   24.868
swarm_70_44.pdb   15.526   25.351   0   24.862
swarm_81_13.pdb   15.966   27.457   0   24.840
swarm_57_39.pdb   17.311   24.879   0   24.811
swarm_60_133.pdb   14.420   23.362   0   24.747
swarm_114_62.pdb   15.974   26.553   0   24.690
swarm_68_122.pdb   16.043   25.889   0   24.571
swarm_70_98.pdb   13.251   23.270   0   24.556
swarm_64_135.pdb   8.535   13.575   0.0408163   24.556
swarm_69_74.pdb   15.806   24.537   0   24.530
swarm_66_194.pdb   12.255   23.748   0.163265   24.517
swarm_115_85.pdb   16.171   22.224   0   24.492
swarm_23_32.pdb   13.558   14.954   0   24.477
swarm_102_163.pdb   14.686   23.297   0   24.457
swarm_105_135.pdb   16.091   27.144   0   24.254
swarm_104_82.pdb   11.272   12.202   0   24.155
swarm_65_54.pdb   5.172   7.649   0.0816327   24.134
swarm_69_151.pdb   13.800   23.943   0   23.950
swarm_107_0.pdb   14.616   23.408   0   23.946
swarm_58_145.pdb   12.621   15.697   0.0408163   23.939
swarm_46_84.pdb   8.736   11.441   0.0612245   23.776
swarm_17_144.pdb   10.162   15.309   0.0408163   23.631
swarm_74_154.pdb   17.300   23.815   0   23.600
swarm_70_56.pdb   16.754   25.591   0   23.578
swarm_80_164.pdb   15.334   26.714   0   23.562
swarm_74_57.pdb   14.243   25.092   0   23.536
swarm_103_115.pdb   12.171   20.826   0.0408163   23.370
swarm_62_49.pdb   16.446   24.863   0   23.338
swarm_57_26.pdb   13.899   26.777   0.0408163   23.070
swarm_113_79.pdb   14.693   25.778   0   22.813
swarm_27_62.pdb   14.816   27.815   0   22.734
swarm_80_185.pdb   10.217   10.736   0   22.727
swarm_27_92.pdb   18.311   26.717   0   22.696
swarm_36_150.pdb   13.176   18.887   0   22.641
swarm_18_160.pdb   13.385   21.403   0   22.620
swarm_58_36.pdb   14.118   23.746   0   22.576
swarm_64_13.pdb   11.318   14.983   0   22.574
swarm_37_186.pdb   14.302   19.703   0   22.490
swarm_82_106.pdb   13.951   20.898   0   22.467
swarm_28_119.pdb   7.198   10.154   0.0408163   22.441
swarm_58_66.pdb   14.851   22.615   0   22.351
swarm_36_127.pdb   12.826   17.415   0   22.272
swarm_15_178.pdb   8.716   8.867   0   22.252
swarm_39_131.pdb   11.870   16.044   0.0204082   22.231
swarm_115_142.pdb   6.121   7.109   0.0816327   22.060
swarm_81_126.pdb   15.625   22.051   0   22.032
swarm_78_135.pdb   15.464   19.329   0   22.031
swarm_110_114.pdb   13.724   21.460   0.142857   21.931
swarm_114_130.pdb   12.975   17.253   0   21.836
swarm_10_199.pdb   10.515   15.243   0   21.555
swarm_67_106.pdb   13.940   22.391   0.0816327   21.477
swarm_111_31.pdb   15.075   24.934   0   21.353
swarm_69_5.pdb   15.943   25.507   0   21.344
swarm_9_127.pdb   14.810   21.982   0   21.054
swarm_103_148.pdb   12.240   19.781   0.0204082   21.032
swarm_64_10.pdb   14.323   25.533   0   20.898
swarm_64_45.pdb   12.784   22.242   0   20.853
swarm_33_161.pdb   11.559   16.112   0   20.778
swarm_63_17.pdb   8.226   10.130   0.0816327   20.575
swarm_9_5.pdb   16.009   26.832   0   20.509
swarm_113_163.pdb   13.406   17.093   0   20.496
swarm_0_68.pdb   13.712   20.363   0   20.482
swarm_110_106.pdb   15.349   26.530   0   20.444
swarm_115_192.pdb   15.128   26.131   0   20.441
swarm_101_138.pdb   13.974   19.827   0   20.178
swarm_109_40.pdb   16.789   26.796   0   20.044
swarm_27_57.pdb   11.993   19.719   0.0204082   19.840
swarm_41_36.pdb   17.239   25.828   0   19.553
swarm_103_52.pdb   12.003   13.057   0   19.281
swarm_34_73.pdb   14.354   28.327   0.0408163   19.184
swarm_17_71.pdb   16.271   26.425   0   19.131
swarm_37_65.pdb   18.088   26.020   0   19.104
swarm_67_94.pdb   14.058   22.078   0.0816327   19.057
swarm_55_186.pdb   16.318   15.591   0   19.036
swarm_28_188.pdb   16.927   26.981   0   18.851
swarm_102_141.pdb   13.468   20.266   0   18.593
swarm_34_106.pdb   12.589   16.742   0   18.508
swarm_32_3.pdb   18.608   25.520   0   18.191
swarm_17_1.pdb   7.187   12.569   0.163265   17.915
swarm_58_118.pdb   15.954   28.542   0.0612245   17.846
swarm_62_51.pdb   15.521   21.878   0   17.603
swarm_76_10.pdb   10.628   15.706   0   17.393
swarm_12_38.pdb   15.015   24.643   0   17.389
swarm_33_164.pdb   13.510   25.517   0   17.145
swarm_39_117.pdb   13.393   22.336   0   17.115
swarm_62_181.pdb   6.080   9.266   0.22449   16.938
swarm_31_79.pdb   12.812   21.721   0   16.923
swarm_68_36.pdb   9.582   13.607   0   16.808
swarm_105_103.pdb   15.975   24.608   0   16.311
swarm_60_161.pdb   16.848   26.093   0   16.285
swarm_85_138.pdb   16.662   23.965   0   16.172
swarm_68_149.pdb   12.789   18.253   0   16.147
swarm_8_49.pdb   18.048   27.368   0   16.146
swarm_114_123.pdb   8.689   13.698   0.163265   15.470
swarm_65_55.pdb   15.639   23.646   0   14.602
swarm_66_166.pdb   7.382   10.250   0.142857   14.090
swarm_104_84.pdb   13.122   23.387   0   13.999
swarm_24_119.pdb   15.594   17.556   0   13.283
swarm_18_75.pdb   11.438   17.947   0   11.796
swarm_33_56.pdb   13.673   26.592   0   11.682
swarm_76_7.pdb   8.635   8.005   0   10.921
swarm_102_70.pdb   10.043   15.992   0.0816327   9.737
swarm_40_191.pdb   15.722   26.128   0   9.101
swarm_78_145.pdb   12.309   17.107   0   7.438
swarm_37_33.pdb   11.218   13.189   0   7.143
swarm_54_33.pdb   15.566   23.393   0   5.411
swarm_39_121.pdb   15.602   26.716   0   0.179
swarm_28_95.pdb   16.478   25.439   0   -0.204
swarm_37_1.pdb   8.367   13.160   0.122449   -1.697
swarm_75_42.pdb   7.394   9.638   0.183673   -1.862
swarm_3_36.pdb   17.586   24.284   0   -4.481
swarm_54_73.pdb   14.906   22.576   0   -5.595
swarm_69_28.pdb   14.795   24.170   0   -8.324
swarm_78_142.pdb   9.943   10.940   0   -9.936
swarm_40_23.pdb   14.120   24.727   0   -11.003
swarm_63_95.pdb   18.001   27.875   0   -11.481
swarm_54_149.pdb   14.484   22.427   0   -12.923
swarm_54_161.pdb   14.721   22.354   0.0204082   -13.910
swarm_81_105.pdb   16.194   25.269   0   -14.312
swarm_82_119.pdb   15.737   27.096   0   -16.171
swarm_115_25.pdb   10.117   12.834   0.0204082   -17.711
swarm_100_61.pdb   13.982   26.179   0   -18.055
swarm_73_21.pdb   16.502   26.067   0.122449   -18.109
swarm_115_189.pdb   15.138   23.723   0   -18.824
swarm_66_105.pdb   13.723   21.793   0   -19.665
swarm_114_3.pdb   12.634   22.779   0   -20.908
swarm_30_91.pdb   13.632   21.064   0   -21.675
swarm_64_133.pdb   13.697   22.001   0.102041   -21.940
swarm_28_165.pdb   15.704   27.498   0   -22.525
swarm_61_62.pdb   15.092   19.655   0   -23.366
swarm_101_155.pdb   14.473   22.141   0   -23.376
swarm_64_187.pdb   3.656   5.874   0.693878   -30.395
swarm_18_1.pdb   12.608   20.692   0   -32.414
swarm_109_155.pdb   15.641   26.994   0   -37.449
swarm_69_72.pdb   14.368   22.772   0   -37.964
swarm_93_193.pdb   13.643   26.919   0   -40.640
swarm_76_116.pdb   13.006   19.434   0   -42.019
swarm_69_138.pdb   13.414   18.811   0.0612245   -43.947
swarm_64_175.pdb   12.552   20.696   0   -46.259
swarm_109_35.pdb   13.706   24.275   0   -47.524
swarm_64_89.pdb   13.416   24.109   0   -48.489
swarm_66_74.pdb   12.322   22.593   0   -49.095
swarm_92_136.pdb   17.014   26.986   0   -49.514
swarm_56_77.pdb   16.040   24.796   0   -50.543
swarm_35_164.pdb   15.923   23.725   0   -51.454
swarm_66_73.pdb   8.988   13.199   0   -51.807
swarm_12_19.pdb   8.718   13.214   0.204082   -73.859
swarm_28_55.pdb   11.952   25.140   0   -78.541
swarm_55_195.pdb   10.127   9.794   0   -80.410
swarm_32_112.pdb   17.975   22.378   0   -86.552
swarm_33_187.pdb   12.839   23.115   0   -108.800
swarm_42_153.pdb   20.179   24.159   0   -113.109
swarm_89_110.pdb   17.953   25.633   0   -115.842
swarm_40_62.pdb   15.237   24.547   0   -116.717
swarm_6_104.pdb   12.707   16.237   0   -117.926
swarm_114_61.pdb   10.170   17.413   0.0204082   -119.463
swarm_11_188.pdb   17.941   20.393   0   -120.760
swarm_103_159.pdb   12.299   24.585   0   -126.192
swarm_52_38.pdb   16.398   25.602   0   -136.061
swarm_48_146.pdb   12.021   11.463   0   -148.535
swarm_61_31.pdb   18.043   24.887   0   -162.734
swarm_41_158.pdb   14.695   19.036   0   -184.821
swarm_8_107.pdb   14.548   20.210   0.0408163   -237.509
swarm_51_130.pdb   15.553   17.133   0   -238.809
swarm_9_173.pdb   14.399   22.674   0   -245.893
