swarm_21_85.pdb   13.806   20.702   0   46.285
swarm_29_72.pdb   14.612   21.755   0   43.620
swarm_71_119.pdb   14.056   27.844   0   39.423
swarm_4_179.pdb   13.501   20.735   0   38.531
swarm_102_152.pdb   14.405   27.449   0   38.020
swarm_127_148.pdb   15.337   24.579   0   35.242
swarm_89_117.pdb   19.995   25.848   0   34.742
swarm_28_44.pdb   16.468   28.218   0   33.793
swarm_11_2.pdb   13.492   20.472   0   33.260
swarm_10_106.pdb   11.737   20.187   0   32.649
swarm_31_72.pdb   13.001   27.060   0   32.589
swarm_14_4.pdb   12.685   25.066   0.015625   32.384
swarm_99_178.pdb   11.186   20.869   0.046875   32.338
swarm_126_140.pdb   10.846   25.588   0.015625   32.148
swarm_99_115.pdb   11.804   21.154   0.015625   32.116
swarm_101_87.pdb   13.839   25.472   0   32.104
swarm_77_5.pdb   13.980   24.963   0   31.632
swarm_121_104.pdb   13.018   21.871   0   31.523
swarm_101_183.pdb   14.903   28.154   0   31.313
swarm_99_62.pdb   12.563   22.135   0   31.129
swarm_31_191.pdb   14.328   20.342   0   31.120
swarm_99_24.pdb   13.613   25.512   0   31.031
swarm_123_71.pdb   12.774   24.056   0.015625   30.742
swarm_10_56.pdb   10.676   22.011   0.078125   30.732
swarm_31_8.pdb   11.720   27.038   0   30.170
swarm_19_109.pdb   8.887   20.448   0.03125   30.167
swarm_98_22.pdb   15.076   24.180   0   29.822
swarm_14_55.pdb   17.333   27.738   0   29.651
swarm_103_118.pdb   14.810   26.453   0.015625   29.641
swarm_102_149.pdb   11.541   19.772   0   29.601
swarm_98_136.pdb   13.790   22.440   0   29.600
swarm_28_6.pdb   14.730   26.255   0   29.358
swarm_93_162.pdb   12.629   20.022   0.015625   29.294
swarm_127_77.pdb   9.215   22.257   0.03125   29.163
swarm_19_63.pdb   10.756   12.620   0.015625   29.162
swarm_35_113.pdb   12.881   17.603   0   29.071
swarm_73_100.pdb   10.760   23.399   0   28.922
swarm_14_113.pdb   13.503   24.846   0   28.758
swarm_28_157.pdb   11.831   21.920   0.03125   28.719
swarm_105_5.pdb   16.005   26.794   0   28.566
swarm_101_13.pdb   11.896   19.060   0   28.321
swarm_24_32.pdb   18.914   27.996   0   28.261
swarm_91_120.pdb   12.613   13.857   0   28.240
swarm_103_150.pdb   16.198   28.661   0   28.087
swarm_8_96.pdb   14.592   32.668   0   28.059
swarm_42_165.pdb   11.242   23.208   0.015625   27.895
swarm_83_105.pdb   17.984   27.608   0   27.766
swarm_22_188.pdb   6.734   9.353   0.03125   27.751
swarm_51_167.pdb   14.156   18.058   0   27.596
swarm_70_89.pdb   8.086   11.829   0   27.117
swarm_14_47.pdb   14.282   20.556   0   27.035
swarm_83_69.pdb   16.397   29.128   0   26.989
swarm_91_35.pdb   13.090   21.449   0   26.869
swarm_4_180.pdb   12.632   20.207   0   26.771
swarm_49_77.pdb   14.612   23.828   0   26.747
swarm_19_27.pdb   15.252   22.674   0   26.692
swarm_101_35.pdb   12.743   19.517   0   26.686
swarm_47_20.pdb   13.471   22.776   0   26.657
swarm_101_146.pdb   16.793   28.413   0   26.501
swarm_109_199.pdb   14.153   26.863   0.03125   26.268
swarm_71_25.pdb   14.109   25.173   0   26.090
swarm_79_36.pdb   20.163   26.717   0   25.922
swarm_35_53.pdb   14.285   21.893   0   25.741
swarm_44_66.pdb   13.118   20.297   0   25.728
swarm_10_170.pdb   11.536   26.790   0   25.657
swarm_125_135.pdb   13.968   27.241   0.046875   25.646
swarm_30_28.pdb   15.541   23.816   0   25.644
swarm_70_156.pdb   12.071   20.777   0.015625   25.595
swarm_14_184.pdb   13.408   18.249   0   25.528
swarm_73_104.pdb   14.191   25.193   0   25.525
swarm_82_126.pdb   12.294   17.990   0   25.517
swarm_53_78.pdb   11.086   25.963   0   25.453
swarm_12_73.pdb   17.588   27.456   0   25.422
swarm_10_192.pdb   14.098   23.571   0   25.353
swarm_80_122.pdb   14.754   24.147   0.0625   25.284
swarm_60_180.pdb   16.034   26.357   0.015625   25.276
swarm_77_185.pdb   12.841   27.418   0.078125   25.228
swarm_19_194.pdb   10.093   17.859   0   25.087
swarm_92_1.pdb   12.330   19.175   0.015625   24.997
swarm_96_95.pdb   19.352   27.079   0   24.879
swarm_86_191.pdb   15.582   21.427   0   24.725
swarm_2_15.pdb   13.275   20.311   0.015625   24.658
swarm_82_32.pdb   14.102   21.383   0   24.605
swarm_23_42.pdb   14.681   18.945   0   24.439
swarm_101_49.pdb   9.483   19.780   0   24.436
swarm_101_55.pdb   14.530   29.456   0   24.401
swarm_4_4.pdb   13.422   24.047   0   24.398
swarm_118_126.pdb   17.795   30.127   0   24.205
swarm_127_180.pdb   13.902   20.673   0   24.109
swarm_3_185.pdb   6.811   9.147   0.015625   24.022
swarm_95_197.pdb   17.363   26.346   0   23.914
swarm_59_142.pdb   13.837   22.854   0   23.880
swarm_103_58.pdb   5.388   11.797   0.125   23.813
swarm_21_165.pdb   17.493   28.245   0   23.687
swarm_71_7.pdb   16.532   24.675   0   23.598
swarm_54_2.pdb   13.599   22.866   0   23.559
swarm_73_194.pdb   12.957   27.157   0   23.534
swarm_10_19.pdb   6.026   9.999   0.03125   23.379
swarm_66_100.pdb   16.837   25.697   0   23.256
swarm_45_97.pdb   13.181   21.875   0   23.178
swarm_125_101.pdb   14.693   24.418   0   23.171
swarm_84_106.pdb   13.402   24.866   0.125   23.098
swarm_45_79.pdb   8.104   18.533   0   23.057
swarm_73_0.pdb   3.559   5.839   0.3125   22.870
swarm_22_103.pdb   13.412   18.308   0   22.830
swarm_92_105.pdb   17.507   31.210   0   22.811
swarm_59_196.pdb   11.481   25.050   0   22.629
swarm_102_92.pdb   5.830   8.831   0.203125   22.252
swarm_45_171.pdb   13.866   24.563   0   22.032
swarm_123_39.pdb   14.338   28.877   0   21.997
swarm_66_171.pdb   13.195   20.467   0   21.912
swarm_11_182.pdb   17.524   25.597   0   21.817
swarm_59_185.pdb   10.089   24.847   0   21.808
swarm_2_53.pdb   17.238   26.152   0   21.739
swarm_71_30.pdb   13.733   22.788   0   21.708
swarm_126_164.pdb   17.435   30.341   0   21.611
swarm_20_58.pdb   15.644   24.584   0   20.953
swarm_10_33.pdb   11.521   18.588   0   20.794
swarm_23_151.pdb   18.044   29.386   0   20.599
swarm_80_192.pdb   17.393   32.474   0   20.494
swarm_125_106.pdb   15.978   28.077   0   20.468
swarm_70_151.pdb   9.675   16.556   0   20.023
swarm_101_50.pdb   10.593   19.013   0   19.941
swarm_9_128.pdb   14.431   24.599   0   19.886
swarm_12_148.pdb   15.553   22.216   0   19.864
swarm_70_120.pdb   12.380   15.233   0   19.770
swarm_42_116.pdb   16.584   29.537   0   19.698
swarm_103_153.pdb   9.400   21.706   0   19.696
swarm_55_41.pdb   19.752   26.612   0   19.398
swarm_77_102.pdb   14.911   25.580   0.140625   19.328
swarm_19_148.pdb   15.371   27.344   0   19.278
swarm_118_162.pdb   9.485   16.819   0   19.257
swarm_4_175.pdb   15.284   23.443   0   19.113
swarm_2_36.pdb   16.218   28.855   0   18.648
swarm_29_97.pdb   6.715   12.263   0   18.336
swarm_117_190.pdb   16.483   27.700   0   18.298
swarm_19_83.pdb   16.398   24.068   0   18.259
swarm_19_132.pdb   8.289   16.003   0   18.054
swarm_66_97.pdb   14.546   25.800   0   17.957
swarm_128_99.pdb   20.478   30.550   0   17.870
swarm_42_79.pdb   17.465   29.532   0   17.673
swarm_83_120.pdb   13.693   21.200   0   17.332
swarm_83_57.pdb   10.951   15.521   0.109375   17.140
swarm_99_116.pdb   12.230   15.135   0   16.714
swarm_66_157.pdb   16.561   28.866   0   16.494
swarm_83_65.pdb   18.084   27.251   0   16.367
swarm_39_73.pdb   18.045   28.884   0   15.865
swarm_51_165.pdb   7.041   10.498   0.171875   15.850
swarm_92_89.pdb   14.170   25.278   0   15.640
swarm_21_33.pdb   13.406   27.264   0   15.063
swarm_4_188.pdb   14.920   25.536   0   14.930
swarm_40_173.pdb   22.067   30.483   0   14.847
swarm_118_6.pdb   16.892   29.537   0   14.539
swarm_45_127.pdb   15.001   25.666   0   14.315
swarm_10_140.pdb   6.679   10.141   0   14.270
swarm_31_41.pdb   16.782   23.038   0   13.809
swarm_73_123.pdb   8.312   13.633   0.109375   12.691
swarm_17_198.pdb   21.464   29.993   0   12.521
swarm_51_27.pdb   17.713   24.085   0   11.308
swarm_9_113.pdb   7.293   6.486   0.03125   11.166
swarm_92_90.pdb   15.730   22.219   0   10.126
swarm_102_12.pdb   12.255   20.084   0   8.478
swarm_101_17.pdb   15.343   28.549   0   8.343
swarm_67_16.pdb   14.382   24.901   0   6.478
swarm_55_98.pdb   23.979   29.476   0   6.328
swarm_0_193.pdb   19.453   28.470   0   -0.603
swarm_29_140.pdb   11.944   19.839   0   -1.590
swarm_19_185.pdb   17.275   27.174   0   -3.659
swarm_65_174.pdb   15.331   26.695   0   -5.189
swarm_67_183.pdb   20.841   30.004   0   -6.757
swarm_116_94.pdb   17.995   24.351   0   -6.991
swarm_22_117.pdb   10.704   25.858   0.046875   -8.752
swarm_80_63.pdb   15.300   22.379   0   -12.178
swarm_99_20.pdb   11.728   20.196   0.046875   -14.220
swarm_103_138.pdb   15.996   27.503   0   -18.510
swarm_44_15.pdb   10.794   18.623   0.015625   -26.815
swarm_19_24.pdb   11.042   26.363   0.109375   -33.616
swarm_71_56.pdb   3.047   5.891   0.421875   -63.135
swarm_1_186.pdb   19.094   32.672   0   -65.463
swarm_19_68.pdb   12.528   20.770   0.078125   -85.897
swarm_28_183.pdb   15.059   25.550   0   -88.707
swarm_8_107.pdb   15.286   31.845   0   -139.602
