swarm_83_104.pdb   10.693   4.045   0   40.852
swarm_92_193.pdb   19.403   14.132   0   36.298
swarm_33_144.pdb   26.651   13.677   0   34.970
swarm_61_148.pdb   10.002   6.337   0.08   34.578
swarm_14_111.pdb   23.949   10.490   0   33.635
swarm_53_171.pdb   17.815   13.079   0   33.559
swarm_6_4.pdb   11.779   4.046   0   32.650
swarm_45_95.pdb   34.527   19.483   0   32.412
swarm_75_36.pdb   18.903   15.337   0   32.260
swarm_97_16.pdb   31.288   17.154   0   31.919
swarm_9_129.pdb   21.256   11.707   0   31.593
swarm_76_136.pdb   21.105   14.438   0   31.195
swarm_6_116.pdb   21.232   14.992   0   31.107
swarm_40_76.pdb   34.435   11.701   0   30.343
swarm_25_84.pdb   31.756   18.503   0   30.337
swarm_2_6.pdb   13.036   10.285   0   30.170
swarm_64_158.pdb   19.954   15.691   0   30.099
swarm_92_4.pdb   29.066   15.137   0   30.089
swarm_70_169.pdb   21.517   14.963   0   30.023
swarm_69_42.pdb   39.818   20.417   0   29.833
swarm_38_145.pdb   25.544   13.982   0   29.794
swarm_16_152.pdb   18.431   12.706   0   29.737
swarm_11_115.pdb   40.447   16.972   0   29.595
swarm_85_11.pdb   13.264   4.874   0.04   29.577
swarm_83_126.pdb   17.168   8.401   0   29.500
swarm_27_196.pdb   4.175   2.477   0.2   29.479
swarm_2_64.pdb   36.867   19.767   0   29.421
swarm_77_9.pdb   19.769   14.647   0   29.308
swarm_67_183.pdb   20.583   12.450   0   29.152
swarm_12_51.pdb   11.063   5.155   0.2   28.878
swarm_87_81.pdb   30.995   18.509   0   28.757
swarm_25_101.pdb   14.620   10.551   0   28.554
swarm_90_99.pdb   38.375   19.629   0   28.265
swarm_43_129.pdb   32.689   14.871   0   28.242
swarm_63_53.pdb   21.248   14.747   0   28.143
swarm_39_151.pdb   43.158   14.970   0   28.122
swarm_97_10.pdb   7.918   6.670   0   27.979
swarm_70_122.pdb   22.049   14.532   0   27.889
swarm_83_108.pdb   32.038   20.390   0   27.101
swarm_100_11.pdb   29.115   15.418   0   27.008
swarm_104_63.pdb   15.225   11.023   0   26.966
swarm_83_172.pdb   21.759   14.235   0   26.927
swarm_98_44.pdb   13.061   4.607   0.1   26.735
swarm_2_30.pdb   18.888   14.747   0   26.732
swarm_98_96.pdb   25.409   9.252   0   26.673
swarm_44_145.pdb   24.369   10.359   0   26.421
swarm_55_76.pdb   30.738   13.826   0   26.182
swarm_47_90.pdb   39.259   20.731   0   26.149
swarm_81_89.pdb   16.177   5.725   0   26.139
swarm_69_191.pdb   34.823   20.965   0   25.601
swarm_100_25.pdb   23.522   11.943   0   25.569
swarm_47_116.pdb   22.258   14.040   0   25.247
swarm_31_76.pdb   19.633   11.829   0   25.166
swarm_35_15.pdb   27.530   8.985   0   25.128
swarm_105_178.pdb   25.629   14.317   0   25.048
swarm_14_20.pdb   18.336   12.273   0   25.020
swarm_11_147.pdb   34.399   20.853   0   24.855
swarm_32_129.pdb   34.804   19.475   0   24.832
swarm_47_10.pdb   34.241   19.290   0   24.823
swarm_97_192.pdb   19.536   14.223   0   24.747
swarm_11_109.pdb   38.397   19.609   0   24.570
swarm_37_88.pdb   38.174   14.695   0   24.449
swarm_94_180.pdb   39.040   17.846   0   24.150
swarm_99_156.pdb   25.854   16.182   0   23.952
swarm_94_110.pdb   34.057   15.241   0   23.847
swarm_12_53.pdb   12.467   2.975   0.08   23.780
swarm_34_198.pdb   31.616   20.140   0   23.773
swarm_88_45.pdb   26.130   9.720   0   23.759
swarm_35_121.pdb   13.358   2.727   0.12   23.695
swarm_67_96.pdb   31.019   19.167   0   23.531
swarm_40_78.pdb   27.889   8.920   0   23.421
swarm_91_126.pdb   27.570   12.278   0   23.204
swarm_41_56.pdb   18.621   10.471   0   23.082
swarm_17_165.pdb   24.999   14.238   0   23.069
swarm_29_45.pdb   37.795   21.369   0   22.684
swarm_76_114.pdb   18.116   14.754   0   22.644
swarm_37_0.pdb   33.519   15.964   0   22.274
swarm_0_153.pdb   37.668   15.753   0   22.136
swarm_76_165.pdb   8.855   6.712   0   21.995
swarm_69_114.pdb   17.864   5.333   0   21.936
swarm_13_34.pdb   16.747   6.371   0   21.632
swarm_102_161.pdb   32.402   17.775   0   21.618
swarm_105_19.pdb   22.657   10.919   0   21.324
swarm_77_12.pdb   22.800   11.206   0   20.943
swarm_11_143.pdb   42.535   17.605   0   20.925
swarm_40_176.pdb   32.054   14.118   0   20.907
swarm_16_164.pdb   24.919   12.447   0   20.871
swarm_63_183.pdb   34.181   19.656   0   20.774
swarm_4_154.pdb   18.158   11.790   0   20.687
swarm_87_44.pdb   30.573   19.471   0   20.603
swarm_86_158.pdb   21.286   16.591   0   20.500
swarm_0_149.pdb   30.435   19.114   0   19.910
swarm_107_66.pdb   24.257   14.327   0   19.848
swarm_97_50.pdb   13.408   11.503   0   19.653
swarm_51_48.pdb   29.393   12.344   0   19.653
swarm_91_23.pdb   35.742   14.701   0   19.559
swarm_70_54.pdb   28.520   18.834   0   19.530
swarm_84_142.pdb   26.081   9.722   0   19.304
swarm_45_119.pdb   29.478   17.947   0   19.097
swarm_42_21.pdb   8.872   3.679   0   19.044
swarm_31_29.pdb   41.792   24.444   0   18.683
swarm_60_168.pdb   31.175   13.431   0   18.543
swarm_43_118.pdb   28.365   16.137   0   18.496
swarm_81_103.pdb   21.157   14.772   0   18.106
swarm_94_97.pdb   20.180   10.464   0   18.095
swarm_83_117.pdb   16.102   9.560   0   17.790
swarm_107_60.pdb   22.052   12.452   0   17.783
swarm_17_106.pdb   37.264   21.938   0   17.728
swarm_69_45.pdb   30.818   18.311   0   17.200
swarm_0_187.pdb   24.736   10.656   0   17.199
swarm_55_106.pdb   34.623   17.147   0   17.154
swarm_90_124.pdb   18.336   13.680   0   16.597
swarm_94_25.pdb   39.329   15.935   0   16.057
swarm_52_141.pdb   38.658   14.883   0   15.883
swarm_6_98.pdb   27.701   10.910   0   15.828
swarm_29_103.pdb   36.545   17.918   0   15.779
swarm_21_195.pdb   34.068   17.502   0   15.259
swarm_82_153.pdb   27.266   14.142   0   14.860
swarm_94_153.pdb   35.325   15.525   0   14.419
swarm_10_104.pdb   34.827   13.308   0   14.223
swarm_107_142.pdb   37.509   16.953   0   14.180
swarm_34_67.pdb   17.774   8.698   0   12.928
swarm_7_95.pdb   13.933   7.364   0   11.655
swarm_2_114.pdb   28.287   15.410   0   11.067
swarm_84_89.pdb   38.610   18.545   0   9.908
swarm_97_8.pdb   18.784   14.123   0   9.853
swarm_41_18.pdb   20.353   12.645   0   8.895
swarm_73_153.pdb   10.538   6.618   0   7.994
swarm_23_26.pdb   17.615   13.443   0   7.833
swarm_2_165.pdb   20.182   15.237   0   5.912
swarm_12_21.pdb   14.728   8.678   0.02   4.727
swarm_61_37.pdb   14.089   5.094   0   2.439
swarm_67_89.pdb   20.355   11.945   0   -1.329
swarm_43_90.pdb   30.667   15.159   0   -4.995
swarm_76_10.pdb   28.797   13.406   0   -9.263
swarm_2_179.pdb   30.629   18.171   0   -66.632
swarm_67_75.pdb   24.087   15.225   0   -67.899
swarm_62_168.pdb   11.224   6.193   0.06   -107.471
swarm_92_199.pdb   20.764   14.007   0   -109.166
swarm_87_70.pdb   22.465   13.927   0   -111.962
swarm_63_78.pdb   34.599   17.565   0   -131.380
swarm_80_102.pdb   24.182   13.942   0   -132.093
swarm_36_54.pdb   24.862   11.393   0   -153.057
swarm_66_65.pdb   14.922   6.672   0   -162.082
swarm_44_176.pdb   41.478   15.966   0   -175.568
swarm_13_55.pdb   18.747   11.584   0   -186.436
swarm_102_29.pdb   25.852   11.449   0   -192.350
swarm_63_88.pdb   29.423   13.797   0   -196.417
swarm_20_95.pdb   17.187   4.649   0   -205.216
swarm_83_177.pdb   29.704   16.779   0   -216.427
swarm_107_22.pdb   37.106   14.604   0   -229.632
swarm_82_104.pdb   40.010   14.503   0   -238.380
swarm_73_47.pdb   32.661   14.360   0   -256.203
swarm_61_127.pdb   33.661   19.327   0   -257.841
swarm_70_79.pdb   31.047   18.727   0   -270.269
swarm_29_26.pdb   35.625   19.626   0   -305.353
swarm_0_160.pdb   37.778   16.351   0   -307.835
swarm_10_150.pdb   36.562   15.837   0   -403.297
swarm_8_23.pdb   35.691   15.756   0   -414.028
swarm_60_19.pdb   31.264   16.120   0   -420.381
swarm_67_64.pdb   21.949   12.988   0   -471.583
swarm_6_24.pdb   9.214   4.026   0   -502.280
swarm_52_168.pdb   39.255   14.627   0   -589.625
swarm_18_160.pdb   32.508   14.576   0   -621.801
swarm_5_155.pdb   36.019   13.063   0   -757.350
swarm_43_116.pdb   30.036   16.033   0   -760.765
swarm_70_32.pdb   33.179   17.070   0   -807.891
swarm_6_104.pdb   32.216   13.980   0   -947.515
swarm_6_177.pdb   18.675   10.881   0   -1061.137
