swarm_103_41.pdb   13.434   21.952   0   30.983
swarm_101_70.pdb   13.169   21.906   0   30.900
swarm_9_78.pdb   13.325   22.008   0   29.705
swarm_105_182.pdb   13.561   21.176   0   28.765
swarm_92_199.pdb   15.662   23.182   0   28.711
swarm_105_62.pdb   4.314   4.731   0.0862069   28.367
swarm_7_77.pdb   12.471   19.154   0   28.352
swarm_70_123.pdb   13.678   22.065   0   28.108
swarm_90_96.pdb   11.109   18.374   0   27.916
swarm_7_8.pdb   9.092   14.364   0.0517241   27.717
swarm_97_137.pdb   5.108   7.536   0.206897   27.282
swarm_105_0.pdb   11.072   18.711   0   27.268
swarm_69_38.pdb   11.147   15.630   0   27.195
swarm_7_164.pdb   12.696   21.313   0   27.148
swarm_79_90.pdb   13.455   21.627   0   27.033
swarm_48_169.pdb   12.263   19.901   0   26.807
swarm_97_9.pdb   14.135   22.852   0   26.571
swarm_109_31.pdb   12.877   21.235   0   26.218
swarm_100_78.pdb   14.312   24.326   0.0172414   26.156
swarm_53_134.pdb   14.170   20.581   0   25.847
swarm_101_71.pdb   9.970   15.300   0   25.830
swarm_101_25.pdb   11.611   19.546   0.0517241   25.758
swarm_11_119.pdb   13.720   22.157   0   25.750
swarm_11_160.pdb   4.880   7.271   0.12069   25.611
swarm_68_65.pdb   12.818   21.259   0   25.344
swarm_114_113.pdb   11.957   19.463   0   25.286
swarm_48_163.pdb   16.356   22.059   0   25.128
swarm_12_165.pdb   14.111   23.708   0.0689655   25.048
swarm_52_59.pdb   5.549   4.225   0.0172414   24.903
swarm_9_2.pdb   9.598   13.774   0   24.888
swarm_9_71.pdb   14.498   22.884   0.0344828   24.729
swarm_79_105.pdb   10.950   15.506   0   24.466
swarm_31_61.pdb   13.083   19.621   0   24.386
swarm_52_173.pdb   15.831   21.000   0   24.318
swarm_95_135.pdb   15.210   19.052   0   24.171
swarm_28_106.pdb   16.133   22.867   0   24.136
swarm_114_178.pdb   10.357   15.928   0   24.134
swarm_76_147.pdb   14.543   23.164   0.103448   24.114
swarm_114_107.pdb   13.615   21.862   0   23.904
swarm_3_184.pdb   9.763   13.767   0   23.855
swarm_98_168.pdb   14.629   22.448   0.0862069   23.836
swarm_98_97.pdb   15.629   23.150   0   23.752
swarm_72_2.pdb   14.075   22.441   0   23.692
swarm_32_104.pdb   13.750   23.243   0   23.676
swarm_96_114.pdb   13.221   18.448   0   23.656
swarm_70_1.pdb   13.558   22.353   0.0517241   23.602
swarm_101_24.pdb   14.983   23.871   0   23.519
swarm_47_63.pdb   10.551   14.805   0   23.394
swarm_69_21.pdb   13.159   21.027   0   23.185
swarm_100_167.pdb   14.241   22.408   0.0344828   23.180
swarm_14_131.pdb   14.063   24.445   0.0862069   23.152
swarm_112_67.pdb   9.281   14.490   0   22.787
swarm_5_67.pdb   15.406   17.272   0   22.778
swarm_92_143.pdb   15.061   23.014   0   22.610
swarm_90_157.pdb   15.424   24.116   0.0517241   22.606
swarm_70_161.pdb   10.572   15.347   0   22.549
swarm_10_144.pdb   14.996   23.193   0.103448   22.541
swarm_11_91.pdb   8.540   13.228   0.0344828   22.422
swarm_106_37.pdb   13.793   22.908   0   22.351
swarm_11_106.pdb   14.833   22.905   0.103448   22.234
swarm_70_42.pdb   7.170   9.411   0.206897   22.167
swarm_69_185.pdb   10.004   16.109   0.0862069   22.101
swarm_32_8.pdb   13.103   18.138   0   22.009
swarm_103_198.pdb   13.138   21.886   0   21.834
swarm_92_140.pdb   16.391   21.523   0   21.792
swarm_95_110.pdb   14.996   22.202   0.0517241   21.673
swarm_89_187.pdb   16.144   22.749   0   21.590
swarm_114_4.pdb   12.841   22.040   0   21.385
swarm_103_196.pdb   9.722   14.452   0   21.326
swarm_52_22.pdb   13.757   21.016   0   21.245
swarm_47_143.pdb   12.785   18.331   0   21.230
swarm_114_170.pdb   12.818   20.556   0   21.174
swarm_32_98.pdb   10.075   14.494   0   21.112
swarm_103_62.pdb   12.688   16.865   0   21.054
swarm_93_119.pdb   14.859   19.509   0   20.899
swarm_98_104.pdb   12.590   21.178   0   20.565
swarm_100_68.pdb   8.846   14.251   0   20.463
swarm_9_89.pdb   9.771   14.705   0   20.378
swarm_98_101.pdb   13.396   19.740   0   20.095
swarm_96_62.pdb   14.830   21.949   0   19.957
swarm_95_169.pdb   13.360   16.781   0   19.949
swarm_69_72.pdb   14.914   20.153   0   19.935
swarm_36_36.pdb   14.774   20.027   0   19.827
swarm_12_127.pdb   12.712   20.564   0.0172414   19.683
swarm_69_123.pdb   15.151   22.163   0   19.554
swarm_103_170.pdb   11.428   16.769   0   19.532
swarm_19_15.pdb   14.253   17.618   0   19.490
swarm_97_198.pdb   15.347   24.678   0   19.315
swarm_97_5.pdb   14.776   22.405   0   19.310
swarm_28_51.pdb   13.839   16.032   0   19.275
swarm_114_80.pdb   12.154   18.978   0.0172414   19.029
swarm_100_190.pdb   15.058   20.866   0   18.760
swarm_36_135.pdb   14.490   21.669   0   18.753
swarm_112_89.pdb   13.138   18.021   0   18.357
swarm_54_72.pdb   12.029   19.473   0   18.350
swarm_76_184.pdb   13.452   22.281   0   18.023
swarm_73_73.pdb   13.837   20.914   0.0517241   17.700
swarm_70_82.pdb   16.311   23.787   0   17.460
swarm_73_23.pdb   15.077   23.637   0.0862069   17.347
swarm_28_83.pdb   15.379   18.685   0   17.214
swarm_100_71.pdb   13.353   20.834   0   17.154
swarm_51_45.pdb   14.741   22.350   0   16.982
swarm_5_154.pdb   12.594   11.886   0   16.881
swarm_70_96.pdb   8.704   12.490   0   16.832
swarm_97_188.pdb   15.672   23.899   0   16.693
swarm_96_51.pdb   9.334   12.482   0   16.675
swarm_16_185.pdb   11.819   19.498   0.0172414   16.465
swarm_9_0.pdb   9.658   15.587   0   16.410
swarm_96_6.pdb   13.010   18.548   0   16.354
swarm_73_167.pdb   13.448   21.772   0   16.328
swarm_7_22.pdb   12.485   19.083   0   16.052
swarm_68_161.pdb   13.949   21.370   0   15.888
swarm_73_101.pdb   13.563   21.257   0   15.796
swarm_76_90.pdb   14.971   22.306   0   15.250
swarm_19_137.pdb   13.666   22.209   0.0172414   14.934
swarm_55_61.pdb   14.504   22.025   0   14.282
swarm_11_54.pdb   13.049   20.730   0   14.103
swarm_26_143.pdb   14.555   17.447   0   13.822
swarm_97_94.pdb   13.013   21.588   0.0172414   13.395
swarm_52_186.pdb   10.824   14.642   0   12.727
swarm_8_121.pdb   7.303   7.445   0.0344828   12.216
swarm_103_184.pdb   16.432   23.743   0   12.192
swarm_52_160.pdb   13.481   16.599   0.0172414   12.180
swarm_96_170.pdb   8.470   12.803   0   10.905
swarm_11_129.pdb   13.539   18.886   0   9.108
swarm_73_1.pdb   12.989   21.237   0   8.873
swarm_112_80.pdb   14.972   21.123   0   8.370
swarm_19_26.pdb   10.393   14.596   0   7.803
swarm_9_182.pdb   14.026   22.999   0   7.338
swarm_31_42.pdb   12.196   20.811   0.0344828   6.041
swarm_12_6.pdb   13.494   22.391   0.0344828   5.903
swarm_112_42.pdb   10.547   15.594   0.0862069   5.123
swarm_56_37.pdb   13.304   20.407   0   4.667
swarm_114_148.pdb   15.562   24.229   0.0172414   1.962
swarm_103_52.pdb   14.680   22.890   0   1.466
swarm_109_113.pdb   18.812   22.623   0   1.230
swarm_48_38.pdb   15.066   18.616   0   0.864
swarm_3_81.pdb   8.796   11.881   0   -0.906
swarm_12_29.pdb   12.097   20.198   0.103448   -5.751
swarm_0_99.pdb   13.627   19.395   0   -6.299
swarm_52_71.pdb   10.626   14.850   0   -9.128
swarm_70_8.pdb   13.067   21.220   0.12069   -10.559
swarm_111_95.pdb   14.949   16.522   0   -12.010
swarm_30_112.pdb   12.467   20.525   0   -13.358
swarm_95_195.pdb   10.486   12.422   0   -13.538
swarm_20_103.pdb   14.944   23.650   0   -15.760
swarm_100_13.pdb   11.640   18.406   0   -17.428
swarm_52_2.pdb   6.141   6.906   0.0344828   -18.498
swarm_15_87.pdb   13.898   18.977   0   -19.762
swarm_55_148.pdb   13.295   17.915   0   -20.636
swarm_81_122.pdb   14.741   20.092   0   -21.966
swarm_112_9.pdb   12.340   20.902   0   -22.964
swarm_96_43.pdb   9.980   11.566   0   -24.464
swarm_9_11.pdb   12.727   21.174   0   -24.789
swarm_76_153.pdb   9.125   13.615   0   -26.381
swarm_112_168.pdb   6.997   5.861   0   -28.124
swarm_22_23.pdb   13.892   20.491   0   -35.274
swarm_5_127.pdb   12.061   21.401   0.0344828   -36.356
swarm_10_116.pdb   5.590   8.668   0.310345   -37.042
swarm_13_164.pdb   13.027   21.670   0   -40.578
swarm_50_163.pdb   14.924   22.848   0   -40.695
swarm_112_70.pdb   11.655   12.699   0   -42.200
swarm_33_51.pdb   13.811   20.863   0   -49.137
swarm_76_151.pdb   11.975   19.012   0.0172414   -52.234
swarm_81_113.pdb   14.402   22.999   0   -53.006
swarm_72_198.pdb   15.380   21.173   0   -53.574
swarm_0_160.pdb   13.605   17.159   0   -55.190
swarm_51_90.pdb   14.498   19.634   0   -59.404
swarm_58_164.pdb   12.631   17.073   0   -62.995
swarm_24_69.pdb   13.782   20.047   0   -74.117
swarm_20_90.pdb   14.219   23.132   0   -74.134
swarm_48_19.pdb   14.422   22.481   0.103448   -78.243
swarm_110_156.pdb   12.769   21.405   0   -81.937
swarm_1_164.pdb   13.897   16.542   0   -84.691
swarm_66_84.pdb   11.765   18.956   0   -85.613
swarm_105_41.pdb   11.081   18.727   0   -88.813
swarm_81_30.pdb   10.178   17.855   0.0172414   -91.811
swarm_106_127.pdb   12.524   23.096   0   -92.437
swarm_26_176.pdb   12.129   15.438   0.0517241   -94.896
swarm_23_94.pdb   15.020   23.507   0   -98.217
swarm_39_27.pdb   10.660   17.834   0   -98.669
swarm_77_7.pdb   13.763   18.829   0   -103.186
swarm_104_43.pdb   13.692   25.207   0.0344828   -120.193
swarm_111_171.pdb   14.632   19.690   0   -122.159
swarm_84_82.pdb   14.917   21.942   0.103448   -129.484
swarm_82_147.pdb   13.211   24.440   0   -131.907
swarm_49_53.pdb   13.219   24.230   0   -136.903
swarm_76_187.pdb   11.479   19.034   0   -143.319
swarm_96_74.pdb   13.605   20.743   0   -144.417
swarm_88_181.pdb   15.575   24.051   0   -154.329
swarm_103_199.pdb   12.894   19.470   0.0517241   -179.828
swarm_109_18.pdb   11.454   16.705   0   -265.080
swarm_9_63.pdb   11.809   20.594   0.0517241   -297.751
swarm_103_11.pdb   14.390   23.237   0.0344828   -321.215
swarm_114_17.pdb   10.530   20.005   0.0517241   -362.690
swarm_55_115.pdb   15.821   23.178   0.0862069   -366.643
