swarm_22_71.pdb	8.769	18.111	0.0588235	30.020
swarm_22_54.pdb	9.491	17.838	0	28.727
swarm_2_152.pdb	9.980	18.016	0.0294118	27.308
swarm_33_100.pdb	8.427	15.122	0	27.246
swarm_7_56.pdb	9.471	18.974	0	26.694
swarm_29_130.pdb	7.029	13.600	0.0882353	26.439
swarm_10_101.pdb	10.881	19.591	0	25.743
swarm_33_46.pdb	8.673	17.719	0.0588235	25.467
swarm_29_161.pdb	7.508	16.325	0.0294118	25.454
swarm_7_64.pdb	8.336	19.235	0	25.122
swarm_6_130.pdb	9.581	15.222	0	24.556
swarm_9_54.pdb	12.271	29.933	0	24.229
swarm_20_42.pdb	16.396	42.513	0	23.688
swarm_10_76.pdb	7.915	14.746	0	23.651
swarm_17_11.pdb	11.757	28.796	0	23.572
swarm_10_82.pdb	11.930	18.949	0	23.456
swarm_16_156.pdb	9.420	27.631	0	23.444
swarm_3_20.pdb	8.159	19.166	0.117647	23.424
swarm_29_147.pdb	10.827	19.955	0	23.364
swarm_24_167.pdb	13.676	32.485	0	23.318
swarm_3_198.pdb	8.424	15.608	0	23.309
swarm_31_31.pdb	13.297	36.332	0	23.222
swarm_16_149.pdb	12.008	22.536	0	23.034
swarm_13_173.pdb	11.349	33.346	0.0294118	22.898
swarm_29_166.pdb	6.120	14.581	0	22.809
swarm_36_128.pdb	14.068	33.379	0	22.694
swarm_22_174.pdb	11.760	22.811	0	22.597
swarm_2_26.pdb	12.601	23.688	0	22.502
swarm_7_98.pdb	8.477	15.014	0.0294118	22.434
swarm_26_71.pdb	11.142	28.514	0.0588235	22.322
swarm_35_53.pdb	10.164	23.737	0	22.319
swarm_35_163.pdb	12.974	30.507	0	22.150
swarm_33_23.pdb	8.054	14.031	0.0294118	22.080
swarm_24_102.pdb	13.600	33.425	0	22.037
swarm_9_198.pdb	7.707	30.940	0.0294118	21.917
swarm_4_64.pdb	17.369	47.848	0	21.913
swarm_24_10.pdb	11.047	25.862	0	21.801
swarm_33_74.pdb	9.558	17.068	0.0294118	21.758
swarm_3_49.pdb	11.201	17.880	0	21.710
swarm_19_15.pdb	11.683	21.075	0	21.665
swarm_3_159.pdb	10.329	23.086	0.0588235	21.610
swarm_25_61.pdb	11.077	29.182	0	21.513
swarm_11_193.pdb	11.665	35.557	0	21.452
swarm_17_62.pdb	12.047	30.327	0.0588235	21.320
swarm_27_137.pdb	12.345	31.121	0	21.265
swarm_18_155.pdb	7.032	15.178	0.205882	21.073
swarm_12_155.pdb	12.610	33.142	0	21.010
swarm_14_152.pdb	12.236	27.199	0	20.921
swarm_6_82.pdb	11.281	21.834	0	20.580
swarm_16_151.pdb	9.928	21.829	0	20.517
swarm_25_73.pdb	13.841	33.781	0	20.466
swarm_18_89.pdb	12.646	27.487	0	20.205
swarm_5_72.pdb	14.262	30.592	0	20.162
swarm_18_34.pdb	11.049	19.909	0	20.146
swarm_16_64.pdb	11.442	28.583	0.0588235	20.124
swarm_1_33.pdb	9.807	16.829	0	20.084
swarm_14_177.pdb	9.255	29.254	0	19.963
swarm_18_31.pdb	12.587	22.061	0	19.958
swarm_22_92.pdb	9.651	16.809	0	19.956
swarm_18_193.pdb	7.026	23.011	0.117647	19.906
swarm_35_156.pdb	11.487	20.907	0	19.787
swarm_18_9.pdb	7.109	17.685	0.176471	19.733
swarm_7_42.pdb	11.350	19.121	0	19.727
swarm_29_111.pdb	4.613	16.485	0.0882353	19.589
swarm_35_25.pdb	2.976	13.377	0.382353	19.423
swarm_13_171.pdb	14.274	32.130	0	19.354
swarm_22_183.pdb	7.370	16.761	0	19.338
swarm_13_112.pdb	12.133	30.328	0.147059	19.187
swarm_6_189.pdb	11.467	22.972	0	19.155
swarm_19_174.pdb	12.333	21.435	0	19.020
swarm_31_152.pdb	12.437	37.300	0	18.968
swarm_10_146.pdb	9.676	19.137	0	18.922
swarm_2_48.pdb	11.123	20.068	0	18.904
swarm_19_123.pdb	10.036	19.800	0	18.869
swarm_13_166.pdb	12.087	34.758	0.0588235	18.823
swarm_7_72.pdb	9.435	24.236	0.0294118	18.769
swarm_16_10.pdb	10.009	27.534	0	18.769
swarm_35_82.pdb	8.559	19.748	0	18.682
swarm_24_22.pdb	9.959	29.919	0	18.663
swarm_36_24.pdb	11.520	34.218	0	18.655
swarm_18_140.pdb	9.835	23.965	0.0588235	18.568
swarm_26_132.pdb	9.891	27.746	0	18.561
swarm_16_150.pdb	9.537	31.196	0.0588235	18.556
swarm_16_29.pdb	14.630	35.694	0	18.479
swarm_18_178.pdb	15.056	27.290	0	18.430
swarm_17_118.pdb	13.687	23.514	0	18.342
swarm_31_28.pdb	10.591	28.016	0	18.329
swarm_16_79.pdb	11.494	33.387	0.0294118	18.321
swarm_24_50.pdb	12.317	30.221	0	18.314
swarm_14_110.pdb	13.009	22.547	0	18.047
swarm_29_79.pdb	7.879	15.715	0.0294118	18.031
swarm_20_115.pdb	11.953	33.674	0	18.000
swarm_5_79.pdb	13.751	31.263	0	17.989
swarm_22_106.pdb	11.549	20.816	0	17.962
swarm_7_48.pdb	6.912	13.940	0.147059	17.907
swarm_25_1.pdb	13.012	37.581	0	17.892
swarm_14_70.pdb	12.348	34.629	0	17.884
swarm_6_191.pdb	13.569	27.315	0	17.847
swarm_13_138.pdb	15.125	35.810	0	17.832
swarm_24_166.pdb	8.865	34.481	0	17.745
swarm_22_30.pdb	9.446	17.771	0.0588235	17.667
swarm_22_75.pdb	9.204	23.200	0	17.627
swarm_19_59.pdb	9.009	18.136	0.117647	17.580
swarm_30_170.pdb	16.231	38.622	0	17.429
swarm_5_172.pdb	13.323	25.939	0	17.326
swarm_35_135.pdb	10.637	20.912	0	17.262
swarm_18_190.pdb	10.345	31.026	0.0294118	17.248
swarm_24_52.pdb	11.749	31.154	0.0588235	17.197
swarm_19_85.pdb	10.504	20.485	0	17.181
swarm_31_149.pdb	15.230	42.062	0	17.123
swarm_18_35.pdb	8.380	25.318	0.0294118	17.070
swarm_13_75.pdb	12.411	25.199	0	17.048
swarm_25_42.pdb	11.168	29.721	0.0294118	16.986
swarm_17_23.pdb	13.517	31.025	0	16.904
swarm_22_43.pdb	9.540	19.018	0	16.895
swarm_5_154.pdb	13.455	29.078	0	16.833
swarm_35_32.pdb	12.527	28.691	0	16.730
swarm_17_9.pdb	12.372	29.644	0	16.646
swarm_24_178.pdb	10.548	27.205	0	16.529
swarm_17_67.pdb	13.621	27.608	0	16.449
swarm_35_164.pdb	8.113	20.208	0.0294118	16.350
swarm_24_58.pdb	11.890	36.460	0	16.302
swarm_27_15.pdb	9.692	28.422	0	16.266
swarm_16_77.pdb	11.821	30.335	0	16.174
swarm_17_69.pdb	10.444	27.751	0	16.066
swarm_6_171.pdb	7.697	23.815	0.147059	16.059
swarm_10_170.pdb	10.866	17.343	0	15.987
swarm_10_21.pdb	7.347	18.881	0	15.936
swarm_2_185.pdb	8.403	22.241	0.0294118	15.922
swarm_5_94.pdb	9.413	21.136	0	15.853
swarm_24_110.pdb	17.972	38.774	0	15.846
swarm_7_125.pdb	10.636	18.763	0	15.769
swarm_30_60.pdb	14.202	43.017	0	15.658
swarm_12_103.pdb	12.711	34.813	0	15.652
swarm_14_40.pdb	10.942	27.916	0	15.607
swarm_12_48.pdb	13.012	33.748	0	15.581
swarm_35_77.pdb	7.813	18.384	0	15.494
swarm_24_145.pdb	13.858	37.133	0	15.423
swarm_2_82.pdb	8.311	18.491	0.0588235	15.373
swarm_19_126.pdb	11.035	28.814	0	15.347
swarm_9_23.pdb	14.400	34.069	0	15.228
swarm_9_101.pdb	13.012	35.013	0	15.205
swarm_8_44.pdb	9.383	26.624	0	15.203
swarm_26_111.pdb	10.171	23.285	0	15.144
swarm_28_161.pdb	16.609	35.975	0	15.047
swarm_17_64.pdb	11.030	28.799	0	14.948
swarm_12_152.pdb	11.858	40.877	0	14.939
swarm_16_9.pdb	9.513	29.648	0.0294118	14.930
swarm_17_35.pdb	8.967	20.465	0	14.923
swarm_13_96.pdb	11.123	27.422	0	14.851
swarm_27_114.pdb	13.281	33.414	0	14.801
swarm_35_181.pdb	7.305	23.165	0.0588235	14.754
swarm_26_158.pdb	11.461	27.354	0	14.723
swarm_33_175.pdb	4.473	12.965	0.0588235	14.686
swarm_34_199.pdb	17.447	44.351	0	14.554
swarm_21_10.pdb	9.960	29.032	0	14.498
swarm_2_66.pdb	10.986	24.059	0	14.497
swarm_4_69.pdb	19.475	48.848	0	14.438
swarm_7_126.pdb	8.100	12.965	0	14.338
swarm_35_15.pdb	9.853	25.449	0.0588235	14.319
swarm_29_164.pdb	7.724	12.057	0.0294118	14.287
swarm_2_199.pdb	10.616	26.093	0	14.227
swarm_27_60.pdb	15.148	32.727	0	14.162
swarm_25_116.pdb	15.927	35.995	0	14.127
swarm_19_186.pdb	10.132	25.986	0	14.000
swarm_10_62.pdb	9.870	22.941	0	13.958
swarm_9_194.pdb	14.588	32.717	0	13.783
swarm_16_82.pdb	10.405	26.234	0	13.766
swarm_7_103.pdb	13.119	22.093	0	13.730
swarm_2_45.pdb	10.954	23.119	0	13.697
swarm_16_135.pdb	13.239	25.176	0	13.659
swarm_2_140.pdb	13.453	23.178	0	13.635
swarm_13_71.pdb	15.848	35.686	0	13.631
swarm_11_68.pdb	15.374	33.097	0	13.556
swarm_18_16.pdb	11.063	23.182	0	13.532
swarm_25_7.pdb	10.495	28.121	0	13.526
swarm_14_68.pdb	14.433	29.820	0	13.503
swarm_14_65.pdb	16.999	32.450	0	13.392
swarm_1_187.pdb	8.676	14.920	0	13.374
swarm_18_182.pdb	12.573	23.081	0	13.283
swarm_5_62.pdb	12.012	30.571	0	13.249
swarm_17_66.pdb	11.034	27.620	0.0294118	13.202
swarm_18_11.pdb	7.881	23.467	0	13.082
swarm_10_22.pdb	10.334	20.198	0.0588235	13.064
swarm_22_0.pdb	5.488	20.263	0.0588235	12.955
swarm_2_56.pdb	8.231	16.514	0.0294118	12.846
swarm_5_41.pdb	17.840	35.829	0	12.839
swarm_9_124.pdb	18.375	40.271	0	12.794
swarm_14_52.pdb	14.817	28.399	0	12.784
swarm_29_51.pdb	7.720	14.040	0.0588235	12.712
swarm_5_128.pdb	13.881	28.960	0	12.708
swarm_16_105.pdb	11.003	33.518	0	12.705
swarm_14_93.pdb	14.892	32.077	0	12.530
swarm_7_80.pdb	4.792	14.787	0.117647	12.464
swarm_23_191.pdb	12.775	35.723	0.147059	12.393
swarm_18_67.pdb	7.794	22.205	0	12.295
swarm_13_45.pdb	13.084	35.656	0	12.246
swarm_35_50.pdb	10.372	22.385	0.0294118	12.216
swarm_36_115.pdb	13.432	36.203	0.0588235	12.156
swarm_19_101.pdb	11.190	23.347	0	12.137
swarm_24_91.pdb	11.380	36.441	0	12.100
swarm_26_55.pdb	10.130	26.217	0.0294118	12.098
swarm_26_46.pdb	6.090	23.243	0	12.044
swarm_20_12.pdb	13.645	33.599	0	11.966
swarm_26_9.pdb	9.639	29.597	0	11.937
swarm_3_179.pdb	8.121	14.271	0.0588235	11.920
swarm_10_199.pdb	6.095	10.340	0	11.875
swarm_0_42.pdb	17.108	46.223	0	11.847
swarm_28_20.pdb	19.005	43.830	0	11.780
swarm_14_72.pdb	8.907	23.314	0.0294118	11.639
swarm_14_148.pdb	12.524	22.271	0	11.586
swarm_7_178.pdb	12.559	24.254	0	11.404
swarm_19_179.pdb	9.390	26.990	0.0588235	11.238
swarm_26_92.pdb	12.857	30.445	0	11.229
swarm_12_102.pdb	12.566	31.002	0	10.926
swarm_5_120.pdb	10.778	28.873	0.0294118	10.757
swarm_35_48.pdb	9.863	30.405	0.0588235	10.696
swarm_12_107.pdb	10.389	31.234	0	10.681
swarm_24_6.pdb	16.979	36.174	0	10.651
swarm_0_148.pdb	19.562	45.514	0	10.618
swarm_35_38.pdb	5.206	16.960	0.147059	10.372
swarm_18_191.pdb	8.698	22.458	0	10.319
swarm_26_25.pdb	7.355	30.799	0.0294118	10.306
swarm_17_172.pdb	9.708	31.610	0	10.269
swarm_25_190.pdb	11.702	24.320	0	10.110
swarm_16_102.pdb	11.217	25.878	0	10.052
swarm_9_196.pdb	12.566	39.841	0	9.725
swarm_2_42.pdb	10.077	23.894	0	9.624
swarm_26_93.pdb	8.631	28.060	0	9.622
swarm_7_15.pdb	7.266	15.999	0	9.256
swarm_3_66.pdb	8.978	19.515	0	8.981
swarm_18_158.pdb	11.330	21.141	0	8.927
swarm_18_48.pdb	11.679	28.275	0	8.876
swarm_22_66.pdb	9.866	20.967	0.0294118	8.388
swarm_24_77.pdb	13.100	29.853	0	8.067
swarm_5_112.pdb	9.247	29.733	0.0294118	8.053
swarm_7_182.pdb	7.281	14.551	0	7.684
swarm_2_86.pdb	5.874	24.236	0.0882353	7.094
swarm_6_152.pdb	8.179	25.150	0.0588235	6.691
swarm_26_42.pdb	9.175	28.106	0	6.682
swarm_14_142.pdb	11.858	31.425	0	6.369
swarm_22_148.pdb	10.230	20.992	0.147059	6.051
swarm_9_46.pdb	15.492	32.172	0	5.374
swarm_11_186.pdb	11.060	23.234	0.0294118	5.274
swarm_5_86.pdb	10.759	27.903	0.117647	5.063
swarm_15_18.pdb	17.265	49.896	0	4.660
swarm_13_110.pdb	14.159	29.318	0	4.308
swarm_25_177.pdb	14.238	30.964	0	3.173
swarm_27_182.pdb	13.054	31.752	0	2.564
swarm_13_59.pdb	12.700	24.697	0	0.066
