run1-swarm_9_103.pdb	5.819	12.865	0	30.720
run1-swarm_36_91.pdb	2.728	12.457	0.441176	29.898
run1-swarm_33_147.pdb	6.595	16.217	0.0294118	29.490
run1-swarm_16_40.pdb	4.604	16.329	0.0882353	29.327
run1-swarm_27_47.pdb	3.244	7.278	0.352941	28.980
run1-swarm_22_172.pdb	4.459	15.859	0.117647	28.947
run1-swarm_29_77.pdb	2.165	5.096	0.529412	28.445
run1-swarm_13_81.pdb	5.640	12.761	0	27.661
run1-swarm_10_184.pdb	2.124	8.787	0.470588	27.429
run1-swarm_41_122.pdb	1.170	4.508	0.617647	26.410
run1-swarm_4_28.pdb	3.484	7.353	0.176471	26.266
run1-swarm_22_102.pdb	7.187	14.152	0	25.994
run1-swarm_7_172.pdb	2.039	8.520	0.5	25.958
run1-swarm_36_54.pdb	4.802	14.816	0.0882353	25.891
run1-swarm_2_109.pdb	6.415	13.794	0.0294118	25.875
run1-swarm_10_43.pdb	6.759	14.308	0.0294118	25.612
run1-swarm_27_107.pdb	6.929	14.556	0	25.549
run1-swarm_16_187.pdb	1.134	3.483	0.676471	25.035
run1-swarm_10_55.pdb	4.665	16.198	0.117647	25.028
run1-swarm_13_198.pdb	2.300	7.524	0.294118	24.058
run1-swarm_31_176.pdb	3.017	9.560	0.235294	24.041
run1-swarm_14_126.pdb	4.474	15.510	0.117647	23.901
run1-swarm_9_2.pdb	6.928	13.220	0	23.602
run1-swarm_8_168.pdb	3.731	7.860	0.235294	23.222
run1-swarm_24_87.pdb	3.636	14.354	0.147059	23.099
run1-swarm_21_85.pdb	2.764	11.918	0.441176	23.076
run1-swarm_41_19.pdb	6.359	14.518	0.0294118	22.661
run1-swarm_29_80.pdb	6.838	17.276	0	22.635
run1-swarm_31_183.pdb	6.351	15.699	0.0588235	22.616
run1-swarm_38_193.pdb	5.125	12.848	0.0294118	22.449
run1-swarm_38_84.pdb	6.289	12.580	0.0294118	22.363
run1-swarm_36_127.pdb	3.448	15.794	0.264706	21.996
run1-swarm_38_161.pdb	1.824	5.963	0.411765	21.741
run1-swarm_17_56.pdb	6.620	12.955	0	21.719
run1-swarm_17_171.pdb	3.341	5.331	0.323529	21.657
run1-swarm_38_151.pdb	2.299	11.438	0.470588	21.537
run1-swarm_16_132.pdb	6.142	13.071	0.0294118	21.121
run1-swarm_19_98.pdb	7.230	13.683	0	21.037
run1-swarm_9_77.pdb	6.472	12.822	0.0294118	20.807
run1-swarm_9_150.pdb	4.010	11.564	0.0588235	20.776
run1-swarm_44_3.pdb	5.775	14.502	0.0588235	20.743
run1-swarm_3_104.pdb	2.316	10.519	0.5	20.522
run1-swarm_35_8.pdb	1.263	2.196	0.529412	20.470
run1-swarm_20_57.pdb	8.414	29.620	0	20.322
run1-swarm_35_120.pdb	4.244	9.325	0.117647	20.135
run1-swarm_24_28.pdb	4.629	18.367	0.117647	20.100
run1-swarm_44_14.pdb	5.018	20.455	0.147059	20.088
run1-swarm_2_39.pdb	4.109	13.358	0.117647	19.620
run1-swarm_21_30.pdb	6.546	13.502	0.0588235	19.540
run1-swarm_5_108.pdb	1.864	4.908	0.382353	19.411
run1-swarm_22_187.pdb	3.178	11.216	0.235294	19.404
run1-swarm_13_1.pdb	6.123	12.587	0.0588235	19.385
run1-swarm_36_120.pdb	6.446	23.977	0	19.085
run1-swarm_35_110.pdb	5.966	12.296	0.0588235	18.939
run1-swarm_32_114.pdb	4.370	15.950	0.176471	18.933
run1-swarm_30_16.pdb	1.204	2.775	0.617647	18.851
run1-swarm_38_72.pdb	9.293	14.253	0	18.429
run1-swarm_40_186.pdb	8.394	30.734	0	18.299
run1-swarm_12_38.pdb	6.426	24.765	0.147059	18.201
run1-swarm_11_19.pdb	1.569	3.647	0.411765	18.064
run1-swarm_6_46.pdb	7.156	27.929	0	18.008
run1-swarm_0_84.pdb	4.116	15.668	0.264706	17.970
run1-swarm_43_65.pdb	8.410	26.566	0	17.866
run1-swarm_12_82.pdb	8.850	34.834	0	17.809
run1-swarm_21_167.pdb	10.810	18.175	0	17.646
run1-swarm_11_192.pdb	6.990	14.152	0	17.539
run1-swarm_33_167.pdb	8.069	15.141	0	17.530
run1-swarm_7_103.pdb	5.416	20.440	0.0882353	17.502
run1-swarm_17_124.pdb	9.461	14.877	0	17.436
run1-swarm_37_140.pdb	6.465	28.725	0.0294118	17.426
run1-swarm_31_184.pdb	8.177	12.478	0	17.402
run1-swarm_7_74.pdb	8.593	21.627	0	17.264
run1-swarm_2_11.pdb	5.829	19.932	0.147059	17.185
run1-swarm_41_53.pdb	7.679	12.618	0	17.130
run1-swarm_34_24.pdb	12.346	37.612	0	17.075
run1-swarm_18_84.pdb	3.880	14.882	0.294118	17.012
run1-swarm_6_20.pdb	5.837	29.020	0	16.982
run1-swarm_9_115.pdb	8.120	13.758	0	16.963
run1-swarm_26_9.pdb	5.821	21.381	0.0588235	16.935
run1-swarm_33_91.pdb	4.301	11.063	0.0294118	16.881
run1-swarm_25_122.pdb	12.025	35.471	0	16.687
run1-swarm_44_146.pdb	4.818	13.073	0.0882353	16.601
run1-swarm_27_171.pdb	7.183	13.234	0	16.258
run1-swarm_26_152.pdb	7.423	32.022	0.0294118	16.184
run1-swarm_12_31.pdb	7.133	29.873	0.0882353	16.156
run1-swarm_0_96.pdb	8.810	20.106	0	16.127
run1-swarm_1_125.pdb	7.992	36.160	0	16.089
run1-swarm_0_133.pdb	5.194	20.758	0.117647	16.083
run1-swarm_13_155.pdb	7.827	11.759	0	15.974
run1-swarm_11_81.pdb	3.209	6.686	0.323529	15.823
run1-swarm_44_18.pdb	6.156	23.620	0.176471	15.786
run1-swarm_36_185.pdb	8.552	14.801	0	15.670
run1-swarm_29_13.pdb	2.885	7.432	0.323529	15.597
run1-swarm_20_33.pdb	8.483	24.470	0	15.512
run1-swarm_30_74.pdb	9.032	14.849	0	15.414
run1-swarm_8_108.pdb	5.310	9.375	0.0588235	15.192
run1-swarm_21_188.pdb	7.256	14.470	0	15.040
run1-swarm_14_147.pdb	9.449	14.108	0	15.033
run1-swarm_21_60.pdb	8.488	14.103	0	15.004
run1-swarm_5_157.pdb	6.414	11.693	0	14.941
run1-swarm_18_23.pdb	5.530	14.410	0.0294118	14.934
run1-swarm_39_192.pdb	6.066	18.508	0.117647	14.926
run1-swarm_20_123.pdb	7.103	31.405	0.0294118	14.881
run1-swarm_20_23.pdb	5.944	29.271	0	14.831
run1-swarm_35_170.pdb	6.273	12.519	0.0294118	14.291
run1-swarm_19_70.pdb	5.570	13.407	0.0882353	14.220
run1-swarm_0_97.pdb	7.141	20.502	0.0588235	14.182
run1-swarm_32_197.pdb	8.036	22.423	0.0588235	13.650
run1-swarm_32_0.pdb	8.794	20.950	0	13.630
run1-swarm_39_16.pdb	7.135	27.448	0.0294118	13.607
run1-swarm_19_161.pdb	7.931	23.624	0.0294118	13.549
run1-swarm_41_40.pdb	4.018	9.061	0.352941	13.539
run1-swarm_15_70.pdb	4.731	15.858	0	13.536
run1-swarm_37_188.pdb	7.289	23.697	0	13.480
run1-swarm_40_139.pdb	7.675	36.437	0	13.393
run1-swarm_26_139.pdb	8.154	24.107	0.0588235	13.371
run1-swarm_3_176.pdb	9.850	15.206	0	13.005
run1-swarm_0_83.pdb	11.635	32.635	0	12.927
run1-swarm_8_100.pdb	7.479	12.231	0	12.901
run1-swarm_5_4.pdb	4.840	16.428	0.235294	12.896
run1-swarm_4_56.pdb	2.709	11.676	0.294118	12.712
run1-swarm_34_131.pdb	9.807	35.478	0	12.699
run1-swarm_31_146.pdb	6.826	13.317	0	12.663
run1-swarm_32_168.pdb	6.218	14.429	0.0882353	12.468
run1-swarm_8_54.pdb	4.780	17.486	0.0294118	12.413
run1-swarm_44_127.pdb	9.090	21.589	0	12.295
run1-swarm_7_16.pdb	8.211	13.747	0	12.284
run1-swarm_42_44.pdb	13.120	44.146	0	12.220
run1-swarm_43_166.pdb	7.555	34.534	0	12.118
run1-swarm_12_41.pdb	7.729	32.870	0	11.964
run1-swarm_15_149.pdb	9.297	24.287	0	11.908
run1-swarm_14_92.pdb	9.319	18.934	0	11.902
run1-swarm_5_99.pdb	6.305	18.150	0.117647	11.853
run1-swarm_25_140.pdb	9.502	37.835	0	11.839
run1-swarm_37_93.pdb	12.855	37.397	0	11.819
run1-swarm_36_132.pdb	3.868	10.053	0.294118	11.600
run1-swarm_25_27.pdb	13.291	40.241	0	11.541
run1-swarm_23_44.pdb	12.427	45.646	0	11.525
run1-swarm_26_82.pdb	12.059	34.437	0	11.291
run1-swarm_41_176.pdb	6.878	16.567	0.0294118	10.983
run1-swarm_18_159.pdb	8.668	19.529	0.0294118	10.885
run1-swarm_41_92.pdb	4.114	13.879	0.117647	10.763
run1-swarm_26_166.pdb	9.484	33.637	0	10.480
run1-swarm_19_180.pdb	6.576	23.380	0.0294118	10.244
run1-swarm_32_25.pdb	4.828	14.759	0.117647	10.207
run1-swarm_39_121.pdb	12.278	34.439	0	10.133
run1-swarm_39_81.pdb	8.038	29.607	0.117647	10.013
run1-swarm_18_181.pdb	7.609	29.659	0.0294118	9.763
run1-swarm_29_91.pdb	7.111	11.068	0	8.639
run1-swarm_34_167.pdb	8.856	35.916	0	7.281
run1-swarm_35_133.pdb	9.436	19.262	0	5.768
run1-swarm_18_40.pdb	6.738	27.253	0.0882353	5.292
run1-swarm_17_150.pdb	8.847	15.677	0	3.566
run1-swarm_39_116.pdb	5.440	21.488	0.0588235	0.448
