swarm_35_72.pdb	9.239	16.298	0	28.596
swarm_6_105.pdb	9.564	19.188	0	28.115
swarm_29_103.pdb	10.167	17.513	0	26.791
swarm_31_120.pdb	9.186	27.585	0	26.564
swarm_33_87.pdb	7.583	12.701	0.0588235	26.536
swarm_9_175.pdb	8.961	35.039	0.0294118	26.236
swarm_17_90.pdb	11.980	27.899	0	26.005
swarm_29_156.pdb	6.382	13.798	0.0588235	25.985
swarm_20_144.pdb	13.805	41.586	0	25.911
swarm_2_186.pdb	6.585	20.006	0.0294118	25.497
swarm_2_148.pdb	9.466	19.207	0	24.426
swarm_22_1.pdb	8.615	16.347	0	24.252
swarm_17_75.pdb	6.107	17.436	0.0294118	24.224
swarm_33_79.pdb	6.810	13.289	0.0294118	24.115
swarm_13_112.pdb	6.189	22.570	0.0882353	23.929
swarm_35_168.pdb	10.068	23.641	0	23.722
swarm_7_82.pdb	11.248	21.742	0	23.614
swarm_9_35.pdb	11.571	34.540	0	23.504
swarm_16_89.pdb	9.409	19.104	0	23.488
swarm_3_91.pdb	7.186	13.810	0.0588235	23.000
swarm_5_196.pdb	7.401	22.764	0.0294118	22.702
swarm_3_143.pdb	8.695	15.741	0	22.019
swarm_25_165.pdb	10.492	28.099	0	21.914
swarm_7_93.pdb	7.563	12.154	0.0588235	21.895
swarm_24_11.pdb	10.112	35.251	0	21.580
swarm_18_152.pdb	6.144	22.692	0.0882353	21.573
swarm_16_156.pdb	8.258	32.748	0.0294118	21.572
swarm_16_70.pdb	6.424	18.102	0.0294118	21.452
swarm_19_88.pdb	11.300	21.075	0	21.125
swarm_22_131.pdb	6.568	12.084	0.0294118	20.653
swarm_12_139.pdb	10.158	27.207	0	20.649
swarm_24_111.pdb	8.826	21.965	0	20.623
swarm_26_32.pdb	11.009	24.136	0	20.605
swarm_13_11.pdb	10.903	28.466	0	20.573
swarm_5_89.pdb	7.959	30.918	0.0294118	20.492
swarm_35_90.pdb	6.661	18.171	0.0294118	20.241
swarm_20_10.pdb	8.029	34.846	0	20.179
swarm_26_102.pdb	10.769	30.615	0	20.024
swarm_10_13.pdb	9.305	14.566	0	19.998
swarm_35_161.pdb	8.753	20.844	0	19.923
swarm_17_141.pdb	8.138	27.472	0	19.798
swarm_25_164.pdb	9.939	30.446	0	19.767
swarm_19_179.pdb	4.296	12.857	0.0882353	19.569
swarm_29_104.pdb	1.218	3.544	0.705882	19.497
swarm_4_119.pdb	15.103	45.769	0	19.460
swarm_18_29.pdb	9.247	19.249	0	19.192
swarm_9_26.pdb	10.309	29.827	0	19.190
swarm_2_181.pdb	4.002	18.732	0.176471	19.117
swarm_31_141.pdb	5.476	26.211	0.0882353	19.078
swarm_6_117.pdb	5.552	15.454	0.0882353	18.858
swarm_12_116.pdb	10.536	38.346	0	18.858
swarm_24_35.pdb	9.736	29.377	0	18.515
swarm_12_122.pdb	11.477	35.310	0.0294118	18.436
swarm_36_16.pdb	7.995	35.617	0	18.268
swarm_16_198.pdb	10.878	30.322	0	18.264
swarm_30_191.pdb	10.795	42.264	0	18.037
swarm_19_71.pdb	7.792	12.583	0.0294118	17.847
swarm_9_49.pdb	10.006	27.133	0	17.714
swarm_12_127.pdb	6.435	29.076	0.0294118	17.698
swarm_6_79.pdb	2.373	11.852	0.441176	17.643
swarm_31_19.pdb	10.327	37.591	0	17.628
swarm_27_15.pdb	8.643	38.028	0	17.595
swarm_33_98.pdb	9.692	15.224	0	17.481
swarm_7_44.pdb	5.766	17.236	0	17.441
swarm_24_14.pdb	10.802	31.443	0	17.339
swarm_10_0.pdb	5.922	12.336	0.0882353	17.306
swarm_26_16.pdb	8.142	30.432	0	17.304
swarm_26_6.pdb	5.082	24.483	0.0588235	17.297
swarm_16_63.pdb	10.561	27.204	0	17.288
swarm_21_80.pdb	8.176	34.191	0	17.101
swarm_22_97.pdb	6.313	16.631	0.0588235	17.064
swarm_35_151.pdb	4.260	20.353	0.147059	17.029
swarm_28_26.pdb	11.018	42.393	0	16.692
swarm_17_151.pdb	10.316	26.692	0	16.421
swarm_6_123.pdb	5.067	23.001	0.0588235	16.410
swarm_24_109.pdb	5.158	20.410	0.0882353	16.292
swarm_14_104.pdb	6.918	25.873	0.0294118	16.288
swarm_32_163.pdb	11.004	41.736	0	16.150
swarm_3_87.pdb	4.277	12.955	0.0882353	16.046
swarm_22_173.pdb	7.921	16.493	0	15.832
swarm_26_47.pdb	6.843	20.371	0.0588235	15.788
swarm_33_81.pdb	6.438	14.234	0	15.565
swarm_0_40.pdb	11.438	43.705	0	15.468
swarm_29_141.pdb	6.240	10.797	0.0294118	15.371
swarm_5_197.pdb	10.515	22.327	0	15.250
swarm_2_177.pdb	8.599	14.722	0.0294118	15.068
swarm_17_100.pdb	6.996	26.689	0	15.024
swarm_25_154.pdb	8.632	24.427	0.0294118	14.803
swarm_6_137.pdb	6.230	9.937	0.0588235	14.769
swarm_18_120.pdb	10.427	18.763	0	14.756
swarm_0_71.pdb	14.590	44.105	0	14.731
swarm_13_108.pdb	10.796	36.533	0	14.706
swarm_24_71.pdb	7.652	28.457	0.0588235	14.613
swarm_19_83.pdb	7.357	18.692	0.0294118	14.578
swarm_29_114.pdb	6.434	10.318	0	14.437
swarm_26_39.pdb	10.000	19.949	0	14.403
swarm_5_184.pdb	8.473	29.165	0	14.363
swarm_26_129.pdb	8.262	22.145	0.0294118	14.300
swarm_17_103.pdb	11.486	24.978	0	14.040
swarm_25_13.pdb	6.097	27.265	0.0294118	14.026
swarm_14_183.pdb	7.062	20.485	0	13.516
swarm_13_14.pdb	12.540	24.825	0	13.329
swarm_10_135.pdb	6.592	14.412	0	13.268
swarm_16_144.pdb	7.868	23.815	0	13.246
swarm_2_70.pdb	7.227	14.307	0.0588235	13.232
swarm_7_121.pdb	6.297	13.357	0.0588235	13.221
swarm_2_141.pdb	8.154	24.406	0.0588235	13.113
swarm_14_43.pdb	7.104	25.737	0	13.080
swarm_8_4.pdb	6.847	22.854	0	12.882
swarm_24_19.pdb	8.590	28.757	0	12.227
swarm_14_14.pdb	9.843	19.344	0	11.850
swarm_18_82.pdb	8.455	17.813	0	11.784
swarm_14_153.pdb	8.043	24.490	0	11.738
swarm_27_187.pdb	8.288	27.996	0	11.641
swarm_19_106.pdb	9.141	22.822	0	10.716
swarm_3_113.pdb	7.489	15.782	0	10.616
swarm_32_10.pdb	12.039	42.380	0	10.399
swarm_19_188.pdb	6.926	21.375	0	10.385
swarm_6_116.pdb	6.551	12.346	0	10.332
swarm_5_123.pdb	7.439	22.673	0	10.304
swarm_13_104.pdb	7.885	28.956	0	10.165
swarm_5_128.pdb	6.784	26.063	0.0294118	9.932
swarm_14_4.pdb	12.409	29.648	0	9.906
swarm_13_65.pdb	10.643	31.281	0	8.990
swarm_29_41.pdb	5.537	14.931	0	8.927
swarm_30_37.pdb	9.848	36.301	0	8.848
swarm_11_123.pdb	8.808	23.249	0	8.501
swarm_14_44.pdb	11.003	20.938	0	8.056
swarm_36_170.pdb	10.418	29.741	0	6.931
swarm_22_23.pdb	4.465	18.821	0.264706	4.701
swarm_0_158.pdb	14.652	45.534	0	1.484
