swarm_16_120.pdb	8.845	17.723	0.0588235	29.406
swarm_46_52.pdb	10.327	18.628	0	27.705
swarm_35_193.pdb	8.911	18.190	0	26.747
swarm_28_11.pdb	11.384	42.741	0	26.504
swarm_33_68.pdb	9.451	17.521	0	26.445
swarm_32_152.pdb	7.765	18.658	0.0588235	26.366
swarm_37_119.pdb	7.296	15.855	0.0294118	26.271
swarm_50_41.pdb	7.143	15.317	0.0294118	25.003
swarm_4_127.pdb	8.001	20.355	0.0588235	24.970
swarm_33_192.pdb	6.517	13.643	0	24.434
swarm_13_9.pdb	7.430	18.952	0.0294118	24.379
swarm_23_188.pdb	13.804	42.712	0	24.152
swarm_16_33.pdb	7.203	15.970	0.0882353	24.010
swarm_38_11.pdb	12.290	43.136	0	23.851
swarm_16_65.pdb	9.194	20.205	0.0294118	23.818
swarm_19_13.pdb	9.390	19.803	0	23.418
swarm_16_28.pdb	8.568	15.586	0	23.204
swarm_42_123.pdb	9.465	16.155	0	22.892
swarm_7_12.pdb	10.080	17.811	0	22.794
swarm_9_76.pdb	13.034	45.254	0	22.606
swarm_12_169.pdb	13.047	44.487	0	22.533
swarm_18_19.pdb	7.016	14.814	0.0294118	22.524
swarm_32_91.pdb	8.856	15.534	0	22.434
swarm_5_11.pdb	10.000	17.686	0	22.424
swarm_6_57.pdb	11.562	42.758	0	22.367
swarm_50_187.pdb	6.326	17.993	0.0294118	22.340
swarm_46_199.pdb	7.715	15.296	0	22.313
swarm_16_104.pdb	5.616	13.201	0.117647	22.287
swarm_42_122.pdb	10.842	16.766	0	22.259
swarm_21_181.pdb	12.416	31.487	0	21.970
swarm_18_162.pdb	9.784	17.182	0	21.857
swarm_9_162.pdb	14.295	43.218	0	21.793
swarm_27_157.pdb	7.300	18.842	0	21.764
swarm_14_70.pdb	13.511	47.791	0	21.743
swarm_49_127.pdb	14.311	42.892	0	21.710
swarm_36_41.pdb	15.037	44.727	0	21.593
swarm_44_156.pdb	13.886	29.431	0	21.576
swarm_50_59.pdb	10.175	17.751	0	21.477
swarm_11_153.pdb	10.490	19.058	0	21.372
swarm_7_126.pdb	9.880	19.442	0.0882353	21.208
swarm_14_147.pdb	14.904	44.671	0	21.104
swarm_19_185.pdb	8.446	14.801	0	21.023
swarm_43_138.pdb	10.233	22.221	0	21.012
swarm_44_82.pdb	10.894	33.354	0	20.997
swarm_1_70.pdb	12.092	25.755	0	20.928
swarm_50_98.pdb	6.062	14.039	0	20.813
swarm_21_27.pdb	12.141	29.234	0	20.627
swarm_32_130.pdb	7.139	12.800	0	20.587
swarm_38_83.pdb	13.371	40.676	0	20.511
swarm_13_196.pdb	10.839	17.020	0	20.444
swarm_24_33.pdb	9.510	20.669	0.0882353	20.370
swarm_45_193.pdb	11.265	32.747	0	20.247
swarm_14_89.pdb	13.983	44.239	0	20.139
swarm_4_49.pdb	11.068	28.348	0	20.099
swarm_27_76.pdb	9.014	16.415	0	19.883
swarm_29_47.pdb	7.069	13.079	0	19.571
swarm_45_36.pdb	14.379	34.597	0	19.481
swarm_14_101.pdb	13.743	41.643	0	19.438
swarm_18_5.pdb	10.446	17.972	0	19.430
swarm_26_93.pdb	11.022	35.296	0	19.424
swarm_0_174.pdb	14.780	42.802	0	19.245
swarm_50_63.pdb	9.184	16.569	0.147059	19.228
swarm_5_48.pdb	11.115	23.365	0	18.997
swarm_24_138.pdb	11.610	22.791	0	18.917
swarm_46_92.pdb	8.906	19.566	0	18.859
swarm_19_7.pdb	6.198	14.584	0	18.856
swarm_9_198.pdb	15.634	48.125	0	18.720
swarm_17_107.pdb	14.598	34.460	0	18.569
swarm_44_175.pdb	11.127	33.021	0	18.528
swarm_49_131.pdb	13.214	40.527	0	18.507
swarm_47_134.pdb	14.294	43.030	0	18.484
swarm_10_62.pdb	14.042	40.103	0	18.365
swarm_34_109.pdb	11.839	34.144	0	18.339
swarm_21_65.pdb	12.843	28.698	0	18.338
swarm_36_108.pdb	14.635	45.709	0	18.291
swarm_8_177.pdb	9.686	26.544	0.0294118	18.290
swarm_4_42.pdb	10.645	20.737	0.0294118	18.236
swarm_11_72.pdb	7.763	20.806	0	18.233
swarm_39_76.pdb	12.395	39.108	0	18.226
swarm_7_120.pdb	9.259	18.744	0	18.143
swarm_41_56.pdb	11.944	36.162	0	18.141
swarm_50_176.pdb	8.539	18.347	0.0294118	18.125
swarm_10_110.pdb	12.920	39.364	0	18.095
swarm_37_178.pdb	5.331	9.855	0.176471	18.015
swarm_31_134.pdb	12.630	33.116	0	17.979
swarm_27_41.pdb	7.331	16.512	0.0294118	17.977
swarm_31_89.pdb	6.076	25.341	0.0882353	17.972
swarm_22_40.pdb	10.562	20.519	0.0588235	17.951
swarm_7_152.pdb	12.610	19.879	0	17.925
swarm_46_19.pdb	8.547	21.242	0	17.918
swarm_7_42.pdb	10.992	19.015	0	17.822
swarm_46_173.pdb	5.039	11.529	0.0294118	17.792
swarm_2_35.pdb	16.446	44.929	0	17.740
swarm_47_54.pdb	14.255	37.862	0	17.723
swarm_40_186.pdb	9.807	25.447	0	17.710
swarm_49_123.pdb	13.354	36.088	0	17.617
swarm_11_197.pdb	8.768	20.964	0	17.612
swarm_49_59.pdb	12.051	33.371	0	17.607
swarm_29_143.pdb	6.704	18.799	0	17.601
swarm_39_122.pdb	13.318	36.850	0	17.565
swarm_34_175.pdb	13.752	35.436	0	17.508
swarm_7_56.pdb	10.484	19.308	0	17.493
swarm_45_14.pdb	9.864	27.700	0	17.491
swarm_36_110.pdb	14.469	41.149	0	17.384
swarm_42_108.pdb	9.938	19.071	0	17.352
swarm_0_150.pdb	16.190	44.122	0	17.252
swarm_4_141.pdb	12.338	22.429	0	17.191
swarm_49_40.pdb	13.904	38.266	0	17.186
swarm_47_146.pdb	13.875	43.569	0	17.186
swarm_36_34.pdb	13.119	40.670	0	17.175
swarm_41_41.pdb	14.592	32.299	0	17.138
swarm_8_197.pdb	13.760	30.685	0	17.123
swarm_6_188.pdb	13.481	42.261	0	17.104
swarm_5_130.pdb	11.149	19.990	0	17.043
swarm_21_6.pdb	13.374	24.119	0	17.009
swarm_39_47.pdb	13.679	41.902	0	16.983
swarm_47_65.pdb	13.109	37.766	0	16.951
swarm_1_139.pdb	10.024	32.808	0.0294118	16.896
swarm_16_46.pdb	5.902	15.425	0.0588235	16.793
swarm_9_158.pdb	16.003	44.152	0	16.778
swarm_13_12.pdb	9.317	18.298	0	16.748
swarm_10_185.pdb	10.954	30.009	0	16.734
swarm_49_198.pdb	12.476	34.059	0	16.661
swarm_1_135.pdb	10.675	21.079	0	16.637
swarm_47_133.pdb	14.051	42.525	0	16.598
swarm_7_168.pdb	7.265	20.446	0.0588235	16.564
swarm_26_56.pdb	12.916	28.916	0	16.558
swarm_48_27.pdb	12.169	30.504	0	16.549
swarm_40_140.pdb	13.549	39.356	0	16.450
swarm_5_190.pdb	6.546	19.639	0	16.449
swarm_15_90.pdb	13.689	35.862	0	16.423
swarm_3_175.pdb	13.841	37.747	0	16.418
swarm_11_33.pdb	2.700	8.648	0.411765	16.217
swarm_29_68.pdb	9.184	15.943	0	16.190
swarm_11_170.pdb	8.205	22.577	0.0294118	16.186
swarm_9_180.pdb	13.878	47.584	0	16.168
swarm_1_59.pdb	11.283	22.215	0	16.167
swarm_7_166.pdb	8.656	18.460	0	16.113
swarm_2_184.pdb	15.001	43.069	0	16.095
swarm_41_87.pdb	11.889	38.442	0.0294118	16.073
swarm_45_24.pdb	12.487	38.903	0	16.037
swarm_36_61.pdb	9.051	43.021	0	15.967
swarm_45_82.pdb	13.070	35.089	0	15.924
swarm_48_124.pdb	10.778	38.818	0	15.847
swarm_17_126.pdb	14.923	31.878	0	15.776
swarm_16_149.pdb	6.628	12.341	0.0882353	15.742
swarm_18_102.pdb	7.286	15.614	0.0294118	15.731
swarm_10_155.pdb	13.623	39.572	0	15.650
swarm_22_197.pdb	8.899	24.611	0.0588235	15.638
swarm_5_86.pdb	11.618	20.202	0	15.580
swarm_21_33.pdb	9.994	25.574	0.0294118	15.577
swarm_36_146.pdb	15.372	43.184	0	15.565
swarm_49_106.pdb	11.548	36.173	0.0294118	15.490
swarm_45_147.pdb	11.599	38.924	0	15.477
swarm_34_6.pdb	9.091	42.699	0	15.442
swarm_27_175.pdb	11.284	18.574	0	15.441
swarm_35_159.pdb	10.493	21.197	0	15.408
swarm_13_18.pdb	9.959	16.822	0	15.404
swarm_47_157.pdb	11.850	38.900	0	15.364
swarm_16_100.pdb	9.044	17.215	0	15.329
swarm_4_13.pdb	11.226	25.239	0	15.304
swarm_49_24.pdb	12.195	40.546	0	15.258
swarm_2_158.pdb	9.310	46.413	0	15.247
swarm_48_18.pdb	14.194	34.610	0	15.234
swarm_42_131.pdb	9.184	19.149	0	15.169
swarm_5_162.pdb	9.298	17.454	0	15.164
swarm_13_146.pdb	11.180	19.854	0	15.086
swarm_34_198.pdb	13.060	34.863	0	15.070
swarm_45_135.pdb	14.847	40.192	0	15.051
swarm_38_127.pdb	11.503	35.490	0	14.948
swarm_30_18.pdb	8.439	40.330	0	14.924
swarm_17_3.pdb	11.851	36.228	0	14.918
swarm_47_28.pdb	13.978	41.340	0	14.869
swarm_7_135.pdb	5.975	13.625	0.147059	14.840
swarm_26_104.pdb	13.296	30.849	0	14.776
swarm_34_112.pdb	8.554	40.379	0	14.745
swarm_34_95.pdb	12.371	39.632	0	14.739
swarm_31_199.pdb	12.019	35.636	0	14.728
swarm_21_141.pdb	11.214	22.853	0	14.674
swarm_34_28.pdb	12.447	37.239	0	14.647
swarm_29_146.pdb	8.446	21.855	0	14.594
swarm_7_82.pdb	9.345	18.467	0	14.583
swarm_22_81.pdb	10.496	29.412	0	14.520
swarm_38_178.pdb	12.218	38.131	0	14.393
swarm_24_122.pdb	9.602	18.177	0	14.341
swarm_47_58.pdb	14.003	41.917	0	14.335
swarm_3_182.pdb	11.353	37.953	0	14.306
swarm_3_2.pdb	12.078	35.608	0	14.292
swarm_27_120.pdb	11.355	22.004	0	14.274
swarm_4_2.pdb	10.954	28.759	0	14.273
swarm_5_109.pdb	9.656	19.442	0	14.255
swarm_27_2.pdb	8.045	16.710	0	14.154
swarm_32_0.pdb	9.505	17.125	0	13.980
swarm_11_6.pdb	10.003	19.742	0	13.938
swarm_11_39.pdb	6.952	25.507	0	13.906
swarm_13_13.pdb	12.176	19.821	0	13.854
swarm_7_14.pdb	9.975	21.879	0	13.799
swarm_5_5.pdb	10.777	26.954	0	13.640
swarm_20_199.pdb	8.970	20.403	0	13.636
swarm_27_192.pdb	12.196	19.939	0	13.559
swarm_25_52.pdb	15.617	44.831	0	13.374
swarm_30_35.pdb	13.041	43.373	0	13.347
swarm_39_134.pdb	8.707	40.488	0	13.343
swarm_48_16.pdb	15.683	36.309	0	13.079
swarm_21_70.pdb	6.761	22.552	0.0588235	13.034
swarm_10_93.pdb	14.909	41.060	0	12.985
swarm_48_169.pdb	14.230	36.772	0	12.927
swarm_2_190.pdb	14.648	39.042	0	12.910
swarm_7_35.pdb	9.588	20.294	0	12.784
swarm_24_56.pdb	9.221	20.206	0.0294118	12.718
swarm_22_50.pdb	11.076	23.158	0	12.664
swarm_24_179.pdb	10.047	20.963	0	12.620
swarm_4_3.pdb	9.645	22.729	0.0294118	12.580
swarm_11_110.pdb	7.580	19.326	0.0294118	12.532
swarm_8_108.pdb	10.390	25.669	0.0294118	12.331
swarm_31_12.pdb	8.900	32.177	0	12.322
swarm_30_179.pdb	13.724	38.166	0	12.232
swarm_46_75.pdb	6.829	13.012	0.117647	12.206
swarm_1_167.pdb	7.380	22.429	0.0294118	12.117
swarm_41_100.pdb	9.095	30.635	0	11.969
swarm_13_186.pdb	6.582	15.790	0.0294118	11.956
swarm_30_16.pdb	12.153	39.067	0	11.893
swarm_1_97.pdb	14.202	28.859	0	11.806
swarm_27_130.pdb	2.948	7.203	0.176471	11.792
swarm_48_139.pdb	11.649	32.461	0	11.761
swarm_25_43.pdb	14.783	43.990	0	11.702
swarm_1_14.pdb	9.914	23.395	0	11.539
swarm_47_175.pdb	13.038	46.311	0	11.534
swarm_34_44.pdb	12.018	40.625	0	11.475
swarm_13_193.pdb	14.944	25.328	0	11.390
swarm_5_147.pdb	7.175	14.019	0.0294118	11.235
swarm_1_153.pdb	7.405	21.648	0.0588235	11.204
swarm_29_88.pdb	10.937	19.148	0	11.147
swarm_3_74.pdb	9.165	38.431	0	11.001
swarm_10_175.pdb	10.682	39.057	0	10.986
swarm_13_1.pdb	11.114	25.142	0.0294118	10.560
swarm_45_199.pdb	10.222	34.567	0	10.497
swarm_29_119.pdb	6.644	15.180	0	10.490
swarm_22_193.pdb	14.132	29.641	0	10.151
swarm_7_65.pdb	10.604	19.002	0.0588235	10.097
swarm_2_28.pdb	12.166	47.530	0	9.936
swarm_22_157.pdb	10.550	21.760	0.0294118	9.915
swarm_32_59.pdb	6.131	11.441	0.0588235	9.890
swarm_27_118.pdb	9.254	23.206	0	9.122
swarm_22_102.pdb	12.210	23.011	0	9.039
swarm_24_118.pdb	11.223	21.322	0	8.496
swarm_28_2.pdb	13.741	42.670	0	8.334
swarm_17_58.pdb	13.553	31.264	0	8.189
swarm_16_77.pdb	11.628	20.706	0	7.783
swarm_0_170.pdb	15.631	48.461	0	7.429
swarm_4_12.pdb	9.474	24.436	0	6.596
swarm_11_147.pdb	7.571	19.750	0.0588235	6.334
swarm_44_35.pdb	9.955	28.605	0	4.516
swarm_8_179.pdb	11.714	28.352	0	3.380
swarm_5_23.pdb	8.870	18.078	0	2.528
