swarm_9_40.pdb   10.757   18.101   0.0126582   38.669
swarm_98_197.pdb   11.480   20.469   0   38.013
swarm_101_131.pdb   10.404   16.720   0.0126582   36.729
swarm_97_117.pdb   13.778   25.233   0   35.847
swarm_103_121.pdb   12.957   24.142   0.0253165   35.334
swarm_7_79.pdb   14.124   24.114   0   33.165
swarm_54_149.pdb   14.241   24.002   0   32.529
swarm_4_137.pdb   13.506   23.904   0   31.705
swarm_87_43.pdb   11.662   20.460   0   31.568
swarm_88_10.pdb   11.477   20.488   0   31.451
swarm_94_117.pdb   13.860   21.971   0   31.419
swarm_9_56.pdb   13.933   21.846   0   31.221
swarm_94_157.pdb   13.224   25.246   0   30.839
swarm_76_92.pdb   14.465   25.045   0   30.568
swarm_100_22.pdb   13.341   24.169   0.0379747   30.443
swarm_83_36.pdb   12.806   23.762   0   30.148
swarm_102_20.pdb   13.653   23.218   0   30.009
swarm_102_127.pdb   12.330   19.886   0   29.747
swarm_86_80.pdb   13.243   22.902   0   29.693
swarm_100_2.pdb   9.910   15.564   0   29.662
swarm_84_32.pdb   7.898   13.176   0.0126582   29.395
swarm_97_59.pdb   13.370   23.755   0   29.373
swarm_86_47.pdb   12.154   21.179   0   29.336
swarm_86_134.pdb   11.359   18.086   0.0253165   29.247
swarm_84_140.pdb   14.118   24.665   0   28.840
swarm_87_71.pdb   14.890   25.422   0   28.798
swarm_104_27.pdb   13.439   21.840   0.0126582   28.644
swarm_99_89.pdb   8.852   13.869   0   28.547
swarm_101_150.pdb   11.803   20.289   0   28.433
swarm_97_60.pdb   12.711   22.829   0   28.275
swarm_95_64.pdb   12.406   19.407   0   28.185
swarm_95_54.pdb   12.919   22.923   0   27.877
swarm_17_153.pdb   12.642   21.255   0.0506329   27.829
swarm_101_5.pdb   13.503   24.085   0   27.827
swarm_86_24.pdb   7.648   11.197   0.0379747   27.551
swarm_98_57.pdb   12.440   21.674   0   27.529
swarm_101_162.pdb   8.891   13.169   0   27.526
swarm_87_113.pdb   13.724   22.481   0   27.369
swarm_27_32.pdb   13.364   21.031   0   27.355
swarm_97_92.pdb   13.563   22.707   0.0126582   27.340
swarm_98_196.pdb   8.648   15.054   0.151899   27.318
swarm_103_50.pdb   13.891   23.951   0   27.316
swarm_83_180.pdb   13.043   21.039   0   27.225
swarm_78_29.pdb   8.057   14.112   0.113924   27.189
swarm_95_185.pdb   10.416   17.169   0.0126582   27.165
swarm_97_7.pdb   9.563   16.867   0.0253165   27.078
swarm_4_136.pdb   8.832   13.062   0.0886076   26.827
swarm_86_17.pdb   6.364   9.635   0.0253165   26.761
swarm_103_77.pdb   13.573   22.707   0   26.616
swarm_100_102.pdb   12.260   21.469   0   26.599
swarm_4_52.pdb   11.268   18.042   0   26.552
swarm_103_155.pdb   7.573   10.841   0.0759494   26.371
swarm_5_80.pdb   14.165   25.472   0   26.332
swarm_72_12.pdb   11.064   17.906   0.0126582   26.225
swarm_5_75.pdb   13.313   23.603   0   25.967
swarm_101_102.pdb   10.656   17.350   0.0126582   25.908
swarm_61_106.pdb   13.752   25.078   0   25.871
swarm_73_190.pdb   15.433   20.233   0   25.817
swarm_104_195.pdb   12.350   17.763   0   25.755
swarm_97_3.pdb   13.851   23.209   0   25.703
swarm_103_141.pdb   8.342   14.792   0.101266   25.702
swarm_22_53.pdb   12.553   19.076   0   25.649
swarm_9_173.pdb   12.835   20.330   0   25.612
swarm_7_108.pdb   11.848   18.801   0   25.579
swarm_88_62.pdb   12.761   22.715   0   25.509
swarm_105_190.pdb   13.700   23.863   0   25.452
swarm_7_133.pdb   12.790   22.391   0.0253165   25.331
swarm_99_171.pdb   12.234   24.231   0   25.200
swarm_60_76.pdb   13.633   20.701   0   25.185
swarm_71_118.pdb   12.168   16.419   0   25.171
swarm_55_51.pdb   11.155   17.284   0   25.169
swarm_59_163.pdb   15.311   21.967   0   25.087
swarm_7_39.pdb   14.259   24.835   0   25.010
swarm_99_116.pdb   11.814   19.849   0   24.943
swarm_84_122.pdb   11.161   18.084   0.0379747   24.897
swarm_102_129.pdb   12.925   23.658   0.0253165   24.603
swarm_105_39.pdb   9.023   14.897   0.0126582   24.536
swarm_78_84.pdb   11.918   19.807   0.0506329   24.516
swarm_4_47.pdb   13.203   22.514   0   24.496
swarm_90_22.pdb   10.706   16.852   0   24.369
swarm_9_19.pdb   8.535   14.866   0.0379747   24.348
swarm_99_109.pdb   10.243   16.840   0.0253165   24.173
swarm_95_35.pdb   8.290   13.511   0.0506329   24.068
swarm_5_39.pdb   14.535   24.746   0   24.068
swarm_7_27.pdb   11.433   20.552   0.0126582   24.056
swarm_95_21.pdb   12.221   19.480   0.0253165   24.040
swarm_77_13.pdb   13.210   24.123   0   23.797
swarm_84_84.pdb   12.432   19.769   0.0253165   23.410
swarm_83_100.pdb   13.136   21.826   0.0126582   23.397
swarm_12_62.pdb   15.225   20.331   0   23.141
swarm_7_43.pdb   14.399   24.136   0   23.076
swarm_4_60.pdb   12.951   22.044   0   23.074
swarm_79_171.pdb   9.966   15.268   0.0126582   23.066
swarm_86_65.pdb   14.445   25.027   0   22.999
swarm_98_187.pdb   12.371   19.436   0   22.978
swarm_90_27.pdb   14.249   23.398   0.0126582   22.947
swarm_94_120.pdb   12.350   19.217   0.0253165   22.713
swarm_3_115.pdb   12.839   22.646   0   22.710
swarm_7_187.pdb   10.177   17.845   0   22.652
swarm_32_47.pdb   6.083   8.336   0.0253165   22.652
swarm_32_1.pdb   9.768   16.916   0   22.590
swarm_61_109.pdb   14.806   22.054   0   22.582
swarm_53_131.pdb   12.930   22.232   0   22.565
swarm_70_74.pdb   17.044   24.817   0   22.422
swarm_48_121.pdb   11.666   18.425   0.0126582   22.394
swarm_89_99.pdb   9.583   16.513   0.0759494   22.383
swarm_97_142.pdb   10.133   16.865   0   22.380
swarm_7_48.pdb   11.982   21.275   0   22.300
swarm_99_183.pdb   13.156   24.800   0.0379747   22.295
swarm_99_104.pdb   13.479   21.046   0   22.214
swarm_94_191.pdb   6.830   10.998   0.0126582   22.211
swarm_77_136.pdb   14.108   22.871   0.0379747   22.122
swarm_77_137.pdb   12.664   24.204   0.0126582   22.000
swarm_86_182.pdb   12.900   24.284   0.0126582   21.901
swarm_21_2.pdb   14.089   23.172   0   21.872
swarm_3_57.pdb   12.548   16.254   0   21.868
swarm_3_139.pdb   6.526   10.149   0.101266   21.868
swarm_25_27.pdb   15.546   19.880   0   21.782
swarm_85_133.pdb   16.904   22.327   0   21.701
swarm_76_119.pdb   12.458   20.276   0   21.645
swarm_76_183.pdb   7.400   10.847   0.0126582   21.644
swarm_5_133.pdb   12.843   20.727   0   21.641
swarm_84_63.pdb   6.728   9.521   0.0126582   21.635
swarm_83_122.pdb   12.965   24.569   0   21.569
swarm_77_10.pdb   8.757   12.691   0   21.566
swarm_93_11.pdb   14.120   22.742   0   21.444
swarm_89_78.pdb   9.792   15.435   0.189873   21.419
swarm_95_120.pdb   11.953   18.054   0   21.412
swarm_99_166.pdb   13.462   22.467   0   21.391
swarm_32_6.pdb   12.771   20.868   0   21.336
swarm_103_69.pdb   14.263   25.012   0   21.214
swarm_101_61.pdb   9.308   14.744   0.0759494   21.205
swarm_88_24.pdb   14.592   21.471   0   21.098
swarm_98_175.pdb   13.970   22.909   0.0126582   21.032
swarm_76_65.pdb   14.105   19.941   0   20.940
swarm_102_35.pdb   10.324   15.645   0   20.871
swarm_55_159.pdb   13.033   21.708   0   20.868
swarm_83_114.pdb   13.978   23.508   0.0126582   20.860
swarm_75_163.pdb   15.882   23.658   0   20.837
swarm_21_40.pdb   14.132   23.801   0   20.821
swarm_5_78.pdb   16.191   25.516   0   20.804
swarm_100_148.pdb   14.273   22.712   0   20.746
swarm_81_69.pdb   13.450   20.940   0.0506329   20.719
swarm_87_135.pdb   12.048   19.907   0   20.715
swarm_89_186.pdb   11.969   21.183   0.101266   20.702
swarm_86_59.pdb   14.189   22.752   0   20.627
swarm_100_112.pdb   11.862   20.333   0   20.561
swarm_89_133.pdb   14.410   23.955   0   20.514
swarm_88_73.pdb   11.259   18.783   0.0759494   20.490
swarm_17_140.pdb   9.153   13.477   0   20.477
swarm_89_4.pdb   13.672   24.904   0.0126582   20.473
swarm_89_0.pdb   13.503   21.542   0   20.364
swarm_88_132.pdb   14.053   22.682   0   20.275
swarm_95_99.pdb   16.014   24.773   0   20.151
swarm_72_64.pdb   10.040   15.469   0   20.059
swarm_97_63.pdb   8.735   11.635   0.0506329   20.016
swarm_103_103.pdb   11.369   18.713   0   20.016
swarm_101_191.pdb   12.959   23.723   0.0126582   20.009
swarm_78_174.pdb   12.652   23.069   0.0379747   20.002
swarm_98_151.pdb   11.374   19.619   0   19.950
swarm_5_17.pdb   13.889   22.203   0   19.871
swarm_75_102.pdb   12.542   23.943   0   19.838
swarm_88_127.pdb   13.681   20.282   0   19.681
swarm_5_27.pdb   16.337   25.331   0   19.636
swarm_78_173.pdb   12.496   22.416   0.0126582   19.624
swarm_9_116.pdb   13.705   23.406   0   19.496
swarm_64_88.pdb   11.139   16.419   0   19.484
swarm_55_17.pdb   13.856   25.048   0   19.290
swarm_83_98.pdb   11.570   13.957   0   19.248
swarm_99_17.pdb   7.871   12.289   0.0126582   19.192
swarm_75_116.pdb   12.900   23.798   0.0126582   19.152
swarm_102_26.pdb   11.595   17.994   0   19.097
swarm_92_60.pdb   12.048   19.216   0.0379747   18.894
swarm_97_139.pdb   13.029   23.244   0.0126582   18.852
swarm_53_135.pdb   12.415   23.626   0.0886076   18.841
swarm_87_99.pdb   13.273   20.991   0   18.485
swarm_84_95.pdb   9.472   16.715   0   18.442
swarm_16_146.pdb   12.908   20.313   0   18.431
swarm_54_45.pdb   15.147   22.083   0   18.234
swarm_88_58.pdb   14.619   24.840   0   17.963
swarm_53_95.pdb   16.021   25.570   0   17.852
swarm_20_58.pdb   14.867   22.243   0   17.794
swarm_83_26.pdb   11.325   16.917   0.0759494   17.723
swarm_48_101.pdb   12.984   21.891   0.0253165   17.689
swarm_93_75.pdb   13.099   19.928   0.0253165   17.590
swarm_59_179.pdb   15.932   23.140   0   17.370
swarm_88_44.pdb   15.746   24.355   0   17.279
swarm_100_27.pdb   12.030   21.117   0.0253165   17.255
swarm_76_109.pdb   8.860   15.577   0.0126582   17.243
swarm_78_182.pdb   14.546   23.084   0   17.186
swarm_88_187.pdb   15.783   25.616   0   17.095
swarm_51_84.pdb   15.837   21.934   0   17.083
swarm_18_136.pdb   11.219   15.216   0   17.083
swarm_11_11.pdb   15.980   24.342   0.0126582   17.058
swarm_98_119.pdb   12.831   24.558   0   16.933
swarm_78_120.pdb   16.165   23.900   0   16.884
swarm_54_187.pdb   14.172   23.313   0   16.813
swarm_104_172.pdb   11.533   17.697   0.0126582   16.678
swarm_75_195.pdb   11.767   21.439   0   16.581
swarm_16_95.pdb   12.209   18.426   0   16.565
swarm_59_151.pdb   16.254   22.539   0   16.254
swarm_78_129.pdb   8.662   12.331   0.0126582   16.158
swarm_16_35.pdb   14.637   23.087   0   16.086
swarm_20_91.pdb   13.385   19.248   0   16.079
swarm_94_100.pdb   12.433   23.746   0   15.781
swarm_51_18.pdb   11.438   14.651   0   15.701
swarm_93_10.pdb   13.246   21.495   0   15.699
swarm_51_51.pdb   12.033   15.344   0   15.552
swarm_78_37.pdb   12.330   20.711   0   15.469
swarm_54_27.pdb   14.662   22.188   0   15.448
swarm_93_166.pdb   14.268   23.489   0   15.425
swarm_16_123.pdb   15.113   22.034   0   15.281
swarm_104_26.pdb   12.284   21.622   0   15.191
swarm_100_47.pdb   14.324   24.215   0   15.135
swarm_86_67.pdb   11.416   20.822   0.0126582   15.096
swarm_54_74.pdb   12.288   21.673   0   15.089
swarm_7_38.pdb   12.479   19.504   0   15.030
swarm_54_75.pdb   15.184   22.444   0   14.642
swarm_5_186.pdb   16.220   26.132   0   14.604
swarm_104_46.pdb   13.318   23.925   0   14.390
swarm_94_137.pdb   14.114   24.016   0   14.263
swarm_14_192.pdb   12.916   21.597   0   13.625
swarm_75_82.pdb   10.724   17.818   0   13.481
swarm_94_35.pdb   12.213   25.313   0   13.375
swarm_9_112.pdb   13.594   21.979   0.0253165   13.217
swarm_102_157.pdb   15.274   25.034   0   13.185
swarm_48_170.pdb   9.837   16.284   0   13.139
swarm_101_18.pdb   7.466   12.316   0.0632911   12.975
swarm_102_105.pdb   7.112   11.982   0.0632911   12.916
swarm_100_170.pdb   11.684   20.278   0   12.772
swarm_95_69.pdb   11.126   14.950   0   12.591
swarm_64_44.pdb   10.674   18.352   0   12.497
swarm_92_114.pdb   14.317   25.483   0   12.415
swarm_55_102.pdb   11.767   17.465   0.0253165   12.402
swarm_104_147.pdb   12.639   19.188   0   11.913
swarm_104_177.pdb   13.684   20.657   0.0126582   11.099
swarm_96_78.pdb   17.103   24.790   0.0126582   10.944
swarm_87_172.pdb   12.776   20.304   0   10.786
swarm_7_134.pdb   13.466   22.715   0   10.686
swarm_84_87.pdb   14.060   22.175   0   10.292
swarm_14_183.pdb   12.988   23.820   0   9.565
swarm_88_177.pdb   13.357   22.210   0   8.658
swarm_72_57.pdb   12.480   14.343   0   6.605
swarm_77_189.pdb   11.722   19.898   0   6.209
swarm_81_188.pdb   10.275   15.971   0.0379747   4.256
swarm_55_184.pdb   9.978   17.351   0   4.153
swarm_83_62.pdb   11.904   19.643   0.0126582   -1.964
swarm_53_152.pdb   14.309   18.887   0   -2.136
swarm_34_29.pdb   17.891   22.364   0   -2.398
swarm_76_146.pdb   11.264   20.567   0.0126582   -3.132
swarm_14_175.pdb   15.185   18.374   0   -5.314
swarm_54_15.pdb   15.599   24.482   0   -5.869
swarm_76_60.pdb   10.766   15.358   0.0379747   -6.291
swarm_17_178.pdb   13.579   20.939   0   -8.334
swarm_100_56.pdb   9.132   15.509   0   -8.934
swarm_84_116.pdb   12.079   16.902   0.0253165   -13.267
swarm_84_121.pdb   13.270   25.916   0   -14.230
swarm_27_10.pdb   11.186   19.437   0.0886076   -17.494
swarm_55_95.pdb   12.255   19.417   0.0253165   -20.201
swarm_35_30.pdb   15.762   20.087   0   -23.632
swarm_90_124.pdb   14.200   23.457   0   -23.790
swarm_97_169.pdb   13.879   23.474   0   -24.110
swarm_7_21.pdb   11.236   17.065   0   -25.743
swarm_86_163.pdb   9.809   14.541   0   -25.748
swarm_95_101.pdb   9.445   15.174   0   -27.583
swarm_88_75.pdb   14.213   21.488   0   -27.936
swarm_7_131.pdb   12.046   21.465   0   -29.154
swarm_37_118.pdb   14.184   19.714   0   -30.133
swarm_94_163.pdb   15.688   23.256   0   -30.213
swarm_14_167.pdb   12.758   22.601   0   -35.097
swarm_31_13.pdb   14.027   22.950   0   -35.583
swarm_90_152.pdb   14.644   26.008   0   -35.909
swarm_90_12.pdb   14.881   25.602   0   -36.831
swarm_20_83.pdb   16.473   25.935   0   -37.083
swarm_61_145.pdb   15.198   22.212   0   -41.808
swarm_90_116.pdb   12.390   22.475   0   -44.173
swarm_77_105.pdb   13.063   23.582   0   -49.378
swarm_51_125.pdb   14.791   26.042   0   -67.248
swarm_18_139.pdb   11.413   19.014   0   -70.917
swarm_105_58.pdb   12.541   23.273   0   -73.333
swarm_50_188.pdb   15.843   26.345   0   -79.104
swarm_54_89.pdb   11.571   16.820   0   -79.107
swarm_13_150.pdb   15.991   22.301   0   -83.980
swarm_52_48.pdb   15.590   24.960   0   -84.931
swarm_100_14.pdb   12.270   21.105   0   -91.585
swarm_83_49.pdb   10.833   21.905   0.0126582   -97.796
swarm_29_10.pdb   15.839   25.050   0   -99.578
swarm_18_192.pdb   14.605   21.596   0   -103.859
swarm_58_138.pdb   15.123   20.865   0   -113.749
swarm_8_83.pdb   12.444   21.365   0   -114.913
swarm_58_114.pdb   12.457   15.382   0   -120.806
swarm_105_52.pdb   12.484   24.544   0   -124.329
swarm_19_114.pdb   11.296   18.575   0.265823   -125.229
swarm_61_82.pdb   9.708   13.275   0   -130.270
swarm_3_76.pdb   12.566   25.842   0.0759494   -131.796
swarm_9_11.pdb   11.987   19.396   0   -131.976
swarm_39_39.pdb   17.195   19.384   0   -132.677
swarm_25_82.pdb   14.721   22.002   0.0126582   -136.507
swarm_106_144.pdb   12.266   13.404   0   -166.453
swarm_25_38.pdb   14.598   22.103   0   -196.244
swarm_105_113.pdb   13.632   24.497   0.139241   -218.059
swarm_93_93.pdb   12.889   22.137   0.0126582   -229.102
