swarm_11_32.pdb   8.710   18.896   0   31.535
swarm_3_100.pdb   7.282   18.178   0.0892857   31.344
swarm_16_140.pdb   7.541   18.400   0.0892857   31.019
swarm_63_63.pdb   12.798   24.358   0   30.740
swarm_83_41.pdb   10.546   22.489   0   30.137
swarm_98_123.pdb   10.265   19.427   0   29.480
swarm_79_182.pdb   13.038   24.235   0   29.246
swarm_12_130.pdb   5.934   16.022   0.0892857   29.081
swarm_11_41.pdb   10.103   18.997   0   28.347
swarm_113_169.pdb   5.662   14.152   0.0178571   28.135
swarm_17_97.pdb   10.608   20.737   0.0178571   28.069
swarm_97_147.pdb   12.119   22.894   0   27.714
swarm_62_128.pdb   9.620   21.845   0.0535714   27.523
swarm_95_162.pdb   11.173   22.916   0   27.416
swarm_16_150.pdb   12.042   21.941   0   27.196
swarm_37_122.pdb   8.332   17.312   0   27.001
swarm_16_110.pdb   9.806   20.788   0   26.737
swarm_50_146.pdb   11.884   22.428   0   26.697
swarm_16_95.pdb   6.040   15.099   0.0714286   26.623
swarm_16_135.pdb   7.813   16.150   0.0178571   26.393
swarm_79_27.pdb   6.651   16.416   0.0357143   26.305
swarm_101_102.pdb   10.332   17.696   0   26.292
swarm_94_121.pdb   9.349   17.604   0   26.237
swarm_98_78.pdb   9.273   18.510   0   26.118
swarm_64_35.pdb   11.851   23.881   0   25.882
swarm_84_181.pdb   11.849   21.856   0   25.851
swarm_61_72.pdb   11.842   22.202   0   25.647
swarm_113_128.pdb   12.099   22.940   0   25.610
swarm_10_117.pdb   11.698   23.748   0   25.513
swarm_95_160.pdb   10.115   19.125   0.125   25.506
swarm_99_89.pdb   11.207   17.872   0   25.395
swarm_80_84.pdb   9.178   17.957   0   25.301
swarm_10_32.pdb   10.748   22.719   0   25.264
swarm_113_77.pdb   9.516   17.999   0   25.197
swarm_35_94.pdb   8.769   17.587   0   25.026
swarm_78_164.pdb   8.619   18.692   0   24.885
swarm_78_178.pdb   12.553   22.769   0   24.880
swarm_11_159.pdb   11.802   22.616   0   24.838
swarm_80_85.pdb   10.024   18.344   0   24.835
swarm_94_31.pdb   10.934   19.757   0   24.828
swarm_65_183.pdb   12.324   23.408   0   24.816
swarm_81_122.pdb   6.609   17.074   0.0178571   24.775
swarm_36_47.pdb   11.971   22.296   0   24.732
swarm_108_196.pdb   7.993   18.197   0   24.723
swarm_112_52.pdb   6.581   15.870   0   24.722
swarm_61_152.pdb   9.541   20.320   0.0178571   24.654
swarm_78_102.pdb   10.660   19.539   0   24.390
swarm_95_99.pdb   5.674   15.013   0.0714286   24.350
swarm_96_157.pdb   7.858   16.928   0   24.305
swarm_12_38.pdb   5.716   12.053   0   24.261
swarm_17_40.pdb   9.572   19.334   0.0178571   24.232
swarm_64_116.pdb   13.824   23.928   0   24.159
swarm_50_88.pdb   7.677   18.953   0.0714286   23.833
swarm_17_170.pdb   10.757   19.608   0   23.750
swarm_84_52.pdb   10.197   19.782   0   23.734
swarm_85_39.pdb   12.189   21.988   0   23.596
swarm_99_144.pdb   10.100   21.400   0.0178571   23.576
swarm_78_198.pdb   8.679   18.491   0   23.551
swarm_78_176.pdb   10.742   21.049   0   23.448
swarm_25_62.pdb   9.628   17.675   0   23.405
swarm_61_21.pdb   10.511   21.600   0.0535714   23.385
swarm_94_14.pdb   5.771   9.485   0.0892857   23.317
swarm_96_141.pdb   5.673   13.195   0   23.309
swarm_96_53.pdb   6.352   15.099   0   23.287
swarm_94_116.pdb   6.697   16.386   0.0357143   23.264
swarm_114_37.pdb   6.238   16.537   0.0357143   23.223
swarm_11_73.pdb   10.195   19.045   0   23.156
swarm_68_101.pdb   10.183   18.457   0   23.121
swarm_11_120.pdb   7.275   16.751   0   22.874
swarm_98_134.pdb   7.415   15.808   0   22.745
swarm_67_0.pdb   10.162   21.243   0   22.732
swarm_80_29.pdb   10.669   22.834   0   22.703
swarm_63_94.pdb   8.145   18.107   0.0714286   22.632
swarm_81_33.pdb   12.815   21.738   0   22.617
swarm_35_139.pdb   12.297   21.319   0   22.518
swarm_34_105.pdb   8.487   20.672   0   22.258
swarm_11_71.pdb   14.039   24.926   0   22.245
swarm_112_19.pdb   6.928   14.937   0.0357143   22.099
swarm_96_120.pdb   12.591   22.088   0   22.021
swarm_69_20.pdb   10.141   16.793   0   21.962
swarm_11_56.pdb   10.248   21.687   0.0357143   21.932
swarm_41_144.pdb   7.671   16.734   0   21.651
swarm_113_195.pdb   11.218   20.247   0   21.628
swarm_97_50.pdb   10.041   20.968   0.0178571   21.550
swarm_98_0.pdb   11.751   19.183   0   21.493
swarm_61_188.pdb   8.243   17.352   0.0357143   21.472
swarm_41_70.pdb   10.663   17.906   0   21.458
swarm_62_118.pdb   2.280   3.648   0.357143   21.447
swarm_79_126.pdb   6.650   15.226   0   21.259
swarm_108_20.pdb   13.507   22.827   0   21.239
swarm_80_30.pdb   8.170   16.912   0.0178571   21.213
swarm_50_47.pdb   2.572   5.057   0.214286   21.199
swarm_114_76.pdb   9.555   21.236   0.0714286   21.198
swarm_94_3.pdb   11.380   20.828   0   20.938
swarm_114_117.pdb   8.547   20.140   0.0892857   20.906
swarm_85_32.pdb   8.204   19.222   0.0178571   20.891
swarm_34_64.pdb   5.685   14.024   0.0714286   20.786
swarm_98_3.pdb   6.658   16.303   0   20.759
swarm_97_154.pdb   11.097   20.534   0   20.715
swarm_98_69.pdb   6.087   9.778   0.0535714   20.693
swarm_37_29.pdb   11.581   19.821   0   20.345
swarm_10_119.pdb   9.037   17.870   0   20.316
swarm_40_132.pdb   6.892   18.214   0.0357143   20.280
swarm_96_105.pdb   10.092   16.853   0.0714286   20.124
swarm_10_64.pdb   10.567   21.699   0   20.071
swarm_94_125.pdb   7.107   17.945   0.0357143   20.031
swarm_63_198.pdb   9.972   20.681   0   20.022
swarm_93_22.pdb   10.227   17.365   0   20.021
swarm_81_163.pdb   5.142   9.279   0.196429   20.016
swarm_12_199.pdb   8.547   19.302   0.0714286   19.940
swarm_106_71.pdb   11.741   19.987   0   19.799
swarm_83_156.pdb   9.765   19.905   0.0892857   19.760
swarm_61_151.pdb   10.256   20.426   0   19.754
swarm_96_75.pdb   7.271   14.680   0.0535714   19.741
swarm_79_4.pdb   9.971   17.740   0   19.526
swarm_93_127.pdb   10.797   16.914   0   19.441
swarm_39_101.pdb   9.684   19.246   0.0178571   19.371
swarm_93_121.pdb   11.334   18.758   0   19.357
swarm_24_170.pdb   10.695   20.021   0   19.200
swarm_8_186.pdb   15.992   24.565   0   19.101
swarm_2_135.pdb   6.193   17.011   0   18.989
swarm_50_65.pdb   10.563   20.704   0.0178571   18.960
swarm_17_118.pdb   9.504   18.838   0.107143   18.946
swarm_81_5.pdb   10.461   19.618   0.0178571   18.808
swarm_107_8.pdb   8.731   20.796   0.0892857   18.804
swarm_63_43.pdb   8.329   15.908   0   18.800
swarm_7_56.pdb   13.495   24.739   0   18.567
swarm_36_79.pdb   8.493   21.078   0.0178571   18.425
swarm_96_133.pdb   9.595   21.310   0.0357143   18.402
swarm_95_144.pdb   11.741   20.547   0   18.385
swarm_69_43.pdb   14.916   25.555   0   18.350
swarm_95_165.pdb   9.487   20.157   0.0178571   18.190
swarm_98_182.pdb   9.261   18.105   0   18.179
swarm_62_182.pdb   12.059   19.899   0   18.136
swarm_65_56.pdb   6.225   12.424   0.0357143   18.099
swarm_65_45.pdb   10.239   17.965   0.0714286   18.028
swarm_10_81.pdb   10.022   21.152   0.0535714   17.979
swarm_10_45.pdb   10.300   21.293   0   17.956
swarm_79_98.pdb   10.416   22.557   0   17.934
swarm_95_192.pdb   6.322   16.828   0.0535714   17.930
swarm_100_152.pdb   12.485   23.140   0   17.906
swarm_39_49.pdb   7.820   17.093   0.0357143   17.877
swarm_83_55.pdb   9.912   17.981   0.0178571   17.741
swarm_63_161.pdb   7.830   15.714   0.142857   17.705
swarm_65_160.pdb   6.437   13.517   0.0357143   17.663
swarm_112_197.pdb   5.546   11.196   0.0535714   17.602
swarm_40_69.pdb   10.742   14.985   0   17.491
swarm_63_30.pdb   9.818   20.144   0.0714286   17.313
swarm_61_120.pdb   8.466   17.129   0.0178571   17.130
swarm_113_39.pdb   12.548   22.406   0   17.010
swarm_95_120.pdb   10.168   21.076   0.0535714   16.711
swarm_37_13.pdb   9.231   16.308   0.0357143   16.454
swarm_81_27.pdb   9.035   18.697   0.0178571   16.434
swarm_81_31.pdb   10.188   18.059   0   16.173
swarm_10_17.pdb   11.174   18.912   0   16.076
swarm_61_198.pdb   10.574   17.072   0   16.011
swarm_81_32.pdb   10.979   18.051   0.107143   15.884
swarm_35_74.pdb   14.419   24.171   0   15.870
swarm_11_50.pdb   10.549   18.911   0.0178571   15.647
swarm_94_27.pdb   10.150   21.686   0.0357143   15.596
swarm_112_114.pdb   9.623   22.808   0   15.455
swarm_93_147.pdb   8.817   16.512   0   15.402
swarm_97_20.pdb   11.193   15.624   0   13.300
swarm_21_174.pdb   13.928   20.495   0   12.991
swarm_30_83.pdb   11.809   20.280   0.0714286   12.911
swarm_61_113.pdb   10.941   19.821   0   12.419
swarm_83_157.pdb   12.710   22.621   0   11.985
swarm_1_23.pdb   10.219   11.875   0.0357143   11.429
swarm_50_137.pdb   13.266   24.136   0   11.321
swarm_54_73.pdb   9.401   19.587   0   10.815
swarm_40_145.pdb   12.256   21.030   0.0178571   9.522
swarm_114_153.pdb   12.613   21.932   0   9.181
swarm_62_45.pdb   11.441   24.078   0   6.213
swarm_20_89.pdb   12.856   24.573   0.0178571   5.348
swarm_96_82.pdb   11.487   21.959   0   4.668
swarm_70_10.pdb   9.199   17.751   0.0357143   -4.260
swarm_98_4.pdb   8.308   13.781   0   -4.658
swarm_85_28.pdb   11.463   19.536   0   -8.464
swarm_95_187.pdb   10.461   22.856   0.0357143   -9.766
swarm_36_13.pdb   10.691   21.320   0   -14.090
swarm_37_199.pdb   8.771   15.675   0.160714   -19.938
swarm_40_138.pdb   13.673   19.004   0   -22.520
swarm_61_143.pdb   11.108   19.438   0.0357143   -32.226
swarm_6_91.pdb   15.703   22.393   0   -32.775
swarm_81_150.pdb   10.884   19.734   0.196429   -37.193
swarm_103_115.pdb   12.004   19.061   0.0178571   -41.836
swarm_30_180.pdb   16.860   23.736   0   -43.483
swarm_95_51.pdb   11.877   23.585   0   -45.662
swarm_64_178.pdb   11.739   20.408   0   -47.480
swarm_97_13.pdb   11.560   23.659   0   -57.741
swarm_79_167.pdb   12.686   25.845   0   -61.769
swarm_62_138.pdb   9.937   18.125   0.142857   -64.139
swarm_84_23.pdb   11.765   20.892   0   -64.571
swarm_104_22.pdb   9.785   22.304   0.0714286   -66.407
swarm_36_46.pdb   13.828   20.569   0   -66.410
swarm_81_165.pdb   10.440   18.721   0.107143   -68.864
swarm_11_25.pdb   11.254   24.597   0   -76.954
swarm_78_23.pdb   9.590   20.162   0.0535714   -85.096
swarm_12_52.pdb   10.067   17.434   0   -91.733
swarm_39_192.pdb   7.560   20.540   0.25   -93.849
swarm_16_36.pdb   8.413   16.543   0.0178571   -105.171
swarm_17_8.pdb   8.188   20.222   0.0357143   -119.614
swarm_68_70.pdb   11.332   21.907   0   -127.243
swarm_86_99.pdb   12.597   21.823   0   -129.173
swarm_62_142.pdb   10.284   23.463   0   -130.203
