swarm_4_170.pdb   20.607   29.929   0   47.473
swarm_5_131.pdb   20.988   29.419   0   47.179
swarm_107_151.pdb   11.698   12.353   0.037037   46.419
swarm_96_175.pdb   11.549   9.508   0.037037   44.689
swarm_10_35.pdb   16.892   24.388   0   44.338
swarm_88_134.pdb   19.251   31.505   0   42.642
swarm_12_59.pdb   21.513   28.218   0   42.373
swarm_7_160.pdb   18.106   27.641   0   41.627
swarm_18_126.pdb   11.345   9.894   0.037037   40.897
swarm_17_139.pdb   19.071   27.860   0   39.882
swarm_111_123.pdb   15.635   14.573   0   38.670
swarm_6_141.pdb   10.438   12.912   0.037037   38.463
swarm_7_181.pdb   13.803   14.886   0   38.344
swarm_8_24.pdb   15.608   16.867   0.0740741   38.322
swarm_102_140.pdb   20.382   32.697   0   37.644
swarm_88_9.pdb   22.332   29.318   0   37.301
swarm_23_14.pdb   14.815   12.639   0.037037   36.921
swarm_21_191.pdb   13.282   13.804   0.037037   36.764
swarm_74_188.pdb   20.792   32.658   0   36.224
swarm_102_161.pdb   14.104   16.748   0.0185185   36.025
swarm_19_89.pdb   13.686   10.374   0   35.478
swarm_11_104.pdb   17.330   27.814   0   35.105
swarm_11_74.pdb   18.778   31.734   0   35.048
swarm_104_174.pdb   14.484   16.599   0   34.914
swarm_3_10.pdb   11.771   23.387   0   34.853
swarm_90_99.pdb   24.595   28.009   0   34.775
swarm_10_136.pdb   18.249   25.743   0   34.734
swarm_10_49.pdb   13.665   17.825   0   34.668
swarm_93_123.pdb   15.220   11.710   0.111111   34.335
swarm_14_3.pdb   16.115   22.370   0   34.161
swarm_17_22.pdb   11.411   8.788   0   34.083
swarm_105_182.pdb   19.235   27.382   0   33.687
swarm_103_38.pdb   11.430   20.300   0   33.671
swarm_7_84.pdb   13.135   22.478   0   33.525
swarm_18_36.pdb   13.451   12.343   0.037037   33.443
swarm_86_76.pdb   24.658   26.452   0   33.419
swarm_14_180.pdb   20.008   22.107   0   33.322
swarm_7_34.pdb   17.203   27.158   0   32.780
swarm_11_97.pdb   14.479   11.233   0   32.744
swarm_7_47.pdb   19.847   32.083   0   32.736
swarm_80_24.pdb   22.424   27.576   0   32.633
swarm_80_103.pdb   23.857   27.048   0   32.459
swarm_21_86.pdb   20.884   27.025   0   32.352
swarm_58_137.pdb   25.939   28.922   0   32.303
swarm_103_59.pdb   17.175   29.541   0   32.301
swarm_91_141.pdb   22.546   29.065   0   32.300
swarm_108_192.pdb   24.773   27.897   0   32.285
swarm_9_119.pdb   17.090   27.325   0   32.274
swarm_99_165.pdb   12.854   10.396   0   32.011
swarm_23_120.pdb   15.613   15.602   0.0555556   31.778
swarm_75_68.pdb   19.071   30.302   0   31.758
swarm_90_74.pdb   17.092   24.246   0   31.698
swarm_74_118.pdb   20.713   34.362   0   31.436
swarm_91_109.pdb   21.236   27.662   0   31.389
swarm_38_111.pdb   22.407   33.921   0   31.352
swarm_23_66.pdb   18.634   35.895   0   31.307
swarm_75_45.pdb   19.222   31.893   0   31.239
swarm_106_147.pdb   12.591   9.320   0.0740741   31.191
swarm_88_55.pdb   19.808   27.176   0   31.168
swarm_36_172.pdb   9.715   8.127   0.037037   31.100
swarm_37_172.pdb   13.808   20.365   0   31.074
swarm_10_12.pdb   15.566   13.950   0.0740741   30.889
swarm_9_51.pdb   20.108   29.373   0   30.873
swarm_20_164.pdb   10.523   13.132   0   30.776
swarm_106_178.pdb   12.918   19.788   0   30.722
swarm_23_166.pdb   13.775   20.410   0.0555556   30.680
swarm_101_138.pdb   15.327   12.832   0   30.565
swarm_18_92.pdb   19.795   25.009   0   30.505
swarm_89_144.pdb   24.124   29.804   0   30.442
swarm_111_95.pdb   14.727   24.074   0   30.432
swarm_92_24.pdb   16.710   23.917   0   30.365
swarm_101_72.pdb   21.169   32.029   0   30.315
swarm_91_115.pdb   16.002   12.577   0.0555556   30.118
swarm_7_169.pdb   18.642   28.618   0   29.946
swarm_32_124.pdb   23.027   32.675   0   29.890
swarm_110_138.pdb   19.348   20.320   0   29.718
swarm_54_4.pdb   11.538   21.421   0.037037   29.675
swarm_61_10.pdb   17.464   4.754   0.037037   29.643
swarm_93_5.pdb   17.451   23.135   0   29.596
swarm_8_63.pdb   19.900   26.127   0   29.579
swarm_19_153.pdb   20.709   27.344   0   29.568
swarm_12_55.pdb   13.905   23.701   0   29.560
swarm_21_92.pdb   15.874   21.367   0   29.540
swarm_105_181.pdb   16.699   22.771   0   29.410
swarm_6_172.pdb   22.875   26.984   0   29.352
swarm_92_9.pdb   14.588   23.522   0   29.351
swarm_103_27.pdb   15.650   18.946   0   29.341
swarm_74_162.pdb   8.908   9.020   0   29.311
swarm_92_29.pdb   16.037   12.621   0.0925926   29.220
swarm_92_124.pdb   16.841   18.597   0.0185185   29.154
swarm_9_151.pdb   18.818   28.829   0   29.101
swarm_37_12.pdb   21.310   33.627   0   29.080
swarm_92_69.pdb   14.995   19.937   0   29.071
swarm_88_181.pdb   24.477   26.177   0   29.058
swarm_65_124.pdb   22.549   30.369   0   28.944
swarm_75_32.pdb   13.505   13.439   0   28.915
swarm_119_35.pdb   19.215   23.402   0   28.692
swarm_14_154.pdb   16.436   11.096   0.037037   28.670
swarm_111_49.pdb   15.390   23.313   0   28.661
swarm_111_110.pdb   17.676   21.282   0   28.392
swarm_44_30.pdb   15.802   17.312   0.0185185   28.358
swarm_90_94.pdb   25.363   25.876   0   28.343
swarm_9_171.pdb   13.901   25.568   0   28.314
swarm_74_181.pdb   12.017   22.363   0   28.307
swarm_8_147.pdb   20.070   25.134   0   28.270
swarm_91_183.pdb   16.137   25.220   0   28.231
swarm_79_80.pdb   23.007   28.229   0   28.134
swarm_112_197.pdb   18.304   26.469   0   28.004
swarm_90_32.pdb   17.056   10.126   0   27.857
swarm_107_120.pdb   12.026   21.136   0   27.841
swarm_91_99.pdb   14.260   17.867   0   27.826
swarm_100_4.pdb   21.987   30.157   0   27.710
swarm_108_87.pdb   14.338   14.361   0.037037   27.695
swarm_17_168.pdb   16.858   20.038   0   27.693
swarm_111_175.pdb   15.341   18.529   0   27.620
swarm_10_55.pdb   16.624   20.902   0   27.493
swarm_19_34.pdb   15.189   25.595   0   27.283
swarm_7_83.pdb   16.170   24.250   0   27.223
swarm_101_176.pdb   12.782   17.934   0   27.173
swarm_9_178.pdb   13.689   18.121   0   27.142
swarm_63_105.pdb   25.041   29.475   0   27.025
swarm_110_116.pdb   15.193   23.883   0   26.912
swarm_63_59.pdb   23.134   28.234   0   26.904
swarm_3_54.pdb   19.893   24.434   0   26.838
swarm_20_111.pdb   19.346   24.809   0   26.837
swarm_80_108.pdb   23.097   28.890   0   26.834
swarm_66_182.pdb   15.105   17.533   0   26.829
swarm_97_173.pdb   13.201   9.370   0   26.775
swarm_10_47.pdb   15.426   22.478   0   26.771
swarm_88_23.pdb   14.476   15.490   0   26.750
swarm_110_113.pdb   19.744   23.429   0   26.711
swarm_77_2.pdb   22.082   31.629   0   26.709
swarm_74_103.pdb   12.568   19.689   0   26.703
swarm_9_117.pdb   13.108   26.876   0   26.620
swarm_110_176.pdb   22.196   33.603   0   26.600
swarm_86_81.pdb   13.821   10.474   0.0925926   26.588
swarm_104_191.pdb   25.081   25.338   0   26.543
swarm_44_9.pdb   23.970   24.253   0   26.499
swarm_91_169.pdb   22.090   28.769   0   26.372
swarm_68_165.pdb   17.071   22.305   0   26.358
swarm_66_92.pdb   17.490   22.039   0   26.283
swarm_21_194.pdb   20.285   26.039   0   26.276
swarm_61_94.pdb   26.126   26.400   0   26.259
swarm_105_171.pdb   11.128   11.736   0   26.111
swarm_10_102.pdb   16.382   23.564   0   26.095
swarm_7_125.pdb   11.057   16.885   0   25.891
swarm_18_48.pdb   15.333   22.123   0   25.889
swarm_7_46.pdb   13.431   15.449   0   25.887
swarm_111_125.pdb   13.497   16.153   0   25.782
swarm_73_122.pdb   27.907   28.193   0   25.778
swarm_84_199.pdb   15.352   16.549   0   25.756
swarm_105_91.pdb   17.959   32.336   0   25.736
swarm_77_64.pdb   15.433   15.992   0.037037   25.517
swarm_8_21.pdb   15.163   18.107   0   25.456
swarm_107_92.pdb   10.991   18.276   0   25.453
swarm_8_122.pdb   15.185   11.828   0   25.397
swarm_19_170.pdb   12.739   10.261   0   25.317
swarm_83_83.pdb   26.038   27.427   0   25.304
swarm_68_109.pdb   24.197   26.866   0   25.161
swarm_96_105.pdb   20.015   21.276   0   25.154
swarm_54_0.pdb   24.079   35.781   0   25.079
swarm_15_97.pdb   24.785   28.054   0   25.063
swarm_9_129.pdb   13.115   10.928   0   24.839
swarm_79_70.pdb   12.518   19.807   0   24.809
swarm_11_124.pdb   15.473   17.697   0   24.750
swarm_66_94.pdb   24.599   24.780   0   24.635
swarm_104_144.pdb   23.653   25.436   0   24.604
swarm_64_109.pdb   14.549   20.666   0   24.586
swarm_107_22.pdb   12.401   8.427   0   24.518
swarm_38_161.pdb   12.377   23.716   0   24.459
swarm_110_67.pdb   19.120   30.991   0   24.429
swarm_85_59.pdb   19.346   22.049   0   24.394
swarm_106_190.pdb   23.856   28.319   0   24.367
swarm_12_71.pdb   17.448   22.031   0   24.352
swarm_57_24.pdb   21.813   21.127   0   24.236
swarm_112_64.pdb   20.652   24.238   0   24.189
swarm_111_128.pdb   21.163   25.264   0   24.101
swarm_21_107.pdb   14.252   11.195   0   24.038
swarm_77_89.pdb   10.510   12.448   0   24.022
swarm_75_79.pdb   22.810   36.816   0   23.950
swarm_14_138.pdb   22.693   29.518   0   23.900
swarm_102_150.pdb   17.541   21.642   0   23.900
swarm_104_137.pdb   21.679   30.135   0   23.892
swarm_53_10.pdb   12.077   14.314   0   23.886
swarm_41_96.pdb   6.372   10.038   0.0555556   23.850
swarm_107_43.pdb   23.919   31.608   0   23.786
swarm_8_32.pdb   14.546   14.962   0   23.720
swarm_44_174.pdb   15.476   18.116   0   23.686
swarm_26_62.pdb   13.130   20.858   0   23.577
swarm_107_51.pdb   13.085   21.288   0.0185185   23.551
swarm_14_150.pdb   20.130   23.956   0   23.523
swarm_108_186.pdb   12.343   10.082   0   23.454
swarm_19_149.pdb   14.642   21.766   0   23.417
swarm_21_10.pdb   20.002   28.706   0   23.390
swarm_93_50.pdb   15.943   22.779   0   23.384
swarm_42_1.pdb   17.381   24.748   0   23.202
swarm_3_141.pdb   12.720   21.976   0   23.183
swarm_23_122.pdb   14.912   23.034   0   23.000
swarm_36_104.pdb   22.071   32.417   0   22.906
swarm_80_149.pdb   15.055   22.319   0   22.861
swarm_112_46.pdb   14.534   25.558   0   22.784
swarm_11_139.pdb   21.166   30.516   0   22.771
swarm_111_193.pdb   16.948   21.964   0   22.761
swarm_9_13.pdb   18.005   20.476   0   22.652
swarm_75_140.pdb   20.103   37.857   0   22.618
swarm_38_15.pdb   23.851   31.824   0   22.614
swarm_4_44.pdb   13.172   19.464   0.0185185   22.575
swarm_105_154.pdb   11.248   13.971   0.0185185   22.551
swarm_111_78.pdb   17.280   16.055   0   22.481
swarm_88_79.pdb   26.364   29.500   0   22.398
swarm_80_183.pdb   16.105   25.700   0   22.372
swarm_44_33.pdb   26.553   24.365   0   22.332
swarm_10_87.pdb   11.962   12.639   0.0185185   22.261
swarm_66_145.pdb   17.341   9.877   0.0555556   22.259
swarm_42_41.pdb   16.625   21.809   0   22.040
swarm_83_55.pdb   23.889   26.575   0   22.034
swarm_102_163.pdb   23.442   36.722   0   22.009
swarm_101_179.pdb   20.138   23.662   0   21.999
swarm_92_151.pdb   22.883   32.848   0   21.946
swarm_10_103.pdb   15.796   13.367   0.0925926   21.764
swarm_42_39.pdb   7.432   10.646   0.0740741   21.757
swarm_101_183.pdb   15.252   24.165   0   21.414
swarm_26_59.pdb   23.512   37.386   0   21.286
swarm_97_25.pdb   14.529   20.283   0   21.173
swarm_112_184.pdb   15.820   23.731   0   21.153
swarm_20_18.pdb   11.716   16.558   0   21.060
swarm_42_40.pdb   23.565   37.169   0   21.056
swarm_112_137.pdb   19.920   26.540   0   21.055
swarm_110_78.pdb   22.611   31.912   0   20.969
swarm_79_147.pdb   16.207   18.099   0   20.893
swarm_67_146.pdb   16.071   24.477   0   20.815
swarm_110_184.pdb   17.122   20.910   0   20.746
swarm_17_19.pdb   10.133   6.364   0   20.675
swarm_38_131.pdb   13.935   20.298   0   20.618
swarm_79_131.pdb   23.341   28.764   0   20.543
swarm_66_128.pdb   26.916   29.676   0   20.386
swarm_88_111.pdb   17.459   10.126   0.0555556   20.371
swarm_112_155.pdb   20.621   27.277   0   20.207
swarm_112_195.pdb   20.388   24.063   0   20.181
swarm_79_55.pdb   27.000   28.472   0   20.161
swarm_79_0.pdb   11.719   13.149   0   19.821
swarm_17_120.pdb   15.436   21.674   0   19.775
swarm_78_42.pdb   24.031   22.313   0   19.673
swarm_93_10.pdb   16.445   19.063   0   19.630
swarm_5_25.pdb   20.740   29.042   0   19.416
swarm_5_118.pdb   15.828   23.389   0   19.384
swarm_112_10.pdb   17.185   26.401   0   19.262
swarm_78_144.pdb   28.495   31.618   0   18.777
swarm_84_143.pdb   16.047   13.485   0.0185185   18.632
swarm_78_162.pdb   18.887   24.865   0   18.602
swarm_7_19.pdb   19.557   31.527   0   18.593
swarm_26_32.pdb   21.625   33.957   0   18.555
swarm_90_37.pdb   26.338   30.549   0   18.434
swarm_102_25.pdb   13.575   16.125   0   18.407
swarm_58_114.pdb   22.904   21.121   0   17.650
swarm_24_25.pdb   5.397   6.614   0.0925926   17.650
swarm_33_122.pdb   24.420   35.931   0   17.629
swarm_10_159.pdb   18.938   26.612   0   16.168
swarm_102_95.pdb   15.148   22.346   0.0740741   15.960
swarm_79_170.pdb   12.318   15.636   0.259259   14.814
swarm_79_59.pdb   17.662   31.556   0   14.587
swarm_101_86.pdb   15.348   22.481   0   13.708
swarm_99_42.pdb   25.236   35.523   0   13.526
swarm_116_199.pdb   18.324   14.260   0.0925926   12.593
swarm_83_75.pdb   19.392   8.992   0.0740741   12.322
swarm_21_133.pdb   14.894   11.060   0   12.109
swarm_75_137.pdb   20.092   31.618   0   11.950
swarm_105_175.pdb   13.761   14.609   0   11.450
swarm_51_19.pdb   9.475   17.492   0.111111   11.435
swarm_93_99.pdb   16.816   21.886   0   10.485
swarm_21_37.pdb   17.736   26.012   0   10.029
swarm_21_56.pdb   21.572   31.910   0   9.994
swarm_67_112.pdb   25.736   27.158   0   8.309
swarm_14_35.pdb   21.643   25.120   0   6.726
swarm_1_40.pdb   11.390   19.866   0.12963   4.930
swarm_20_186.pdb   23.651   29.581   0   0.431
swarm_81_78.pdb   26.603   37.152   0   -9.625
swarm_77_49.pdb   15.844   18.372   0   -10.279
swarm_105_71.pdb   18.544   27.208   0   -31.037
swarm_20_173.pdb   21.945   28.147   0   -36.454
swarm_99_101.pdb   12.336   10.843   0.148148   -56.055
swarm_10_146.pdb   17.536   23.439   0   -65.387
swarm_20_150.pdb   22.950   29.396   0   -73.317
swarm_58_179.pdb   25.775   33.129   0   -118.695
swarm_118_193.pdb   16.156   17.694   0.0925926   -122.578
swarm_84_157.pdb   23.383   28.510   0   -139.363
swarm_14_95.pdb   20.906   28.069   0   -142.981
swarm_32_68.pdb   4.133   4.107   0.685185   -143.045
swarm_79_52.pdb   14.440   23.811   0   -155.136
swarm_32_88.pdb   8.236   9.841   0.111111   -190.890
