swarm_64_139.pdb   13.481   28.295   0   32.372
swarm_97_96.pdb   5.551   10.763   0.0615385   29.990
swarm_109_47.pdb   13.751   24.572   0   29.637
swarm_5_28.pdb   2.933   9.676   0.446154   29.346
swarm_15_36.pdb   11.508   29.862   0.0461538   28.665
swarm_114_28.pdb   4.686   10.903   0.246154   28.293
swarm_77_172.pdb   12.761   21.467   0   28.267
swarm_109_100.pdb   11.515   25.565   0   28.074
swarm_114_123.pdb   13.576   24.589   0   27.820
swarm_16_48.pdb   6.563   17.647   0.169231   27.648
swarm_3_155.pdb   13.764   25.633   0   27.440
swarm_3_141.pdb   6.868   14.492   0.0307692   27.051
swarm_99_118.pdb   7.348   24.256   0.0153846   26.592
swarm_98_99.pdb   6.292   13.101   0.107692   26.446
swarm_79_30.pdb   12.605   21.694   0   26.241
swarm_104_78.pdb   12.054   20.260   0   26.186
swarm_97_132.pdb   13.792   25.179   0   26.143
swarm_99_67.pdb   11.705   29.007   0.0923077   26.135
swarm_104_27.pdb   12.830   23.969   0   26.074
swarm_6_97.pdb   14.023   27.757   0   26.025
swarm_66_183.pdb   14.247   28.086   0   25.951
swarm_18_38.pdb   14.693   32.577   0.0615385   25.939
swarm_3_177.pdb   8.408   21.623   0.0923077   25.849
swarm_20_183.pdb   5.201   12.651   0.215385   25.809
swarm_16_23.pdb   13.397   24.070   0   25.777
swarm_102_5.pdb   13.686   28.770   0   25.496
swarm_108_60.pdb   8.981   26.940   0.0153846   25.182
swarm_79_195.pdb   13.130   22.807   0   25.131
swarm_8_174.pdb   13.267   24.271   0   24.941
swarm_97_77.pdb   10.875   19.094   0   24.818
swarm_102_108.pdb   13.616   27.191   0   24.786
swarm_84_192.pdb   13.902   25.949   0   24.704
swarm_112_165.pdb   13.553   24.351   0   24.669
swarm_80_145.pdb   13.342   21.483   0   24.591
swarm_102_160.pdb   12.404   30.870   0   24.462
swarm_99_109.pdb   13.786   28.967   0   24.382
swarm_66_73.pdb   12.665   22.708   0   24.159
swarm_15_73.pdb   14.071   31.523   0   24.140
swarm_18_120.pdb   14.015   28.907   0   24.040
swarm_6_147.pdb   14.893   30.005   0   24.003
swarm_18_0.pdb   8.220   24.758   0   23.978
swarm_18_28.pdb   14.617   27.828   0   23.715
swarm_6_107.pdb   13.141   21.486   0   23.655
swarm_64_81.pdb   9.881   24.466   0.0307692   23.564
swarm_47_140.pdb   11.902   22.604   0   23.399
swarm_16_101.pdb   13.582   26.968   0.0923077   23.362
swarm_115_10.pdb   12.975   23.619   0.107692   23.287
swarm_82_64.pdb   15.210   31.574   0   23.212
swarm_41_60.pdb   11.380   27.195   0.123077   23.162
swarm_104_147.pdb   13.888   26.509   0   23.162
swarm_102_168.pdb   14.086   30.171   0   23.157
swarm_5_123.pdb   4.357   10.538   0.369231   23.114
swarm_16_192.pdb   11.626   22.417   0.0153846   23.073
swarm_4_2.pdb   12.162   32.345   0.0461538   22.996
swarm_15_96.pdb   13.206   25.990   0   22.752
swarm_82_12.pdb   13.370   24.422   0   22.695
swarm_47_156.pdb   4.557   14.612   0.184615   22.629
swarm_66_144.pdb   14.430   33.663   0.0769231   22.547
swarm_37_167.pdb   13.864   29.919   0   22.497
swarm_84_160.pdb   5.466   13.700   0.4   22.445
swarm_102_106.pdb   13.105   33.926   0.123077   22.395
swarm_102_127.pdb   14.827   34.108   0   22.292
swarm_16_188.pdb   5.466   13.035   0.107692   22.231
swarm_81_163.pdb   10.577   31.436   0   22.147
swarm_117_195.pdb   14.194   33.062   0.0307692   22.032
swarm_8_55.pdb   5.926   14.446   0.215385   21.974
swarm_80_188.pdb   13.837   24.107   0   21.840
swarm_66_152.pdb   8.896   26.861   0.123077   21.406
swarm_39_122.pdb   14.042   25.137   0   21.253
swarm_82_28.pdb   12.083   27.988   0.0461538   21.251
swarm_97_138.pdb   13.948   24.459   0   21.220
swarm_80_198.pdb   13.827   24.585   0   21.153
swarm_5_30.pdb   12.841   23.288   0   21.147
swarm_16_118.pdb   11.900   23.212   0   21.142
swarm_117_131.pdb   13.179   24.674   0   21.011
swarm_18_12.pdb   13.858   28.512   0   21.010
swarm_8_91.pdb   14.167   26.506   0   21.002
swarm_64_21.pdb   11.780   30.731   0.0461538   20.896
swarm_117_78.pdb   14.976   31.274   0.0769231   20.833
swarm_80_41.pdb   9.325   15.318   0   20.678
swarm_47_24.pdb   8.680   26.690   0.0153846   20.642
swarm_44_76.pdb   12.967   23.703   0   20.585
swarm_102_103.pdb   15.352   34.432   0   20.342
swarm_95_104.pdb   14.599   32.994   0   20.302
swarm_46_29.pdb   15.656   33.594   0   20.114
swarm_82_3.pdb   13.937   27.175   0   20.084
swarm_5_95.pdb   10.011   22.597   0.107692   20.007
swarm_82_180.pdb   7.771   17.355   0.0153846   19.914
swarm_3_138.pdb   14.714   27.003   0.0769231   19.909
swarm_6_180.pdb   9.292   21.271   0.0153846   19.842
swarm_79_112.pdb   14.733   25.337   0.0461538   19.619
swarm_109_82.pdb   14.122   28.918   0.0615385   19.561
swarm_84_168.pdb   8.604   25.417   0.107692   18.978
swarm_112_187.pdb   14.367   25.666   0.0923077   18.226
swarm_105_91.pdb   13.179   24.919   0.0153846   18.112
swarm_18_23.pdb   13.675   26.104   0   18.041
swarm_67_135.pdb   7.905   22.813   0   17.960
swarm_109_178.pdb   5.826   12.416   0.184615   17.926
swarm_109_195.pdb   13.954   27.063   0   17.886
swarm_117_168.pdb   9.654   22.008   0   17.854
swarm_8_191.pdb   13.539   24.351   0.123077   17.632
swarm_109_120.pdb   12.115   26.434   0.123077   17.620
swarm_87_118.pdb   4.105   14.022   0.138462   17.586
swarm_32_120.pdb   10.267   30.052   0.0307692   17.501
swarm_16_62.pdb   6.918   21.494   0.0153846   17.356
swarm_112_90.pdb   9.053   20.416   0.123077   17.355
swarm_103_163.pdb   12.876   22.477   0   17.316
swarm_12_17.pdb   16.171   33.766   0   17.171
swarm_82_31.pdb   15.056   31.371   0   16.751
swarm_117_107.pdb   13.818   31.031   0.0153846   16.667
swarm_39_45.pdb   13.880   28.540   0   16.640
swarm_12_189.pdb   17.033   42.871   0   16.540
swarm_46_185.pdb   10.656   31.172   0.0769231   16.209
swarm_84_36.pdb   10.991   24.613   0.0461538   16.140
swarm_28_173.pdb   10.399   24.229   0.0153846   16.055
swarm_96_112.pdb   14.348   25.521   0.0307692   16.005
swarm_18_197.pdb   9.340   20.291   0.0461538   15.351
swarm_109_117.pdb   14.123   27.434   0   14.926
swarm_12_91.pdb   13.571   29.978   0.0153846   14.800
swarm_64_80.pdb   9.885   26.951   0.0153846   14.796
swarm_100_144.pdb   9.018   20.151   0.0153846   14.601
swarm_57_16.pdb   14.711   29.960   0   14.152
swarm_93_87.pdb   16.275   36.592   0.0615385   13.778
swarm_28_146.pdb   13.839   27.017   0   13.620
swarm_104_142.pdb   13.325   23.944   0.0769231   12.575
swarm_77_95.pdb   11.555   25.898   0.0461538   12.173
swarm_46_4.pdb   8.222   24.564   0   12.024
swarm_35_58.pdb   13.994   27.995   0.107692   10.563
swarm_3_19.pdb   13.497   24.916   0   8.455
swarm_79_92.pdb   12.628   23.798   0.0923077   6.952
swarm_84_91.pdb   12.853   28.048   0   5.567
swarm_18_58.pdb   13.838   30.605   0.0769231   -1.112
swarm_100_116.pdb   8.283   17.054   0   -2.946
swarm_100_119.pdb   9.287   18.799   0   -4.403
swarm_37_139.pdb   15.580   30.117   0.0461538   -4.494
swarm_4_84.pdb   10.847   28.524   0   -4.653
swarm_20_12.pdb   11.216   26.391   0.123077   -5.072
swarm_99_63.pdb   9.905   25.137   0   -5.164
swarm_102_88.pdb   13.302   35.122   0.153846   -7.491
swarm_114_155.pdb   13.602   25.554   0.0615385   -9.593
swarm_109_193.pdb   14.253   28.282   0   -9.784
swarm_76_121.pdb   6.537   25.438   0.138462   -12.323
swarm_114_25.pdb   14.713   26.796   0.123077   -12.685
swarm_77_85.pdb   12.932   26.523   0   -18.847
swarm_6_141.pdb   14.718   29.393   0   -21.839
swarm_109_183.pdb   14.328   28.042   0   -25.770
swarm_82_164.pdb   14.496   30.925   0   -26.403
swarm_114_97.pdb   13.496   24.981   0   -27.593
swarm_44_124.pdb   11.694   21.652   0.0615385   -30.872
swarm_12_170.pdb   15.276   36.509   0.0153846   -36.856
swarm_20_193.pdb   14.492   29.519   0   -37.020
swarm_5_81.pdb   7.950   21.112   0.0615385   -38.714
swarm_76_48.pdb   16.393   32.959   0.0461538   -43.009
swarm_49_63.pdb   14.140   27.516   0   -43.015
swarm_118_55.pdb   13.278   27.588   0   -43.980
swarm_23_36.pdb   15.465   33.360   0   -48.923
swarm_8_115.pdb   13.656   27.103   0   -49.716
swarm_5_132.pdb   10.651   19.645   0   -55.617
swarm_99_175.pdb   11.568   30.733   0.0615385   -56.880
swarm_64_38.pdb   14.102   34.851   0.0461538   -61.927
swarm_71_151.pdb   10.572   27.984   0   -65.286
swarm_115_100.pdb   12.650   23.533   0   -67.424
swarm_117_167.pdb   15.811   36.346   0.0153846   -75.423
swarm_16_1.pdb   9.174   26.383   0.0307692   -76.700
swarm_43_21.pdb   13.279   38.071   0.0615385   -78.628
swarm_95_146.pdb   10.350   39.320   0   -97.207
swarm_108_190.pdb   14.370   36.334   0   -101.066
swarm_5_144.pdb   15.373   27.777   0.107692   -106.523
swarm_49_29.pdb   7.017   24.118   0.0769231   -117.577
swarm_80_63.pdb   7.869   20.984   0.230769   -141.303
swarm_8_1.pdb   12.558   27.361   0.0307692   -142.817
swarm_103_0.pdb   11.816   24.496   0.0153846   -151.377
swarm_85_66.pdb   12.740   42.473   0   -154.953
swarm_9_118.pdb   15.912   42.385   0   -171.153
swarm_3_63.pdb   11.629   22.771   0.0461538   -188.681
swarm_33_86.pdb   14.061   32.865   0   -200.841
swarm_33_103.pdb   9.662   28.614   0.0461538   -212.037
swarm_11_188.pdb   14.951   44.852   0.0769231   -246.737
swarm_80_22.pdb   9.785   21.742   0.2   -289.580
swarm_23_150.pdb   11.348   32.395   0.0307692   -297.189
swarm_119_36.pdb   12.290   24.141   0.0615385   -304.841
swarm_91_82.pdb   15.898   34.554   0.0153846   -314.061
swarm_23_118.pdb   11.870   33.057   0.0461538   -339.742
