swarm_15_176.pdb	11.694	42.793	0	33.427
swarm_16_190.pdb	1.967	6.067	0.785714	32.457
swarm_20_51.pdb	1.476	3.298	1	31.552
swarm_6_193.pdb	9.737	38.583	0	31.525
swarm_42_20.pdb	13.212	36.124	0	29.461
swarm_51_186.pdb	11.076	35.754	0	29.064
swarm_43_75.pdb	10.680	34.423	0	28.920
swarm_21_149.pdb	5.205	12.347	0.178571	28.834
swarm_1_133.pdb	13.132	36.737	0	28.504
swarm_45_149.pdb	12.148	33.425	0	27.473
swarm_49_135.pdb	9.878	41.143	0	27.333
swarm_19_161.pdb	3.029	11.219	0.285714	27.046
swarm_28_23.pdb	8.720	37.380	0	27.023
swarm_33_31.pdb	11.821	20.345	0	27.018
swarm_6_4.pdb	11.196	45.169	0	26.821
swarm_20_95.pdb	6.734	14.012	0	26.561
swarm_53_123.pdb	9.308	18.614	0.142857	26.525
swarm_35_109.pdb	5.306	17.076	0.178571	26.436
swarm_2_196.pdb	10.828	19.800	0	26.235
swarm_0_128.pdb	12.425	42.667	0	26.231
swarm_3_58.pdb	10.740	21.880	0	26.205
swarm_26_9.pdb	12.412	34.507	0	26.030
swarm_21_50.pdb	12.143	21.432	0	25.582
swarm_0_133.pdb	13.035	42.677	0	25.528
swarm_31_162.pdb	9.462	19.874	0.0714286	25.503
swarm_36_193.pdb	5.139	13.842	0.392857	25.484
swarm_4_26.pdb	15.355	41.371	0	25.282
swarm_53_76.pdb	9.319	19.023	0.142857	25.139
swarm_5_102.pdb	7.588	18.835	0	25.135
swarm_26_104.pdb	13.528	38.544	0	25.094
swarm_54_176.pdb	10.460	17.114	0	24.964
swarm_20_28.pdb	8.684	17.865	0.0714286	24.961
swarm_18_92.pdb	6.431	12.447	0	24.804
swarm_53_122.pdb	8.307	15.457	0	24.698
swarm_21_17.pdb	5.253	13.637	0.142857	24.590
swarm_10_102.pdb	8.793	20.218	0.107143	24.561
swarm_53_80.pdb	1.877	3.986	0.785714	24.372
swarm_45_175.pdb	13.517	39.106	0	24.171
swarm_16_158.pdb	9.353	16.860	0	24.091
swarm_36_57.pdb	10.252	21.876	0	24.037
swarm_0_108.pdb	12.651	40.606	0.0357143	24.027
swarm_3_136.pdb	7.038	17.187	0	23.972
swarm_40_75.pdb	10.025	33.115	0	23.595
swarm_46_22.pdb	11.349	32.719	0	23.562
swarm_43_119.pdb	14.112	42.564	0	23.538
swarm_44_194.pdb	11.886	36.715	0	23.501
swarm_4_33.pdb	9.262	39.085	0	23.211
swarm_1_36.pdb	11.430	33.058	0	23.208
swarm_38_34.pdb	9.088	22.222	0.107143	23.156
swarm_35_173.pdb	8.950	20.517	0.0714286	23.013
swarm_0_39.pdb	15.465	42.747	0	22.918
swarm_45_78.pdb	14.006	43.042	0	22.781
swarm_21_96.pdb	9.019	20.266	0.142857	22.735
swarm_12_177.pdb	15.859	44.487	0	22.714
swarm_28_53.pdb	12.030	37.221	0	22.663
swarm_22_55.pdb	12.258	21.475	0	22.640
swarm_26_108.pdb	12.768	39.766	0	22.614
swarm_16_171.pdb	7.355	14.252	0	22.521
swarm_14_160.pdb	11.758	19.081	0	22.517
swarm_26_113.pdb	15.283	44.059	0	22.425
swarm_31_29.pdb	10.360	17.544	0	22.383
swarm_46_29.pdb	9.504	34.361	0	22.310
swarm_48_43.pdb	11.186	31.601	0	22.275
swarm_28_140.pdb	15.205	38.027	0	22.269
swarm_2_61.pdb	10.218	18.523	0.214286	22.217
swarm_6_173.pdb	14.438	41.256	0	22.165
swarm_53_194.pdb	10.836	19.429	0	22.079
swarm_10_53.pdb	10.168	20.298	0	22.055
swarm_18_115.pdb	9.989	19.366	0	22.035
swarm_53_121.pdb	9.848	15.542	0	22.025
swarm_14_44.pdb	9.230	21.696	0	21.956
swarm_7_128.pdb	9.867	19.970	0	21.917
swarm_14_165.pdb	11.253	22.112	0	21.915
swarm_5_152.pdb	8.864	19.631	0.107143	21.885
swarm_42_161.pdb	11.573	41.887	0	21.720
swarm_27_61.pdb	8.544	33.051	0.0714286	21.664
swarm_34_118.pdb	10.761	41.299	0.0357143	21.652
swarm_35_191.pdb	8.382	16.892	0	21.639
swarm_8_197.pdb	8.252	25.385	0.0714286	21.638
swarm_52_34.pdb	11.363	22.589	0	21.574
swarm_36_16.pdb	10.195	21.185	0	21.536
swarm_29_148.pdb	9.643	38.566	0.0357143	21.534
swarm_30_199.pdb	12.488	40.548	0.0357143	21.469
swarm_10_2.pdb	7.783	15.959	0.0714286	21.442
swarm_54_70.pdb	11.900	18.611	0	21.440
swarm_13_183.pdb	11.527	36.108	0	21.412
swarm_43_84.pdb	9.629	39.061	0	21.392
swarm_47_154.pdb	10.348	29.239	0	21.373
swarm_0_67.pdb	11.383	39.553	0	21.362
swarm_55_26.pdb	2.001	7.290	0.678571	21.356
swarm_2_39.pdb	6.704	15.392	0.0714286	21.282
swarm_20_54.pdb	7.581	15.189	0.178571	21.202
swarm_43_158.pdb	14.541	43.841	0	21.138
swarm_40_80.pdb	12.483	38.549	0	21.098
swarm_10_172.pdb	9.555	16.960	0.178571	21.087
swarm_18_35.pdb	10.113	18.264	0	21.069
swarm_40_188.pdb	12.051	38.954	0	21.053
swarm_44_177.pdb	13.537	42.133	0	21.009
swarm_40_171.pdb	12.385	43.580	0	20.987
swarm_17_155.pdb	9.456	20.184	0	20.982
swarm_22_40.pdb	7.054	24.522	0.0357143	20.909
swarm_46_100.pdb	9.856	36.231	0	20.872
swarm_18_101.pdb	8.850	15.612	0	20.848
swarm_30_121.pdb	14.814	38.917	0	20.829
swarm_6_33.pdb	12.377	40.818	0	20.788
swarm_34_135.pdb	13.756	38.913	0	20.753
swarm_53_134.pdb	11.344	19.243	0	20.706
swarm_38_44.pdb	7.301	17.016	0	20.598
swarm_31_86.pdb	11.744	20.058	0	20.582
swarm_41_135.pdb	8.482	23.156	0.0714286	20.525
swarm_34_23.pdb	13.372	39.693	0	20.491
swarm_51_86.pdb	13.625	40.533	0	20.475
swarm_55_161.pdb	8.900	19.122	0.107143	20.471
swarm_6_164.pdb	14.398	43.543	0	20.460
swarm_5_133.pdb	9.115	19.314	0	20.452
swarm_34_141.pdb	14.720	39.803	0	20.433
swarm_42_77.pdb	13.361	40.773	0	20.399
swarm_48_146.pdb	12.978	36.377	0	20.257
swarm_43_45.pdb	12.776	40.463	0	20.230
swarm_14_113.pdb	10.609	19.034	0	20.190
swarm_30_102.pdb	9.653	38.962	0.0357143	20.172
swarm_27_191.pdb	12.342	35.251	0	20.149
swarm_55_170.pdb	7.880	18.741	0	20.117
swarm_16_192.pdb	8.840	19.624	0.0714286	20.053
swarm_24_35.pdb	9.857	28.925	0.0357143	20.043
swarm_39_135.pdb	11.314	23.444	0	20.022
swarm_39_55.pdb	8.195	19.005	0.0714286	19.974
swarm_48_46.pdb	13.498	36.300	0	19.968
swarm_29_169.pdb	12.222	30.341	0	19.917
swarm_39_69.pdb	9.927	20.204	0	19.892
swarm_22_1.pdb	12.410	23.731	0.0357143	19.854
swarm_17_60.pdb	9.759	17.502	0	19.838
swarm_27_162.pdb	12.986	36.462	0	19.756
swarm_17_173.pdb	10.126	22.706	0.0714286	19.744
swarm_5_147.pdb	7.889	21.572	0.0357143	19.717
swarm_35_146.pdb	12.648	23.732	0	19.707
swarm_33_78.pdb	10.139	30.108	0	19.703
swarm_12_50.pdb	12.026	42.860	0	19.681
swarm_26_59.pdb	15.260	43.634	0	19.642
swarm_24_10.pdb	11.560	37.524	0.0357143	19.638
swarm_6_56.pdb	13.497	45.665	0	19.620
swarm_48_76.pdb	11.039	37.243	0.0357143	19.607
swarm_55_91.pdb	10.793	19.995	0	19.554
swarm_3_163.pdb	10.382	18.742	0	19.545
swarm_32_45.pdb	11.919	19.927	0.0714286	19.543
swarm_9_50.pdb	9.290	27.274	0	19.518
swarm_51_161.pdb	12.833	37.666	0	19.479
swarm_25_62.pdb	12.850	41.112	0	19.477
swarm_38_132.pdb	14.418	27.220	0	19.467
swarm_13_176.pdb	11.084	34.295	0	19.459
swarm_4_188.pdb	12.665	39.421	0	19.345
swarm_26_118.pdb	14.529	41.783	0	19.216
swarm_28_188.pdb	11.508	37.499	0	19.188
swarm_49_133.pdb	14.814	45.216	0	19.121
swarm_5_78.pdb	11.139	21.224	0	19.100
swarm_50_194.pdb	9.768	21.245	0	19.038
swarm_21_136.pdb	8.249	17.156	0	19.013
swarm_27_87.pdb	8.975	37.593	0.0357143	19.009
swarm_29_22.pdb	8.878	32.763	0.0357143	18.946
swarm_44_5.pdb	16.712	44.365	0	18.915
swarm_25_196.pdb	7.978	30.622	0.0714286	18.898
swarm_14_122.pdb	10.682	23.170	0	18.893
swarm_53_101.pdb	12.510	21.954	0.0357143	18.859
swarm_6_157.pdb	13.984	42.638	0	18.809
swarm_53_189.pdb	11.335	18.343	0	18.801
swarm_24_150.pdb	12.523	29.051	0	18.781
swarm_10_44.pdb	9.327	18.094	0	18.769
swarm_10_141.pdb	7.845	14.938	0	18.765
swarm_51_18.pdb	9.725	36.852	0.0357143	18.744
swarm_38_183.pdb	8.593	21.294	0.0714286	18.700
swarm_34_162.pdb	15.582	44.155	0	18.665
swarm_39_62.pdb	10.138	20.434	0.0357143	18.620
swarm_19_108.pdb	10.474	20.027	0	18.579
swarm_54_95.pdb	9.228	18.197	0	18.575
swarm_1_66.pdb	12.175	44.153	0	18.570
swarm_10_189.pdb	8.507	16.399	0	18.566
swarm_28_74.pdb	12.096	41.719	0	18.560
swarm_21_167.pdb	10.409	20.141	0.0357143	18.551
swarm_9_105.pdb	11.321	31.622	0.0357143	18.527
swarm_11_110.pdb	9.593	30.472	0.0357143	18.509
swarm_45_22.pdb	12.269	39.510	0	18.500
swarm_9_69.pdb	8.366	31.907	0.0357143	18.470
swarm_31_172.pdb	3.206	5.610	0.285714	18.470
swarm_22_113.pdb	10.587	21.057	0	18.449
swarm_26_114.pdb	14.554	38.264	0	18.432
swarm_17_166.pdb	11.118	20.498	0.0714286	18.368
swarm_18_130.pdb	10.021	17.405	0	18.361
swarm_51_148.pdb	15.381	40.530	0	18.299
swarm_45_134.pdb	14.719	41.134	0	18.294
swarm_48_51.pdb	14.238	39.731	0	18.275
swarm_25_70.pdb	15.588	42.002	0	18.215
swarm_12_72.pdb	10.283	41.635	0	18.185
swarm_41_108.pdb	12.040	22.402	0	18.171
swarm_3_150.pdb	12.116	24.395	0	18.160
swarm_36_150.pdb	10.963	18.507	0	18.155
swarm_22_188.pdb	13.211	23.975	0	18.076
swarm_7_53.pdb	10.066	22.427	0	18.019
swarm_21_123.pdb	12.957	24.701	0.0357143	18.016
swarm_19_148.pdb	8.613	17.755	0	18.015
swarm_10_111.pdb	9.386	16.907	0	17.984
swarm_11_197.pdb	13.105	31.388	0	17.933
swarm_54_187.pdb	10.972	21.828	0	17.924
swarm_3_82.pdb	12.679	22.047	0	17.908
swarm_45_125.pdb	13.069	43.988	0	17.904
swarm_47_146.pdb	12.526	35.969	0	17.876
swarm_20_83.pdb	11.906	19.996	0	17.823
swarm_54_57.pdb	2.704	7.164	0.785714	17.822
swarm_54_80.pdb	10.737	18.477	0	17.689
swarm_3_197.pdb	9.459	17.654	0.107143	17.637
swarm_35_132.pdb	3.010	7.287	0.321429	17.592
swarm_22_114.pdb	12.212	26.895	0	17.574
swarm_7_55.pdb	9.039	27.039	0	17.562
swarm_28_26.pdb	13.697	37.427	0	17.558
swarm_17_120.pdb	9.336	20.752	0	17.514
swarm_25_56.pdb	14.322	37.951	0	17.500
swarm_55_23.pdb	13.165	22.877	0	17.478
swarm_44_46.pdb	15.501	46.125	0	17.467
swarm_52_142.pdb	8.007	26.205	0	17.455
swarm_13_18.pdb	15.247	36.013	0	17.415
swarm_51_93.pdb	12.390	36.153	0	17.412
swarm_25_12.pdb	12.989	39.550	0	17.406
swarm_41_188.pdb	9.152	20.338	0	17.385
swarm_28_64.pdb	13.227	35.814	0	17.367
swarm_0_127.pdb	13.294	39.694	0	17.365
swarm_16_57.pdb	13.109	23.443	0	17.348
swarm_22_28.pdb	13.045	29.210	0	17.331
swarm_13_123.pdb	10.887	33.776	0	17.306
swarm_28_154.pdb	14.968	39.218	0	17.305
swarm_12_164.pdb	11.387	34.506	0	17.294
swarm_19_157.pdb	3.178	9.863	0.25	17.279
swarm_25_61.pdb	10.998	39.331	0	17.241
swarm_15_154.pdb	12.465	42.855	0	17.209
swarm_20_82.pdb	10.964	21.989	0	17.195
swarm_47_143.pdb	9.696	38.513	0.0357143	17.173
swarm_19_99.pdb	11.615	21.357	0	17.160
swarm_27_186.pdb	14.806	40.953	0	17.141
swarm_19_152.pdb	13.174	23.278	0	17.118
swarm_39_196.pdb	7.254	19.901	0	17.052
swarm_8_72.pdb	11.265	23.240	0	16.981
swarm_20_169.pdb	12.186	22.475	0	16.959
swarm_7_125.pdb	11.942	29.152	0	16.951
swarm_30_83.pdb	14.234	47.561	0	16.887
swarm_22_150.pdb	3.392	11.389	0.321429	16.844
swarm_45_151.pdb	11.761	38.012	0	16.836
swarm_40_6.pdb	13.876	40.213	0	16.831
swarm_16_61.pdb	13.310	24.778	0	16.813
swarm_3_71.pdb	10.372	21.431	0	16.740
swarm_9_141.pdb	12.255	34.406	0	16.738
swarm_38_84.pdb	11.568	23.078	0	16.709
swarm_20_73.pdb	8.042	15.555	0	16.687
swarm_33_145.pdb	14.230	26.675	0	16.685
swarm_12_37.pdb	16.348	44.621	0	16.683
swarm_9_174.pdb	12.349	24.991	0	16.673
swarm_8_141.pdb	9.661	20.276	0	16.670
swarm_40_141.pdb	14.389	40.525	0	16.655
swarm_16_163.pdb	10.901	22.281	0	16.646
swarm_55_21.pdb	6.828	13.612	0	16.634
swarm_41_113.pdb	11.659	29.259	0	16.603
swarm_52_67.pdb	12.471	22.306	0	16.593
swarm_15_138.pdb	12.402	41.942	0	16.584
swarm_29_166.pdb	9.886	28.653	0	16.580
swarm_12_115.pdb	13.799	36.672	0	16.570
swarm_27_51.pdb	9.394	39.747	0	16.562
swarm_8_128.pdb	10.380	26.194	0	16.541
swarm_11_141.pdb	11.539	27.454	0	16.493
swarm_20_88.pdb	10.555	19.549	0	16.449
swarm_5_196.pdb	11.285	28.825	0.0357143	16.444
swarm_46_186.pdb	10.178	37.539	0	16.439
swarm_29_40.pdb	10.901	32.626	0	16.418
swarm_29_112.pdb	12.460	34.292	0	16.404
swarm_7_162.pdb	12.531	31.298	0	16.392
swarm_36_80.pdb	9.634	22.258	0	16.348
swarm_2_7.pdb	11.683	19.905	0	16.315
swarm_38_1.pdb	13.204	26.853	0	16.290
swarm_5_173.pdb	13.096	25.423	0	16.275
swarm_10_88.pdb	10.415	18.516	0	16.205
swarm_39_166.pdb	9.064	20.563	0	16.180
swarm_48_174.pdb	11.105	32.225	0	16.158
swarm_6_196.pdb	14.786	40.846	0	16.129
swarm_0_22.pdb	14.852	42.237	0	16.098
swarm_16_193.pdb	9.064	16.150	0	16.072
swarm_43_178.pdb	13.087	42.719	0	16.048
swarm_48_148.pdb	12.949	36.936	0	15.965
swarm_18_71.pdb	11.586	21.464	0	15.947
swarm_5_121.pdb	13.871	27.164	0	15.937
swarm_11_159.pdb	14.737	33.682	0	15.890
swarm_34_142.pdb	13.853	43.643	0	15.879
swarm_47_107.pdb	7.829	31.467	0.0357143	15.860
swarm_15_63.pdb	13.959	44.008	0	15.844
swarm_7_138.pdb	12.250	21.317	0	15.837
swarm_43_197.pdb	13.905	42.333	0	15.829
swarm_13_148.pdb	10.526	31.533	0	15.826
swarm_19_147.pdb	8.931	17.216	0.178571	15.786
swarm_47_7.pdb	8.805	30.337	0	15.705
swarm_54_147.pdb	12.950	24.774	0	15.692
swarm_20_34.pdb	10.185	18.798	0	15.620
swarm_49_98.pdb	13.095	36.977	0	15.583
swarm_52_18.pdb	9.600	18.570	0	15.529
swarm_3_63.pdb	13.151	28.457	0	15.519
swarm_22_22.pdb	13.508	26.904	0	15.516
swarm_9_161.pdb	14.868	32.545	0	15.501
swarm_24_155.pdb	12.422	37.180	0	15.474
swarm_40_180.pdb	15.138	37.831	0	15.465
swarm_3_181.pdb	11.451	20.413	0	15.417
swarm_39_178.pdb	9.163	21.576	0	15.400
swarm_47_37.pdb	12.030	42.743	0	15.392
swarm_24_47.pdb	15.148	37.186	0	15.382
swarm_46_52.pdb	12.168	32.070	0	15.381
swarm_49_87.pdb	13.929	41.200	0	15.304
swarm_33_76.pdb	12.065	23.388	0	15.302
swarm_28_118.pdb	16.227	43.568	0	15.292
swarm_55_7.pdb	11.397	21.377	0	15.290
swarm_25_100.pdb	12.571	41.558	0	15.286
swarm_24_160.pdb	10.402	37.442	0	15.224
swarm_4_38.pdb	14.101	42.875	0	15.207
swarm_7_133.pdb	10.959	23.467	0	15.160
swarm_40_84.pdb	11.421	38.325	0.0357143	15.136
swarm_24_85.pdb	11.551	38.882	0	15.136
swarm_5_188.pdb	10.129	25.990	0	15.058
swarm_28_149.pdb	15.486	42.876	0	15.051
swarm_25_156.pdb	11.535	32.349	0	15.051
swarm_47_64.pdb	14.153	34.928	0	15.042
swarm_22_189.pdb	11.261	25.433	0	14.961
swarm_54_13.pdb	13.144	23.562	0	14.933
swarm_39_140.pdb	11.644	23.466	0	14.904
swarm_48_175.pdb	10.290	40.915	0	14.896
swarm_33_135.pdb	11.794	22.176	0	14.888
swarm_41_69.pdb	10.458	24.449	0	14.833
swarm_5_16.pdb	11.057	23.376	0	14.831
swarm_17_184.pdb	9.103	21.741	0	14.821
swarm_54_50.pdb	9.960	18.883	0	14.699
swarm_43_185.pdb	17.444	44.430	0	14.690
swarm_45_177.pdb	16.460	45.521	0	14.683
swarm_11_55.pdb	12.201	31.455	0.0357143	14.645
swarm_11_45.pdb	12.568	30.471	0	14.596
swarm_3_144.pdb	10.829	21.230	0	14.573
swarm_3_116.pdb	11.716	22.576	0	14.508
swarm_7_179.pdb	7.151	27.339	0.0357143	14.495
swarm_15_191.pdb	11.720	39.632	0.0357143	14.444
swarm_0_178.pdb	15.930	45.101	0	14.423
swarm_13_99.pdb	9.128	30.719	0	14.413
swarm_34_185.pdb	8.788	37.444	0	14.322
swarm_47_183.pdb	12.017	35.754	0	14.277
swarm_49_26.pdb	14.609	31.143	0	14.225
swarm_52_80.pdb	12.024	25.658	0	14.224
swarm_20_198.pdb	10.500	17.970	0	14.219
swarm_0_157.pdb	12.460	42.122	0	14.168
swarm_11_86.pdb	8.582	29.148	0	14.111
swarm_12_191.pdb	13.663	43.688	0	14.085
swarm_30_98.pdb	13.330	42.152	0	14.012
swarm_30_131.pdb	17.067	44.652	0	13.991
swarm_7_28.pdb	13.751	25.134	0	13.888
swarm_11_103.pdb	12.766	28.963	0	13.871
swarm_18_168.pdb	12.658	21.741	0	13.870
swarm_21_48.pdb	10.551	21.384	0.0357143	13.863
swarm_13_117.pdb	14.993	36.856	0	13.858
swarm_11_29.pdb	11.537	26.621	0.0357143	13.853
swarm_36_32.pdb	5.846	14.036	0.0357143	13.755
swarm_48_29.pdb	12.899	35.698	0	13.716
swarm_24_19.pdb	14.046	35.107	0	13.662
swarm_24_124.pdb	10.937	30.096	0	13.654
swarm_47_117.pdb	14.597	39.039	0	13.645
swarm_29_43.pdb	14.970	37.519	0	13.638
swarm_29_68.pdb	10.009	32.449	0	13.465
swarm_24_120.pdb	5.885	24.641	0.142857	13.442
swarm_18_54.pdb	10.085	17.265	0	13.402
swarm_24_112.pdb	9.495	27.689	0	13.374
swarm_27_132.pdb	14.764	33.799	0	13.342
swarm_8_171.pdb	10.638	25.569	0	13.340
swarm_51_57.pdb	13.313	39.090	0	13.328
swarm_14_129.pdb	11.249	20.604	0	13.324
swarm_38_90.pdb	14.289	30.037	0	13.276
swarm_25_80.pdb	13.990	40.920	0	13.195
swarm_25_144.pdb	13.099	41.226	0	13.122
swarm_9_21.pdb	12.610	31.147	0	13.086
swarm_27_49.pdb	13.873	36.924	0	13.049
swarm_40_41.pdb	11.830	34.201	0	13.041
swarm_36_198.pdb	11.907	26.006	0	13.015
swarm_29_126.pdb	11.960	33.444	0	13.006
swarm_13_71.pdb	11.146	32.745	0	12.941
swarm_46_146.pdb	15.308	38.889	0	12.938
swarm_35_192.pdb	13.059	23.056	0	12.839
swarm_55_28.pdb	13.243	23.141	0	12.812
swarm_40_119.pdb	10.584	39.135	0	12.768
swarm_12_45.pdb	16.597	42.550	0	12.761
swarm_1_110.pdb	14.921	44.736	0	12.736
swarm_3_126.pdb	11.552	24.173	0	12.678
swarm_26_17.pdb	14.177	39.032	0	12.609
swarm_6_178.pdb	9.551	42.004	0.107143	12.590
swarm_47_176.pdb	9.901	37.488	0	12.590
swarm_55_96.pdb	7.940	13.802	0	12.582
swarm_25_44.pdb	16.413	42.765	0	12.561
swarm_9_31.pdb	11.039	26.843	0	12.525
swarm_54_170.pdb	12.364	21.115	0	12.450
swarm_24_31.pdb	13.485	33.780	0	12.415
swarm_7_34.pdb	6.954	17.456	0	12.382
swarm_43_124.pdb	16.823	43.939	0	12.382
swarm_11_124.pdb	5.813	23.013	0.178571	12.284
swarm_39_176.pdb	13.164	28.341	0	12.265
swarm_2_116.pdb	11.229	20.564	0	12.247
swarm_39_14.pdb	14.194	32.560	0	12.242
swarm_37_162.pdb	10.730	17.706	0	12.232
swarm_46_174.pdb	11.933	30.302	0	12.231
swarm_24_186.pdb	10.869	28.500	0	12.219
swarm_9_82.pdb	12.778	32.408	0	12.216
swarm_46_140.pdb	14.752	34.428	0	12.216
swarm_11_77.pdb	13.474	31.347	0	12.119
swarm_22_170.pdb	14.033	25.619	0	12.065
swarm_5_157.pdb	11.223	20.795	0	11.949
swarm_41_90.pdb	12.946	26.095	0	11.915
swarm_48_4.pdb	14.445	40.753	0	11.863
swarm_17_172.pdb	11.745	21.868	0	11.731
swarm_54_199.pdb	14.184	24.908	0	11.673
swarm_38_73.pdb	9.785	25.326	0.0357143	11.650
swarm_41_119.pdb	14.565	32.845	0	11.637
swarm_11_97.pdb	14.345	32.598	0	11.562
swarm_38_57.pdb	11.043	24.976	0	11.558
swarm_13_84.pdb	15.505	35.919	0	11.539
swarm_8_65.pdb	11.735	33.941	0.0357143	11.533
swarm_39_82.pdb	13.795	26.003	0	11.499
swarm_8_140.pdb	13.811	29.612	0	11.485
swarm_54_166.pdb	8.999	22.012	0	11.465
swarm_19_80.pdb	12.203	21.678	0	11.408
swarm_30_194.pdb	13.485	46.757	0	11.274
swarm_40_194.pdb	14.451	39.115	0	11.210
swarm_29_150.pdb	14.595	34.754	0	11.121
swarm_2_6.pdb	10.918	20.209	0.107143	11.107
swarm_47_149.pdb	16.940	40.879	0	11.040
swarm_5_14.pdb	12.379	28.015	0	11.038
swarm_42_139.pdb	14.120	44.019	0	11.015
swarm_8_35.pdb	13.063	27.141	0	10.886
swarm_34_86.pdb	14.404	45.630	0	10.700
swarm_38_194.pdb	9.558	21.557	0	10.696
swarm_46_151.pdb	11.455	29.740	0	10.641
swarm_33_26.pdb	14.177	26.053	0	10.540
swarm_24_136.pdb	15.787	36.567	0	10.423
swarm_36_163.pdb	13.086	25.445	0	10.391
swarm_39_139.pdb	7.000	27.950	0	10.332
swarm_30_108.pdb	17.130	44.518	0	10.302
swarm_13_128.pdb	14.965	35.469	0	10.123
swarm_54_39.pdb	14.329	26.946	0	10.003
swarm_11_40.pdb	13.505	32.022	0	9.813
swarm_55_27.pdb	10.649	23.029	0	9.786
swarm_13_195.pdb	14.222	37.686	0	9.725
swarm_41_5.pdb	14.286	29.434	0	9.632
swarm_32_39.pdb	9.196	17.079	0.0357143	8.815
swarm_54_5.pdb	13.748	27.304	0	8.463
swarm_24_6.pdb	14.954	34.682	0	8.097
swarm_38_160.pdb	10.901	24.687	0.0714286	6.951
swarm_19_53.pdb	12.116	19.147	0	6.248
swarm_2_15.pdb	5.811	15.702	0.178571	4.936
swarm_50_186.pdb	5.162	18.023	0.0714286	2.050
swarm_25_199.pdb	16.068	41.918	0	1.389
swarm_41_158.pdb	6.022	21.985	0.142857	0.679
