swarm_42_137.pdb	10.253	36.436	0.027027	30.966
swarm_24_118.pdb	12.050	45.069	0	29.029
swarm_41_91.pdb	12.195	32.974	0	29.013
swarm_37_32.pdb	11.279	27.254	0	28.596
swarm_12_120.pdb	11.090	34.696	0	28.560
swarm_29_128.pdb	11.919	31.235	0	27.451
swarm_23_88.pdb	12.581	35.902	0	27.446
swarm_19_162.pdb	13.917	34.380	0	27.274
swarm_15_13.pdb	13.043	45.682	0	26.855
swarm_28_30.pdb	14.325	37.851	0	26.783
swarm_0_128.pdb	16.602	35.074	0	25.363
swarm_5_89.pdb	11.963	46.749	0	25.050
swarm_30_33.pdb	13.229	31.965	0	24.569
swarm_35_76.pdb	17.356	46.101	0	24.564
swarm_32_147.pdb	12.370	32.782	0	24.440
swarm_15_18.pdb	10.452	50.677	0.027027	24.144
swarm_15_134.pdb	14.004	55.443	0	23.552
swarm_23_58.pdb	14.373	34.375	0	23.079
swarm_22_95.pdb	10.832	31.508	0	22.974
swarm_7_181.pdb	17.995	43.845	0	22.930
swarm_35_142.pdb	14.861	34.147	0	22.877
swarm_28_45.pdb	14.563	43.377	0	22.468
swarm_48_171.pdb	10.999	31.241	0	22.265
swarm_12_86.pdb	8.267	44.172	0.0810811	22.243
swarm_5_42.pdb	10.542	28.831	0	21.893
swarm_35_145.pdb	14.956	39.640	0	21.891
swarm_36_5.pdb	12.352	26.545	0.027027	21.789
swarm_5_37.pdb	6.909	43.264	0.216216	21.579
swarm_48_14.pdb	11.565	33.330	0	21.528
swarm_36_109.pdb	13.572	41.953	0	21.273
swarm_24_43.pdb	12.020	36.275	0	21.247
swarm_28_44.pdb	9.277	44.997	0.135135	21.232
swarm_16_88.pdb	10.198	30.712	0	21.213
swarm_23_15.pdb	11.812	27.719	0	21.169
swarm_29_70.pdb	14.236	32.312	0	20.975
swarm_30_40.pdb	11.213	32.792	0	20.909
swarm_21_163.pdb	12.673	47.596	0	20.804
swarm_25_138.pdb	16.276	33.331	0	20.741
swarm_29_69.pdb	12.666	38.638	0	20.680
swarm_47_46.pdb	17.790	45.485	0	20.679
swarm_42_169.pdb	15.402	34.900	0	20.633
swarm_22_82.pdb	16.069	39.406	0	20.544
swarm_26_106.pdb	16.832	43.988	0	20.091
swarm_11_166.pdb	12.415	32.228	0	20.014
swarm_21_124.pdb	12.613	46.872	0	19.846
swarm_23_3.pdb	12.617	37.586	0	19.814
swarm_19_65.pdb	17.752	38.775	0	19.768
swarm_25_139.pdb	15.571	38.605	0	19.722
swarm_19_187.pdb	12.250	34.705	0	19.704
swarm_6_130.pdb	15.806	39.344	0	19.697
swarm_20_10.pdb	15.506	38.538	0	19.638
swarm_25_194.pdb	10.707	36.777	0	19.551
swarm_36_8.pdb	11.345	40.176	0	19.531
swarm_28_124.pdb	6.949	38.732	0	19.427
swarm_28_88.pdb	14.624	40.439	0.027027	19.388
swarm_37_83.pdb	13.443	29.365	0	19.335
swarm_30_112.pdb	8.350	28.541	0	19.335
swarm_36_64.pdb	12.121	40.998	0	19.324
swarm_47_27.pdb	14.374	56.670	0	19.307
swarm_28_138.pdb	14.532	36.158	0.108108	19.243
swarm_38_165.pdb	14.003	55.683	0	19.059
swarm_2_178.pdb	18.491	39.338	0	18.943
swarm_21_93.pdb	16.102	47.232	0	18.781
swarm_12_35.pdb	14.345	36.387	0	18.725
swarm_24_21.pdb	11.707	44.964	0	18.712
swarm_40_52.pdb	13.762	31.196	0	18.630
swarm_39_132.pdb	12.316	31.897	0	18.542
swarm_19_197.pdb	11.136	39.693	0	18.521
swarm_12_20.pdb	13.409	39.377	0	18.510
swarm_5_12.pdb	8.335	37.637	0.0540541	18.419
swarm_17_72.pdb	17.994	50.131	0	18.400
swarm_13_178.pdb	17.609	43.566	0	18.271
swarm_19_83.pdb	14.661	39.985	0	18.202
swarm_2_17.pdb	16.231	31.018	0	18.185
swarm_38_52.pdb	17.579	45.136	0	18.170
swarm_12_77.pdb	12.240	36.360	0	17.984
swarm_9_147.pdb	11.383	33.461	0	17.958
swarm_23_192.pdb	19.860	37.002	0	17.926
swarm_5_108.pdb	12.421	46.886	0.027027	17.879
swarm_6_98.pdb	9.995	44.360	0	17.854
swarm_45_160.pdb	18.921	48.558	0	17.831
swarm_6_0.pdb	10.918	38.337	0	17.801
swarm_25_1.pdb	16.727	40.994	0	17.733
swarm_0_36.pdb	11.440	51.634	0	17.689
swarm_29_11.pdb	13.608	31.343	0	17.616
swarm_44_26.pdb	13.698	38.066	0	17.544
swarm_30_42.pdb	15.253	34.006	0	17.470
swarm_6_58.pdb	14.511	40.308	0	17.455
swarm_44_12.pdb	15.147	29.585	0	17.445
swarm_49_127.pdb	12.558	32.552	0	17.433
swarm_20_14.pdb	21.378	44.913	0	17.364
swarm_5_161.pdb	13.606	47.756	0	17.334
swarm_22_155.pdb	9.576	26.578	0.027027	17.331
swarm_20_22.pdb	20.712	44.366	0	17.313
swarm_36_197.pdb	16.089	41.392	0	17.233
swarm_36_50.pdb	12.808	38.384	0	17.201
swarm_38_69.pdb	11.750	60.121	0	17.101
swarm_20_198.pdb	14.999	38.325	0	17.057
swarm_19_44.pdb	19.774	43.765	0	17.035
swarm_35_114.pdb	16.792	38.841	0	17.029
swarm_5_20.pdb	9.304	35.900	0	16.950
swarm_39_141.pdb	16.578	33.259	0	16.890
swarm_29_121.pdb	16.003	30.262	0	16.761
swarm_24_154.pdb	13.547	40.853	0	16.760
swarm_40_55.pdb	10.669	28.441	0.027027	16.759
swarm_16_132.pdb	9.650	33.366	0	16.723
swarm_30_35.pdb	14.957	36.886	0	16.707
swarm_9_182.pdb	13.841	30.441	0	16.701
swarm_42_107.pdb	15.578	38.483	0	16.693
swarm_19_36.pdb	7.423	34.313	0.108108	16.618
swarm_36_199.pdb	6.276	26.691	0.216216	16.558
swarm_15_137.pdb	17.798	39.751	0	16.431
swarm_44_108.pdb	10.860	27.131	0	16.392
swarm_19_135.pdb	16.336	36.327	0	16.316
swarm_47_52.pdb	16.777	42.433	0	16.299
swarm_16_17.pdb	13.021	32.680	0	16.237
swarm_19_96.pdb	15.128	35.097	0	16.228
swarm_44_97.pdb	11.736	23.118	0	16.227
swarm_46_171.pdb	20.066	49.870	0	16.159
swarm_30_124.pdb	17.427	43.315	0	16.146
swarm_31_86.pdb	14.835	31.698	0.027027	16.051
swarm_37_120.pdb	16.468	32.707	0	15.980
swarm_40_148.pdb	11.458	24.852	0.162162	15.976
swarm_21_154.pdb	13.029	47.364	0.027027	15.940
swarm_5_18.pdb	15.156	36.007	0	15.859
swarm_48_83.pdb	12.324	29.981	0	15.756
swarm_29_114.pdb	16.690	34.918	0	15.691
swarm_46_195.pdb	19.577	49.087	0	15.671
swarm_8_85.pdb	15.649	30.883	0	15.640
swarm_6_49.pdb	7.642	44.152	0.0810811	15.613
swarm_17_157.pdb	11.844	44.718	0	15.561
swarm_17_91.pdb	13.812	40.020	0	15.491
swarm_26_146.pdb	9.802	59.185	0.027027	15.388
swarm_17_15.pdb	11.307	48.407	0	15.361
swarm_35_190.pdb	14.630	41.460	0	15.356
swarm_0_98.pdb	19.463	41.238	0	15.236
swarm_23_0.pdb	17.832	29.924	0	15.173
swarm_29_106.pdb	12.590	34.818	0.108108	15.159
swarm_6_112.pdb	14.005	53.779	0	15.144
swarm_15_110.pdb	19.412	43.736	0	15.120
swarm_17_92.pdb	20.419	47.497	0	15.100
swarm_25_140.pdb	18.898	42.522	0	15.008
swarm_20_165.pdb	16.402	42.724	0	14.965
swarm_28_40.pdb	6.624	40.948	0.162162	14.926
swarm_36_27.pdb	10.041	32.900	0.0810811	14.912
swarm_25_36.pdb	18.055	45.321	0	14.891
swarm_37_105.pdb	14.562	33.299	0	14.885
swarm_19_17.pdb	18.476	40.682	0	14.831
swarm_12_118.pdb	16.544	43.015	0	14.828
swarm_47_110.pdb	22.294	48.948	0	14.781
swarm_26_169.pdb	20.626	48.798	0	14.554
swarm_9_98.pdb	16.910	31.510	0	14.447
swarm_46_169.pdb	16.652	52.627	0	14.415
swarm_12_82.pdb	11.218	43.212	0.027027	14.375
swarm_37_68.pdb	18.608	35.649	0	14.353
swarm_37_62.pdb	16.391	32.472	0	14.340
swarm_47_150.pdb	12.637	56.717	0.027027	14.328
swarm_34_23.pdb	12.917	58.606	0	14.283
swarm_21_175.pdb	16.427	41.203	0	14.263
swarm_29_27.pdb	16.841	34.501	0	14.242
swarm_6_96.pdb	15.261	54.225	0	14.123
swarm_37_139.pdb	11.034	22.674	0.216216	14.074
swarm_38_183.pdb	17.745	41.925	0	14.046
swarm_47_111.pdb	20.973	49.087	0	13.748
swarm_22_89.pdb	10.310	38.534	0	13.729
swarm_33_82.pdb	11.645	33.539	0	13.550
swarm_29_111.pdb	9.151	37.206	0.135135	13.513
swarm_36_113.pdb	14.849	41.964	0	13.457
swarm_35_194.pdb	10.435	42.957	0	13.403
swarm_12_199.pdb	12.968	41.493	0	13.374
swarm_12_68.pdb	9.676	43.026	0	13.366
swarm_21_168.pdb	10.269	33.591	0	13.256
swarm_36_124.pdb	19.023	41.410	0	13.234
swarm_19_141.pdb	6.759	39.179	0.243243	13.190
swarm_24_25.pdb	18.606	42.046	0	13.114
swarm_39_196.pdb	21.362	33.159	0	12.962
swarm_18_1.pdb	15.505	66.874	0	12.863
swarm_21_77.pdb	12.429	36.497	0	12.791
swarm_37_30.pdb	14.391	34.606	0.027027	12.711
swarm_36_40.pdb	10.399	27.920	0	12.574
swarm_38_71.pdb	10.964	58.482	0	12.120
swarm_47_11.pdb	18.331	51.215	0	12.105
swarm_22_136.pdb	5.857	33.449	0.027027	12.061
swarm_6_143.pdb	19.057	47.296	0	12.043
swarm_24_68.pdb	19.052	45.383	0	11.904
swarm_23_78.pdb	19.702	36.415	0	11.886
swarm_15_124.pdb	19.102	48.057	0	11.879
swarm_6_4.pdb	9.505	47.599	0	11.339
swarm_39_164.pdb	13.013	22.240	0	11.245
swarm_47_9.pdb	16.300	42.888	0	10.479
swarm_21_58.pdb	11.149	38.476	0	9.509
swarm_9_110.pdb	11.073	29.901	0	3.099
swarm_9_83.pdb	10.012	28.641	0	3.095
swarm_6_196.pdb	13.201	44.496	0	2.536
swarm_25_81.pdb	16.712	43.891	0	2.420
