swarm_29_111.pdb	9.317	25.549	0	29.886
swarm_30_35.pdb	10.846	32.761	0	28.033
swarm_19_145.pdb	6.704	28.474	0.0810811	25.373
swarm_40_34.pdb	8.221	28.732	0	23.613
swarm_36_118.pdb	7.123	27.945	0.027027	21.226
swarm_8_130.pdb	7.705	17.230	0	20.903
swarm_16_155.pdb	5.287	39.211	0.351351	20.884
swarm_22_153.pdb	5.432	36.317	0.324324	20.542
swarm_5_132.pdb	5.904	41.572	0.297297	20.170
swarm_29_66.pdb	8.373	32.478	0	20.050
swarm_17_10.pdb	7.936	48.734	0	19.536
swarm_19_62.pdb	4.838	31.486	0.432432	19.528
swarm_39_146.pdb	6.335	25.166	0.108108	18.940
swarm_25_132.pdb	5.921	42.173	0.243243	18.494
swarm_36_152.pdb	5.035	36.657	0.324324	18.055
swarm_12_23.pdb	4.817	34.889	0.297297	17.364
swarm_39_155.pdb	3.662	18.753	0.189189	16.779
swarm_21_88.pdb	5.502	39.707	0.432432	15.005
swarm_20_139.pdb	9.214	26.715	0	12.626
swarm_5_71.pdb	7.932	37.031	0	9.751
swarm_48_137.pdb	4.146	22.269	0.486486	3.481
swarm_31_151.pdb	4.752	18.395	0.27027	2.571
swarm_40_108.pdb	8.128	33.810	0.108108	1.374
