swarm_5_176.pdb	13.375	33.881	0	47.140
swarm_9_89.pdb	12.816	31.673	0	44.930
swarm_5_25.pdb	9.635	22.951	0	43.338
swarm_5_124.pdb	9.919	37.458	0	41.097
swarm_5_148.pdb	9.641	23.804	0	40.772
swarm_7_48.pdb	10.766	36.760	0	39.890
swarm_1_176.pdb	14.084	33.491	0	38.872
swarm_7_133.pdb	13.593	31.812	0	35.968
swarm_9_82.pdb	14.964	38.780	0	35.836
swarm_3_81.pdb	10.342	29.927	0	35.720
swarm_0_196.pdb	11.425	36.045	0	35.209
swarm_6_59.pdb	11.294	29.728	0	35.112
swarm_6_164.pdb	9.910	19.191	0	35.012
swarm_0_192.pdb	6.930	26.074	0.0810811	34.317
swarm_1_105.pdb	17.204	34.455	0	34.224
swarm_9_119.pdb	12.318	40.218	0	33.812
swarm_1_123.pdb	8.285	24.187	0	33.687
swarm_1_21.pdb	16.545	32.845	0	33.500
swarm_1_186.pdb	13.202	28.135	0	32.992
swarm_5_141.pdb	8.821	19.655	0	32.950
swarm_0_2.pdb	17.566	39.108	0	32.775
swarm_4_115.pdb	10.989	23.929	0	32.143
swarm_2_7.pdb	10.463	24.133	0	31.614
swarm_9_88.pdb	7.901	28.123	0	31.589
swarm_9_133.pdb	6.599	40.205	0.216216	31.456
swarm_2_145.pdb	7.229	13.294	0.027027	31.185
swarm_3_70.pdb	15.098	34.604	0	31.103
swarm_2_87.pdb	13.105	32.969	0	30.218
swarm_8_78.pdb	10.771	29.941	0	29.756
swarm_9_78.pdb	9.273	22.097	0	29.479
swarm_0_89.pdb	6.290	19.429	0	29.455
swarm_5_157.pdb	10.725	31.301	0	29.208
swarm_9_183.pdb	11.041	36.980	0	29.198
swarm_0_143.pdb	18.675	36.534	0	29.106
swarm_3_85.pdb	8.517	27.354	0	28.891
swarm_8_10.pdb	10.937	24.712	0	28.791
swarm_9_173.pdb	16.427	36.644	0	28.212
swarm_9_87.pdb	6.578	22.225	0	28.155
swarm_4_158.pdb	15.778	30.624	0	27.935
swarm_5_2.pdb	6.827	16.868	0	27.926
swarm_8_119.pdb	6.036	13.558	0	27.750
swarm_0_146.pdb	15.695	38.539	0	27.414
swarm_1_133.pdb	15.309	34.301	0	27.254
swarm_4_108.pdb	12.575	29.571	0	27.214
swarm_7_74.pdb	14.768	32.147	0	27.139
swarm_2_33.pdb	11.561	31.138	0	26.784
swarm_2_53.pdb	10.675	27.132	0	26.634
swarm_2_113.pdb	12.432	27.873	0.108108	26.601
swarm_8_11.pdb	8.977	27.881	0.027027	26.554
swarm_8_182.pdb	16.197	30.089	0	26.460
swarm_9_68.pdb	13.110	31.127	0	26.395
swarm_8_194.pdb	11.161	24.912	0	25.984
swarm_7_128.pdb	10.564	27.495	0	25.333
swarm_4_72.pdb	17.108	36.497	0	25.306
swarm_0_156.pdb	9.889	30.416	0	25.238
swarm_7_199.pdb	11.764	25.118	0	25.214
swarm_3_69.pdb	6.800	27.654	0.162162	24.690
swarm_7_146.pdb	11.793	31.721	0	24.640
swarm_1_160.pdb	16.638	30.263	0	24.524
swarm_7_138.pdb	14.123	28.921	0	24.502
swarm_0_131.pdb	14.838	30.378	0	24.407
swarm_3_165.pdb	11.458	31.356	0	24.387
swarm_4_97.pdb	12.813	25.541	0	24.305
swarm_4_26.pdb	9.295	21.410	0	24.253
swarm_3_191.pdb	9.555	29.261	0.162162	24.050
swarm_4_99.pdb	18.636	35.041	0	23.978
swarm_5_23.pdb	14.304	26.389	0	23.816
swarm_2_107.pdb	12.771	32.734	0	23.764
swarm_1_113.pdb	8.196	28.832	0	23.707
swarm_7_124.pdb	16.821	33.057	0	23.657
swarm_1_144.pdb	14.268	32.111	0	23.422
swarm_1_193.pdb	14.633	31.349	0	23.231
swarm_4_132.pdb	16.527	34.007	0	23.092
swarm_6_153.pdb	12.122	37.480	0	22.938
swarm_5_44.pdb	6.261	20.380	0.243243	22.889
swarm_1_76.pdb	17.634	29.921	0	22.848
swarm_4_67.pdb	5.285	20.460	0.162162	22.783
swarm_2_154.pdb	9.127	17.868	0	22.773
swarm_8_176.pdb	13.399	31.271	0	22.438
swarm_8_55.pdb	16.584	29.568	0	22.387
swarm_2_118.pdb	10.469	19.593	0.027027	22.343
swarm_6_76.pdb	5.759	20.182	0.108108	22.315
swarm_4_18.pdb	18.793	32.152	0	22.281
swarm_6_2.pdb	16.434	32.237	0	22.190
swarm_7_198.pdb	15.678	35.888	0	22.050
swarm_3_55.pdb	16.387	33.071	0	21.950
swarm_9_45.pdb	11.617	31.260	0	21.896
swarm_5_10.pdb	9.895	29.869	0	21.837
swarm_6_97.pdb	12.716	21.501	0	21.682
swarm_3_109.pdb	14.318	30.249	0	21.151
swarm_6_129.pdb	13.272	28.833	0	21.033
swarm_6_45.pdb	14.714	28.452	0	20.818
swarm_5_110.pdb	16.767	28.097	0	20.645
swarm_1_128.pdb	13.592	29.153	0	20.557
swarm_9_66.pdb	10.341	26.778	0	20.253
swarm_7_193.pdb	5.291	21.117	0.0540541	20.214
swarm_9_168.pdb	7.566	21.411	0	20.141
swarm_5_138.pdb	7.245	29.705	0.0540541	19.933
swarm_6_144.pdb	19.071	32.402	0	19.799
swarm_0_120.pdb	16.984	28.495	0	19.569
swarm_8_34.pdb	19.522	31.673	0	19.257
swarm_4_42.pdb	12.044	35.426	0	19.062
swarm_3_110.pdb	11.532	34.872	0	18.955
swarm_9_1.pdb	8.760	17.013	0	18.799
swarm_7_109.pdb	11.232	29.126	0.0540541	18.597
swarm_4_112.pdb	17.488	34.291	0	18.582
swarm_7_111.pdb	10.550	26.427	0.027027	18.416
swarm_2_182.pdb	19.066	30.211	0	18.170
swarm_3_115.pdb	19.649	31.260	0	17.956
swarm_4_29.pdb	16.551	34.150	0	17.934
swarm_2_111.pdb	7.412	23.463	0.0540541	17.881
swarm_6_191.pdb	21.085	32.022	0	17.621
swarm_6_183.pdb	18.204	31.255	0	17.516
swarm_9_179.pdb	13.244	36.127	0	17.435
swarm_8_91.pdb	19.125	34.289	0	17.274
swarm_8_175.pdb	16.298	28.668	0	17.145
swarm_4_8.pdb	9.453	32.097	0	17.117
swarm_6_160.pdb	19.060	30.645	0	16.870
swarm_2_93.pdb	12.943	23.458	0.0540541	16.580
swarm_5_192.pdb	11.404	24.355	0	16.142
swarm_6_90.pdb	8.295	18.220	0.027027	15.980
swarm_6_174.pdb	11.379	22.946	0	15.902
swarm_9_8.pdb	14.893	33.142	0	14.104
swarm_1_94.pdb	12.091	26.518	0	13.966
swarm_3_146.pdb	13.790	30.271	0	11.707
swarm_8_57.pdb	13.066	21.790	0	9.997
swarm_4_50.pdb	11.637	25.180	0	8.094
swarm_0_106.pdb	8.156	23.024	0	3.932
swarm_5_169.pdb	8.041	18.989	0	2.353
