swarm_1_199.pdb	19.478	38.054	0	35.278
swarm_42_26.pdb	14.160	36.574	0	30.510
swarm_24_12.pdb	11.826	33.299	0.0540541	30.420
swarm_21_78.pdb	19.205	43.186	0	30.408
swarm_36_125.pdb	9.059	43.850	0.027027	29.516
swarm_23_90.pdb	13.612	36.783	0.027027	29.200
swarm_7_129.pdb	9.681	32.785	0	28.605
swarm_32_140.pdb	14.612	37.574	0	28.165
swarm_34_24.pdb	18.016	40.669	0	28.074
swarm_24_190.pdb	12.498	31.609	0	27.094
swarm_34_54.pdb	14.797	35.174	0	27.021
swarm_0_9.pdb	9.044	42.970	0.0540541	26.804
swarm_37_14.pdb	16.949	45.241	0	26.707
swarm_36_110.pdb	17.280	37.586	0	26.663
swarm_20_24.pdb	12.854	33.175	0	26.268
swarm_42_197.pdb	13.164	38.544	0	26.038
swarm_34_60.pdb	13.584	33.360	0	25.957
swarm_43_138.pdb	9.991	25.084	0	25.534
swarm_24_69.pdb	12.552	41.898	0	25.459
swarm_14_2.pdb	8.099	32.143	0	25.314
swarm_40_119.pdb	16.828	37.603	0	25.224
swarm_7_30.pdb	14.760	36.496	0	25.036
swarm_40_148.pdb	11.189	33.241	0	24.759
swarm_37_190.pdb	14.058	41.131	0	24.757
swarm_36_159.pdb	11.364	48.827	0	24.018
swarm_41_18.pdb	18.749	37.559	0	23.921
swarm_10_157.pdb	17.084	43.391	0	23.676
swarm_40_27.pdb	10.652	36.731	0	23.617
swarm_5_110.pdb	14.597	39.892	0	23.329
swarm_42_59.pdb	19.154	36.186	0	22.993
swarm_21_178.pdb	21.120	40.864	0	22.960
swarm_34_23.pdb	12.598	35.385	0	22.935
swarm_23_108.pdb	12.517	51.459	0.027027	22.706
swarm_20_105.pdb	17.096	42.507	0	22.467
swarm_41_155.pdb	12.732	40.736	0.0540541	22.364
swarm_42_104.pdb	9.529	29.649	0	22.292
swarm_43_103.pdb	9.528	34.750	0	22.190
swarm_20_12.pdb	14.354	50.483	0	21.835
swarm_32_132.pdb	15.725	41.105	0	21.632
swarm_14_36.pdb	11.363	34.357	0	21.603
swarm_10_162.pdb	8.827	53.182	0.0540541	21.426
swarm_42_105.pdb	10.224	19.956	0	21.102
swarm_1_4.pdb	12.896	30.362	0	20.888
swarm_41_40.pdb	12.748	44.669	0.027027	20.719
swarm_37_165.pdb	13.215	41.959	0	20.620
swarm_41_112.pdb	10.805	35.009	0.135135	20.363
swarm_15_174.pdb	13.190	53.234	0	20.238
swarm_23_28.pdb	13.224	40.036	0.189189	20.019
swarm_36_189.pdb	20.053	41.355	0	20.014
swarm_34_195.pdb	14.131	37.351	0	19.821
swarm_44_101.pdb	4.545	30.211	0.189189	19.785
swarm_36_148.pdb	11.362	50.365	0	19.352
swarm_14_26.pdb	12.617	35.470	0	19.216
swarm_24_45.pdb	18.498	40.680	0	19.189
swarm_18_166.pdb	15.191	40.156	0	19.062
swarm_37_173.pdb	14.293	33.089	0	19.051
swarm_20_58.pdb	20.167	42.681	0	19.004
swarm_5_29.pdb	7.119	42.903	0.108108	18.849
swarm_1_99.pdb	19.462	39.036	0	18.801
swarm_32_61.pdb	12.708	39.298	0	18.741
swarm_23_103.pdb	13.516	45.468	0	18.674
swarm_19_51.pdb	21.084	48.007	0	18.582
swarm_9_34.pdb	9.745	38.069	0.027027	18.509
swarm_32_24.pdb	13.669	49.688	0	18.474
swarm_44_141.pdb	8.035	41.246	0.0810811	18.466
swarm_43_67.pdb	12.539	33.834	0.027027	18.372
swarm_20_148.pdb	15.096	38.273	0	18.276
swarm_3_91.pdb	11.853	54.672	0	18.189
swarm_21_63.pdb	13.534	42.636	0	18.065
swarm_20_32.pdb	17.223	39.077	0	17.838
swarm_19_161.pdb	23.191	48.801	0	17.703
swarm_22_39.pdb	10.475	58.477	0	17.311
swarm_11_169.pdb	16.854	43.539	0	17.277
swarm_24_48.pdb	11.610	39.083	0	17.244
swarm_38_41.pdb	22.606	60.665	0	17.131
swarm_21_35.pdb	21.055	43.763	0	17.124
swarm_23_159.pdb	21.483	43.203	0	17.038
swarm_18_56.pdb	16.179	38.290	0	16.945
swarm_19_43.pdb	15.026	39.961	0	16.856
swarm_23_12.pdb	12.859	37.391	0	16.661
swarm_37_10.pdb	11.862	39.311	0	16.532
swarm_0_66.pdb	18.685	39.505	0	16.502
swarm_32_1.pdb	12.904	37.744	0	16.494
swarm_32_66.pdb	9.847	41.053	0	16.389
swarm_9_57.pdb	18.492	39.849	0	16.376
swarm_33_145.pdb	15.541	50.184	0	15.989
swarm_37_160.pdb	20.101	45.472	0	15.318
swarm_5_1.pdb	20.486	44.816	0	15.314
swarm_32_32.pdb	11.681	36.279	0	15.169
swarm_25_30.pdb	20.935	52.678	0	15.162
swarm_11_31.pdb	12.173	57.796	0	14.984
swarm_23_91.pdb	12.167	44.205	0	14.906
swarm_11_119.pdb	14.961	50.035	0	14.807
swarm_32_87.pdb	9.445	33.988	0.027027	14.597
swarm_16_8.pdb	22.149	62.555	0	14.587
swarm_11_117.pdb	12.965	53.063	0	14.560
swarm_24_199.pdb	19.152	46.108	0	14.555
swarm_25_43.pdb	20.971	58.318	0	14.464
swarm_37_178.pdb	12.858	38.683	0	14.370
swarm_15_181.pdb	21.960	48.546	0	14.318
swarm_20_189.pdb	20.306	42.948	0	13.939
swarm_23_52.pdb	11.586	45.663	0	13.862
swarm_22_190.pdb	18.764	52.191	0	13.511
swarm_15_113.pdb	12.724	46.663	0	13.256
swarm_11_175.pdb	10.317	55.729	0.162162	12.619
swarm_5_131.pdb	14.217	45.798	0	12.511
swarm_33_67.pdb	11.028	42.164	0	11.834
swarm_12_82.pdb	13.610	74.459	0	10.616
swarm_2_104.pdb	15.657	59.249	0	8.522
swarm_5_155.pdb	10.797	48.420	0	8.182
swarm_33_34.pdb	14.140	52.478	0	1.578
