swarm_5_50.pdb	2.180	8.759	0.648649	55.203
swarm_2_156.pdb	2.616	12.918	0.432432	55.122
swarm_1_34.pdb	2.837	16.505	0.378378	46.759
swarm_9_142.pdb	4.185	25.633	0.405405	45.743
swarm_0_85.pdb	4.851	25.307	0.297297	44.999
swarm_8_13.pdb	2.033	9.057	0.486486	40.731
swarm_6_191.pdb	2.578	10.936	0.351351	40.272
swarm_5_116.pdb	4.347	23.733	0.297297	40.060
swarm_2_110.pdb	1.686	4.493	0.567568	39.429
swarm_9_61.pdb	6.230	38.195	0.27027	39.345
swarm_3_152.pdb	2.106	11.386	0.648649	38.001
swarm_1_17.pdb	2.479	12.856	0.432432	36.294
swarm_8_51.pdb	2.720	15.893	0.486486	36.268
swarm_4_179.pdb	4.064	24.717	0.297297	34.451
swarm_7_109.pdb	2.844	17.435	0.459459	34.149
swarm_4_194.pdb	3.229	19.932	0.378378	34.128
swarm_3_155.pdb	3.676	21.186	0.324324	33.966
swarm_0_101.pdb	3.338	17.579	0.297297	32.626
swarm_7_5.pdb	4.713	31.933	0.324324	32.051
swarm_6_173.pdb	3.580	22.841	0.72973	24.158
swarm_5_161.pdb	3.090	15.489	0.351351	21.097
swarm_9_168.pdb	5.806	37.750	0.432432	10.930
swarm_8_175.pdb	3.346	17.197	0.891892	6.438
