swarm_23_170.pdb	2.599	10.165	0.621622	38.876
swarm_21_191.pdb	1.537	2.683	0.783784	38.234
swarm_12_27.pdb	4.127	27.785	0.243243	37.363
swarm_15_154.pdb	4.249	28.842	0.297297	36.967
swarm_10_68.pdb	4.969	32.117	0.351351	36.224
swarm_16_183.pdb	3.534	23.369	0.324324	35.472
swarm_12_9.pdb	3.960	22.692	0.405405	34.357
swarm_2_39.pdb	4.366	29.949	0.513514	34.120
swarm_6_4.pdb	5.814	40.995	0.216216	33.346
swarm_14_57.pdb	4.847	34.076	0.162162	33.231
swarm_11_123.pdb	4.766	25.484	0.189189	33.103
swarm_8_83.pdb	4.785	29.029	0.162162	33.025
swarm_9_13.pdb	3.012	17.645	0.324324	32.676
swarm_11_51.pdb	3.208	19.178	0.513514	32.578
swarm_1_181.pdb	4.813	33.722	0.378378	32.360
swarm_5_41.pdb	5.261	36.364	0.351351	32.023
swarm_8_40.pdb	5.056	34.909	0.486486	31.991
swarm_20_42.pdb	1.725	4.374	0.621622	30.985
swarm_5_147.pdb	5.854	40.847	0.189189	30.892
swarm_24_20.pdb	3.271	15.659	0.432432	30.702
swarm_7_49.pdb	4.956	34.983	0.351351	30.690
swarm_21_161.pdb	5.812	14.331	0.0540541	30.637
swarm_14_102.pdb	4.748	33.611	0.513514	30.195
swarm_16_47.pdb	2.134	8.233	0.486486	29.871
swarm_18_109.pdb	4.954	33.780	0.27027	29.557
swarm_13_157.pdb	4.992	27.159	0.243243	29.002
swarm_3_115.pdb	4.757	24.348	0.216216	28.300
swarm_12_20.pdb	4.733	32.394	0.486486	27.917
swarm_17_145.pdb	4.942	31.843	0.27027	27.745
swarm_4_156.pdb	2.709	14.987	0.513514	27.617
swarm_21_111.pdb	3.270	15.319	0.432432	27.608
swarm_8_129.pdb	6.570	32.807	0.135135	27.286
swarm_0_33.pdb	4.872	27.318	0.135135	26.639
swarm_21_139.pdb	3.173	17.620	0.486486	26.200
swarm_9_126.pdb	3.248	17.354	0.513514	26.191
swarm_6_97.pdb	10.198	48.466	0	25.602
swarm_12_19.pdb	2.425	11.971	0.432432	25.459
swarm_22_54.pdb	3.625	17.947	0.405405	24.432
swarm_20_73.pdb	3.250	19.829	0.405405	24.249
swarm_18_195.pdb	5.359	37.423	0.432432	24.021
swarm_23_65.pdb	5.245	24.467	0.216216	23.734
swarm_15_24.pdb	4.462	27.590	0.162162	23.714
swarm_17_198.pdb	3.120	18.165	0.540541	23.649
swarm_1_92.pdb	6.181	32.732	0.216216	23.592
swarm_0_119.pdb	5.036	22.989	0.27027	23.450
swarm_24_52.pdb	4.579	24.498	0.243243	22.141
swarm_16_6.pdb	3.611	19.905	0.432432	21.694
swarm_15_159.pdb	4.049	15.190	0.216216	20.881
swarm_4_38.pdb	3.653	20.696	0.459459	20.164
swarm_0_162.pdb	4.368	21.766	0.405405	19.579
swarm_13_6.pdb	4.607	29.343	0.297297	19.573
swarm_17_189.pdb	3.629	20.843	0.297297	19.333
swarm_22_126.pdb	7.180	20.280	0.0540541	17.040
swarm_25_106.pdb	4.871	30.994	0.324324	16.831
swarm_19_155.pdb	5.568	33.425	0.189189	16.748
swarm_2_150.pdb	6.985	25.741	0.135135	14.956
swarm_20_49.pdb	5.356	14.581	0.027027	14.266
swarm_24_175.pdb	8.415	23.745	0	13.890
swarm_5_199.pdb	4.872	33.027	0.243243	13.073
swarm_7_182.pdb	9.533	41.843	0	12.981
swarm_5_75.pdb	9.268	38.836	0	12.334
swarm_8_74.pdb	5.899	21.044	0.0810811	11.581
swarm_18_48.pdb	8.916	39.114	0	8.711
swarm_15_7.pdb	6.388	24.829	0.108108	8.331
swarm_18_30.pdb	6.873	25.433	0.135135	2.293
