swarm_40_43.pdb	15.722	42.750	0	29.852
swarm_24_147.pdb	15.040	41.470	0	28.606
swarm_40_0.pdb	16.394	40.896	0	28.366
swarm_33_120.pdb	13.434	34.491	0	27.623
swarm_37_32.pdb	11.172	27.468	0	27.087
swarm_11_48.pdb	12.343	27.810	0	26.447
swarm_47_153.pdb	17.964	44.649	0	26.201
swarm_8_168.pdb	12.148	47.271	0	26.141
swarm_2_44.pdb	11.402	35.205	0	26.016
swarm_19_150.pdb	18.674	49.708	0	25.900
swarm_26_64.pdb	16.819	42.446	0	25.777
swarm_29_51.pdb	11.463	63.911	0	25.590
swarm_18_119.pdb	12.329	46.238	0	25.482
swarm_27_152.pdb	13.453	33.703	0	25.319
swarm_7_39.pdb	9.294	33.294	0	25.259
swarm_7_99.pdb	7.557	41.279	0.0540541	24.817
swarm_21_183.pdb	17.986	57.955	0	24.293
swarm_31_189.pdb	13.842	36.392	0	24.290
swarm_33_50.pdb	12.948	38.314	0	24.145
swarm_7_7.pdb	13.153	44.780	0	24.068
swarm_10_93.pdb	15.107	37.642	0	23.923
swarm_33_123.pdb	13.616	34.889	0	23.909
swarm_7_44.pdb	12.256	47.859	0	23.675
swarm_36_164.pdb	12.022	41.204	0	23.409
swarm_35_56.pdb	16.476	46.532	0	22.965
swarm_40_176.pdb	8.932	32.835	0	22.759
swarm_46_134.pdb	12.878	24.125	0	22.691
swarm_38_28.pdb	18.524	56.258	0	22.410
swarm_40_179.pdb	16.252	37.880	0	22.400
swarm_7_139.pdb	12.612	43.763	0	22.377
swarm_36_11.pdb	12.376	26.619	0.027027	22.337
swarm_33_164.pdb	13.663	38.082	0	22.299
swarm_33_75.pdb	10.480	41.003	0	22.276
swarm_18_19.pdb	13.790	55.148	0	21.884
swarm_46_161.pdb	12.299	28.569	0	21.840
swarm_35_187.pdb	17.702	46.156	0	21.757
swarm_31_185.pdb	13.168	37.360	0	21.691
swarm_43_116.pdb	13.275	28.502	0	21.456
swarm_27_40.pdb	13.341	38.922	0	21.402
swarm_45_196.pdb	9.775	30.690	0	21.175
swarm_10_21.pdb	8.804	23.806	0	21.116
swarm_37_14.pdb	12.292	28.891	0	21.039
swarm_35_175.pdb	18.358	42.284	0	21.009
swarm_4_75.pdb	21.333	58.995	0	20.980
swarm_31_121.pdb	9.754	26.407	0	20.768
swarm_45_78.pdb	11.566	41.548	0.027027	20.705
swarm_18_182.pdb	9.765	51.595	0.0810811	20.591
swarm_28_61.pdb	14.979	53.697	0	20.578
swarm_24_52.pdb	7.618	41.563	0	20.555
swarm_48_113.pdb	18.630	49.970	0	20.403
swarm_10_33.pdb	14.636	37.499	0	20.353
swarm_47_100.pdb	17.459	50.483	0	20.096
swarm_8_173.pdb	14.960	46.903	0	20.087
swarm_35_43.pdb	15.805	40.242	0	20.056
swarm_43_71.pdb	10.219	46.369	0.0540541	20.051
swarm_31_182.pdb	9.177	29.485	0.108108	19.958
swarm_28_118.pdb	20.673	55.495	0	19.890
swarm_8_29.pdb	12.284	44.473	0	19.774
swarm_40_142.pdb	11.263	43.377	0	19.746
swarm_36_100.pdb	13.542	42.196	0	19.746
swarm_45_21.pdb	14.840	36.560	0	19.688
swarm_18_65.pdb	16.159	45.817	0	19.686
swarm_11_139.pdb	11.413	37.354	0	19.603
swarm_38_116.pdb	11.791	60.154	0	19.490
swarm_41_53.pdb	11.447	37.230	0	19.369
swarm_46_81.pdb	8.512	28.586	0	19.359
swarm_7_118.pdb	16.733	39.393	0	19.320
swarm_46_54.pdb	15.820	35.851	0	19.264
swarm_45_192.pdb	8.337	31.675	0.027027	19.250
swarm_25_110.pdb	14.374	36.194	0	19.232
swarm_38_140.pdb	17.533	45.362	0	19.195
swarm_48_136.pdb	18.381	55.898	0	19.156
swarm_39_193.pdb	15.158	34.373	0	19.032
swarm_24_43.pdb	12.391	35.416	0	18.917
swarm_26_141.pdb	12.336	41.214	0	18.892
swarm_46_101.pdb	12.074	38.390	0	18.859
swarm_20_180.pdb	14.786	34.396	0	18.814
swarm_25_63.pdb	8.867	36.527	0.0540541	18.766
swarm_36_144.pdb	12.668	38.779	0	18.729
swarm_35_171.pdb	13.984	30.665	0	18.660
swarm_47_108.pdb	13.610	54.663	0	18.342
swarm_25_165.pdb	18.421	39.574	0	18.297
swarm_8_16.pdb	20.406	46.253	0	18.252
swarm_20_146.pdb	15.442	38.891	0	18.202
swarm_25_194.pdb	14.695	31.592	0	18.191
swarm_2_25.pdb	10.574	24.022	0	18.032
swarm_42_119.pdb	18.580	43.461	0	17.957
swarm_20_45.pdb	13.612	34.809	0	17.940
swarm_47_58.pdb	13.410	55.151	0	17.877
swarm_8_3.pdb	16.007	46.064	0	17.810
swarm_20_133.pdb	10.510	41.969	0	17.775
swarm_31_141.pdb	14.290	27.956	0	17.757
swarm_26_178.pdb	14.611	32.732	0	17.609
swarm_33_197.pdb	14.466	36.531	0	17.601
swarm_27_11.pdb	18.199	46.045	0	17.562
swarm_46_126.pdb	4.365	20.732	0.0810811	17.505
swarm_28_55.pdb	18.394	46.974	0	17.495
swarm_46_49.pdb	9.952	30.051	0	17.479
swarm_36_108.pdb	14.829	42.063	0	17.461
swarm_45_140.pdb	14.903	51.217	0	17.178
swarm_10_177.pdb	9.300	30.482	0	17.161
swarm_24_189.pdb	17.857	45.021	0	17.117
swarm_17_100.pdb	19.859	42.521	0	17.062
swarm_49_133.pdb	9.932	28.753	0	17.059
swarm_25_8.pdb	17.383	44.265	0	17.023
swarm_17_126.pdb	9.625	51.923	0.027027	17.017
swarm_24_95.pdb	18.569	44.791	0	17.010
swarm_8_145.pdb	6.190	42.774	0.162162	17.009
swarm_37_130.pdb	13.353	39.442	0.027027	16.941
swarm_7_50.pdb	18.360	47.737	0	16.922
swarm_0_195.pdb	18.151	38.606	0	16.892
swarm_7_26.pdb	16.170	40.843	0	16.876
swarm_17_142.pdb	17.825	39.809	0	16.870
swarm_20_28.pdb	15.783	36.875	0	16.845
swarm_41_12.pdb	13.833	34.094	0	16.791
swarm_30_105.pdb	14.720	45.348	0	16.777
swarm_45_119.pdb	10.033	39.647	0	16.703
swarm_28_106.pdb	21.726	53.218	0	16.673
swarm_36_143.pdb	6.237	26.622	0.243243	16.621
swarm_19_179.pdb	13.058	61.943	0	16.617
swarm_8_19.pdb	13.138	46.193	0	16.571
swarm_33_159.pdb	7.539	31.713	0.135135	16.564
swarm_33_6.pdb	12.799	32.862	0	16.541
swarm_17_117.pdb	17.597	53.788	0	16.491
swarm_25_98.pdb	18.592	39.099	0	16.404
swarm_17_56.pdb	15.113	40.805	0	16.382
swarm_41_73.pdb	14.318	33.651	0	16.220
swarm_18_32.pdb	18.212	41.972	0	16.160
swarm_23_176.pdb	9.542	34.117	0.0540541	16.077
swarm_31_30.pdb	12.969	42.550	0	16.067
swarm_26_92.pdb	19.804	43.809	0	16.008
swarm_27_145.pdb	7.464	33.379	0	15.938
swarm_45_95.pdb	17.274	39.140	0	15.935
swarm_49_180.pdb	13.091	32.522	0	15.927
swarm_47_19.pdb	19.150	49.860	0	15.899
swarm_31_135.pdb	18.552	35.592	0	15.760
swarm_36_62.pdb	13.594	29.910	0	15.736
swarm_46_26.pdb	7.842	18.924	0.027027	15.735
swarm_25_187.pdb	11.860	40.143	0	15.734
swarm_24_161.pdb	17.111	41.855	0	15.680
swarm_27_171.pdb	14.881	39.553	0	15.640
swarm_26_7.pdb	12.959	42.329	0	15.634
swarm_24_58.pdb	12.271	36.475	0	15.583
swarm_18_21.pdb	19.327	47.535	0	15.482
swarm_45_81.pdb	11.615	40.869	0	15.467
swarm_39_22.pdb	12.140	24.191	0	15.397
swarm_37_198.pdb	16.438	32.471	0	15.388
swarm_37_0.pdb	18.696	35.541	0	15.283
swarm_40_15.pdb	19.441	44.151	0	15.253
swarm_20_199.pdb	16.886	42.059	0	15.212
swarm_0_188.pdb	16.064	37.376	0	15.177
swarm_43_145.pdb	17.411	36.839	0	15.035
swarm_10_132.pdb	11.488	37.596	0.0540541	15.031
swarm_17_181.pdb	12.598	52.838	0	15.003
swarm_45_101.pdb	13.489	38.405	0	14.927
swarm_39_192.pdb	11.558	29.502	0	14.869
swarm_17_128.pdb	16.728	45.691	0	14.714
swarm_9_17.pdb	14.312	57.938	0	14.474
swarm_24_57.pdb	17.976	41.770	0	14.372
swarm_41_104.pdb	17.571	37.679	0	14.361
swarm_49_178.pdb	11.140	25.823	0.216216	14.326
swarm_27_179.pdb	16.268	42.822	0	14.293
swarm_10_64.pdb	13.660	42.853	0	14.280
swarm_46_131.pdb	13.607	26.457	0	14.210
swarm_33_145.pdb	8.590	41.539	0.0810811	14.140
swarm_21_135.pdb	19.929	56.640	0	14.103
swarm_37_28.pdb	16.329	37.171	0	13.881
swarm_45_149.pdb	19.390	41.769	0	13.802
swarm_36_196.pdb	12.874	28.736	0	13.725
swarm_40_163.pdb	12.391	36.594	0	13.592
swarm_7_110.pdb	9.991	32.859	0	13.575
swarm_41_181.pdb	17.442	40.896	0	13.542
swarm_37_117.pdb	14.101	31.568	0	13.488
swarm_4_9.pdb	25.160	66.926	0	13.461
swarm_48_48.pdb	22.959	57.094	0	13.454
swarm_35_173.pdb	10.399	42.742	0	13.443
swarm_48_161.pdb	16.023	63.660	0	13.442
swarm_28_80.pdb	13.807	52.744	0	13.418
swarm_36_40.pdb	19.328	41.233	0	13.406
swarm_43_108.pdb	18.641	40.078	0	13.382
swarm_26_184.pdb	12.762	44.340	0	13.247
swarm_17_5.pdb	12.004	46.943	0	13.205
swarm_37_52.pdb	12.538	34.421	0	13.112
swarm_47_81.pdb	8.593	49.920	0.027027	13.092
swarm_41_30.pdb	18.399	39.032	0	12.970
swarm_31_80.pdb	14.565	39.955	0	12.963
swarm_40_36.pdb	14.272	50.218	0.027027	12.924
swarm_0_62.pdb	12.368	38.939	0	12.906
swarm_9_26.pdb	16.966	53.975	0	12.905
swarm_28_88.pdb	11.111	55.423	0.0540541	12.900
swarm_44_26.pdb	13.918	35.411	0	12.867
swarm_46_192.pdb	14.844	35.738	0	12.802
swarm_35_163.pdb	16.779	47.927	0	12.759
swarm_26_193.pdb	19.373	43.283	0	12.671
swarm_45_2.pdb	6.546	41.429	0	12.589
swarm_20_169.pdb	12.585	38.961	0	12.448
swarm_37_59.pdb	8.813	20.452	0	12.427
swarm_36_148.pdb	14.596	41.958	0	12.418
swarm_8_83.pdb	16.512	50.988	0	12.320
swarm_20_116.pdb	13.887	31.673	0	12.238
swarm_9_30.pdb	14.335	56.344	0	11.821
swarm_17_169.pdb	12.056	53.917	0	11.588
swarm_37_31.pdb	13.733	33.328	0	11.547
swarm_46_108.pdb	8.738	26.929	0.135135	11.469
swarm_17_51.pdb	21.870	53.394	0	10.815
swarm_37_68.pdb	10.864	24.038	0	10.528
swarm_2_66.pdb	12.101	30.591	0	10.307
swarm_24_77.pdb	15.318	38.440	0	10.277
swarm_7_180.pdb	12.700	26.779	0	10.164
swarm_21_146.pdb	12.457	62.614	0	10.074
swarm_9_46.pdb	14.892	59.637	0	9.944
swarm_10_198.pdb	9.276	23.974	0	8.319
swarm_48_177.pdb	12.513	65.174	0	7.318
swarm_39_72.pdb	12.065	29.074	0.216216	7.002
swarm_16_45.pdb	17.196	46.250	0	5.634
swarm_43_113.pdb	19.280	43.091	0	2.606
swarm_41_78.pdb	13.428	37.511	0	0.624
