swarm_11_124.pdb	2.519	13.757	0.405405	36.844
swarm_13_178.pdb	3.904	16.679	0.162162	36.583
swarm_4_152.pdb	6.786	30.352	0.135135	36.522
swarm_25_152.pdb	8.397	29.416	0	36.411
swarm_18_52.pdb	8.813	34.458	0	35.396
swarm_9_97.pdb	1.613	2.087	0.72973	33.953
swarm_27_74.pdb	1.758	5.409	0.72973	33.718
swarm_38_93.pdb	2.701	13.667	0.702703	33.324
swarm_34_53.pdb	4.563	24.855	0.135135	33.117
swarm_36_21.pdb	5.180	28.704	0.162162	32.576
swarm_11_179.pdb	8.160	27.873	0	32.301
swarm_23_5.pdb	4.881	27.982	0.243243	32.236
swarm_36_2.pdb	2.478	10.002	0.648649	32.218
swarm_12_73.pdb	8.158	28.025	0	32.021
swarm_16_69.pdb	5.329	35.778	0.432432	31.485
swarm_44_157.pdb	4.693	25.756	0.216216	31.192
swarm_19_171.pdb	8.305	28.531	0	31.142
swarm_26_59.pdb	5.164	34.308	0.324324	30.535
swarm_4_60.pdb	3.515	19.621	0.513514	30.300
swarm_25_89.pdb	4.968	31.860	0.513514	29.808
swarm_44_92.pdb	6.119	31.133	0.0810811	29.575
swarm_32_6.pdb	3.326	21.776	0.378378	29.408
swarm_31_64.pdb	5.194	35.113	0.432432	29.340
swarm_28_166.pdb	2.227	6.782	0.702703	29.301
swarm_46_176.pdb	10.297	21.916	0	29.056
swarm_31_88.pdb	3.450	23.586	0.405405	27.784
swarm_28_54.pdb	3.938	22.903	0.405405	27.729
swarm_13_57.pdb	7.570	27.001	0.0540541	27.618
swarm_16_149.pdb	4.283	25.223	0.162162	27.414
swarm_29_107.pdb	4.806	26.824	0.189189	27.213
swarm_21_54.pdb	5.203	38.252	0.405405	27.146
swarm_11_41.pdb	4.654	22.742	0.243243	26.940
swarm_19_175.pdb	6.241	33.114	0.108108	26.662
swarm_25_44.pdb	6.251	30.357	0.162162	26.647
swarm_19_177.pdb	5.018	29.521	0.0810811	26.545
swarm_29_81.pdb	8.536	24.020	0	26.487
swarm_0_167.pdb	8.789	25.709	0	26.311
swarm_21_102.pdb	3.873	24.929	0.297297	25.796
swarm_29_139.pdb	6.558	30.901	0.0810811	25.648
swarm_8_173.pdb	5.381	34.134	0.297297	25.594
swarm_20_76.pdb	3.541	18.271	0.27027	25.366
swarm_15_194.pdb	5.116	36.591	0.297297	25.275
swarm_0_141.pdb	10.033	26.410	0	25.138
swarm_25_38.pdb	5.235	28.712	0.0540541	24.935
swarm_33_36.pdb	2.297	5.262	0.486486	24.891
swarm_8_168.pdb	8.413	34.374	0	24.805
swarm_18_154.pdb	6.342	40.888	0.297297	24.786
swarm_38_74.pdb	8.661	20.053	0	24.270
swarm_34_76.pdb	8.273	28.102	0	24.222
swarm_36_147.pdb	7.936	21.393	0	24.186
swarm_3_97.pdb	5.526	40.841	0.351351	24.055
swarm_4_156.pdb	4.634	31.684	0.432432	23.883
swarm_45_149.pdb	7.879	20.085	0	23.854
swarm_30_187.pdb	5.828	33.264	0.162162	23.779
swarm_36_26.pdb	4.569	25.779	0.243243	23.724
swarm_30_136.pdb	8.284	22.481	0	23.692
swarm_14_120.pdb	9.009	33.183	0	23.597
swarm_38_58.pdb	1.759	6.099	0.621622	23.541
swarm_3_22.pdb	6.562	28.546	0.135135	23.452
swarm_23_183.pdb	8.634	27.649	0	23.424
swarm_5_157.pdb	5.338	32.688	0.0810811	23.314
swarm_18_107.pdb	9.227	31.598	0	23.302
swarm_30_80.pdb	4.078	25.402	0.135135	23.133
swarm_2_163.pdb	4.225	22.669	0.243243	23.117
swarm_3_1.pdb	4.361	31.846	0.378378	23.031
swarm_22_64.pdb	5.526	39.892	0.297297	22.835
swarm_12_150.pdb	6.839	33.883	0	22.680
swarm_37_190.pdb	4.194	27.303	0.405405	22.566
swarm_17_39.pdb	11.169	42.612	0	22.471
swarm_12_10.pdb	8.461	24.966	0	22.437
swarm_12_39.pdb	4.778	24.734	0.243243	22.289
swarm_43_139.pdb	8.266	20.324	0	22.288
swarm_13_81.pdb	7.325	17.618	0	22.274
swarm_0_174.pdb	10.042	21.076	0	22.110
swarm_11_44.pdb	9.651	21.777	0	22.073
swarm_14_196.pdb	6.806	42.584	0	21.975
swarm_4_35.pdb	3.472	20.312	0.189189	21.689
swarm_27_12.pdb	3.314	15.707	0.513514	21.372
swarm_39_144.pdb	6.663	38.853	0.0540541	21.354
swarm_8_25.pdb	8.048	26.570	0	21.309
swarm_10_89.pdb	3.065	18.567	0.621622	21.204
swarm_28_69.pdb	8.637	20.407	0	21.126
swarm_0_108.pdb	6.485	38.778	0.189189	21.125
swarm_6_143.pdb	2.618	15.594	0.594595	21.095
swarm_24_135.pdb	6.243	35.690	0.027027	21.033
swarm_1_63.pdb	7.470	23.595	0	20.952
swarm_3_53.pdb	7.084	41.857	0.027027	20.918
swarm_46_47.pdb	5.612	26.024	0.108108	20.834
swarm_9_84.pdb	7.605	19.072	0	20.705
swarm_7_98.pdb	4.852	31.089	0.351351	20.669
swarm_41_45.pdb	6.218	37.350	0.135135	20.354
swarm_24_98.pdb	5.237	38.558	0.405405	20.335
swarm_27_47.pdb	7.444	16.785	0	20.329
swarm_37_133.pdb	7.168	37.629	0	20.195
swarm_26_14.pdb	9.224	26.646	0	20.181
swarm_5_108.pdb	8.498	31.026	0	20.128
swarm_13_107.pdb	5.549	27.713	0.162162	20.063
swarm_27_178.pdb	3.776	20.887	0.459459	19.824
swarm_45_181.pdb	8.399	14.802	0	19.778
swarm_40_21.pdb	4.990	28.423	0.405405	19.188
swarm_33_144.pdb	3.744	25.668	0.432432	19.051
swarm_21_122.pdb	6.323	37.915	0	18.989
swarm_25_118.pdb	8.667	23.094	0	18.912
swarm_35_1.pdb	4.349	26.830	0.27027	18.886
swarm_15_121.pdb	3.733	25.213	0.351351	18.720
swarm_20_37.pdb	8.030	21.503	0	18.703
swarm_34_35.pdb	3.684	19.944	0.459459	18.674
swarm_9_73.pdb	2.616	9.622	0.405405	18.638
swarm_17_108.pdb	10.492	33.190	0	18.398
swarm_32_118.pdb	3.654	26.210	0.459459	18.308
swarm_11_29.pdb	4.592	24.012	0.351351	18.243
swarm_32_13.pdb	5.278	21.832	0.162162	18.204
swarm_35_55.pdb	2.307	8.074	0.432432	18.119
swarm_19_104.pdb	5.665	29.575	0.243243	17.982
swarm_42_119.pdb	10.278	42.105	0	17.929
swarm_40_186.pdb	6.106	31.865	0.027027	17.825
swarm_29_135.pdb	4.169	23.829	0.378378	17.777
swarm_4_121.pdb	9.857	23.870	0	17.626
swarm_22_71.pdb	8.064	45.639	0	17.602
swarm_4_87.pdb	6.360	23.566	0.0540541	17.402
swarm_14_119.pdb	6.339	32.888	0.162162	17.368
swarm_11_54.pdb	7.262	14.161	0	17.235
swarm_10_33.pdb	5.787	25.363	0.216216	17.216
swarm_8_176.pdb	8.913	18.966	0	17.058
swarm_20_192.pdb	5.156	27.575	0.324324	16.967
swarm_32_32.pdb	6.568	26.124	0.108108	16.955
swarm_11_39.pdb	5.701	28.573	0.135135	16.742
swarm_28_93.pdb	8.788	16.468	0	16.728
swarm_29_131.pdb	6.916	14.562	0	16.455
swarm_13_6.pdb	6.283	29.530	0.162162	15.997
swarm_46_138.pdb	7.302	18.457	0	15.974
swarm_31_196.pdb	5.890	23.981	0.162162	15.535
swarm_35_13.pdb	6.021	27.835	0.162162	15.533
swarm_23_50.pdb	8.875	27.915	0	15.198
swarm_27_59.pdb	6.112	28.783	0.189189	14.931
swarm_40_141.pdb	5.401	28.506	0.297297	14.793
swarm_32_11.pdb	6.141	33.334	0.27027	14.707
swarm_2_28.pdb	6.964	14.964	0	14.539
swarm_34_146.pdb	7.086	26.974	0.0810811	14.133
swarm_9_82.pdb	7.441	19.647	0	13.956
swarm_5_4.pdb	6.176	31.031	0.243243	13.918
swarm_40_135.pdb	8.427	27.609	0	13.597
swarm_7_108.pdb	7.303	23.036	0.0810811	13.476
swarm_38_151.pdb	5.509	9.785	0.0540541	13.305
swarm_39_155.pdb	6.501	30.656	0.135135	13.122
swarm_15_197.pdb	6.905	28.381	0.108108	12.849
swarm_6_114.pdb	6.578	12.394	0.027027	12.486
swarm_41_169.pdb	6.718	38.173	0.324324	11.923
swarm_25_78.pdb	5.419	19.431	0.0540541	11.867
swarm_36_178.pdb	5.365	15.365	0.135135	11.603
swarm_6_16.pdb	7.292	22.863	0	11.469
swarm_6_87.pdb	3.658	25.547	0.567568	10.972
swarm_9_145.pdb	6.192	10.211	0.0540541	10.857
swarm_43_102.pdb	9.319	34.429	0	10.840
swarm_45_14.pdb	9.726	26.343	0	10.721
swarm_21_175.pdb	5.623	24.324	0.162162	10.039
swarm_15_56.pdb	6.967	36.093	0.216216	9.332
swarm_8_17.pdb	7.695	27.764	0	8.171
swarm_37_78.pdb	8.129	27.560	0.027027	6.935
swarm_32_155.pdb	4.723	17.326	0.162162	6.593
swarm_6_145.pdb	3.703	20.258	0.513514	6.312
swarm_27_39.pdb	7.810	20.878	0.027027	4.939
swarm_13_183.pdb	4.255	17.256	0.216216	3.087
swarm_9_116.pdb	5.523	16.570	0.108108	2.115
swarm_34_14.pdb	6.238	39.185	0.135135	1.300
swarm_24_115.pdb	8.220	28.425	0.0540541	1.000
