swarm_8_35.pdb	1.995	4.301	0.446429	60.058
swarm_0_89.pdb	2.505	5.369	0.339286	59.504
swarm_1_10.pdb	2.190	4.605	0.303571	59.234
swarm_7_1.pdb	2.534	2.590	0.303571	56.263
swarm_4_161.pdb	5.688	18.759	0.0357143	55.398
swarm_2_142.pdb	6.799	22.654	0.0714286	46.498
swarm_3_130.pdb	2.949	4.739	0.25	44.026
swarm_6_85.pdb	5.407	15.611	0.107143	40.706
swarm_9_6.pdb	5.807	14.511	0.196429	40.072
swarm_2_25.pdb	4.025	11.645	0.214286	36.391
swarm_4_158.pdb	3.388	8.338	0.25	33.367
swarm_8_129.pdb	4.578	12.441	0.107143	32.679
swarm_1_175.pdb	3.597	8.892	0.339286	29.931
swarm_5_48.pdb	6.673	28.038	0.0714286	27.050
swarm_3_31.pdb	4.524	12.808	0.0892857	26.656
swarm_9_130.pdb	5.007	13.064	0.160714	24.152
swarm_6_102.pdb	5.733	14.502	0.142857	22.131
swarm_9_168.pdb	3.044	4.557	0.303571	20.004
swarm_5_105.pdb	5.192	14.755	0.232143	10.382
