swarm_22_145.pdb	10.797	42.308	0	33.850
swarm_32_51.pdb	11.789	49.833	0	30.438
swarm_59_4.pdb	15.237	50.890	0	30.379
swarm_60_197.pdb	10.806	49.364	0	29.862
swarm_1_94.pdb	11.231	21.617	0.0892857	29.504
swarm_51_147.pdb	15.261	49.924	0	28.939
swarm_32_186.pdb	15.026	49.610	0	28.511
swarm_12_116.pdb	9.292	22.127	0.0535714	28.394
swarm_65_131.pdb	13.994	41.579	0	28.081
swarm_49_31.pdb	10.911	49.123	0	28.035
swarm_35_114.pdb	9.943	43.125	0	27.967
swarm_36_157.pdb	10.541	41.476	0	27.339
swarm_34_114.pdb	14.023	25.317	0.0714286	27.291
swarm_40_96.pdb	15.182	51.023	0	27.134
swarm_25_125.pdb	15.798	54.723	0	26.841
swarm_61_42.pdb	11.819	47.030	0	26.730
swarm_44_57.pdb	11.864	34.583	0.0178571	26.329
swarm_0_113.pdb	14.285	42.905	0	25.881
swarm_16_189.pdb	11.230	22.498	0.0535714	25.793
swarm_6_150.pdb	14.007	42.234	0	24.827
swarm_36_156.pdb	12.459	38.217	0	24.704
swarm_33_32.pdb	10.985	49.118	0	24.641
swarm_0_29.pdb	17.430	43.932	0	24.196
swarm_11_70.pdb	5.260	12.873	0.232143	24.038
swarm_6_64.pdb	9.734	42.468	0.0178571	23.934
swarm_43_33.pdb	13.205	21.447	0	23.908
swarm_71_60.pdb	9.745	28.373	0.0714286	23.729
swarm_44_144.pdb	12.658	32.201	0	23.570
swarm_63_105.pdb	9.480	32.402	0.0357143	23.276
swarm_19_40.pdb	8.480	29.195	0.125	22.988
swarm_44_140.pdb	12.604	38.739	0	22.855
swarm_19_134.pdb	7.719	30.416	0.0178571	22.771
swarm_43_57.pdb	8.548	17.894	0.0357143	22.718
swarm_70_180.pdb	5.167	12.811	0.125	22.394
swarm_1_119.pdb	13.766	21.898	0	22.137
swarm_44_142.pdb	11.767	36.513	0	21.892
swarm_5_76.pdb	7.013	25.365	0.0535714	21.870
swarm_36_151.pdb	15.663	39.457	0	21.745
swarm_19_69.pdb	10.699	32.233	0.0178571	21.725
swarm_29_152.pdb	9.928	22.798	0.0714286	21.683
swarm_69_186.pdb	12.051	41.696	0	21.664
swarm_12_41.pdb	12.660	29.461	0.0178571	21.664
swarm_22_78.pdb	12.926	42.312	0	21.663
swarm_48_127.pdb	12.043	33.537	0	21.587
swarm_48_171.pdb	9.145	31.227	0.0535714	21.583
swarm_45_28.pdb	13.785	26.548	0.0714286	21.389
swarm_70_146.pdb	11.135	26.874	0.107143	21.276
swarm_17_99.pdb	11.105	24.250	0.0535714	21.225
swarm_61_93.pdb	15.489	51.084	0	21.092
swarm_4_175.pdb	16.600	50.216	0	21.086
swarm_48_91.pdb	12.413	36.627	0	21.045
swarm_52_83.pdb	12.315	34.362	0	20.950
swarm_14_80.pdb	9.369	18.803	0.0892857	20.808
swarm_26_141.pdb	11.032	37.154	0	20.712
swarm_6_125.pdb	11.045	40.135	0	20.499
swarm_54_83.pdb	9.938	25.086	0.0535714	20.389
swarm_34_140.pdb	12.292	21.057	0	20.386
swarm_1_127.pdb	3.437	7.339	0.446429	20.375
swarm_0_78.pdb	17.641	53.511	0	20.369
swarm_48_35.pdb	11.978	32.780	0.0535714	20.127
swarm_71_84.pdb	8.922	21.036	0.0535714	20.100
swarm_50_134.pdb	7.443	23.109	0.125	20.071
swarm_13_177.pdb	8.658	21.558	0.0535714	20.034
swarm_48_191.pdb	11.814	31.812	0	20.015
swarm_54_73.pdb	9.400	20.723	0.0714286	19.931
swarm_46_170.pdb	10.133	28.398	0.0892857	19.921
swarm_65_156.pdb	15.079	39.012	0	19.724
swarm_14_81.pdb	10.663	24.114	0.0357143	19.684
swarm_44_39.pdb	11.519	38.163	0	19.622
swarm_12_57.pdb	12.841	30.707	0.0357143	19.521
swarm_26_62.pdb	15.826	38.885	0	19.439
swarm_18_121.pdb	7.764	27.471	0.0357143	19.420
swarm_61_87.pdb	18.779	54.429	0	19.362
swarm_14_161.pdb	7.281	15.491	0.0714286	19.287
swarm_61_176.pdb	17.814	45.842	0	19.280
swarm_15_12.pdb	13.915	26.202	0	19.229
swarm_65_51.pdb	15.481	41.350	0	19.074
swarm_16_81.pdb	12.910	19.858	0	18.979
swarm_19_199.pdb	14.587	39.538	0	18.809
swarm_46_141.pdb	7.770	29.840	0.0357143	18.697
swarm_22_58.pdb	20.180	52.750	0	18.691
swarm_65_58.pdb	14.373	43.710	0	18.524
swarm_26_69.pdb	14.210	37.920	0	18.458
swarm_71_88.pdb	13.325	30.223	0.0357143	18.308
swarm_50_88.pdb	14.972	31.017	0	18.284
swarm_73_33.pdb	10.096	34.431	0	18.034
swarm_53_183.pdb	12.014	40.416	0	17.907
swarm_65_160.pdb	12.962	41.578	0	17.414
swarm_65_47.pdb	16.437	48.168	0	17.334
swarm_52_18.pdb	8.116	22.621	0.0535714	17.204
swarm_0_165.pdb	15.259	43.233	0	17.060
swarm_36_16.pdb	13.440	40.257	0	17.040
swarm_61_123.pdb	18.449	51.047	0	16.907
swarm_45_18.pdb	15.345	25.172	0	16.826
swarm_55_156.pdb	5.194	16.152	0.339286	16.746
swarm_72_64.pdb	14.748	33.226	0	16.744
swarm_18_194.pdb	8.726	35.919	0.0357143	16.642
swarm_48_110.pdb	11.103	35.585	0.0178571	16.476
swarm_35_108.pdb	19.454	49.445	0	16.463
swarm_36_52.pdb	12.844	44.894	0	16.432
swarm_34_41.pdb	11.778	27.405	0.0714286	16.148
swarm_50_193.pdb	10.664	28.898	0	15.898
swarm_6_76.pdb	13.989	43.243	0	15.895
swarm_59_154.pdb	20.388	53.840	0	15.878
swarm_15_74.pdb	12.019	24.752	0	15.721
swarm_44_10.pdb	14.403	36.162	0	15.419
swarm_50_145.pdb	15.071	26.014	0	15.388
swarm_9_162.pdb	6.930	20.096	0.0714286	15.329
swarm_72_15.pdb	13.183	29.519	0	15.269
swarm_14_165.pdb	10.676	20.811	0	15.170
swarm_50_129.pdb	7.578	21.194	0.0535714	14.374
swarm_43_10.pdb	15.551	24.913	0.0178571	14.288
swarm_33_113.pdb	16.877	49.858	0	14.260
swarm_50_70.pdb	9.065	25.190	0	14.079
swarm_36_69.pdb	17.329	39.142	0	14.027
swarm_72_24.pdb	10.307	26.321	0.0535714	13.979
swarm_18_197.pdb	16.013	38.757	0	13.862
swarm_50_1.pdb	11.593	26.957	0	13.827
swarm_50_98.pdb	9.581	24.566	0	13.810
swarm_27_162.pdb	16.505	38.851	0	13.686
swarm_46_150.pdb	9.790	36.950	0	13.563
swarm_12_124.pdb	12.779	24.472	0	13.526
swarm_6_29.pdb	15.258	46.104	0	13.373
swarm_13_182.pdb	13.757	31.588	0.0357143	13.090
swarm_0_187.pdb	15.801	42.540	0	13.021
swarm_52_104.pdb	13.414	26.199	0	12.702
swarm_48_154.pdb	17.600	39.566	0	12.282
swarm_50_53.pdb	16.320	28.642	0	12.175
swarm_54_112.pdb	4.533	10.336	0.142857	12.079
swarm_54_199.pdb	9.974	26.322	0.0357143	12.058
swarm_12_90.pdb	8.017	24.508	0.0535714	11.313
swarm_49_86.pdb	18.421	49.045	0	11.032
swarm_12_51.pdb	7.144	19.742	0	11.023
swarm_26_150.pdb	8.816	34.219	0	10.680
swarm_46_169.pdb	10.825	30.903	0.0357143	9.988
swarm_28_129.pdb	7.996	21.863	0.196429	9.979
swarm_15_157.pdb	7.282	20.294	0.0892857	8.478
swarm_9_145.pdb	15.699	29.642	0	7.721
swarm_15_192.pdb	6.637	19.615	0.0178571	7.717
swarm_16_82.pdb	11.552	24.489	0	7.693
swarm_20_147.pdb	8.628	17.178	0	7.649
swarm_5_50.pdb	13.189	30.140	0.0178571	4.964
swarm_19_24.pdb	15.927	36.856	0	4.849
swarm_47_192.pdb	12.869	49.270	0	3.142
swarm_11_84.pdb	4.014	11.371	0.357143	2.446
swarm_0_106.pdb	15.029	41.465	0	0.707
swarm_41_63.pdb	7.017	21.298	0.0357143	0.189
