run0-swarm_2_141.pdb	6.997	24.742	0.0892857	48.974
run0-swarm_3_77.pdb	6.947	24.667	0.125	46.472
run0-swarm_63_175.pdb	5.309	20.481	0.142857	46.062
run0-swarm_4_51.pdb	9.977	29.691	0.0357143	45.116
run0-swarm_28_130.pdb	6.687	23.896	0.107143	43.472
run0-swarm_16_34.pdb	11.166	31.468	0	42.563
run0-swarm_32_131.pdb	5.801	23.053	0.107143	42.152
run0-swarm_54_36.pdb	6.629	23.931	0.125	40.784
run0-swarm_55_129.pdb	5.320	19.895	0.142857	39.885
run0-swarm_13_75.pdb	6.718	22.462	0.0714286	39.860
run0-swarm_20_85.pdb	6.932	25.940	0.0535714	39.447
run0-swarm_43_166.pdb	6.061	23.321	0.0714286	39.224
run0-swarm_27_153.pdb	8.651	26.937	0.125	38.705
run0-swarm_55_17.pdb	8.678	28.783	0.0714286	38.413
run0-swarm_54_65.pdb	10.597	32.862	0.0714286	38.347
run0-swarm_27_167.pdb	6.104	22.615	0.0535714	38.202
run0-swarm_23_198.pdb	11.645	37.017	0	38.163
run0-swarm_37_18.pdb	7.612	17.851	0.0178571	38.162
run0-swarm_55_41.pdb	6.755	21.829	0.0714286	38.079
run0-swarm_46_57.pdb	7.456	18.471	0	37.206
run0-swarm_38_186.pdb	4.679	14.017	0.303571	37.134
run0-swarm_29_41.pdb	7.735	25.253	0.0357143	36.676
run0-swarm_11_120.pdb	5.842	17.864	0.125	36.242
run0-swarm_15_92.pdb	7.623	16.977	0	36.008
run0-swarm_37_84.pdb	10.981	23.283	0	35.398
run0-swarm_28_54.pdb	6.600	15.915	0.0357143	35.027
run0-swarm_44_131.pdb	8.008	19.942	0	34.515
run0-swarm_17_196.pdb	6.316	15.124	0.0357143	34.263
run0-swarm_43_100.pdb	6.888	18.118	0.0178571	33.377
run0-swarm_62_94.pdb	13.846	39.436	0	33.373
run0-swarm_3_145.pdb	7.801	19.559	0.0178571	33.098
run0-swarm_25_90.pdb	13.959	39.493	0	32.968
run0-swarm_7_28.pdb	6.533	16.854	0.0535714	32.543
run0-swarm_3_188.pdb	10.191	31.229	0.0714286	32.093
run0-swarm_25_148.pdb	12.098	35.636	0	32.019
run0-swarm_13_6.pdb	7.447	17.754	0.0178571	31.927
run0-swarm_22_190.pdb	6.751	16.676	0.0178571	31.706
run0-swarm_11_33.pdb	8.542	25.442	0.0178571	31.436
run0-swarm_53_107.pdb	7.057	23.280	0.0535714	31.431
run0-swarm_3_165.pdb	11.841	30.706	0	31.416
run0-swarm_4_3.pdb	8.837	28.497	0.0178571	31.297
run0-swarm_55_107.pdb	8.164	21.059	0	31.140
run0-swarm_22_78.pdb	7.805	25.581	0.125	31.104
run0-swarm_46_147.pdb	6.582	23.410	0.0357143	31.063
run0-swarm_27_108.pdb	8.596	27.142	0.0178571	30.897
run0-swarm_11_187.pdb	6.875	17.224	0.0892857	30.745
run0-swarm_8_0.pdb	9.284	27.486	0.0178571	30.329
run0-swarm_8_144.pdb	11.961	30.682	0	30.257
run0-swarm_32_181.pdb	10.554	32.146	0	30.095
run0-swarm_46_97.pdb	6.783	26.428	0.178571	29.938
run0-swarm_22_148.pdb	9.684	22.799	0	29.735
run0-swarm_4_12.pdb	10.670	31.210	0	29.633
run0-swarm_39_39.pdb	7.586	15.174	0	29.610
run0-swarm_8_43.pdb	10.937	31.546	0	29.555
run0-swarm_18_132.pdb	12.470	31.966	0	29.345
run0-swarm_51_112.pdb	6.144	11.994	0.0535714	29.043
run0-swarm_2_168.pdb	7.255	28.734	0.142857	28.949
run0-swarm_2_194.pdb	7.018	20.241	0.0178571	28.757
run0-swarm_29_131.pdb	8.862	26.030	0.0178571	28.377
run0-swarm_42_83.pdb	9.166	25.012	0.0178571	28.320
run0-swarm_61_91.pdb	14.369	39.523	0	28.312
run0-swarm_27_90.pdb	12.660	34.597	0	28.309
run0-swarm_62_112.pdb	10.175	30.500	0	28.137
run0-swarm_8_165.pdb	7.898	24.520	0.0357143	28.123
run0-swarm_28_4.pdb	7.625	21.043	0.0714286	27.725
run0-swarm_49_193.pdb	9.148	27.603	0	27.706
run0-swarm_52_24.pdb	11.402	35.304	0	27.585
run0-swarm_28_6.pdb	8.043	20.883	0.0178571	26.989
run0-swarm_18_125.pdb	8.421	29.023	0.160714	26.785
run0-swarm_50_115.pdb	9.753	28.789	0	26.739
run0-swarm_3_148.pdb	10.115	24.982	0	26.730
run0-swarm_0_69.pdb	11.740	35.456	0	26.702
run0-swarm_48_48.pdb	6.943	23.270	0.160714	26.142
run0-swarm_44_120.pdb	7.243	26.860	0.214286	26.140
run0-swarm_55_141.pdb	8.878	23.959	0	26.098
run0-swarm_44_153.pdb	8.860	30.127	0.0535714	26.089
run0-swarm_5_84.pdb	5.840	15.910	0.178571	26.046
run0-swarm_43_103.pdb	5.941	24.754	0.125	25.802
run0-swarm_54_129.pdb	7.696	28.275	0.196429	25.777
run0-swarm_20_91.pdb	8.301	30.541	0.142857	25.773
run0-swarm_21_128.pdb	8.671	25.739	0	25.601
run0-swarm_53_189.pdb	8.806	28.182	0.142857	25.326
run0-swarm_11_115.pdb	9.487	24.106	0.0178571	25.174
run0-swarm_5_124.pdb	10.123	19.304	0	25.135
run0-swarm_46_163.pdb	9.479	26.618	0	24.978
run0-swarm_55_124.pdb	10.728	21.430	0	24.817
run0-swarm_6_185.pdb	7.057	15.835	0.0714286	24.755
run0-swarm_27_125.pdb	7.888	25.177	0.0178571	24.498
run0-swarm_49_169.pdb	12.569	34.763	0	24.433
run0-swarm_32_30.pdb	8.152	29.870	0.125	24.328
run0-swarm_2_161.pdb	8.982	22.240	0.0178571	24.289
run0-swarm_35_10.pdb	4.260	11.550	0.446429	24.162
run0-swarm_32_187.pdb	8.533	24.800	0.0892857	24.009
run0-swarm_27_56.pdb	9.410	24.429	0.0357143	23.820
run0-swarm_21_153.pdb	12.122	34.925	0	23.769
run0-swarm_32_194.pdb	6.895	20.366	0.107143	23.740
run0-swarm_46_129.pdb	10.101	30.365	0.0357143	23.662
run0-swarm_48_59.pdb	11.271	33.140	0	23.656
run0-swarm_60_137.pdb	12.831	36.601	0	23.571
run0-swarm_3_48.pdb	8.950	26.849	0.0357143	23.563
run0-swarm_8_150.pdb	10.919	32.082	0	23.486
run0-swarm_42_55.pdb	8.025	23.495	0	23.289
run0-swarm_52_187.pdb	11.250	33.993	0	23.187
run0-swarm_39_184.pdb	7.073	16.862	0.0892857	22.982
run0-swarm_49_130.pdb	14.171	36.949	0	22.954
run0-swarm_24_70.pdb	8.032	22.966	0	22.822
run0-swarm_60_16.pdb	10.816	31.179	0	22.786
run0-swarm_9_164.pdb	11.463	38.445	0	22.667
run0-swarm_22_103.pdb	11.318	25.710	0	22.608
run0-swarm_51_196.pdb	6.906	18.958	0.0714286	21.957
run0-swarm_25_45.pdb	14.692	39.324	0	21.899
run0-swarm_31_166.pdb	7.087	25.166	0.0892857	21.838
run0-swarm_5_46.pdb	6.779	17.890	0.0714286	21.728
run0-swarm_39_87.pdb	7.835	21.140	0	21.689
run0-swarm_50_95.pdb	13.200	37.308	0	21.625
run0-swarm_54_23.pdb	7.378	25.862	0.0892857	21.599
run0-swarm_48_19.pdb	7.856	24.955	0.142857	21.421
run0-swarm_61_86.pdb	11.580	33.904	0	21.347
run0-swarm_42_20.pdb	6.534	16.432	0.160714	21.327
run0-swarm_35_21.pdb	7.165	23.824	0.107143	21.275
run0-swarm_21_149.pdb	12.153	35.875	0	21.211
run0-swarm_43_33.pdb	6.094	22.343	0.142857	20.950
run0-swarm_33_135.pdb	8.190	22.818	0	20.922
run0-swarm_62_61.pdb	14.000	37.941	0	20.809
run0-swarm_42_161.pdb	8.586	24.396	0.160714	20.791
run0-swarm_10_104.pdb	8.905	29.865	0.0178571	20.652
run0-swarm_22_16.pdb	11.662	28.605	0.0178571	20.470
run0-swarm_53_160.pdb	8.447	25.899	0.160714	20.442
run0-swarm_13_113.pdb	8.570	21.949	0.125	20.401
run0-swarm_50_143.pdb	13.888	39.160	0	20.396
run0-swarm_37_24.pdb	7.592	19.319	0.125	20.119
run0-swarm_13_2.pdb	8.162	18.883	0.178571	20.037
run0-swarm_42_74.pdb	8.716	26.108	0.0535714	20.008
run0-swarm_7_112.pdb	8.853	20.087	0.107143	19.700
run0-swarm_11_83.pdb	5.795	18.074	0.160714	19.677
run0-swarm_29_163.pdb	7.316	19.638	0.0892857	19.579
run0-swarm_38_140.pdb	8.601	25.297	0	19.551
run0-swarm_25_0.pdb	11.136	33.512	0	19.421
run0-swarm_52_79.pdb	13.922	36.555	0	19.150
run0-swarm_29_20.pdb	10.083	27.749	0.0357143	19.062
run0-swarm_11_150.pdb	8.101	26.585	0.178571	19.028
run0-swarm_38_61.pdb	9.335	32.401	0	18.625
run0-swarm_37_82.pdb	7.191	23.492	0.107143	18.547
run0-swarm_36_123.pdb	9.325	24.653	0.0357143	18.432
run0-swarm_37_121.pdb	8.064	19.148	0.107143	18.203
run0-swarm_41_10.pdb	7.371	23.465	0.125	18.081
run0-swarm_39_177.pdb	7.495	16.609	0.25	18.020
run0-swarm_31_37.pdb	8.862	27.694	0	17.816
run0-swarm_29_121.pdb	7.108	21.953	0.0892857	17.629
run0-swarm_13_105.pdb	6.164	10.691	0.178571	17.307
run0-swarm_30_86.pdb	9.416	33.936	0.0178571	17.299
run0-swarm_35_87.pdb	8.417	23.559	0	16.777
run0-swarm_58_156.pdb	12.675	35.356	0	16.755
run0-swarm_56_153.pdb	10.432	33.496	0	16.637
run0-swarm_59_70.pdb	4.896	13.156	0.142857	16.511
run0-swarm_7_150.pdb	6.530	18.760	0.196429	16.213
run0-swarm_59_89.pdb	9.877	21.369	0	16.168
run0-swarm_9_6.pdb	11.849	34.660	0	16.094
run0-swarm_30_19.pdb	8.507	30.895	0.0178571	16.064
run0-swarm_30_6.pdb	6.194	22.781	0.0535714	15.752
run0-swarm_46_193.pdb	11.037	27.232	0	15.501
run0-swarm_35_192.pdb	11.769	31.007	0	14.171
run0-swarm_62_168.pdb	9.465	25.672	0	13.984
run0-swarm_1_106.pdb	8.927	13.772	0	13.961
run0-swarm_50_40.pdb	11.567	32.917	0	13.836
run0-swarm_33_132.pdb	9.092	35.427	0.0178571	13.739
run0-swarm_31_125.pdb	9.582	36.407	0.0178571	13.089
run0-swarm_0_158.pdb	13.085	37.290	0	12.598
run0-swarm_13_103.pdb	7.117	19.075	0.232143	12.336
run0-swarm_52_54.pdb	10.680	31.318	0	10.879
run0-swarm_34_108.pdb	5.472	13.238	0	10.778
run0-swarm_13_90.pdb	10.326	21.706	0.178571	10.101
run0-swarm_10_149.pdb	8.358	28.200	0.0892857	9.886
run0-swarm_31_124.pdb	9.546	27.696	0	9.859
run0-swarm_41_61.pdb	12.567	32.341	0	8.644
run0-swarm_38_190.pdb	8.010	16.552	0	7.871
run0-swarm_31_101.pdb	7.377	19.214	0.285714	7.687
run0-swarm_43_150.pdb	7.520	19.375	0.0357143	7.297
run0-swarm_3_119.pdb	8.123	29.276	0.178571	6.632
run0-swarm_33_125.pdb	11.530	31.088	0	5.247
run0-swarm_31_0.pdb	8.022	27.718	0.0178571	4.971
run0-swarm_56_197.pdb	10.294	31.593	0	2.482
