swarm_319_59.pdb	17.114	56.343	0	34.150
swarm_163_195.pdb	10.683	26.761	0.0535714	32.661
swarm_202_119.pdb	13.509	32.433	0.0178571	31.555
swarm_202_42.pdb	6.142	21.719	0.0892857	31.465
swarm_365_147.pdb	16.084	42.965	0.0357143	31.234
swarm_260_129.pdb	11.022	32.660	0.0178571	31.150
swarm_285_118.pdb	12.176	33.038	0	29.196
swarm_83_9.pdb	13.722	29.281	0.0357143	28.921
swarm_134_152.pdb	16.148	26.952	0.0714286	28.919
swarm_280_31.pdb	13.813	27.158	0.0535714	28.663
swarm_256_107.pdb	11.951	43.412	0	28.317
swarm_16_149.pdb	14.754	30.455	0.0357143	28.292
swarm_166_189.pdb	14.512	28.119	0.0535714	28.173
swarm_239_135.pdb	12.915	30.393	0	28.095
swarm_59_62.pdb	9.905	30.631	0	27.967
swarm_203_32.pdb	12.482	33.166	0	27.905
swarm_259_28.pdb	13.137	32.819	0.0178571	27.807
swarm_61_52.pdb	10.863	30.780	0.0714286	27.596
swarm_259_184.pdb	15.741	29.356	0.0714286	27.342
swarm_259_23.pdb	13.004	29.813	0	27.097
swarm_122_192.pdb	10.505	30.994	0.0357143	26.998
swarm_264_172.pdb	5.581	21.876	0.0714286	26.982
swarm_202_148.pdb	10.971	28.492	0.0535714	26.833
swarm_7_166.pdb	13.648	34.728	0	26.760
swarm_27_94.pdb	12.893	40.892	0.0357143	26.673
swarm_264_94.pdb	10.051	23.676	0.0892857	26.545
swarm_259_195.pdb	5.886	20.224	0.0892857	26.493
swarm_22_126.pdb	12.048	40.252	0.0178571	26.382
swarm_159_197.pdb	11.178	28.774	0	26.339
swarm_393_34.pdb	10.839	31.158	0.0714286	26.290
swarm_159_132.pdb	12.567	28.959	0	26.184
swarm_286_13.pdb	6.648	22.089	0.125	26.152
swarm_163_179.pdb	13.589	25.355	0	26.112
swarm_118_82.pdb	12.275	28.634	0	26.086
swarm_163_165.pdb	12.799	28.798	0	26.036
swarm_118_17.pdb	13.760	34.532	0.0178571	25.966
swarm_163_125.pdb	8.059	19.811	0.0892857	25.841
swarm_269_27.pdb	13.161	55.100	0	25.696
swarm_118_116.pdb	14.949	31.575	0.0357143	25.586
swarm_262_98.pdb	9.623	29.209	0.0178571	25.467
swarm_393_163.pdb	8.830	26.963	0.0178571	25.387
swarm_265_87.pdb	8.717	27.321	0.0357143	25.328
swarm_205_153.pdb	12.837	24.327	0.0714286	25.039
swarm_166_29.pdb	10.366	20.768	0.0714286	24.859
swarm_205_23.pdb	13.843	24.990	0.0714286	24.769
swarm_85_113.pdb	5.959	18.717	0.0892857	24.723
swarm_365_142.pdb	17.096	41.255	0.0892857	24.692
swarm_61_177.pdb	10.793	31.249	0	24.666
swarm_59_46.pdb	13.574	37.509	0.0178571	24.499
swarm_94_45.pdb	16.098	30.930	0.0178571	24.324
swarm_118_38.pdb	16.334	34.673	0.0178571	24.317
swarm_204_6.pdb	4.854	15.376	0.214286	24.223
swarm_325_78.pdb	10.344	38.441	0	24.153
swarm_388_50.pdb	13.274	39.551	0	23.912
swarm_239_116.pdb	7.450	20.622	0.0178571	23.859
swarm_204_68.pdb	6.090	16.492	0.178571	23.802
swarm_169_11.pdb	12.055	31.066	0	23.619
swarm_243_65.pdb	3.690	8.239	0.25	23.572
swarm_183_129.pdb	8.624	26.429	0	23.566
swarm_376_69.pdb	13.608	37.796	0	23.519
swarm_137_10.pdb	3.631	7.644	0.428571	23.485
swarm_277_96.pdb	9.243	33.491	0	23.482
swarm_27_30.pdb	10.937	33.228	0	23.480
swarm_213_113.pdb	15.335	26.961	0.0357143	23.451
swarm_203_129.pdb	10.589	26.735	0.0357143	23.339
swarm_159_170.pdb	16.341	35.040	0.0178571	23.285
swarm_265_199.pdb	8.622	22.429	0.0357143	23.224
swarm_166_90.pdb	15.724	25.200	0.0892857	23.174
swarm_145_7.pdb	7.810	24.531	0	23.037
swarm_122_0.pdb	11.902	26.581	0	23.034
swarm_95_93.pdb	13.243	38.636	0.0178571	22.997
swarm_264_171.pdb	14.477	27.330	0.0714286	22.903
swarm_187_111.pdb	12.325	33.950	0	22.903
swarm_264_116.pdb	6.826	21.996	0.0357143	22.899
swarm_393_0.pdb	12.389	35.039	0.0357143	22.858
swarm_29_54.pdb	11.717	31.763	0	22.788
swarm_381_98.pdb	11.351	30.582	0.0357143	22.723
swarm_236_104.pdb	6.591	26.867	0	22.677
swarm_88_126.pdb	5.621	12.840	0.232143	22.663
swarm_285_59.pdb	8.859	25.548	0.0357143	22.644
swarm_202_109.pdb	16.229	33.873	0.0178571	22.580
swarm_127_145.pdb	10.712	32.987	0.0535714	22.579
swarm_25_187.pdb	14.196	44.514	0	22.553
swarm_137_77.pdb	12.384	23.086	0.0714286	22.546
swarm_258_63.pdb	6.285	29.051	0.107143	22.494
swarm_280_137.pdb	6.394	15.820	0.0714286	22.458
swarm_184_62.pdb	5.643	12.511	0.285714	22.422
swarm_123_11.pdb	10.659	41.239	0	22.382
swarm_203_18.pdb	6.459	19.055	0.0714286	22.335
swarm_280_5.pdb	14.192	25.895	0.0178571	22.310
swarm_286_53.pdb	10.864	29.068	0.0535714	22.281
swarm_264_154.pdb	15.881	25.665	0	22.124
swarm_203_33.pdb	12.565	29.791	0	22.123
swarm_337_9.pdb	13.772	41.556	0	22.106
swarm_243_198.pdb	12.451	23.587	0.107143	22.060
swarm_163_37.pdb	5.645	17.207	0.0714286	22.028
swarm_262_30.pdb	6.092	18.491	0.142857	22.021
swarm_22_70.pdb	11.541	45.043	0.0357143	21.964
swarm_236_135.pdb	9.039	28.617	0.0178571	21.957
swarm_216_160.pdb	7.734	18.141	0.107143	21.888
swarm_285_178.pdb	11.100	23.308	0.0714286	21.812
swarm_263_81.pdb	8.476	30.116	0	21.776
swarm_60_150.pdb	13.605	35.085	0	21.744
swarm_221_39.pdb	13.517	29.974	0.0892857	21.694
swarm_213_31.pdb	8.115	19.187	0.0714286	21.672
swarm_59_149.pdb	11.216	32.365	0.0178571	21.660
swarm_214_167.pdb	6.233	16.561	0.0714286	21.648
swarm_166_55.pdb	4.753	11.866	0.160714	21.636
swarm_208_4.pdb	5.498	14.228	0.142857	21.616
swarm_33_79.pdb	8.931	31.143	0.0357143	21.585
swarm_242_187.pdb	13.991	24.884	0.0535714	21.554
swarm_219_74.pdb	14.885	28.250	0.0357143	21.537
swarm_184_43.pdb	9.461	21.473	0.0357143	21.523
swarm_261_128.pdb	12.552	37.021	0	21.490
swarm_7_124.pdb	15.550	42.866	0.0714286	21.485
swarm_187_85.pdb	16.309	35.202	0	21.426
swarm_159_136.pdb	15.803	33.994	0.0178571	21.355
swarm_122_5.pdb	8.978	26.386	0.0892857	21.329
swarm_94_103.pdb	12.716	31.037	0	21.204
swarm_80_199.pdb	9.605	33.603	0.0178571	21.199
swarm_184_174.pdb	14.456	27.892	0.0178571	21.164
swarm_167_34.pdb	11.931	28.673	0	21.144
swarm_83_143.pdb	10.126	22.053	0.0714286	21.137
swarm_41_92.pdb	4.087	8.546	0.321429	21.127
swarm_238_177.pdb	12.741	34.076	0	21.102
swarm_217_10.pdb	14.314	27.765	0.0178571	21.088
swarm_388_51.pdb	13.204	45.038	0.0357143	21.081
swarm_202_142.pdb	15.795	32.684	0	21.079
swarm_83_32.pdb	9.988	25.978	0	21.006
swarm_10_38.pdb	13.953	37.524	0.0357143	20.970
swarm_395_103.pdb	10.175	29.489	0.0357143	20.941
swarm_83_47.pdb	5.817	17.820	0.0535714	20.889
swarm_220_0.pdb	16.586	35.273	0	20.790
swarm_82_9.pdb	10.752	32.722	0.0357143	20.760
swarm_211_174.pdb	12.625	24.675	0.0535714	20.757
swarm_372_185.pdb	11.510	35.486	0.0357143	20.719
swarm_117_7.pdb	14.360	41.327	0	20.614
swarm_329_151.pdb	14.704	53.340	0	20.485
swarm_182_38.pdb	9.938	21.860	0.0357143	20.480
swarm_16_58.pdb	10.978	24.930	0.0178571	20.469
swarm_138_15.pdb	14.941	27.267	0.0714286	20.454
swarm_126_186.pdb	12.785	35.957	0.0178571	20.445
swarm_85_167.pdb	8.172	17.984	0	20.444
swarm_61_189.pdb	15.982	39.451	0.0357143	20.439
swarm_243_180.pdb	11.209	22.035	0.0357143	20.433
swarm_379_22.pdb	9.786	29.475	0.0178571	20.426
swarm_136_34.pdb	12.680	30.920	0	20.420
swarm_118_44.pdb	12.110	28.841	0	20.384
swarm_94_47.pdb	10.452	27.792	0	20.367
swarm_260_188.pdb	6.509	25.622	0.0357143	20.365
swarm_266_5.pdb	13.185	23.252	0	20.363
swarm_280_125.pdb	9.839	24.703	0.0714286	20.347
swarm_10_189.pdb	13.917	41.419	0	20.322
swarm_245_55.pdb	15.036	26.973	0.0178571	20.280
swarm_122_110.pdb	8.805	22.459	0.0178571	20.278
swarm_7_195.pdb	12.396	35.376	0	20.276
swarm_286_189.pdb	7.038	24.582	0.0892857	20.253
swarm_7_175.pdb	10.646	34.929	0	20.181
swarm_242_23.pdb	7.613	18.885	0	20.159
swarm_200_0.pdb	12.825	36.426	0.0357143	20.091
swarm_181_152.pdb	9.983	20.176	0.0714286	20.051
swarm_267_183.pdb	15.454	35.231	0	20.044
swarm_205_9.pdb	3.867	8.386	0.232143	20.042
swarm_185_119.pdb	14.020	28.707	0.0357143	20.024
swarm_202_190.pdb	14.622	31.331	0	20.018
swarm_80_164.pdb	9.718	31.255	0.0714286	20.013
swarm_267_199.pdb	11.778	28.338	0.0357143	19.987
swarm_306_20.pdb	10.054	32.874	0.0178571	19.980
swarm_87_113.pdb	12.537	33.127	0	19.959
swarm_366_18.pdb	13.529	41.928	0	19.940
swarm_122_131.pdb	16.111	40.089	0.0714286	19.938
swarm_207_139.pdb	12.810	28.915	0.0535714	19.934
swarm_145_3.pdb	17.101	36.013	0	19.893
swarm_182_153.pdb	10.898	25.218	0.0535714	19.853
swarm_16_168.pdb	8.604	25.436	0.0178571	19.844
swarm_163_136.pdb	7.533	20.238	0.0535714	19.828
swarm_265_173.pdb	15.850	27.886	0	19.771
swarm_218_177.pdb	14.560	27.360	0.0714286	19.764
swarm_215_146.pdb	10.873	26.741	0.0357143	19.761
swarm_267_176.pdb	12.614	26.334	0.0357143	19.725
swarm_265_197.pdb	12.382	31.144	0.0178571	19.683
swarm_205_42.pdb	14.508	24.086	0.0178571	19.664
swarm_202_69.pdb	14.278	33.544	0	19.612
swarm_131_30.pdb	11.834	33.713	0.0178571	19.579
swarm_44_124.pdb	14.705	41.470	0	19.563
swarm_215_74.pdb	7.557	24.116	0	19.500
swarm_210_187.pdb	8.919	29.700	0	19.482
swarm_204_64.pdb	12.374	25.584	0.0178571	19.449
swarm_238_158.pdb	11.628	34.205	0	19.448
swarm_93_29.pdb	15.082	46.050	0	19.404
swarm_211_137.pdb	8.162	18.216	0.125	19.390
swarm_379_25.pdb	10.261	31.085	0.0714286	19.352
swarm_186_143.pdb	16.958	38.580	0.0178571	19.228
swarm_209_101.pdb	16.130	33.357	0	19.190
swarm_88_47.pdb	16.183	28.250	0	19.166
swarm_83_100.pdb	5.187	11.516	0.107143	19.152
swarm_127_64.pdb	12.653	32.902	0	19.152
swarm_202_116.pdb	8.510	27.437	0.0535714	19.116
swarm_267_60.pdb	8.459	25.507	0	19.091
swarm_380_88.pdb	8.647	29.194	0.0535714	19.048
swarm_29_82.pdb	13.132	34.598	0.0892857	19.035
swarm_159_32.pdb	11.741	29.579	0	18.974
swarm_266_62.pdb	9.042	19.472	0	18.970
swarm_10_41.pdb	13.854	42.598	0.0178571	18.931
swarm_134_37.pdb	10.763	23.099	0.0357143	18.841
swarm_280_150.pdb	15.387	25.821	0.0357143	18.837
swarm_33_191.pdb	14.636	38.507	0.0178571	18.717
swarm_380_162.pdb	11.349	32.615	0.0178571	18.708
swarm_280_103.pdb	7.986	23.743	0.0892857	18.704
swarm_185_80.pdb	8.985	24.430	0	18.699
swarm_216_118.pdb	13.186	25.280	0	18.679
swarm_376_115.pdb	11.698	36.076	0	18.643
swarm_181_112.pdb	7.178	16.283	0.107143	18.524
swarm_88_1.pdb	14.955	22.662	0	18.492
swarm_285_122.pdb	10.253	28.060	0.0714286	18.437
swarm_221_46.pdb	14.370	27.811	0	18.415
swarm_181_135.pdb	13.819	25.110	0.0357143	18.405
swarm_60_85.pdb	12.349	31.603	0	18.392
swarm_396_169.pdb	9.803	26.765	0.0357143	18.382
swarm_211_105.pdb	6.031	19.060	0.0357143	18.360
swarm_159_38.pdb	10.885	27.878	0.0178571	18.307
swarm_167_183.pdb	13.217	27.762	0.0714286	18.278
swarm_241_25.pdb	8.974	22.701	0.0178571	18.248
swarm_381_26.pdb	12.174	32.089	0.0714286	18.204
swarm_169_159.pdb	7.543	23.227	0.0714286	18.127
swarm_383_99.pdb	5.931	14.467	0.0714286	18.115
swarm_217_117.pdb	12.846	24.845	0.0535714	17.995
swarm_213_32.pdb	12.928	26.770	0.0357143	17.991
swarm_145_107.pdb	16.418	44.738	0	17.982
swarm_85_117.pdb	7.754	15.525	0.0178571	17.962
swarm_184_26.pdb	14.599	23.687	0.0178571	17.928
swarm_244_139.pdb	17.124	41.801	0	17.921
swarm_219_95.pdb	14.719	28.444	0	17.911
swarm_221_119.pdb	10.373	27.720	0.0357143	17.885
swarm_58_41.pdb	14.931	47.562	0	17.862
swarm_14_12.pdb	9.984	34.759	0.0178571	17.832
swarm_374_138.pdb	6.826	20.138	0.0714286	17.766
swarm_245_179.pdb	6.692	20.746	0.0178571	17.621
swarm_217_157.pdb	6.154	18.747	0.0178571	17.601
swarm_126_77.pdb	8.850	32.502	0.0535714	17.591
swarm_284_90.pdb	17.836	42.896	0	17.580
swarm_167_27.pdb	6.274	17.214	0.0892857	17.508
swarm_14_90.pdb	14.402	37.495	0.0357143	17.497
swarm_306_13.pdb	10.227	34.472	0	17.494
swarm_60_27.pdb	15.649	29.594	0	17.456
swarm_16_53.pdb	12.351	26.362	0.0357143	17.453
swarm_39_125.pdb	11.721	32.033	0.0535714	17.449
swarm_88_54.pdb	11.247	21.189	0.0892857	17.431
swarm_127_192.pdb	12.116	33.732	0.0357143	17.400
swarm_127_38.pdb	12.562	34.492	0.0178571	17.374
swarm_208_95.pdb	8.914	20.888	0	17.333
swarm_381_99.pdb	9.102	21.971	0.0714286	17.331
swarm_167_99.pdb	10.148	25.040	0.107143	17.291
swarm_244_124.pdb	16.259	35.978	0.0178571	17.287
swarm_218_45.pdb	14.610	32.365	0.0178571	17.224
swarm_243_132.pdb	9.764	25.085	0.0357143	17.204
swarm_374_127.pdb	8.758	18.693	0.0535714	17.166
swarm_272_23.pdb	11.115	49.646	0	17.154
swarm_159_120.pdb	9.982	28.839	0.125	17.021
swarm_182_103.pdb	10.459	26.690	0.0714286	17.004
swarm_39_176.pdb	9.026	22.116	0.0357143	16.942
swarm_85_99.pdb	15.248	25.164	0.0714286	16.929
swarm_205_59.pdb	15.918	23.633	0	16.916
swarm_131_8.pdb	9.974	26.626	0.0892857	16.884
swarm_41_109.pdb	12.266	23.435	0.0714286	16.869
swarm_195_59.pdb	11.764	48.644	0	16.850
swarm_33_165.pdb	8.844	29.641	0.0714286	16.772
swarm_221_96.pdb	10.828	25.383	0	16.747
swarm_266_29.pdb	15.211	25.807	0.0357143	16.739
swarm_372_190.pdb	14.051	39.241	0.0714286	16.713
swarm_78_140.pdb	8.978	34.129	0.0714286	16.687
swarm_358_97.pdb	8.631	26.122	0.125	16.680
swarm_169_130.pdb	11.519	28.389	0.0892857	16.675
swarm_45_74.pdb	14.585	40.042	0	16.618
swarm_280_59.pdb	11.031	25.625	0.0357143	16.577
swarm_191_135.pdb	15.376	48.692	0	16.576
swarm_240_149.pdb	17.352	37.353	0.0535714	16.554
swarm_185_104.pdb	10.785	21.200	0.0357143	16.453
swarm_355_178.pdb	9.380	27.212	0.0535714	16.406
swarm_211_82.pdb	15.504	28.117	0.0535714	16.348
swarm_138_110.pdb	8.195	19.872	0.0892857	16.255
swarm_27_14.pdb	15.052	41.749	0.0714286	16.245
swarm_217_11.pdb	10.617	20.687	0.0178571	16.244
swarm_16_160.pdb	7.244	18.188	0.0535714	16.237
swarm_219_58.pdb	9.883	22.278	0	16.157
swarm_220_59.pdb	9.132	29.349	0	16.124
swarm_237_162.pdb	17.118	37.074	0.0535714	16.106
swarm_205_113.pdb	6.909	15.316	0.0892857	16.106
swarm_143_16.pdb	11.695	29.970	0.0357143	16.087
swarm_258_70.pdb	13.903	33.269	0	16.039
swarm_181_23.pdb	5.297	8.754	0.25	15.998
swarm_137_144.pdb	9.397	18.583	0.0178571	15.977
swarm_245_115.pdb	14.093	31.001	0.0178571	15.904
swarm_134_8.pdb	13.112	23.480	0.0357143	15.902
swarm_185_28.pdb	6.361	13.023	0.107143	15.857
swarm_39_134.pdb	12.040	26.997	0.0714286	15.815
swarm_214_107.pdb	15.259	32.911	0.0178571	15.767
swarm_185_117.pdb	15.528	32.574	0.0178571	15.730
swarm_85_75.pdb	12.156	23.847	0.0178571	15.675
swarm_126_84.pdb	9.671	39.682	0.0357143	15.668
swarm_70_165.pdb	14.111	23.606	0.0714286	15.656
swarm_381_96.pdb	8.228	24.779	0.178571	15.488
swarm_137_123.pdb	16.151	25.533	0.0357143	15.426
swarm_137_60.pdb	14.443	22.559	0	15.368
swarm_355_156.pdb	9.386	24.720	0.0535714	15.328
swarm_219_183.pdb	8.929	17.073	0.0357143	15.322
swarm_134_180.pdb	6.676	19.947	0.142857	15.306
swarm_28_20.pdb	12.811	38.247	0	15.228
swarm_37_47.pdb	12.907	32.022	0.0357143	15.214
swarm_286_76.pdb	10.636	29.166	0	15.177
swarm_266_147.pdb	11.069	23.910	0.0178571	15.166
swarm_143_108.pdb	14.527	33.894	0.0178571	15.127
swarm_176_90.pdb	17.088	52.241	0	15.043
swarm_242_31.pdb	13.564	29.097	0	15.037
swarm_239_70.pdb	6.823	20.237	0.0714286	15.037
swarm_383_31.pdb	4.948	9.615	0.107143	15.023
swarm_380_156.pdb	11.776	34.707	0.0178571	15.017
swarm_58_100.pdb	14.306	47.551	0	15.004
swarm_205_108.pdb	16.002	25.302	0.0178571	14.992
swarm_122_96.pdb	7.862	22.786	0.0178571	14.978
swarm_95_6.pdb	12.747	40.112	0	14.926
swarm_262_171.pdb	15.086	32.050	0.0178571	14.865
swarm_141_22.pdb	13.768	38.113	0	14.806
swarm_216_122.pdb	8.491	16.390	0.0178571	14.771
swarm_88_55.pdb	13.925	24.259	0.0357143	14.764
swarm_242_121.pdb	7.538	18.483	0.0357143	14.714
swarm_219_120.pdb	16.381	34.861	0.0535714	14.690
swarm_218_55.pdb	15.235	28.571	0.0178571	14.608
swarm_376_66.pdb	15.547	45.602	0.0357143	14.528
swarm_144_72.pdb	16.418	42.861	0.0178571	14.476
swarm_215_17.pdb	15.039	32.296	0	14.422
swarm_396_141.pdb	7.676	20.960	0.125	14.417
swarm_184_11.pdb	15.267	26.898	0.0357143	14.387
swarm_70_181.pdb	13.133	24.510	0.0535714	14.385
swarm_220_188.pdb	16.929	34.485	0.0178571	14.357
swarm_387_34.pdb	15.375	48.984	0	14.266
swarm_78_122.pdb	12.178	36.010	0.0178571	14.262
swarm_319_111.pdb	16.215	53.175	0	14.145
swarm_244_10.pdb	9.556	24.533	0.0357143	13.977
swarm_198_155.pdb	14.767	48.171	0	13.967
swarm_33_157.pdb	14.570	33.836	0.0357143	13.926
swarm_381_100.pdb	12.960	27.991	0.0892857	13.912
swarm_280_152.pdb	5.092	16.024	0.196429	13.882
swarm_396_96.pdb	11.261	23.892	0	13.877
swarm_129_120.pdb	11.513	31.754	0.0357143	13.782
swarm_374_185.pdb	14.827	33.286	0.0357143	13.539
swarm_136_125.pdb	12.931	31.020	0.0357143	13.491
swarm_383_8.pdb	11.015	24.646	0.107143	13.331
swarm_122_63.pdb	14.443	32.602	0.0178571	12.893
swarm_355_42.pdb	9.292	27.866	0.0357143	12.814
swarm_33_147.pdb	13.076	34.644	0.0178571	12.663
swarm_70_12.pdb	4.869	9.898	0.125	12.563
swarm_118_2.pdb	16.262	38.036	0.0535714	12.491
swarm_243_123.pdb	9.041	17.865	0.0178571	12.452
swarm_41_135.pdb	11.131	16.771	0.0178571	12.355
swarm_396_197.pdb	8.085	15.912	0	12.304
swarm_374_50.pdb	14.369	30.268	0.0178571	12.113
swarm_37_25.pdb	13.816	32.763	0.0535714	12.021
swarm_107_161.pdb	13.465	33.911	0	11.772
swarm_259_45.pdb	8.902	28.771	0.0357143	11.375
swarm_217_29.pdb	9.320	17.292	0.0178571	11.363
swarm_134_111.pdb	9.050	20.690	0.0178571	11.340
swarm_127_177.pdb	11.254	33.226	0.107143	11.293
swarm_260_153.pdb	9.985	35.155	0.0357143	11.264
swarm_381_117.pdb	14.860	25.697	0.0714286	11.099
swarm_306_60.pdb	10.559	35.911	0	10.575
swarm_10_157.pdb	10.135	31.843	0.0535714	10.469
swarm_395_81.pdb	9.218	24.847	0.0892857	9.978
swarm_129_130.pdb	7.308	23.106	0.160714	9.570
swarm_264_96.pdb	13.344	27.782	0.0535714	9.170
swarm_213_61.pdb	7.496	18.948	0	8.991
swarm_231_88.pdb	14.914	43.096	0	8.966
swarm_241_60.pdb	14.305	29.612	0	8.765
swarm_37_60.pdb	13.530	29.754	0.125	8.684
swarm_14_174.pdb	10.782	34.107	0	8.541
swarm_182_169.pdb	15.333	28.214	0.0535714	7.942
swarm_138_120.pdb	14.751	29.831	0.0357143	7.885
swarm_208_25.pdb	11.972	27.756	0.0357143	7.576
swarm_337_137.pdb	12.768	42.078	0	7.363
swarm_86_66.pdb	14.981	34.028	0	7.178
swarm_285_17.pdb	9.432	30.644	0.0892857	7.175
swarm_305_162.pdb	18.592	40.719	0.0178571	6.775
swarm_217_158.pdb	13.629	32.438	0.0178571	5.896
swarm_383_14.pdb	15.192	27.593	0.0535714	5.829
swarm_379_179.pdb	8.926	24.487	0.0357143	5.640
swarm_127_41.pdb	13.523	35.352	0	5.139
swarm_221_100.pdb	9.568	20.093	0.0892857	4.895
swarm_382_15.pdb	12.301	27.630	0.0357143	4.759
swarm_258_105.pdb	13.823	34.941	0	4.344
swarm_333_131.pdb	13.189	46.927	0	3.521
swarm_41_96.pdb	7.819	18.718	0.0714286	3.226
swarm_377_1.pdb	15.424	36.818	0	2.805
swarm_118_165.pdb	14.756	31.322	0.0178571	2.544
swarm_217_118.pdb	9.350	21.971	0.0357143	2.269
swarm_221_190.pdb	7.884	20.490	0.0178571	2.229
swarm_136_169.pdb	8.717	27.634	0.0178571	2.119
swarm_374_118.pdb	11.190	28.082	0.25	1.706
swarm_204_8.pdb	13.550	26.188	0.0714286	1.041
swarm_379_133.pdb	10.686	30.862	0	0.875
swarm_221_35.pdb	7.598	17.977	0.0535714	0.486
swarm_16_65.pdb	11.194	21.550	0	0.154
