swarm_39_41.pdb	11.243	31.232	0	33.016
swarm_60_67.pdb	16.138	51.318	0	31.374
swarm_51_143.pdb	15.679	51.692	0	30.946
swarm_30_124.pdb	12.389	35.137	0	29.767
swarm_42_88.pdb	10.800	29.136	0	29.732
swarm_76_140.pdb	12.476	35.500	0	29.668
swarm_22_124.pdb	16.305	47.388	0	29.668
swarm_17_191.pdb	13.169	19.298	0	29.029
swarm_45_182.pdb	12.780	18.867	0	28.198
swarm_32_0.pdb	15.545	51.649	0	28.126
swarm_64_56.pdb	17.785	53.824	0	27.830
swarm_33_19.pdb	15.839	47.030	0	27.485
swarm_49_126.pdb	17.921	53.102	0	27.475
swarm_35_54.pdb	16.155	47.755	0	27.128
swarm_43_75.pdb	12.270	18.478	0	27.108
swarm_25_55.pdb	17.092	53.132	0	25.727
swarm_61_31.pdb	15.439	51.218	0	25.490
swarm_29_6.pdb	12.078	17.336	0	24.877
swarm_23_191.pdb	15.384	39.477	0	24.471
swarm_0_52.pdb	15.554	47.372	0	24.453
swarm_71_61.pdb	13.190	21.327	0	24.406
swarm_15_107.pdb	12.747	20.602	0	24.031
swarm_16_6.pdb	10.353	15.060	0	23.718
swarm_14_88.pdb	13.166	19.804	0	23.437
swarm_43_198.pdb	10.894	21.025	0	23.403
swarm_11_180.pdb	10.834	19.692	0	23.183
swarm_52_77.pdb	10.382	23.686	0	23.065
swarm_33_160.pdb	15.953	47.744	0	22.601
swarm_50_190.pdb	10.897	21.608	0	22.194
swarm_12_183.pdb	11.854	18.724	0	22.185
swarm_10_91.pdb	10.666	17.380	0	22.074
swarm_54_106.pdb	12.982	20.950	0	21.792
swarm_32_117.pdb	16.377	47.796	0	21.312
swarm_49_120.pdb	15.700	48.703	0	21.133
swarm_22_12.pdb	15.496	47.743	0	20.684
swarm_13_25.pdb	10.688	24.132	0	20.586
swarm_72_177.pdb	13.270	25.542	0	20.425
swarm_36_29.pdb	14.486	42.959	0	20.292
swarm_71_171.pdb	10.136	21.955	0	20.152
swarm_45_197.pdb	9.648	18.438	0	20.131
swarm_48_76.pdb	11.228	26.312	0	20.078
swarm_66_176.pdb	11.703	18.971	0	20.019
swarm_5_4.pdb	10.031	26.314	0	19.974
swarm_5_11.pdb	11.750	24.563	0	19.805
swarm_1_184.pdb	11.063	17.604	0	19.805
swarm_46_80.pdb	12.030	32.697	0	19.721
swarm_48_133.pdb	7.839	25.733	0.125	19.561
swarm_16_22.pdb	13.814	22.745	0	19.508
swarm_15_158.pdb	10.386	18.488	0	19.229
swarm_48_116.pdb	12.261	24.163	0	18.985
swarm_19_129.pdb	13.073	32.164	0	18.898
swarm_0_181.pdb	14.886	45.433	0	18.769
swarm_16_180.pdb	8.011	15.303	0.0178571	18.645
swarm_34_121.pdb	10.903	21.105	0	18.638
swarm_50_2.pdb	14.094	28.375	0	18.435
swarm_34_70.pdb	8.560	14.002	0	18.375
swarm_36_164.pdb	14.854	39.777	0	18.154
swarm_19_143.pdb	12.882	33.287	0	18.003
swarm_1_56.pdb	9.625	13.786	0	17.510
swarm_29_60.pdb	9.794	16.301	0	17.202
swarm_26_12.pdb	15.460	38.348	0	16.962
swarm_26_103.pdb	13.535	38.957	0	16.269
swarm_26_182.pdb	12.208	31.834	0	16.185
swarm_48_67.pdb	10.527	33.055	0	16.114
swarm_47_85.pdb	17.754	52.469	0	15.397
swarm_12_123.pdb	10.261	23.734	0	15.190
swarm_34_145.pdb	9.399	13.596	0	15.113
swarm_6_47.pdb	14.792	45.190	0	14.870
swarm_65_158.pdb	9.884	35.072	0.0178571	14.423
swarm_48_7.pdb	14.589	31.687	0	14.247
swarm_72_142.pdb	10.626	23.726	0.0178571	14.231
swarm_54_61.pdb	9.691	19.349	0	14.031
swarm_36_182.pdb	13.829	40.359	0	13.772
swarm_66_68.pdb	15.363	25.762	0	13.403
swarm_44_40.pdb	16.639	41.932	0	13.233
swarm_46_186.pdb	8.130	24.724	0.178571	12.804
swarm_6_70.pdb	15.771	41.600	0	12.681
swarm_70_144.pdb	9.450	19.775	0.0178571	12.428
swarm_65_173.pdb	12.417	41.024	0	11.796
swarm_26_22.pdb	11.225	36.387	0	11.431
swarm_19_16.pdb	10.325	26.223	0	11.306
swarm_15_13.pdb	12.278	19.042	0	11.198
swarm_50_141.pdb	11.269	27.735	0	10.513
swarm_71_196.pdb	15.209	27.521	0	7.847
swarm_36_47.pdb	16.599	36.969	0	6.131
swarm_46_124.pdb	10.912	34.150	0	6.129
swarm_12_98.pdb	7.543	14.263	0	4.318
swarm_66_17.pdb	12.135	23.568	0	4.287
swarm_6_155.pdb	16.514	40.209	0	3.048
swarm_35_171.pdb	10.086	34.175	0.0178571	2.862
swarm_14_198.pdb	9.270	14.266	0	2.112
swarm_52_138.pdb	14.712	23.771	0	1.781
swarm_71_86.pdb	10.881	29.107	0	1.763
