swarm_58_74.pdb	10.027	29.294	0.0535714	48.912
swarm_44_154.pdb	9.779	29.582	0.0535714	45.307
swarm_45_9.pdb	16.316	50.426	0	44.109
swarm_42_23.pdb	9.664	30.449	0.0535714	43.323
swarm_9_19.pdb	10.791	32.455	0.0535714	42.301
swarm_64_16.pdb	9.687	30.124	0	42.155
swarm_4_1.pdb	16.469	50.417	0	41.966
swarm_67_136.pdb	16.587	51.253	0	41.847
swarm_58_129.pdb	6.108	22.207	0.125	40.552
swarm_44_161.pdb	7.056	25.565	0.0892857	40.046
swarm_60_189.pdb	5.112	18.714	0.160714	39.564
swarm_47_193.pdb	7.531	17.500	0.0178571	37.388
swarm_53_4.pdb	6.660	16.163	0.0357143	37.010
swarm_55_42.pdb	3.411	11.715	0.357143	36.520
swarm_36_150.pdb	7.146	17.843	0	36.297
swarm_61_156.pdb	5.849	20.484	0.0714286	36.052
swarm_65_80.pdb	16.778	50.132	0	35.800
swarm_64_49.pdb	11.929	37.146	0	35.791
swarm_68_81.pdb	7.689	32.596	0	35.287
swarm_33_47.pdb	2.305	5.645	0.428571	35.184
swarm_63_137.pdb	11.277	35.261	0	34.876
swarm_31_116.pdb	7.166	17.575	0.0178571	34.771
swarm_45_182.pdb	13.341	37.662	0	34.684
swarm_21_196.pdb	5.642	18.875	0.0714286	34.684
swarm_5_62.pdb	6.110	22.717	0.0357143	34.267
swarm_60_163.pdb	7.357	16.019	0.0178571	34.135
swarm_65_148.pdb	11.457	34.844	0	34.034
swarm_20_50.pdb	5.869	19.842	0.0535714	33.756
swarm_54_34.pdb	5.870	19.689	0.0892857	33.492
swarm_59_147.pdb	7.416	31.928	0	33.335
swarm_9_147.pdb	9.681	29.213	0.0357143	33.025
swarm_39_41.pdb	11.243	31.232	0	33.016
swarm_5_102.pdb	4.493	13.508	0.214286	32.793
swarm_58_130.pdb	12.667	29.633	0	32.713
swarm_59_115.pdb	4.807	18.695	0.196429	32.680
swarm_46_68.pdb	12.231	32.232	0	32.655
swarm_58_119.pdb	7.781	19.925	0.0178571	32.574
swarm_8_123.pdb	10.917	33.496	0.0178571	32.519
swarm_18_71.pdb	8.121	18.693	0.0178571	32.454
swarm_58_171.pdb	8.949	28.098	0	31.584
swarm_49_131.pdb	6.884	29.818	0	31.493
swarm_47_3.pdb	11.567	29.883	0	31.398
swarm_60_67.pdb	16.138	51.318	0	31.374
swarm_62_81.pdb	5.380	17.277	0.303571	31.359
swarm_20_64.pdb	7.021	22.284	0.0535714	31.287
swarm_49_85.pdb	9.878	30.078	0	31.186
swarm_77_180.pdb	8.156	30.537	0.0357143	31.161
swarm_53_157.pdb	8.498	20.582	0	31.132
swarm_51_49.pdb	11.438	35.292	0	31.010
swarm_51_143.pdb	15.679	51.692	0	30.946
swarm_58_79.pdb	12.023	28.806	0	30.921
swarm_65_20.pdb	10.472	30.192	0	30.835
swarm_34_172.pdb	12.211	37.310	0	30.260
swarm_48_58.pdb	13.894	42.897	0	30.153
swarm_39_184.pdb	5.538	16.866	0.178571	30.010
swarm_46_13.pdb	10.745	25.761	0	29.772
swarm_30_124.pdb	12.389	35.137	0	29.767
swarm_42_88.pdb	10.800	29.136	0	29.732
swarm_76_140.pdb	12.476	35.500	0	29.668
swarm_22_124.pdb	16.305	47.388	0	29.668
swarm_33_59.pdb	5.493	20.368	0.267857	29.506
swarm_52_70.pdb	7.698	22.651	0	29.425
swarm_9_89.pdb	7.605	22.579	0	29.248
swarm_39_161.pdb	8.018	23.085	0	29.157
swarm_17_191.pdb	13.169	19.298	0	29.029
swarm_40_153.pdb	3.913	12.808	0.232143	28.427
swarm_66_100.pdb	12.578	39.734	0	28.373
swarm_57_169.pdb	8.344	23.538	0	28.347
swarm_45_182.pdb	12.780	18.867	0	28.198
swarm_32_0.pdb	15.545	51.649	0	28.126
swarm_35_42.pdb	7.662	22.841	0	28.012
swarm_66_181.pdb	9.747	35.598	0	27.918
swarm_64_56.pdb	17.785	53.824	0	27.830
swarm_33_19.pdb	15.839	47.030	0	27.485
swarm_49_126.pdb	17.921	53.102	0	27.475
swarm_54_8.pdb	8.573	30.142	0.0535714	27.283
swarm_53_47.pdb	5.330	19.305	0.142857	27.221
swarm_51_60.pdb	7.357	20.560	0	27.207
swarm_35_54.pdb	16.155	47.755	0	27.128
swarm_43_75.pdb	12.270	18.478	0	27.108
swarm_46_113.pdb	10.112	23.657	0	27.001
swarm_12_67.pdb	5.073	10.288	0.178571	26.995
swarm_20_89.pdb	10.042	26.793	0	26.912
swarm_58_98.pdb	7.570	21.518	0.0357143	26.902
swarm_31_37.pdb	11.077	29.703	0	26.745
swarm_17_15.pdb	8.628	28.306	0	26.584
swarm_25_87.pdb	8.290	23.404	0	26.429
swarm_11_4.pdb	7.892	29.023	0.0178571	26.375
swarm_65_106.pdb	17.918	54.006	0	26.279
swarm_37_48.pdb	3.214	10.672	0.214286	25.908
swarm_25_55.pdb	17.092	53.132	0	25.727
swarm_32_190.pdb	7.952	26.118	0.107143	25.702
swarm_61_31.pdb	15.439	51.218	0	25.490
swarm_60_65.pdb	8.228	19.829	0.0178571	25.396
swarm_48_156.pdb	7.339	31.220	0	25.348
swarm_43_31.pdb	7.117	20.145	0.0178571	25.264
swarm_18_51.pdb	8.871	22.769	0.0178571	25.127
swarm_23_25.pdb	4.922	8.302	0.0714286	24.935
swarm_29_6.pdb	12.078	17.336	0	24.877
swarm_25_59.pdb	10.326	27.856	0.0178571	24.689
swarm_15_45.pdb	9.523	30.216	0	24.671
swarm_23_191.pdb	15.384	39.477	0	24.471
swarm_0_52.pdb	15.554	47.372	0	24.453
swarm_31_190.pdb	11.764	29.546	0	24.427
swarm_16_3.pdb	10.920	34.859	0	24.418
swarm_71_61.pdb	13.190	21.327	0	24.406
swarm_50_9.pdb	7.816	23.569	0	24.129
swarm_15_107.pdb	12.747	20.602	0	24.031
swarm_60_161.pdb	9.236	23.754	0.0535714	24.027
swarm_9_194.pdb	7.223	24.990	0.0892857	23.922
swarm_66_88.pdb	6.737	32.901	0.0357143	23.911
swarm_62_53.pdb	6.617	27.673	0.0535714	23.747
swarm_16_6.pdb	10.353	15.060	0	23.718
swarm_53_104.pdb	8.559	33.461	0	23.627
swarm_18_51.pdb	8.791	28.334	0	23.600
swarm_56_71.pdb	8.028	26.579	0.0714286	23.460
swarm_42_149.pdb	13.455	36.609	0	23.455
swarm_14_88.pdb	13.166	19.804	0	23.437
swarm_41_193.pdb	4.729	9.083	0.0714286	23.410
swarm_43_198.pdb	10.894	21.025	0	23.403
swarm_11_180.pdb	10.834	19.692	0	23.183
swarm_46_172.pdb	8.867	22.834	0	23.178
swarm_53_109.pdb	11.192	35.512	0	23.128
swarm_60_162.pdb	8.626	33.963	0	23.109
swarm_43_97.pdb	3.019	9.858	0.178571	23.067
swarm_52_77.pdb	10.382	23.686	0	23.065
swarm_42_95.pdb	4.711	14.099	0.107143	22.887
swarm_9_40.pdb	12.216	33.299	0	22.880
swarm_35_167.pdb	6.559	15.415	0.0357143	22.851
swarm_25_8.pdb	10.899	29.930	0	22.850
swarm_41_143.pdb	5.565	10.296	0.0357143	22.733
swarm_33_160.pdb	15.953	47.744	0	22.601
swarm_60_70.pdb	11.824	26.255	0	22.571
swarm_16_68.pdb	12.990	39.921	0	22.555
swarm_36_165.pdb	7.920	30.068	0	22.535
swarm_28_159.pdb	6.491	14.784	0.0178571	22.377
swarm_61_12.pdb	8.410	31.093	0.0178571	22.285
swarm_42_73.pdb	5.430	20.314	0.0535714	22.282
swarm_50_173.pdb	5.487	20.717	0.0535714	22.213
swarm_25_91.pdb	10.748	23.489	0	22.212
swarm_50_190.pdb	10.897	21.608	0	22.194
swarm_12_183.pdb	11.854	18.724	0	22.185
swarm_10_91.pdb	10.666	17.380	0	22.074
swarm_60_95.pdb	13.488	37.881	0	21.964
swarm_0_181.pdb	11.427	36.775	0	21.830
swarm_54_106.pdb	12.982	20.950	0	21.792
swarm_50_175.pdb	7.264	20.238	0.0178571	21.666
swarm_49_95.pdb	5.411	20.456	0.0178571	21.660
swarm_34_71.pdb	4.435	14.795	0.25	21.392
swarm_32_117.pdb	16.377	47.796	0	21.312
swarm_64_138.pdb	13.428	38.613	0	21.217
swarm_40_137.pdb	3.453	9.575	0.357143	21.195
swarm_49_120.pdb	15.700	48.703	0	21.133
swarm_13_21.pdb	7.580	15.629	0.125	20.990
swarm_68_113.pdb	10.323	36.283	0.0178571	20.828
swarm_22_12.pdb	15.496	47.743	0	20.684
swarm_44_81.pdb	13.572	29.525	0	20.649
swarm_7_8.pdb	11.680	31.684	0	20.635
swarm_72_110.pdb	10.406	38.208	0	20.600
swarm_13_25.pdb	10.688	24.132	0	20.586
swarm_32_67.pdb	6.471	23.715	0.0357143	20.573
swarm_45_103.pdb	12.402	33.808	0	20.569
swarm_72_177.pdb	13.270	25.542	0	20.425
swarm_36_92.pdb	11.714	27.776	0	20.341
swarm_36_29.pdb	14.486	42.959	0	20.292
swarm_71_171.pdb	10.136	21.955	0	20.152
swarm_45_197.pdb	9.648	18.438	0	20.131
swarm_48_76.pdb	11.228	26.312	0	20.078
swarm_58_42.pdb	9.828	27.659	0.0535714	20.051
swarm_38_85.pdb	7.617	25.825	0	20.025
swarm_66_176.pdb	11.703	18.971	0	20.019
swarm_14_86.pdb	6.490	11.089	0.0357143	19.989
swarm_5_4.pdb	10.031	26.314	0	19.974
swarm_33_108.pdb	7.774	26.293	0	19.841
swarm_5_11.pdb	11.750	24.563	0	19.805
swarm_1_184.pdb	11.063	17.604	0	19.805
swarm_46_80.pdb	12.030	32.697	0	19.721
swarm_48_133.pdb	7.839	25.733	0.125	19.561
swarm_16_22.pdb	13.814	22.745	0	19.508
swarm_57_106.pdb	11.770	35.812	0	19.447
swarm_59_118.pdb	8.567	32.361	0	19.356
swarm_15_158.pdb	10.386	18.488	0	19.229
swarm_41_100.pdb	3.624	10.138	0.25	19.194
swarm_41_73.pdb	9.232	17.811	0	19.159
swarm_48_116.pdb	12.261	24.163	0	18.985
swarm_19_129.pdb	13.073	32.164	0	18.898
swarm_0_181.pdb	14.886	45.433	0	18.769
swarm_16_180.pdb	8.011	15.303	0.0178571	18.645
swarm_34_121.pdb	10.903	21.105	0	18.638
swarm_50_2.pdb	14.094	28.375	0	18.435
swarm_46_165.pdb	7.849	26.352	0	18.432
swarm_34_70.pdb	8.560	14.002	0	18.375
swarm_11_56.pdb	8.513	24.903	0.0892857	18.299
swarm_18_150.pdb	12.172	34.726	0	18.230
swarm_16_41.pdb	11.764	33.788	0	18.167
swarm_36_164.pdb	14.854	39.777	0	18.154
swarm_31_132.pdb	8.630	31.030	0	18.131
swarm_44_45.pdb	11.733	31.206	0.0178571	18.013
swarm_19_143.pdb	12.882	33.287	0	18.003
swarm_30_101.pdb	8.970	28.665	0	17.997
swarm_52_118.pdb	11.417	35.206	0	17.951
swarm_38_14.pdb	6.389	17.693	0.0535714	17.893
swarm_36_90.pdb	11.717	25.385	0	17.890
swarm_36_59.pdb	7.415	24.176	0.0714286	17.865
swarm_4_108.pdb	9.873	29.317	0	17.848
swarm_60_106.pdb	15.203	43.887	0	17.816
swarm_60_196.pdb	13.113	40.716	0	17.617
swarm_1_56.pdb	9.625	13.786	0	17.510
swarm_29_60.pdb	9.794	16.301	0	17.202
swarm_45_34.pdb	10.903	33.811	0	17.123
swarm_26_12.pdb	15.460	38.348	0	16.962
swarm_25_25.pdb	10.126	31.599	0.0178571	16.889
swarm_53_135.pdb	11.986	34.027	0	16.810
swarm_48_129.pdb	8.247	29.396	0	16.679
swarm_26_103.pdb	13.535	38.957	0	16.269
swarm_26_182.pdb	12.208	31.834	0	16.185
swarm_48_67.pdb	10.527	33.055	0	16.114
swarm_51_82.pdb	9.711	26.681	0.0178571	15.717
swarm_51_64.pdb	14.200	39.921	0	15.630
swarm_47_85.pdb	17.754	52.469	0	15.397
swarm_53_161.pdb	14.094	40.333	0	15.271
swarm_12_123.pdb	10.261	23.734	0	15.190
swarm_32_81.pdb	9.374	30.800	0	15.189
swarm_34_145.pdb	9.399	13.596	0	15.113
swarm_6_47.pdb	14.792	45.190	0	14.870
swarm_65_158.pdb	9.884	35.072	0.0178571	14.423
swarm_48_7.pdb	14.589	31.687	0	14.247
swarm_72_142.pdb	10.626	23.726	0.0178571	14.231
swarm_54_61.pdb	9.691	19.349	0	14.031
swarm_36_182.pdb	13.829	40.359	0	13.772
swarm_66_68.pdb	15.363	25.762	0	13.403
swarm_44_40.pdb	16.639	41.932	0	13.233
swarm_42_167.pdb	9.884	29.010	0.0178571	13.143
swarm_46_186.pdb	8.130	24.724	0.178571	12.804
swarm_6_70.pdb	15.771	41.600	0	12.681
swarm_70_144.pdb	9.450	19.775	0.0178571	12.428
swarm_38_165.pdb	12.564	33.590	0	12.314
swarm_17_12.pdb	13.638	45.780	0	12.028
swarm_65_173.pdb	12.417	41.024	0	11.796
swarm_26_22.pdb	11.225	36.387	0	11.431
swarm_19_16.pdb	10.325	26.223	0	11.306
swarm_15_13.pdb	12.278	19.042	0	11.198
swarm_35_165.pdb	11.276	35.226	0	10.649
swarm_28_35.pdb	8.532	26.327	0	10.550
swarm_50_141.pdb	11.269	27.735	0	10.513
swarm_44_164.pdb	7.116	24.789	0.142857	10.290
swarm_60_171.pdb	8.618	26.171	0.0357143	10.006
swarm_37_1.pdb	11.801	38.050	0	9.862
swarm_58_7.pdb	8.554	26.768	0.0535714	8.781
swarm_71_196.pdb	15.209	27.521	0	7.847
swarm_62_93.pdb	6.600	26.189	0.0892857	7.712
swarm_47_120.pdb	10.352	22.625	0	6.338
swarm_36_47.pdb	16.599	36.969	0	6.131
swarm_46_124.pdb	10.912	34.150	0	6.129
swarm_36_112.pdb	8.078	27.663	0.0178571	6.034
swarm_39_188.pdb	18.930	56.615	0	5.946
swarm_63_196.pdb	11.512	35.401	0	5.571
swarm_32_152.pdb	11.983	36.309	0	4.922
swarm_12_98.pdb	7.543	14.263	0	4.318
swarm_66_17.pdb	12.135	23.568	0	4.287
swarm_25_32.pdb	9.543	29.823	0.0357143	4.154
swarm_35_93.pdb	17.374	48.126	0	3.994
swarm_51_178.pdb	13.603	35.546	0	3.197
swarm_6_155.pdb	16.514	40.209	0	3.048
swarm_35_171.pdb	10.086	34.175	0.0178571	2.862
swarm_67_67.pdb	12.287	32.561	0	2.843
swarm_14_198.pdb	9.270	14.266	0	2.112
swarm_52_138.pdb	14.712	23.771	0	1.781
swarm_71_86.pdb	10.881	29.107	0	1.763
