swarm_62_56.pdb	13.322	31.686	0.0178571	42.478
swarm_62_173.pdb	15.327	33.560	0.0178571	41.741
swarm_75_164.pdb	10.802	28.226	0.0357143	40.285
swarm_74_32.pdb	13.848	28.204	0.0535714	38.464
swarm_33_159.pdb	12.197	32.252	0	38.262
swarm_63_120.pdb	14.026	32.889	0.0357143	38.226
swarm_63_51.pdb	12.732	30.658	0.0178571	36.900
swarm_52_20.pdb	12.093	32.549	0.0535714	36.698
swarm_58_57.pdb	12.995	24.896	0.0714286	35.953
swarm_52_12.pdb	15.760	29.848	0	35.746
swarm_11_156.pdb	10.976	30.834	0.0892857	35.743
swarm_66_164.pdb	3.869	15.526	0.285714	35.566
swarm_63_123.pdb	13.050	26.425	0.0357143	35.023
swarm_38_123.pdb	10.520	28.692	0.125	35.009
swarm_75_119.pdb	13.096	31.325	0	34.960
swarm_18_62.pdb	14.414	28.729	0.0357143	34.307
swarm_38_165.pdb	7.870	24.976	0.0178571	33.497
swarm_16_136.pdb	6.947	21.168	0.0535714	33.444
swarm_75_161.pdb	15.427	27.050	0	33.213
swarm_38_54.pdb	9.465	27.642	0.0178571	33.045
swarm_71_34.pdb	12.048	34.282	0.0892857	32.316
swarm_2_119.pdb	11.373	32.872	0.0535714	32.232
swarm_63_2.pdb	15.117	27.063	0	32.161
swarm_3_178.pdb	5.248	13.440	0.196429	32.161
swarm_74_3.pdb	10.609	27.612	0.0178571	32.009
swarm_47_59.pdb	14.228	23.548	0	31.993
swarm_1_94.pdb	10.883	20.901	0.0714286	31.949
swarm_44_177.pdb	15.801	27.164	0.0535714	31.729
swarm_35_98.pdb	12.196	34.012	0	31.708
swarm_4_122.pdb	13.385	24.513	0.0892857	31.650
swarm_66_11.pdb	9.514	23.781	0.0892857	31.629
swarm_33_175.pdb	5.604	23.095	0.0714286	31.438
swarm_3_92.pdb	15.756	25.699	0.0714286	31.393
swarm_66_132.pdb	11.386	25.711	0.107143	31.381
swarm_75_32.pdb	13.812	31.817	0.0178571	31.158
swarm_11_71.pdb	18.175	40.000	0	30.966
swarm_75_175.pdb	5.491	20.455	0.0714286	30.846
swarm_4_2.pdb	11.055	21.402	0.107143	30.714
swarm_53_126.pdb	15.140	36.069	0	30.702
swarm_34_12.pdb	15.074	25.769	0.0535714	30.627
swarm_54_139.pdb	11.921	30.954	0.0178571	30.541
swarm_75_113.pdb	15.102	34.240	0.0357143	30.532
swarm_16_9.pdb	15.041	27.308	0	30.506
swarm_54_101.pdb	12.718	24.888	0	30.296
swarm_53_136.pdb	10.357	27.544	0.0714286	30.263
swarm_40_114.pdb	11.895	28.390	0.0178571	30.141
swarm_35_195.pdb	11.852	31.385	0	30.135
swarm_35_108.pdb	14.722	36.739	0	30.111
swarm_63_103.pdb	5.607	16.468	0.107143	30.099
swarm_17_199.pdb	5.693	14.904	0.196429	29.992
swarm_24_27.pdb	16.644	30.254	0	29.926
swarm_17_64.pdb	13.726	24.661	0	29.885
swarm_30_138.pdb	12.874	40.248	0	29.669
swarm_47_163.pdb	15.121	23.741	0	29.619
swarm_40_130.pdb	13.639	30.358	0.0357143	29.618
swarm_33_87.pdb	13.232	32.040	0	29.582
swarm_61_111.pdb	11.821	31.159	0.0535714	29.446
swarm_6_62.pdb	6.174	13.053	0.196429	29.380
swarm_35_39.pdb	13.928	35.956	0	29.331
swarm_2_20.pdb	13.334	31.425	0	29.187
swarm_2_171.pdb	14.999	31.879	0	29.076
swarm_54_141.pdb	13.247	25.958	0	28.990
swarm_63_77.pdb	15.221	31.029	0	28.882
swarm_56_189.pdb	14.892	38.214	0	28.870
swarm_74_52.pdb	4.346	16.212	0.196429	28.749
swarm_3_99.pdb	11.256	22.615	0.0892857	28.724
swarm_75_123.pdb	11.148	28.387	0.0357143	28.604
swarm_52_51.pdb	13.333	26.806	0	28.582
swarm_74_107.pdb	15.458	28.704	0	28.581
swarm_15_173.pdb	13.034	23.842	0	28.549
swarm_16_193.pdb	11.160	23.358	0.0535714	28.285
swarm_20_190.pdb	3.056	10.214	0.339286	28.194
swarm_33_71.pdb	9.794	26.315	0.0714286	28.076
swarm_20_109.pdb	13.899	25.518	0	27.914
swarm_74_73.pdb	6.657	22.801	0.0714286	27.822
swarm_7_53.pdb	12.713	25.257	0.0535714	27.640
swarm_75_54.pdb	14.147	30.892	0	27.602
swarm_16_164.pdb	15.367	27.997	0	27.597
swarm_47_78.pdb	6.131	13.886	0.160714	27.515
swarm_3_129.pdb	14.720	26.884	0	27.367
swarm_19_13.pdb	5.156	10.777	0.25	27.364
swarm_3_18.pdb	16.363	28.012	0	27.359
swarm_35_93.pdb	10.752	31.638	0.0178571	27.330
swarm_47_105.pdb	15.029	21.728	0	27.206
swarm_44_51.pdb	15.609	26.077	0	27.102
swarm_20_135.pdb	7.380	19.884	0.0178571	27.077
swarm_26_179.pdb	13.280	24.587	0.0357143	26.950
swarm_62_120.pdb	14.532	29.079	0.0357143	26.807
swarm_61_1.pdb	11.087	28.033	0.0178571	26.795
swarm_66_169.pdb	15.643	28.572	0	26.788
swarm_35_66.pdb	16.408	40.065	0.125	26.730
swarm_35_57.pdb	10.882	29.624	0	26.650
swarm_66_25.pdb	11.150	27.199	0	26.545
swarm_33_190.pdb	14.732	33.905	0	26.474
swarm_47_50.pdb	15.304	24.206	0	26.434
swarm_16_181.pdb	15.405	30.940	0	26.427
swarm_44_127.pdb	15.981	24.933	0	26.372
swarm_56_191.pdb	15.442	41.702	0.0892857	26.355
swarm_36_109.pdb	18.954	41.755	0	26.285
swarm_11_190.pdb	11.123	31.420	0	26.243
swarm_50_29.pdb	8.598	20.380	0.0714286	26.214
swarm_3_120.pdb	12.329	24.545	0.0714286	26.191
swarm_10_157.pdb	14.471	26.158	0	26.127
swarm_7_150.pdb	14.987	23.592	0	26.028
swarm_35_138.pdb	10.164	31.851	0	25.996
swarm_38_177.pdb	13.917	28.744	0	25.978
swarm_17_112.pdb	14.476	26.561	0.107143	25.929
swarm_62_189.pdb	5.621	22.323	0.0535714	25.856
swarm_2_59.pdb	17.497	39.047	0	25.845
swarm_4_64.pdb	12.660	19.973	0	25.844
swarm_44_124.pdb	6.315	14.618	0.160714	25.835
swarm_33_41.pdb	15.537	28.703	0	25.785
swarm_54_122.pdb	4.752	14.888	0.107143	25.723
swarm_33_171.pdb	15.552	33.477	0	25.717
swarm_13_22.pdb	5.619	15.616	0.0535714	25.669
swarm_32_186.pdb	11.500	32.907	0	25.529
swarm_0_31.pdb	9.777	32.568	0.0357143	25.514
swarm_71_83.pdb	16.164	37.475	0	25.486
swarm_55_84.pdb	15.431	26.882	0	25.471
swarm_26_158.pdb	14.906	25.412	0.0535714	25.435
swarm_49_187.pdb	9.320	28.145	0.0178571	25.389
swarm_18_60.pdb	14.487	26.622	0	25.343
swarm_30_48.pdb	11.640	32.262	0.0178571	25.333
swarm_61_40.pdb	6.495	19.915	0.0714286	25.275
swarm_63_112.pdb	12.640	30.277	0.0178571	25.191
swarm_58_67.pdb	7.563	18.366	0.107143	25.069
swarm_62_0.pdb	8.616	31.162	0.0357143	25.055
swarm_51_34.pdb	9.589	31.275	0.0714286	25.034
swarm_35_166.pdb	18.468	38.449	0	25.032
swarm_53_37.pdb	11.359	28.438	0.0892857	24.993
swarm_26_116.pdb	4.722	8.943	0.214286	24.974
swarm_36_125.pdb	13.098	38.102	0	24.928
swarm_55_146.pdb	6.852	14.417	0.0892857	24.907
swarm_47_14.pdb	9.034	17.177	0.125	24.890
swarm_20_63.pdb	5.689	14.571	0.0535714	24.868
swarm_48_152.pdb	9.920	22.950	0.0535714	24.817
swarm_42_13.pdb	10.781	27.877	0.107143	24.753
swarm_69_80.pdb	12.469	37.486	0.0535714	24.697
swarm_69_159.pdb	13.541	39.379	0	24.662
swarm_62_135.pdb	16.195	34.491	0	24.631
swarm_38_8.pdb	15.271	27.142	0	24.631
swarm_60_75.pdb	7.522	20.811	0.0357143	24.626
swarm_74_165.pdb	10.290	24.071	0.0178571	24.623
swarm_35_96.pdb	11.533	32.147	0	24.565
swarm_57_22.pdb	10.867	32.623	0	24.553
swarm_58_43.pdb	7.216	14.712	0	24.547
swarm_17_18.pdb	15.240	24.490	0	24.502
swarm_9_74.pdb	7.536	17.637	0.107143	24.479
swarm_11_73.pdb	14.113	33.238	0.160714	24.379
swarm_16_127.pdb	6.686	15.400	0.107143	24.339
swarm_25_51.pdb	15.270	28.609	0.0357143	24.311
swarm_35_32.pdb	11.602	30.341	0	24.304
swarm_11_117.pdb	8.952	28.480	0.0178571	24.195
swarm_45_0.pdb	5.838	15.882	0.160714	24.178
swarm_19_166.pdb	9.683	19.638	0.0535714	24.071
swarm_44_146.pdb	10.034	18.503	0	24.032
swarm_42_70.pdb	8.084	29.228	0.0714286	23.923
swarm_66_146.pdb	13.059	23.968	0	23.872
swarm_20_36.pdb	9.342	20.177	0	23.734
swarm_6_90.pdb	11.024	21.869	0.0178571	23.666
swarm_1_122.pdb	4.627	9.935	0.178571	23.653
swarm_11_36.pdb	8.405	24.065	0	23.554
swarm_66_62.pdb	14.343	28.954	0	23.532
swarm_9_49.pdb	13.286	24.765	0	23.530
swarm_10_4.pdb	15.144	26.815	0	23.516
swarm_38_175.pdb	7.433	19.954	0	23.489
swarm_71_40.pdb	17.015	37.344	0	23.426
swarm_38_57.pdb	11.821	30.211	0	23.348
swarm_18_39.pdb	15.430	28.786	0	23.272
swarm_44_113.pdb	6.995	17.981	0.107143	23.148
swarm_48_153.pdb	7.547	18.486	0.107143	23.137
swarm_40_109.pdb	8.632	19.670	0.0535714	23.104
swarm_75_6.pdb	9.945	26.946	0.178571	23.086
swarm_61_9.pdb	18.198	32.631	0	23.039
swarm_53_30.pdb	11.899	23.595	0	23.006
swarm_66_195.pdb	13.852	25.504	0.0535714	22.999
swarm_54_76.pdb	10.772	29.179	0.0178571	22.933
swarm_8_161.pdb	14.099	28.507	0.0357143	22.926
swarm_55_116.pdb	14.935	28.966	0.0714286	22.909
swarm_34_81.pdb	13.628	23.385	0	22.882
swarm_35_3.pdb	12.004	30.581	0	22.860
swarm_75_109.pdb	14.829	27.262	0	22.855
swarm_1_50.pdb	6.135	10.201	0.125	22.839
swarm_66_114.pdb	9.184	21.520	0.0714286	22.812
swarm_7_107.pdb	16.420	26.014	0	22.788
swarm_34_109.pdb	13.263	22.211	0	22.741
swarm_39_165.pdb	7.497	25.709	0.160714	22.732
swarm_45_172.pdb	13.726	21.710	0	22.694
swarm_55_80.pdb	17.308	30.805	0	22.652
swarm_26_164.pdb	14.333	26.346	0.0714286	22.607
swarm_5_50.pdb	16.056	29.595	0	22.577
swarm_38_167.pdb	16.292	33.237	0	22.532
swarm_7_34.pdb	9.683	21.330	0.0892857	22.514
swarm_63_100.pdb	14.541	32.083	0	22.488
swarm_68_14.pdb	15.522	28.496	0	22.419
swarm_51_148.pdb	17.723	39.098	0	22.412
swarm_16_35.pdb	7.538	20.924	0.142857	22.385
swarm_20_164.pdb	15.931	26.541	0.0714286	22.329
swarm_59_105.pdb	10.202	33.190	0.0178571	22.273
swarm_48_48.pdb	13.850	26.032	0.0535714	22.267
swarm_58_69.pdb	7.495	18.346	0.107143	22.264
swarm_75_69.pdb	12.651	29.029	0	22.199
swarm_18_22.pdb	8.150	20.333	0.0714286	22.120
swarm_43_88.pdb	8.570	27.091	0.0714286	22.094
swarm_9_99.pdb	17.280	32.511	0.0357143	22.081
swarm_14_138.pdb	15.690	32.458	0.0357143	22.068
swarm_75_179.pdb	15.184	24.249	0	21.992
swarm_39_36.pdb	10.098	33.418	0.0892857	21.974
swarm_26_55.pdb	11.880	18.447	0	21.974
swarm_44_144.pdb	3.542	7.993	0.178571	21.923
swarm_41_177.pdb	5.792	20.358	0.0178571	21.888
swarm_34_46.pdb	13.465	24.264	0	21.823
swarm_68_26.pdb	10.024	21.600	0.0535714	21.801
swarm_61_10.pdb	10.327	28.011	0.0714286	21.743
swarm_48_36.pdb	9.700	21.693	0.0535714	21.730
swarm_28_79.pdb	17.067	33.778	0	21.677
swarm_7_177.pdb	18.221	33.103	0	21.642
swarm_17_23.pdb	14.910	23.651	0	21.493
swarm_74_86.pdb	13.867	28.099	0	21.446
swarm_20_175.pdb	15.393	30.358	0	21.402
swarm_38_157.pdb	15.255	26.286	0	21.395
swarm_17_76.pdb	6.047	17.789	0.142857	21.368
swarm_38_100.pdb	13.654	32.949	0.0892857	21.353
swarm_16_161.pdb	8.244	21.947	0.0357143	21.296
swarm_10_50.pdb	7.389	16.880	0.0714286	21.282
swarm_17_147.pdb	15.941	26.134	0	21.245
swarm_10_77.pdb	8.183	12.717	0.0178571	21.187
swarm_20_117.pdb	12.972	21.609	0	21.186
swarm_58_93.pdb	17.108	28.618	0	21.176
swarm_12_57.pdb	12.627	28.966	0.0178571	21.173
swarm_18_96.pdb	10.943	22.011	0	21.146
swarm_61_140.pdb	7.008	19.229	0.0892857	21.104
swarm_38_56.pdb	15.783	34.442	0	21.057
swarm_61_130.pdb	16.507	29.786	0.0178571	21.050
swarm_69_136.pdb	10.978	34.369	0	21.023
swarm_62_133.pdb	15.936	34.671	0	20.919
swarm_60_76.pdb	8.045	26.501	0.107143	20.915
swarm_35_49.pdb	11.452	30.594	0.0178571	20.774
swarm_74_72.pdb	16.164	25.032	0	20.720
swarm_55_134.pdb	16.056	31.652	0	20.694
swarm_52_9.pdb	13.637	26.951	0	20.648
swarm_61_48.pdb	16.898	31.335	0	20.607
swarm_47_177.pdb	14.477	22.014	0	20.607
swarm_75_24.pdb	12.922	29.392	0	20.586
swarm_9_87.pdb	17.060	26.936	0	20.527
swarm_61_37.pdb	15.785	31.357	0	20.479
swarm_13_139.pdb	12.925	25.738	0.0714286	20.448
swarm_13_28.pdb	17.482	29.486	0	20.365
swarm_63_99.pdb	10.126	24.329	0.0535714	20.325
swarm_63_43.pdb	8.396	22.155	0	20.292
swarm_32_14.pdb	11.596	32.562	0.0178571	20.253
swarm_58_26.pdb	9.074	19.171	0.0892857	20.230
swarm_68_107.pdb	6.564	21.552	0.196429	20.190
swarm_19_88.pdb	9.275	16.919	0.0714286	20.088
swarm_50_156.pdb	5.707	13.968	0.0714286	20.068
swarm_43_143.pdb	9.349	29.992	0.142857	20.061
swarm_4_151.pdb	8.229	18.553	0.142857	20.051
swarm_26_125.pdb	6.710	17.431	0.0892857	20.044
swarm_15_28.pdb	17.194	32.975	0	20.001
swarm_50_19.pdb	16.821	24.582	0	19.982
swarm_44_8.pdb	10.524	17.146	0	19.978
swarm_10_19.pdb	9.477	19.615	0.0178571	19.944
swarm_11_40.pdb	12.502	33.307	0	19.905
swarm_31_153.pdb	16.003	29.148	0	19.873
swarm_68_25.pdb	15.188	28.124	0.0357143	19.859
swarm_1_47.pdb	6.613	13.861	0.107143	19.781
swarm_40_163.pdb	9.066	27.091	0.0357143	19.675
swarm_41_130.pdb	13.205	29.347	0.0178571	19.578
swarm_74_66.pdb	14.713	27.518	0	19.534
swarm_18_158.pdb	6.444	18.711	0.0714286	19.509
swarm_25_115.pdb	15.769	31.243	0.0357143	19.478
swarm_7_134.pdb	15.084	26.867	0.0535714	19.431
swarm_1_159.pdb	13.607	21.246	0	19.268
swarm_6_187.pdb	9.684	19.978	0.0535714	19.220
swarm_28_175.pdb	15.073	30.166	0.0357143	19.219
swarm_63_137.pdb	14.107	27.620	0	19.208
swarm_6_67.pdb	15.916	24.834	0	19.149
swarm_8_80.pdb	12.680	21.363	0	19.013
swarm_12_47.pdb	11.318	29.482	0.0535714	19.007
swarm_66_167.pdb	16.385	26.608	0	18.980
swarm_47_142.pdb	13.835	21.865	0	18.943
swarm_8_120.pdb	16.826	27.087	0	18.942
swarm_4_112.pdb	6.950	10.682	0	18.901
swarm_22_156.pdb	17.984	34.071	0	18.879
swarm_51_159.pdb	16.237	31.497	0	18.850
swarm_1_108.pdb	13.705	21.177	0	18.824
swarm_18_138.pdb	13.523	25.981	0	18.788
swarm_53_147.pdb	13.099	28.454	0	18.697
swarm_4_58.pdb	13.510	21.470	0	18.684
swarm_53_70.pdb	9.972	22.748	0	18.664
swarm_1_4.pdb	8.185	15.459	0.0357143	18.558
swarm_3_38.pdb	11.088	21.157	0.0178571	18.488
swarm_66_3.pdb	11.845	27.245	0.0357143	18.456
swarm_50_98.pdb	11.496	23.443	0.0357143	18.450
swarm_74_78.pdb	14.552	35.349	0	18.328
swarm_3_172.pdb	17.128	29.638	0	18.305
swarm_6_180.pdb	7.732	11.921	0.0357143	18.292
swarm_25_171.pdb	17.072	32.063	0	18.201
swarm_2_53.pdb	14.963	34.812	0	18.186
swarm_50_189.pdb	16.746	26.134	0	18.127
swarm_61_101.pdb	15.760	27.268	0	18.125
swarm_53_24.pdb	16.516	28.960	0.0178571	18.123
swarm_8_62.pdb	13.647	23.818	0	18.094
swarm_21_10.pdb	17.031	35.026	0	18.082
swarm_3_127.pdb	12.041	22.255	0	18.053
swarm_62_174.pdb	13.110	34.169	0	18.036
swarm_19_30.pdb	12.776	18.786	0	17.936
swarm_45_24.pdb	10.576	23.300	0.0178571	17.932
swarm_61_52.pdb	12.094	26.308	0.0892857	17.917
swarm_16_78.pdb	14.247	22.436	0	17.907
swarm_60_72.pdb	15.932	31.001	0	17.895
swarm_54_51.pdb	11.056	24.743	0.0178571	17.879
swarm_34_33.pdb	9.398	22.422	0.0178571	17.863
swarm_19_67.pdb	13.191	19.957	0	17.856
swarm_18_73.pdb	12.036	25.711	0	17.855
swarm_47_115.pdb	16.439	25.885	0	17.848
swarm_6_83.pdb	13.119	22.695	0.0178571	17.831
swarm_20_116.pdb	14.318	27.612	0.0357143	17.825
swarm_17_95.pdb	15.050	25.982	0	17.811
swarm_24_189.pdb	12.928	25.309	0	17.791
swarm_20_98.pdb	11.928	25.969	0.0357143	17.762
swarm_62_51.pdb	14.952	34.011	0	17.758
swarm_50_137.pdb	7.803	20.440	0.107143	17.651
swarm_57_20.pdb	13.419	38.488	0.0357143	17.629
swarm_9_180.pdb	12.431	20.412	0	17.599
swarm_4_142.pdb	4.693	9.213	0.214286	17.559
swarm_45_168.pdb	13.197	25.885	0.0892857	17.547
swarm_7_93.pdb	7.779	15.164	0.107143	17.433
swarm_40_27.pdb	14.460	30.745	0	17.433
swarm_50_90.pdb	5.642	14.063	0.0714286	17.394
swarm_38_45.pdb	15.164	30.303	0	17.281
swarm_10_2.pdb	12.290	25.587	0	17.262
swarm_6_22.pdb	6.554	8.406	0	17.261
swarm_17_17.pdb	12.531	25.282	0.0714286	17.249
swarm_58_110.pdb	10.139	16.885	0	17.210
swarm_44_10.pdb	16.134	25.227	0.0357143	17.181
swarm_19_85.pdb	14.904	23.013	0	17.101
swarm_26_8.pdb	16.525	26.525	0.0178571	17.089
swarm_9_107.pdb	16.880	26.886	0	17.044
swarm_48_26.pdb	9.643	19.832	0.0892857	17.018
swarm_63_182.pdb	16.324	31.039	0	17.017
swarm_19_6.pdb	9.238	17.140	0.0892857	17.004
swarm_17_130.pdb	15.613	24.020	0	16.974
swarm_13_55.pdb	5.409	12.741	0.0535714	16.934
swarm_58_102.pdb	11.819	22.571	0.0714286	16.919
swarm_47_87.pdb	11.576	19.868	0	16.868
swarm_8_113.pdb	13.639	24.916	0	16.818
swarm_64_73.pdb	13.200	39.322	0.0178571	16.802
swarm_16_129.pdb	11.701	24.642	0.0178571	16.755
swarm_26_63.pdb	13.542	23.780	0	16.744
swarm_38_16.pdb	16.923	30.351	0.125	16.734
swarm_75_57.pdb	10.624	30.311	0	16.718
swarm_44_174.pdb	13.745	21.114	0	16.711
swarm_7_2.pdb	17.280	26.323	0	16.670
swarm_1_126.pdb	13.165	20.528	0	16.649
swarm_45_192.pdb	14.283	26.256	0	16.465
swarm_49_102.pdb	13.680	32.589	0.0357143	16.463
swarm_61_115.pdb	15.654	31.644	0	16.392
swarm_6_127.pdb	14.987	22.620	0	16.390
swarm_74_138.pdb	13.948	28.846	0	16.343
swarm_54_49.pdb	16.180	28.862	0	16.304
swarm_19_176.pdb	13.932	23.211	0.0357143	16.245
swarm_40_161.pdb	15.699	25.063	0	16.226
swarm_40_87.pdb	15.510	31.791	0	16.175
swarm_74_112.pdb	12.740	27.944	0	16.119
swarm_60_164.pdb	15.150	26.756	0	16.103
swarm_37_80.pdb	17.701	33.246	0	16.100
swarm_19_148.pdb	12.339	19.361	0	16.082
swarm_44_54.pdb	13.116	19.694	0	16.014
swarm_48_80.pdb	15.823	23.795	0	15.961
swarm_66_115.pdb	8.801	26.499	0.0357143	15.949
swarm_39_76.pdb	13.446	32.397	0.0357143	15.932
swarm_6_64.pdb	14.547	24.259	0	15.907
swarm_25_19.pdb	9.201	18.184	0	15.897
swarm_36_176.pdb	18.176	36.082	0	15.763
swarm_6_115.pdb	11.770	24.031	0.0357143	15.717
swarm_45_182.pdb	4.846	14.244	0.142857	15.696
swarm_43_111.pdb	11.929	27.446	0.0714286	15.665
swarm_20_101.pdb	13.337	23.500	0	15.625
swarm_52_8.pdb	8.602	23.579	0.0892857	15.569
swarm_72_79.pdb	8.611	28.767	0.0178571	15.543
swarm_6_111.pdb	13.085	21.124	0.0535714	15.527
swarm_26_0.pdb	15.765	27.193	0.0178571	15.522
swarm_43_92.pdb	7.695	22.371	0.0178571	15.497
swarm_27_59.pdb	19.053	35.759	0	15.491
swarm_1_148.pdb	15.789	24.347	0.0714286	15.483
swarm_26_67.pdb	16.006	29.464	0	15.434
swarm_55_55.pdb	16.111	26.036	0	15.308
swarm_63_190.pdb	14.277	24.990	0	15.299
swarm_34_110.pdb	16.053	23.718	0	15.241
swarm_4_26.pdb	14.890	24.472	0	15.230
swarm_18_33.pdb	15.019	28.629	0.0357143	15.230
swarm_50_80.pdb	15.205	25.490	0	15.220
swarm_34_187.pdb	5.498	13.878	0.0357143	15.213
swarm_27_93.pdb	14.976	30.136	0	15.211
swarm_17_162.pdb	12.058	25.628	0.0892857	15.141
swarm_31_46.pdb	7.384	20.513	0.0357143	15.115
swarm_1_110.pdb	6.171	10.328	0.178571	15.056
swarm_16_158.pdb	13.522	22.289	0	14.992
swarm_19_91.pdb	15.313	25.682	0.0535714	14.991
swarm_44_18.pdb	13.477	22.676	0	14.986
swarm_3_173.pdb	14.584	24.119	0	14.975
swarm_61_162.pdb	12.708	28.780	0	14.968
swarm_17_195.pdb	14.056	24.013	0.107143	14.939
swarm_6_65.pdb	16.012	23.512	0	14.937
swarm_34_196.pdb	16.276	25.483	0	14.910
swarm_72_113.pdb	8.762	30.753	0.107143	14.854
swarm_47_124.pdb	15.718	24.279	0	14.840
swarm_50_162.pdb	9.448	21.509	0.0357143	14.824
swarm_44_189.pdb	15.788	25.435	0.0535714	14.788
swarm_4_146.pdb	11.549	21.427	0	14.678
swarm_26_54.pdb	15.755	26.364	0	14.660
swarm_9_114.pdb	3.888	11.736	0.0892857	14.649
swarm_24_22.pdb	10.430	21.239	0	14.553
swarm_48_189.pdb	14.287	21.459	0	14.535
swarm_19_54.pdb	11.561	17.298	0	14.485
swarm_49_171.pdb	12.074	27.529	0.0357143	14.475
swarm_36_173.pdb	15.056	37.911	0	14.468
swarm_58_105.pdb	15.884	24.141	0	14.450
swarm_4_32.pdb	13.659	23.499	0	14.389
swarm_48_57.pdb	16.329	24.711	0	14.349
swarm_53_62.pdb	15.080	27.497	0	14.313
swarm_10_76.pdb	4.715	12.551	0.0357143	14.300
swarm_1_197.pdb	15.057	24.134	0	14.282
swarm_40_15.pdb	16.062	32.813	0	14.210
swarm_20_65.pdb	12.109	25.257	0	14.195
swarm_4_17.pdb	15.950	24.200	0	13.975
swarm_4_145.pdb	10.262	18.390	0	13.945
swarm_52_13.pdb	14.487	31.126	0	13.942
swarm_17_137.pdb	13.193	23.659	0	13.900
swarm_55_51.pdb	13.692	25.641	0	13.865
swarm_34_52.pdb	16.488	27.628	0	13.857
swarm_44_52.pdb	12.328	21.434	0.0357143	13.816
swarm_74_47.pdb	15.155	32.914	0	13.742
swarm_7_43.pdb	11.549	20.380	0	13.720
swarm_44_138.pdb	9.142	18.867	0	13.616
swarm_31_50.pdb	12.671	29.574	0.107143	13.592
swarm_2_100.pdb	8.696	28.199	0.0535714	13.569
swarm_6_138.pdb	13.635	20.724	0	13.501
swarm_31_126.pdb	13.920	31.173	0.0357143	13.499
swarm_55_0.pdb	9.696	21.206	0.0357143	13.423
swarm_54_43.pdb	13.818	25.389	0	13.339
swarm_47_153.pdb	12.151	23.085	0	13.264
swarm_58_77.pdb	10.594	19.750	0	13.166
swarm_47_173.pdb	15.875	23.340	0	13.048
swarm_60_152.pdb	15.798	34.329	0	12.989
swarm_17_114.pdb	11.889	19.160	0.0178571	12.925
swarm_17_187.pdb	11.016	17.253	0	12.819
swarm_6_165.pdb	10.439	15.455	0	12.797
swarm_63_125.pdb	15.155	27.442	0	12.792
swarm_53_23.pdb	14.322	27.952	0.0357143	12.663
swarm_3_115.pdb	13.642	25.715	0	12.456
swarm_74_6.pdb	10.355	23.197	0	12.394
swarm_44_164.pdb	14.742	25.342	0.0535714	12.315
swarm_3_179.pdb	9.279	16.851	0	11.851
swarm_31_197.pdb	12.588	29.336	0.0357143	11.749
swarm_27_151.pdb	16.796	37.238	0	11.612
swarm_11_118.pdb	13.108	28.837	0	11.542
swarm_59_114.pdb	12.332	33.682	0	11.457
swarm_55_56.pdb	19.619	32.607	0	11.443
swarm_72_162.pdb	11.626	29.641	0.0357143	11.400
swarm_63_114.pdb	14.420	25.064	0	11.135
swarm_40_184.pdb	10.649	25.245	0.0357143	10.924
swarm_35_45.pdb	14.824	30.609	0	10.692
swarm_3_133.pdb	15.622	24.673	0	10.658
swarm_16_12.pdb	11.394	27.509	0	10.597
swarm_45_146.pdb	15.742	25.330	0	10.494
swarm_66_54.pdb	9.840	19.959	0.0178571	10.170
swarm_0_60.pdb	16.897	37.091	0	9.965
swarm_34_0.pdb	14.225	30.948	0	9.809
swarm_3_187.pdb	10.744	17.853	0	8.692
swarm_35_13.pdb	16.242	36.625	0.0892857	8.600
swarm_50_141.pdb	15.475	28.830	0	8.117
swarm_4_34.pdb	14.673	22.736	0	7.937
swarm_29_4.pdb	14.739	39.183	0	7.011
swarm_73_41.pdb	15.341	42.610	0.0178571	5.514
swarm_17_153.pdb	15.946	27.223	0	5.202
swarm_10_143.pdb	11.440	24.605	0.0357143	4.707
swarm_56_169.pdb	13.679	34.482	0.142857	3.412
swarm_40_146.pdb	15.654	27.431	0	2.734
swarm_34_141.pdb	10.047	15.094	0	1.872
swarm_19_94.pdb	8.100	12.049	0	0.402
