swarm_23_143.pdb	20.497	31.670	0	71.029
swarm_41_51.pdb	20.166	31.492	0	70.684
swarm_43_168.pdb	20.229	31.631	0	68.254
swarm_36_50.pdb	20.481	31.718	0	66.451
swarm_0_36.pdb	20.410	31.766	0	65.785
swarm_43_118.pdb	20.277	31.495	0	63.779
swarm_1_42.pdb	20.652	31.823	0	62.182
swarm_12_183.pdb	20.668	31.651	0	61.891
swarm_28_28.pdb	16.758	31.298	0.0357143	59.988
swarm_37_71.pdb	20.614	31.545	0	58.432
swarm_35_162.pdb	20.527	31.682	0	57.518
swarm_37_173.pdb	20.640	31.652	0	56.105
swarm_27_119.pdb	20.602	38.712	0.0535714	55.980
swarm_11_0.pdb	20.167	38.040	0.0625	53.575
swarm_27_181.pdb	24.365	40.383	0.0178571	47.518
swarm_16_74.pdb	28.866	59.830	0	47.216
swarm_2_31.pdb	12.014	25.925	0	46.887
swarm_24_142.pdb	15.924	28.462	0.0803571	46.227
swarm_24_186.pdb	23.864	40.852	0	45.820
swarm_9_42.pdb	23.389	39.940	0	45.551
swarm_32_44.pdb	12.528	23.702	0.0267857	45.518
swarm_36_68.pdb	13.500	24.951	0	45.327
swarm_37_113.pdb	21.784	36.908	0	45.198
swarm_13_99.pdb	12.606	26.446	0	45.032
swarm_0_59.pdb	21.370	32.940	0	43.982
swarm_24_102.pdb	23.266	40.898	0	43.551
swarm_24_103.pdb	22.379	37.600	0	43.463
swarm_17_14.pdb	21.677	40.262	0	42.973
swarm_23_109.pdb	21.299	32.603	0	42.230
swarm_14_163.pdb	19.448	41.999	0.0178571	42.040
swarm_37_3.pdb	13.814	25.704	0	41.970
swarm_8_78.pdb	28.610	55.429	0	41.587
swarm_19_38.pdb	27.917	51.971	0	41.501
swarm_13_50.pdb	22.598	38.316	0	40.898
swarm_38_178.pdb	21.040	32.063	0	40.628
swarm_20_15.pdb	21.780	38.771	0	39.340
swarm_15_118.pdb	27.052	49.597	0	39.328
swarm_5_61.pdb	27.961	52.625	0	38.690
swarm_27_37.pdb	23.563	40.209	0	38.639
swarm_20_126.pdb	20.867	40.309	0	38.609
swarm_23_39.pdb	21.006	32.248	0	38.528
swarm_38_135.pdb	23.679	37.636	0.00892857	37.660
swarm_14_72.pdb	26.285	49.893	0	37.491
swarm_33_34.pdb	14.096	28.390	0.0446429	37.379
swarm_11_90.pdb	26.430	48.949	0	37.139
swarm_8_179.pdb	27.886	52.429	0	36.876
swarm_34_24.pdb	17.372	30.418	0.0267857	36.753
swarm_44_116.pdb	20.068	31.728	0	36.683
swarm_26_4.pdb	23.599	40.545	0	36.526
swarm_35_157.pdb	19.573	34.120	0	36.501
swarm_11_112.pdb	17.708	36.776	0	36.450
swarm_30_158.pdb	21.343	32.173	0	36.383
swarm_30_123.pdb	21.758	33.874	0	36.353
swarm_7_22.pdb	25.647	43.631	0	36.285
swarm_32_88.pdb	21.206	32.024	0	36.276
swarm_20_125.pdb	19.580	44.710	0.107143	36.174
swarm_27_5.pdb	21.252	32.635	0	36.132
swarm_38_84.pdb	22.661	38.435	0	36.068
swarm_20_148.pdb	13.721	37.006	0	35.855
swarm_30_87.pdb	21.013	32.307	0	35.782
swarm_27_175.pdb	21.937	36.719	0	35.715
swarm_21_66.pdb	22.236	37.209	0	35.696
swarm_26_99.pdb	24.634	43.186	0	35.392
swarm_23_76.pdb	23.951	37.680	0	35.357
swarm_12_178.pdb	21.494	35.025	0.00892857	35.243
swarm_15_148.pdb	22.138	33.243	0	35.200
swarm_36_81.pdb	22.693	36.529	0	35.013
swarm_17_165.pdb	20.204	44.262	0	34.870
swarm_31_128.pdb	13.951	30.207	0.0625	34.825
swarm_17_13.pdb	24.116	41.189	0	34.799
swarm_38_190.pdb	7.734	13.115	0.0357143	34.586
swarm_22_80.pdb	23.012	41.884	0.0267857	34.466
swarm_0_181.pdb	13.240	19.709	0	34.281
swarm_11_188.pdb	26.254	49.633	0	34.165
swarm_8_154.pdb	19.578	36.596	0.0803571	34.162
swarm_24_156.pdb	22.374	37.559	0	34.146
swarm_21_36.pdb	21.159	35.726	0	34.120
swarm_11_134.pdb	18.663	37.181	0	33.997
swarm_11_194.pdb	20.694	39.839	0	33.959
swarm_27_179.pdb	23.815	41.427	0	33.846
swarm_7_147.pdb	23.122	43.473	0	33.802
swarm_31_28.pdb	23.543	39.598	0	33.701
swarm_23_127.pdb	13.807	25.841	0.0625	33.675
swarm_24_63.pdb	23.444	39.952	0	33.645
swarm_30_0.pdb	21.949	34.515	0	33.626
swarm_35_65.pdb	23.947	38.994	0.00892857	33.409
swarm_17_82.pdb	20.623	39.456	0.0267857	33.402
swarm_28_2.pdb	22.082	33.878	0	33.304
swarm_8_183.pdb	25.252	47.279	0	33.232
swarm_15_156.pdb	21.403	32.187	0	33.194
swarm_5_119.pdb	18.992	44.353	0	33.143
swarm_10_154.pdb	26.758	51.152	0	33.142
swarm_8_187.pdb	25.371	47.256	0	33.029
swarm_24_75.pdb	24.522	45.172	0	32.934
swarm_20_135.pdb	20.549	31.941	0	32.929
swarm_32_22.pdb	19.123	34.211	0.0178571	32.866
swarm_37_90.pdb	21.491	32.067	0	32.721
swarm_20_88.pdb	20.392	40.967	0	32.679
swarm_22_140.pdb	18.870	32.260	0	32.489
swarm_38_111.pdb	23.552	38.849	0.00892857	32.434
swarm_8_63.pdb	24.074	42.417	0	32.400
swarm_6_45.pdb	24.330	47.414	0.0178571	32.397
swarm_30_122.pdb	22.677	38.685	0	32.387
swarm_21_71.pdb	26.032	46.376	0.0267857	32.364
swarm_8_24.pdb	24.188	42.664	0	32.341
swarm_0_119.pdb	22.268	37.207	0	32.269
swarm_7_9.pdb	15.613	38.468	0.0714286	32.254
swarm_17_94.pdb	24.188	42.417	0.0267857	32.093
swarm_0_83.pdb	20.946	36.406	0.0178571	32.075
swarm_9_45.pdb	25.385	44.457	0	31.870
swarm_33_164.pdb	22.237	39.663	0	31.809
swarm_30_49.pdb	16.968	26.808	0	31.776
swarm_17_123.pdb	23.061	43.426	0	31.712
swarm_35_60.pdb	21.096	34.290	0	31.682
swarm_5_161.pdb	11.720	32.396	0	31.674
swarm_7_48.pdb	23.099	35.759	0	31.650
swarm_18_138.pdb	21.709	39.625	0.00892857	31.624
swarm_5_76.pdb	26.306	49.958	0	31.601
swarm_23_3.pdb	21.571	35.098	0	31.598
swarm_40_96.pdb	6.946	13.670	0.0625	31.595
swarm_20_128.pdb	23.183	35.351	0	31.313
swarm_27_161.pdb	23.839	40.488	0	31.236
swarm_7_166.pdb	27.951	54.841	0	31.232
swarm_11_111.pdb	19.768	40.827	0	31.113
swarm_32_97.pdb	21.929	35.226	0	31.097
swarm_27_40.pdb	9.630	21.010	0.00892857	31.067
swarm_25_53.pdb	24.035	45.076	0.0625	31.024
swarm_35_34.pdb	10.338	24.094	0.125	31.020
swarm_30_95.pdb	22.287	37.286	0	31.019
swarm_32_52.pdb	18.915	34.791	0.0357143	30.672
swarm_21_3.pdb	23.084	39.461	0.00892857	30.524
swarm_38_119.pdb	14.862	26.778	0.00892857	30.486
swarm_24_23.pdb	23.702	41.538	0	30.401
swarm_20_135.pdb	26.019	47.353	0.0267857	30.164
swarm_24_0.pdb	13.081	26.824	0	30.153
swarm_8_188.pdb	27.114	52.385	0	30.114
swarm_36_72.pdb	21.974	35.358	0	30.013
swarm_21_168.pdb	22.741	37.158	0	29.998
swarm_35_147.pdb	8.837	18.555	0.142857	29.980
swarm_23_162.pdb	22.047	33.912	0	29.958
swarm_0_43.pdb	9.787	17.553	0.0446429	29.834
swarm_14_169.pdb	23.462	42.889	0	29.753
swarm_6_21.pdb	20.256	42.367	0	29.731
swarm_15_58.pdb	25.525	50.595	0.00892857	29.613
swarm_24_8.pdb	22.917	34.449	0	29.497
swarm_0_197.pdb	22.019	33.934	0	29.436
swarm_17_100.pdb	10.312	23.815	0	29.322
swarm_28_110.pdb	12.912	27.743	0	29.234
swarm_24_199.pdb	24.997	42.502	0.0267857	29.230
swarm_30_192.pdb	16.566	25.884	0	29.161
swarm_0_37.pdb	16.105	28.919	0.0178571	29.087
swarm_20_100.pdb	25.660	45.537	0	29.082
swarm_6_16.pdb	25.582	45.406	0	29.005
swarm_7_172.pdb	24.844	44.017	0	28.993
swarm_36_133.pdb	23.203	38.781	0	28.801
swarm_0_126.pdb	21.131	33.040	0	28.767
swarm_7_19.pdb	22.873	37.293	0	28.760
swarm_28_59.pdb	22.797	40.411	0	28.731
swarm_36_186.pdb	21.834	35.317	0	28.693
swarm_28_123.pdb	23.558	41.510	0	28.614
swarm_30_123.pdb	22.353	36.352	0	28.355
swarm_9_119.pdb	24.713	44.026	0	28.346
swarm_2_40.pdb	23.394	42.119	0	28.064
swarm_19_18.pdb	22.709	36.297	0	28.032
swarm_28_103.pdb	23.057	40.229	0	27.685
swarm_26_44.pdb	29.311	57.546	0	27.631
swarm_24_125.pdb	16.243	31.300	0	27.466
swarm_31_181.pdb	22.502	34.335	0	27.390
swarm_26_114.pdb	18.442	38.276	0	27.369
swarm_28_163.pdb	24.855	42.834	0.0357143	27.356
swarm_28_135.pdb	23.751	41.162	0.0446429	27.049
swarm_2_48.pdb	24.251	41.940	0	26.922
swarm_26_36.pdb	19.145	36.026	0.0357143	26.763
swarm_38_19.pdb	9.307	25.542	0.0714286	26.714
swarm_2_181.pdb	23.852	42.303	0	26.593
swarm_33_79.pdb	22.786	38.952	0	26.522
swarm_22_114.pdb	25.120	42.285	0.0535714	26.499
swarm_30_80.pdb	24.425	39.910	0	26.491
swarm_9_52.pdb	26.795	48.252	0	26.360
swarm_32_95.pdb	12.671	25.778	0.0982143	26.316
swarm_7_98.pdb	14.443	24.896	0	26.185
swarm_11_193.pdb	20.494	41.568	0	26.054
swarm_42_94.pdb	29.380	57.958	0	26.034
swarm_38_79.pdb	21.633	34.392	0	26.016
swarm_21_10.pdb	16.199	33.655	0	25.780
swarm_17_138.pdb	24.045	42.051	0	25.772
swarm_18_117.pdb	22.003	35.281	0	25.667
swarm_40_79.pdb	9.048	19.635	0	25.647
swarm_11_72.pdb	16.194	38.278	0	25.505
swarm_9_150.pdb	26.809	49.296	0	25.432
swarm_17_47.pdb	23.491	40.699	0	25.422
swarm_11_173.pdb	21.872	39.177	0	25.388
swarm_24_15.pdb	23.525	40.318	0	25.265
swarm_20_84.pdb	8.404	19.064	0	25.208
swarm_15_134.pdb	17.668	31.722	0	25.151
swarm_7_151.pdb	26.039	46.630	0.0446429	25.144
swarm_9_96.pdb	25.744	48.635	0	25.096
swarm_9_70.pdb	17.615	36.424	0	25.093
swarm_11_199.pdb	25.135	41.701	0	25.017
swarm_22_47.pdb	17.611	33.515	0	25.001
swarm_6_163.pdb	24.711	43.276	0	24.895
swarm_7_67.pdb	11.126	25.810	0.0267857	24.806
swarm_28_185.pdb	23.133	35.835	0	24.570
swarm_33_148.pdb	9.745	20.478	0.116071	24.497
swarm_38_93.pdb	21.758	33.005	0	24.096
swarm_27_116.pdb	18.229	37.394	0	24.064
swarm_30_25.pdb	18.552	35.168	0	24.040
swarm_37_47.pdb	22.414	34.036	0	23.908
swarm_27_62.pdb	10.075	20.590	0.00892857	23.711
swarm_34_127.pdb	21.681	33.781	0	23.550
swarm_35_10.pdb	22.415	36.157	0	23.522
swarm_33_73.pdb	7.085	13.758	0.0267857	23.175
swarm_21_27.pdb	25.859	46.091	0	23.133
swarm_27_165.pdb	24.295	39.953	0	23.123
swarm_21_117.pdb	25.157	46.229	0	23.123
swarm_0_152.pdb	17.378	27.413	0	23.056
swarm_28_195.pdb	15.979	28.430	0	23.048
swarm_19_122.pdb	29.007	56.078	0.0178571	22.850
swarm_7_18.pdb	19.265	34.677	0	22.822
swarm_15_13.pdb	18.933	32.400	0	22.799
swarm_30_20.pdb	22.721	35.806	0	22.757
swarm_4_77.pdb	26.705	43.914	0	22.714
swarm_7_20.pdb	13.562	38.784	0	22.707
swarm_35_87.pdb	10.375	24.946	0	22.640
swarm_13_80.pdb	11.812	21.488	0	22.601
swarm_17_72.pdb	23.655	42.130	0	22.598
swarm_0_15.pdb	15.187	26.911	0.0178571	22.221
swarm_18_143.pdb	23.762	38.311	0	22.215
swarm_23_137.pdb	22.187	37.818	0.00892857	22.059
swarm_28_179.pdb	24.968	42.107	0	21.987
swarm_24_16.pdb	10.259	21.388	0	21.935
swarm_28_80.pdb	21.725	33.727	0	21.466
swarm_23_174.pdb	21.596	35.328	0	20.990
swarm_23_41.pdb	20.980	36.847	0	20.911
swarm_30_1.pdb	21.847	34.433	0	20.860
swarm_35_29.pdb	20.405	35.474	0	20.739
swarm_11_157.pdb	27.093	51.331	0	20.468
swarm_28_185.pdb	19.133	35.780	0	20.351
swarm_6_154.pdb	23.922	45.361	0	20.005
swarm_30_151.pdb	23.071	39.913	0	19.881
swarm_36_73.pdb	17.718	33.572	0.0357143	19.724
swarm_25_121.pdb	30.797	65.215	0	19.694
swarm_32_42.pdb	22.234	36.526	0	19.179
swarm_20_119.pdb	23.811	38.566	0	18.989
swarm_28_196.pdb	15.524	32.092	0	18.721
swarm_36_105.pdb	19.333	33.949	0	18.631
swarm_23_176.pdb	22.946	36.974	0	18.402
swarm_8_31.pdb	24.554	42.112	0	17.918
swarm_7_189.pdb	18.415	31.201	0	17.856
swarm_41_25.pdb	21.260	32.935	0	17.804
swarm_32_54.pdb	19.171	39.012	0.0178571	17.320
swarm_40_109.pdb	18.965	31.339	0	16.786
swarm_9_138.pdb	18.553	37.785	0	16.695
swarm_35_67.pdb	4.139	10.482	0.241071	16.401
swarm_9_121.pdb	18.668	38.254	0.0267857	16.034
swarm_17_191.pdb	25.722	46.879	0	15.994
swarm_15_59.pdb	22.855	38.769	0	15.735
swarm_41_133.pdb	17.788	28.293	0	14.179
swarm_18_113.pdb	22.283	42.716	0.0178571	14.168
swarm_20_179.pdb	14.776	27.206	0.00892857	13.776
swarm_6_113.pdb	24.292	41.991	0	12.728
swarm_30_172.pdb	16.098	31.243	0.0892857	12.345
swarm_11_86.pdb	26.682	51.672	0	12.253
swarm_17_164.pdb	23.139	39.653	0.0267857	12.146
swarm_13_120.pdb	23.774	40.146	0	11.663
swarm_20_168.pdb	19.770	45.019	0	11.302
swarm_27_20.pdb	22.490	36.094	0	5.566
swarm_36_178.pdb	23.690	38.149	0.00892857	5.161
swarm_30_140.pdb	22.070	34.860	0	5.020
swarm_23_135.pdb	20.431	33.913	0	4.884
swarm_12_40.pdb	20.263	33.112	0	4.503
swarm_25_130.pdb	9.464	22.736	0.0446429	4.493
swarm_10_165.pdb	30.035	58.359	0	4.081
swarm_33_48.pdb	6.554	18.782	0.205357	2.676
swarm_27_95.pdb	23.992	39.427	0.0357143	1.947
swarm_0_170.pdb	20.480	32.313	0	1.598
swarm_11_191.pdb	23.281	38.182	0	0.752
