swarm_12_47.pdb	6.786	14.423	0.047619	38.322
swarm_40_167.pdb	11.306	31.890	0.031746	37.177
swarm_74_130.pdb	7.656	16.982	0.0634921	36.940
swarm_36_49.pdb	16.756	33.891	0.047619	36.290
swarm_37_113.pdb	13.677	27.590	0.0634921	36.199
swarm_64_112.pdb	11.117	30.943	0.047619	35.871
swarm_74_150.pdb	10.582	28.276	0.031746	35.512
swarm_64_103.pdb	12.492	28.997	0.047619	35.167
swarm_49_43.pdb	11.616	33.640	0.0634921	34.991
swarm_34_4.pdb	14.433	35.302	0.047619	34.932
swarm_21_146.pdb	9.583	31.382	0.126984	34.757
swarm_68_78.pdb	13.043	28.198	0.031746	34.752
swarm_58_81.pdb	13.627	32.301	0	34.687
swarm_34_102.pdb	7.798	18.899	0.015873	34.574
swarm_52_44.pdb	13.080	27.557	0.047619	34.357
swarm_40_26.pdb	18.238	30.181	0	34.185
swarm_20_123.pdb	17.806	54.995	0	34.101
swarm_27_3.pdb	6.693	14.534	0.0952381	33.876
swarm_43_178.pdb	2.356	8.042	0.428571	33.755
swarm_52_132.pdb	15.648	39.703	0.0793651	33.707
swarm_51_17.pdb	14.253	32.852	0	33.454
swarm_5_181.pdb	9.427	24.344	0.111111	33.407
swarm_60_110.pdb	9.275	24.040	0.0634921	33.294
swarm_41_140.pdb	14.704	46.714	0	33.257
swarm_10_64.pdb	15.617	38.013	0.015873	33.179
swarm_64_103.pdb	10.347	30.362	0	33.156
swarm_36_148.pdb	17.337	53.114	0	32.680
swarm_50_68.pdb	8.488	24.863	0	32.670
swarm_50_92.pdb	7.656	18.518	0	32.621
swarm_28_85.pdb	15.903	51.303	0	32.506
swarm_48_8.pdb	12.427	34.119	0	32.346
swarm_44_162.pdb	10.621	32.440	0.0634921	32.157
swarm_5_44.pdb	18.172	54.979	0.031746	31.796
swarm_0_163.pdb	13.290	32.579	0.047619	31.767
swarm_39_8.pdb	15.453	28.356	0	31.749
swarm_51_133.pdb	20.766	52.466	0	31.735
swarm_26_21.pdb	17.201	51.792	0.031746	31.700
swarm_40_16.pdb	9.471	32.019	0.126984	31.614
swarm_13_78.pdb	15.816	30.288	0.0634921	31.486
swarm_17_50.pdb	15.035	50.732	0	31.364
swarm_31_82.pdb	16.172	42.776	0.015873	31.278
swarm_60_73.pdb	11.057	30.925	0	31.010
swarm_54_119.pdb	17.745	53.515	0	30.789
swarm_74_0.pdb	12.878	28.340	0	30.723
swarm_26_69.pdb	10.612	30.690	0.0634921	30.708
swarm_40_30.pdb	12.740	28.545	0.047619	30.532
swarm_7_198.pdb	15.124	52.931	0	30.495
swarm_25_137.pdb	10.370	23.256	0.031746	30.484
swarm_45_38.pdb	11.442	33.155	0.0634921	30.415
swarm_35_44.pdb	13.571	47.201	0	30.085
swarm_19_124.pdb	16.289	49.517	0	30.030
swarm_65_96.pdb	9.991	24.643	0	30.022
swarm_53_99.pdb	14.756	30.215	0.0793651	29.972
swarm_58_50.pdb	13.634	34.759	0	29.963
swarm_36_192.pdb	11.935	36.669	0.015873	29.919
swarm_48_100.pdb	16.347	39.579	0.031746	29.911
swarm_15_154.pdb	20.983	47.257	0	29.722
swarm_61_111.pdb	14.244	33.720	0.0634921	29.710
swarm_74_21.pdb	13.730	30.645	0.015873	29.706
swarm_21_68.pdb	17.111	59.729	0	29.602
swarm_26_198.pdb	17.463	51.192	0	29.552
swarm_21_105.pdb	13.816	39.085	0.015873	29.502
swarm_31_108.pdb	13.020	37.927	0.031746	29.476
swarm_34_57.pdb	13.024	23.329	0.015873	29.469
swarm_33_9.pdb	18.419	52.317	0	29.437
swarm_0_32.pdb	12.972	25.419	0.031746	29.434
swarm_60_37.pdb	14.816	34.233	0	29.295
swarm_13_127.pdb	20.444	56.963	0	29.250
swarm_65_8.pdb	11.752	33.691	0	29.239
swarm_26_166.pdb	13.505	36.199	0	29.208
swarm_40_65.pdb	8.425	22.999	0.015873	29.113
swarm_7_150.pdb	17.130	56.721	0	29.080
swarm_37_179.pdb	6.274	15.905	0.111111	29.064
swarm_62_28.pdb	12.233	30.171	0.031746	29.009
swarm_66_174.pdb	16.136	49.515	0	28.899
swarm_48_168.pdb	12.089	36.666	0	28.857
swarm_17_76.pdb	14.921	45.554	0	28.814
swarm_5_68.pdb	10.381	33.742	0	28.795
swarm_55_110.pdb	14.896	31.371	0.047619	28.742
swarm_71_173.pdb	17.233	53.112	0	28.659
swarm_17_109.pdb	13.621	47.079	0	28.521
swarm_26_7.pdb	17.253	35.939	0	28.502
swarm_18_144.pdb	15.085	48.281	0.047619	28.496
swarm_4_194.pdb	18.517	43.809	0	28.493
swarm_1_191.pdb	10.597	31.552	0.0634921	28.458
swarm_51_121.pdb	19.078	49.000	0	28.406
swarm_22_43.pdb	8.657	29.163	0.015873	28.378
swarm_46_136.pdb	11.095	32.010	0.0634921	28.368
swarm_60_81.pdb	14.526	28.647	0	28.357
swarm_0_31.pdb	15.728	48.039	0.015873	28.313
swarm_61_105.pdb	10.308	23.870	0.031746	28.305
swarm_25_58.pdb	12.161	38.319	0.111111	28.278
swarm_27_89.pdb	15.259	30.479	0.047619	28.270
swarm_25_197.pdb	13.039	50.590	0	28.245
swarm_16_4.pdb	14.315	30.081	0.031746	28.140
swarm_66_154.pdb	11.813	35.303	0	28.135
swarm_45_170.pdb	10.691	35.022	0.0793651	28.134
swarm_18_70.pdb	17.788	32.788	0	28.116
swarm_16_81.pdb	16.429	50.252	0	28.072
swarm_56_75.pdb	19.327	42.510	0	28.066
swarm_46_126.pdb	8.355	26.453	0	28.037
swarm_57_40.pdb	9.818	27.745	0.0952381	28.033
swarm_32_181.pdb	17.341	36.654	0	28.030
swarm_54_96.pdb	13.601	28.808	0.047619	27.960
swarm_37_140.pdb	17.915	53.439	0.0634921	27.897
swarm_66_71.pdb	18.406	53.004	0	27.895
swarm_39_30.pdb	11.329	29.931	0	27.827
swarm_63_177.pdb	10.997	29.447	0.031746	27.798
swarm_30_8.pdb	12.535	31.392	0	27.711
swarm_21_103.pdb	18.221	55.010	0	27.687
swarm_39_115.pdb	18.048	29.421	0	27.634
swarm_29_143.pdb	14.883	45.486	0	27.557
swarm_14_159.pdb	7.933	17.043	0.0952381	27.475
swarm_66_46.pdb	17.715	51.569	0	27.451
swarm_8_24.pdb	10.216	30.707	0.0952381	27.441
swarm_3_178.pdb	14.985	35.859	0.0634921	27.438
swarm_42_46.pdb	9.199	33.479	0	27.412
swarm_40_122.pdb	6.837	15.468	0.031746	27.388
swarm_8_44.pdb	11.424	25.853	0	27.342
swarm_39_183.pdb	14.586	27.622	0	27.326
swarm_2_168.pdb	17.456	29.464	0	27.325
swarm_9_153.pdb	14.152	39.475	0	27.306
swarm_65_161.pdb	11.555	34.791	0	27.233
swarm_21_107.pdb	16.545	45.325	0	27.224
swarm_11_39.pdb	12.323	33.864	0.0793651	27.215
swarm_30_48.pdb	16.880	35.131	0	27.201
swarm_37_134.pdb	17.012	50.826	0	27.159
swarm_26_77.pdb	12.337	41.672	0	27.096
swarm_31_89.pdb	16.098	41.903	0.031746	27.075
swarm_5_145.pdb	20.764	60.645	0	27.050
swarm_24_18.pdb	21.784	44.169	0	27.050
swarm_6_55.pdb	13.112	27.229	0	27.048
swarm_5_12.pdb	21.757	54.702	0	27.043
swarm_25_9.pdb	13.894	34.296	0.015873	27.040
swarm_58_13.pdb	9.906	33.040	0.0793651	26.958
swarm_39_144.pdb	15.736	29.820	0.0952381	26.817
swarm_18_118.pdb	20.646	37.433	0	26.817
swarm_39_119.pdb	10.180	22.475	0.015873	26.786
swarm_32_182.pdb	12.142	37.604	0	26.753
swarm_6_116.pdb	14.456	29.205	0	26.752
swarm_26_86.pdb	11.241	34.698	0.047619	26.744
swarm_51_19.pdb	13.765	31.285	0.015873	26.726
swarm_0_46.pdb	16.342	43.412	0	26.685
swarm_24_147.pdb	9.678	37.153	0.015873	26.627
swarm_33_16.pdb	15.916	57.289	0	26.556
swarm_69_173.pdb	18.505	39.516	0	26.552
swarm_41_53.pdb	11.116	33.751	0	26.502
swarm_27_185.pdb	10.562	24.295	0.0634921	26.494
swarm_53_97.pdb	12.169	28.042	0	26.473
swarm_17_105.pdb	20.032	35.002	0	26.455
swarm_6_1.pdb	10.221	18.330	0	26.443
swarm_54_1.pdb	13.699	27.309	0.0634921	26.442
swarm_36_107.pdb	16.811	33.241	0.031746	26.407
swarm_39_117.pdb	13.930	25.286	0	26.324
swarm_20_103.pdb	19.415	52.040	0	26.312
swarm_52_43.pdb	12.883	25.672	0	26.281
swarm_33_77.pdb	15.773	53.791	0	26.265
swarm_13_85.pdb	17.646	54.457	0	26.242
swarm_10_190.pdb	12.641	35.803	0	26.178
swarm_55_177.pdb	9.682	31.450	0	26.173
swarm_43_118.pdb	15.075	35.743	0.015873	26.171
swarm_24_41.pdb	14.550	47.667	0	26.169
swarm_46_120.pdb	21.514	37.176	0	26.111
swarm_31_186.pdb	15.745	37.213	0	26.107
swarm_27_32.pdb	17.322	52.643	0	26.106
swarm_41_156.pdb	16.034	35.359	0	26.069
swarm_36_188.pdb	19.038	62.320	0	26.026
swarm_72_187.pdb	16.130	49.215	0	25.984
swarm_9_22.pdb	14.640	43.117	0	25.938
swarm_21_86.pdb	24.212	63.412	0	25.885
swarm_43_18.pdb	18.617	49.198	0	25.853
swarm_71_41.pdb	14.412	42.375	0	25.804
swarm_24_89.pdb	14.890	33.202	0	25.777
swarm_15_42.pdb	17.466	48.622	0	25.749
swarm_28_106.pdb	14.937	29.055	0.047619	25.671
swarm_18_88.pdb	11.675	34.973	0	25.601
swarm_7_168.pdb	17.944	32.477	0	25.542
swarm_21_106.pdb	9.931	35.979	0.0634921	25.516
swarm_1_152.pdb	8.984	30.648	0.0793651	25.492
swarm_2_45.pdb	5.372	12.735	0.047619	25.491
swarm_23_72.pdb	17.665	38.106	0	25.417
swarm_55_170.pdb	5.427	22.662	0.111111	25.416
swarm_27_159.pdb	12.263	23.656	0.0634921	25.403
swarm_42_153.pdb	14.540	42.278	0.031746	25.399
swarm_10_191.pdb	11.809	42.766	0	25.390
swarm_59_107.pdb	13.417	34.896	0	25.343
swarm_46_137.pdb	14.695	39.485	0	25.305
swarm_41_16.pdb	14.785	47.608	0	25.293
swarm_50_11.pdb	19.102	53.687	0	25.289
swarm_31_90.pdb	11.827	29.314	0	25.289
swarm_27_132.pdb	11.088	39.197	0	25.273
swarm_51_125.pdb	13.673	34.899	0	25.252
swarm_50_192.pdb	12.888	25.032	0	25.248
swarm_66_130.pdb	23.383	51.573	0	25.247
swarm_31_19.pdb	16.044	30.600	0	25.209
swarm_41_13.pdb	14.994	35.884	0	25.133
swarm_55_113.pdb	12.767	31.057	0	25.103
swarm_41_180.pdb	11.802	28.303	0	25.098
swarm_33_47.pdb	11.460	46.302	0	25.094
swarm_16_93.pdb	16.453	45.687	0	25.082
swarm_39_16.pdb	14.929	30.098	0.0634921	25.040
swarm_33_124.pdb	14.338	52.068	0	25.024
swarm_48_142.pdb	14.105	53.219	0	25.008
swarm_40_138.pdb	8.979	18.201	0.015873	24.999
swarm_10_91.pdb	15.463	35.921	0	24.980
swarm_6_193.pdb	16.151	27.299	0	24.952
swarm_21_56.pdb	15.883	48.933	0	24.939
swarm_49_199.pdb	15.789	39.685	0.047619	24.936
swarm_24_193.pdb	13.354	42.071	0	24.921
swarm_11_192.pdb	10.102	29.391	0.015873	24.884
swarm_28_132.pdb	16.272	46.027	0	24.869
swarm_18_17.pdb	13.552	38.052	0.0634921	24.867
swarm_17_162.pdb	14.806	39.281	0.031746	24.834
swarm_67_69.pdb	11.881	35.570	0	24.806
swarm_55_58.pdb	9.927	26.225	0.015873	24.736
swarm_7_71.pdb	12.975	48.504	0.015873	24.707
swarm_46_192.pdb	12.876	37.389	0	24.693
swarm_24_40.pdb	12.404	29.585	0	24.650
swarm_21_77.pdb	15.544	41.887	0.031746	24.636
swarm_18_126.pdb	19.967	33.224	0	24.633
swarm_45_96.pdb	22.000	44.882	0	24.607
swarm_33_121.pdb	17.223	48.572	0.047619	24.606
swarm_58_104.pdb	13.717	35.822	0.015873	24.574
swarm_1_167.pdb	18.816	37.622	0	24.572
swarm_67_94.pdb	10.329	40.436	0.015873	24.515
swarm_42_133.pdb	11.949	39.842	0.111111	24.511
swarm_64_192.pdb	18.109	32.642	0	24.505
swarm_18_152.pdb	14.409	28.724	0	24.481
swarm_1_192.pdb	15.181	43.996	0	24.411
swarm_45_193.pdb	11.704	37.452	0.031746	24.402
swarm_28_37.pdb	17.280	44.568	0	24.367
swarm_8_134.pdb	9.195	30.374	0.0634921	24.365
swarm_34_168.pdb	10.545	44.193	0.0634921	24.328
swarm_21_105.pdb	20.045	61.062	0	24.315
swarm_43_53.pdb	15.480	47.687	0	24.310
swarm_17_85.pdb	9.547	26.750	0.015873	24.296
swarm_59_74.pdb	10.164	24.378	0	24.286
swarm_29_36.pdb	19.241	47.878	0	24.280
swarm_13_175.pdb	20.614	34.348	0	24.242
swarm_21_129.pdb	21.538	59.826	0	24.167
swarm_22_141.pdb	10.262	22.964	0	24.121
swarm_41_101.pdb	17.433	35.605	0	24.111
swarm_28_38.pdb	14.868	41.339	0	24.090
swarm_26_25.pdb	16.579	47.331	0.031746	24.089
swarm_17_30.pdb	21.958	53.048	0	24.071
swarm_59_146.pdb	15.044	31.240	0.015873	24.059
swarm_6_1.pdb	19.014	53.160	0	24.049
swarm_32_30.pdb	16.700	39.231	0	24.044
swarm_54_14.pdb	3.958	13.031	0.0952381	23.965
swarm_21_127.pdb	8.134	27.505	0.031746	23.959
swarm_20_139.pdb	16.745	47.541	0.015873	23.903
swarm_41_57.pdb	23.432	54.292	0	23.902
swarm_33_80.pdb	16.582	44.950	0	23.895
swarm_53_109.pdb	15.945	51.844	0.015873	23.893
swarm_13_116.pdb	4.014	10.154	0.190476	23.887
swarm_21_196.pdb	19.198	58.982	0	23.751
swarm_6_6.pdb	21.568	52.743	0	23.643
swarm_36_175.pdb	18.084	58.911	0	23.643
swarm_29_36.pdb	15.373	32.560	0.047619	23.640
swarm_2_65.pdb	12.311	47.181	0	23.640
swarm_18_7.pdb	14.845	25.505	0	23.638
swarm_44_94.pdb	17.682	35.982	0	23.636
swarm_32_189.pdb	21.837	48.676	0	23.595
swarm_61_76.pdb	10.483	26.963	0	23.565
swarm_27_59.pdb	18.994	51.629	0	23.560
swarm_11_109.pdb	14.835	38.210	0.015873	23.556
swarm_54_158.pdb	16.394	31.371	0.047619	23.553
swarm_23_109.pdb	17.407	48.634	0	23.545
swarm_31_10.pdb	7.033	18.637	0.047619	23.542
swarm_50_171.pdb	13.098	32.341	0	23.503
swarm_0_104.pdb	19.035	51.775	0	23.498
swarm_1_123.pdb	14.952	41.647	0	23.485
swarm_25_67.pdb	18.448	31.483	0	23.437
swarm_13_156.pdb	18.414	53.360	0	23.403
swarm_59_3.pdb	16.804	44.001	0	23.354
swarm_66_50.pdb	16.664	30.780	0	23.347
swarm_36_96.pdb	14.350	52.040	0	23.346
swarm_32_198.pdb	17.661	40.545	0	23.309
swarm_45_134.pdb	17.039	41.216	0	23.301
swarm_15_25.pdb	22.601	46.677	0	23.301
swarm_27_129.pdb	17.528	48.742	0	23.295
swarm_41_171.pdb	5.636	16.397	0.142857	23.261
swarm_35_159.pdb	21.039	38.846	0	23.249
swarm_6_145.pdb	13.240	30.101	0	23.235
swarm_31_32.pdb	9.180	23.967	0	23.223
swarm_58_176.pdb	15.192	26.049	0	23.211
swarm_0_71.pdb	10.988	31.821	0.047619	23.183
swarm_5_141.pdb	11.967	45.504	0.015873	23.180
swarm_27_154.pdb	14.248	45.791	0	23.174
swarm_27_147.pdb	16.709	41.006	0	23.152
swarm_11_2.pdb	14.104	29.946	0	23.119
swarm_58_141.pdb	17.883	36.069	0	23.103
swarm_18_1.pdb	12.033	27.363	0	23.096
swarm_37_116.pdb	16.010	29.783	0.031746	23.078
swarm_21_194.pdb	23.099	49.748	0	23.022
swarm_33_106.pdb	18.134	34.155	0.031746	23.002
swarm_56_111.pdb	16.719	45.644	0	22.963
swarm_37_37.pdb	10.195	22.727	0	22.958
swarm_40_161.pdb	17.732	39.195	0	22.946
swarm_60_177.pdb	6.274	21.321	0.0952381	22.890
swarm_16_57.pdb	14.523	40.632	0	22.846
swarm_36_117.pdb	4.679	17.128	0.126984	22.829
swarm_7_39.pdb	14.458	54.085	0.031746	22.812
swarm_29_189.pdb	12.087	30.727	0	22.721
swarm_24_24.pdb	17.221	33.719	0.031746	22.698
swarm_54_122.pdb	12.326	27.098	0	22.694
swarm_11_166.pdb	13.389	42.170	0	22.689
swarm_37_137.pdb	16.311	30.356	0	22.651
swarm_22_2.pdb	9.353	23.894	0.015873	22.622
swarm_50_35.pdb	20.203	46.661	0	22.610
swarm_13_66.pdb	15.579	48.934	0	22.587
swarm_72_45.pdb	22.267	59.524	0	22.540
swarm_5_198.pdb	13.563	32.518	0.0634921	22.508
swarm_44_170.pdb	19.358	40.058	0	22.506
swarm_38_30.pdb	18.929	42.025	0	22.503
swarm_24_38.pdb	16.332	45.800	0	22.476
swarm_65_20.pdb	16.853	45.187	0	22.465
swarm_6_153.pdb	19.162	32.042	0	22.435
swarm_9_62.pdb	14.930	33.926	0.047619	22.428
swarm_25_170.pdb	18.325	43.503	0	22.414
swarm_36_69.pdb	13.577	34.949	0.031746	22.381
swarm_0_191.pdb	14.811	43.027	0	22.367
swarm_24_26.pdb	14.184	57.864	0	22.351
swarm_66_110.pdb	13.456	43.974	0	22.339
swarm_13_199.pdb	9.176	22.310	0	22.298
swarm_3_37.pdb	11.629	30.850	0.0634921	22.274
swarm_56_22.pdb	13.315	37.903	0	22.239
swarm_10_193.pdb	19.222	43.893	0	22.239
swarm_11_186.pdb	12.368	34.853	0	22.211
swarm_69_23.pdb	14.158	43.902	0	22.203
swarm_37_13.pdb	12.198	19.820	0	22.186
swarm_13_86.pdb	15.491	48.870	0	22.182
swarm_26_68.pdb	3.885	17.924	0.190476	22.176
swarm_24_19.pdb	17.437	37.633	0.015873	22.125
swarm_11_170.pdb	13.339	48.607	0	22.125
swarm_7_114.pdb	18.086	50.823	0	22.112
swarm_7_122.pdb	16.309	55.442	0	22.105
swarm_21_29.pdb	16.501	44.416	0	22.085
swarm_18_90.pdb	12.807	38.090	0	22.083
swarm_58_182.pdb	8.062	18.460	0.0634921	22.068
swarm_6_78.pdb	17.720	48.202	0	22.050
swarm_38_109.pdb	18.307	50.628	0	22.050
swarm_21_156.pdb	15.850	42.480	0	22.050
swarm_36_179.pdb	17.009	36.488	0.031746	22.041
swarm_9_116.pdb	10.706	30.790	0.15873	22.004
swarm_27_171.pdb	17.291	49.040	0	22.002
swarm_58_165.pdb	15.724	31.859	0.031746	21.972
swarm_15_78.pdb	17.789	35.497	0	21.972
swarm_40_191.pdb	8.941	16.259	0	21.936
swarm_24_16.pdb	17.613	36.600	0	21.927
swarm_21_102.pdb	18.130	45.293	0	21.917
swarm_40_22.pdb	17.547	31.956	0	21.909
swarm_16_57.pdb	16.166	32.876	0.047619	21.886
swarm_24_49.pdb	15.551	39.088	0.015873	21.885
swarm_2_39.pdb	11.327	22.818	0.031746	21.875
swarm_60_6.pdb	13.838	30.757	0	21.869
swarm_71_3.pdb	18.311	52.631	0	21.829
swarm_43_49.pdb	15.953	45.864	0	21.814
swarm_20_107.pdb	9.225	33.647	0	21.802
swarm_41_70.pdb	16.481	32.002	0.015873	21.801
swarm_54_94.pdb	7.829	23.347	0.238095	21.789
swarm_48_101.pdb	16.305	35.465	0	21.783
swarm_25_135.pdb	14.413	38.710	0	21.776
swarm_33_28.pdb	18.604	48.575	0	21.766
swarm_27_145.pdb	15.347	54.948	0	21.759
swarm_46_68.pdb	16.824	52.843	0.047619	21.731
swarm_36_53.pdb	8.029	26.143	0.015873	21.728
swarm_13_111.pdb	6.552	13.456	0.015873	21.711
swarm_8_38.pdb	16.861	30.399	0	21.710
swarm_58_135.pdb	16.691	34.018	0	21.692
swarm_33_161.pdb	20.499	54.485	0	21.691
swarm_43_39.pdb	17.089	47.834	0.015873	21.668
swarm_0_11.pdb	13.734	29.170	0.015873	21.662
swarm_11_168.pdb	17.597	37.216	0	21.644
swarm_22_47.pdb	18.598	41.447	0	21.643
swarm_6_177.pdb	14.298	53.524	0.031746	21.628
swarm_6_174.pdb	18.189	34.906	0	21.620
swarm_43_93.pdb	17.031	50.095	0	21.620
swarm_43_124.pdb	16.717	45.377	0	21.610
swarm_66_92.pdb	23.358	47.697	0	21.609
swarm_2_1.pdb	15.407	44.462	0.015873	21.603
swarm_36_78.pdb	19.333	59.146	0	21.541
swarm_68_10.pdb	8.407	14.761	0.015873	21.536
swarm_57_193.pdb	17.694	37.955	0	21.521
swarm_20_185.pdb	13.418	46.180	0	21.512
swarm_27_120.pdb	14.976	42.924	0	21.489
swarm_64_119.pdb	18.081	38.858	0	21.485
swarm_38_32.pdb	14.635	28.363	0	21.482
swarm_46_160.pdb	14.281	30.767	0	21.426
swarm_7_64.pdb	10.056	34.255	0	21.393
swarm_26_76.pdb	13.951	44.193	0.031746	21.389
swarm_47_169.pdb	8.223	20.832	0	21.381
swarm_15_184.pdb	22.196	54.218	0	21.319
swarm_52_2.pdb	10.701	32.015	0	21.317
swarm_48_191.pdb	16.948	35.710	0	21.309
swarm_1_166.pdb	16.375	44.551	0	21.263
swarm_53_123.pdb	17.515	38.952	0	21.262
swarm_13_18.pdb	12.394	29.533	0.0793651	21.248
swarm_59_147.pdb	17.456	38.142	0	21.229
swarm_39_187.pdb	13.358	43.705	0	21.207
swarm_71_172.pdb	21.374	50.392	0	21.193
swarm_4_96.pdb	11.845	42.430	0.015873	21.178
swarm_48_66.pdb	12.209	42.099	0.0952381	21.154
swarm_8_172.pdb	14.759	27.430	0	21.143
swarm_46_14.pdb	16.733	45.828	0	21.142
swarm_25_87.pdb	12.864	28.441	0	21.128
swarm_40_102.pdb	14.144	51.171	0	21.108
swarm_58_73.pdb	14.317	35.112	0	21.097
swarm_17_107.pdb	16.801	52.815	0	21.059
swarm_33_2.pdb	21.784	49.793	0	21.026
swarm_37_16.pdb	13.580	28.763	0.0634921	20.982
swarm_41_98.pdb	16.498	25.251	0	20.965
swarm_60_75.pdb	14.684	29.788	0	20.953
swarm_16_172.pdb	9.913	31.622	0.0793651	20.948
swarm_25_127.pdb	9.995	36.606	0	20.927
swarm_43_119.pdb	16.254	46.978	0	20.921
swarm_56_30.pdb	17.075	32.457	0.0634921	20.915
swarm_52_0.pdb	16.448	34.297	0	20.865
swarm_25_194.pdb	25.262	60.801	0	20.862
swarm_10_42.pdb	13.609	46.218	0	20.859
swarm_58_92.pdb	10.667	37.617	0.015873	20.836
swarm_43_152.pdb	13.312	29.117	0	20.792
swarm_48_120.pdb	17.995	47.196	0	20.788
swarm_7_51.pdb	21.722	56.229	0	20.786
swarm_58_149.pdb	11.254	31.347	0	20.778
swarm_26_78.pdb	18.877	48.110	0	20.778
swarm_54_96.pdb	14.411	28.848	0.0634921	20.771
swarm_11_87.pdb	17.333	44.362	0	20.763
swarm_59_171.pdb	8.202	24.925	0.047619	20.737
swarm_43_50.pdb	24.051	55.001	0	20.737
swarm_41_131.pdb	16.766	50.247	0	20.730
swarm_3_31.pdb	19.355	32.217	0	20.677
swarm_5_61.pdb	14.989	30.935	0.031746	20.595
swarm_58_17.pdb	19.755	37.041	0	20.591
swarm_14_182.pdb	8.876	23.011	0.047619	20.588
swarm_20_199.pdb	19.268	52.950	0	20.582
swarm_24_135.pdb	13.288	39.194	0.015873	20.573
swarm_41_92.pdb	14.766	29.531	0	20.528
swarm_32_196.pdb	15.473	41.191	0	20.522
swarm_36_80.pdb	19.202	34.147	0	20.476
swarm_16_12.pdb	14.368	48.993	0	20.476
swarm_59_90.pdb	7.126	21.090	0.126984	20.464
swarm_8_166.pdb	14.126	37.687	0	20.429
swarm_64_175.pdb	14.147	42.648	0	20.424
swarm_2_7.pdb	6.808	17.171	0.0634921	20.400
swarm_4_47.pdb	16.378	48.023	0	20.380
swarm_5_101.pdb	21.489	52.647	0	20.378
swarm_64_140.pdb	13.537	31.261	0	20.374
swarm_11_134.pdb	18.747	43.340	0	20.358
swarm_19_54.pdb	22.605	58.011	0	20.354
swarm_23_93.pdb	16.708	36.762	0.015873	20.353
swarm_60_46.pdb	15.641	41.724	0.0793651	20.342
swarm_7_68.pdb	16.270	35.281	0	20.335
swarm_0_164.pdb	18.398	46.288	0	20.318
swarm_63_80.pdb	17.980	31.588	0	20.298
swarm_33_51.pdb	17.628	53.728	0	20.278
swarm_7_15.pdb	13.307	32.373	0	20.275
swarm_46_189.pdb	14.479	31.798	0.047619	20.271
swarm_43_20.pdb	15.455	44.697	0	20.237
swarm_24_186.pdb	15.529	35.108	0.031746	20.233
swarm_6_195.pdb	19.562	57.569	0	20.232
swarm_45_91.pdb	19.881	44.960	0	20.198
swarm_48_117.pdb	9.695	27.990	0.047619	20.196
swarm_45_48.pdb	15.131	40.616	0	20.194
swarm_48_13.pdb	19.476	38.724	0	20.130
swarm_27_61.pdb	19.589	42.133	0	20.127
swarm_30_155.pdb	17.613	34.438	0	20.113
swarm_35_32.pdb	16.889	56.862	0.015873	20.108
swarm_3_194.pdb	19.574	35.207	0	20.082
swarm_59_149.pdb	24.476	51.376	0	20.080
swarm_37_181.pdb	20.029	55.214	0	20.069
swarm_6_36.pdb	16.303	31.775	0.015873	20.062
swarm_13_99.pdb	19.408	48.304	0	20.028
swarm_6_130.pdb	24.303	59.282	0	20.019
swarm_1_23.pdb	11.595	28.886	0	19.947
swarm_58_39.pdb	18.121	31.478	0	19.937
swarm_8_58.pdb	20.197	38.541	0	19.900
swarm_1_150.pdb	15.884	41.864	0	19.891
swarm_20_6.pdb	20.229	56.203	0	19.864
swarm_25_175.pdb	12.274	41.130	0	19.852
swarm_65_94.pdb	13.490	40.103	0	19.850
swarm_41_112.pdb	15.553	32.335	0.0793651	19.825
swarm_0_42.pdb	14.944	36.222	0	19.822
swarm_59_122.pdb	16.955	29.256	0	19.749
swarm_60_109.pdb	14.203	33.723	0	19.727
swarm_27_191.pdb	14.382	27.359	0.015873	19.720
swarm_49_73.pdb	16.043	49.069	0.031746	19.703
swarm_23_123.pdb	17.334	39.318	0	19.669
swarm_13_46.pdb	22.040	50.745	0	19.669
swarm_16_83.pdb	21.149	54.510	0	19.641
swarm_43_75.pdb	18.450	27.012	0	19.637
swarm_8_7.pdb	19.366	36.044	0	19.629
swarm_5_75.pdb	12.638	32.288	0	19.629
swarm_63_126.pdb	11.466	36.078	0	19.579
swarm_26_51.pdb	22.370	51.906	0	19.516
swarm_4_21.pdb	16.354	33.383	0	19.486
swarm_67_16.pdb	16.640	41.791	0	19.463
swarm_42_175.pdb	18.248	36.447	0	19.455
swarm_26_6.pdb	12.672	42.518	0	19.409
swarm_20_174.pdb	13.780	47.273	0	19.403
swarm_21_110.pdb	23.731	46.220	0	19.334
swarm_48_197.pdb	13.738	44.397	0.031746	19.309
swarm_41_132.pdb	18.865	31.820	0	19.298
swarm_33_67.pdb	15.686	49.332	0	19.287
swarm_4_51.pdb	15.256	48.154	0	19.284
swarm_39_173.pdb	19.849	34.012	0	19.237
swarm_12_74.pdb	15.069	25.805	0	19.235
swarm_66_43.pdb	21.355	49.691	0	19.180
swarm_24_180.pdb	15.987	34.477	0	19.118
swarm_66_80.pdb	17.064	46.175	0	19.109
swarm_56_29.pdb	20.704	41.880	0	19.104
swarm_49_18.pdb	16.040	52.687	0	18.980
swarm_64_97.pdb	17.026	45.241	0	18.891
swarm_21_15.pdb	10.890	41.464	0	18.880
swarm_1_134.pdb	21.663	42.395	0	18.821
swarm_69_190.pdb	17.988	45.411	0	18.794
swarm_26_128.pdb	24.212	56.630	0	18.789
swarm_3_159.pdb	16.526	35.194	0	18.758
swarm_2_155.pdb	13.857	25.602	0	18.690
swarm_58_46.pdb	19.005	36.418	0	18.626
swarm_24_170.pdb	20.406	43.188	0	18.578
swarm_58_188.pdb	13.823	42.105	0	18.529
swarm_20_106.pdb	16.998	50.498	0	18.489
swarm_64_63.pdb	17.429	40.631	0	18.488
swarm_60_165.pdb	20.317	41.984	0	18.477
swarm_58_52.pdb	18.073	33.021	0	18.476
swarm_4_52.pdb	19.223	45.995	0	18.444
swarm_58_69.pdb	18.895	35.535	0	18.413
swarm_1_48.pdb	15.476	37.739	0	18.387
swarm_67_42.pdb	13.592	43.043	0.015873	18.359
swarm_3_173.pdb	22.174	44.044	0	18.325
swarm_26_114.pdb	17.014	38.546	0	18.274
swarm_67_64.pdb	20.210	48.095	0	18.186
swarm_1_1.pdb	18.398	39.147	0	18.169
swarm_59_62.pdb	8.376	30.099	0.0793651	18.158
swarm_2_13.pdb	12.527	20.718	0	18.135
swarm_2_6.pdb	16.024	24.821	0	18.133
swarm_8_146.pdb	16.634	42.111	0	18.098
swarm_1_48.pdb	16.133	37.069	0	18.091
swarm_41_187.pdb	10.008	24.189	0.047619	18.084
swarm_34_157.pdb	10.908	35.407	0	18.078
swarm_21_88.pdb	17.751	52.601	0.047619	18.033
swarm_0_28.pdb	18.293	41.324	0	18.021
swarm_1_156.pdb	17.627	31.216	0	17.988
swarm_43_162.pdb	18.137	45.228	0	17.983
swarm_59_84.pdb	13.467	35.636	0	17.933
swarm_3_35.pdb	10.154	23.018	0.015873	17.925
swarm_46_41.pdb	11.271	29.816	0.031746	17.901
swarm_63_20.pdb	13.143	32.189	0	17.900
swarm_40_69.pdb	15.536	30.440	0	17.858
swarm_66_29.pdb	21.081	48.055	0	17.857
swarm_5_13.pdb	16.983	60.107	0	17.850
swarm_59_175.pdb	21.665	38.129	0	17.806
swarm_41_43.pdb	16.959	26.984	0	17.801
swarm_58_121.pdb	14.709	35.169	0	17.797
swarm_16_166.pdb	14.521	23.175	0	17.795
swarm_46_171.pdb	17.103	27.139	0	17.693
swarm_49_48.pdb	10.025	25.709	0.015873	17.617
swarm_43_113.pdb	20.095	37.041	0	17.594
swarm_36_114.pdb	20.140	33.147	0	17.591
swarm_63_71.pdb	12.659	33.650	0	17.548
swarm_39_67.pdb	16.529	37.384	0	17.514
swarm_35_132.pdb	22.643	51.308	0	17.476
swarm_58_132.pdb	17.841	38.318	0	17.399
swarm_10_189.pdb	15.662	42.355	0	17.390
swarm_0_63.pdb	19.961	52.169	0	17.389
swarm_3_43.pdb	21.731	41.679	0	17.281
swarm_13_65.pdb	18.689	29.773	0	17.271
swarm_69_20.pdb	20.333	44.780	0	17.233
swarm_60_136.pdb	16.756	29.142	0	17.232
swarm_7_97.pdb	17.273	31.847	0	17.183
swarm_24_146.pdb	14.993	54.218	0.015873	17.183
swarm_4_101.pdb	16.195	32.612	0	17.168
swarm_67_102.pdb	20.851	44.836	0	17.122
swarm_40_41.pdb	18.191	28.696	0	17.089
swarm_26_186.pdb	20.279	33.085	0	17.045
swarm_1_8.pdb	16.967	43.859	0	17.017
swarm_18_135.pdb	13.695	41.155	0	16.976
swarm_52_36.pdb	6.642	23.216	0.0634921	16.939
swarm_20_161.pdb	22.498	55.403	0	16.931
swarm_41_14.pdb	11.961	43.043	0	16.924
swarm_0_184.pdb	24.091	53.487	0	16.896
swarm_27_166.pdb	14.663	49.648	0	16.780
swarm_49_132.pdb	8.869	18.029	0.0952381	16.767
swarm_33_13.pdb	18.939	50.208	0	16.687
swarm_18_166.pdb	13.190	35.971	0	16.550
swarm_25_131.pdb	18.609	42.407	0	16.547
swarm_49_39.pdb	21.964	40.290	0	16.478
swarm_26_149.pdb	19.619	50.030	0	16.418
swarm_50_108.pdb	16.593	54.701	0.0634921	16.243
swarm_2_105.pdb	20.180	45.138	0	16.194
swarm_69_45.pdb	13.683	30.461	0	16.188
swarm_43_118.pdb	20.204	50.854	0	16.148
swarm_60_183.pdb	21.534	45.456	0	16.144
swarm_69_150.pdb	19.159	51.525	0	16.126
swarm_60_91.pdb	15.993	26.480	0	16.091
swarm_55_34.pdb	17.257	28.492	0	16.036
swarm_52_129.pdb	21.580	36.007	0	16.031
swarm_58_105.pdb	13.677	42.557	0	16.030
swarm_58_130.pdb	12.904	34.767	0	16.007
swarm_13_191.pdb	18.347	28.301	0	15.993
swarm_11_73.pdb	18.113	35.815	0	15.962
swarm_33_42.pdb	16.315	55.660	0	15.850
swarm_31_35.pdb	23.306	50.939	0	15.849
swarm_15_169.pdb	22.158	48.041	0	15.805
swarm_56_62.pdb	14.808	37.355	0.015873	15.783
swarm_31_190.pdb	18.319	40.953	0	15.771
swarm_0_76.pdb	21.040	49.638	0	15.755
swarm_5_36.pdb	15.636	48.376	0	15.710
swarm_56_101.pdb	8.807	28.919	0.15873	15.649
swarm_58_32.pdb	17.802	41.830	0	15.561
swarm_1_38.pdb	13.496	43.453	0	15.523
swarm_60_171.pdb	17.775	34.460	0	15.518
swarm_58_41.pdb	20.411	43.115	0	15.469
swarm_35_126.pdb	8.929	26.751	0	15.406
swarm_48_163.pdb	22.014	39.971	0	15.359
swarm_43_193.pdb	24.591	56.475	0	15.184
swarm_33_158.pdb	19.865	50.737	0	15.171
swarm_35_57.pdb	11.623	27.881	0	15.121
swarm_49_112.pdb	19.393	35.493	0	15.092
swarm_33_68.pdb	21.839	50.719	0	14.999
swarm_63_69.pdb	17.014	33.552	0	14.873
swarm_9_164.pdb	20.692	37.685	0	14.860
swarm_8_123.pdb	15.241	33.733	0	14.855
swarm_43_138.pdb	14.242	25.662	0	14.773
swarm_46_150.pdb	15.856	28.043	0	14.750
swarm_11_67.pdb	18.164	36.886	0	14.731
swarm_46_35.pdb	23.178	49.325	0	14.664
swarm_11_113.pdb	21.132	35.365	0	14.617
swarm_41_174.pdb	20.355	34.210	0	14.602
swarm_58_14.pdb	22.628	42.596	0	14.340
swarm_26_95.pdb	20.816	48.487	0	14.178
swarm_56_136.pdb	18.040	46.046	0	14.093
swarm_31_168.pdb	21.507	40.534	0	14.079
swarm_63_146.pdb	19.972	39.965	0	14.055
swarm_63_131.pdb	20.989	47.249	0	14.050
swarm_59_37.pdb	18.374	41.597	0	13.925
swarm_64_50.pdb	8.514	22.154	0.142857	13.699
swarm_60_176.pdb	11.727	24.882	0	13.583
swarm_44_49.pdb	15.985	34.178	0	13.490
swarm_11_64.pdb	15.851	49.905	0	13.445
swarm_2_66.pdb	17.359	46.147	0	13.440
swarm_11_117.pdb	14.591	44.325	0	13.390
swarm_18_117.pdb	19.130	34.287	0	13.260
swarm_59_88.pdb	14.516	38.777	0	13.202
swarm_64_82.pdb	20.784	44.569	0	13.123
swarm_31_85.pdb	17.689	39.520	0	12.950
swarm_26_111.pdb	20.070	50.738	0	12.930
swarm_5_179.pdb	14.106	52.245	0	12.712
swarm_53_126.pdb	9.278	21.765	0	12.589
swarm_9_25.pdb	11.212	28.176	0	12.527
swarm_13_193.pdb	20.882	51.092	0	12.236
swarm_27_132.pdb	19.509	51.155	0	12.043
swarm_26_16.pdb	18.159	43.003	0	11.877
swarm_69_193.pdb	15.604	42.123	0.015873	11.863
swarm_15_126.pdb	17.747	49.209	0	11.861
swarm_15_104.pdb	20.728	46.036	0	11.859
swarm_24_192.pdb	14.547	43.562	0.031746	11.858
swarm_23_117.pdb	17.549	37.151	0	11.771
swarm_21_66.pdb	15.788	39.828	0	11.599
swarm_1_74.pdb	17.357	38.014	0	11.224
swarm_11_128.pdb	17.779	48.655	0	11.191
swarm_33_130.pdb	13.879	34.995	0	10.957
swarm_10_178.pdb	15.459	48.520	0	10.889
swarm_17_22.pdb	16.130	46.809	0.031746	10.559
swarm_57_20.pdb	14.914	29.183	0	10.493
swarm_58_163.pdb	20.203	43.462	0	10.481
swarm_17_151.pdb	15.094	47.484	0	10.415
swarm_5_30.pdb	8.631	23.113	0.126984	10.097
swarm_19_136.pdb	18.345	34.852	0	9.789
swarm_36_55.pdb	8.035	22.706	0.0793651	8.958
swarm_27_29.pdb	17.436	37.801	0	8.298
swarm_1_101.pdb	14.529	36.464	0	8.038
swarm_2_73.pdb	10.483	42.192	0.015873	7.368
swarm_56_139.pdb	11.357	25.259	0.0634921	6.314
swarm_53_33.pdb	17.035	34.373	0	5.991
swarm_21_33.pdb	17.670	44.673	0	5.796
swarm_35_150.pdb	20.423	58.999	0	5.538
swarm_21_131.pdb	17.337	44.619	0	5.389
swarm_65_22.pdb	15.714	31.040	0.015873	5.192
swarm_58_25.pdb	19.510	35.480	0	5.023
swarm_7_89.pdb	14.616	25.709	0	4.685
swarm_33_100.pdb	21.465	46.014	0	4.376
swarm_56_192.pdb	15.591	29.295	0.0952381	4.164
swarm_23_124.pdb	17.773	35.894	0	4.078
swarm_27_111.pdb	7.157	13.302	0.015873	4.024
swarm_33_182.pdb	17.348	48.246	0	3.983
swarm_65_144.pdb	13.860	41.403	0.031746	3.378
swarm_61_12.pdb	12.238	29.637	0	3.224
swarm_26_63.pdb	19.256	57.860	0	2.539
swarm_8_1.pdb	15.326	37.389	0.015873	2.512
swarm_43_44.pdb	19.476	38.949	0	1.503
swarm_35_101.pdb	17.219	31.578	0	1.194
swarm_33_172.pdb	12.759	47.150	0	1.024
swarm_53_40.pdb	14.690	30.530	0	0.803
swarm_27_68.pdb	21.730	55.015	0	0.516
swarm_55_66.pdb	18.311	33.698	0	0.057
swarm_55_150.pdb	14.858	36.132	0	0.056
