swarm_26_118.pdb	2.843	12.170	0.460317	46.413
swarm_41_159.pdb	2.358	9.453	0.492063	46.401
swarm_27_114.pdb	3.034	9.136	0.301587	42.925
swarm_37_130.pdb	1.694	5.395	0.571429	42.304
swarm_65_91.pdb	10.245	25.239	0	41.824
swarm_16_74.pdb	2.470	8.183	0.349206	41.370
swarm_40_93.pdb	3.229	11.391	0.396825	40.853
swarm_43_187.pdb	2.877	10.750	0.333333	40.545
swarm_13_65.pdb	1.658	5.642	0.555556	40.516
swarm_46_132.pdb	2.776	12.253	0.365079	40.164
swarm_28_8.pdb	1.353	4.965	0.714286	38.932
swarm_14_88.pdb	2.597	11.608	0.428571	36.530
swarm_56_67.pdb	2.985	10.712	0.301587	35.592
swarm_24_45.pdb	4.316	12.916	0.0952381	35.308
swarm_43_164.pdb	10.488	28.287	0	34.709
swarm_4_194.pdb	11.983	29.828	0	34.234
swarm_29_192.pdb	11.164	30.752	0.015873	33.655
swarm_13_75.pdb	3.993	12.505	0.142857	33.417
swarm_66_15.pdb	10.310	25.650	0	33.374
swarm_8_46.pdb	12.839	30.298	0.015873	33.124
swarm_60_36.pdb	12.597	20.949	0	33.035
swarm_33_113.pdb	7.177	23.568	0.0634921	32.975
swarm_6_109.pdb	10.685	28.578	0	32.617
swarm_12_93.pdb	6.161	14.741	0.015873	32.413
swarm_45_146.pdb	11.263	33.629	0.047619	32.230
swarm_5_152.pdb	8.257	29.922	0.031746	31.935
swarm_0_165.pdb	11.579	44.757	0	31.885
swarm_12_32.pdb	10.080	25.593	0	31.829
swarm_34_138.pdb	3.047	12.219	0.507937	31.516
swarm_20_121.pdb	11.759	44.611	0	31.410
swarm_33_92.pdb	11.506	45.071	0	31.308
swarm_54_196.pdb	4.145	6.815	0.126984	31.238
swarm_48_127.pdb	11.396	30.459	0	31.235
swarm_6_193.pdb	13.863	50.828	0	31.032
swarm_49_148.pdb	8.377	24.732	0.031746	30.938
swarm_3_16.pdb	8.675	29.599	0.015873	30.912
swarm_48_139.pdb	3.502	13.464	0.253968	30.836
swarm_39_186.pdb	10.007	20.739	0	30.825
swarm_59_192.pdb	9.236	18.894	0	30.810
swarm_16_89.pdb	6.290	20.214	0.0952381	30.530
swarm_4_77.pdb	9.595	25.446	0	30.483
swarm_11_53.pdb	7.591	24.836	0.031746	29.979
swarm_24_72.pdb	7.757	21.121	0.031746	29.636
swarm_17_51.pdb	8.455	26.868	0.031746	29.572
swarm_54_78.pdb	11.778	44.697	0	29.226
swarm_47_195.pdb	8.681	22.961	0.111111	28.762
swarm_52_68.pdb	6.657	25.530	0.126984	28.674
swarm_22_191.pdb	11.186	29.276	0	28.647
swarm_59_145.pdb	4.479	15.493	0.126984	28.204
swarm_50_13.pdb	3.609	14.415	0.365079	27.569
swarm_26_88.pdb	8.726	28.835	0.031746	27.475
swarm_18_22.pdb	9.478	28.867	0	27.274
swarm_5_61.pdb	6.539	21.552	0.15873	27.267
swarm_58_135.pdb	11.176	28.027	0	27.245
swarm_26_56.pdb	11.642	46.172	0	26.943
swarm_57_60.pdb	9.623	27.464	0	26.939
swarm_60_29.pdb	11.139	32.780	0	26.872
swarm_45_123.pdb	12.234	28.095	0.015873	26.645
swarm_16_173.pdb	11.406	42.380	0	26.593
swarm_44_141.pdb	8.345	35.177	0	26.419
swarm_38_175.pdb	9.801	38.203	0.031746	26.358
swarm_66_185.pdb	9.529	26.003	0	26.312
swarm_11_143.pdb	14.589	35.483	0	26.265
swarm_1_26.pdb	10.631	31.321	0.015873	26.231
swarm_6_17.pdb	14.295	52.056	0	26.135
swarm_2_20.pdb	9.288	24.350	0	25.931
swarm_42_22.pdb	10.264	31.766	0	25.921
swarm_24_118.pdb	10.794	27.222	0	25.844
swarm_68_61.pdb	8.672	26.053	0.047619	25.820
swarm_44_186.pdb	10.284	25.693	0	25.818
swarm_35_139.pdb	6.460	23.972	0.031746	25.773
swarm_58_103.pdb	10.035	29.409	0	25.767
swarm_44_5.pdb	8.818	27.438	0.031746	25.764
swarm_5_54.pdb	9.700	41.567	0	25.681
swarm_41_56.pdb	13.490	49.507	0	25.557
swarm_20_37.pdb	9.626	40.768	0	25.471
swarm_24_140.pdb	10.463	34.350	0	25.280
swarm_34_100.pdb	11.243	34.308	0.015873	24.945
swarm_67_106.pdb	10.287	32.341	0	24.943
swarm_24_55.pdb	12.552	24.221	0	24.914
swarm_67_90.pdb	11.590	43.346	0	24.880
swarm_21_12.pdb	9.950	30.120	0	24.864
swarm_15_72.pdb	11.414	45.690	0	24.712
swarm_0_118.pdb	10.870	42.444	0.0634921	24.515
swarm_41_34.pdb	7.567	27.610	0	24.495
swarm_13_187.pdb	5.427	18.651	0.111111	24.446
swarm_49_148.pdb	7.139	26.042	0.031746	24.386
swarm_61_8.pdb	7.469	27.885	0.0793651	24.362
swarm_4_39.pdb	7.238	22.616	0.031746	24.294
swarm_47_167.pdb	5.194	22.245	0.15873	24.266
swarm_48_76.pdb	7.312	28.834	0.0793651	24.176
swarm_1_60.pdb	9.331	26.375	0	23.977
swarm_37_79.pdb	6.953	21.526	0.111111	23.970
swarm_7_4.pdb	14.184	49.510	0	23.837
swarm_48_91.pdb	9.804	29.281	0.031746	23.751
swarm_69_66.pdb	10.513	33.351	0	23.725
swarm_39_44.pdb	9.384	27.015	0	23.502
swarm_65_33.pdb	7.449	23.412	0	23.476
swarm_47_63.pdb	7.754	24.370	0	23.464
swarm_7_15.pdb	12.051	48.974	0	23.330
swarm_10_197.pdb	10.119	42.547	0	23.291
swarm_11_174.pdb	10.268	31.215	0.015873	23.188
swarm_46_40.pdb	8.985	22.846	0.015873	22.850
swarm_58_160.pdb	9.699	31.178	0.015873	22.845
swarm_7_194.pdb	10.425	34.821	0	22.790
swarm_65_195.pdb	10.620	29.542	0	22.684
swarm_5_7.pdb	13.206	43.987	0	22.643
swarm_6_124.pdb	7.893	26.242	0.0793651	22.572
swarm_31_195.pdb	9.827	40.891	0	22.572
swarm_35_102.pdb	8.604	31.093	0	22.557
swarm_38_6.pdb	8.801	23.550	0.047619	22.485
swarm_9_85.pdb	10.500	35.312	0	22.337
swarm_23_171.pdb	12.722	48.961	0	22.290
swarm_42_197.pdb	13.280	48.114	0	21.916
swarm_63_56.pdb	9.813	31.708	0.0793651	21.897
swarm_46_108.pdb	5.547	24.021	0.174603	21.883
swarm_5_73.pdb	9.728	28.946	0	21.796
swarm_36_180.pdb	7.272	21.734	0.031746	21.438
swarm_69_35.pdb	8.515	20.812	0.047619	21.314
swarm_10_117.pdb	8.467	35.036	0.015873	20.805
swarm_41_36.pdb	8.431	20.212	0.015873	20.758
swarm_5_101.pdb	13.386	48.887	0	20.573
swarm_41_188.pdb	6.430	29.219	0.111111	20.525
swarm_58_22.pdb	11.476	33.291	0	20.289
swarm_2_97.pdb	11.518	42.677	0.015873	20.275
swarm_39_128.pdb	7.650	18.912	0	20.156
swarm_51_57.pdb	13.676	47.056	0	20.150
swarm_51_140.pdb	5.247	24.183	0.15873	19.994
swarm_63_196.pdb	8.232	31.637	0.0634921	19.906
swarm_59_103.pdb	11.012	35.096	0.015873	19.688
swarm_8_63.pdb	14.471	49.185	0	19.556
swarm_3_183.pdb	7.977	18.509	0.031746	19.475
swarm_10_132.pdb	11.873	37.958	0	19.438
swarm_67_103.pdb	14.374	43.820	0	19.275
swarm_3_83.pdb	13.656	42.786	0	19.110
swarm_27_183.pdb	11.005	36.609	0	19.043
swarm_74_157.pdb	8.245	18.604	0.047619	18.745
swarm_53_171.pdb	5.143	16.781	0.0952381	18.719
swarm_11_14.pdb	9.787	43.254	0.031746	18.508
swarm_5_186.pdb	10.995	21.291	0	18.315
swarm_52_69.pdb	7.008	26.685	0.15873	18.307
swarm_1_73.pdb	11.187	29.363	0	18.269
swarm_29_65.pdb	12.816	45.580	0	18.094
swarm_1_85.pdb	11.435	39.096	0	18.085
swarm_12_29.pdb	9.637	25.872	0	18.031
swarm_29_138.pdb	10.833	39.302	0.015873	17.838
swarm_42_109.pdb	11.410	32.668	0	17.809
swarm_9_163.pdb	11.628	32.388	0	17.799
swarm_4_166.pdb	11.299	37.382	0	17.758
swarm_49_28.pdb	6.266	24.003	0.0634921	17.567
swarm_50_149.pdb	8.193	20.090	0.047619	17.441
swarm_34_114.pdb	11.194	35.422	0	17.361
swarm_3_134.pdb	4.056	13.929	0.15873	17.340
swarm_54_57.pdb	9.074	16.294	0	17.199
swarm_32_142.pdb	8.102	37.343	0.126984	16.404
swarm_37_177.pdb	6.221	17.688	0.047619	16.360
swarm_54_117.pdb	6.923	15.473	0.031746	16.347
swarm_56_87.pdb	9.836	33.098	0	16.232
swarm_32_186.pdb	7.751	32.066	0.0793651	16.226
swarm_69_177.pdb	7.853	24.190	0.111111	16.171
swarm_12_94.pdb	9.007	23.794	0.015873	16.101
swarm_60_24.pdb	11.944	32.959	0	16.016
swarm_55_169.pdb	9.061	25.125	0	15.270
swarm_40_40.pdb	10.639	41.677	0.031746	15.203
swarm_20_48.pdb	7.773	24.741	0	14.998
swarm_25_117.pdb	10.351	28.368	0	14.938
swarm_55_56.pdb	10.711	40.704	0.0634921	14.790
swarm_55_40.pdb	11.231	38.967	0	14.179
swarm_46_38.pdb	5.860	23.500	0.0952381	14.125
swarm_64_116.pdb	10.939	32.899	0.015873	13.671
swarm_19_58.pdb	4.476	7.227	0.126984	13.655
swarm_1_120.pdb	10.151	31.903	0.047619	12.598
swarm_46_27.pdb	8.732	32.995	0.031746	12.392
swarm_39_52.pdb	7.655	15.530	0.0634921	12.185
swarm_19_26.pdb	7.604	13.425	0	11.789
swarm_10_108.pdb	8.784	35.218	0.015873	11.466
swarm_55_178.pdb	12.565	45.363	0	11.113
swarm_6_5.pdb	11.571	27.250	0	10.038
swarm_26_58.pdb	6.225	26.743	0.0952381	10.031
swarm_11_29.pdb	8.419	26.476	0.031746	9.719
swarm_74_102.pdb	7.684	14.482	0	7.097
swarm_58_104.pdb	11.394	30.241	0	7.077
swarm_9_132.pdb	5.145	21.625	0.396825	6.120
swarm_16_186.pdb	9.691	44.229	0.0634921	5.320
swarm_37_9.pdb	7.831	14.667	0	5.096
swarm_14_7.pdb	7.549	14.052	0.0952381	4.358
swarm_38_35.pdb	9.278	41.497	0.047619	3.162
swarm_38_124.pdb	9.440	28.541	0	2.602
swarm_58_159.pdb	13.422	40.863	0	2.388
