swarm_17_178.pdb	2.316	7.861	0.555556	38.540
swarm_60_142.pdb	13.203	32.281	0	37.251
swarm_31_56.pdb	17.031	31.372	0.0634921	37.181
swarm_30_158.pdb	7.171	18.375	0.015873	36.752
swarm_39_11.pdb	10.373	27.022	0.031746	36.613
swarm_59_103.pdb	10.051	24.487	0.0634921	36.496
swarm_22_78.pdb	12.258	28.941	0	35.509
swarm_42_77.pdb	11.033	27.545	0.031746	34.626
swarm_50_182.pdb	1.598	4.776	0.587302	34.565
swarm_57_193.pdb	14.742	33.123	0.015873	34.494
swarm_41_81.pdb	16.790	31.261	0.0634921	34.034
swarm_1_100.pdb	12.715	30.126	0.015873	33.882
swarm_33_121.pdb	9.285	21.129	0	33.748
swarm_7_132.pdb	2.865	11.843	0.460317	33.671
swarm_59_146.pdb	12.433	30.199	0	33.513
swarm_1_152.pdb	10.443	24.503	0.0793651	33.127
swarm_46_1.pdb	16.923	34.043	0.015873	33.005
swarm_53_10.pdb	7.810	16.891	0.031746	32.960
swarm_53_185.pdb	12.210	24.186	0.015873	32.710
swarm_57_82.pdb	9.428	21.911	0.047619	32.077
swarm_49_97.pdb	3.116	7.929	0.174603	31.968
swarm_31_127.pdb	15.268	30.255	0.0793651	31.931
swarm_59_10.pdb	12.876	36.742	0.047619	31.758
swarm_18_171.pdb	8.540	20.827	0.111111	31.702
swarm_31_118.pdb	17.519	29.258	0	31.449
swarm_57_54.pdb	12.939	28.868	0.031746	31.361
swarm_0_103.pdb	10.570	30.425	0.0634921	31.354
swarm_39_45.pdb	14.467	35.757	0.0634921	31.189
swarm_30_134.pdb	13.939	26.106	0	31.149
swarm_41_88.pdb	11.620	23.646	0.0952381	31.142
swarm_47_68.pdb	16.429	34.283	0.031746	30.942
swarm_51_54.pdb	11.806	34.534	0.0634921	30.925
swarm_60_118.pdb	12.084	33.754	0.0793651	30.652
swarm_32_116.pdb	17.927	32.329	0	30.515
swarm_44_46.pdb	8.667	20.976	0.142857	30.094
swarm_43_96.pdb	14.514	23.423	0	30.046
swarm_1_74.pdb	18.008	30.159	0	29.858
swarm_55_109.pdb	6.781	18.818	0.15873	29.804
swarm_30_119.pdb	14.852	28.696	0.0952381	29.703
swarm_51_173.pdb	17.029	34.142	0	29.571
swarm_31_100.pdb	12.492	23.941	0.015873	29.571
swarm_22_62.pdb	10.858	21.533	0	29.525
swarm_18_24.pdb	15.115	26.533	0	29.459
swarm_61_47.pdb	8.636	32.095	0.0634921	29.291
swarm_57_34.pdb	7.733	22.353	0.015873	29.042
swarm_33_135.pdb	14.446	31.296	0.015873	28.992
swarm_27_9.pdb	7.582	22.563	0.015873	28.957
swarm_53_111.pdb	14.405	30.647	0.015873	28.761
swarm_57_163.pdb	12.569	26.558	0	28.716
swarm_55_82.pdb	16.000	32.302	0.031746	28.678
swarm_18_167.pdb	17.634	32.049	0	28.626
swarm_7_147.pdb	7.812	25.678	0	28.620
swarm_5_142.pdb	11.589	30.095	0	28.578
swarm_47_169.pdb	2.612	8.940	0.47619	28.516
swarm_22_30.pdb	14.868	27.176	0	28.444
swarm_32_158.pdb	16.786	34.802	0	28.158
swarm_7_84.pdb	9.366	24.595	0	27.966
swarm_4_89.pdb	12.635	21.729	0	27.959
swarm_44_51.pdb	6.492	15.176	0.031746	27.896
swarm_1_31.pdb	11.977	25.196	0	27.626
swarm_44_70.pdb	5.545	16.417	0.349206	27.620
swarm_60_59.pdb	16.992	34.871	0	27.560
swarm_5_127.pdb	16.535	27.564	0	27.492
swarm_26_194.pdb	16.783	30.144	0	27.474
swarm_35_184.pdb	7.331	22.743	0	27.337
swarm_50_84.pdb	16.250	31.652	0.015873	27.184
swarm_32_102.pdb	14.927	31.021	0.015873	27.087
swarm_59_177.pdb	16.839	34.938	0	26.987
swarm_44_93.pdb	4.091	15.375	0.142857	26.987
swarm_27_170.pdb	20.673	39.485	0	26.961
swarm_6_85.pdb	13.265	26.686	0.0634921	26.734
swarm_60_136.pdb	17.752	32.246	0	26.730
swarm_6_145.pdb	13.730	26.466	0.015873	26.630
swarm_41_191.pdb	16.426	30.191	0.047619	26.608
swarm_40_49.pdb	7.270	22.812	0	26.540
swarm_27_113.pdb	7.688	23.295	0	26.502
swarm_57_129.pdb	14.137	31.652	0.015873	26.472
swarm_22_83.pdb	16.597	34.890	0	26.462
swarm_28_89.pdb	7.437	20.263	0.15873	26.395
swarm_1_132.pdb	13.615	26.915	0	26.320
swarm_19_125.pdb	12.645	33.745	0	26.157
swarm_48_24.pdb	16.676	29.079	0	25.985
swarm_54_188.pdb	17.509	31.273	0.015873	25.984
swarm_53_136.pdb	9.902	18.419	0	25.948
swarm_54_65.pdb	3.545	10.853	0.222222	25.911
swarm_30_5.pdb	15.822	26.759	0	25.870
swarm_9_124.pdb	9.948	22.682	0	25.807
swarm_53_84.pdb	15.174	30.829	0	25.722
swarm_49_72.pdb	12.610	31.129	0.031746	25.631
swarm_49_192.pdb	15.393	31.834	0.031746	25.459
swarm_22_153.pdb	9.244	23.932	0	25.423
swarm_29_10.pdb	12.502	24.774	0	25.351
swarm_5_185.pdb	14.354	29.580	0.031746	25.191
swarm_41_197.pdb	7.580	14.586	0.015873	24.989
swarm_20_41.pdb	12.165	35.072	0.0793651	24.948
swarm_4_166.pdb	9.695	20.385	0	24.946
swarm_60_186.pdb	16.787	37.203	0	24.929
swarm_17_166.pdb	12.080	30.021	0.0793651	24.885
swarm_35_121.pdb	13.033	40.916	0.0952381	24.856
swarm_4_39.pdb	14.158	26.061	0	24.768
swarm_28_119.pdb	3.948	7.783	0.222222	24.739
swarm_28_1.pdb	11.812	21.552	0	24.618
swarm_10_23.pdb	12.319	34.427	0.031746	24.603
swarm_29_50.pdb	13.346	31.655	0.015873	24.514
swarm_47_90.pdb	15.691	28.709	0	24.479
swarm_54_178.pdb	17.956	32.408	0	24.450
swarm_54_63.pdb	15.849	27.900	0	24.443
swarm_5_93.pdb	4.629	14.772	0.142857	24.353
swarm_5_108.pdb	14.119	28.703	0	24.317
swarm_16_74.pdb	17.597	32.873	0.031746	24.112
swarm_13_85.pdb	18.154	43.997	0	24.014
swarm_60_134.pdb	15.972	34.629	0.0634921	23.971
swarm_20_118.pdb	19.411	34.882	0	23.959
swarm_26_19.pdb	9.957	30.332	0	23.925
swarm_51_178.pdb	13.360	38.114	0.015873	23.894
swarm_14_90.pdb	9.032	24.893	0.0793651	23.787
swarm_51_52.pdb	18.553	41.929	0	23.733
swarm_26_56.pdb	10.827	23.191	0	23.720
swarm_48_163.pdb	19.319	39.396	0	23.614
swarm_52_151.pdb	19.838	38.674	0	23.603
swarm_16_68.pdb	10.155	19.704	0.0793651	23.524
swarm_5_70.pdb	15.786	30.959	0.0634921	23.466
swarm_51_9.pdb	19.713	40.157	0	23.445
swarm_28_196.pdb	13.510	27.380	0.015873	23.422
swarm_33_192.pdb	17.910	32.663	0	23.365
swarm_31_43.pdb	17.324	32.167	0	23.227
swarm_54_137.pdb	16.003	31.999	0.0793651	23.201
swarm_54_145.pdb	11.241	24.726	0.031746	23.172
swarm_6_73.pdb	10.136	18.647	0	23.099
swarm_60_184.pdb	14.165	33.446	0.0793651	23.037
swarm_41_43.pdb	15.005	25.616	0	22.801
swarm_17_195.pdb	17.225	31.113	0.031746	22.742
swarm_22_90.pdb	13.450	29.537	0.031746	22.614
swarm_20_48.pdb	13.455	36.758	0	22.612
swarm_52_60.pdb	16.429	36.608	0.031746	22.591
swarm_10_115.pdb	20.190	40.348	0	22.514
swarm_52_5.pdb	14.380	34.169	0	22.423
swarm_14_178.pdb	19.598	32.548	0	22.415
swarm_17_98.pdb	11.123	24.977	0.015873	22.319
swarm_32_169.pdb	12.767	26.736	0.015873	22.300
swarm_6_159.pdb	19.071	31.222	0	22.072
swarm_53_132.pdb	15.362	31.720	0.031746	21.837
swarm_4_160.pdb	14.645	23.540	0	21.799
swarm_59_106.pdb	11.462	33.624	0	21.735
swarm_41_103.pdb	17.910	29.038	0	21.664
swarm_28_124.pdb	15.556	25.997	0	21.635
swarm_42_57.pdb	8.980	22.971	0	21.406
swarm_50_168.pdb	16.455	26.009	0	21.356
swarm_51_53.pdb	16.099	38.782	0	21.152
swarm_28_2.pdb	18.403	32.289	0	21.105
swarm_42_34.pdb	16.706	31.700	0	21.064
swarm_33_25.pdb	7.042	15.016	0.015873	20.859
swarm_28_115.pdb	16.938	29.494	0	20.824
swarm_49_6.pdb	14.556	30.644	0.015873	20.658
swarm_1_3.pdb	8.740	21.039	0.111111	20.575
swarm_6_115.pdb	15.163	27.975	0.0952381	20.504
swarm_0_19.pdb	15.339	35.815	0	20.486
swarm_14_128.pdb	19.116	33.067	0	20.439
swarm_27_198.pdb	17.746	29.819	0	20.342
swarm_42_122.pdb	13.574	26.376	0.015873	20.211
swarm_52_197.pdb	16.564	32.909	0	20.039
swarm_16_128.pdb	5.943	14.614	0.047619	19.912
swarm_44_50.pdb	16.268	26.010	0	19.902
swarm_46_144.pdb	9.265	23.673	0.031746	19.852
swarm_30_61.pdb	19.114	28.457	0	19.698
swarm_57_102.pdb	14.469	31.921	0	19.668
swarm_49_176.pdb	10.207	27.536	0	19.528
swarm_16_156.pdb	17.113	31.514	0.015873	19.406
swarm_29_40.pdb	19.730	34.991	0	18.924
swarm_30_192.pdb	10.174	25.004	0.0634921	18.792
swarm_9_19.pdb	13.703	30.990	0.0634921	18.692
swarm_33_159.pdb	15.307	28.532	0	18.653
swarm_6_137.pdb	19.106	31.245	0	18.647
swarm_40_197.pdb	8.431	27.589	0.0952381	18.463
swarm_16_186.pdb	16.601	29.241	0.047619	18.362
swarm_51_75.pdb	20.308	38.688	0	18.118
swarm_61_116.pdb	15.587	37.140	0.015873	17.993
swarm_41_180.pdb	15.467	31.117	0.031746	17.989
swarm_49_191.pdb	21.204	36.077	0	17.953
swarm_27_27.pdb	19.049	33.841	0	17.787
swarm_27_157.pdb	19.890	32.620	0	17.666
swarm_14_154.pdb	18.275	34.752	0.015873	17.533
swarm_30_11.pdb	11.791	22.865	0.0634921	17.399
swarm_14_167.pdb	19.204	31.818	0	17.073
swarm_18_2.pdb	8.573	19.830	0	17.020
swarm_9_85.pdb	19.889	33.356	0	17.005
swarm_16_34.pdb	13.629	24.633	0.0634921	16.710
swarm_17_186.pdb	16.069	28.178	0	16.692
swarm_6_61.pdb	17.819	31.808	0	16.537
swarm_32_199.pdb	17.797	39.164	0	16.098
swarm_23_67.pdb	20.805	45.439	0	15.967
swarm_11_163.pdb	11.506	28.914	0.0634921	15.635
swarm_14_177.pdb	18.499	29.481	0	15.090
swarm_46_164.pdb	20.523	32.944	0	14.830
swarm_46_109.pdb	18.762	28.613	0	14.564
swarm_53_120.pdb	11.713	23.011	0	14.249
swarm_50_27.pdb	9.951	20.672	0.015873	13.858
swarm_16_52.pdb	14.599	28.624	0.015873	13.725
swarm_46_95.pdb	11.752	28.445	0.031746	13.588
swarm_18_158.pdb	14.305	33.679	0.0952381	13.561
swarm_16_155.pdb	15.259	28.996	0	13.358
swarm_18_77.pdb	13.575	32.423	0	12.992
swarm_16_181.pdb	18.285	34.628	0	12.784
swarm_16_5.pdb	17.206	29.945	0	12.678
swarm_46_17.pdb	18.286	32.172	0	12.670
swarm_49_38.pdb	16.166	30.417	0	12.454
swarm_16_30.pdb	9.137	26.193	0.0634921	12.437
swarm_48_144.pdb	13.953	36.439	0	12.216
swarm_47_84.pdb	20.519	31.357	0	12.086
swarm_48_193.pdb	7.682	27.917	0.126984	11.200
swarm_5_131.pdb	18.204	31.290	0	10.462
swarm_16_110.pdb	19.245	31.950	0	10.075
swarm_14_38.pdb	5.269	10.420	0.031746	9.840
swarm_47_94.pdb	20.265	33.017	0	9.263
swarm_31_159.pdb	16.624	33.452	0.015873	7.462
swarm_42_7.pdb	11.474	27.544	0.015873	5.605
swarm_29_22.pdb	17.295	36.682	0	5.378
swarm_27_29.pdb	8.580	22.945	0.015873	2.388
swarm_53_92.pdb	7.012	12.935	0	2.254
swarm_7_65.pdb	16.919	30.514	0	1.975
swarm_6_53.pdb	12.851	25.825	0	0.437
