swarm_65_91.pdb	10.245	25.239	0	41.824
swarm_14_88.pdb	2.597	11.608	0.428571	36.530
swarm_66_15.pdb	10.310	25.650	0	33.374
swarm_12_93.pdb	6.161	14.741	0.015873	32.413
swarm_12_32.pdb	10.080	25.593	0	31.829
swarm_54_196.pdb	4.145	6.815	0.126984	31.238
swarm_6_193.pdb	13.863	50.828	0	31.032
swarm_58_135.pdb	11.176	28.027	0	27.245
swarm_57_60.pdb	9.623	27.464	0	26.939
swarm_66_185.pdb	9.529	26.003	0	26.312
swarm_6_17.pdb	14.295	52.056	0	26.135
swarm_42_22.pdb	10.264	31.766	0	25.921
swarm_24_118.pdb	10.794	27.222	0	25.844
swarm_58_103.pdb	10.035	29.409	0	25.767
swarm_41_56.pdb	13.490	49.507	0	25.557
swarm_24_140.pdb	10.463	34.350	0	25.280
swarm_67_106.pdb	10.287	32.341	0	24.943
swarm_67_90.pdb	11.590	43.346	0	24.880
swarm_21_12.pdb	9.950	30.120	0	24.864
swarm_1_60.pdb	9.331	26.375	0	23.977
swarm_7_4.pdb	14.184	49.510	0	23.837
swarm_69_66.pdb	10.513	33.351	0	23.725
swarm_65_33.pdb	7.449	23.412	0	23.476
swarm_65_195.pdb	10.620	29.542	0	22.684
swarm_5_7.pdb	13.206	43.987	0	22.643
swarm_35_102.pdb	8.604	31.093	0	22.557
swarm_23_171.pdb	12.722	48.961	0	22.290
swarm_5_101.pdb	13.386	48.887	0	20.573
swarm_58_22.pdb	11.476	33.291	0	20.289
swarm_2_97.pdb	11.518	42.677	0.015873	20.275
swarm_51_57.pdb	13.676	47.056	0	20.150
swarm_8_63.pdb	14.471	49.185	0	19.556
swarm_67_103.pdb	14.374	43.820	0	19.275
swarm_3_83.pdb	13.656	42.786	0	19.110
swarm_27_183.pdb	11.005	36.609	0	19.043
swarm_1_73.pdb	11.187	29.363	0	18.269
swarm_29_65.pdb	12.816	45.580	0	18.094
swarm_1_85.pdb	11.435	39.096	0	18.085
swarm_29_138.pdb	10.833	39.302	0.015873	17.838
swarm_42_109.pdb	11.410	32.668	0	17.809
swarm_4_166.pdb	11.299	37.382	0	17.758
swarm_34_114.pdb	11.194	35.422	0	17.361
swarm_37_177.pdb	6.221	17.688	0.047619	16.360
swarm_56_87.pdb	9.836	33.098	0	16.232
swarm_55_169.pdb	9.061	25.125	0	15.270
swarm_20_48.pdb	7.773	24.741	0	14.998
swarm_25_117.pdb	10.351	28.368	0	14.938
