run1-swarm_54_107.pdb	8.213	24.344	0	43.781
run1-swarm_42_24.pdb	10.890	35.320	0	42.609
run1-swarm_20_2.pdb	8.861	26.643	0	42.189
run1-swarm_61_141.pdb	8.003	23.048	0	41.716
run1-swarm_53_9.pdb	9.855	31.273	0	41.500
run1-swarm_39_17.pdb	3.067	5.790	0.253968	41.005
run1-swarm_41_132.pdb	9.754	29.849	0	39.589
run1-swarm_69_186.pdb	8.555	23.597	0	39.569
run1-swarm_8_165.pdb	2.706	11.357	0.507937	38.824
run1-swarm_66_79.pdb	3.549	13.897	0.253968	38.517
run1-swarm_17_158.pdb	10.766	37.325	0	37.523
run1-swarm_53_22.pdb	9.615	28.278	0	37.043
run1-swarm_57_195.pdb	11.251	42.604	0	36.273
run1-swarm_66_14.pdb	5.912	18.215	0.031746	35.656
run1-swarm_68_151.pdb	5.919	17.633	0.0634921	35.576
run1-swarm_6_74.pdb	9.046	23.306	0	35.488
run1-swarm_12_111.pdb	13.088	51.319	0	35.158
run1-swarm_23_190.pdb	8.466	27.297	0	35.045
run1-swarm_68_195.pdb	7.700	20.474	0	34.959
run1-swarm_64_118.pdb	5.850	14.156	0.015873	34.732
run1-swarm_45_195.pdb	12.475	45.324	0	34.521
run1-swarm_41_21.pdb	10.429	28.530	0	34.127
run1-swarm_37_113.pdb	2.192	4.225	0.412698	33.996
run1-swarm_43_83.pdb	11.497	38.955	0	33.384
run1-swarm_51_92.pdb	9.178	22.718	0	32.804
run1-swarm_20_161.pdb	10.364	33.854	0	32.722
run1-swarm_40_183.pdb	14.489	49.656	0	32.176
run1-swarm_68_183.pdb	4.377	17.734	0.238095	32.005
run1-swarm_42_0.pdb	10.617	34.624	0	32.003
run1-swarm_63_140.pdb	9.582	34.314	0	31.739
run1-swarm_17_22.pdb	9.650	27.880	0	31.489
run1-swarm_21_101.pdb	11.985	44.695	0	30.760
run1-swarm_74_117.pdb	11.416	39.980	0	30.704
run1-swarm_38_18.pdb	10.693	42.198	0	30.605
run1-swarm_72_0.pdb	11.602	44.140	0	30.573
run1-swarm_16_52.pdb	9.120	19.951	0	30.573
run1-swarm_35_99.pdb	11.827	42.746	0	30.357
run1-swarm_27_97.pdb	12.223	45.726	0	30.297
run1-swarm_52_186.pdb	7.339	26.884	0.015873	30.016
run1-swarm_0_98.pdb	12.081	43.254	0	29.917
run1-swarm_24_169.pdb	10.828	42.162	0	29.838
run1-swarm_49_137.pdb	14.582	47.278	0	29.728
run1-swarm_12_96.pdb	12.161	45.906	0	29.222
run1-swarm_14_188.pdb	11.842	47.337	0	29.060
run1-swarm_71_16.pdb	14.201	46.546	0	28.958
run1-swarm_1_72.pdb	9.973	36.703	0	28.838
run1-swarm_7_16.pdb	11.340	41.206	0	28.756
run1-swarm_62_197.pdb	10.093	38.112	0	28.268
run1-swarm_53_147.pdb	4.284	15.817	0.206349	28.159
run1-swarm_68_191.pdb	4.873	16.671	0.126984	27.884
run1-swarm_65_176.pdb	7.965	23.538	0	27.182
run1-swarm_29_123.pdb	11.811	43.527	0	26.490
run1-swarm_15_195.pdb	10.986	42.274	0	26.284
run1-swarm_24_64.pdb	12.311	47.551	0	25.934
run1-swarm_6_150.pdb	8.782	20.223	0	25.636
run1-swarm_18_7.pdb	11.942	42.335	0	24.750
run1-swarm_64_72.pdb	7.846	23.570	0	24.663
run1-swarm_17_48.pdb	11.058	37.339	0	24.135
run1-swarm_36_28.pdb	6.433	20.592	0.047619	23.774
run1-swarm_45_134.pdb	10.437	37.177	0	23.506
run1-swarm_47_136.pdb	12.685	48.184	0	23.406
run1-swarm_53_193.pdb	8.383	25.878	0	19.440
run1-swarm_67_71.pdb	7.042	31.544	0.269841	6.404
