swarm_39_18.pdb	14.876	27.618	0	38.647
swarm_64_134.pdb	12.097	28.041	0.047619	38.560
swarm_17_178.pdb	2.316	7.861	0.555556	38.540
swarm_51_69.pdb	11.648	26.394	0	38.447
swarm_51_12.pdb	16.291	27.130	0	37.836
swarm_65_107.pdb	10.514	26.704	0.031746	37.276
swarm_60_142.pdb	13.203	32.281	0	37.251
swarm_31_56.pdb	17.031	31.372	0.0634921	37.181
swarm_30_158.pdb	7.171	18.375	0.015873	36.752
swarm_39_11.pdb	10.373	27.022	0.031746	36.613
swarm_59_103.pdb	10.051	24.487	0.0634921	36.496
swarm_41_179.pdb	15.701	38.151	0.031746	36.186
swarm_69_150.pdb	13.207	30.359	0.031746	36.003
swarm_22_78.pdb	12.258	28.941	0	35.509
swarm_51_79.pdb	13.781	30.296	0.031746	35.231
swarm_54_22.pdb	10.438	31.395	0.111111	34.762
swarm_42_77.pdb	11.033	27.545	0.031746	34.626
swarm_50_182.pdb	1.598	4.776	0.587302	34.565
swarm_57_193.pdb	14.742	33.123	0.015873	34.494
swarm_53_75.pdb	12.218	33.136	0	34.277
swarm_13_63.pdb	8.496	23.752	0.111111	34.194
swarm_65_57.pdb	12.180	27.775	0	34.078
swarm_41_81.pdb	16.790	31.261	0.0634921	34.034
swarm_1_100.pdb	12.715	30.126	0.015873	33.882
swarm_53_130.pdb	15.160	28.431	0	33.809
swarm_33_121.pdb	9.285	21.129	0	33.748
swarm_7_132.pdb	2.865	11.843	0.460317	33.671
swarm_68_51.pdb	10.666	26.237	0	33.538
swarm_59_146.pdb	12.433	30.199	0	33.513
swarm_53_9.pdb	15.305	30.162	0	33.202
swarm_1_152.pdb	10.443	24.503	0.0793651	33.127
swarm_42_164.pdb	16.322	39.495	0	33.096
swarm_46_1.pdb	16.923	34.043	0.015873	33.005
swarm_53_10.pdb	7.810	16.891	0.031746	32.960
swarm_61_31.pdb	14.224	34.025	0.0634921	32.891
swarm_23_99.pdb	13.416	35.971	0.0634921	32.879
swarm_53_185.pdb	12.210	24.186	0.015873	32.710
swarm_61_110.pdb	8.064	24.358	0.174603	32.372
swarm_57_82.pdb	9.428	21.911	0.047619	32.077
swarm_57_106.pdb	11.816	37.292	0	32.062
swarm_49_97.pdb	3.116	7.929	0.174603	31.968
swarm_31_127.pdb	15.268	30.255	0.0793651	31.931
swarm_59_10.pdb	12.876	36.742	0.047619	31.758
swarm_18_171.pdb	8.540	20.827	0.111111	31.702
swarm_31_118.pdb	17.519	29.258	0	31.449
swarm_57_54.pdb	12.939	28.868	0.031746	31.361
swarm_22_62.pdb	11.245	34.588	0.0793651	31.356
swarm_0_103.pdb	10.570	30.425	0.0634921	31.354
swarm_37_6.pdb	6.097	15.546	0.111111	31.272
swarm_39_45.pdb	14.467	35.757	0.0634921	31.189
swarm_30_134.pdb	13.939	26.106	0	31.149
swarm_41_88.pdb	11.620	23.646	0.0952381	31.142
swarm_53_173.pdb	13.631	36.780	0.015873	31.038
swarm_47_68.pdb	16.429	34.283	0.031746	30.942
swarm_51_54.pdb	11.806	34.534	0.0634921	30.925
swarm_68_195.pdb	8.341	28.067	0	30.759
swarm_41_159.pdb	13.470	37.744	0.047619	30.676
swarm_60_118.pdb	12.084	33.754	0.0793651	30.652
swarm_32_116.pdb	17.927	32.329	0	30.515
swarm_68_199.pdb	15.539	31.432	0.047619	30.459
swarm_65_183.pdb	11.179	27.786	0	30.136
swarm_44_46.pdb	8.667	20.976	0.142857	30.094
swarm_43_96.pdb	14.514	23.423	0	30.046
swarm_20_58.pdb	13.328	34.976	0	29.989
swarm_41_113.pdb	15.992	41.972	0.047619	29.959
swarm_1_74.pdb	18.008	30.159	0	29.858
swarm_55_109.pdb	6.781	18.818	0.15873	29.804
swarm_30_119.pdb	14.852	28.696	0.0952381	29.703
swarm_66_82.pdb	10.892	28.797	0.015873	29.604
swarm_23_188.pdb	11.143	30.852	0.047619	29.585
swarm_51_173.pdb	17.029	34.142	0	29.571
swarm_31_100.pdb	12.492	23.941	0.015873	29.571
swarm_54_151.pdb	14.529	36.050	0	29.546
swarm_22_62.pdb	10.858	21.533	0	29.525
swarm_18_24.pdb	15.115	26.533	0	29.459
swarm_23_108.pdb	12.676	32.947	0.111111	29.439
swarm_64_1.pdb	10.400	24.272	0	29.336
swarm_61_47.pdb	8.636	32.095	0.0634921	29.291
swarm_37_181.pdb	17.951	29.314	0	29.288
swarm_69_196.pdb	13.068	35.096	0	29.268
swarm_16_125.pdb	9.244	21.361	0	29.198
swarm_57_34.pdb	7.733	22.353	0.015873	29.042
swarm_33_135.pdb	14.446	31.296	0.015873	28.992
swarm_27_9.pdb	7.582	22.563	0.015873	28.957
swarm_66_165.pdb	7.701	19.211	0.015873	28.828
swarm_53_111.pdb	14.405	30.647	0.015873	28.761
swarm_57_163.pdb	12.569	26.558	0	28.716
swarm_55_82.pdb	16.000	32.302	0.031746	28.678
swarm_18_167.pdb	17.634	32.049	0	28.626
swarm_7_147.pdb	7.812	25.678	0	28.620
swarm_5_142.pdb	11.589	30.095	0	28.578
swarm_47_169.pdb	2.612	8.940	0.47619	28.516
swarm_54_24.pdb	12.802	36.391	0.0793651	28.456
swarm_22_30.pdb	14.868	27.176	0	28.444
swarm_45_139.pdb	11.665	41.801	0	28.381
swarm_69_168.pdb	17.282	34.471	0	28.378
swarm_72_51.pdb	11.940	42.863	0	28.337
swarm_53_110.pdb	14.091	32.252	0	28.189
swarm_32_158.pdb	16.786	34.802	0	28.158
swarm_66_100.pdb	16.256	34.718	0	28.117
swarm_47_123.pdb	15.557	53.380	0.015873	28.108
swarm_41_173.pdb	16.003	35.165	0	28.025
swarm_61_105.pdb	13.482	30.347	0	28.015
swarm_7_84.pdb	9.366	24.595	0	27.966
swarm_4_89.pdb	12.635	21.729	0	27.959
swarm_44_51.pdb	6.492	15.176	0.031746	27.896
swarm_1_31.pdb	11.977	25.196	0	27.626
swarm_44_70.pdb	5.545	16.417	0.349206	27.620
swarm_60_59.pdb	16.992	34.871	0	27.560
swarm_23_25.pdb	13.580	36.896	0.0634921	27.545
swarm_6_129.pdb	17.938	30.933	0	27.526
swarm_5_127.pdb	16.535	27.564	0	27.492
swarm_26_194.pdb	16.783	30.144	0	27.474
swarm_42_197.pdb	11.485	36.415	0	27.365
swarm_35_184.pdb	7.331	22.743	0	27.337
swarm_6_86.pdb	13.962	31.551	0	27.307
swarm_65_154.pdb	14.862	31.749	0	27.281
swarm_41_166.pdb	14.846	35.109	0	27.274
swarm_50_84.pdb	16.250	31.652	0.015873	27.184
swarm_32_102.pdb	14.927	31.021	0.015873	27.087
swarm_23_88.pdb	11.992	32.212	0	27.070
swarm_59_177.pdb	16.839	34.938	0	26.987
swarm_44_93.pdb	4.091	15.375	0.142857	26.987
swarm_27_170.pdb	20.673	39.485	0	26.961
swarm_65_114.pdb	15.359	34.699	0	26.931
swarm_66_39.pdb	15.278	30.071	0	26.839
swarm_61_56.pdb	6.804	16.422	0.015873	26.824
swarm_61_164.pdb	8.571	18.970	0	26.738
swarm_6_85.pdb	13.265	26.686	0.0634921	26.734
swarm_60_136.pdb	17.752	32.246	0	26.730
swarm_0_185.pdb	14.021	39.701	0	26.650
swarm_6_145.pdb	13.730	26.466	0.015873	26.630
swarm_41_191.pdb	16.426	30.191	0.047619	26.608
swarm_54_155.pdb	13.276	33.535	0.0793651	26.590
swarm_40_49.pdb	7.270	22.812	0	26.540
swarm_20_168.pdb	19.590	42.382	0	26.527
swarm_27_113.pdb	7.688	23.295	0	26.502
swarm_57_129.pdb	14.137	31.652	0.015873	26.472
swarm_22_83.pdb	16.597	34.890	0	26.462
swarm_28_89.pdb	7.437	20.263	0.15873	26.395
swarm_17_22.pdb	13.720	35.453	0	26.323
swarm_1_132.pdb	13.615	26.915	0	26.320
swarm_53_44.pdb	16.267	35.675	0	26.219
swarm_19_125.pdb	12.645	33.745	0	26.157
swarm_48_24.pdb	16.676	29.079	0	25.985
swarm_54_188.pdb	17.509	31.273	0.015873	25.984
swarm_53_136.pdb	9.902	18.419	0	25.948
swarm_54_65.pdb	3.545	10.853	0.222222	25.911
swarm_30_5.pdb	15.822	26.759	0	25.870
swarm_9_124.pdb	9.948	22.682	0	25.807
swarm_53_84.pdb	15.174	30.829	0	25.722
swarm_53_178.pdb	13.621	32.092	0	25.660
swarm_49_72.pdb	12.610	31.129	0.031746	25.631
swarm_49_192.pdb	15.393	31.834	0.031746	25.459
swarm_22_153.pdb	9.244	23.932	0	25.423
swarm_64_31.pdb	14.224	29.911	0	25.406
swarm_29_10.pdb	12.502	24.774	0	25.351
swarm_15_90.pdb	17.295	51.078	0	25.323
swarm_37_17.pdb	14.146	28.422	0	25.258
swarm_5_185.pdb	14.354	29.580	0.031746	25.191
swarm_27_39.pdb	11.996	49.986	0.015873	25.161
swarm_41_51.pdb	13.126	31.904	0	25.089
swarm_41_197.pdb	7.580	14.586	0.015873	24.989
swarm_20_41.pdb	12.165	35.072	0.0793651	24.948
swarm_4_166.pdb	9.695	20.385	0	24.946
swarm_60_186.pdb	16.787	37.203	0	24.929
swarm_17_166.pdb	12.080	30.021	0.0793651	24.885
swarm_35_121.pdb	13.033	40.916	0.0952381	24.856
swarm_4_39.pdb	14.158	26.061	0	24.768
swarm_28_119.pdb	3.948	7.783	0.222222	24.739
swarm_20_193.pdb	15.589	43.065	0	24.640
swarm_28_1.pdb	11.812	21.552	0	24.618
swarm_10_23.pdb	12.319	34.427	0.031746	24.603
swarm_53_70.pdb	12.369	30.673	0.0634921	24.549
swarm_29_50.pdb	13.346	31.655	0.015873	24.514
swarm_47_90.pdb	15.691	28.709	0	24.479
swarm_54_178.pdb	17.956	32.408	0	24.450
swarm_54_63.pdb	15.849	27.900	0	24.443
swarm_17_140.pdb	13.448	40.958	0.031746	24.388
swarm_5_93.pdb	4.629	14.772	0.142857	24.353
swarm_5_108.pdb	14.119	28.703	0	24.317
swarm_24_68.pdb	22.435	49.328	0	24.264
swarm_16_74.pdb	17.597	32.873	0.031746	24.112
swarm_34_131.pdb	15.632	36.203	0	24.042
swarm_13_85.pdb	18.154	43.997	0	24.014
swarm_60_134.pdb	15.972	34.629	0.0634921	23.971
swarm_20_118.pdb	19.411	34.882	0	23.959
swarm_8_62.pdb	15.009	31.435	0.015873	23.942
swarm_26_19.pdb	9.957	30.332	0	23.925
swarm_51_178.pdb	13.360	38.114	0.015873	23.894
swarm_62_116.pdb	11.374	35.193	0.031746	23.838
swarm_64_4.pdb	17.146	32.265	0	23.801
swarm_14_90.pdb	9.032	24.893	0.0793651	23.787
swarm_51_52.pdb	18.553	41.929	0	23.733
swarm_26_56.pdb	10.827	23.191	0	23.720
swarm_65_159.pdb	15.910	29.983	0	23.634
swarm_25_2.pdb	15.624	47.610	0	23.627
swarm_48_163.pdb	19.319	39.396	0	23.614
swarm_52_151.pdb	19.838	38.674	0	23.603
swarm_16_154.pdb	14.475	35.337	0.015873	23.534
swarm_16_68.pdb	10.155	19.704	0.0793651	23.524
swarm_5_70.pdb	15.786	30.959	0.0634921	23.466
swarm_51_9.pdb	19.713	40.157	0	23.445
swarm_28_196.pdb	13.510	27.380	0.015873	23.422
swarm_33_192.pdb	17.910	32.663	0	23.365
swarm_31_43.pdb	17.324	32.167	0	23.227
swarm_54_137.pdb	16.003	31.999	0.0793651	23.201
swarm_54_145.pdb	11.241	24.726	0.031746	23.172
swarm_61_131.pdb	17.265	35.434	0	23.116
swarm_6_73.pdb	10.136	18.647	0	23.099
swarm_60_184.pdb	14.165	33.446	0.0793651	23.037
swarm_49_135.pdb	15.346	44.097	0	22.950
swarm_41_44.pdb	12.956	38.232	0.0952381	22.832
swarm_41_43.pdb	15.005	25.616	0	22.801
swarm_6_64.pdb	16.804	30.289	0	22.772
swarm_17_195.pdb	17.225	31.113	0.031746	22.742
swarm_22_90.pdb	13.450	29.537	0.031746	22.614
swarm_20_48.pdb	13.455	36.758	0	22.612
swarm_52_60.pdb	16.429	36.608	0.031746	22.591
swarm_13_11.pdb	17.022	30.925	0	22.584
swarm_37_134.pdb	16.000	29.233	0.031746	22.539
swarm_10_115.pdb	20.190	40.348	0	22.514
swarm_41_10.pdb	17.333	37.562	0	22.458
swarm_51_54.pdb	17.325	28.980	0	22.429
swarm_52_5.pdb	14.380	34.169	0	22.423
swarm_14_178.pdb	19.598	32.548	0	22.415
swarm_17_98.pdb	11.123	24.977	0.015873	22.319
swarm_41_63.pdb	18.154	39.981	0	22.303
swarm_32_169.pdb	12.767	26.736	0.015873	22.300
swarm_41_197.pdb	17.036	39.825	0	22.276
swarm_6_159.pdb	19.071	31.222	0	22.072
swarm_17_62.pdb	19.376	42.543	0	22.019
swarm_53_132.pdb	15.362	31.720	0.031746	21.837
swarm_4_160.pdb	14.645	23.540	0	21.799
swarm_59_106.pdb	11.462	33.624	0	21.735
swarm_25_137.pdb	16.390	46.179	0.047619	21.708
swarm_41_103.pdb	17.910	29.038	0	21.664
swarm_28_124.pdb	15.556	25.997	0	21.635
swarm_42_57.pdb	8.980	22.971	0	21.406
swarm_50_168.pdb	16.455	26.009	0	21.356
swarm_51_53.pdb	16.099	38.782	0	21.152
swarm_28_2.pdb	18.403	32.289	0	21.105
swarm_42_34.pdb	16.706	31.700	0	21.064
swarm_33_25.pdb	7.042	15.016	0.015873	20.859
swarm_70_170.pdb	19.555	54.747	0	20.857
swarm_28_115.pdb	16.938	29.494	0	20.824
swarm_41_95.pdb	15.404	37.836	0	20.758
swarm_49_6.pdb	14.556	30.644	0.015873	20.658
swarm_25_96.pdb	20.749	46.807	0	20.590
swarm_1_3.pdb	8.740	21.039	0.111111	20.575
swarm_42_175.pdb	12.272	35.323	0	20.573
swarm_1_78.pdb	11.528	28.205	0	20.572
swarm_1_172.pdb	10.741	32.314	0.031746	20.524
swarm_6_115.pdb	15.163	27.975	0.0952381	20.504
swarm_0_19.pdb	15.339	35.815	0	20.486
swarm_14_128.pdb	19.116	33.067	0	20.439
swarm_27_198.pdb	17.746	29.819	0	20.342
swarm_42_122.pdb	13.574	26.376	0.015873	20.211
swarm_52_197.pdb	16.564	32.909	0	20.039
swarm_16_128.pdb	5.943	14.614	0.047619	19.912
swarm_12_38.pdb	17.624	51.973	0.031746	19.912
swarm_44_50.pdb	16.268	26.010	0	19.902
swarm_46_144.pdb	9.265	23.673	0.031746	19.852
swarm_37_184.pdb	10.344	22.898	0	19.845
swarm_51_160.pdb	18.732	34.274	0	19.782
swarm_30_61.pdb	19.114	28.457	0	19.698
swarm_57_102.pdb	14.469	31.921	0	19.668
swarm_1_68.pdb	9.918	26.271	0	19.640
swarm_49_176.pdb	10.207	27.536	0	19.528
swarm_25_105.pdb	18.305	42.856	0	19.465
swarm_16_156.pdb	17.113	31.514	0.015873	19.406
swarm_61_114.pdb	13.107	33.257	0.0793651	19.362
swarm_61_133.pdb	11.028	29.236	0	19.311
swarm_63_80.pdb	17.999	36.652	0	19.204
swarm_29_40.pdb	19.730	34.991	0	18.924
swarm_30_192.pdb	10.174	25.004	0.0634921	18.792
swarm_9_19.pdb	13.703	30.990	0.0634921	18.692
swarm_17_116.pdb	18.420	38.698	0	18.667
swarm_33_159.pdb	15.307	28.532	0	18.653
swarm_6_137.pdb	19.106	31.245	0	18.647
swarm_40_197.pdb	8.431	27.589	0.0952381	18.463
swarm_37_112.pdb	16.487	29.907	0	18.433
swarm_16_186.pdb	16.601	29.241	0.047619	18.362
swarm_53_86.pdb	15.862	35.685	0	18.194
swarm_51_75.pdb	20.308	38.688	0	18.118
swarm_16_17.pdb	15.124	36.979	0	18.015
swarm_61_116.pdb	15.587	37.140	0.015873	17.993
swarm_41_180.pdb	15.467	31.117	0.031746	17.989
swarm_49_191.pdb	21.204	36.077	0	17.953
swarm_27_27.pdb	19.049	33.841	0	17.787
swarm_27_157.pdb	19.890	32.620	0	17.666
swarm_14_154.pdb	18.275	34.752	0.015873	17.533
swarm_16_170.pdb	14.209	33.345	0.0793651	17.522
swarm_30_11.pdb	11.791	22.865	0.0634921	17.399
swarm_28_91.pdb	15.938	49.829	0.111111	17.115
swarm_14_167.pdb	19.204	31.818	0	17.073
swarm_18_2.pdb	8.573	19.830	0	17.020
swarm_9_85.pdb	19.889	33.356	0	17.005
swarm_16_34.pdb	13.629	24.633	0.0634921	16.710
swarm_17_186.pdb	16.069	28.178	0	16.692
swarm_6_61.pdb	17.819	31.808	0	16.537
swarm_10_79.pdb	20.848	43.129	0	16.414
swarm_32_199.pdb	17.797	39.164	0	16.098
swarm_63_177.pdb	19.968	42.594	0	15.993
swarm_23_67.pdb	20.805	45.439	0	15.967
swarm_70_165.pdb	15.912	53.446	0	15.754
swarm_11_163.pdb	11.506	28.914	0.0634921	15.635
swarm_41_158.pdb	19.795	41.531	0	15.330
swarm_14_177.pdb	18.499	29.481	0	15.090
swarm_46_164.pdb	20.523	32.944	0	14.830
swarm_24_190.pdb	15.383	43.576	0	14.765
swarm_16_89.pdb	17.638	34.580	0	14.729
swarm_49_64.pdb	16.563	46.531	0	14.695
swarm_46_109.pdb	18.762	28.613	0	14.564
swarm_53_162.pdb	10.724	34.674	0.015873	14.336
swarm_53_120.pdb	11.713	23.011	0	14.249
swarm_24_25.pdb	13.818	40.238	0	14.067
swarm_16_69.pdb	17.324	37.424	0	13.988
swarm_50_27.pdb	9.951	20.672	0.015873	13.858
swarm_54_182.pdb	15.117	39.261	0	13.791
swarm_16_52.pdb	14.599	28.624	0.015873	13.725
swarm_46_95.pdb	11.752	28.445	0.031746	13.588
swarm_18_158.pdb	14.305	33.679	0.0952381	13.561
swarm_16_155.pdb	15.259	28.996	0	13.358
swarm_18_77.pdb	13.575	32.423	0	12.992
swarm_16_181.pdb	18.285	34.628	0	12.784
swarm_70_160.pdb	19.561	54.415	0	12.716
swarm_16_5.pdb	17.206	29.945	0	12.678
swarm_46_17.pdb	18.286	32.172	0	12.670
swarm_18_147.pdb	17.752	46.787	0	12.624
swarm_27_90.pdb	15.163	46.856	0.015873	12.512
swarm_49_38.pdb	16.166	30.417	0	12.454
swarm_16_30.pdb	9.137	26.193	0.0634921	12.437
swarm_14_116.pdb	23.122	54.577	0	12.370
swarm_48_144.pdb	13.953	36.439	0	12.216
swarm_47_84.pdb	20.519	31.357	0	12.086
swarm_53_42.pdb	13.915	30.873	0	11.674
swarm_48_193.pdb	7.682	27.917	0.126984	11.200
swarm_28_99.pdb	20.291	48.086	0	11.025
swarm_5_131.pdb	18.204	31.290	0	10.462
swarm_25_74.pdb	14.769	40.707	0	10.406
swarm_16_110.pdb	19.245	31.950	0	10.075
swarm_14_38.pdb	5.269	10.420	0.031746	9.840
swarm_47_94.pdb	20.265	33.017	0	9.263
swarm_28_84.pdb	15.996	46.563	0	8.909
swarm_57_128.pdb	14.530	45.586	0	8.585
swarm_31_159.pdb	16.624	33.452	0.015873	7.462
swarm_24_64.pdb	16.607	45.321	0	5.830
swarm_42_7.pdb	11.474	27.544	0.015873	5.605
swarm_29_22.pdb	17.295	36.682	0	5.378
swarm_16_90.pdb	14.941	38.858	0	4.881
swarm_61_168.pdb	12.115	30.048	0.015873	3.649
swarm_63_69.pdb	14.909	40.288	0	3.491
swarm_27_29.pdb	8.580	22.945	0.015873	2.388
swarm_53_92.pdb	7.012	12.935	0	2.254
swarm_7_65.pdb	16.919	30.514	0	1.975
swarm_6_53.pdb	12.851	25.825	0	0.437
