swarm_37_113.pdb	13.677	27.590	0.0634921	36.199
swarm_49_43.pdb	11.616	33.640	0.0634921	34.991
swarm_52_44.pdb	13.080	27.557	0.047619	34.357
swarm_40_26.pdb	18.238	30.181	0	34.185
swarm_27_3.pdb	6.693	14.534	0.0952381	33.876
swarm_43_178.pdb	2.356	8.042	0.428571	33.755
swarm_60_110.pdb	9.275	24.040	0.0634921	33.294
swarm_50_92.pdb	7.656	18.518	0	32.621
swarm_44_162.pdb	10.621	32.440	0.0634921	32.157
swarm_0_163.pdb	13.290	32.579	0.047619	31.767
swarm_13_78.pdb	15.816	30.288	0.0634921	31.486
swarm_26_69.pdb	10.612	30.690	0.0634921	30.708
swarm_25_137.pdb	10.370	23.256	0.031746	30.484
swarm_45_38.pdb	11.442	33.155	0.0634921	30.415
swarm_53_99.pdb	14.756	30.215	0.0793651	29.972
swarm_36_192.pdb	11.935	36.669	0.015873	29.919
swarm_48_100.pdb	16.347	39.579	0.031746	29.911
swarm_15_154.pdb	20.983	47.257	0	29.722
swarm_0_32.pdb	12.972	25.419	0.031746	29.434
swarm_26_166.pdb	13.505	36.199	0	29.208
swarm_40_65.pdb	8.425	22.999	0.015873	29.113
swarm_48_168.pdb	12.089	36.666	0	28.857
swarm_5_68.pdb	10.381	33.742	0	28.795
swarm_55_110.pdb	14.896	31.371	0.047619	28.742
swarm_26_7.pdb	17.253	35.939	0	28.502
swarm_4_194.pdb	18.517	43.809	0	28.493
swarm_22_43.pdb	8.657	29.163	0.015873	28.378
swarm_46_136.pdb	11.095	32.010	0.0634921	28.368
swarm_27_89.pdb	15.259	30.479	0.047619	28.270
swarm_16_4.pdb	14.315	30.081	0.031746	28.140
swarm_32_181.pdb	17.341	36.654	0	28.030
swarm_39_30.pdb	11.329	29.931	0	27.827
swarm_30_8.pdb	12.535	31.392	0	27.711
swarm_8_24.pdb	10.216	30.707	0.0952381	27.441
swarm_3_178.pdb	14.985	35.859	0.0634921	27.438
swarm_40_122.pdb	6.837	15.468	0.031746	27.388
swarm_2_168.pdb	17.456	29.464	0	27.325
swarm_11_39.pdb	12.323	33.864	0.0793651	27.215
swarm_30_48.pdb	16.880	35.131	0	27.201
swarm_18_118.pdb	20.646	37.433	0	26.817
swarm_26_86.pdb	11.241	34.698	0.047619	26.744
swarm_27_185.pdb	10.562	24.295	0.0634921	26.494
swarm_17_105.pdb	20.032	35.002	0	26.455
swarm_36_107.pdb	16.811	33.241	0.031746	26.407
swarm_43_118.pdb	15.075	35.743	0.015873	26.171
swarm_46_120.pdb	21.514	37.176	0	26.111
swarm_24_89.pdb	14.890	33.202	0	25.777
swarm_28_106.pdb	14.937	29.055	0.047619	25.671
swarm_18_88.pdb	11.675	34.973	0	25.601
swarm_2_45.pdb	5.372	12.735	0.047619	25.491
swarm_23_72.pdb	17.665	38.106	0	25.417
swarm_27_159.pdb	12.263	23.656	0.0634921	25.403
swarm_31_90.pdb	11.827	29.314	0	25.289
swarm_50_192.pdb	12.888	25.032	0	25.248
swarm_31_19.pdb	16.044	30.600	0	25.209
swarm_41_180.pdb	11.802	28.303	0	25.098
swarm_40_138.pdb	8.979	18.201	0.015873	24.999
swarm_6_193.pdb	16.151	27.299	0	24.952
swarm_49_199.pdb	15.789	39.685	0.047619	24.936
swarm_17_162.pdb	14.806	39.281	0.031746	24.834
swarm_24_40.pdb	12.404	29.585	0	24.650
swarm_18_126.pdb	19.967	33.224	0	24.633
swarm_8_134.pdb	9.195	30.374	0.0634921	24.365
swarm_17_85.pdb	9.547	26.750	0.015873	24.296
swarm_59_74.pdb	10.164	24.378	0	24.286
swarm_13_175.pdb	20.614	34.348	0	24.242
swarm_22_141.pdb	10.262	22.964	0	24.121
swarm_59_146.pdb	15.044	31.240	0.015873	24.059
swarm_13_116.pdb	4.014	10.154	0.190476	23.887
swarm_29_36.pdb	15.373	32.560	0.047619	23.640
swarm_44_94.pdb	17.682	35.982	0	23.636
swarm_32_189.pdb	21.837	48.676	0	23.595
swarm_31_10.pdb	7.033	18.637	0.047619	23.542
swarm_25_67.pdb	18.448	31.483	0	23.437
swarm_15_25.pdb	22.601	46.677	0	23.301
swarm_41_171.pdb	5.636	16.397	0.142857	23.261
swarm_31_32.pdb	9.180	23.967	0	23.223
swarm_58_176.pdb	15.192	26.049	0	23.211
swarm_18_1.pdb	12.033	27.363	0	23.096
swarm_33_106.pdb	18.134	34.155	0.031746	23.002
swarm_60_177.pdb	6.274	21.321	0.0952381	22.890
swarm_36_117.pdb	4.679	17.128	0.126984	22.829
swarm_29_189.pdb	12.087	30.727	0	22.721
swarm_24_24.pdb	17.221	33.719	0.031746	22.698
swarm_37_137.pdb	16.311	30.356	0	22.651
swarm_22_2.pdb	9.353	23.894	0.015873	22.622
swarm_44_170.pdb	19.358	40.058	0	22.506
swarm_9_62.pdb	14.930	33.926	0.047619	22.428
swarm_36_69.pdb	13.577	34.949	0.031746	22.381
swarm_13_199.pdb	9.176	22.310	0	22.298
swarm_3_37.pdb	11.629	30.850	0.0634921	22.274
swarm_37_13.pdb	12.198	19.820	0	22.186
swarm_26_68.pdb	3.885	17.924	0.190476	22.176
swarm_24_19.pdb	17.437	37.633	0.015873	22.125
swarm_18_90.pdb	12.807	38.090	0	22.083
swarm_58_182.pdb	8.062	18.460	0.0634921	22.068
swarm_36_179.pdb	17.009	36.488	0.031746	22.041
swarm_9_116.pdb	10.706	30.790	0.15873	22.004
swarm_58_165.pdb	15.724	31.859	0.031746	21.972
swarm_15_78.pdb	17.789	35.497	0	21.972
swarm_40_191.pdb	8.941	16.259	0	21.936
swarm_24_16.pdb	17.613	36.600	0	21.927
swarm_40_22.pdb	17.547	31.956	0	21.909
swarm_16_57.pdb	16.166	32.876	0.047619	21.886
swarm_2_39.pdb	11.327	22.818	0.031746	21.875
swarm_20_107.pdb	9.225	33.647	0	21.802
swarm_41_70.pdb	16.481	32.002	0.015873	21.801
swarm_48_101.pdb	16.305	35.465	0	21.783
swarm_13_111.pdb	6.552	13.456	0.015873	21.711
swarm_58_135.pdb	16.691	34.018	0	21.692
swarm_0_11.pdb	13.734	29.170	0.015873	21.662
swarm_22_47.pdb	18.598	41.447	0	21.643
swarm_46_160.pdb	14.281	30.767	0	21.426
swarm_13_18.pdb	12.394	29.533	0.0793651	21.248
swarm_25_87.pdb	12.864	28.441	0	21.128
swarm_41_98.pdb	16.498	25.251	0	20.965
swarm_60_75.pdb	14.684	29.788	0	20.953
swarm_16_172.pdb	9.913	31.622	0.0793651	20.948
swarm_56_30.pdb	17.075	32.457	0.0634921	20.915
swarm_43_152.pdb	13.312	29.117	0	20.792
swarm_59_171.pdb	8.202	24.925	0.047619	20.737
swarm_3_31.pdb	19.355	32.217	0	20.677
swarm_58_17.pdb	19.755	37.041	0	20.591
swarm_41_92.pdb	14.766	29.531	0	20.528
swarm_36_80.pdb	19.202	34.147	0	20.476
swarm_59_90.pdb	7.126	21.090	0.126984	20.464
swarm_2_7.pdb	6.808	17.171	0.0634921	20.400
swarm_46_189.pdb	14.479	31.798	0.047619	20.271
swarm_48_117.pdb	9.695	27.990	0.047619	20.196
swarm_48_13.pdb	19.476	38.724	0	20.130
swarm_30_155.pdb	17.613	34.438	0	20.113
swarm_3_194.pdb	19.574	35.207	0	20.082
swarm_58_39.pdb	18.121	31.478	0	19.937
swarm_59_122.pdb	16.955	29.256	0	19.749
swarm_27_191.pdb	14.382	27.359	0.015873	19.720
swarm_23_123.pdb	17.334	39.318	0	19.669
swarm_43_75.pdb	18.450	27.012	0	19.637
swarm_4_21.pdb	16.354	33.383	0	19.486
swarm_41_132.pdb	18.865	31.820	0	19.298
swarm_39_173.pdb	19.849	34.012	0	19.237
swarm_24_180.pdb	15.987	34.477	0	19.118
swarm_1_134.pdb	21.663	42.395	0	18.821
swarm_3_159.pdb	16.526	35.194	0	18.758
swarm_2_155.pdb	13.857	25.602	0	18.690
swarm_58_52.pdb	18.073	33.021	0	18.476
swarm_3_173.pdb	22.174	44.044	0	18.325
swarm_26_114.pdb	17.014	38.546	0	18.274
swarm_2_13.pdb	12.527	20.718	0	18.135
swarm_2_6.pdb	16.024	24.821	0	18.133
swarm_41_187.pdb	10.008	24.189	0.047619	18.084
swarm_3_35.pdb	10.154	23.018	0.015873	17.925
swarm_46_41.pdb	11.271	29.816	0.031746	17.901
swarm_59_175.pdb	21.665	38.129	0	17.806
swarm_41_43.pdb	16.959	26.984	0	17.801
swarm_16_166.pdb	14.521	23.175	0	17.795
swarm_46_171.pdb	17.103	27.139	0	17.693
swarm_49_48.pdb	10.025	25.709	0.015873	17.617
swarm_43_113.pdb	20.095	37.041	0	17.594
swarm_39_67.pdb	16.529	37.384	0	17.514
swarm_3_43.pdb	21.731	41.679	0	17.281
swarm_13_65.pdb	18.689	29.773	0	17.271
swarm_60_136.pdb	16.756	29.142	0	17.232
swarm_7_97.pdb	17.273	31.847	0	17.183
swarm_4_101.pdb	16.195	32.612	0	17.168
swarm_40_41.pdb	18.191	28.696	0	17.089
swarm_26_186.pdb	20.279	33.085	0	17.045
swarm_49_132.pdb	8.869	18.029	0.0952381	16.767
swarm_49_39.pdb	21.964	40.290	0	16.478
swarm_60_91.pdb	15.993	26.480	0	16.091
swarm_13_191.pdb	18.347	28.301	0	15.993
swarm_15_169.pdb	22.158	48.041	0	15.805
swarm_56_101.pdb	8.807	28.919	0.15873	15.649
swarm_1_38.pdb	13.496	43.453	0	15.523
swarm_48_163.pdb	22.014	39.971	0	15.359
swarm_49_112.pdb	19.393	35.493	0	15.092
swarm_43_138.pdb	14.242	25.662	0	14.773
swarm_46_150.pdb	15.856	28.043	0	14.750
swarm_11_67.pdb	18.164	36.886	0	14.731
swarm_41_174.pdb	20.355	34.210	0	14.602
swarm_31_168.pdb	21.507	40.534	0	14.079
swarm_59_37.pdb	18.374	41.597	0	13.925
swarm_60_176.pdb	11.727	24.882	0	13.583
swarm_44_49.pdb	15.985	34.178	0	13.490
swarm_33_130.pdb	13.879	34.995	0	10.957
swarm_36_55.pdb	8.035	22.706	0.0793651	8.958
swarm_56_139.pdb	11.357	25.259	0.0634921	6.314
swarm_58_25.pdb	19.510	35.480	0	5.023
swarm_7_89.pdb	14.616	25.709	0	4.685
swarm_56_192.pdb	15.591	29.295	0.0952381	4.164
swarm_23_124.pdb	17.773	35.894	0	4.078
swarm_27_111.pdb	7.157	13.302	0.015873	4.024
swarm_43_44.pdb	19.476	38.949	0	1.503
