swarm_37_83.pdb	13.591	37.342	0	29.140
swarm_15_112.pdb	11.104	30.174	0	26.355
swarm_24_100.pdb	9.769	30.319	0	26.268
swarm_15_177.pdb	9.467	32.277	0.0526316	26.007
swarm_49_74.pdb	10.503	34.349	0	25.849
swarm_44_98.pdb	9.779	31.953	0.0526316	25.385
swarm_39_41.pdb	10.496	34.543	0	25.322
swarm_24_191.pdb	11.346	28.938	0	25.262
swarm_37_148.pdb	8.929	35.694	0.0526316	24.931
swarm_49_13.pdb	11.075	36.212	0	24.783
swarm_25_28.pdb	11.804	32.383	0	23.961
swarm_36_68.pdb	10.663	34.466	0	23.613
swarm_40_135.pdb	11.344	37.510	0	23.514
swarm_20_36.pdb	6.644	25.591	0.105263	23.188
swarm_22_108.pdb	10.330	34.137	0	23.107
swarm_36_79.pdb	13.661	38.805	0	23.103
swarm_49_96.pdb	11.695	41.519	0.0526316	22.877
swarm_49_142.pdb	10.521	37.952	0	22.847
swarm_37_26.pdb	11.912	36.176	0	22.675
swarm_29_70.pdb	11.994	33.025	0	22.562
swarm_40_114.pdb	11.064	34.677	0	22.553
swarm_13_46.pdb	8.332	31.189	0	22.194
swarm_40_4.pdb	10.472	35.031	0	22.093
swarm_41_141.pdb	11.539	32.565	0	21.894
swarm_39_10.pdb	13.771	37.875	0	21.514
swarm_14_103.pdb	12.163	30.622	0	21.349
swarm_27_119.pdb	13.652	35.571	0	21.159
swarm_37_166.pdb	11.338	33.867	0	21.024
swarm_28_167.pdb	8.269	20.162	0.105263	20.879
swarm_13_155.pdb	8.525	27.794	0.0526316	20.873
swarm_49_146.pdb	10.809	36.651	0	20.856
swarm_35_3.pdb	7.689	17.497	0	20.835
swarm_8_23.pdb	8.085	23.516	0	20.795
swarm_15_25.pdb	9.104	35.500	0.0526316	20.790
swarm_41_197.pdb	9.295	28.862	0	20.629
swarm_8_157.pdb	7.835	20.019	0	20.577
swarm_10_102.pdb	8.464	27.636	0	20.446
swarm_37_175.pdb	10.528	34.732	0	20.395
swarm_42_11.pdb	11.756	30.361	0	20.319
swarm_9_66.pdb	11.726	34.118	0	20.244
swarm_7_32.pdb	10.114	23.721	0	20.244
swarm_32_151.pdb	8.893	26.228	0	20.207
swarm_20_24.pdb	10.161	27.229	0	20.110
swarm_22_52.pdb	10.641	35.068	0	20.082
swarm_36_42.pdb	12.215	33.854	0	20.061
swarm_25_195.pdb	12.891	32.664	0	19.966
swarm_2_173.pdb	9.800	20.769	0.0526316	19.796
swarm_10_197.pdb	6.794	20.779	0.0526316	19.717
swarm_32_194.pdb	11.887	31.954	0	19.675
swarm_6_95.pdb	9.146	21.775	0	19.625
swarm_36_38.pdb	10.795	24.309	0	19.548
swarm_19_60.pdb	6.510	20.853	0	19.542
swarm_14_170.pdb	7.353	19.307	0.0526316	19.521
swarm_36_13.pdb	8.719	31.712	0	19.363
swarm_24_15.pdb	12.823	31.733	0	19.338
swarm_8_42.pdb	9.329	25.062	0	19.290
swarm_13_138.pdb	11.480	29.581	0	18.955
swarm_8_198.pdb	9.907	28.426	0.105263	18.943
swarm_9_19.pdb	8.841	33.444	0	18.931
swarm_44_34.pdb	12.386	32.918	0	18.841
swarm_14_19.pdb	10.610	27.936	0	18.840
swarm_14_8.pdb	9.239	26.443	0	18.709
swarm_13_125.pdb	10.754	29.075	0	18.695
swarm_2_72.pdb	4.525	14.153	0.263158	18.613
swarm_20_198.pdb	5.779	19.046	0.0526316	18.554
swarm_42_195.pdb	6.741	18.845	0	18.512
swarm_21_99.pdb	6.594	17.226	0.210526	18.391
swarm_42_133.pdb	12.105	32.758	0	18.244
swarm_4_172.pdb	7.136	17.950	0.210526	18.180
swarm_42_40.pdb	10.989	29.869	0	18.151
swarm_43_80.pdb	10.091	23.955	0	18.114
swarm_25_165.pdb	12.491	29.391	0	18.095
swarm_21_14.pdb	9.513	28.475	0.157895	18.042
swarm_32_0.pdb	9.772	23.689	0	18.029
swarm_10_94.pdb	10.052	28.004	0	18.028
swarm_6_96.pdb	10.761	27.052	0	18.012
swarm_27_128.pdb	11.451	30.246	0	17.708
swarm_16_137.pdb	7.632	24.122	0	17.611
swarm_16_69.pdb	7.632	18.695	0	17.600
swarm_24_52.pdb	12.309	33.006	0	17.517
swarm_10_71.pdb	10.538	24.518	0	17.510
swarm_40_106.pdb	9.127	36.110	0	17.501
swarm_42_127.pdb	12.039	33.297	0	17.385
swarm_28_43.pdb	6.154	16.649	0	17.323
swarm_10_17.pdb	8.747	22.524	0	17.293
swarm_32_193.pdb	10.555	26.425	0	17.159
swarm_50_7.pdb	8.147	16.089	0	16.998
swarm_14_56.pdb	6.450	19.270	0.368421	16.951
swarm_11_50.pdb	8.972	21.047	0	16.909
swarm_29_16.pdb	11.310	25.526	0	16.854
swarm_52_134.pdb	10.909	23.499	0	16.818
swarm_32_42.pdb	9.147	21.997	0	16.775
swarm_15_156.pdb	13.828	35.989	0	16.725
swarm_20_53.pdb	8.322	20.096	0	16.666
swarm_35_71.pdb	4.939	13.075	0.263158	16.521
swarm_14_129.pdb	9.171	19.923	0	16.489
swarm_1_74.pdb	9.398	34.569	0	16.402
swarm_19_30.pdb	8.529	23.302	0	16.230
swarm_21_95.pdb	10.230	33.227	0	16.176
swarm_41_74.pdb	9.954	27.432	0.105263	16.159
swarm_18_80.pdb	10.072	23.749	0	16.127
swarm_35_95.pdb	7.478	16.403	0	16.016
swarm_6_39.pdb	6.571	22.642	0	15.990
swarm_23_164.pdb	11.327	32.090	0	15.981
swarm_25_96.pdb	11.439	28.838	0	15.925
swarm_40_145.pdb	11.205	37.648	0	15.908
swarm_12_29.pdb	9.659	22.415	0.105263	15.896
swarm_21_30.pdb	10.180	22.916	0	15.889
swarm_7_6.pdb	6.071	17.342	0.315789	15.815
swarm_44_62.pdb	9.139	27.404	0	15.709
swarm_32_172.pdb	10.825	25.366	0	15.637
swarm_40_108.pdb	11.580	36.703	0	15.612
swarm_28_15.pdb	8.812	15.394	0.157895	15.590
swarm_17_1.pdb	8.209	25.804	0	15.587
swarm_9_35.pdb	9.535	34.112	0	15.522
swarm_30_111.pdb	7.736	14.752	0	15.510
swarm_12_129.pdb	5.859	21.663	0.315789	15.488
swarm_2_175.pdb	8.815	15.741	0	15.487
swarm_7_11.pdb	10.505	23.222	0	15.428
swarm_43_156.pdb	8.795	29.042	0.105263	15.399
swarm_51_175.pdb	8.189	18.106	0	15.330
swarm_27_61.pdb	10.286	32.534	0.0526316	15.194
swarm_12_38.pdb	8.622	24.317	0.0526316	15.183
swarm_12_177.pdb	7.724	20.412	0	15.160
swarm_52_193.pdb	8.605	17.784	0.157895	15.127
swarm_21_155.pdb	10.343	31.730	0	15.091
swarm_38_72.pdb	7.748	15.742	0.210526	15.077
swarm_12_116.pdb	8.471	24.178	0.315789	15.077
swarm_4_69.pdb	7.788	18.931	0	15.056
swarm_37_21.pdb	10.255	32.623	0	14.983
swarm_7_23.pdb	8.328	14.429	0	14.980
swarm_33_168.pdb	8.226	17.594	0.105263	14.928
swarm_38_40.pdb	8.717	22.670	0	14.889
swarm_10_68.pdb	9.829	21.571	0.0526316	14.846
swarm_8_77.pdb	8.229	20.154	0.0526316	14.780
swarm_6_190.pdb	9.060	24.228	0	14.769
swarm_45_140.pdb	7.686	26.415	0.0526316	14.755
swarm_50_89.pdb	9.551	18.407	0	14.742
swarm_53_159.pdb	10.649	22.241	0	14.656
swarm_51_134.pdb	11.502	25.050	0	14.581
swarm_34_92.pdb	7.004	23.468	0.0526316	14.523
swarm_52_158.pdb	4.554	15.133	0.210526	14.504
swarm_34_39.pdb	11.412	21.729	0	14.444
swarm_13_97.pdb	9.334	23.913	0.0526316	14.430
swarm_6_23.pdb	11.892	25.031	0	14.409
swarm_23_111.pdb	11.590	36.890	0	14.396
swarm_4_179.pdb	4.999	19.677	0.0526316	14.389
swarm_6_184.pdb	7.780	20.777	0.0526316	14.372
swarm_26_151.pdb	11.893	38.153	0	14.301
swarm_9_181.pdb	12.370	35.963	0	14.298
swarm_44_118.pdb	10.176	32.459	0	14.234
swarm_41_2.pdb	11.474	33.455	0	14.219
swarm_21_33.pdb	10.134	26.405	0	14.128
swarm_17_76.pdb	10.357	23.592	0	14.094
swarm_33_147.pdb	7.145	13.369	0.263158	14.037
swarm_33_150.pdb	5.113	14.169	0.210526	14.034
swarm_45_14.pdb	10.535	21.329	0	13.974
swarm_11_92.pdb	9.175	16.396	0	13.912
swarm_53_184.pdb	11.913	25.842	0	13.842
swarm_33_71.pdb	4.630	11.331	0.0526316	13.701
swarm_16_122.pdb	11.853	27.983	0	13.683
swarm_16_199.pdb	10.481	25.995	0	13.641
swarm_51_90.pdb	7.929	24.475	0	13.619
swarm_45_161.pdb	9.569	26.699	0	13.514
swarm_14_90.pdb	7.742	29.306	0.0526316	13.495
swarm_4_181.pdb	6.493	19.601	0.157895	13.405
swarm_4_180.pdb	9.422	21.515	0	13.372
swarm_50_10.pdb	6.549	14.746	0.0526316	13.300
swarm_47_158.pdb	7.788	27.646	0	13.272
swarm_44_141.pdb	12.126	29.922	0	13.271
swarm_11_18.pdb	11.295	22.800	0	13.259
swarm_9_173.pdb	11.693	36.271	0	13.175
swarm_7_86.pdb	9.456	19.664	0.0526316	13.168
swarm_29_19.pdb	11.511	29.101	0	13.165
swarm_11_99.pdb	9.169	16.705	0	13.150
swarm_53_119.pdb	9.961	20.191	0.105263	13.139
swarm_19_51.pdb	8.701	14.959	0	13.095
swarm_19_1.pdb	5.542	11.106	0	13.048
swarm_50_74.pdb	10.031	21.768	0	13.038
swarm_20_82.pdb	10.249	23.449	0	13.024
swarm_12_152.pdb	9.767	20.362	0	12.999
swarm_44_123.pdb	12.104	33.342	0	12.940
swarm_44_32.pdb	10.643	32.664	0	12.908
swarm_34_178.pdb	10.635	22.492	0	12.862
swarm_12_9.pdb	10.132	21.769	0	12.808
swarm_49_23.pdb	13.352	38.201	0	12.757
swarm_52_128.pdb	10.831	23.184	0	12.674
swarm_6_130.pdb	7.985	19.836	0	12.598
swarm_42_114.pdb	8.644	29.235	0.0526316	12.593
swarm_32_35.pdb	8.316	24.272	0	12.582
swarm_38_93.pdb	5.748	16.467	0	12.540
swarm_25_11.pdb	8.809	25.765	0	12.539
swarm_7_119.pdb	9.221	20.236	0	12.527
swarm_19_85.pdb	7.606	17.899	0.157895	12.522
swarm_20_132.pdb	9.961	20.323	0.0526316	12.472
swarm_49_151.pdb	10.406	36.648	0	12.446
swarm_34_81.pdb	9.257	21.268	0	12.371
swarm_45_20.pdb	11.468	25.248	0	12.265
swarm_34_66.pdb	9.970	21.043	0	12.262
swarm_4_115.pdb	9.670	27.795	0	12.242
swarm_4_173.pdb	10.954	29.368	0.0526316	12.193
swarm_6_146.pdb	11.530	27.102	0	12.078
swarm_30_164.pdb	4.476	12.215	0.263158	12.002
swarm_23_40.pdb	7.786	27.183	0	11.984
swarm_10_87.pdb	12.135	30.386	0	11.984
swarm_45_188.pdb	10.358	27.890	0	11.982
swarm_11_152.pdb	10.147	20.359	0	11.945
swarm_53_163.pdb	9.492	25.358	0	11.896
swarm_53_170.pdb	10.033	32.973	0	11.855
swarm_34_47.pdb	9.157	18.303	0	11.801
swarm_16_5.pdb	10.119	31.433	0	11.598
swarm_50_132.pdb	9.706	22.762	0.0526316	11.573
swarm_52_97.pdb	8.673	19.212	0	11.349
swarm_45_1.pdb	7.505	21.723	0.105263	11.289
swarm_50_170.pdb	8.854	20.540	0.0526316	11.174
swarm_27_105.pdb	12.207	32.291	0	11.010
swarm_43_124.pdb	12.700	30.306	0	10.873
swarm_23_178.pdb	9.246	23.760	0	10.665
swarm_13_6.pdb	8.694	33.838	0.0526316	10.514
swarm_52_142.pdb	10.635	19.489	0	10.453
swarm_52_34.pdb	9.811	17.810	0	10.362
swarm_52_37.pdb	10.210	25.431	0	10.352
swarm_33_25.pdb	6.553	12.565	0.263158	10.345
swarm_51_24.pdb	10.200	21.112	0	10.311
swarm_41_20.pdb	9.825	29.157	0	10.148
swarm_51_84.pdb	11.811	23.453	0	10.107
swarm_51_139.pdb	6.494	15.772	0	10.062
swarm_46_10.pdb	8.374	26.041	0.157895	9.990
swarm_10_97.pdb	8.985	30.319	0	9.974
swarm_23_18.pdb	11.536	33.747	0	9.937
swarm_52_39.pdb	11.283	30.353	0	9.846
swarm_50_147.pdb	10.390	22.041	0	9.842
swarm_34_165.pdb	10.703	20.794	0	9.740
swarm_8_196.pdb	8.203	18.376	0.368421	9.718
swarm_24_54.pdb	9.497	28.152	0	9.666
swarm_23_77.pdb	13.215	34.365	0	9.527
swarm_23_183.pdb	11.472	35.018	0	9.514
swarm_53_85.pdb	10.342	27.165	0.0526316	9.458
swarm_23_193.pdb	10.783	31.291	0.105263	9.435
swarm_23_7.pdb	7.792	24.945	0	9.411
swarm_51_179.pdb	8.634	19.392	0	9.343
swarm_12_193.pdb	7.271	27.415	0.105263	9.293
swarm_52_53.pdb	10.335	27.735	0.0526316	8.865
swarm_53_197.pdb	7.517	18.491	0	8.840
swarm_44_56.pdb	10.350	29.695	0	8.703
swarm_9_172.pdb	13.476	33.904	0	8.676
swarm_31_174.pdb	5.419	13.190	0.105263	8.310
swarm_53_192.pdb	10.306	25.371	0	7.870
swarm_8_171.pdb	8.610	16.475	0	7.751
swarm_30_162.pdb	6.026	11.169	0	7.658
swarm_23_147.pdb	9.895	32.415	0	7.549
swarm_10_88.pdb	10.038	27.219	0.105263	7.437
swarm_34_162.pdb	11.348	26.038	0	7.219
swarm_34_56.pdb	7.988	20.973	0.105263	7.034
swarm_41_33.pdb	8.300	26.597	0	7.024
swarm_37_122.pdb	9.148	30.457	0	5.880
swarm_7_58.pdb	8.836	17.975	0.0526316	5.577
swarm_29_169.pdb	11.402	30.310	0.0526316	5.569
swarm_17_59.pdb	9.253	19.557	0	5.565
swarm_8_34.pdb	6.372	18.302	0.105263	5.181
swarm_8_10.pdb	10.625	23.696	0	3.748
swarm_52_159.pdb	10.526	26.565	0	3.601
swarm_20_88.pdb	9.577	20.497	0	3.404
swarm_45_56.pdb	9.043	28.078	0.0526316	2.221
swarm_31_29.pdb	6.119	13.894	0.157895	1.264
