swarm_33_184.pdb	7.815	29.231	0	29.367
swarm_18_37.pdb	12.724	42.575	0	28.902
swarm_30_58.pdb	8.169	22.579	0	28.155
swarm_36_20.pdb	12.764	43.017	0	27.713
swarm_41_160.pdb	9.923	34.609	0	27.632
swarm_30_22.pdb	8.682	28.750	0	26.330
swarm_12_33.pdb	10.459	35.541	0	26.145
swarm_2_63.pdb	10.214	35.805	0	26.088
swarm_46_46.pdb	7.960	25.441	0	25.954
swarm_20_86.pdb	8.441	28.098	0	25.633
swarm_20_53.pdb	10.452	37.546	0	25.568
swarm_16_18.pdb	7.283	28.784	0	25.515
swarm_12_178.pdb	11.043	39.506	0	25.379
swarm_9_72.pdb	6.929	24.137	0	25.153
swarm_17_163.pdb	11.982	41.572	0	25.117
swarm_51_130.pdb	10.724	37.376	0	25.065
swarm_32_70.pdb	8.720	28.837	0	24.799
swarm_31_72.pdb	8.580	28.600	0	24.432
swarm_39_92.pdb	7.413	24.514	0	24.368
swarm_4_107.pdb	9.888	34.354	0	24.303
swarm_50_89.pdb	10.016	34.449	0	24.004
swarm_6_114.pdb	11.078	41.789	0	23.803
swarm_5_32.pdb	10.683	37.220	0	23.803
swarm_19_117.pdb	7.417	30.317	0	23.801
swarm_28_20.pdb	3.987	13.211	0.263158	23.671
swarm_39_69.pdb	10.493	38.922	0	23.445
swarm_38_146.pdb	6.733	23.768	0	23.307
swarm_37_150.pdb	11.330	41.375	0	23.271
swarm_48_61.pdb	7.374	22.142	0	23.114
swarm_42_84.pdb	7.738	21.459	0	22.867
swarm_49_146.pdb	6.903	21.187	0	22.834
swarm_13_90.pdb	6.868	28.282	0	22.693
swarm_21_84.pdb	9.332	36.011	0	22.670
swarm_38_159.pdb	7.909	23.594	0	22.604
swarm_15_57.pdb	7.828	18.851	0	22.597
swarm_48_73.pdb	4.670	16.724	0.157895	22.525
swarm_49_108.pdb	3.533	6.854	0.0526316	22.459
swarm_45_43.pdb	7.564	17.447	0	22.386
swarm_31_24.pdb	10.376	36.770	0	22.382
swarm_14_88.pdb	8.494	24.947	0	22.380
swarm_50_48.pdb	4.658	19.702	0.263158	22.304
swarm_11_62.pdb	6.509	23.713	0.105263	22.172
swarm_36_104.pdb	9.211	34.277	0	21.974
swarm_6_32.pdb	10.093	34.087	0	21.940
swarm_39_6.pdb	7.685	28.556	0	21.809
swarm_46_168.pdb	4.812	19.133	0.421053	21.791
swarm_50_53.pdb	10.164	32.616	0	21.616
swarm_9_179.pdb	8.225	25.322	0	21.427
swarm_35_127.pdb	7.845	23.071	0	21.342
swarm_27_31.pdb	4.031	17.246	0.368421	21.246
swarm_25_6.pdb	8.965	32.801	0	21.196
swarm_41_83.pdb	7.133	28.488	0	21.186
swarm_7_136.pdb	8.063	22.396	0	21.168
swarm_35_113.pdb	6.721	13.508	0	21.110
swarm_26_72.pdb	3.938	11.316	0.105263	21.105
swarm_47_24.pdb	5.135	22.359	0.368421	21.095
swarm_48_13.pdb	3.464	7.358	0.105263	21.059
swarm_13_53.pdb	7.532	20.558	0	21.018
swarm_34_4.pdb	3.703	7.646	0.0526316	21.003
swarm_35_179.pdb	7.036	20.876	0	20.987
swarm_43_154.pdb	8.322	28.250	0	20.973
swarm_15_144.pdb	8.378	24.388	0	20.948
swarm_22_90.pdb	8.634	25.370	0	20.847
swarm_33_187.pdb	10.328	39.066	0	20.703
swarm_51_172.pdb	10.741	34.181	0	20.626
swarm_25_93.pdb	6.697	25.226	0.0526316	20.613
swarm_8_19.pdb	7.015	17.914	0	20.541
swarm_27_193.pdb	4.116	11.477	0.105263	20.451
swarm_13_127.pdb	5.256	14.423	0	20.421
swarm_14_147.pdb	6.240	22.837	0	20.207
swarm_30_86.pdb	4.251	17.711	0.368421	20.150
swarm_7_164.pdb	6.574	18.866	0	20.032
swarm_24_149.pdb	9.531	35.088	0	20.020
swarm_9_112.pdb	7.322	31.140	0	19.987
swarm_50_1.pdb	6.636	25.206	0	19.847
swarm_24_11.pdb	7.319	25.854	0	19.806
swarm_46_165.pdb	6.461	21.361	0	19.651
swarm_0_38.pdb	6.892	22.066	0	19.645
swarm_16_154.pdb	7.056	20.743	0	19.575
swarm_46_86.pdb	6.130	20.529	0	19.540
swarm_10_8.pdb	9.506	35.374	0	19.517
swarm_45_197.pdb	6.772	19.080	0	19.472
swarm_10_57.pdb	6.594	24.151	0.105263	19.455
swarm_8_91.pdb	8.556	28.854	0	19.262
swarm_23_27.pdb	3.428	8.636	0.157895	19.254
swarm_0_127.pdb	7.586	29.943	0	19.122
swarm_47_72.pdb	7.932	20.762	0	19.085
swarm_8_73.pdb	7.416	18.177	0	19.013
swarm_28_57.pdb	9.546	28.675	0	18.894
swarm_20_135.pdb	8.034	34.076	0	18.723
swarm_34_5.pdb	6.146	23.578	0.157895	18.680
swarm_21_196.pdb	6.547	24.575	0	18.610
swarm_19_107.pdb	7.858	20.059	0	18.590
swarm_12_47.pdb	10.378	32.388	0	18.430
swarm_15_26.pdb	3.863	15.750	0.421053	18.365
swarm_16_38.pdb	9.146	34.694	0	18.023
swarm_12_39.pdb	7.844	28.679	0	18.018
swarm_37_130.pdb	7.474	22.585	0	17.954
swarm_45_31.pdb	3.440	9.346	0.157895	17.917
swarm_40_190.pdb	8.327	30.783	0	17.880
swarm_13_199.pdb	5.140	23.701	0.210526	17.835
swarm_47_53.pdb	8.071	24.299	0	17.733
swarm_22_143.pdb	8.908	33.867	0	17.716
swarm_3_135.pdb	8.023	23.057	0	17.610
swarm_28_7.pdb	6.208	21.294	0	17.593
swarm_44_16.pdb	7.808	31.145	0	17.586
swarm_29_101.pdb	4.480	15.234	0.157895	17.560
swarm_51_174.pdb	7.644	29.826	0	17.511
swarm_14_166.pdb	6.539	24.920	0	17.507
swarm_16_60.pdb	5.006	22.665	0.210526	17.339
swarm_29_176.pdb	2.923	10.513	0.526316	17.242
swarm_22_78.pdb	5.300	24.059	0.210526	16.991
swarm_14_165.pdb	5.339	24.290	0.210526	16.948
swarm_22_108.pdb	7.841	26.321	0	16.776
swarm_37_189.pdb	7.351	24.992	0	16.573
swarm_48_152.pdb	6.060	22.015	0.105263	16.549
swarm_39_165.pdb	8.559	34.184	0	16.495
swarm_29_53.pdb	5.408	18.402	0.210526	16.478
swarm_1_120.pdb	7.969	31.754	0	16.377
swarm_17_73.pdb	9.771	36.054	0	16.221
swarm_3_98.pdb	8.009	27.559	0	16.182
swarm_37_57.pdb	7.562	30.290	0	16.025
swarm_21_143.pdb	8.989	35.473	0	15.919
swarm_31_64.pdb	10.862	38.181	0	15.881
swarm_42_118.pdb	7.102	25.500	0	15.848
swarm_14_35.pdb	7.824	18.130	0	15.437
swarm_34_94.pdb	6.488	14.768	0	15.106
swarm_4_79.pdb	10.860	35.997	0	14.749
swarm_3_170.pdb	8.081	16.845	0	14.745
swarm_21_21.pdb	10.406	34.162	0	14.593
swarm_47_195.pdb	8.046	31.985	0	14.348
swarm_34_181.pdb	4.937	18.648	0.157895	14.077
swarm_19_141.pdb	8.612	24.877	0	14.010
swarm_25_90.pdb	8.467	28.187	0	14.009
swarm_43_29.pdb	7.308	28.103	0	13.880
swarm_27_14.pdb	4.340	11.229	0.157895	13.822
swarm_13_30.pdb	6.346	21.379	0	13.118
swarm_40_132.pdb	6.986	22.603	0	13.110
swarm_29_159.pdb	6.460	13.999	0	13.070
swarm_41_93.pdb	9.014	35.667	0	12.816
swarm_11_145.pdb	9.490	28.785	0	12.667
swarm_35_53.pdb	6.286	21.335	0	12.415
swarm_23_188.pdb	7.159	17.973	0	12.306
swarm_49_185.pdb	6.147	24.695	0.0526316	12.303
swarm_26_174.pdb	3.935	6.288	0.0526316	12.075
swarm_36_67.pdb	9.397	34.002	0	11.961
swarm_24_70.pdb	4.814	19.290	0.105263	11.743
swarm_19_119.pdb	7.501	27.236	0	10.208
swarm_31_95.pdb	8.979	34.440	0	8.053
swarm_38_102.pdb	5.461	18.995	0.210526	6.638
swarm_33_69.pdb	10.612	38.901	0	4.901
swarm_10_43.pdb	7.363	23.071	0	4.406
swarm_44_127.pdb	8.488	28.626	0	0.130
