swarm_32_196.pdb	9.796	20.030	0	30.601
swarm_36_109.pdb	10.011	19.973	0	30.452
swarm_19_152.pdb	9.578	17.607	0	30.232
swarm_2_98.pdb	8.435	17.149	0.0526316	29.470
swarm_33_193.pdb	9.898	20.789	0.105263	26.708
swarm_23_125.pdb	8.821	19.123	0.210526	26.451
swarm_35_74.pdb	9.253	18.019	0	26.441
swarm_36_122.pdb	9.192	17.442	0	26.118
swarm_18_75.pdb	8.746	19.968	0.0526316	26.037
swarm_33_84.pdb	9.673	19.044	0	26.002
swarm_32_160.pdb	9.710	19.012	0.157895	25.667
swarm_37_128.pdb	10.528	21.560	0	25.427
swarm_13_69.pdb	8.890	18.345	0	25.046
swarm_13_156.pdb	9.616	27.210	0	24.879
swarm_22_117.pdb	9.241	18.675	0.0526316	24.675
swarm_34_102.pdb	8.957	19.685	0.0526316	24.308
swarm_11_147.pdb	8.676	19.819	0	23.658
swarm_18_119.pdb	6.578	14.030	0.263158	23.642
swarm_8_158.pdb	9.070	30.028	0.0526316	23.396
swarm_7_163.pdb	9.623	22.982	0	23.387
swarm_24_73.pdb	5.085	15.367	0.157895	23.369
swarm_24_77.pdb	8.335	17.937	0	23.260
swarm_37_36.pdb	6.308	17.805	0	22.958
swarm_19_60.pdb	7.094	13.660	0	22.903
swarm_37_127.pdb	8.245	20.683	0	22.723
swarm_14_147.pdb	7.672	24.479	0.105263	22.703
swarm_33_74.pdb	5.905	16.557	0	22.465
swarm_9_114.pdb	9.030	22.065	0	22.302
swarm_35_54.pdb	9.060	18.830	0.210526	21.655
swarm_33_11.pdb	8.909	18.286	0	21.550
swarm_16_175.pdb	6.355	24.213	0.105263	21.300
swarm_30_188.pdb	6.256	20.876	0.157895	21.260
swarm_32_19.pdb	9.691	20.377	0	21.228
swarm_26_102.pdb	7.618	14.197	0	21.174
swarm_26_129.pdb	7.268	21.411	0	21.156
swarm_19_156.pdb	8.984	16.941	0	21.065
swarm_11_6.pdb	10.740	23.456	0.0526316	20.943
swarm_34_196.pdb	7.559	22.765	0	20.827
swarm_20_78.pdb	7.706	14.399	0	20.818
swarm_34_96.pdb	10.206	22.981	0	20.740
swarm_16_120.pdb	5.150	13.596	0.315789	20.485
swarm_20_154.pdb	9.625	18.590	0	20.339
swarm_22_125.pdb	5.497	16.114	0.263158	20.305
swarm_11_44.pdb	7.922	18.035	0	20.257
swarm_17_198.pdb	9.934	23.692	0.0526316	20.007
swarm_25_180.pdb	6.956	21.562	0	19.999
swarm_22_136.pdb	6.725	15.631	0.157895	19.967
swarm_36_129.pdb	8.297	18.467	0.263158	19.897
swarm_24_56.pdb	8.983	18.088	0	19.855
swarm_5_153.pdb	9.914	22.419	0	19.803
swarm_36_147.pdb	10.004	20.820	0	19.701
swarm_36_136.pdb	9.340	19.774	0	19.604
swarm_35_67.pdb	7.357	18.114	0	19.550
swarm_2_170.pdb	7.821	20.726	0.0526316	19.456
swarm_37_80.pdb	6.226	19.633	0.105263	19.428
swarm_20_8.pdb	9.996	24.579	0	19.411
swarm_37_170.pdb	8.131	23.300	0.210526	19.400
swarm_21_27.pdb	6.172	18.824	0	19.394
swarm_28_164.pdb	9.794	23.877	0.0526316	19.390
swarm_21_3.pdb	9.120	29.590	0.473684	19.353
swarm_9_63.pdb	9.570	19.333	0	19.341
swarm_24_117.pdb	8.230	18.557	0	19.340
swarm_2_64.pdb	10.502	23.044	0	19.329
swarm_33_198.pdb	8.044	19.615	0	19.220
swarm_2_190.pdb	9.587	21.290	0	19.192
swarm_16_54.pdb	7.906	17.933	0	19.125
swarm_2_181.pdb	9.604	21.404	0.0526316	19.108
swarm_36_44.pdb	9.667	19.590	0	19.065
swarm_29_172.pdb	10.032	25.709	0	18.988
swarm_8_185.pdb	6.108	18.054	0	18.980
swarm_23_4.pdb	11.112	22.307	0	18.967
swarm_4_169.pdb	9.808	22.072	0	18.850
swarm_36_53.pdb	8.037	16.279	0	18.698
swarm_3_171.pdb	7.539	25.429	0.0526316	18.657
swarm_23_71.pdb	8.792	20.401	0	18.576
swarm_28_122.pdb	9.509	21.965	0	18.535
swarm_9_150.pdb	10.357	21.219	0.0526316	18.495
swarm_18_57.pdb	9.268	18.980	0	18.475
swarm_5_48.pdb	7.778	19.482	0.210526	18.442
swarm_3_158.pdb	10.409	20.967	0.0526316	18.342
swarm_2_94.pdb	8.247	21.494	0	18.201
swarm_30_93.pdb	8.664	24.168	0	18.154
swarm_29_182.pdb	11.257	29.339	0	18.056
swarm_36_31.pdb	10.311	20.622	0	18.053
swarm_7_90.pdb	8.343	19.984	0	18.032
swarm_37_50.pdb	11.004	27.021	0	17.966
swarm_13_139.pdb	6.226	15.008	0	17.955
swarm_18_76.pdb	9.296	22.125	0	17.837
swarm_27_125.pdb	9.333	23.385	0	17.824
swarm_2_5.pdb	4.929	17.505	0.473684	17.684
swarm_23_193.pdb	6.190	20.150	0	17.673
swarm_5_19.pdb	12.527	28.952	0	17.671
swarm_24_62.pdb	9.420	18.815	0.105263	17.639
swarm_29_93.pdb	7.158	23.861	0	17.477
swarm_15_5.pdb	11.656	28.041	0	17.433
swarm_30_134.pdb	6.482	24.149	0	17.412
swarm_4_78.pdb	4.795	15.950	0.105263	17.362
swarm_18_150.pdb	8.475	16.039	0	17.334
swarm_12_146.pdb	9.680	27.010	0.0526316	17.333
swarm_15_171.pdb	7.262	23.261	0	17.284
swarm_32_115.pdb	8.553	17.334	0	17.262
swarm_10_121.pdb	7.998	19.425	0.210526	17.241
swarm_11_48.pdb	11.762	27.766	0	17.207
swarm_24_121.pdb	8.152	16.908	0.263158	17.195
swarm_22_88.pdb	6.977	15.531	0.157895	17.095
swarm_6_147.pdb	6.178	20.368	0.105263	17.089
swarm_8_116.pdb	9.187	25.118	0	16.907
swarm_14_89.pdb	6.810	18.325	0.157895	16.884
swarm_31_41.pdb	9.306	24.209	0	16.875
swarm_29_34.pdb	8.270	26.170	0	16.830
swarm_2_13.pdb	8.858	19.396	0	16.791
swarm_20_122.pdb	7.181	17.922	0	16.780
swarm_29_148.pdb	9.973	25.889	0	16.693
swarm_26_95.pdb	8.473	16.580	0	16.627
swarm_20_94.pdb	9.298	15.501	0.0526316	16.548
swarm_7_171.pdb	9.357	22.168	0.105263	16.530
swarm_23_134.pdb	10.753	24.535	0.0526316	16.481
swarm_16_193.pdb	9.097	21.512	0.0526316	16.457
swarm_36_14.pdb	7.929	19.353	0	16.448
swarm_34_104.pdb	9.489	21.485	0	16.418
swarm_35_131.pdb	10.936	19.773	0	16.389
swarm_5_187.pdb	7.411	23.737	0.157895	16.325
swarm_5_35.pdb	9.390	24.688	0	16.308
swarm_20_115.pdb	6.537	19.344	0.421053	16.256
swarm_34_32.pdb	10.831	30.290	0.0526316	16.227
swarm_24_106.pdb	8.864	22.142	0	16.190
swarm_37_174.pdb	6.142	13.456	0.263158	16.181
swarm_33_105.pdb	6.730	18.512	0.157895	16.079
swarm_4_110.pdb	8.734	19.025	0	16.064
swarm_10_107.pdb	5.101	20.249	0.315789	16.037
swarm_16_71.pdb	9.369	16.678	0	15.985
swarm_26_29.pdb	8.226	17.149	0.0526316	15.932
swarm_0_89.pdb	7.423	15.133	0	15.931
swarm_15_55.pdb	10.675	26.055	0	15.873
swarm_14_142.pdb	9.680	20.593	0	15.829
swarm_4_153.pdb	8.064	21.648	0	15.815
swarm_34_8.pdb	8.361	24.243	0	15.814
swarm_34_29.pdb	8.708	20.038	0	15.761
swarm_7_84.pdb	8.140	17.398	0	15.615
swarm_19_111.pdb	7.845	17.477	0	15.580
swarm_32_43.pdb	4.422	8.567	0.157895	15.449
swarm_22_44.pdb	8.706	16.265	0	15.442
swarm_8_166.pdb	10.517	23.573	0	15.382
swarm_22_94.pdb	11.047	21.570	0	15.334
swarm_16_31.pdb	8.939	19.875	0	15.332
swarm_12_126.pdb	9.986	25.039	0	15.158
swarm_14_150.pdb	7.353	18.282	0	15.148
swarm_27_180.pdb	10.845	24.417	0	15.143
swarm_6_78.pdb	9.220	16.021	0	15.130
swarm_12_155.pdb	7.203	17.179	0.210526	15.036
swarm_24_199.pdb	8.712	21.252	0	14.934
swarm_7_49.pdb	10.111	23.872	0.105263	14.933
swarm_20_188.pdb	7.533	15.983	0	14.908
swarm_0_47.pdb	9.154	18.215	0	14.869
swarm_22_11.pdb	6.159	12.071	0.0526316	14.813
swarm_6_148.pdb	9.157	19.629	0	14.726
swarm_19_47.pdb	8.265	14.459	0	14.698
swarm_7_76.pdb	10.806	24.964	0	14.671
swarm_6_43.pdb	8.742	19.723	0	14.569
swarm_37_97.pdb	10.120	18.544	0	14.546
swarm_19_24.pdb	10.646	18.005	0	14.416
swarm_12_79.pdb	5.660	22.975	0.105263	14.297
swarm_22_14.pdb	10.088	20.494	0.105263	14.015
swarm_3_111.pdb	7.957	20.149	0	13.988
swarm_22_97.pdb	9.462	23.890	0	13.851
swarm_29_189.pdb	10.194	23.432	0	13.820
swarm_4_4.pdb	11.390	21.692	0	13.769
swarm_23_65.pdb	9.676	18.963	0	13.627
swarm_26_21.pdb	7.391	16.310	0	13.569
swarm_26_116.pdb	9.820	16.467	0	13.421
swarm_1_26.pdb	8.096	18.957	0	13.418
swarm_3_32.pdb	9.091	19.998	0	13.397
swarm_1_121.pdb	8.936	16.335	0	13.358
swarm_10_172.pdb	10.368	21.763	0	13.320
swarm_1_27.pdb	3.492	10.049	0.315789	13.103
swarm_12_74.pdb	8.644	18.090	0.157895	12.971
swarm_8_122.pdb	7.090	17.148	0	12.936
swarm_23_17.pdb	9.534	21.392	0	12.925
swarm_20_63.pdb	9.934	18.547	0	12.914
swarm_26_82.pdb	9.717	16.449	0	12.856
swarm_4_124.pdb	9.333	16.389	0	12.738
swarm_26_135.pdb	6.153	15.832	0	12.523
swarm_0_153.pdb	11.571	25.000	0	12.479
swarm_15_135.pdb	8.874	22.855	0	12.404
swarm_12_189.pdb	6.094	14.698	0	12.253
swarm_15_123.pdb	10.563	27.119	0	12.236
swarm_26_159.pdb	10.073	16.646	0	12.214
swarm_6_74.pdb	10.789	25.136	0	12.138
swarm_0_188.pdb	4.425	9.098	0	11.913
swarm_22_35.pdb	8.890	16.809	0	11.665
swarm_12_118.pdb	9.484	22.114	0	11.548
swarm_10_104.pdb	8.201	14.747	0	11.524
swarm_4_73.pdb	7.768	16.535	0	11.413
swarm_3_96.pdb	10.338	26.074	0	11.371
swarm_29_77.pdb	6.329	16.344	0	11.346
swarm_23_178.pdb	10.647	23.716	0	11.004
swarm_12_32.pdb	9.564	20.945	0	10.946
swarm_6_150.pdb	8.652	23.182	0	10.909
swarm_18_55.pdb	11.858	22.799	0	10.698
swarm_21_76.pdb	9.612	21.664	0.0526316	10.689
swarm_20_9.pdb	5.073	17.863	0.368421	10.435
swarm_4_8.pdb	5.361	10.620	0.105263	10.377
swarm_1_57.pdb	8.631	14.694	0	10.091
swarm_1_147.pdb	4.397	9.930	0.157895	10.091
swarm_6_158.pdb	10.109	24.399	0.0526316	10.068
swarm_15_126.pdb	12.158	28.711	0	9.861
swarm_7_174.pdb	9.941	23.920	0	9.623
swarm_27_97.pdb	8.921	18.028	0	9.073
swarm_18_194.pdb	11.750	23.010	0	8.047
swarm_37_72.pdb	8.313	17.301	0	6.819
swarm_29_14.pdb	11.342	29.518	0	5.373
swarm_21_129.pdb	8.569	22.458	0	4.645
swarm_36_3.pdb	8.882	19.011	0	4.526
swarm_4_120.pdb	9.131	23.197	0	3.491
swarm_12_161.pdb	8.438	24.406	0	2.486
