run1-swarm_20_163.pdb	6.187	15.890	0	39.911
run1-swarm_21_46.pdb	7.512	23.793	0	37.613
run1-swarm_16_30.pdb	4.503	11.823	0.0526316	37.190
run1-swarm_18_148.pdb	7.637	23.880	0	37.131
run1-swarm_5_193.pdb	6.690	16.048	0	36.868
run1-swarm_25_58.pdb	7.971	27.530	0	36.846
run1-swarm_30_131.pdb	7.715	24.540	0	35.345
run1-swarm_35_79.pdb	7.590	23.322	0	34.935
run1-swarm_6_174.pdb	7.844	26.780	0	34.170
run1-swarm_17_107.pdb	5.993	15.229	0	34.149
run1-swarm_9_183.pdb	8.393	26.831	0	31.804
run1-swarm_1_45.pdb	4.923	16.695	0.105263	31.719
run1-swarm_32_2.pdb	6.289	16.228	0	31.657
run1-swarm_8_30.pdb	8.423	26.695	0	30.889
run1-swarm_24_18.pdb	7.718	25.092	0	30.780
run1-swarm_34_30.pdb	3.596	7.894	0.105263	30.600
run1-swarm_28_113.pdb	7.900	25.916	0	30.588
run1-swarm_8_96.pdb	5.804	21.733	0	30.566
run1-swarm_12_73.pdb	6.095	16.781	0.0526316	30.473
run1-swarm_22_164.pdb	7.940	26.725	0	30.416
run1-swarm_7_141.pdb	7.134	20.853	0	29.842
run1-swarm_15_101.pdb	3.795	11.632	0.210526	29.501
run1-swarm_36_132.pdb	6.079	19.975	0	29.108
run1-swarm_13_119.pdb	8.276	27.240	0	29.046
run1-swarm_3_4.pdb	6.082	16.155	0.0526316	28.879
run1-swarm_0_127.pdb	6.596	16.988	0	28.290
run1-swarm_14_66.pdb	6.658	20.383	0	28.090
run1-swarm_10_159.pdb	6.389	18.389	0	27.642
run1-swarm_26_171.pdb	7.820	25.162	0	27.550
run1-swarm_31_92.pdb	5.855	21.882	0	27.503
run1-swarm_37_74.pdb	8.983	29.273	0	27.459
run1-swarm_2_94.pdb	11.239	38.021	0	27.245
run1-swarm_29_125.pdb	5.747	22.524	0	26.658
run1-swarm_10_42.pdb	4.622	16.029	0.157895	26.578
run1-swarm_31_95.pdb	8.285	25.344	0	26.554
run1-swarm_33_119.pdb	7.372	20.201	0	26.502
run1-swarm_13_179.pdb	10.799	37.025	0	26.208
run1-swarm_18_27.pdb	5.989	14.383	0	26.169
run1-swarm_1_198.pdb	3.283	5.575	0.105263	26.107
run1-swarm_27_192.pdb	7.165	22.795	0	25.821
run1-swarm_6_184.pdb	6.389	17.190	0	25.644
run1-swarm_4_112.pdb	7.029	20.552	0	25.453
run1-swarm_2_64.pdb	8.464	28.426	0	25.136
run1-swarm_26_3.pdb	4.922	13.883	0.0526316	24.957
run1-swarm_35_136.pdb	3.207	7.109	0.263158	24.745
run1-swarm_11_41.pdb	8.887	30.576	0	24.690
run1-swarm_29_188.pdb	8.134	24.911	0	24.611
run1-swarm_17_149.pdb	6.129	18.450	0	23.200
run1-swarm_23_177.pdb	6.972	20.595	0	23.188
run1-swarm_11_104.pdb	6.576	20.683	0	23.088
run1-swarm_20_77.pdb	3.136	11.617	0.526316	22.721
run1-swarm_16_89.pdb	3.221	8.240	0.210526	22.355
run1-swarm_19_36.pdb	7.397	23.134	0	22.051
run1-swarm_32_71.pdb	7.777	20.689	0	21.649
run1-swarm_3_85.pdb	5.536	14.317	0	21.255
run1-swarm_36_85.pdb	3.356	7.766	0.210526	20.759
run1-swarm_2_122.pdb	10.603	38.785	0	20.661
run1-swarm_24_141.pdb	7.862	31.543	0	20.626
run1-swarm_22_178.pdb	10.927	37.461	0	20.621
run1-swarm_15_94.pdb	5.179	14.239	0	20.318
run1-swarm_12_86.pdb	5.333	14.528	0	19.935
run1-swarm_15_194.pdb	6.354	16.796	0	19.852
run1-swarm_16_22.pdb	4.675	12.431	0.0526316	19.281
run1-swarm_33_157.pdb	3.239	10.348	0.473684	19.255
run1-swarm_3_3.pdb	7.663	24.486	0	19.150
run1-swarm_2_197.pdb	11.779	40.630	0	19.126
run1-swarm_33_53.pdb	7.595	19.039	0	18.037
run1-swarm_20_49.pdb	7.781	14.855	0	17.757
run1-swarm_17_28.pdb	2.272	4.946	0.578947	17.625
run1-swarm_33_92.pdb	6.244	13.863	0	17.604
run1-swarm_36_126.pdb	7.768	15.085	0	16.481
run1-swarm_35_46.pdb	7.578	16.510	0	16.233
run1-swarm_37_63.pdb	8.684	28.519	0	16.206
run1-swarm_25_182.pdb	12.275	40.655	0	16.184
run1-swarm_23_139.pdb	3.910	15.513	0.105263	16.113
run1-swarm_6_40.pdb	4.879	16.267	0	14.383
run1-swarm_4_113.pdb	4.921	21.159	0.157895	13.596
run1-swarm_17_170.pdb	5.845	13.097	0.0526316	13.505
run1-swarm_30_140.pdb	7.236	25.547	0	12.887
run1-swarm_18_46.pdb	7.087	23.208	0	12.827
run1-swarm_0_162.pdb	3.928	15.295	0.368421	12.820
run1-swarm_14_176.pdb	6.253	18.081	0	12.770
run1-swarm_21_168.pdb	7.243	25.407	0	12.358
run1-swarm_15_180.pdb	3.929	16.028	0.105263	12.043
run1-swarm_28_92.pdb	7.522	31.797	0	10.486
run1-swarm_9_89.pdb	7.273	25.280	0	8.857
run1-swarm_17_89.pdb	6.326	10.852	0	8.341
run1-swarm_11_160.pdb	6.849	26.541	0	1.710
run1-swarm_12_125.pdb	5.563	21.469	0.368421	0.535
