run1-swarm_24_96.pdb	8.513	25.590	0	41.426
run1-swarm_26_66.pdb	7.973	27.913	0	39.812
run1-swarm_57_83.pdb	7.496	29.063	0.0294118	39.691
run1-swarm_66_142.pdb	8.755	29.022	0.0147059	38.406
run1-swarm_36_185.pdb	7.088	13.113	0.0735294	38.205
run0-swarm_66_64.pdb	12.992	42.786	0	38.201
run1-swarm_69_162.pdb	8.986	27.238	0	38.150
run1-swarm_43_21.pdb	9.887	31.495	0.0294118	37.966
run1-swarm_67_86.pdb	5.985	13.115	0.25	37.373
run1-swarm_18_176.pdb	8.789	30.130	0.0294118	37.353
run1-swarm_71_9.pdb	8.231	27.274	0	37.167
run1-swarm_55_84.pdb	8.187	31.042	0.0147059	36.659
run0-swarm_58_138.pdb	12.594	38.975	0	35.992
run1-swarm_53_172.pdb	6.954	23.682	0.0147059	35.321
run1-swarm_73_127.pdb	7.575	30.229	0.0147059	35.245
run1-swarm_68_113.pdb	8.375	28.517	0.0735294	35.213
run0-swarm_32_23.pdb	5.268	7.570	0.205882	35.151
run1-swarm_53_110.pdb	8.541	29.278	0.0735294	34.854
run1-swarm_64_79.pdb	8.267	25.862	0	34.573
run1-swarm_54_42.pdb	8.231	26.926	0	34.434
run1-swarm_13_183.pdb	10.220	19.423	0.0441176	34.421
run1-swarm_35_146.pdb	5.940	9.884	0.176471	34.320
run1-swarm_18_199.pdb	7.065	23.807	0.0147059	34.280
run1-swarm_33_101.pdb	8.414	29.396	0	34.055
run1-swarm_57_63.pdb	10.453	32.985	0	33.988
run1-swarm_38_27.pdb	6.609	15.503	0.220588	33.774
run0-swarm_16_6.pdb	5.691	10.250	0.191176	33.432
run0-swarm_31_22.pdb	5.749	9.582	0.235294	33.425
run1-swarm_17_112.pdb	6.285	12.427	0.132353	33.407
run1-swarm_42_190.pdb	8.730	22.316	0.0294118	33.376
run1-swarm_74_107.pdb	5.772	12.565	0.367647	33.357
run1-swarm_65_182.pdb	6.077	11.007	0.147059	32.850
run1-swarm_41_102.pdb	8.818	21.724	0.0294118	32.600
run1-swarm_18_113.pdb	8.567	29.103	0.0147059	32.576
run1-swarm_56_35.pdb	9.384	31.477	0.0147059	32.536
run1-swarm_64_33.pdb	7.614	21.589	0.0147059	32.208
run1-swarm_79_64.pdb	6.853	10.354	0.0147059	31.424
run1-swarm_52_20.pdb	7.111	19.999	0.0882353	31.405
run1-swarm_26_171.pdb	7.808	31.857	0.0294118	31.319
run1-swarm_73_192.pdb	9.073	27.341	0.0441176	31.225
run1-swarm_55_30.pdb	7.231	23.281	0	31.190
run1-swarm_70_136.pdb	8.713	32.927	0.0147059	31.120
run1-swarm_53_124.pdb	9.541	29.605	0	31.110
run1-swarm_4_20.pdb	10.981	37.002	0.0147059	31.035
run1-swarm_59_189.pdb	9.227	33.942	0.0294118	30.968
run1-swarm_35_106.pdb	8.530	12.660	0.102941	30.825
run1-swarm_22_2.pdb	8.648	28.685	0	30.518
run0-swarm_17_185.pdb	12.783	38.822	0	30.439
run1-swarm_37_164.pdb	5.155	7.108	0.25	30.315
run1-swarm_33_165.pdb	7.790	28.581	0	30.246
run1-swarm_64_133.pdb	7.144	23.843	0	29.891
run1-swarm_43_85.pdb	10.516	31.741	0.0147059	29.890
run1-swarm_13_94.pdb	8.184	11.047	0.0147059	29.445
run1-swarm_37_9.pdb	6.434	20.147	0.102941	29.264
run1-swarm_69_185.pdb	9.858	23.493	0.0588235	28.975
run1-swarm_46_171.pdb	12.378	41.783	0	28.920
run0-swarm_33_166.pdb	6.393	14.215	0.205882	28.678
run1-swarm_27_135.pdb	10.514	38.082	0.0441176	28.462
run1-swarm_69_176.pdb	13.354	34.874	0.0441176	28.056
run1-swarm_62_114.pdb	11.602	20.781	0.0147059	27.920
run1-swarm_29_194.pdb	11.613	35.633	0.0147059	27.920
run1-swarm_35_137.pdb	8.175	11.170	0.0294118	27.549
run1-swarm_42_154.pdb	6.711	21.139	0.0735294	27.438
run0-swarm_54_74.pdb	6.159	9.564	0.0882353	27.317
run1-swarm_74_99.pdb	9.218	17.063	0.0147059	27.161
run1-swarm_2_180.pdb	9.229	13.385	0.0588235	27.143
run1-swarm_50_13.pdb	10.180	15.922	0.0735294	27.003
run1-swarm_53_23.pdb	8.090	28.260	0	26.960
run1-swarm_33_78.pdb	7.885	22.379	0.0147059	26.850
run1-swarm_58_28.pdb	10.812	34.618	0.0147059	26.807
run1-swarm_59_115.pdb	13.512	43.837	0	26.430
run1-swarm_68_157.pdb	10.828	17.348	0.0147059	26.384
run1-swarm_50_34.pdb	7.025	18.330	0.0294118	26.360
run1-swarm_41_16.pdb	6.619	21.558	0.0882353	26.354
run1-swarm_7_42.pdb	13.657	39.903	0.0147059	25.783
run1-swarm_37_48.pdb	9.331	14.773	0.0441176	25.735
run1-swarm_5_13.pdb	7.067	12.118	0.0882353	25.720
run1-swarm_61_55.pdb	9.290	13.981	0.0147059	25.670
run0-swarm_46_41.pdb	7.146	9.795	0	25.566
run1-swarm_26_198.pdb	12.483	34.540	0.0588235	25.179
run1-swarm_46_132.pdb	9.102	32.847	0.0147059	24.871
run1-swarm_13_161.pdb	6.652	14.758	0.0294118	24.637
run0-swarm_16_128.pdb	7.373	22.565	0.132353	24.592
run0-swarm_49_157.pdb	12.611	40.205	0	24.470
run1-swarm_33_153.pdb	7.697	21.919	0.0147059	24.416
run1-swarm_61_34.pdb	9.896	24.533	0.0147059	23.582
run1-swarm_31_78.pdb	12.852	19.411	0	23.580
run1-swarm_42_109.pdb	7.777	19.784	0.0147059	23.411
run0-swarm_23_78.pdb	10.095	34.918	0.0147059	23.289
run1-swarm_68_134.pdb	8.037	26.128	0	22.878
run1-swarm_65_16.pdb	7.537	18.361	0.0588235	22.757
run1-swarm_55_0.pdb	15.136	36.403	0.0294118	21.927
run0-swarm_38_67.pdb	7.876	22.360	0.117647	21.910
run1-swarm_50_71.pdb	8.530	20.873	0.0441176	21.247
run1-swarm_70_176.pdb	16.215	38.485	0.0147059	21.231
run1-swarm_4_170.pdb	11.159	39.914	0.0294118	21.220
run0-swarm_33_81.pdb	8.360	23.409	0.102941	20.903
run1-swarm_39_125.pdb	12.766	31.853	0	20.483
run1-swarm_2_146.pdb	7.327	18.953	0	20.470
run1-swarm_39_6.pdb	11.857	33.746	0	20.298
run0-swarm_31_85.pdb	6.658	7.427	0.102941	20.293
run1-swarm_33_120.pdb	10.064	20.439	0.0441176	19.599
run1-swarm_21_133.pdb	8.774	20.141	0	19.507
run1-swarm_71_5.pdb	7.240	17.884	0.0294118	19.225
run0-swarm_10_140.pdb	8.815	26.973	0.117647	18.854
run1-swarm_62_102.pdb	14.507	24.891	0	18.171
run0-swarm_26_12.pdb	12.947	27.105	0.0147059	18.030
run0-swarm_41_20.pdb	12.926	29.050	0	17.855
run0-swarm_66_117.pdb	9.329	34.395	0.0441176	15.815
run0-swarm_64_31.pdb	13.430	27.642	0	14.784
run1-swarm_47_26.pdb	13.661	34.471	0	12.119
run0-swarm_22_17.pdb	11.483	26.360	0	10.261
run0-swarm_63_182.pdb	12.427	33.589	0.176471	8.491
run0-swarm_51_62.pdb	9.552	33.505	0.0294118	7.930
