swarm_57_191.pdb	8.623	35.244	0.0294118	31.970
swarm_54_65.pdb	20.249	37.491	0	30.905
swarm_27_60.pdb	20.539	44.775	0.0441176	30.299
swarm_63_11.pdb	13.446	22.711	0.0441176	29.670
swarm_64_168.pdb	14.472	34.379	0	28.634
swarm_54_151.pdb	13.690	25.648	0.0147059	27.924
swarm_44_1.pdb	12.774	41.990	0	27.771
swarm_54_30.pdb	22.268	38.375	0	27.178
swarm_58_91.pdb	9.051	28.789	0.0147059	26.510
swarm_44_135.pdb	9.288	34.194	0.0147059	25.745
swarm_58_169.pdb	10.065	37.116	0.0441176	25.611
swarm_29_131.pdb	18.613	41.660	0	24.782
swarm_46_95.pdb	23.238	38.923	0	24.373
swarm_28_62.pdb	20.903	40.911	0	24.324
swarm_21_96.pdb	11.379	35.373	0.0147059	24.121
swarm_42_150.pdb	12.732	32.801	0	23.987
swarm_14_17.pdb	16.837	37.143	0	23.706
swarm_67_64.pdb	17.955	44.274	0	23.683
swarm_25_113.pdb	22.399	44.111	0	23.554
swarm_25_71.pdb	13.818	38.388	0.0147059	23.364
swarm_59_20.pdb	15.389	47.374	0.0294118	23.193
swarm_9_160.pdb	17.609	43.690	0	22.918
swarm_40_5.pdb	15.277	37.966	0	22.804
swarm_40_43.pdb	15.369	38.676	0	22.446
swarm_20_44.pdb	15.936	44.578	0	22.072
swarm_66_32.pdb	19.339	33.975	0	21.970
swarm_30_43.pdb	15.989	35.109	0	21.563
swarm_66_8.pdb	11.292	25.791	0.0588235	21.556
swarm_42_168.pdb	14.032	32.140	0.0147059	21.280
swarm_28_162.pdb	18.272	39.482	0.0294118	21.248
swarm_21_72.pdb	18.546	44.132	0.0147059	21.129
swarm_6_29.pdb	15.506	38.622	0	21.041
swarm_29_122.pdb	12.040	37.751	0.0147059	20.818
swarm_31_65.pdb	11.895	28.760	0	20.775
swarm_21_185.pdb	14.766	37.477	0	20.103
swarm_62_155.pdb	12.437	29.286	0	20.088
swarm_57_76.pdb	20.178	39.066	0	19.995
swarm_54_191.pdb	21.684	39.906	0	19.924
swarm_31_68.pdb	17.130	42.769	0	19.906
swarm_9_82.pdb	21.488	42.941	0	19.751
swarm_14_82.pdb	24.814	45.689	0	19.684
swarm_14_122.pdb	19.710	39.414	0	19.424
swarm_44_126.pdb	17.833	40.239	0	19.254
swarm_10_48.pdb	23.026	50.081	0	18.895
swarm_10_119.pdb	19.315	47.057	0.0147059	18.799
swarm_17_175.pdb	20.548	52.742	0	18.689
swarm_17_21.pdb	20.705	51.382	0	18.598
swarm_10_61.pdb	15.931	42.611	0	18.463
swarm_31_144.pdb	21.211	46.596	0	18.290
swarm_31_94.pdb	14.468	38.158	0	18.238
swarm_9_144.pdb	20.648	42.220	0	18.162
swarm_30_37.pdb	14.772	36.007	0	18.151
swarm_10_47.pdb	20.395	51.594	0	18.079
swarm_25_124.pdb	15.192	34.201	0	17.906
swarm_22_89.pdb	13.929	34.162	0	17.765
swarm_40_163.pdb	16.105	42.227	0.0147059	17.363
swarm_3_157.pdb	16.141	41.672	0	17.180
swarm_19_82.pdb	14.123	34.661	0.0147059	17.140
swarm_62_112.pdb	20.170	40.042	0	17.122
swarm_44_109.pdb	13.644	29.070	0	16.829
swarm_22_171.pdb	19.370	37.846	0	16.725
swarm_65_56.pdb	17.853	41.974	0	16.632
swarm_52_87.pdb	14.110	34.031	0	16.590
swarm_34_107.pdb	20.262	57.171	0	16.506
swarm_9_68.pdb	19.316	45.549	0	16.470
swarm_20_88.pdb	22.962	46.562	0	16.399
swarm_32_151.pdb	19.115	38.516	0	16.239
swarm_17_88.pdb	18.614	45.231	0	16.151
swarm_47_4.pdb	22.360	42.751	0	15.989
swarm_9_114.pdb	23.390	46.972	0	15.823
swarm_69_168.pdb	13.806	31.434	0.0441176	15.819
swarm_31_192.pdb	19.108	41.572	0	15.693
swarm_31_39.pdb	19.749	40.114	0	15.662
swarm_31_105.pdb	18.557	44.484	0	15.421
swarm_10_72.pdb	18.655	48.709	0	15.389
swarm_23_121.pdb	24.593	54.045	0	15.295
swarm_17_147.pdb	18.776	49.975	0	14.914
swarm_20_154.pdb	26.072	53.609	0	14.799
swarm_22_138.pdb	16.343	33.583	0	14.108
swarm_32_58.pdb	14.793	28.214	0	13.920
swarm_67_123.pdb	20.789	38.608	0	13.613
swarm_14_129.pdb	25.236	46.802	0	12.805
swarm_31_15.pdb	22.274	41.627	0	10.863
swarm_1_176.pdb	21.698	45.934	0	10.378
swarm_31_130.pdb	21.036	39.973	0	8.847
swarm_56_197.pdb	16.280	24.645	0.0294118	7.517
swarm_28_14.pdb	20.175	40.362	0	6.899
swarm_64_86.pdb	14.142	32.663	0	6.204
