swarm_36_71.pdb	8.949	13.206	0	37.128
swarm_78_53.pdb	5.969	10.185	0.147059	34.850
swarm_35_120.pdb	5.112	6.286	0.25	34.097
swarm_37_196.pdb	7.531	12.630	0	33.564
swarm_69_4.pdb	7.495	28.290	0.0147059	33.125
swarm_71_76.pdb	8.832	31.319	0.0147059	32.347
swarm_83_65.pdb	6.456	9.382	0	32.017
swarm_9_157.pdb	8.165	25.302	0.0147059	31.537
swarm_79_57.pdb	8.105	25.355	0.0147059	31.420
swarm_4_106.pdb	5.502	9.713	0.279412	31.286
swarm_48_147.pdb	12.592	37.831	0.0294118	31.141
swarm_66_7.pdb	5.170	6.890	0.205882	30.820
swarm_2_61.pdb	5.230	4.813	0.25	30.107
swarm_60_80.pdb	7.624	27.498	0	29.784
swarm_52_16.pdb	9.562	29.114	0.0147059	29.432
swarm_43_67.pdb	7.045	16.676	0.0441176	29.208
swarm_48_164.pdb	8.547	23.626	0.0147059	28.535
swarm_22_36.pdb	8.832	33.734	0.0735294	27.952
swarm_33_175.pdb	6.579	24.227	0.0882353	27.471
swarm_80_96.pdb	12.308	36.134	0.0294118	27.436
swarm_9_0.pdb	12.891	39.323	0.0147059	26.160
swarm_52_67.pdb	12.238	19.754	0.0294118	25.814
swarm_70_147.pdb	8.605	21.229	0.0147059	25.559
swarm_18_123.pdb	7.154	22.021	0.0588235	24.603
swarm_57_135.pdb	12.827	24.928	0	24.003
swarm_34_66.pdb	8.118	20.104	0.0147059	23.914
swarm_43_35.pdb	10.943	17.346	0	23.254
swarm_30_102.pdb	8.161	19.231	0.0147059	23.200
swarm_36_113.pdb	7.758	12.315	0.0588235	22.882
swarm_44_47.pdb	6.415	22.232	0.0441176	22.244
swarm_30_28.pdb	7.121	9.753	0.0588235	22.081
swarm_3_172.pdb	8.535	15.066	0	21.693
swarm_3_2.pdb	9.810	18.910	0	21.692
swarm_80_51.pdb	8.936	24.969	0.0294118	21.372
swarm_51_135.pdb	8.128	19.414	0.0147059	21.307
swarm_13_126.pdb	9.378	27.103	0.0294118	21.099
swarm_52_48.pdb	11.816	35.463	0.0294118	20.614
swarm_72_22.pdb	8.715	14.910	0.0147059	19.208
swarm_35_152.pdb	9.324	12.118	0	17.686
swarm_16_73.pdb	5.837	8.703	0.294118	17.651
swarm_66_44.pdb	7.298	15.723	0.0735294	17.484
swarm_56_112.pdb	6.243	11.712	0.220588	16.350
swarm_36_164.pdb	7.359	14.362	0.0294118	15.569
swarm_14_180.pdb	7.513	16.540	0.0147059	13.451
