swarm_57_98.pdb	18.967	40.672	0	32.479
swarm_66_96.pdb	17.147	38.431	0	31.978
swarm_54_69.pdb	18.870	41.081	0	31.346
swarm_57_113.pdb	20.192	34.658	0.0147059	30.546
swarm_79_106.pdb	15.471	32.565	0	30.450
swarm_77_55.pdb	20.147	42.343	0	30.424
swarm_8_149.pdb	14.177	39.528	0	30.376
swarm_21_135.pdb	11.497	39.602	0	29.463
swarm_77_29.pdb	21.420	40.321	0	29.340
swarm_79_55.pdb	19.591	32.300	0	28.775
swarm_41_62.pdb	10.174	30.859	0	28.316
swarm_55_194.pdb	15.151	28.794	0.0294118	27.902
swarm_66_172.pdb	18.389	37.209	0.0147059	27.867
swarm_78_7.pdb	12.227	47.538	0	27.679
swarm_28_59.pdb	22.978	39.588	0	27.565
swarm_64_33.pdb	8.050	21.343	0.132353	27.492
swarm_36_123.pdb	18.529	35.251	0.0147059	27.219
swarm_64_178.pdb	6.386	13.024	0.132353	27.216
swarm_22_79.pdb	6.427	13.960	0.205882	27.138
swarm_54_180.pdb	17.765	33.275	0.0147059	26.888
swarm_8_159.pdb	14.678	38.274	0	26.733
swarm_64_4.pdb	20.319	31.767	0	26.555
swarm_60_143.pdb	23.717	44.216	0	26.438
swarm_2_180.pdb	14.103	29.121	0.0147059	26.435
swarm_20_139.pdb	10.408	18.584	0	26.252
swarm_80_104.pdb	10.875	16.236	0.0588235	26.078
swarm_57_189.pdb	16.980	26.942	0	25.910
swarm_21_14.pdb	15.924	37.524	0	25.747
swarm_2_50.pdb	10.504	27.556	0	25.727
swarm_79_172.pdb	9.946	33.915	0.0147059	25.621
swarm_44_169.pdb	14.006	30.780	0.0147059	25.525
swarm_43_138.pdb	18.622	38.555	0	25.519
swarm_42_100.pdb	19.819	40.157	0	25.302
swarm_47_185.pdb	23.090	38.906	0	25.281
swarm_54_55.pdb	16.992	37.138	0	24.891
swarm_78_196.pdb	16.045	45.258	0	24.817
swarm_41_90.pdb	8.113	25.278	0.147059	24.799
swarm_29_51.pdb	23.103	38.538	0	24.771
swarm_13_19.pdb	17.746	28.512	0.0294118	24.764
swarm_39_34.pdb	13.349	25.522	0.0294118	24.498
swarm_58_140.pdb	14.759	33.251	0	24.494
swarm_13_25.pdb	10.852	26.923	0.0147059	24.393
swarm_13_174.pdb	12.064	22.605	0.0882353	24.376
swarm_80_33.pdb	7.211	14.017	0.117647	24.005
swarm_79_101.pdb	22.139	44.542	0	23.934
swarm_23_196.pdb	20.847	42.178	0	23.814
swarm_80_199.pdb	12.807	20.157	0.0294118	23.463
swarm_41_193.pdb	12.345	21.159	0	23.457
swarm_29_97.pdb	8.822	26.350	0.0147059	23.369
swarm_60_99.pdb	11.031	32.820	0	23.356
swarm_77_135.pdb	19.148	34.227	0	23.337
swarm_73_84.pdb	8.492	28.982	0.0882353	23.267
swarm_53_20.pdb	17.628	30.662	0	23.218
swarm_24_161.pdb	19.627	29.081	0	23.212
swarm_50_3.pdb	12.174	20.820	0.0147059	23.196
swarm_21_195.pdb	10.325	32.608	0	22.895
swarm_1_116.pdb	14.739	26.933	0.0441176	22.888
swarm_54_190.pdb	18.791	41.981	0	22.865
swarm_24_192.pdb	21.899	33.419	0	22.855
swarm_46_180.pdb	16.033	26.147	0	22.745
swarm_42_197.pdb	15.258	33.049	0	22.642
swarm_20_160.pdb	11.700	18.506	0	22.573
swarm_15_173.pdb	20.651	44.675	0	22.573
swarm_41_168.pdb	11.471	31.887	0.0147059	22.515
swarm_18_49.pdb	17.073	35.771	0	22.467
swarm_11_6.pdb	11.106	16.695	0.0294118	22.227
swarm_42_112.pdb	19.339	36.659	0	22.145
swarm_1_85.pdb	22.382	36.042	0	22.101
swarm_53_9.pdb	16.890	29.251	0	21.988
swarm_71_53.pdb	20.456	36.984	0	21.977
swarm_69_24.pdb	17.974	31.400	0	21.966
swarm_12_82.pdb	10.699	34.118	0	21.901
swarm_60_124.pdb	21.425	33.335	0	21.650
swarm_78_72.pdb	23.077	43.797	0	21.461
swarm_44_186.pdb	16.190	35.579	0	21.407
swarm_7_107.pdb	17.731	26.819	0	21.353
swarm_2_76.pdb	14.809	34.479	0.0735294	21.329
swarm_18_59.pdb	16.759	30.525	0	21.160
swarm_59_134.pdb	21.726	34.564	0	21.001
swarm_71_177.pdb	17.667	28.385	0.0294118	20.916
swarm_2_120.pdb	17.717	35.723	0	20.905
swarm_57_16.pdb	13.465	31.499	0	20.786
swarm_41_17.pdb	15.311	22.797	0.0147059	20.774
swarm_13_4.pdb	18.273	29.283	0	20.720
swarm_47_46.pdb	15.388	33.608	0	20.604
swarm_79_15.pdb	18.901	40.260	0	20.585
swarm_7_94.pdb	16.971	28.349	0	20.544
swarm_11_98.pdb	13.892	25.293	0.0294118	20.538
swarm_78_42.pdb	14.795	43.412	0	20.342
swarm_58_79.pdb	16.184	33.175	0	20.280
swarm_13_16.pdb	17.154	32.690	0	20.264
swarm_77_50.pdb	10.930	41.207	0.0147059	20.240
swarm_73_36.pdb	20.031	37.743	0	20.225
swarm_7_135.pdb	15.488	23.948	0.0147059	20.164
swarm_21_27.pdb	16.365	28.551	0.0147059	20.046
swarm_58_110.pdb	19.001	34.624	0	20.020
swarm_39_196.pdb	15.093	21.107	0	20.015
swarm_78_173.pdb	10.934	41.735	0.0147059	19.960
swarm_80_22.pdb	17.968	28.558	0.0294118	19.906
swarm_24_49.pdb	17.703	26.500	0	19.885
swarm_46_57.pdb	16.767	24.949	0	19.688
swarm_75_185.pdb	11.818	16.784	0	19.583
swarm_8_76.pdb	19.419	34.814	0	19.562
swarm_22_125.pdb	11.743	20.602	0	19.548
swarm_68_73.pdb	12.353	19.222	0	19.465
swarm_24_121.pdb	14.916	30.342	0.0294118	19.443
swarm_71_58.pdb	11.012	36.018	0.0441176	19.324
swarm_58_43.pdb	11.217	30.978	0.102941	19.254
swarm_47_142.pdb	23.714	40.216	0	19.149
swarm_11_8.pdb	17.241	26.893	0	19.065
swarm_23_98.pdb	10.966	39.151	0.102941	18.852
swarm_22_176.pdb	7.264	13.981	0.161765	18.826
swarm_28_99.pdb	21.768	37.664	0	18.766
swarm_24_180.pdb	13.609	25.695	0	18.752
swarm_79_89.pdb	13.883	36.292	0	18.677
swarm_26_153.pdb	23.505	39.267	0	18.646
swarm_73_78.pdb	19.862	37.432	0	18.628
swarm_27_74.pdb	18.557	27.127	0	18.627
swarm_22_57.pdb	13.211	23.120	0	18.571
swarm_57_7.pdb	19.592	31.006	0	18.539
swarm_73_52.pdb	22.733	39.735	0	18.474
swarm_73_15.pdb	19.331	35.909	0	18.451
swarm_38_72.pdb	19.648	28.126	0	18.341
swarm_20_134.pdb	11.861	25.064	0.0441176	18.329
swarm_20_97.pdb	14.549	26.701	0	18.270
swarm_39_29.pdb	15.064	24.614	0.0147059	18.250
swarm_11_180.pdb	17.723	30.849	0	18.230
swarm_36_136.pdb	18.022	37.756	0	17.993
swarm_80_164.pdb	12.176	18.436	0.0147059	17.950
swarm_47_139.pdb	19.784	37.891	0	17.931
swarm_2_194.pdb	11.578	22.625	0	17.908
swarm_7_191.pdb	18.930	30.873	0	17.890
swarm_2_192.pdb	18.060	32.874	0	17.678
swarm_58_123.pdb	14.829	26.175	0	17.534
swarm_58_99.pdb	9.976	29.966	0	17.517
swarm_21_99.pdb	18.869	36.561	0	17.309
swarm_31_27.pdb	24.442	41.492	0	17.280
swarm_65_133.pdb	17.215	24.588	0	17.167
swarm_77_33.pdb	13.238	38.336	0	17.148
swarm_18_109.pdb	18.068	30.457	0	17.078
swarm_13_199.pdb	13.563	24.627	0	17.050
swarm_7_61.pdb	20.806	35.754	0	16.988
swarm_29_40.pdb	19.823	36.222	0	16.959
swarm_18_54.pdb	14.012	25.381	0	16.937
swarm_65_95.pdb	14.471	22.564	0.0441176	16.928
swarm_53_0.pdb	16.941	31.021	0	16.904
swarm_66_71.pdb	13.684	40.436	0	16.811
swarm_41_27.pdb	14.886	28.559	0	16.738
swarm_68_39.pdb	12.175	19.496	0.0735294	16.616
swarm_59_128.pdb	22.912	38.967	0	16.532
swarm_48_18.pdb	23.020	38.058	0	16.512
swarm_39_191.pdb	19.659	28.134	0	16.425
swarm_73_145.pdb	11.315	26.810	0	16.267
swarm_39_73.pdb	21.633	31.619	0	16.082
swarm_53_117.pdb	18.210	28.049	0	15.886
swarm_58_65.pdb	17.316	29.671	0	15.835
swarm_43_75.pdb	14.323	30.389	0	15.600
swarm_43_34.pdb	13.268	27.774	0.0441176	15.568
swarm_27_165.pdb	11.889	19.950	0	15.463
swarm_77_176.pdb	13.019	29.880	0.0588235	15.440
swarm_18_138.pdb	14.160	28.360	0	15.192
swarm_36_32.pdb	15.947	33.547	0	15.018
swarm_22_166.pdb	17.931	25.505	0	15.002
swarm_35_145.pdb	17.966	36.820	0	14.559
swarm_24_40.pdb	20.670	35.280	0	13.847
swarm_36_48.pdb	18.731	36.723	0	13.795
swarm_46_161.pdb	14.194	24.347	0	13.791
swarm_41_105.pdb	18.110	35.224	0	13.732
swarm_65_65.pdb	22.609	33.279	0	13.585
swarm_22_14.pdb	20.810	32.262	0	13.476
swarm_58_66.pdb	12.896	28.196	0	13.390
swarm_13_52.pdb	20.084	36.840	0	13.100
swarm_13_74.pdb	17.760	33.053	0	13.015
swarm_46_169.pdb	15.274	24.139	0.0147059	12.581
swarm_46_149.pdb	23.010	35.965	0	12.137
swarm_47_7.pdb	10.710	29.342	0.0294118	11.924
swarm_7_11.pdb	19.800	32.421	0	11.819
swarm_33_98.pdb	11.779	30.027	0.0294118	11.485
swarm_44_17.pdb	9.654	26.360	0.0588235	9.535
swarm_5_168.pdb	16.943	36.041	0.132353	8.979
swarm_66_37.pdb	21.253	43.266	0	8.499
swarm_7_129.pdb	9.628	18.795	0.0147059	7.087
swarm_80_108.pdb	18.891	29.668	0	6.883
swarm_43_21.pdb	12.283	26.960	0	6.863
swarm_71_102.pdb	17.972	29.906	0	6.006
swarm_80_156.pdb	13.946	20.210	0.0588235	5.878
swarm_8_102.pdb	18.236	40.144	0	5.167
swarm_76_49.pdb	19.808	42.566	0	3.467
swarm_77_72.pdb	12.234	36.661	0.102941	0.791
swarm_47_89.pdb	9.553	26.795	0.0882353	0.127
