swarm_6_110.pdb	5.467	10.377	0.308824	47.249
swarm_8_119.pdb	8.471	26.575	0.0147059	43.221
swarm_35_98.pdb	8.573	27.762	0.0294118	43.162
swarm_21_142.pdb	5.823	12.566	0.367647	42.920
swarm_46_86.pdb	8.395	28.825	0.0294118	42.004
swarm_7_24.pdb	8.805	28.927	0.0147059	40.978
swarm_22_94.pdb	5.281	6.052	0.264706	40.692
swarm_47_45.pdb	8.338	26.368	0.0147059	40.255
swarm_41_56.pdb	13.342	44.119	0.0147059	40.204
swarm_18_193.pdb	13.282	45.064	0.0147059	40.193
swarm_38_153.pdb	8.571	32.322	0.0735294	39.027
swarm_28_90.pdb	9.570	30.861	0.0147059	38.929
swarm_40_49.pdb	9.053	31.773	0.0588235	38.018
swarm_52_62.pdb	7.848	29.324	0.0735294	37.413
swarm_40_171.pdb	11.986	37.879	0.0294118	37.341
swarm_39_167.pdb	8.644	33.956	0.0294118	36.113
swarm_13_132.pdb	10.029	32.829	0.0294118	35.812
swarm_41_121.pdb	8.806	31.902	0.0147059	35.556
swarm_37_61.pdb	8.733	34.091	0.0294118	34.878
swarm_19_79.pdb	8.184	31.379	0.0147059	34.653
swarm_35_175.pdb	9.031	30.978	0	34.502
swarm_39_198.pdb	10.085	33.083	0	34.501
swarm_53_127.pdb	5.669	5.639	0.132353	33.297
swarm_33_66.pdb	7.053	19.539	0	33.048
swarm_50_143.pdb	6.566	22.009	0.0735294	32.957
swarm_51_195.pdb	10.755	35.922	0.0147059	32.779
swarm_43_105.pdb	8.682	16.803	0.0294118	32.751
swarm_49_93.pdb	11.171	32.521	0.0294118	32.681
swarm_35_162.pdb	6.888	24.059	0.0735294	32.609
swarm_20_124.pdb	6.155	6.777	0.147059	32.380
swarm_40_163.pdb	8.914	30.154	0.0147059	32.374
swarm_20_48.pdb	6.893	10.411	0.117647	32.107
swarm_27_121.pdb	8.206	25.542	0	31.708
swarm_50_175.pdb	8.267	20.329	0.0147059	31.656
swarm_2_102.pdb	9.164	13.934	0.0147059	31.629
swarm_11_3.pdb	8.680	34.516	0.0147059	31.595
swarm_50_122.pdb	8.209	26.494	0	31.211
swarm_37_56.pdb	10.369	34.050	0	31.163
swarm_36_182.pdb	9.300	25.209	0.0147059	31.158
swarm_29_123.pdb	8.970	21.194	0.0147059	30.466
swarm_38_49.pdb	9.123	31.387	0	30.422
swarm_12_190.pdb	5.982	10.158	0.191176	30.198
swarm_22_45.pdb	7.910	12.787	0.0294118	29.997
swarm_43_29.pdb	8.611	22.403	0.0147059	29.972
swarm_52_189.pdb	9.294	27.434	0.0147059	29.438
swarm_26_96.pdb	6.151	7.876	0.0441176	29.382
swarm_38_166.pdb	8.510	34.748	0	29.292
swarm_20_111.pdb	4.998	7.221	0.308824	29.260
swarm_43_143.pdb	8.039	16.372	0.0441176	29.205
swarm_19_132.pdb	9.523	26.092	0.0147059	29.179
swarm_52_68.pdb	7.529	26.255	0	28.552
swarm_24_47.pdb	10.144	27.221	0.0147059	28.059
swarm_54_56.pdb	5.886	8.420	0.220588	27.919
swarm_52_5.pdb	10.312	35.160	0.0147059	27.849
swarm_22_123.pdb	6.252	9.107	0.102941	27.282
swarm_20_21.pdb	8.222	13.045	0.0294118	27.165
swarm_10_166.pdb	8.729	22.619	0	27.112
swarm_29_70.pdb	7.756	18.547	0	27.011
swarm_26_142.pdb	7.476	15.968	0.0441176	26.375
swarm_12_170.pdb	12.151	20.551	0	26.363
swarm_1_7.pdb	11.795	31.041	0.0735294	26.007
swarm_46_84.pdb	8.312	24.852	0	25.944
swarm_33_181.pdb	5.734	11.422	0.0588235	25.610
swarm_31_20.pdb	7.110	9.080	0.0441176	25.568
swarm_12_132.pdb	8.654	12.721	0.0147059	25.526
swarm_7_66.pdb	10.450	36.913	0	25.278
swarm_27_156.pdb	7.297	19.703	0.0294118	25.263
swarm_14_174.pdb	10.973	30.977	0.0588235	25.252
swarm_36_94.pdb	9.955	29.941	0	25.207
swarm_50_195.pdb	8.348	12.405	0.0294118	25.142
swarm_46_4.pdb	7.493	25.835	0	24.965
swarm_48_102.pdb	7.406	18.195	0.0147059	24.668
swarm_40_145.pdb	10.783	37.212	0.0147059	23.892
swarm_26_90.pdb	7.815	26.699	0	23.658
swarm_54_54.pdb	8.040	20.568	0.0882353	23.056
swarm_49_190.pdb	9.297	23.561	0.0294118	22.631
swarm_26_107.pdb	6.082	17.307	0.0735294	22.282
swarm_33_194.pdb	5.848	12.594	0.0588235	22.203
swarm_27_110.pdb	6.968	15.380	0.0588235	22.055
swarm_54_105.pdb	8.969	19.425	0.0294118	20.845
swarm_19_66.pdb	8.835	28.717	0	20.489
swarm_7_18.pdb	13.212	39.177	0	20.460
swarm_19_184.pdb	7.655	20.303	0.0588235	19.463
swarm_43_146.pdb	12.313	26.285	0	18.670
swarm_36_191.pdb	10.188	25.368	0	18.279
swarm_2_123.pdb	6.407	7.314	0.0735294	17.707
swarm_26_161.pdb	12.761	26.263	0	17.303
swarm_38_31.pdb	10.421	33.433	0	15.610
swarm_1_33.pdb	9.211	29.157	0	14.945
swarm_47_121.pdb	8.982	31.375	0	14.622
swarm_31_54.pdb	10.385	21.478	0.0441176	14.457
swarm_31_79.pdb	10.764	20.049	0.0147059	14.181
swarm_2_176.pdb	10.562	19.817	0	13.602
swarm_4_46.pdb	14.366	37.019	0.0588235	13.242
swarm_10_41.pdb	12.844	35.637	0.0735294	12.948
swarm_46_197.pdb	8.455	21.145	0.0441176	9.514
