swarm_72_89.pdb	16.781	28.411	0	33.420
swarm_43_137.pdb	13.048	27.634	0.0588235	31.396
swarm_54_12.pdb	15.361	25.562	0	30.450
swarm_37_175.pdb	11.831	18.385	0.0588235	30.340
swarm_62_189.pdb	7.880	29.442	0.0882353	29.637
swarm_76_150.pdb	15.207	28.180	0.0147059	29.440
swarm_35_166.pdb	13.626	21.407	0.0294118	29.118
swarm_57_26.pdb	13.433	28.191	0.0441176	29.032
swarm_60_52.pdb	11.415	31.861	0.0441176	28.854
swarm_2_35.pdb	16.109	22.911	0	28.798
swarm_36_140.pdb	5.986	11.084	0.205882	28.606
swarm_83_7.pdb	9.060	12.650	0	28.190
swarm_83_113.pdb	14.516	20.538	0	28.026
swarm_61_179.pdb	15.979	32.467	0.0147059	27.654
swarm_48_21.pdb	20.070	38.132	0	27.562
swarm_69_71.pdb	9.032	25.175	0	27.516
swarm_72_51.pdb	15.181	27.751	0.0147059	27.244
swarm_60_185.pdb	19.901	33.927	0	26.951
swarm_29_122.pdb	10.206	28.977	0	26.761
swarm_29_135.pdb	23.902	39.300	0	26.695
swarm_2_113.pdb	13.986	22.697	0.0147059	26.611
swarm_76_76.pdb	10.255	17.062	0.0882353	26.375
swarm_33_175.pdb	18.893	36.629	0.0147059	26.312
swarm_78_170.pdb	10.561	18.464	0.0735294	26.310
swarm_35_12.pdb	15.598	29.177	0.0441176	25.983
swarm_18_45.pdb	13.432	31.406	0	25.714
swarm_66_0.pdb	13.349	28.405	0.102941	25.698
swarm_54_75.pdb	12.698	28.456	0.0588235	25.596
swarm_14_25.pdb	21.053	32.353	0	25.502
swarm_37_71.pdb	18.046	31.293	0.0441176	25.439
swarm_37_154.pdb	15.584	30.563	0.0294118	25.335
swarm_36_152.pdb	10.199	15.185	0	25.315
swarm_22_37.pdb	9.324	31.037	0	25.305
swarm_53_173.pdb	12.360	31.246	0.0882353	25.042
swarm_71_1.pdb	9.217	31.659	0	24.911
swarm_44_113.pdb	13.496	25.088	0	24.897
swarm_35_90.pdb	15.080	25.801	0.0294118	24.869
swarm_79_171.pdb	13.325	30.207	0	24.849
swarm_43_51.pdb	19.138	31.107	0	24.682
swarm_44_46.pdb	14.135	30.898	0.0147059	24.544
swarm_60_55.pdb	17.669	32.271	0.0147059	24.464
swarm_33_148.pdb	9.383	25.289	0	24.336
swarm_79_27.pdb	19.725	35.066	0	23.960
swarm_57_14.pdb	18.891	42.422	0	23.862
swarm_54_66.pdb	11.319	24.536	0	23.847
swarm_54_111.pdb	17.199	26.949	0	23.788
swarm_76_114.pdb	13.096	29.716	0.0294118	23.742
swarm_60_157.pdb	16.435	31.121	0	23.688
swarm_72_182.pdb	15.484	33.654	0.0294118	23.495
swarm_36_163.pdb	10.074	14.525	0.102941	23.457
swarm_78_37.pdb	8.023	10.816	0.0147059	23.455
swarm_3_115.pdb	8.398	16.073	0.0294118	23.438
swarm_52_17.pdb	12.489	32.537	0	23.391
swarm_20_67.pdb	16.624	37.141	0.0588235	23.327
swarm_15_66.pdb	15.140	36.952	0	23.268
swarm_57_63.pdb	17.342	31.991	0	23.110
swarm_54_148.pdb	11.800	17.893	0.0147059	22.976
swarm_18_158.pdb	20.731	32.110	0	22.974
swarm_2_20.pdb	18.230	30.030	0	22.952
swarm_79_83.pdb	16.202	38.060	0	22.771
swarm_44_137.pdb	14.428	23.546	0	22.687
swarm_53_88.pdb	13.913	35.480	0	22.673
swarm_54_185.pdb	18.160	28.709	0	22.644
swarm_18_80.pdb	14.451	31.517	0.0735294	22.606
swarm_33_51.pdb	16.210	32.154	0	22.594
swarm_15_113.pdb	9.148	31.968	0.0441176	22.428
swarm_30_22.pdb	13.193	18.928	0	22.372
swarm_79_76.pdb	9.491	28.549	0	22.343
swarm_37_75.pdb	19.121	31.055	0	22.304
swarm_66_123.pdb	14.664	27.656	0	22.283
swarm_79_46.pdb	11.780	34.221	0	22.218
swarm_33_143.pdb	21.652	40.294	0	22.206
swarm_66_126.pdb	11.278	22.019	0.0147059	22.120
swarm_21_85.pdb	21.487	47.973	0	22.071
swarm_9_100.pdb	14.045	30.988	0	22.040
swarm_80_153.pdb	13.622	36.723	0	21.994
swarm_33_87.pdb	19.887	34.468	0	21.752
swarm_78_128.pdb	9.241	13.005	0.132353	21.729
swarm_53_130.pdb	7.459	22.557	0	21.726
swarm_36_97.pdb	9.508	20.264	0	21.710
swarm_76_32.pdb	20.107	31.291	0	21.571
swarm_32_67.pdb	7.406	12.896	0.0735294	21.451
swarm_8_72.pdb	14.370	42.654	0	21.270
swarm_18_140.pdb	12.942	21.070	0	21.224
swarm_0_19.pdb	12.225	34.406	0	21.186
swarm_18_138.pdb	19.188	35.266	0	21.151
swarm_2_163.pdb	13.190	18.817	0	21.097
swarm_22_148.pdb	13.936	40.757	0.0147059	21.072
swarm_15_190.pdb	14.245	38.560	0	20.979
swarm_64_3.pdb	21.826	38.430	0	20.873
swarm_57_118.pdb	17.888	37.680	0	20.815
swarm_4_163.pdb	12.266	20.620	0	20.712
swarm_44_141.pdb	14.749	37.243	0	20.695
swarm_3_168.pdb	18.785	29.688	0	20.665
swarm_72_22.pdb	15.720	31.410	0.0147059	20.649
swarm_67_0.pdb	19.370	39.440	0	20.531
swarm_37_127.pdb	9.610	12.556	0.0735294	20.494
swarm_15_1.pdb	10.943	28.606	0.0294118	20.446
swarm_15_172.pdb	17.025	31.629	0.0147059	20.436
swarm_48_38.pdb	24.168	40.805	0	20.346
swarm_71_180.pdb	16.804	35.096	0	20.334
swarm_3_8.pdb	18.962	28.885	0	20.330
swarm_20_26.pdb	21.740	41.339	0	19.958
swarm_76_52.pdb	10.396	24.153	0.0147059	19.933
swarm_35_79.pdb	13.461	26.961	0.0147059	19.717
swarm_25_165.pdb	11.948	37.559	0	19.604
swarm_37_103.pdb	9.971	16.644	0.0441176	19.532
swarm_20_167.pdb	21.542	42.115	0	19.483
swarm_15_65.pdb	21.717	40.850	0	19.483
swarm_15_150.pdb	15.710	44.538	0	19.459
swarm_69_170.pdb	17.840	30.951	0	19.403
swarm_37_189.pdb	16.047	31.558	0	19.401
swarm_62_169.pdb	21.278	38.453	0	19.269
swarm_69_198.pdb	15.958	38.728	0	19.214
swarm_71_21.pdb	15.719	41.867	0	19.176
swarm_44_73.pdb	11.106	24.101	0.0147059	19.067
swarm_78_99.pdb	19.619	30.584	0	19.056
swarm_60_49.pdb	22.182	36.735	0	19.053
swarm_64_13.pdb	14.542	39.135	0.0147059	18.999
swarm_52_173.pdb	21.738	38.632	0	18.990
swarm_32_188.pdb	13.640	24.035	0	18.980
swarm_54_167.pdb	18.325	26.613	0	18.788
swarm_69_82.pdb	16.785	34.651	0	18.728
swarm_53_93.pdb	22.723	38.313	0	18.549
swarm_43_75.pdb	14.668	23.927	0	18.502
swarm_8_55.pdb	11.072	35.697	0	18.443
swarm_15_38.pdb	20.553	36.227	0	18.339
swarm_64_150.pdb	19.706	37.814	0	18.245
swarm_33_64.pdb	19.366	35.390	0	17.977
swarm_66_11.pdb	13.701	18.887	0	17.920
swarm_55_141.pdb	8.468	21.555	0.117647	17.880
swarm_3_128.pdb	18.214	29.041	0	17.836
swarm_32_159.pdb	17.595	30.978	0	17.816
swarm_26_184.pdb	14.768	51.032	0	17.680
swarm_13_38.pdb	9.840	26.102	0	17.612
swarm_72_32.pdb	14.975	33.217	0.0294118	17.593
swarm_3_116.pdb	18.207	31.488	0	17.445
swarm_33_7.pdb	17.149	28.191	0	17.439
swarm_33_163.pdb	17.872	29.800	0	17.358
swarm_69_188.pdb	11.693	28.139	0	17.292
swarm_69_78.pdb	15.721	34.944	0.0294118	17.263
swarm_71_19.pdb	12.693	25.957	0	17.205
swarm_52_6.pdb	21.434	36.227	0	17.152
swarm_57_152.pdb	22.410	42.360	0	17.113
swarm_35_44.pdb	17.612	30.802	0.117647	17.106
swarm_75_70.pdb	15.727	44.431	0	17.099
swarm_37_156.pdb	13.162	22.910	0	17.089
swarm_83_140.pdb	14.833	27.392	0	17.074
swarm_54_152.pdb	15.333	28.711	0.0147059	17.064
swarm_26_22.pdb	17.532	46.528	0	17.046
swarm_69_197.pdb	20.595	35.153	0	17.043
swarm_79_96.pdb	21.418	34.161	0	17.023
swarm_72_191.pdb	11.187	24.375	0	17.023
swarm_18_129.pdb	15.275	33.912	0	17.020
swarm_74_114.pdb	16.252	36.252	0	16.891
swarm_71_47.pdb	17.629	36.843	0	16.876
swarm_69_150.pdb	16.351	31.666	0	16.868
swarm_32_163.pdb	21.668	32.389	0	16.860
swarm_37_47.pdb	17.876	30.008	0	16.716
swarm_66_10.pdb	11.052	19.277	0.0147059	16.602
swarm_18_157.pdb	20.756	31.128	0	16.601
swarm_2_133.pdb	17.288	29.530	0.0147059	16.574
swarm_44_55.pdb	18.254	27.764	0	16.398
swarm_37_61.pdb	17.109	26.862	0	16.144
swarm_50_138.pdb	22.413	34.235	0	15.726
swarm_80_139.pdb	11.797	31.038	0.0147059	15.691
swarm_79_175.pdb	12.083	23.839	0	15.585
swarm_83_69.pdb	19.820	31.892	0	15.578
swarm_69_112.pdb	16.257	38.325	0	15.495
swarm_13_84.pdb	21.684	37.052	0	15.493
swarm_32_4.pdb	21.915	35.966	0	15.333
swarm_60_155.pdb	22.883	40.751	0	15.301
swarm_36_138.pdb	20.959	31.467	0	15.234
swarm_79_180.pdb	13.077	28.643	0	15.114
swarm_43_9.pdb	16.423	26.041	0	15.065
swarm_53_129.pdb	13.438	22.689	0	14.941
swarm_44_27.pdb	18.164	32.367	0	14.726
swarm_59_77.pdb	16.080	31.552	0.0147059	14.466
swarm_53_78.pdb	20.976	38.030	0	14.333
swarm_15_7.pdb	16.025	36.996	0	14.306
swarm_27_120.pdb	9.639	21.370	0	14.296
swarm_24_152.pdb	14.295	44.351	0.0147059	13.881
swarm_57_185.pdb	21.930	36.893	0	13.647
swarm_37_24.pdb	12.304	20.465	0.0735294	13.579
swarm_61_82.pdb	19.585	38.503	0	13.492
swarm_37_137.pdb	17.485	28.479	0	13.483
swarm_31_25.pdb	14.649	49.678	0	13.483
swarm_2_26.pdb	20.586	29.427	0	13.438
swarm_66_17.pdb	12.339	21.219	0.0441176	12.667
swarm_44_129.pdb	15.416	29.115	0	12.527
swarm_71_134.pdb	15.862	37.873	0.0147059	12.317
swarm_16_73.pdb	19.926	30.353	0	12.126
swarm_43_25.pdb	17.756	32.546	0	11.600
swarm_61_185.pdb	20.169	36.534	0	11.434
swarm_18_199.pdb	20.672	34.701	0	10.750
swarm_35_161.pdb	17.140	27.629	0	10.710
swarm_35_5.pdb	8.849	15.787	0.0294118	7.808
swarm_32_124.pdb	20.148	32.267	0.0147059	3.834
swarm_18_7.pdb	18.466	35.154	0	1.818
