run1-swarm_16_38.pdb	10.758	21.930	0	31.785
run1-swarm_20_44.pdb	4.499	23.890	0.162162	29.151
run1-swarm_50_103.pdb	9.421	21.649	0	28.077
run1-swarm_1_189.pdb	10.846	21.762	0	28.056
run1-swarm_18_61.pdb	3.927	22.277	0.189189	27.899
run1-swarm_37_149.pdb	4.701	25.121	0.162162	27.473
run1-swarm_38_44.pdb	4.710	25.642	0.135135	27.347
run1-swarm_34_4.pdb	10.610	21.224	0	27.282
run1-swarm_40_112.pdb	3.938	22.790	0.162162	27.194
run1-swarm_37_35.pdb	8.985	26.968	0	27.141
run1-swarm_45_77.pdb	10.388	20.597	0	27.099
run1-swarm_10_89.pdb	4.028	14.135	0.108108	26.995
run1-swarm_13_194.pdb	6.003	41.187	0.189189	26.524
run1-swarm_40_152.pdb	9.816	24.917	0	26.486
run1-swarm_50_114.pdb	8.778	23.667	0	26.129
run1-swarm_32_39.pdb	9.039	16.564	0	25.634
run1-swarm_23_138.pdb	4.333	22.293	0.162162	25.615
run1-swarm_0_49.pdb	10.058	19.746	0	25.493
run1-swarm_11_135.pdb	1.969	5.129	0.675676	25.491
run1-swarm_34_79.pdb	10.015	33.182	0	25.485
run1-swarm_18_83.pdb	8.512	22.627	0	25.240
run1-swarm_41_87.pdb	7.707	45.618	0.0540541	25.201
run1-swarm_50_106.pdb	2.140	7.869	0.702703	25.138
run1-swarm_27_60.pdb	9.853	26.178	0	25.065
run1-swarm_10_150.pdb	4.024	22.087	0.540541	25.057
run1-swarm_57_182.pdb	4.718	29.036	0.27027	25.034
run1-swarm_10_146.pdb	8.469	24.553	0	25.023
run1-swarm_27_67.pdb	5.005	31.972	0.297297	25.005
run1-swarm_35_131.pdb	10.282	32.060	0	24.402
run1-swarm_38_121.pdb	8.530	28.890	0	24.401
run1-swarm_47_168.pdb	9.621	26.639	0	24.389
run1-swarm_55_55.pdb	4.154	24.722	0.216216	24.364
run1-swarm_36_165.pdb	2.367	11.223	0.405405	24.358
run1-swarm_25_75.pdb	6.388	42.546	0.189189	24.300
run1-swarm_35_92.pdb	10.015	20.596	0	24.229
run1-swarm_24_110.pdb	5.400	35.368	0.162162	24.118
run1-swarm_2_64.pdb	8.109	49.151	0.027027	24.068
run1-swarm_0_94.pdb	9.622	24.143	0	24.005
run1-swarm_21_158.pdb	8.838	29.748	0	23.876
run1-swarm_57_116.pdb	7.641	44.835	0.0540541	23.780
run1-swarm_56_177.pdb	8.767	21.312	0	23.751
run1-swarm_36_24.pdb	4.954	25.371	0.216216	23.740
run1-swarm_48_119.pdb	6.865	37.583	0	23.436
run1-swarm_18_78.pdb	8.403	22.902	0	23.214
run1-swarm_42_180.pdb	4.859	32.251	0.189189	22.913
run1-swarm_16_32.pdb	5.340	26.541	0.0540541	22.630
run1-swarm_40_9.pdb	5.288	30.368	0.135135	22.545
run1-swarm_13_191.pdb	8.070	49.539	0.0540541	22.474
run1-swarm_30_104.pdb	7.613	45.003	0	22.450
run1-swarm_50_7.pdb	4.561	23.623	0.405405	22.437
run1-swarm_18_143.pdb	9.773	21.399	0	22.212
run1-swarm_20_87.pdb	9.323	30.708	0	22.183
run1-swarm_56_42.pdb	4.482	26.981	0.189189	22.076
run1-swarm_38_176.pdb	5.301	25.296	0.135135	21.915
run1-swarm_24_123.pdb	10.106	21.392	0	21.843
run1-swarm_14_188.pdb	7.886	48.268	0.0540541	21.490
run1-swarm_20_52.pdb	7.527	18.818	0	21.486
run1-swarm_16_122.pdb	8.455	29.549	0	21.274
run1-swarm_51_13.pdb	6.156	34.826	0.0540541	21.133
run1-swarm_44_89.pdb	8.467	50.970	0	21.059
run1-swarm_23_79.pdb	8.695	25.396	0	21.046
run1-swarm_1_107.pdb	9.118	28.153	0	20.979
run1-swarm_32_59.pdb	7.089	20.708	0	20.918
run1-swarm_33_47.pdb	1.495	4.211	0.783784	20.655
run1-swarm_55_177.pdb	7.508	31.201	0.0540541	20.607
run1-swarm_42_192.pdb	7.304	32.668	0	20.564
run1-swarm_45_93.pdb	10.299	23.468	0	20.288
run1-swarm_57_180.pdb	7.401	36.406	0	20.244
run1-swarm_32_177.pdb	3.964	18.053	0.135135	20.078
run1-swarm_0_44.pdb	9.601	26.418	0	20.044
run1-swarm_6_9.pdb	1.465	3.314	0.810811	19.978
run1-swarm_10_199.pdb	8.260	23.078	0.027027	19.792
run1-swarm_8_197.pdb	6.197	28.246	0	19.378
run1-swarm_41_30.pdb	5.907	43.240	0.297297	19.324
run1-swarm_46_51.pdb	3.008	9.993	0.27027	19.302
run1-swarm_35_88.pdb	5.499	36.592	0.297297	19.207
run1-swarm_31_41.pdb	8.728	28.321	0	19.176
run1-swarm_38_20.pdb	8.596	26.887	0	19.027
run1-swarm_36_28.pdb	7.435	17.938	0	18.592
run1-swarm_15_29.pdb	8.461	51.206	0.0540541	18.274
run1-swarm_11_106.pdb	8.404	22.708	0	18.207
run1-swarm_48_136.pdb	7.578	47.670	0.162162	18.174
run1-swarm_55_163.pdb	8.514	25.077	0	18.083
run1-swarm_22_35.pdb	6.630	25.350	0	16.883
run1-swarm_9_139.pdb	10.112	23.954	0	16.840
run1-swarm_53_148.pdb	7.431	39.239	0	16.793
run1-swarm_9_198.pdb	12.090	37.840	0	16.677
run1-swarm_36_193.pdb	7.219	32.570	0.0810811	16.667
run1-swarm_10_160.pdb	2.669	9.313	0.702703	16.193
run1-swarm_32_79.pdb	5.733	34.067	0.0540541	15.493
run1-swarm_32_140.pdb	10.052	30.922	0	15.470
run1-swarm_16_147.pdb	8.829	22.991	0	15.262
run1-swarm_54_158.pdb	8.309	14.858	0	15.258
run1-swarm_7_43.pdb	3.397	20.891	0.486486	15.133
run1-swarm_48_54.pdb	8.848	30.638	0	15.068
run1-swarm_30_177.pdb	4.520	33.502	0.486486	14.639
run1-swarm_25_100.pdb	11.093	51.902	0	14.436
run1-swarm_48_61.pdb	7.769	36.375	0.027027	14.397
run1-swarm_11_71.pdb	1.899	6.081	0.513514	14.311
run1-swarm_43_182.pdb	7.692	19.457	0	14.194
run1-swarm_6_187.pdb	8.423	21.082	0.027027	13.750
run1-swarm_27_29.pdb	9.737	28.116	0	13.380
run1-swarm_46_138.pdb	5.225	7.649	0.027027	13.006
run1-swarm_23_112.pdb	5.658	34.577	0.108108	12.922
run1-swarm_47_152.pdb	13.123	37.994	0	12.780
run1-swarm_9_3.pdb	9.340	32.841	0	12.170
run1-swarm_40_76.pdb	7.681	26.158	0.0810811	11.615
run1-swarm_43_49.pdb	4.490	27.778	0.702703	8.807
run1-swarm_35_32.pdb	6.236	27.569	0.0810811	5.874
run1-swarm_48_149.pdb	9.797	45.474	0	5.767
run1-swarm_32_95.pdb	7.499	23.505	0	3.159
run1-swarm_24_80.pdb	7.397	25.801	0	2.787
run1-swarm_40_168.pdb	5.352	11.849	0.108108	0.937
run1-swarm_33_160.pdb	8.029	25.802	0.0540541	0.688
