swarm_1_55.pdb	15.881	37.506	0	35.197
swarm_12_110.pdb	12.456	42.358	0	33.398
swarm_6_192.pdb	12.508	47.550	0	33.162
swarm_31_50.pdb	12.486	32.360	0	32.340
swarm_4_15.pdb	12.643	29.136	0	31.762
swarm_31_62.pdb	14.230	34.995	0	31.528
swarm_19_38.pdb	10.150	22.113	0	31.240
swarm_14_70.pdb	18.307	40.038	0	30.080
swarm_35_27.pdb	13.013	31.253	0	29.905
swarm_11_116.pdb	12.214	37.354	0	29.693
swarm_24_198.pdb	20.179	46.436	0	29.651
swarm_27_118.pdb	15.963	37.542	0	29.435
swarm_11_159.pdb	17.040	37.815	0	29.351
swarm_32_125.pdb	16.875	41.892	0	29.136
swarm_18_175.pdb	9.896	26.591	0	28.165
swarm_33_128.pdb	14.353	33.887	0	28.155
swarm_20_176.pdb	12.295	39.503	0	28.136
swarm_26_190.pdb	9.027	41.413	0.0540541	27.996
swarm_14_152.pdb	13.919	31.764	0	27.993
swarm_25_40.pdb	9.717	36.847	0	27.895
swarm_18_144.pdb	14.910	34.921	0	27.453
swarm_24_45.pdb	13.793	52.501	0	27.183
swarm_1_164.pdb	11.363	46.541	0.027027	27.169
swarm_34_168.pdb	10.980	36.217	0.027027	27.131
swarm_20_40.pdb	13.279	32.885	0.0540541	26.808
swarm_1_81.pdb	16.525	36.435	0	26.793
swarm_19_143.pdb	10.984	39.404	0	26.415
swarm_21_141.pdb	16.838	35.843	0	26.295
swarm_32_122.pdb	14.307	48.164	0	26.285
swarm_31_44.pdb	17.881	35.986	0	25.898
swarm_33_193.pdb	12.216	32.818	0	25.605
swarm_25_5.pdb	12.349	32.711	0.027027	25.538
swarm_12_183.pdb	19.211	45.354	0	25.482
swarm_13_41.pdb	11.087	41.954	0.0810811	25.460
swarm_11_128.pdb	19.028	39.454	0	25.414
swarm_10_36.pdb	14.906	41.491	0	25.334
swarm_9_134.pdb	14.310	34.308	0	25.110
swarm_33_70.pdb	9.571	34.249	0.027027	25.085
swarm_35_75.pdb	12.532	32.897	0.027027	24.967
swarm_36_115.pdb	15.607	35.111	0	24.946
swarm_21_185.pdb	9.838	42.675	0	24.911
swarm_14_176.pdb	14.943	36.197	0	24.857
swarm_34_3.pdb	14.024	34.608	0	24.527
swarm_36_125.pdb	14.189	33.215	0	24.423
swarm_36_50.pdb	10.206	38.684	0	24.360
swarm_6_61.pdb	14.927	44.942	0	24.267
swarm_35_177.pdb	15.570	32.858	0	24.217
swarm_8_64.pdb	8.930	32.574	0.162162	24.044
swarm_27_32.pdb	12.053	48.923	0	24.025
swarm_8_179.pdb	12.241	33.085	0	23.998
swarm_26_33.pdb	11.179	33.857	0.108108	23.973
swarm_17_118.pdb	13.170	40.045	0	23.952
swarm_14_127.pdb	13.197	49.118	0.0540541	23.855
swarm_27_87.pdb	17.451	38.440	0	23.819
swarm_19_167.pdb	15.965	32.538	0	23.756
swarm_26_34.pdb	13.148	33.641	0	23.670
swarm_10_5.pdb	15.529	31.689	0	23.568
swarm_33_65.pdb	12.756	40.755	0.0810811	23.116
swarm_21_91.pdb	19.713	40.086	0	22.845
swarm_21_105.pdb	13.382	46.718	0	22.833
swarm_19_25.pdb	12.324	33.241	0	22.831
swarm_9_125.pdb	13.474	32.362	0	22.811
swarm_35_159.pdb	10.942	26.027	0	22.803
swarm_9_129.pdb	12.424	26.556	0	22.774
swarm_34_25.pdb	19.625	35.497	0	22.768
swarm_34_159.pdb	19.262	36.399	0	22.714
swarm_16_115.pdb	13.317	46.559	0	22.661
swarm_1_83.pdb	10.302	39.116	0	22.576
swarm_23_36.pdb	13.289	32.311	0	22.555
swarm_15_50.pdb	14.052	31.639	0	22.415
swarm_1_7.pdb	14.649	39.663	0	22.412
swarm_32_46.pdb	13.670	42.762	0	22.328
swarm_20_129.pdb	16.332	32.290	0	22.271
swarm_20_144.pdb	15.596	35.120	0	22.266
swarm_30_86.pdb	14.942	39.222	0	22.231
swarm_26_3.pdb	12.661	32.823	0	22.105
swarm_23_135.pdb	13.172	39.259	0	21.984
swarm_23_12.pdb	11.939	35.802	0.0540541	21.972
swarm_29_5.pdb	10.966	33.932	0	21.940
swarm_10_55.pdb	15.384	37.756	0	21.933
swarm_36_76.pdb	14.583	40.009	0	21.910
swarm_18_75.pdb	13.050	31.903	0	21.826
swarm_30_46.pdb	17.441	37.365	0	21.709
swarm_23_22.pdb	9.869	26.889	0	21.658
swarm_3_44.pdb	11.941	37.207	0	21.569
swarm_26_159.pdb	17.574	33.128	0	21.510
swarm_18_110.pdb	14.407	33.061	0	21.475
swarm_13_21.pdb	12.567	23.743	0	21.432
swarm_25_38.pdb	8.547	39.126	0.216216	21.417
swarm_7_18.pdb	10.783	28.443	0	21.404
swarm_11_125.pdb	14.239	37.282	0	21.402
swarm_10_107.pdb	20.111	46.945	0	21.327
swarm_30_73.pdb	16.750	33.480	0	21.266
swarm_17_173.pdb	10.199	40.276	0	21.265
swarm_12_37.pdb	8.910	49.482	0.0540541	21.262
swarm_24_48.pdb	16.357	39.906	0	21.228
swarm_9_84.pdb	14.353	37.487	0	21.182
swarm_0_182.pdb	15.429	35.011	0	20.918
swarm_15_144.pdb	12.277	24.135	0	20.852
swarm_1_119.pdb	13.725	32.765	0	20.829
swarm_21_25.pdb	18.655	43.018	0	20.738
swarm_26_97.pdb	14.908	33.354	0	20.709
swarm_11_21.pdb	10.104	25.191	0	20.702
swarm_35_20.pdb	10.125	28.587	0	20.652
swarm_15_160.pdb	12.102	34.591	0	20.522
swarm_36_63.pdb	14.583	41.247	0	20.334
swarm_36_184.pdb	8.679	42.811	0.027027	20.268
swarm_15_152.pdb	11.881	31.242	0.0810811	20.262
swarm_13_73.pdb	17.744	33.922	0	20.200
swarm_13_185.pdb	15.696	38.290	0	20.181
swarm_35_52.pdb	13.208	38.037	0	20.134
swarm_25_84.pdb	10.687	22.185	0	20.120
swarm_5_71.pdb	12.391	40.041	0.027027	20.007
swarm_6_156.pdb	20.623	44.325	0	19.978
swarm_34_47.pdb	12.403	33.616	0	19.911
swarm_1_80.pdb	18.543	37.947	0	19.910
swarm_21_179.pdb	15.319	45.693	0	19.905
swarm_6_9.pdb	21.823	52.166	0	19.896
swarm_10_28.pdb	19.221	40.787	0	19.856
swarm_5_174.pdb	16.910	43.564	0	19.845
swarm_9_6.pdb	17.798	38.415	0	19.844
swarm_7_122.pdb	12.466	38.793	0	19.810
swarm_4_0.pdb	9.949	28.269	0	19.808
swarm_4_131.pdb	12.680	41.170	0	19.752
swarm_27_27.pdb	19.968	39.950	0	19.728
swarm_8_117.pdb	13.328	24.823	0	19.674
swarm_9_175.pdb	14.367	37.199	0	19.602
swarm_29_117.pdb	11.859	31.644	0	19.586
swarm_20_66.pdb	11.226	44.860	0	19.561
swarm_25_189.pdb	11.820	32.431	0.135135	19.541
swarm_23_136.pdb	9.292	41.045	0.027027	19.534
swarm_11_103.pdb	16.023	34.641	0	19.507
swarm_9_196.pdb	8.953	21.460	0	19.474
swarm_34_78.pdb	16.659	33.812	0	19.454
swarm_8_176.pdb	13.186	34.208	0	19.439
swarm_7_135.pdb	13.902	30.774	0	19.379
swarm_21_125.pdb	9.669	47.937	0.189189	19.300
swarm_5_143.pdb	17.649	38.788	0	19.265
swarm_16_83.pdb	17.546	43.568	0	19.201
swarm_36_182.pdb	14.269	34.910	0	19.180
swarm_9_27.pdb	17.137	36.921	0	19.176
swarm_21_65.pdb	15.670	45.553	0	19.064
swarm_16_0.pdb	14.996	34.915	0	19.061
swarm_14_31.pdb	11.660	46.632	0	18.959
swarm_19_175.pdb	17.635	37.535	0	18.947
swarm_31_30.pdb	11.173	36.589	0.135135	18.807
swarm_21_116.pdb	17.198	38.010	0	18.790
swarm_32_195.pdb	12.109	35.365	0	18.780
swarm_20_14.pdb	13.092	29.090	0	18.661
swarm_21_129.pdb	20.801	44.645	0	18.610
swarm_14_92.pdb	20.010	45.467	0	18.557
swarm_23_172.pdb	12.661	26.540	0	18.500
swarm_22_81.pdb	9.574	51.751	0.027027	18.496
swarm_32_167.pdb	8.391	34.970	0	18.484
swarm_12_128.pdb	11.088	40.664	0	18.434
swarm_8_35.pdb	11.446	28.436	0	18.267
swarm_28_120.pdb	13.233	34.737	0	18.232
swarm_15_84.pdb	12.884	31.775	0	18.223
swarm_20_115.pdb	11.261	34.408	0	18.219
swarm_1_78.pdb	12.058	35.695	0	18.165
swarm_12_102.pdb	9.444	45.106	0	18.158
swarm_25_49.pdb	13.552	26.463	0	18.046
swarm_36_189.pdb	13.275	42.404	0	17.884
swarm_9_113.pdb	15.466	33.955	0	17.875
swarm_6_21.pdb	8.399	45.433	0	17.820
swarm_29_136.pdb	14.349	32.611	0	17.767
swarm_27_62.pdb	18.390	42.242	0	17.668
swarm_30_173.pdb	15.504	32.746	0	17.635
swarm_13_46.pdb	8.511	37.397	0	17.625
swarm_22_148.pdb	23.530	50.431	0	17.603
swarm_19_117.pdb	10.854	24.772	0	17.598
swarm_5_110.pdb	8.159	44.533	0	17.461
swarm_25_102.pdb	8.521	19.699	0.027027	17.248
swarm_28_62.pdb	14.002	38.321	0	17.168
swarm_7_104.pdb	12.567	32.622	0	17.073
swarm_6_78.pdb	12.989	36.972	0	16.993
swarm_29_31.pdb	17.482	34.578	0	16.928
swarm_2_73.pdb	5.926	25.449	0.621622	16.869
swarm_35_168.pdb	12.636	32.942	0	16.851
swarm_16_81.pdb	17.699	37.075	0	16.714
swarm_32_29.pdb	17.441	41.467	0	16.695
swarm_10_194.pdb	13.615	28.774	0	16.695
swarm_13_184.pdb	16.541	32.487	0	16.674
swarm_8_37.pdb	10.131	23.203	0.0810811	16.661
swarm_9_12.pdb	13.601	29.992	0	16.587
swarm_17_171.pdb	6.501	36.531	0.108108	16.557
swarm_12_55.pdb	11.040	45.902	0	16.544
swarm_19_76.pdb	12.415	36.012	0	16.397
swarm_16_34.pdb	14.747	37.369	0	16.385
swarm_8_82.pdb	10.314	19.479	0.0810811	16.343
swarm_35_76.pdb	14.004	33.129	0	16.304
swarm_14_194.pdb	14.239	46.056	0	16.272
swarm_27_56.pdb	16.551	38.080	0	16.100
swarm_5_27.pdb	17.911	48.221	0	16.094
swarm_20_105.pdb	16.139	31.568	0	16.087
swarm_21_118.pdb	10.255	37.631	0.027027	16.064
swarm_10_145.pdb	19.732	40.509	0	16.056
swarm_22_72.pdb	14.484	55.273	0	16.046
swarm_1_49.pdb	15.190	41.040	0	15.772
swarm_8_43.pdb	15.318	30.255	0	15.660
swarm_16_178.pdb	7.885	31.651	0	15.642
swarm_8_49.pdb	11.484	34.348	0	15.641
swarm_18_107.pdb	14.633	34.778	0	15.635
swarm_4_126.pdb	15.422	35.009	0	15.614
swarm_0_14.pdb	17.111	39.419	0	15.518
swarm_4_186.pdb	10.180	40.997	0	15.511
swarm_11_40.pdb	8.436	24.799	0	15.488
swarm_32_40.pdb	8.654	52.890	0	15.471
swarm_21_193.pdb	14.638	47.867	0	15.386
swarm_2_112.pdb	13.496	34.827	0	15.335
swarm_15_70.pdb	12.820	39.572	0	15.311
swarm_29_4.pdb	14.035	30.885	0	15.287
swarm_36_12.pdb	13.030	41.120	0.027027	15.056
swarm_18_160.pdb	12.549	26.542	0	14.986
swarm_4_150.pdb	14.197	33.944	0	14.964
swarm_30_126.pdb	18.171	37.000	0	14.964
swarm_18_94.pdb	12.215	30.271	0	14.959
swarm_1_86.pdb	17.993	38.811	0	14.946
swarm_20_0.pdb	9.518	37.133	0	14.942
swarm_31_41.pdb	12.919	35.006	0	14.775
swarm_19_148.pdb	12.261	34.648	0	14.729
swarm_23_48.pdb	8.620	31.116	0	14.686
swarm_36_38.pdb	13.603	31.077	0	14.680
swarm_27_52.pdb	22.326	45.280	0	14.606
swarm_15_25.pdb	12.507	30.425	0	14.519
swarm_6_98.pdb	20.586	49.839	0	14.513
swarm_13_191.pdb	9.240	28.705	0	14.495
swarm_10_105.pdb	8.076	35.913	0.0540541	14.481
swarm_18_37.pdb	13.064	20.717	0	14.327
swarm_27_141.pdb	19.625	39.442	0	14.312
swarm_2_23.pdb	18.250	38.382	0	14.309
swarm_5_57.pdb	16.987	36.915	0	14.291
swarm_16_137.pdb	11.715	30.526	0	14.204
swarm_16_8.pdb	16.895	38.150	0	14.156
swarm_15_185.pdb	15.802	38.788	0	14.124
swarm_14_101.pdb	9.805	51.139	0	14.073
swarm_34_140.pdb	9.178	25.327	0.189189	14.053
swarm_32_97.pdb	11.848	50.539	0	13.985
swarm_6_147.pdb	17.171	55.281	0	13.855
swarm_20_64.pdb	7.865	28.097	0	13.763
swarm_4_160.pdb	7.181	30.805	0.027027	13.757
swarm_34_174.pdb	15.724	31.064	0	13.722
swarm_19_48.pdb	20.477	35.366	0	13.587
swarm_8_50.pdb	14.447	32.226	0	13.564
swarm_23_96.pdb	9.973	24.595	0.0540541	13.527
swarm_14_98.pdb	15.185	44.832	0	13.523
swarm_24_191.pdb	23.281	51.693	0	13.512
swarm_16_147.pdb	12.498	31.399	0	13.466
swarm_28_157.pdb	14.031	41.454	0	13.444
swarm_5_85.pdb	8.111	42.853	0.027027	13.426
swarm_16_22.pdb	9.231	41.090	0.0540541	13.264
swarm_0_85.pdb	9.857	39.957	0	13.124
swarm_29_112.pdb	10.743	29.375	0	13.051
swarm_10_60.pdb	16.278	35.307	0	12.892
swarm_28_185.pdb	10.426	33.267	0	12.865
swarm_32_42.pdb	14.247	51.414	0	12.859
swarm_4_173.pdb	16.118	34.051	0	12.838
swarm_5_46.pdb	22.531	49.603	0	12.778
swarm_16_158.pdb	19.460	44.506	0	12.691
swarm_29_9.pdb	9.620	28.190	0	12.666
swarm_8_19.pdb	11.465	21.567	0	12.626
swarm_15_128.pdb	18.615	40.422	0	12.626
swarm_30_84.pdb	14.978	38.977	0	12.488
swarm_13_76.pdb	16.491	39.218	0	12.466
swarm_28_2.pdb	6.823	37.658	0.135135	12.454
swarm_23_79.pdb	17.669	39.196	0	12.408
swarm_23_103.pdb	14.124	31.496	0	12.408
swarm_0_114.pdb	5.666	31.481	0.0540541	12.376
swarm_4_196.pdb	19.530	37.674	0	12.346
swarm_5_87.pdb	21.075	44.181	0	12.338
swarm_20_6.pdb	13.586	35.784	0	11.956
swarm_35_170.pdb	14.293	30.742	0	11.867
swarm_32_135.pdb	21.754	53.941	0	11.829
swarm_0_117.pdb	22.065	41.466	0	11.779
swarm_30_199.pdb	16.826	35.231	0	11.615
swarm_10_32.pdb	12.932	46.034	0	11.584
swarm_9_74.pdb	12.056	20.605	0	11.414
swarm_0_67.pdb	18.312	40.258	0	11.340
swarm_14_81.pdb	16.522	37.748	0	11.305
swarm_18_186.pdb	13.197	24.359	0	10.968
swarm_13_33.pdb	16.080	45.180	0	10.756
swarm_34_132.pdb	11.257	34.661	0	10.319
swarm_0_15.pdb	14.820	39.941	0	10.292
swarm_10_128.pdb	14.536	28.344	0	10.053
swarm_18_68.pdb	13.210	28.059	0.0540541	9.835
swarm_0_41.pdb	22.582	42.635	0	9.124
swarm_1_68.pdb	16.769	36.406	0	8.620
swarm_29_187.pdb	7.408	26.289	0	8.322
swarm_6_135.pdb	19.017	47.380	0	7.934
swarm_36_72.pdb	10.967	27.284	0	6.076
swarm_14_66.pdb	12.016	48.637	0	5.799
swarm_10_49.pdb	15.846	35.168	0	5.316
swarm_29_91.pdb	10.501	35.578	0	4.674
swarm_12_138.pdb	13.741	40.151	0	1.842
swarm_12_104.pdb	17.480	41.617	0	1.743
