swarm_8_161.pdb	4.278	19.341	0.162162	39.101
swarm_30_28.pdb	1.685	4.590	0.702703	38.321
swarm_22_135.pdb	6.312	31.895	0.0810811	37.245
swarm_20_57.pdb	1.902	7.727	0.675676	36.869
swarm_21_183.pdb	2.625	13.646	0.513514	36.818
swarm_12_60.pdb	5.871	28.070	0.0810811	36.770
swarm_18_53.pdb	7.650	27.673	0	36.407
swarm_37_89.pdb	4.732	25.991	0.216216	34.268
swarm_5_90.pdb	4.208	25.385	0.405405	33.542
swarm_37_183.pdb	5.092	27.804	0.243243	33.491
swarm_8_47.pdb	5.043	26.084	0.243243	33.138
swarm_9_39.pdb	4.375	22.081	0.135135	32.323
swarm_30_123.pdb	3.116	16.702	0.432432	31.350
swarm_19_133.pdb	6.332	37.611	0.162162	31.239
swarm_5_33.pdb	10.488	30.072	0	31.106
swarm_18_115.pdb	5.212	35.746	0.513514	30.911
swarm_23_181.pdb	5.527	32.500	0.189189	30.894
swarm_6_96.pdb	3.331	10.679	0.243243	30.593
swarm_18_137.pdb	4.665	30.101	0.351351	30.278
swarm_0_65.pdb	10.455	26.892	0	30.084
swarm_2_60.pdb	4.571	25.472	0.135135	30.069
swarm_22_141.pdb	2.880	13.929	0.567568	29.523
swarm_28_197.pdb	5.252	26.313	0.135135	29.174
swarm_28_78.pdb	5.101	22.940	0.135135	29.078
swarm_9_172.pdb	5.734	28.739	0.108108	29.025
swarm_28_149.pdb	3.006	15.338	0.324324	28.898
swarm_24_122.pdb	5.646	31.645	0.162162	28.878
swarm_19_168.pdb	8.955	25.740	0	28.527
swarm_24_51.pdb	3.707	22.929	0.216216	28.462
swarm_19_25.pdb	5.810	36.785	0.27027	28.209
swarm_18_54.pdb	3.986	23.548	0.216216	27.907
swarm_0_169.pdb	5.304	32.813	0.378378	27.752
swarm_37_143.pdb	8.443	24.464	0	27.677
swarm_36_186.pdb	7.060	31.294	0.0540541	27.201
swarm_25_126.pdb	4.290	27.096	0.189189	27.106
swarm_38_76.pdb	9.814	21.097	0	26.999
swarm_26_100.pdb	2.888	4.240	0.297297	26.902
swarm_24_17.pdb	9.022	27.208	0	26.880
swarm_1_77.pdb	7.338	36.471	0.027027	26.524
swarm_9_145.pdb	8.698	21.646	0	26.382
swarm_14_64.pdb	6.540	36.410	0.108108	26.260
swarm_34_169.pdb	5.050	29.859	0.0810811	26.104
swarm_12_108.pdb	8.245	23.705	0	25.786
swarm_26_135.pdb	6.980	19.057	0	25.534
swarm_2_127.pdb	4.334	26.213	0.405405	25.507
swarm_8_24.pdb	8.511	19.889	0	25.429
swarm_12_73.pdb	7.305	35.032	0.0540541	25.171
swarm_7_25.pdb	3.498	19.094	0.459459	25.170
swarm_3_106.pdb	2.113	10.437	0.648649	25.040
swarm_5_199.pdb	6.795	36.896	0.0810811	24.735
swarm_32_100.pdb	4.560	27.957	0.405405	24.261
swarm_16_110.pdb	2.675	15.348	0.594595	24.189
swarm_36_194.pdb	10.135	32.842	0	24.177
swarm_2_85.pdb	6.312	26.085	0.135135	24.096
swarm_21_12.pdb	4.561	26.453	0.243243	23.704
swarm_25_88.pdb	4.232	24.372	0.351351	23.661
swarm_16_31.pdb	8.524	23.987	0	23.526
swarm_31_157.pdb	6.230	39.849	0.162162	23.509
swarm_4_6.pdb	4.925	30.560	0.405405	23.235
swarm_22_76.pdb	5.020	31.308	0.0810811	23.171
swarm_34_105.pdb	8.830	24.232	0	22.916
swarm_11_174.pdb	4.433	26.395	0.189189	22.907
swarm_6_144.pdb	2.334	9.980	0.567568	22.791
swarm_15_76.pdb	6.283	39.780	0.0810811	22.627
swarm_8_104.pdb	8.380	27.954	0	22.617
swarm_31_167.pdb	4.496	25.427	0.432432	22.397
swarm_15_12.pdb	5.647	33.621	0.162162	21.988
swarm_26_189.pdb	3.237	22.125	0.378378	21.918
swarm_10_125.pdb	6.957	42.976	0.027027	21.095
swarm_20_170.pdb	4.216	22.498	0.405405	21.073
swarm_21_20.pdb	8.758	22.498	0	20.835
swarm_27_23.pdb	4.874	27.607	0.135135	20.727
swarm_32_105.pdb	6.179	33.733	0.0540541	20.668
swarm_23_154.pdb	6.750	34.099	0.0810811	20.622
swarm_30_10.pdb	8.314	16.667	0	20.528
swarm_26_38.pdb	2.933	18.290	0.567568	20.499
swarm_32_93.pdb	4.379	23.431	0.405405	20.231
swarm_7_140.pdb	7.276	22.515	0.027027	20.210
swarm_33_24.pdb	6.098	36.213	0.27027	20.121
swarm_29_137.pdb	6.948	38.439	0	20.097
swarm_4_78.pdb	7.082	25.336	0.108108	20.011
swarm_20_114.pdb	8.634	24.709	0	19.928
swarm_34_61.pdb	4.356	21.090	0.243243	19.592
swarm_36_197.pdb	11.585	21.526	0	19.353
swarm_25_6.pdb	6.081	25.447	0.162162	19.038
swarm_3_128.pdb	4.874	9.864	0.108108	18.771
swarm_20_137.pdb	5.803	18.224	0	18.557
swarm_21_38.pdb	7.537	17.460	0	18.541
swarm_36_38.pdb	9.635	20.297	0	18.491
swarm_27_179.pdb	2.712	16.420	0.486486	18.317
swarm_36_18.pdb	8.554	22.280	0	18.240
swarm_29_199.pdb	4.615	26.121	0.324324	18.161
swarm_0_72.pdb	9.450	31.971	0	18.133
swarm_17_171.pdb	5.476	31.825	0.162162	18.030
swarm_11_11.pdb	5.249	33.230	0.162162	17.801
swarm_23_38.pdb	9.448	33.596	0	17.757
swarm_5_198.pdb	7.729	31.553	0.027027	17.660
swarm_13_166.pdb	10.752	41.859	0	17.624
swarm_14_103.pdb	11.539	38.478	0	17.574
swarm_29_87.pdb	7.627	26.711	0.0540541	17.461
swarm_38_103.pdb	6.652	26.399	0.0540541	17.248
swarm_27_44.pdb	8.260	27.620	0	17.125
swarm_17_122.pdb	5.711	39.092	0.216216	17.103
swarm_2_8.pdb	5.490	16.843	0.135135	16.901
swarm_11_191.pdb	7.684	26.768	0.0810811	16.790
swarm_6_178.pdb	5.825	9.623	0	16.674
swarm_16_66.pdb	6.177	31.894	0.216216	16.626
swarm_26_62.pdb	8.140	19.781	0	16.566
swarm_29_122.pdb	5.894	38.791	0.27027	16.504
swarm_3_119.pdb	7.358	18.888	0	16.375
swarm_14_168.pdb	10.847	41.505	0	16.336
swarm_35_136.pdb	11.282	30.742	0	16.190
swarm_9_49.pdb	6.327	36.165	0.135135	15.684
swarm_5_180.pdb	8.399	23.588	0	15.440
swarm_6_2.pdb	7.351	22.342	0.027027	15.062
swarm_20_20.pdb	6.746	20.128	0.027027	15.060
swarm_0_109.pdb	7.027	36.197	0.027027	14.838
swarm_22_75.pdb	7.302	24.369	0	14.798
swarm_29_179.pdb	9.110	43.681	0	14.506
swarm_3_46.pdb	7.852	25.637	0	14.460
swarm_31_155.pdb	6.747	34.578	0.216216	13.505
swarm_39_152.pdb	4.401	23.338	0.189189	13.498
swarm_17_67.pdb	6.645	38.152	0.189189	13.153
swarm_32_117.pdb	7.716	23.483	0	12.963
swarm_7_151.pdb	2.640	17.484	0.567568	12.777
swarm_33_181.pdb	8.092	27.215	0	12.608
swarm_3_101.pdb	4.143	17.407	0.189189	12.606
swarm_27_55.pdb	6.457	21.056	0.027027	12.294
swarm_7_72.pdb	7.124	32.421	0.0540541	11.967
swarm_31_199.pdb	7.496	44.629	0.0810811	10.990
swarm_6_49.pdb	3.632	15.320	0.567568	10.760
swarm_36_97.pdb	8.079	34.863	0	10.588
swarm_13_92.pdb	10.857	51.178	0	9.959
swarm_0_50.pdb	12.100	39.778	0	9.298
swarm_21_141.pdb	5.889	10.981	0.027027	7.508
swarm_1_59.pdb	10.765	31.669	0	6.212
swarm_1_50.pdb	7.997	38.075	0	4.893
swarm_13_42.pdb	10.799	30.046	0	2.920
