swarm_32_155.pdb	8.673	29.820	0	35.733
swarm_41_164.pdb	10.626	21.900	0	34.182
swarm_14_29.pdb	8.827	28.700	0	33.532
swarm_1_160.pdb	10.452	22.216	0	30.794
swarm_43_124.pdb	10.556	25.557	0	29.782
swarm_7_154.pdb	9.752	23.167	0	29.184
swarm_42_194.pdb	10.529	23.089	0	27.812
swarm_42_40.pdb	10.399	21.594	0	27.276
swarm_14_96.pdb	10.311	20.927	0	26.966
swarm_43_49.pdb	10.501	22.000	0	26.743
swarm_23_72.pdb	14.550	29.611	0	26.158
swarm_0_61.pdb	9.958	23.536	0	26.130
swarm_24_91.pdb	10.735	23.837	0	26.012
swarm_14_13.pdb	10.921	24.194	0	26.006
swarm_34_102.pdb	10.411	24.035	0	25.656
swarm_18_14.pdb	10.263	22.712	0	24.348
swarm_40_36.pdb	10.832	32.775	0	24.269
swarm_32_34.pdb	10.600	21.210	0	23.725
swarm_34_31.pdb	14.733	31.748	0	23.622
swarm_43_14.pdb	8.353	18.882	0	23.019
swarm_21_173.pdb	17.757	40.544	0	22.886
swarm_1_182.pdb	18.087	39.874	0	22.824
swarm_23_88.pdb	10.540	23.269	0	22.792
swarm_14_75.pdb	11.816	29.464	0	22.175
swarm_0_15.pdb	15.773	34.143	0	22.074
swarm_0_33.pdb	11.002	21.117	0	21.924
swarm_14_91.pdb	10.619	25.775	0	20.709
swarm_18_130.pdb	9.512	18.764	0	18.842
swarm_18_189.pdb	10.927	34.595	0	18.789
swarm_15_65.pdb	18.163	43.060	0	18.484
swarm_44_134.pdb	10.601	27.613	0	18.293
swarm_37_87.pdb	10.975	30.939	0	18.087
swarm_13_26.pdb	15.611	50.350	0	17.682
swarm_41_123.pdb	12.456	27.780	0	17.486
swarm_0_55.pdb	11.299	26.579	0	16.397
swarm_32_56.pdb	12.752	29.200	0	16.038
swarm_20_181.pdb	13.770	33.096	0	15.967
swarm_23_12.pdb	12.174	30.054	0	15.360
swarm_5_22.pdb	10.448	29.167	0	15.158
swarm_40_169.pdb	9.826	29.048	0	15.138
swarm_19_34.pdb	14.458	34.352	0	14.652
swarm_23_85.pdb	10.602	26.283	0	14.487
swarm_10_44.pdb	12.452	34.290	0	14.348
swarm_34_160.pdb	12.620	31.057	0	13.487
swarm_20_24.pdb	11.517	24.921	0	11.596
swarm_5_107.pdb	11.753	25.671	0	11.490
swarm_38_153.pdb	17.632	57.268	0	1.864
swarm_20_147.pdb	14.729	32.456	0	1.281
