run1-swarm_16_38.pdb	10.758	21.930	0	31.785
run1-swarm_20_44.pdb	4.499	23.890	0.162162	29.151
run0-swarm_11_53.pdb	2.173	10.065	0.675676	28.873
run0-swarm_32_104.pdb	4.141	17.736	0.162162	28.758
run0-swarm_30_164.pdb	5.061	34.117	0.486486	28.256
run1-swarm_50_103.pdb	9.421	21.649	0	28.077
run1-swarm_1_189.pdb	10.846	21.762	0	28.056
run0-swarm_31_9.pdb	7.497	20.294	0	27.975
run1-swarm_18_61.pdb	3.927	22.277	0.189189	27.899
run1-swarm_37_149.pdb	4.701	25.121	0.162162	27.473
run1-swarm_38_44.pdb	4.710	25.642	0.135135	27.347
run1-swarm_34_4.pdb	10.610	21.224	0	27.282
run1-swarm_40_112.pdb	3.938	22.790	0.162162	27.194
run1-swarm_37_35.pdb	8.985	26.968	0	27.141
run1-swarm_45_77.pdb	10.388	20.597	0	27.099
run0-swarm_34_116.pdb	4.766	26.967	0.108108	27.073
run0-swarm_31_116.pdb	2.437	12.908	0.648649	27.004
run1-swarm_10_89.pdb	4.028	14.135	0.108108	26.995
run0-swarm_28_166.pdb	5.001	33.389	0.459459	26.725
run1-swarm_13_194.pdb	6.003	41.187	0.189189	26.524
run1-swarm_40_152.pdb	9.816	24.917	0	26.486
run0-swarm_19_64.pdb	5.365	35.101	0.324324	26.338
run1-swarm_50_114.pdb	8.778	23.667	0	26.129
run0-swarm_17_153.pdb	4.535	27.325	0.189189	25.841
run0-swarm_9_43.pdb	5.155	35.223	0.405405	25.837
run1-swarm_32_39.pdb	9.039	16.564	0	25.634
run1-swarm_23_138.pdb	4.333	22.293	0.162162	25.615
run1-swarm_0_49.pdb	10.058	19.746	0	25.493
run1-swarm_11_135.pdb	1.969	5.129	0.675676	25.491
run1-swarm_34_79.pdb	10.015	33.182	0	25.485
run1-swarm_18_83.pdb	8.512	22.627	0	25.240
run1-swarm_41_87.pdb	7.707	45.618	0.0540541	25.201
run0-swarm_13_161.pdb	8.049	18.000	0.027027	25.163
run1-swarm_50_106.pdb	2.140	7.869	0.702703	25.138
run1-swarm_27_60.pdb	9.853	26.178	0	25.065
run1-swarm_10_150.pdb	4.024	22.087	0.540541	25.057
run1-swarm_57_182.pdb	4.718	29.036	0.27027	25.034
run1-swarm_10_146.pdb	8.469	24.553	0	25.023
run1-swarm_27_67.pdb	5.005	31.972	0.297297	25.005
run0-swarm_31_35.pdb	8.008	26.327	0.0540541	24.942
run0-swarm_38_24.pdb	3.560	23.932	0.378378	24.772
run0-swarm_29_27.pdb	5.626	36.461	0.324324	24.720
run0-swarm_40_114.pdb	3.184	21.056	0.378378	24.500
run1-swarm_35_131.pdb	10.282	32.060	0	24.402
run1-swarm_38_121.pdb	8.530	28.890	0	24.401
run1-swarm_47_168.pdb	9.621	26.639	0	24.389
run1-swarm_55_55.pdb	4.154	24.722	0.216216	24.364
run1-swarm_36_165.pdb	2.367	11.223	0.405405	24.358
run1-swarm_25_75.pdb	6.388	42.546	0.189189	24.300
run1-swarm_35_92.pdb	10.015	20.596	0	24.229
run0-swarm_37_73.pdb	3.823	27.693	0.513514	24.219
run1-swarm_24_110.pdb	5.400	35.368	0.162162	24.118
run1-swarm_2_64.pdb	8.109	49.151	0.027027	24.068
run1-swarm_0_94.pdb	9.622	24.143	0	24.005
run1-swarm_21_158.pdb	8.838	29.748	0	23.876
run0-swarm_48_21.pdb	4.673	32.218	0.162162	23.839
run1-swarm_57_116.pdb	7.641	44.835	0.0540541	23.780
run1-swarm_56_177.pdb	8.767	21.312	0	23.751
run1-swarm_36_24.pdb	4.954	25.371	0.216216	23.740
run1-swarm_48_119.pdb	6.865	37.583	0	23.436
run0-swarm_14_191.pdb	3.527	10.731	0.216216	23.407
run0-swarm_48_63.pdb	5.305	37.557	0.459459	23.349
run1-swarm_18_78.pdb	8.403	22.902	0	23.214
run0-swarm_8_125.pdb	5.683	35.868	0.324324	23.143
run0-swarm_26_64.pdb	5.363	39.778	0.324324	23.007
run0-swarm_36_45.pdb	5.644	40.189	0.297297	22.983
run1-swarm_42_180.pdb	4.859	32.251	0.189189	22.913
run0-swarm_7_122.pdb	5.582	31.142	0.27027	22.849
run0-swarm_19_107.pdb	5.221	35.409	0.135135	22.836
run1-swarm_16_32.pdb	5.340	26.541	0.0540541	22.630
run1-swarm_40_9.pdb	5.288	30.368	0.135135	22.545
run1-swarm_13_191.pdb	8.070	49.539	0.0540541	22.474
run1-swarm_30_104.pdb	7.613	45.003	0	22.450
run1-swarm_50_7.pdb	4.561	23.623	0.405405	22.437
run1-swarm_18_143.pdb	9.773	21.399	0	22.212
run1-swarm_20_87.pdb	9.323	30.708	0	22.183
run1-swarm_56_42.pdb	4.482	26.981	0.189189	22.076
run0-swarm_24_163.pdb	5.166	38.413	0.405405	22.067
run0-swarm_14_54.pdb	8.195	22.572	0	22.065
run0-swarm_28_118.pdb	6.167	38.549	0.243243	22.011
run0-swarm_29_15.pdb	6.720	18.902	0	21.966
run1-swarm_38_176.pdb	5.301	25.296	0.135135	21.915
run1-swarm_24_123.pdb	10.106	21.392	0	21.843
run0-swarm_25_198.pdb	4.326	28.944	0.189189	21.729
run0-swarm_40_67.pdb	6.706	14.097	0	21.655
run0-swarm_8_12.pdb	5.673	38.148	0.135135	21.615
run0-swarm_2_110.pdb	5.396	38.468	0.405405	21.547
run1-swarm_14_188.pdb	7.886	48.268	0.0540541	21.490
run1-swarm_20_52.pdb	7.527	18.818	0	21.486
run0-swarm_32_137.pdb	3.150	15.584	0.513514	21.478
run0-swarm_37_195.pdb	5.557	30.483	0.243243	21.447
run1-swarm_16_122.pdb	8.455	29.549	0	21.274
run0-swarm_36_192.pdb	5.585	39.607	0.216216	21.245
run1-swarm_51_13.pdb	6.156	34.826	0.0540541	21.133
run1-swarm_44_89.pdb	8.467	50.970	0	21.059
run1-swarm_23_79.pdb	8.695	25.396	0	21.046
run0-swarm_40_186.pdb	6.620	18.525	0.027027	21.045
run1-swarm_1_107.pdb	9.118	28.153	0	20.979
run0-swarm_43_195.pdb	8.764	32.052	0	20.939
run1-swarm_32_59.pdb	7.089	20.708	0	20.918
run0-swarm_20_176.pdb	6.249	38.338	0	20.739
run1-swarm_33_47.pdb	1.495	4.211	0.783784	20.655
run0-swarm_3_177.pdb	6.032	43.810	0.243243	20.622
run1-swarm_55_177.pdb	7.508	31.201	0.0540541	20.607
run1-swarm_42_192.pdb	7.304	32.668	0	20.564
run1-swarm_45_93.pdb	10.299	23.468	0	20.288
run1-swarm_57_180.pdb	7.401	36.406	0	20.244
run0-swarm_26_186.pdb	5.735	39.375	0.27027	20.172
run1-swarm_32_177.pdb	3.964	18.053	0.135135	20.078
run1-swarm_0_44.pdb	9.601	26.418	0	20.044
run1-swarm_6_9.pdb	1.465	3.314	0.810811	19.978
run0-swarm_18_149.pdb	7.778	45.535	0	19.855
run1-swarm_10_199.pdb	8.260	23.078	0.027027	19.792
run0-swarm_17_60.pdb	6.424	27.315	0.0810811	19.516
run0-swarm_39_173.pdb	8.787	54.925	0	19.450
run1-swarm_8_197.pdb	6.197	28.246	0	19.378
run1-swarm_41_30.pdb	5.907	43.240	0.297297	19.324
run1-swarm_46_51.pdb	3.008	9.993	0.27027	19.302
run1-swarm_35_88.pdb	5.499	36.592	0.297297	19.207
run0-swarm_19_197.pdb	6.812	21.166	0	19.186
run1-swarm_31_41.pdb	8.728	28.321	0	19.176
run1-swarm_38_20.pdb	8.596	26.887	0	19.027
run0-swarm_41_149.pdb	6.538	15.776	0.027027	18.867
run0-swarm_25_191.pdb	5.094	35.815	0.324324	18.824
run1-swarm_36_28.pdb	7.435	17.938	0	18.592
run0-swarm_36_136.pdb	8.072	49.009	0	18.584
run0-swarm_11_25.pdb	1.765	5.999	0.513514	18.504
run0-swarm_32_16.pdb	7.539	25.784	0.0540541	18.432
run1-swarm_15_29.pdb	8.461	51.206	0.0540541	18.274
run1-swarm_11_106.pdb	8.404	22.708	0	18.207
run1-swarm_48_136.pdb	7.578	47.670	0.162162	18.174
run0-swarm_24_65.pdb	6.685	35.508	0	18.164
run1-swarm_55_163.pdb	8.514	25.077	0	18.083
run0-swarm_31_39.pdb	2.212	9.687	0.567568	17.891
run0-swarm_41_143.pdb	8.231	32.213	0	17.110
run1-swarm_22_35.pdb	6.630	25.350	0	16.883
run1-swarm_9_139.pdb	10.112	23.954	0	16.840
run0-swarm_12_60.pdb	7.747	24.448	0.0540541	16.813
run0-swarm_41_92.pdb	4.004	27.222	0.405405	16.794
run1-swarm_53_148.pdb	7.431	39.239	0	16.793
run0-swarm_25_8.pdb	5.400	38.238	0.297297	16.729
run1-swarm_9_198.pdb	12.090	37.840	0	16.677
run1-swarm_36_193.pdb	7.219	32.570	0.0810811	16.667
run0-swarm_38_32.pdb	5.191	34.107	0.27027	16.487
run1-swarm_10_160.pdb	2.669	9.313	0.702703	16.193
run0-swarm_22_11.pdb	4.323	23.870	0.378378	16.115
run0-swarm_31_49.pdb	4.162	21.936	0.378378	15.988
run0-swarm_22_125.pdb	3.586	12.851	0.297297	15.739
run0-swarm_4_108.pdb	3.180	9.198	0.432432	15.676
run1-swarm_32_79.pdb	5.733	34.067	0.0540541	15.493
run1-swarm_32_140.pdb	10.052	30.922	0	15.470
run0-swarm_29_145.pdb	6.021	24.007	0.162162	15.452
run0-swarm_13_132.pdb	4.364	21.276	0.378378	15.444
run0-swarm_47_110.pdb	7.117	20.273	0	15.393
run1-swarm_16_147.pdb	8.829	22.991	0	15.262
run1-swarm_54_158.pdb	8.309	14.858	0	15.258
run0-swarm_32_17.pdb	6.200	13.729	0.0540541	15.208
run0-swarm_0_48.pdb	5.468	31.798	0.297297	15.198
run1-swarm_7_43.pdb	3.397	20.891	0.486486	15.133
run1-swarm_48_54.pdb	8.848	30.638	0	15.068
run0-swarm_22_173.pdb	4.365	26.062	0.324324	14.883
run1-swarm_30_177.pdb	4.520	33.502	0.486486	14.639
run1-swarm_25_100.pdb	11.093	51.902	0	14.436
run0-swarm_2_129.pdb	5.676	38.402	0.216216	14.410
run1-swarm_48_61.pdb	7.769	36.375	0.027027	14.397
run0-swarm_5_171.pdb	8.318	32.794	0	14.312
run1-swarm_11_71.pdb	1.899	6.081	0.513514	14.311
run0-swarm_24_13.pdb	6.451	43.512	0.189189	14.280
run1-swarm_43_182.pdb	7.692	19.457	0	14.194
run0-swarm_17_91.pdb	6.077	26.718	0.162162	13.956
run0-swarm_11_110.pdb	7.593	20.210	0.0540541	13.935
run1-swarm_6_187.pdb	8.423	21.082	0.027027	13.750
run1-swarm_27_29.pdb	9.737	28.116	0	13.380
run0-swarm_37_97.pdb	5.542	39.682	0.162162	13.352
run0-swarm_13_107.pdb	6.157	23.807	0.189189	13.167
run1-swarm_46_138.pdb	5.225	7.649	0.027027	13.006
run1-swarm_23_112.pdb	5.658	34.577	0.108108	12.922
run1-swarm_47_152.pdb	13.123	37.994	0	12.780
run0-swarm_4_111.pdb	5.952	12.795	0.027027	12.268
run1-swarm_9_3.pdb	9.340	32.841	0	12.170
run0-swarm_18_130.pdb	6.104	43.133	0.243243	11.626
run1-swarm_40_76.pdb	7.681	26.158	0.0810811	11.615
run0-swarm_15_154.pdb	7.807	23.612	0.027027	11.143
run0-swarm_41_85.pdb	3.952	24.288	0.540541	10.190
run0-swarm_14_46.pdb	7.646	24.683	0.0810811	10.022
run0-swarm_40_105.pdb	6.434	15.626	0.0810811	8.962
run1-swarm_43_49.pdb	4.490	27.778	0.702703	8.807
run0-swarm_32_164.pdb	6.959	20.886	0.0810811	8.616
run1-swarm_35_32.pdb	6.236	27.569	0.0810811	5.874
run1-swarm_48_149.pdb	9.797	45.474	0	5.767
run0-swarm_4_88.pdb	7.432	24.267	0.027027	5.337
run0-swarm_49_81.pdb	9.632	25.552	0	4.024
run1-swarm_32_95.pdb	7.499	23.505	0	3.159
run1-swarm_24_80.pdb	7.397	25.801	0	2.787
run0-swarm_41_95.pdb	7.808	23.878	0.0540541	1.113
run1-swarm_40_168.pdb	5.352	11.849	0.108108	0.937
run1-swarm_33_160.pdb	8.029	25.802	0.0540541	0.688
run0-swarm_1_105.pdb	5.567	26.935	0.027027	0.501
run0-swarm_50_67.pdb	6.123	39.042	0.243243	0.428
