swarm_1_199.pdb	19.478	38.054	0	35.278
swarm_1_55.pdb	15.881	37.506	0	35.197
swarm_12_110.pdb	12.456	42.358	0	33.398
swarm_6_192.pdb	12.508	47.550	0	33.162
swarm_31_50.pdb	12.486	32.360	0	32.340
swarm_4_15.pdb	12.643	29.136	0	31.762
swarm_31_62.pdb	14.230	34.995	0	31.528
swarm_19_38.pdb	10.150	22.113	0	31.240
swarm_42_137.pdb	10.253	36.436	0.027027	30.966
swarm_42_26.pdb	14.160	36.574	0	30.510
swarm_24_12.pdb	11.826	33.299	0.0540541	30.420
swarm_21_78.pdb	19.205	43.186	0	30.408
swarm_14_70.pdb	18.307	40.038	0	30.080
swarm_35_27.pdb	13.013	31.253	0	29.905
swarm_40_43.pdb	15.722	42.750	0	29.852
swarm_11_116.pdb	12.214	37.354	0	29.693
swarm_24_198.pdb	20.179	46.436	0	29.651
swarm_36_125.pdb	9.059	43.850	0.027027	29.516
swarm_27_118.pdb	15.963	37.542	0	29.435
swarm_11_159.pdb	17.040	37.815	0	29.351
swarm_23_90.pdb	13.612	36.783	0.027027	29.200
swarm_32_125.pdb	16.875	41.892	0	29.136
swarm_24_118.pdb	12.050	45.069	0	29.029
swarm_41_91.pdb	12.195	32.974	0	29.013
swarm_24_147.pdb	15.040	41.470	0	28.606
swarm_7_129.pdb	9.681	32.785	0	28.605
swarm_37_32.pdb	11.279	27.254	0	28.596
swarm_12_120.pdb	11.090	34.696	0	28.560
swarm_40_0.pdb	16.394	40.896	0	28.366
swarm_32_140.pdb	14.612	37.574	0	28.165
swarm_18_175.pdb	9.896	26.591	0	28.165
swarm_33_128.pdb	14.353	33.887	0	28.155
swarm_20_176.pdb	12.295	39.503	0	28.136
swarm_34_24.pdb	18.016	40.669	0	28.074
swarm_26_190.pdb	9.027	41.413	0.0540541	27.996
swarm_14_152.pdb	13.919	31.764	0	27.993
swarm_25_40.pdb	9.717	36.847	0	27.895
swarm_33_120.pdb	13.434	34.491	0	27.623
swarm_18_144.pdb	14.910	34.921	0	27.453
swarm_29_128.pdb	11.919	31.235	0	27.451
swarm_23_88.pdb	12.581	35.902	0	27.446
swarm_19_162.pdb	13.917	34.380	0	27.274
swarm_24_45.pdb	13.793	52.501	0	27.183
swarm_1_164.pdb	11.363	46.541	0.027027	27.169
swarm_34_168.pdb	10.980	36.217	0.027027	27.131
swarm_24_190.pdb	12.498	31.609	0	27.094
swarm_37_32.pdb	11.172	27.468	0	27.087
swarm_34_54.pdb	14.797	35.174	0	27.021
swarm_15_13.pdb	13.043	45.682	0	26.855
swarm_20_40.pdb	13.279	32.885	0.0540541	26.808
swarm_0_9.pdb	9.044	42.970	0.0540541	26.804
swarm_1_81.pdb	16.525	36.435	0	26.793
swarm_28_30.pdb	14.325	37.851	0	26.783
swarm_37_14.pdb	16.949	45.241	0	26.707
swarm_36_110.pdb	17.280	37.586	0	26.663
swarm_11_48.pdb	12.343	27.810	0	26.447
swarm_19_143.pdb	10.984	39.404	0	26.415
swarm_21_141.pdb	16.838	35.843	0	26.295
swarm_32_122.pdb	14.307	48.164	0	26.285
swarm_20_24.pdb	12.854	33.175	0	26.268
swarm_47_153.pdb	17.964	44.649	0	26.201
swarm_8_168.pdb	12.148	47.271	0	26.141
swarm_42_197.pdb	13.164	38.544	0	26.038
swarm_2_44.pdb	11.402	35.205	0	26.016
swarm_34_60.pdb	13.584	33.360	0	25.957
swarm_19_150.pdb	18.674	49.708	0	25.900
swarm_31_44.pdb	17.881	35.986	0	25.898
swarm_26_64.pdb	16.819	42.446	0	25.777
swarm_33_193.pdb	12.216	32.818	0	25.605
swarm_29_51.pdb	11.463	63.911	0	25.590
swarm_25_5.pdb	12.349	32.711	0.027027	25.538
swarm_43_138.pdb	9.991	25.084	0	25.534
swarm_18_119.pdb	12.329	46.238	0	25.482
swarm_12_183.pdb	19.211	45.354	0	25.482
swarm_13_41.pdb	11.087	41.954	0.0810811	25.460
swarm_24_69.pdb	12.552	41.898	0	25.459
swarm_11_128.pdb	19.028	39.454	0	25.414
swarm_0_128.pdb	16.602	35.074	0	25.363
swarm_10_36.pdb	14.906	41.491	0	25.334
swarm_27_152.pdb	13.453	33.703	0	25.319
swarm_14_2.pdb	8.099	32.143	0	25.314
swarm_7_39.pdb	9.294	33.294	0	25.259
swarm_40_119.pdb	16.828	37.603	0	25.224
swarm_9_134.pdb	14.310	34.308	0	25.110
swarm_33_70.pdb	9.571	34.249	0.027027	25.085
swarm_5_89.pdb	11.963	46.749	0	25.050
swarm_7_30.pdb	14.760	36.496	0	25.036
swarm_35_75.pdb	12.532	32.897	0.027027	24.967
swarm_36_115.pdb	15.607	35.111	0	24.946
swarm_21_185.pdb	9.838	42.675	0	24.911
swarm_14_176.pdb	14.943	36.197	0	24.857
swarm_7_99.pdb	7.557	41.279	0.0540541	24.817
swarm_40_148.pdb	11.189	33.241	0	24.759
swarm_37_190.pdb	14.058	41.131	0	24.757
swarm_30_33.pdb	13.229	31.965	0	24.569
swarm_35_76.pdb	17.356	46.101	0	24.564
swarm_34_3.pdb	14.024	34.608	0	24.527
swarm_32_147.pdb	12.370	32.782	0	24.440
swarm_36_125.pdb	14.189	33.215	0	24.423
swarm_36_50.pdb	10.206	38.684	0	24.360
swarm_21_183.pdb	17.986	57.955	0	24.293
swarm_31_189.pdb	13.842	36.392	0	24.290
swarm_6_61.pdb	14.927	44.942	0	24.267
swarm_35_177.pdb	15.570	32.858	0	24.217
swarm_33_50.pdb	12.948	38.314	0	24.145
swarm_15_18.pdb	10.452	50.677	0.027027	24.144
swarm_7_7.pdb	13.153	44.780	0	24.068
swarm_8_64.pdb	8.930	32.574	0.162162	24.044
swarm_27_32.pdb	12.053	48.923	0	24.025
swarm_36_159.pdb	11.364	48.827	0	24.018
swarm_8_179.pdb	12.241	33.085	0	23.998
swarm_26_33.pdb	11.179	33.857	0.108108	23.973
swarm_17_118.pdb	13.170	40.045	0	23.952
swarm_10_93.pdb	15.107	37.642	0	23.923
swarm_41_18.pdb	18.749	37.559	0	23.921
swarm_33_123.pdb	13.616	34.889	0	23.909
swarm_14_127.pdb	13.197	49.118	0.0540541	23.855
swarm_27_87.pdb	17.451	38.440	0	23.819
swarm_19_167.pdb	15.965	32.538	0	23.756
swarm_10_157.pdb	17.084	43.391	0	23.676
swarm_7_44.pdb	12.256	47.859	0	23.675
swarm_26_34.pdb	13.148	33.641	0	23.670
swarm_40_27.pdb	10.652	36.731	0	23.617
swarm_10_5.pdb	15.529	31.689	0	23.568
swarm_15_134.pdb	14.004	55.443	0	23.552
swarm_36_164.pdb	12.022	41.204	0	23.409
swarm_5_110.pdb	14.597	39.892	0	23.329
swarm_33_65.pdb	12.756	40.755	0.0810811	23.116
swarm_23_58.pdb	14.373	34.375	0	23.079
swarm_42_59.pdb	19.154	36.186	0	22.993
swarm_22_95.pdb	10.832	31.508	0	22.974
swarm_35_56.pdb	16.476	46.532	0	22.965
swarm_21_178.pdb	21.120	40.864	0	22.960
swarm_34_23.pdb	12.598	35.385	0	22.935
swarm_7_181.pdb	17.995	43.845	0	22.930
swarm_35_142.pdb	14.861	34.147	0	22.877
swarm_21_91.pdb	19.713	40.086	0	22.845
swarm_21_105.pdb	13.382	46.718	0	22.833
swarm_19_25.pdb	12.324	33.241	0	22.831
swarm_9_125.pdb	13.474	32.362	0	22.811
swarm_35_159.pdb	10.942	26.027	0	22.803
swarm_9_129.pdb	12.424	26.556	0	22.774
swarm_34_25.pdb	19.625	35.497	0	22.768
swarm_40_176.pdb	8.932	32.835	0	22.759
swarm_34_159.pdb	19.262	36.399	0	22.714
swarm_23_108.pdb	12.517	51.459	0.027027	22.706
swarm_46_134.pdb	12.878	24.125	0	22.691
swarm_16_115.pdb	13.317	46.559	0	22.661
swarm_1_83.pdb	10.302	39.116	0	22.576
swarm_23_36.pdb	13.289	32.311	0	22.555
swarm_28_45.pdb	14.563	43.377	0	22.468
swarm_20_105.pdb	17.096	42.507	0	22.467
swarm_15_50.pdb	14.052	31.639	0	22.415
swarm_1_7.pdb	14.649	39.663	0	22.412
swarm_38_28.pdb	18.524	56.258	0	22.410
swarm_40_179.pdb	16.252	37.880	0	22.400
swarm_7_139.pdb	12.612	43.763	0	22.377
swarm_41_155.pdb	12.732	40.736	0.0540541	22.364
swarm_36_11.pdb	12.376	26.619	0.027027	22.337
swarm_32_46.pdb	13.670	42.762	0	22.328
swarm_33_164.pdb	13.663	38.082	0	22.299
swarm_42_104.pdb	9.529	29.649	0	22.292
swarm_33_75.pdb	10.480	41.003	0	22.276
swarm_20_129.pdb	16.332	32.290	0	22.271
swarm_20_144.pdb	15.596	35.120	0	22.266
swarm_48_171.pdb	10.999	31.241	0	22.265
swarm_12_86.pdb	8.267	44.172	0.0810811	22.243
swarm_30_86.pdb	14.942	39.222	0	22.231
swarm_43_103.pdb	9.528	34.750	0	22.190
swarm_26_3.pdb	12.661	32.823	0	22.105
swarm_23_135.pdb	13.172	39.259	0	21.984
swarm_23_12.pdb	11.939	35.802	0.0540541	21.972
swarm_29_5.pdb	10.966	33.932	0	21.940
swarm_10_55.pdb	15.384	37.756	0	21.933
swarm_36_76.pdb	14.583	40.009	0	21.910
swarm_5_42.pdb	10.542	28.831	0	21.893
swarm_35_145.pdb	14.956	39.640	0	21.891
swarm_18_19.pdb	13.790	55.148	0	21.884
swarm_46_161.pdb	12.299	28.569	0	21.840
swarm_20_12.pdb	14.354	50.483	0	21.835
swarm_18_75.pdb	13.050	31.903	0	21.826
swarm_36_5.pdb	12.352	26.545	0.027027	21.789
swarm_35_187.pdb	17.702	46.156	0	21.757
swarm_30_46.pdb	17.441	37.365	0	21.709
swarm_31_185.pdb	13.168	37.360	0	21.691
swarm_23_22.pdb	9.869	26.889	0	21.658
swarm_32_132.pdb	15.725	41.105	0	21.632
swarm_14_36.pdb	11.363	34.357	0	21.603
swarm_5_37.pdb	6.909	43.264	0.216216	21.579
swarm_3_44.pdb	11.941	37.207	0	21.569
swarm_48_14.pdb	11.565	33.330	0	21.528
swarm_26_159.pdb	17.574	33.128	0	21.510
swarm_18_110.pdb	14.407	33.061	0	21.475
swarm_43_116.pdb	13.275	28.502	0	21.456
swarm_13_21.pdb	12.567	23.743	0	21.432
swarm_10_162.pdb	8.827	53.182	0.0540541	21.426
swarm_25_38.pdb	8.547	39.126	0.216216	21.417
swarm_7_18.pdb	10.783	28.443	0	21.404
swarm_27_40.pdb	13.341	38.922	0	21.402
swarm_11_125.pdb	14.239	37.282	0	21.402
swarm_10_107.pdb	20.111	46.945	0	21.327
swarm_36_109.pdb	13.572	41.953	0	21.273
swarm_30_73.pdb	16.750	33.480	0	21.266
swarm_17_173.pdb	10.199	40.276	0	21.265
swarm_12_37.pdb	8.910	49.482	0.0540541	21.262
swarm_24_43.pdb	12.020	36.275	0	21.247
swarm_28_44.pdb	9.277	44.997	0.135135	21.232
swarm_24_48.pdb	16.357	39.906	0	21.228
swarm_16_88.pdb	10.198	30.712	0	21.213
swarm_9_84.pdb	14.353	37.487	0	21.182
swarm_45_196.pdb	9.775	30.690	0	21.175
swarm_23_15.pdb	11.812	27.719	0	21.169
swarm_10_21.pdb	8.804	23.806	0	21.116
swarm_42_105.pdb	10.224	19.956	0	21.102
swarm_37_14.pdb	12.292	28.891	0	21.039
swarm_35_175.pdb	18.358	42.284	0	21.009
swarm_4_75.pdb	21.333	58.995	0	20.980
swarm_29_70.pdb	14.236	32.312	0	20.975
swarm_0_182.pdb	15.429	35.011	0	20.918
swarm_30_40.pdb	11.213	32.792	0	20.909
swarm_1_4.pdb	12.896	30.362	0	20.888
swarm_15_144.pdb	12.277	24.135	0	20.852
swarm_1_119.pdb	13.725	32.765	0	20.829
swarm_21_163.pdb	12.673	47.596	0	20.804
swarm_31_121.pdb	9.754	26.407	0	20.768
swarm_25_138.pdb	16.276	33.331	0	20.741
swarm_21_25.pdb	18.655	43.018	0	20.738
swarm_41_40.pdb	12.748	44.669	0.027027	20.719
swarm_26_97.pdb	14.908	33.354	0	20.709
swarm_45_78.pdb	11.566	41.548	0.027027	20.705
swarm_11_21.pdb	10.104	25.191	0	20.702
swarm_29_69.pdb	12.666	38.638	0	20.680
swarm_47_46.pdb	17.790	45.485	0	20.679
swarm_35_20.pdb	10.125	28.587	0	20.652
swarm_42_169.pdb	15.402	34.900	0	20.633
swarm_37_165.pdb	13.215	41.959	0	20.620
swarm_18_182.pdb	9.765	51.595	0.0810811	20.591
swarm_28_61.pdb	14.979	53.697	0	20.578
swarm_24_52.pdb	7.618	41.563	0	20.555
swarm_22_82.pdb	16.069	39.406	0	20.544
swarm_15_160.pdb	12.102	34.591	0	20.522
swarm_48_113.pdb	18.630	49.970	0	20.403
swarm_41_112.pdb	10.805	35.009	0.135135	20.363
swarm_10_33.pdb	14.636	37.499	0	20.353
swarm_36_63.pdb	14.583	41.247	0	20.334
swarm_36_184.pdb	8.679	42.811	0.027027	20.268
swarm_15_152.pdb	11.881	31.242	0.0810811	20.262
swarm_15_174.pdb	13.190	53.234	0	20.238
swarm_13_73.pdb	17.744	33.922	0	20.200
swarm_13_185.pdb	15.696	38.290	0	20.181
swarm_35_52.pdb	13.208	38.037	0	20.134
swarm_25_84.pdb	10.687	22.185	0	20.120
swarm_47_100.pdb	17.459	50.483	0	20.096
swarm_26_106.pdb	16.832	43.988	0	20.091
swarm_8_173.pdb	14.960	46.903	0	20.087
swarm_35_43.pdb	15.805	40.242	0	20.056
swarm_43_71.pdb	10.219	46.369	0.0540541	20.051
swarm_23_28.pdb	13.224	40.036	0.189189	20.019
swarm_36_189.pdb	20.053	41.355	0	20.014
swarm_11_166.pdb	12.415	32.228	0	20.014
swarm_5_71.pdb	12.391	40.041	0.027027	20.007
swarm_6_156.pdb	20.623	44.325	0	19.978
swarm_31_182.pdb	9.177	29.485	0.108108	19.958
swarm_34_47.pdb	12.403	33.616	0	19.911
swarm_1_80.pdb	18.543	37.947	0	19.910
swarm_21_179.pdb	15.319	45.693	0	19.905
swarm_6_9.pdb	21.823	52.166	0	19.896
swarm_28_118.pdb	20.673	55.495	0	19.890
swarm_10_28.pdb	19.221	40.787	0	19.856
swarm_21_124.pdb	12.613	46.872	0	19.846
swarm_5_174.pdb	16.910	43.564	0	19.845
swarm_9_6.pdb	17.798	38.415	0	19.844
swarm_34_195.pdb	14.131	37.351	0	19.821
swarm_23_3.pdb	12.617	37.586	0	19.814
swarm_7_122.pdb	12.466	38.793	0	19.810
swarm_4_0.pdb	9.949	28.269	0	19.808
swarm_44_101.pdb	4.545	30.211	0.189189	19.785
swarm_8_29.pdb	12.284	44.473	0	19.774
swarm_19_65.pdb	17.752	38.775	0	19.768
swarm_4_131.pdb	12.680	41.170	0	19.752
swarm_40_142.pdb	11.263	43.377	0	19.746
swarm_36_100.pdb	13.542	42.196	0	19.746
swarm_27_27.pdb	19.968	39.950	0	19.728
swarm_25_139.pdb	15.571	38.605	0	19.722
swarm_19_187.pdb	12.250	34.705	0	19.704
swarm_6_130.pdb	15.806	39.344	0	19.697
swarm_45_21.pdb	14.840	36.560	0	19.688
swarm_18_65.pdb	16.159	45.817	0	19.686
swarm_8_117.pdb	13.328	24.823	0	19.674
swarm_20_10.pdb	15.506	38.538	0	19.638
swarm_11_139.pdb	11.413	37.354	0	19.603
swarm_9_175.pdb	14.367	37.199	0	19.602
swarm_29_117.pdb	11.859	31.644	0	19.586
swarm_20_66.pdb	11.226	44.860	0	19.561
swarm_25_194.pdb	10.707	36.777	0	19.551
swarm_25_189.pdb	11.820	32.431	0.135135	19.541
swarm_23_136.pdb	9.292	41.045	0.027027	19.534
swarm_36_8.pdb	11.345	40.176	0	19.531
swarm_11_103.pdb	16.023	34.641	0	19.507
swarm_38_116.pdb	11.791	60.154	0	19.490
swarm_9_196.pdb	8.953	21.460	0	19.474
swarm_34_78.pdb	16.659	33.812	0	19.454
swarm_8_176.pdb	13.186	34.208	0	19.439
swarm_28_124.pdb	6.949	38.732	0	19.427
swarm_28_88.pdb	14.624	40.439	0.027027	19.388
swarm_7_135.pdb	13.902	30.774	0	19.379
swarm_41_53.pdb	11.447	37.230	0	19.369
swarm_46_81.pdb	8.512	28.586	0	19.359
swarm_36_148.pdb	11.362	50.365	0	19.352
swarm_37_83.pdb	13.443	29.365	0	19.335
swarm_30_112.pdb	8.350	28.541	0	19.335
swarm_36_64.pdb	12.121	40.998	0	19.324
swarm_7_118.pdb	16.733	39.393	0	19.320
swarm_47_27.pdb	14.374	56.670	0	19.307
swarm_21_125.pdb	9.669	47.937	0.189189	19.300
swarm_5_143.pdb	17.649	38.788	0	19.265
swarm_46_54.pdb	15.820	35.851	0	19.264
swarm_45_192.pdb	8.337	31.675	0.027027	19.250
swarm_28_138.pdb	14.532	36.158	0.108108	19.243
swarm_25_110.pdb	14.374	36.194	0	19.232
swarm_14_26.pdb	12.617	35.470	0	19.216
swarm_16_83.pdb	17.546	43.568	0	19.201
swarm_38_140.pdb	17.533	45.362	0	19.195
swarm_24_45.pdb	18.498	40.680	0	19.189
swarm_36_182.pdb	14.269	34.910	0	19.180
swarm_9_27.pdb	17.137	36.921	0	19.176
swarm_48_136.pdb	18.381	55.898	0	19.156
swarm_21_65.pdb	15.670	45.553	0	19.064
swarm_18_166.pdb	15.191	40.156	0	19.062
swarm_16_0.pdb	14.996	34.915	0	19.061
swarm_38_165.pdb	14.003	55.683	0	19.059
swarm_37_173.pdb	14.293	33.089	0	19.051
swarm_39_193.pdb	15.158	34.373	0	19.032
swarm_20_58.pdb	20.167	42.681	0	19.004
swarm_14_31.pdb	11.660	46.632	0	18.959
swarm_19_175.pdb	17.635	37.535	0	18.947
swarm_2_178.pdb	18.491	39.338	0	18.943
swarm_24_43.pdb	12.391	35.416	0	18.917
swarm_26_141.pdb	12.336	41.214	0	18.892
swarm_46_101.pdb	12.074	38.390	0	18.859
swarm_5_29.pdb	7.119	42.903	0.108108	18.849
swarm_20_180.pdb	14.786	34.396	0	18.814
swarm_31_30.pdb	11.173	36.589	0.135135	18.807
swarm_1_99.pdb	19.462	39.036	0	18.801
swarm_21_116.pdb	17.198	38.010	0	18.790
swarm_21_93.pdb	16.102	47.232	0	18.781
swarm_32_195.pdb	12.109	35.365	0	18.780
swarm_25_63.pdb	8.867	36.527	0.0540541	18.766
swarm_32_61.pdb	12.708	39.298	0	18.741
swarm_36_144.pdb	12.668	38.779	0	18.729
swarm_12_35.pdb	14.345	36.387	0	18.725
swarm_24_21.pdb	11.707	44.964	0	18.712
swarm_23_103.pdb	13.516	45.468	0	18.674
swarm_20_14.pdb	13.092	29.090	0	18.661
swarm_35_171.pdb	13.984	30.665	0	18.660
swarm_40_52.pdb	13.762	31.196	0	18.630
swarm_21_129.pdb	20.801	44.645	0	18.610
swarm_19_51.pdb	21.084	48.007	0	18.582
swarm_14_92.pdb	20.010	45.467	0	18.557
swarm_39_132.pdb	12.316	31.897	0	18.542
swarm_19_197.pdb	11.136	39.693	0	18.521
swarm_12_20.pdb	13.409	39.377	0	18.510
swarm_9_34.pdb	9.745	38.069	0.027027	18.509
swarm_23_172.pdb	12.661	26.540	0	18.500
swarm_22_81.pdb	9.574	51.751	0.027027	18.496
swarm_32_167.pdb	8.391	34.970	0	18.484
swarm_32_24.pdb	13.669	49.688	0	18.474
swarm_44_141.pdb	8.035	41.246	0.0810811	18.466
swarm_12_128.pdb	11.088	40.664	0	18.434
swarm_5_12.pdb	8.335	37.637	0.0540541	18.419
swarm_17_72.pdb	17.994	50.131	0	18.400
swarm_43_67.pdb	12.539	33.834	0.027027	18.372
swarm_47_108.pdb	13.610	54.663	0	18.342
swarm_25_165.pdb	18.421	39.574	0	18.297
swarm_20_148.pdb	15.096	38.273	0	18.276
swarm_13_178.pdb	17.609	43.566	0	18.271
swarm_8_35.pdb	11.446	28.436	0	18.267
swarm_8_16.pdb	20.406	46.253	0	18.252
swarm_28_120.pdb	13.233	34.737	0	18.232
swarm_15_84.pdb	12.884	31.775	0	18.223
swarm_20_115.pdb	11.261	34.408	0	18.219
swarm_20_146.pdb	15.442	38.891	0	18.202
swarm_19_83.pdb	14.661	39.985	0	18.202
swarm_25_194.pdb	14.695	31.592	0	18.191
swarm_3_91.pdb	11.853	54.672	0	18.189
swarm_2_17.pdb	16.231	31.018	0	18.185
swarm_38_52.pdb	17.579	45.136	0	18.170
swarm_1_78.pdb	12.058	35.695	0	18.165
swarm_12_102.pdb	9.444	45.106	0	18.158
swarm_21_63.pdb	13.534	42.636	0	18.065
swarm_25_49.pdb	13.552	26.463	0	18.046
swarm_2_25.pdb	10.574	24.022	0	18.032
swarm_12_77.pdb	12.240	36.360	0	17.984
swarm_9_147.pdb	11.383	33.461	0	17.958
swarm_42_119.pdb	18.580	43.461	0	17.957
swarm_20_45.pdb	13.612	34.809	0	17.940
swarm_23_192.pdb	19.860	37.002	0	17.926
swarm_36_189.pdb	13.275	42.404	0	17.884
swarm_5_108.pdb	12.421	46.886	0.027027	17.879
swarm_47_58.pdb	13.410	55.151	0	17.877
swarm_9_113.pdb	15.466	33.955	0	17.875
swarm_6_98.pdb	9.995	44.360	0	17.854
swarm_20_32.pdb	17.223	39.077	0	17.838
swarm_45_160.pdb	18.921	48.558	0	17.831
swarm_6_21.pdb	8.399	45.433	0	17.820
swarm_8_3.pdb	16.007	46.064	0	17.810
swarm_6_0.pdb	10.918	38.337	0	17.801
swarm_20_133.pdb	10.510	41.969	0	17.775
swarm_29_136.pdb	14.349	32.611	0	17.767
swarm_31_141.pdb	14.290	27.956	0	17.757
swarm_25_1.pdb	16.727	40.994	0	17.733
swarm_19_161.pdb	23.191	48.801	0	17.703
swarm_0_36.pdb	11.440	51.634	0	17.689
swarm_27_62.pdb	18.390	42.242	0	17.668
swarm_30_173.pdb	15.504	32.746	0	17.635
swarm_13_46.pdb	8.511	37.397	0	17.625
swarm_29_11.pdb	13.608	31.343	0	17.616
swarm_26_178.pdb	14.611	32.732	0	17.609
swarm_22_148.pdb	23.530	50.431	0	17.603
swarm_33_197.pdb	14.466	36.531	0	17.601
swarm_19_117.pdb	10.854	24.772	0	17.598
swarm_27_11.pdb	18.199	46.045	0	17.562
swarm_44_26.pdb	13.698	38.066	0	17.544
swarm_46_126.pdb	4.365	20.732	0.0810811	17.505
swarm_28_55.pdb	18.394	46.974	0	17.495
swarm_46_49.pdb	9.952	30.051	0	17.479
swarm_30_42.pdb	15.253	34.006	0	17.470
swarm_5_110.pdb	8.159	44.533	0	17.461
swarm_36_108.pdb	14.829	42.063	0	17.461
swarm_6_58.pdb	14.511	40.308	0	17.455
swarm_44_12.pdb	15.147	29.585	0	17.445
swarm_49_127.pdb	12.558	32.552	0	17.433
swarm_20_14.pdb	21.378	44.913	0	17.364
swarm_5_161.pdb	13.606	47.756	0	17.334
swarm_22_155.pdb	9.576	26.578	0.027027	17.331
swarm_20_22.pdb	20.712	44.366	0	17.313
swarm_22_39.pdb	10.475	58.477	0	17.311
swarm_11_169.pdb	16.854	43.539	0	17.277
swarm_25_102.pdb	8.521	19.699	0.027027	17.248
swarm_24_48.pdb	11.610	39.083	0	17.244
swarm_36_197.pdb	16.089	41.392	0	17.233
swarm_36_50.pdb	12.808	38.384	0	17.201
swarm_45_140.pdb	14.903	51.217	0	17.178
swarm_28_62.pdb	14.002	38.321	0	17.168
swarm_10_177.pdb	9.300	30.482	0	17.161
swarm_38_41.pdb	22.606	60.665	0	17.131
swarm_21_35.pdb	21.055	43.763	0	17.124
swarm_24_189.pdb	17.857	45.021	0	17.117
swarm_38_69.pdb	11.750	60.121	0	17.101
swarm_7_104.pdb	12.567	32.622	0	17.073
swarm_17_100.pdb	19.859	42.521	0	17.062
swarm_49_133.pdb	9.932	28.753	0	17.059
swarm_20_198.pdb	14.999	38.325	0	17.057
swarm_23_159.pdb	21.483	43.203	0	17.038
swarm_19_44.pdb	19.774	43.765	0	17.035
swarm_35_114.pdb	16.792	38.841	0	17.029
swarm_25_8.pdb	17.383	44.265	0	17.023
swarm_17_126.pdb	9.625	51.923	0.027027	17.017
swarm_24_95.pdb	18.569	44.791	0	17.010
swarm_8_145.pdb	6.190	42.774	0.162162	17.009
swarm_6_78.pdb	12.989	36.972	0	16.993
swarm_5_20.pdb	9.304	35.900	0	16.950
swarm_18_56.pdb	16.179	38.290	0	16.945
swarm_37_130.pdb	13.353	39.442	0.027027	16.941
swarm_29_31.pdb	17.482	34.578	0	16.928
swarm_7_50.pdb	18.360	47.737	0	16.922
swarm_0_195.pdb	18.151	38.606	0	16.892
swarm_39_141.pdb	16.578	33.259	0	16.890
swarm_7_26.pdb	16.170	40.843	0	16.876
swarm_17_142.pdb	17.825	39.809	0	16.870
swarm_2_73.pdb	5.926	25.449	0.621622	16.869
swarm_19_43.pdb	15.026	39.961	0	16.856
swarm_35_168.pdb	12.636	32.942	0	16.851
swarm_20_28.pdb	15.783	36.875	0	16.845
swarm_41_12.pdb	13.833	34.094	0	16.791
swarm_30_105.pdb	14.720	45.348	0	16.777
swarm_29_121.pdb	16.003	30.262	0	16.761
swarm_24_154.pdb	13.547	40.853	0	16.760
swarm_40_55.pdb	10.669	28.441	0.027027	16.759
swarm_16_132.pdb	9.650	33.366	0	16.723
swarm_16_81.pdb	17.699	37.075	0	16.714
swarm_30_35.pdb	14.957	36.886	0	16.707
swarm_45_119.pdb	10.033	39.647	0	16.703
swarm_9_182.pdb	13.841	30.441	0	16.701
swarm_32_29.pdb	17.441	41.467	0	16.695
swarm_10_194.pdb	13.615	28.774	0	16.695
swarm_42_107.pdb	15.578	38.483	0	16.693
swarm_13_184.pdb	16.541	32.487	0	16.674
swarm_28_106.pdb	21.726	53.218	0	16.673
swarm_8_37.pdb	10.131	23.203	0.0810811	16.661
swarm_23_12.pdb	12.859	37.391	0	16.661
swarm_36_143.pdb	6.237	26.622	0.243243	16.621
swarm_19_36.pdb	7.423	34.313	0.108108	16.618
swarm_19_179.pdb	13.058	61.943	0	16.617
swarm_9_12.pdb	13.601	29.992	0	16.587
swarm_8_19.pdb	13.138	46.193	0	16.571
swarm_33_159.pdb	7.539	31.713	0.135135	16.564
swarm_36_199.pdb	6.276	26.691	0.216216	16.558
swarm_17_171.pdb	6.501	36.531	0.108108	16.557
swarm_12_55.pdb	11.040	45.902	0	16.544
swarm_33_6.pdb	12.799	32.862	0	16.541
swarm_37_10.pdb	11.862	39.311	0	16.532
swarm_0_66.pdb	18.685	39.505	0	16.502
swarm_32_1.pdb	12.904	37.744	0	16.494
swarm_17_117.pdb	17.597	53.788	0	16.491
swarm_15_137.pdb	17.798	39.751	0	16.431
swarm_25_98.pdb	18.592	39.099	0	16.404
swarm_19_76.pdb	12.415	36.012	0	16.397
swarm_44_108.pdb	10.860	27.131	0	16.392
swarm_32_66.pdb	9.847	41.053	0	16.389
swarm_16_34.pdb	14.747	37.369	0	16.385
swarm_17_56.pdb	15.113	40.805	0	16.382
swarm_9_57.pdb	18.492	39.849	0	16.376
swarm_8_82.pdb	10.314	19.479	0.0810811	16.343
swarm_19_135.pdb	16.336	36.327	0	16.316
swarm_35_76.pdb	14.004	33.129	0	16.304
swarm_47_52.pdb	16.777	42.433	0	16.299
swarm_14_194.pdb	14.239	46.056	0	16.272
swarm_16_17.pdb	13.021	32.680	0	16.237
swarm_19_96.pdb	15.128	35.097	0	16.228
swarm_44_97.pdb	11.736	23.118	0	16.227
swarm_41_73.pdb	14.318	33.651	0	16.220
swarm_18_32.pdb	18.212	41.972	0	16.160
swarm_46_171.pdb	20.066	49.870	0	16.159
swarm_30_124.pdb	17.427	43.315	0	16.146
swarm_27_56.pdb	16.551	38.080	0	16.100
swarm_5_27.pdb	17.911	48.221	0	16.094
swarm_20_105.pdb	16.139	31.568	0	16.087
swarm_23_176.pdb	9.542	34.117	0.0540541	16.077
swarm_31_30.pdb	12.969	42.550	0	16.067
swarm_21_118.pdb	10.255	37.631	0.027027	16.064
swarm_10_145.pdb	19.732	40.509	0	16.056
swarm_31_86.pdb	14.835	31.698	0.027027	16.051
swarm_22_72.pdb	14.484	55.273	0	16.046
swarm_26_92.pdb	19.804	43.809	0	16.008
swarm_33_145.pdb	15.541	50.184	0	15.989
swarm_37_120.pdb	16.468	32.707	0	15.980
swarm_40_148.pdb	11.458	24.852	0.162162	15.976
swarm_21_154.pdb	13.029	47.364	0.027027	15.940
swarm_27_145.pdb	7.464	33.379	0	15.938
swarm_45_95.pdb	17.274	39.140	0	15.935
swarm_49_180.pdb	13.091	32.522	0	15.927
swarm_47_19.pdb	19.150	49.860	0	15.899
swarm_5_18.pdb	15.156	36.007	0	15.859
swarm_1_49.pdb	15.190	41.040	0	15.772
swarm_31_135.pdb	18.552	35.592	0	15.760
swarm_48_83.pdb	12.324	29.981	0	15.756
swarm_36_62.pdb	13.594	29.910	0	15.736
swarm_46_26.pdb	7.842	18.924	0.027027	15.735
swarm_25_187.pdb	11.860	40.143	0	15.734
swarm_29_114.pdb	16.690	34.918	0	15.691
swarm_24_161.pdb	17.111	41.855	0	15.680
swarm_46_195.pdb	19.577	49.087	0	15.671
swarm_8_43.pdb	15.318	30.255	0	15.660
swarm_16_178.pdb	7.885	31.651	0	15.642
swarm_8_49.pdb	11.484	34.348	0	15.641
swarm_8_85.pdb	15.649	30.883	0	15.640
swarm_27_171.pdb	14.881	39.553	0	15.640
swarm_18_107.pdb	14.633	34.778	0	15.635
swarm_26_7.pdb	12.959	42.329	0	15.634
swarm_4_126.pdb	15.422	35.009	0	15.614
swarm_6_49.pdb	7.642	44.152	0.0810811	15.613
swarm_24_58.pdb	12.271	36.475	0	15.583
swarm_17_157.pdb	11.844	44.718	0	15.561
swarm_0_14.pdb	17.111	39.419	0	15.518
swarm_4_186.pdb	10.180	40.997	0	15.511
swarm_17_91.pdb	13.812	40.020	0	15.491
swarm_11_40.pdb	8.436	24.799	0	15.488
swarm_18_21.pdb	19.327	47.535	0	15.482
swarm_32_40.pdb	8.654	52.890	0	15.471
swarm_45_81.pdb	11.615	40.869	0	15.467
swarm_39_22.pdb	12.140	24.191	0	15.397
swarm_37_198.pdb	16.438	32.471	0	15.388
swarm_26_146.pdb	9.802	59.185	0.027027	15.388
swarm_21_193.pdb	14.638	47.867	0	15.386
swarm_17_15.pdb	11.307	48.407	0	15.361
swarm_35_190.pdb	14.630	41.460	0	15.356
swarm_2_112.pdb	13.496	34.827	0	15.335
swarm_37_160.pdb	20.101	45.472	0	15.318
swarm_5_1.pdb	20.486	44.816	0	15.314
swarm_15_70.pdb	12.820	39.572	0	15.311
swarm_29_4.pdb	14.035	30.885	0	15.287
swarm_37_0.pdb	18.696	35.541	0	15.283
swarm_40_15.pdb	19.441	44.151	0	15.253
swarm_0_98.pdb	19.463	41.238	0	15.236
swarm_20_199.pdb	16.886	42.059	0	15.212
swarm_0_188.pdb	16.064	37.376	0	15.177
swarm_23_0.pdb	17.832	29.924	0	15.173
swarm_32_32.pdb	11.681	36.279	0	15.169
swarm_25_30.pdb	20.935	52.678	0	15.162
swarm_29_106.pdb	12.590	34.818	0.108108	15.159
swarm_6_112.pdb	14.005	53.779	0	15.144
swarm_15_110.pdb	19.412	43.736	0	15.120
swarm_17_92.pdb	20.419	47.497	0	15.100
swarm_36_12.pdb	13.030	41.120	0.027027	15.056
swarm_43_145.pdb	17.411	36.839	0	15.035
swarm_10_132.pdb	11.488	37.596	0.0540541	15.031
swarm_25_140.pdb	18.898	42.522	0	15.008
swarm_17_181.pdb	12.598	52.838	0	15.003
swarm_18_160.pdb	12.549	26.542	0	14.986
swarm_11_31.pdb	12.173	57.796	0	14.984
swarm_20_165.pdb	16.402	42.724	0	14.965
swarm_4_150.pdb	14.197	33.944	0	14.964
swarm_30_126.pdb	18.171	37.000	0	14.964
swarm_18_94.pdb	12.215	30.271	0	14.959
swarm_1_86.pdb	17.993	38.811	0	14.946
swarm_20_0.pdb	9.518	37.133	0	14.942
swarm_45_101.pdb	13.489	38.405	0	14.927
swarm_28_40.pdb	6.624	40.948	0.162162	14.926
swarm_36_27.pdb	10.041	32.900	0.0810811	14.912
swarm_23_91.pdb	12.167	44.205	0	14.906
swarm_25_36.pdb	18.055	45.321	0	14.891
swarm_37_105.pdb	14.562	33.299	0	14.885
swarm_39_192.pdb	11.558	29.502	0	14.869
swarm_19_17.pdb	18.476	40.682	0	14.831
swarm_12_118.pdb	16.544	43.015	0	14.828
swarm_11_119.pdb	14.961	50.035	0	14.807
swarm_47_110.pdb	22.294	48.948	0	14.781
swarm_31_41.pdb	12.919	35.006	0	14.775
swarm_19_148.pdb	12.261	34.648	0	14.729
swarm_17_128.pdb	16.728	45.691	0	14.714
swarm_23_48.pdb	8.620	31.116	0	14.686
swarm_36_38.pdb	13.603	31.077	0	14.680
swarm_27_52.pdb	22.326	45.280	0	14.606
swarm_32_87.pdb	9.445	33.988	0.027027	14.597
swarm_16_8.pdb	22.149	62.555	0	14.587
swarm_11_117.pdb	12.965	53.063	0	14.560
swarm_24_199.pdb	19.152	46.108	0	14.555
swarm_26_169.pdb	20.626	48.798	0	14.554
swarm_15_25.pdb	12.507	30.425	0	14.519
swarm_6_98.pdb	20.586	49.839	0	14.513
swarm_13_191.pdb	9.240	28.705	0	14.495
swarm_10_105.pdb	8.076	35.913	0.0540541	14.481
swarm_9_17.pdb	14.312	57.938	0	14.474
swarm_25_43.pdb	20.971	58.318	0	14.464
swarm_9_98.pdb	16.910	31.510	0	14.447
swarm_46_169.pdb	16.652	52.627	0	14.415
swarm_12_82.pdb	11.218	43.212	0.027027	14.375
swarm_24_57.pdb	17.976	41.770	0	14.372
swarm_37_178.pdb	12.858	38.683	0	14.370
swarm_41_104.pdb	17.571	37.679	0	14.361
swarm_37_68.pdb	18.608	35.649	0	14.353
swarm_37_62.pdb	16.391	32.472	0	14.340
swarm_47_150.pdb	12.637	56.717	0.027027	14.328
swarm_18_37.pdb	13.064	20.717	0	14.327
swarm_49_178.pdb	11.140	25.823	0.216216	14.326
swarm_15_181.pdb	21.960	48.546	0	14.318
swarm_27_141.pdb	19.625	39.442	0	14.312
swarm_2_23.pdb	18.250	38.382	0	14.309
swarm_27_179.pdb	16.268	42.822	0	14.293
swarm_5_57.pdb	16.987	36.915	0	14.291
swarm_34_23.pdb	12.917	58.606	0	14.283
swarm_10_64.pdb	13.660	42.853	0	14.280
swarm_21_175.pdb	16.427	41.203	0	14.263
swarm_29_27.pdb	16.841	34.501	0	14.242
swarm_46_131.pdb	13.607	26.457	0	14.210
swarm_16_137.pdb	11.715	30.526	0	14.204
swarm_16_8.pdb	16.895	38.150	0	14.156
swarm_33_145.pdb	8.590	41.539	0.0810811	14.140
swarm_15_185.pdb	15.802	38.788	0	14.124
swarm_6_96.pdb	15.261	54.225	0	14.123
swarm_21_135.pdb	19.929	56.640	0	14.103
swarm_37_139.pdb	11.034	22.674	0.216216	14.074
swarm_14_101.pdb	9.805	51.139	0	14.073
swarm_34_140.pdb	9.178	25.327	0.189189	14.053
swarm_38_183.pdb	17.745	41.925	0	14.046
swarm_32_97.pdb	11.848	50.539	0	13.985
swarm_20_189.pdb	20.306	42.948	0	13.939
swarm_37_28.pdb	16.329	37.171	0	13.881
swarm_23_52.pdb	11.586	45.663	0	13.862
swarm_6_147.pdb	17.171	55.281	0	13.855
swarm_45_149.pdb	19.390	41.769	0	13.802
swarm_20_64.pdb	7.865	28.097	0	13.763
swarm_4_160.pdb	7.181	30.805	0.027027	13.757
swarm_47_111.pdb	20.973	49.087	0	13.748
swarm_22_89.pdb	10.310	38.534	0	13.729
swarm_36_196.pdb	12.874	28.736	0	13.725
swarm_34_174.pdb	15.724	31.064	0	13.722
swarm_40_163.pdb	12.391	36.594	0	13.592
swarm_19_48.pdb	20.477	35.366	0	13.587
swarm_7_110.pdb	9.991	32.859	0	13.575
swarm_8_50.pdb	14.447	32.226	0	13.564
swarm_33_82.pdb	11.645	33.539	0	13.550
swarm_41_181.pdb	17.442	40.896	0	13.542
swarm_23_96.pdb	9.973	24.595	0.0540541	13.527
swarm_14_98.pdb	15.185	44.832	0	13.523
swarm_29_111.pdb	9.151	37.206	0.135135	13.513
swarm_24_191.pdb	23.281	51.693	0	13.512
swarm_22_190.pdb	18.764	52.191	0	13.511
swarm_37_117.pdb	14.101	31.568	0	13.488
swarm_16_147.pdb	12.498	31.399	0	13.466
swarm_4_9.pdb	25.160	66.926	0	13.461
swarm_36_113.pdb	14.849	41.964	0	13.457
swarm_48_48.pdb	22.959	57.094	0	13.454
swarm_28_157.pdb	14.031	41.454	0	13.444
swarm_35_173.pdb	10.399	42.742	0	13.443
swarm_48_161.pdb	16.023	63.660	0	13.442
swarm_5_85.pdb	8.111	42.853	0.027027	13.426
swarm_28_80.pdb	13.807	52.744	0	13.418
swarm_36_40.pdb	19.328	41.233	0	13.406
swarm_35_194.pdb	10.435	42.957	0	13.403
swarm_43_108.pdb	18.641	40.078	0	13.382
swarm_12_199.pdb	12.968	41.493	0	13.374
swarm_12_68.pdb	9.676	43.026	0	13.366
swarm_16_22.pdb	9.231	41.090	0.0540541	13.264
swarm_21_168.pdb	10.269	33.591	0	13.256
swarm_15_113.pdb	12.724	46.663	0	13.256
swarm_26_184.pdb	12.762	44.340	0	13.247
swarm_36_124.pdb	19.023	41.410	0	13.234
swarm_17_5.pdb	12.004	46.943	0	13.205
swarm_19_141.pdb	6.759	39.179	0.243243	13.190
swarm_0_85.pdb	9.857	39.957	0	13.124
swarm_24_25.pdb	18.606	42.046	0	13.114
swarm_37_52.pdb	12.538	34.421	0	13.112
swarm_47_81.pdb	8.593	49.920	0.027027	13.092
swarm_29_112.pdb	10.743	29.375	0	13.051
swarm_41_30.pdb	18.399	39.032	0	12.970
swarm_31_80.pdb	14.565	39.955	0	12.963
swarm_39_196.pdb	21.362	33.159	0	12.962
swarm_40_36.pdb	14.272	50.218	0.027027	12.924
swarm_0_62.pdb	12.368	38.939	0	12.906
swarm_9_26.pdb	16.966	53.975	0	12.905
swarm_28_88.pdb	11.111	55.423	0.0540541	12.900
swarm_10_60.pdb	16.278	35.307	0	12.892
swarm_44_26.pdb	13.918	35.411	0	12.867
swarm_28_185.pdb	10.426	33.267	0	12.865
swarm_18_1.pdb	15.505	66.874	0	12.863
swarm_32_42.pdb	14.247	51.414	0	12.859
swarm_4_173.pdb	16.118	34.051	0	12.838
swarm_46_192.pdb	14.844	35.738	0	12.802
swarm_21_77.pdb	12.429	36.497	0	12.791
swarm_5_46.pdb	22.531	49.603	0	12.778
swarm_35_163.pdb	16.779	47.927	0	12.759
swarm_37_30.pdb	14.391	34.606	0.027027	12.711
swarm_16_158.pdb	19.460	44.506	0	12.691
swarm_26_193.pdb	19.373	43.283	0	12.671
swarm_29_9.pdb	9.620	28.190	0	12.666
swarm_8_19.pdb	11.465	21.567	0	12.626
swarm_15_128.pdb	18.615	40.422	0	12.626
swarm_11_175.pdb	10.317	55.729	0.162162	12.619
swarm_45_2.pdb	6.546	41.429	0	12.589
swarm_36_40.pdb	10.399	27.920	0	12.574
swarm_5_131.pdb	14.217	45.798	0	12.511
swarm_30_84.pdb	14.978	38.977	0	12.488
swarm_13_76.pdb	16.491	39.218	0	12.466
swarm_28_2.pdb	6.823	37.658	0.135135	12.454
swarm_20_169.pdb	12.585	38.961	0	12.448
swarm_37_59.pdb	8.813	20.452	0	12.427
swarm_36_148.pdb	14.596	41.958	0	12.418
swarm_23_79.pdb	17.669	39.196	0	12.408
swarm_23_103.pdb	14.124	31.496	0	12.408
swarm_0_114.pdb	5.666	31.481	0.0540541	12.376
swarm_4_196.pdb	19.530	37.674	0	12.346
swarm_5_87.pdb	21.075	44.181	0	12.338
swarm_8_83.pdb	16.512	50.988	0	12.320
swarm_20_116.pdb	13.887	31.673	0	12.238
swarm_38_71.pdb	10.964	58.482	0	12.120
swarm_47_11.pdb	18.331	51.215	0	12.105
swarm_22_136.pdb	5.857	33.449	0.027027	12.061
swarm_6_143.pdb	19.057	47.296	0	12.043
swarm_20_6.pdb	13.586	35.784	0	11.956
swarm_24_68.pdb	19.052	45.383	0	11.904
swarm_23_78.pdb	19.702	36.415	0	11.886
swarm_15_124.pdb	19.102	48.057	0	11.879
swarm_35_170.pdb	14.293	30.742	0	11.867
swarm_33_67.pdb	11.028	42.164	0	11.834
swarm_32_135.pdb	21.754	53.941	0	11.829
swarm_9_30.pdb	14.335	56.344	0	11.821
swarm_0_117.pdb	22.065	41.466	0	11.779
swarm_30_199.pdb	16.826	35.231	0	11.615
swarm_17_169.pdb	12.056	53.917	0	11.588
swarm_10_32.pdb	12.932	46.034	0	11.584
swarm_37_31.pdb	13.733	33.328	0	11.547
swarm_46_108.pdb	8.738	26.929	0.135135	11.469
swarm_9_74.pdb	12.056	20.605	0	11.414
swarm_0_67.pdb	18.312	40.258	0	11.340
swarm_6_4.pdb	9.505	47.599	0	11.339
swarm_14_81.pdb	16.522	37.748	0	11.305
swarm_39_164.pdb	13.013	22.240	0	11.245
swarm_18_186.pdb	13.197	24.359	0	10.968
swarm_17_51.pdb	21.870	53.394	0	10.815
swarm_13_33.pdb	16.080	45.180	0	10.756
swarm_12_82.pdb	13.610	74.459	0	10.616
swarm_37_68.pdb	10.864	24.038	0	10.528
swarm_47_9.pdb	16.300	42.888	0	10.479
swarm_34_132.pdb	11.257	34.661	0	10.319
swarm_2_66.pdb	12.101	30.591	0	10.307
swarm_0_15.pdb	14.820	39.941	0	10.292
swarm_24_77.pdb	15.318	38.440	0	10.277
swarm_7_180.pdb	12.700	26.779	0	10.164
swarm_21_146.pdb	12.457	62.614	0	10.074
swarm_10_128.pdb	14.536	28.344	0	10.053
swarm_9_46.pdb	14.892	59.637	0	9.944
swarm_18_68.pdb	13.210	28.059	0.0540541	9.835
swarm_21_58.pdb	11.149	38.476	0	9.509
swarm_0_41.pdb	22.582	42.635	0	9.124
swarm_1_68.pdb	16.769	36.406	0	8.620
swarm_2_104.pdb	15.657	59.249	0	8.522
swarm_29_187.pdb	7.408	26.289	0	8.322
swarm_10_198.pdb	9.276	23.974	0	8.319
swarm_5_155.pdb	10.797	48.420	0	8.182
swarm_6_135.pdb	19.017	47.380	0	7.934
swarm_48_177.pdb	12.513	65.174	0	7.318
swarm_39_72.pdb	12.065	29.074	0.216216	7.002
swarm_36_72.pdb	10.967	27.284	0	6.076
swarm_14_66.pdb	12.016	48.637	0	5.799
swarm_16_45.pdb	17.196	46.250	0	5.634
swarm_10_49.pdb	15.846	35.168	0	5.316
swarm_29_91.pdb	10.501	35.578	0	4.674
swarm_9_110.pdb	11.073	29.901	0	3.099
swarm_9_83.pdb	10.012	28.641	0	3.095
swarm_43_113.pdb	19.280	43.091	0	2.606
swarm_6_196.pdb	13.201	44.496	0	2.536
swarm_25_81.pdb	16.712	43.891	0	2.420
swarm_12_138.pdb	13.741	40.151	0	1.842
swarm_12_104.pdb	17.480	41.617	0	1.743
swarm_33_34.pdb	14.140	52.478	0	1.578
swarm_41_78.pdb	13.428	37.511	0	0.624
