swarm_32_155.pdb	8.673	29.820	0	35.733
swarm_41_164.pdb	10.626	21.900	0	34.182
swarm_14_29.pdb	8.827	28.700	0	33.532
swarm_19_120.pdb	4.538	18.807	0.108108	31.714
swarm_1_160.pdb	10.452	22.216	0	30.794
swarm_23_84.pdb	4.610	20.847	0.135135	30.082
swarm_29_111.pdb	9.317	25.549	0	29.886
swarm_43_124.pdb	10.556	25.557	0	29.782
swarm_9_159.pdb	4.246	16.900	0.135135	29.346
swarm_7_154.pdb	9.752	23.167	0	29.184
swarm_30_35.pdb	10.846	32.761	0	28.033
swarm_42_194.pdb	10.529	23.089	0	27.812
swarm_26_87.pdb	3.708	14.167	0.189189	27.300
swarm_31_197.pdb	6.676	31.154	0.135135	27.298
swarm_42_40.pdb	10.399	21.594	0	27.276
swarm_14_96.pdb	10.311	20.927	0	26.966
swarm_43_49.pdb	10.501	22.000	0	26.743
swarm_27_35.pdb	8.886	47.868	0	26.445
swarm_23_72.pdb	14.550	29.611	0	26.158
swarm_0_61.pdb	9.958	23.536	0	26.130
swarm_24_91.pdb	10.735	23.837	0	26.012
swarm_14_13.pdb	10.921	24.194	0	26.006
swarm_12_127.pdb	8.925	48.115	0	25.856
swarm_22_49.pdb	9.441	49.722	0	25.807
swarm_34_102.pdb	10.411	24.035	0	25.656
swarm_4_154.pdb	10.211	24.239	0	25.587
swarm_19_145.pdb	6.704	28.474	0.0810811	25.373
swarm_33_163.pdb	10.062	22.928	0	25.044
swarm_33_81.pdb	7.021	18.387	0.027027	24.984
swarm_20_192.pdb	5.274	22.589	0.027027	24.790
swarm_46_38.pdb	9.358	21.693	0	24.530
swarm_9_23.pdb	11.321	22.984	0	24.487
swarm_10_61.pdb	8.508	46.443	0	24.382
swarm_18_14.pdb	10.263	22.712	0	24.348
swarm_40_36.pdb	10.832	32.775	0	24.269
swarm_10_100.pdb	9.799	21.987	0	23.886
swarm_24_78.pdb	9.866	53.865	0	23.758
swarm_32_34.pdb	10.600	21.210	0	23.725
swarm_34_31.pdb	14.733	31.748	0	23.622
swarm_40_34.pdb	8.221	28.732	0	23.613
swarm_22_173.pdb	8.433	47.317	0	23.609
swarm_20_127.pdb	10.758	21.603	0	23.544
swarm_15_176.pdb	10.665	23.306	0	23.534
swarm_1_166.pdb	6.436	34.056	0.0810811	23.350
swarm_6_154.pdb	9.259	49.096	0	23.253
swarm_34_195.pdb	9.731	26.562	0	23.198
swarm_19_118.pdb	6.484	33.972	0.0540541	23.182
swarm_25_94.pdb	3.314	9.843	0.351351	23.128
swarm_43_14.pdb	8.353	18.882	0	23.019
swarm_8_65.pdb	8.082	14.388	0.027027	22.923
swarm_21_173.pdb	17.757	40.544	0	22.886
swarm_1_182.pdb	18.087	39.874	0	22.824
swarm_23_88.pdb	10.540	23.269	0	22.792
swarm_19_81.pdb	11.895	22.206	0	22.678
swarm_20_9.pdb	9.794	23.625	0	22.455
swarm_18_176.pdb	4.126	16.478	0.135135	22.414
swarm_14_144.pdb	8.966	49.024	0	22.368
swarm_14_75.pdb	11.816	29.464	0	22.175
swarm_0_15.pdb	15.773	34.143	0	22.074
swarm_11_145.pdb	6.897	35.224	0	22.056
swarm_36_116.pdb	10.481	31.898	0	22.016
swarm_0_33.pdb	11.002	21.117	0	21.924
swarm_8_116.pdb	11.755	22.309	0	21.666
swarm_36_118.pdb	7.123	27.945	0.027027	21.226
swarm_25_164.pdb	5.497	37.212	0.216216	21.156
swarm_8_130.pdb	7.705	17.230	0	20.903
swarm_16_155.pdb	5.287	39.211	0.351351	20.884
swarm_14_91.pdb	10.619	25.775	0	20.709
swarm_22_153.pdb	5.432	36.317	0.324324	20.542
swarm_13_65.pdb	6.912	33.701	0	20.411
swarm_20_74.pdb	6.929	35.567	0	20.406
swarm_33_117.pdb	7.580	32.086	0.027027	20.398
swarm_5_132.pdb	5.904	41.572	0.297297	20.170
swarm_20_176.pdb	11.454	31.176	0	20.064
swarm_11_88.pdb	4.912	26.337	0.297297	20.052
swarm_29_66.pdb	8.373	32.478	0	20.050
swarm_26_57.pdb	7.816	37.042	0	19.908
swarm_32_107.pdb	9.519	48.604	0	19.860
swarm_15_2.pdb	3.939	9.519	0.243243	19.828
swarm_33_85.pdb	9.939	25.326	0	19.669
swarm_24_169.pdb	8.083	49.224	0	19.618
swarm_17_10.pdb	7.936	48.734	0	19.536
swarm_19_62.pdb	4.838	31.486	0.432432	19.528
swarm_39_146.pdb	6.335	25.166	0.108108	18.940
swarm_21_11.pdb	8.133	42.224	0	18.879
swarm_18_130.pdb	9.512	18.764	0	18.842
swarm_18_189.pdb	10.927	34.595	0	18.789
swarm_31_150.pdb	10.200	27.537	0	18.624
swarm_33_111.pdb	9.639	24.837	0	18.523
swarm_13_137.pdb	7.677	14.659	0	18.521
swarm_35_98.pdb	9.636	27.089	0	18.508
swarm_25_132.pdb	5.921	42.173	0.243243	18.494
swarm_15_65.pdb	18.163	43.060	0	18.484
swarm_25_172.pdb	8.947	20.620	0	18.418
swarm_44_134.pdb	10.601	27.613	0	18.293
swarm_20_111.pdb	6.170	26.022	0.135135	18.240
swarm_21_127.pdb	7.403	38.849	0	18.212
swarm_37_87.pdb	10.975	30.939	0	18.087
swarm_36_152.pdb	5.035	36.657	0.324324	18.055
swarm_23_72.pdb	11.684	32.931	0	18.030
swarm_20_42.pdb	5.877	41.052	0.162162	18.008
swarm_14_32.pdb	8.663	44.453	0	17.979
swarm_11_183.pdb	9.748	20.339	0	17.699
swarm_13_26.pdb	15.611	50.350	0	17.682
swarm_36_2.pdb	3.212	15.567	0.324324	17.651
swarm_25_154.pdb	5.862	27.810	0.0540541	17.593
swarm_8_49.pdb	5.778	41.541	0.189189	17.557
swarm_19_161.pdb	10.115	21.216	0	17.546
swarm_45_21.pdb	9.690	31.280	0	17.538
swarm_41_123.pdb	12.456	27.780	0	17.486
swarm_12_23.pdb	4.817	34.889	0.297297	17.364
swarm_27_32.pdb	6.930	40.554	0	17.254
swarm_16_114.pdb	7.186	32.093	0	16.864
swarm_18_184.pdb	8.727	12.862	0	16.846
swarm_39_155.pdb	3.662	18.753	0.189189	16.779
swarm_17_26.pdb	10.692	44.413	0	16.597
swarm_0_55.pdb	11.299	26.579	0	16.397
swarm_5_17.pdb	8.865	44.193	0	16.149
swarm_44_43.pdb	10.506	34.303	0	16.087
swarm_32_56.pdb	12.752	29.200	0	16.038
swarm_20_181.pdb	13.770	33.096	0	15.967
swarm_31_67.pdb	6.066	29.431	0.027027	15.752
swarm_23_12.pdb	12.174	30.054	0	15.360
swarm_36_174.pdb	10.721	32.592	0	15.243
swarm_4_192.pdb	10.066	27.890	0	15.192
swarm_5_22.pdb	10.448	29.167	0	15.158
swarm_40_169.pdb	9.826	29.048	0	15.138
swarm_21_88.pdb	5.502	39.707	0.432432	15.005
swarm_32_145.pdb	7.844	37.051	0	14.898
swarm_29_17.pdb	10.298	18.611	0	14.880
swarm_32_111.pdb	9.197	51.101	0	14.796
swarm_19_34.pdb	14.458	34.352	0	14.652
swarm_23_85.pdb	10.602	26.283	0	14.487
swarm_13_41.pdb	12.098	32.570	0	14.466
swarm_10_83.pdb	10.034	41.932	0	14.394
swarm_10_44.pdb	12.452	34.290	0	14.348
swarm_28_183.pdb	10.615	28.437	0	14.326
swarm_0_112.pdb	11.173	42.217	0	14.175
swarm_45_179.pdb	13.048	39.795	0	13.923
swarm_12_164.pdb	7.518	39.047	0.0810811	13.795
swarm_26_34.pdb	11.032	33.501	0	13.574
swarm_34_160.pdb	12.620	31.057	0	13.487
swarm_35_9.pdb	6.331	31.198	0	13.414
swarm_32_193.pdb	9.311	34.085	0	13.317
swarm_4_64.pdb	10.079	24.387	0	12.703
swarm_20_139.pdb	9.214	26.715	0	12.626
swarm_5_192.pdb	10.174	47.609	0	12.514
swarm_4_85.pdb	6.115	28.971	0	12.051
swarm_31_129.pdb	8.869	31.863	0	11.642
swarm_20_24.pdb	11.517	24.921	0	11.596
swarm_0_133.pdb	12.459	34.238	0	11.499
swarm_5_107.pdb	11.753	25.671	0	11.490
swarm_3_93.pdb	8.894	43.791	0	11.385
swarm_8_18.pdb	13.178	37.651	0	11.279
swarm_7_17.pdb	14.137	40.951	0	11.176
swarm_6_169.pdb	5.301	8.359	0.108108	10.802
swarm_39_119.pdb	3.800	22.804	0.459459	10.535
swarm_36_67.pdb	6.673	30.393	0	10.444
swarm_9_118.pdb	10.485	28.547	0	10.226
swarm_29_27.pdb	9.514	27.857	0	10.049
swarm_40_160.pdb	7.321	32.497	0	9.854
swarm_5_71.pdb	7.932	37.031	0	9.751
swarm_15_120.pdb	11.508	30.105	0	9.676
swarm_36_147.pdb	9.628	29.404	0	8.464
swarm_7_49.pdb	3.194	10.533	0.459459	7.502
swarm_11_20.pdb	6.429	20.016	0	4.954
swarm_2_24.pdb	8.124	22.399	0.027027	4.711
swarm_27_155.pdb	9.447	36.453	0	4.219
swarm_21_21.pdb	7.694	30.451	0	3.983
swarm_16_170.pdb	8.392	41.228	0	3.506
swarm_48_137.pdb	4.146	22.269	0.486486	3.481
swarm_31_151.pdb	4.752	18.395	0.27027	2.571
swarm_30_55.pdb	8.714	43.197	0	2.541
swarm_38_153.pdb	17.632	57.268	0	1.864
swarm_40_108.pdb	8.128	33.810	0.108108	1.374
swarm_20_147.pdb	14.729	32.456	0	1.281
swarm_27_106.pdb	10.275	46.796	0	0.772
swarm_13_90.pdb	6.110	35.141	0.0540541	0.007
