swarm_12_124.pdb	8.551	22.751	0	49.735
swarm_16_133.pdb	17.409	34.928	0.0208333	49.599
swarm_34_176.pdb	17.624	33.661	0	47.469
swarm_3_82.pdb	21.706	36.345	0.0208333	47.268
swarm_41_14.pdb	18.924	30.845	0	46.028
swarm_39_118.pdb	17.813	28.230	0	44.227
swarm_59_94.pdb	15.148	24.642	0.0208333	43.088
swarm_39_10.pdb	18.431	28.539	0	42.761
swarm_49_93.pdb	18.715	33.199	0.0416667	42.657
swarm_5_196.pdb	4.316	11.327	0.302083	42.189
swarm_4_34.pdb	3.026	6.704	0.53125	42.180
swarm_49_182.pdb	18.920	29.372	0	41.945
swarm_40_118.pdb	12.229	22.407	0.03125	41.525
swarm_4_66.pdb	4.565	10.432	0.177083	40.163
swarm_40_35.pdb	19.717	33.770	0.0104167	39.686
swarm_39_99.pdb	16.197	26.354	0	39.156
swarm_32_42.pdb	17.828	35.592	0.0104167	38.647
swarm_49_172.pdb	18.865	33.143	0.0833333	38.170
swarm_27_91.pdb	20.703	33.377	0	38.012
swarm_40_164.pdb	16.630	27.527	0	37.179
swarm_49_18.pdb	10.122	21.436	0.0104167	36.792
swarm_40_45.pdb	3.814	11.268	0.322917	36.712
swarm_40_91.pdb	8.109	16.162	0.125	36.580
swarm_45_129.pdb	4.767	8.381	0.21875	36.264
swarm_6_148.pdb	20.128	31.974	0	35.268
swarm_21_61.pdb	17.744	36.072	0	35.245
swarm_45_93.pdb	19.476	29.143	0	35.012
swarm_9_151.pdb	20.904	40.320	0	34.237
swarm_56_147.pdb	22.616	43.759	0.0104167	34.069
swarm_28_18.pdb	18.548	41.940	0	33.707
swarm_40_130.pdb	18.583	29.624	0.0208333	33.525
swarm_17_162.pdb	21.951	37.800	0	32.487
swarm_51_18.pdb	14.759	41.845	0	32.061
swarm_33_160.pdb	17.956	43.216	0	31.925
swarm_4_184.pdb	18.919	31.479	0	31.781
swarm_6_80.pdb	11.075	24.010	0.0416667	31.774
swarm_45_107.pdb	20.026	33.825	0.0104167	31.553
swarm_6_162.pdb	7.568	18.074	0.03125	31.380
swarm_64_39.pdb	8.461	18.738	0	31.311
swarm_0_126.pdb	22.244	43.387	0	31.213
swarm_42_12.pdb	15.487	46.702	0	31.036
swarm_3_6.pdb	17.527	31.818	0	30.829
swarm_35_50.pdb	21.857	43.116	0	30.388
swarm_34_156.pdb	17.377	30.141	0	30.338
swarm_6_113.pdb	17.933	32.916	0.0104167	29.783
swarm_51_90.pdb	15.331	45.511	0	29.264
swarm_41_158.pdb	8.535	14.248	0.0833333	29.093
swarm_45_105.pdb	3.183	11.264	0.21875	28.831
swarm_24_10.pdb	17.249	41.999	0	28.462
swarm_16_28.pdb	18.228	35.436	0.0416667	27.923
swarm_29_113.pdb	14.217	41.287	0	27.794
swarm_36_142.pdb	22.397	48.789	0	27.788
swarm_6_138.pdb	20.035	33.667	0.0104167	27.364
swarm_22_99.pdb	19.606	46.293	0	27.228
swarm_6_67.pdb	15.927	28.323	0	27.193
swarm_65_14.pdb	15.040	52.101	0	27.017
swarm_63_65.pdb	16.626	38.734	0	26.407
swarm_24_61.pdb	22.119	43.304	0.0416667	26.213
swarm_17_9.pdb	20.165	34.327	0	26.117
swarm_35_163.pdb	14.737	41.406	0	25.959
swarm_52_7.pdb	20.829	58.002	0	25.848
swarm_27_79.pdb	9.562	17.676	0.0104167	25.601
swarm_28_180.pdb	23.365	48.609	0	25.577
swarm_9_4.pdb	21.303	42.355	0	25.320
swarm_22_32.pdb	23.874	51.509	0	24.462
swarm_45_177.pdb	4.436	12.677	0.260417	24.235
swarm_40_19.pdb	20.389	33.845	0.0104167	24.150
swarm_10_19.pdb	20.699	39.366	0	23.875
swarm_19_195.pdb	21.136	41.202	0.0416667	23.843
swarm_41_47.pdb	20.223	35.078	0	23.613
swarm_50_130.pdb	25.339	56.539	0	23.440
swarm_31_13.pdb	24.382	49.686	0	23.045
swarm_41_35.pdb	19.676	29.153	0	22.919
swarm_63_58.pdb	14.339	36.087	0.0208333	22.861
swarm_25_108.pdb	21.640	52.513	0	22.780
swarm_42_84.pdb	22.199	43.065	0	22.710
swarm_21_168.pdb	22.025	43.407	0.03125	22.439
swarm_27_182.pdb	18.121	31.375	0	22.401
swarm_28_32.pdb	21.400	54.971	0	22.388
swarm_62_88.pdb	15.391	38.069	0.0208333	21.129
swarm_58_155.pdb	20.450	47.641	0	20.963
swarm_9_117.pdb	22.586	46.817	0.0208333	20.759
swarm_7_142.pdb	20.118	38.799	0	20.242
swarm_45_61.pdb	20.392	35.245	0.0208333	19.840
swarm_21_197.pdb	20.694	37.562	0	19.839
swarm_33_73.pdb	22.502	52.851	0	19.526
swarm_29_41.pdb	21.245	42.290	0	18.998
swarm_2_191.pdb	24.749	55.562	0	18.901
swarm_50_135.pdb	19.829	50.682	0	18.863
swarm_28_161.pdb	21.781	50.847	0	18.295
swarm_3_9.pdb	7.328	17.897	0.03125	17.870
swarm_63_32.pdb	16.476	28.340	0.0104167	17.832
swarm_62_191.pdb	11.275	31.632	0.0208333	17.321
swarm_62_48.pdb	15.765	36.433	0.0416667	17.206
swarm_50_149.pdb	21.199	53.254	0	16.812
swarm_25_146.pdb	23.021	53.826	0	16.780
swarm_50_49.pdb	23.166	50.279	0.0104167	16.602
swarm_42_186.pdb	21.649	51.108	0	16.398
swarm_21_40.pdb	15.899	33.046	0	16.149
swarm_51_110.pdb	22.029	52.938	0	15.957
swarm_24_119.pdb	20.402	44.116	0	15.168
swarm_17_55.pdb	19.044	36.699	0.0625	14.992
swarm_51_142.pdb	24.453	55.988	0	14.746
swarm_21_96.pdb	19.589	43.187	0.0208333	14.115
swarm_24_195.pdb	21.790	44.042	0	12.717
swarm_22_133.pdb	20.445	49.891	0	11.896
swarm_27_41.pdb	20.065	36.352	0.03125	11.157
swarm_49_9.pdb	20.226	33.580	0.0104167	11.156
swarm_61_55.pdb	23.791	51.639	0	10.685
swarm_18_190.pdb	20.097	33.797	0.0104167	10.247
swarm_19_152.pdb	20.062	39.612	0	10.190
swarm_5_79.pdb	16.770	27.835	0	9.960
swarm_63_82.pdb	20.895	39.812	0	9.666
swarm_5_124.pdb	10.508	20.045	0.0208333	8.526
swarm_27_141.pdb	18.371	35.314	0	7.613
swarm_24_118.pdb	22.910	46.995	0	3.894
swarm_24_130.pdb	19.802	44.401	0.0104167	3.759
swarm_41_163.pdb	20.313	33.858	0	3.225
swarm_31_132.pdb	16.960	45.404	0.0104167	0.582
swarm_40_67.pdb	19.531	32.433	0	0.224
