run0-swarm_55_15.pdb	3.219	6.986	0.385417	58.375
run0-swarm_6_102.pdb	6.720	11.210	0.0625	57.279
run0-swarm_34_54.pdb	8.690	24.101	0	56.617
run0-swarm_56_94.pdb	12.706	38.304	0	56.296
run0-swarm_28_157.pdb	7.961	16.238	0	55.115
run0-swarm_5_21.pdb	4.339	12.874	0.1875	53.741
run0-swarm_31_145.pdb	6.863	10.544	0.0104167	52.537
run0-swarm_57_27.pdb	6.606	10.865	0.0625	51.767
run0-swarm_3_71.pdb	6.949	12.779	0.0416667	51.615
run0-swarm_71_153.pdb	8.014	21.271	0	50.076
run0-swarm_3_44.pdb	9.802	26.558	0	48.266
run0-swarm_5_197.pdb	8.113	16.626	0	47.329
run0-swarm_39_30.pdb	2.879	4.999	0.333333	47.328
run0-swarm_6_90.pdb	7.296	13.218	0.0104167	46.428
run0-swarm_42_71.pdb	5.304	8.271	0.104167	44.692
run0-swarm_49_139.pdb	2.067	4.811	0.447917	43.485
run0-swarm_32_26.pdb	13.579	26.131	0	43.242
run0-swarm_41_46.pdb	12.862	26.472	0	41.902
run0-swarm_9_11.pdb	16.220	39.018	0	40.027
run0-swarm_49_151.pdb	4.913	9.019	0.15625	39.817
run0-swarm_35_16.pdb	18.392	41.713	0	39.234
run0-swarm_55_177.pdb	6.963	16.447	0	39.045
run0-swarm_52_64.pdb	17.971	41.183	0	38.836
run0-swarm_16_152.pdb	15.760	34.161	0	38.646
run0-swarm_3_110.pdb	7.373	18.150	0	37.941
run0-swarm_16_122.pdb	13.529	31.728	0	37.741
run0-swarm_15_32.pdb	12.822	27.916	0	37.718
run0-swarm_62_122.pdb	13.187	29.337	0	37.637
run0-swarm_23_63.pdb	15.075	44.260	0	37.349
run0-swarm_50_137.pdb	6.607	11.106	0.0416667	36.943
run0-swarm_66_85.pdb	13.433	29.940	0	36.707
run0-swarm_18_187.pdb	14.507	36.259	0	36.294
run0-swarm_31_50.pdb	11.065	23.991	0	35.768
run0-swarm_66_53.pdb	11.055	24.178	0	35.405
run0-swarm_21_57.pdb	19.077	42.050	0	35.291
run0-swarm_32_30.pdb	12.910	21.124	0	35.158
run0-swarm_39_136.pdb	8.111	15.588	0.0416667	34.651
run0-swarm_62_4.pdb	13.226	22.400	0	34.503
run0-swarm_50_164.pdb	12.732	22.212	0	34.476
run0-swarm_46_97.pdb	16.196	40.104	0	32.890
run0-swarm_3_131.pdb	5.921	11.189	0.0208333	32.632
run0-swarm_52_197.pdb	15.843	43.712	0	32.540
run0-swarm_41_93.pdb	12.598	28.706	0	32.500
run0-swarm_55_1.pdb	3.135	8.955	0.302083	32.261
run0-swarm_10_24.pdb	14.195	36.920	0	32.166
run0-swarm_43_156.pdb	13.929	43.886	0	31.442
run0-swarm_44_199.pdb	16.159	44.623	0	31.367
run0-swarm_23_48.pdb	14.319	35.949	0	29.812
run0-swarm_10_54.pdb	17.172	40.132	0	28.113
run0-swarm_22_136.pdb	13.603	35.403	0	27.995
run0-swarm_59_86.pdb	15.880	40.636	0	27.977
run0-swarm_65_131.pdb	14.661	41.421	0	27.948
run0-swarm_22_91.pdb	13.511	32.635	0	27.835
run0-swarm_20_112.pdb	12.527	25.480	0	27.609
run0-swarm_32_166.pdb	7.115	14.014	0	27.218
run0-swarm_10_7.pdb	14.684	41.775	0	26.906
run0-swarm_17_75.pdb	13.171	33.455	0	26.854
run0-swarm_32_113.pdb	13.306	26.619	0	26.658
run0-swarm_31_54.pdb	9.422	17.176	0.0104167	26.497
run0-swarm_41_6.pdb	8.026	16.223	0.0104167	26.316
run0-swarm_42_69.pdb	10.884	23.914	0	26.254
run0-swarm_34_38.pdb	9.588	17.087	0.03125	25.105
run0-swarm_61_171.pdb	19.886	42.839	0	24.926
run0-swarm_10_27.pdb	11.897	30.131	0	24.920
run0-swarm_17_108.pdb	10.158	24.196	0	23.359
run0-swarm_42_115.pdb	16.422	23.963	0	16.200
run0-swarm_20_191.pdb	8.649	22.690	0	3.971
