swarm_5_44.pdb	3.066	9.624	0.40625	62.359
swarm_40_82.pdb	1.801	3.407	0.708333	60.892
swarm_29_81.pdb	6.856	14.214	0.104167	59.885
swarm_36_65.pdb	1.941	7.613	0.614583	56.966
swarm_28_92.pdb	1.629	3.882	0.666667	56.729
swarm_16_146.pdb	5.305	11.362	0.177083	54.624
swarm_16_164.pdb	1.405	2.618	0.71875	53.418
swarm_29_45.pdb	1.482	2.509	0.697917	53.381
swarm_5_176.pdb	7.621	15.421	0	53.131
swarm_4_1.pdb	7.970	15.607	0.0208333	53.091
swarm_34_80.pdb	7.799	16.042	0	53.042
swarm_66_9.pdb	2.484	5.446	0.520833	51.625
swarm_10_169.pdb	2.152	8.783	0.520833	51.112
swarm_3_49.pdb	5.392	11.630	0.145833	50.809
swarm_3_116.pdb	1.673	4.550	0.552083	49.954
swarm_52_79.pdb	5.538	12.793	0.166667	49.856
swarm_39_199.pdb	12.941	21.095	0.0104167	48.075
swarm_4_122.pdb	4.150	8.588	0.270833	46.214
swarm_4_151.pdb	9.856	20.039	0	45.977
swarm_55_73.pdb	5.061	18.367	0.208333	45.296
swarm_39_123.pdb	5.885	9.298	0.0625	44.809
swarm_45_127.pdb	7.535	12.552	0.0625	44.456
swarm_3_180.pdb	7.382	15.169	0.0104167	44.382
swarm_39_54.pdb	11.097	33.764	0	44.042
swarm_40_145.pdb	8.924	17.534	0	43.869
swarm_6_152.pdb	6.363	11.633	0.0208333	43.796
swarm_23_36.pdb	11.675	40.073	0	43.735
swarm_22_147.pdb	5.350	11.090	0.104167	43.721
swarm_19_78.pdb	19.111	42.955	0	43.616
swarm_40_190.pdb	7.751	13.170	0.0520833	43.431
swarm_44_144.pdb	1.802	4.116	0.489583	43.370
swarm_12_5.pdb	11.050	36.358	0	42.500
swarm_3_8.pdb	8.296	14.412	0.0104167	42.396
swarm_1_192.pdb	11.491	33.287	0	42.272
swarm_39_166.pdb	8.982	12.841	0.0104167	41.998
swarm_20_22.pdb	19.761	45.723	0	41.458
swarm_63_129.pdb	20.622	36.864	0	41.344
swarm_1_14.pdb	20.215	36.310	0	41.203
swarm_0_130.pdb	11.216	35.488	0	41.199
swarm_55_138.pdb	11.513	26.630	0	41.027
swarm_54_72.pdb	10.276	28.820	0	40.896
swarm_9_76.pdb	14.203	39.600	0	40.848
swarm_12_74.pdb	11.849	41.138	0	40.414
swarm_2_38.pdb	10.087	21.752	0	40.023
swarm_4_3.pdb	7.596	17.182	0	39.520
swarm_46_50.pdb	14.068	40.059	0	39.394
swarm_54_190.pdb	16.602	39.501	0	39.346
swarm_40_147.pdb	11.026	36.493	0	39.235
swarm_2_181.pdb	3.292	11.961	0.291667	38.686
swarm_3_20.pdb	6.541	15.108	0.0520833	38.681
swarm_4_117.pdb	6.017	10.030	0.0729167	38.372
swarm_4_38.pdb	8.274	11.837	0	38.356
swarm_61_192.pdb	2.674	8.570	0.510417	38.095
swarm_10_131.pdb	5.880	13.457	0.0625	37.973
swarm_2_149.pdb	4.169	11.979	0.364583	37.915
swarm_42_30.pdb	11.955	42.950	0	37.871
swarm_44_108.pdb	10.135	32.782	0	37.510
swarm_12_10.pdb	9.266	22.291	0	37.246
swarm_5_46.pdb	11.573	24.865	0	37.121
swarm_38_100.pdb	23.146	62.452	0	37.006
swarm_39_148.pdb	10.002	33.241	0	36.911
swarm_30_83.pdb	13.382	41.992	0	36.836
swarm_64_47.pdb	8.329	16.507	0.0104167	36.740
swarm_54_45.pdb	11.506	26.742	0	36.457
swarm_0_180.pdb	20.455	36.389	0	36.375
swarm_28_125.pdb	16.864	36.949	0	36.370
swarm_39_74.pdb	6.086	10.335	0.0833333	36.061
swarm_21_85.pdb	14.840	33.672	0	36.016
swarm_30_84.pdb	22.595	59.435	0	35.990
swarm_52_148.pdb	14.181	35.448	0	35.959
swarm_45_157.pdb	8.792	12.333	0	35.803
swarm_13_111.pdb	10.119	20.677	0	35.607
swarm_33_160.pdb	19.103	45.349	0	35.404
swarm_50_113.pdb	2.288	6.501	0.458333	35.191
swarm_3_115.pdb	8.797	16.423	0.0104167	34.862
swarm_40_117.pdb	18.582	40.873	0	34.833
swarm_27_51.pdb	6.717	20.800	0.0104167	34.775
swarm_2_176.pdb	27.969	58.337	0	34.617
swarm_53_16.pdb	12.266	42.373	0	34.607
swarm_40_169.pdb	12.762	37.080	0	34.491
swarm_20_52.pdb	17.361	40.731	0	34.231
swarm_19_113.pdb	13.956	36.421	0	34.192
swarm_13_59.pdb	3.777	9.438	0.25	34.093
swarm_21_5.pdb	19.191	44.753	0	33.733
swarm_55_193.pdb	9.398	30.202	0	33.689
swarm_32_120.pdb	14.671	45.087	0	33.255
swarm_25_176.pdb	19.209	42.550	0	33.194
swarm_46_34.pdb	13.223	23.046	0	33.125
swarm_22_127.pdb	20.888	51.213	0	33.117
swarm_36_125.pdb	7.658	17.666	0.0104167	32.880
swarm_32_49.pdb	6.085	14.061	0.0625	32.851
swarm_47_53.pdb	15.617	47.012	0	32.777
swarm_21_84.pdb	14.092	29.784	0	32.677
swarm_45_144.pdb	9.004	22.485	0	32.610
swarm_62_36.pdb	14.599	29.810	0	32.572
swarm_45_51.pdb	11.934	20.943	0.0416667	32.568
swarm_39_157.pdb	11.301	42.212	0	32.461
swarm_23_165.pdb	20.119	40.555	0	32.296
swarm_25_189.pdb	15.113	38.019	0	32.110
swarm_20_112.pdb	13.617	33.654	0	32.108
swarm_53_174.pdb	12.509	45.748	0.0104167	31.912
swarm_28_69.pdb	5.914	11.281	0.0520833	31.889
swarm_44_195.pdb	23.204	43.588	0	31.797
swarm_43_68.pdb	16.066	34.183	0	31.746
swarm_44_33.pdb	22.411	48.953	0	31.706
swarm_25_145.pdb	23.760	53.649	0	31.566
swarm_44_24.pdb	7.924	31.259	0.0104167	31.318
swarm_10_121.pdb	8.908	16.096	0.0104167	31.165
swarm_39_181.pdb	13.221	18.904	0	31.086
swarm_6_75.pdb	3.935	16.111	0.260417	31.015
swarm_4_115.pdb	12.410	29.236	0	30.908
swarm_3_23.pdb	8.284	14.475	0	30.901
swarm_46_193.pdb	12.811	24.335	0	30.861
swarm_49_135.pdb	8.254	12.072	0	30.677
swarm_4_146.pdb	21.850	44.943	0	30.575
swarm_18_194.pdb	14.359	26.328	0	30.532
swarm_35_161.pdb	14.204	36.559	0	30.490
swarm_20_156.pdb	14.294	32.214	0	30.325
swarm_33_114.pdb	22.709	46.764	0	30.233
swarm_40_111.pdb	13.737	48.911	0	29.782
swarm_54_104.pdb	16.859	36.587	0	29.721
swarm_44_26.pdb	13.472	26.215	0	29.460
swarm_33_167.pdb	20.648	48.013	0	29.156
swarm_54_23.pdb	17.872	51.869	0	28.916
swarm_46_181.pdb	11.632	22.457	0	28.753
swarm_28_74.pdb	10.088	18.293	0	28.736
swarm_42_55.pdb	15.883	46.432	0	28.708
swarm_26_60.pdb	18.254	34.651	0	28.700
swarm_51_46.pdb	19.539	46.548	0	28.344
swarm_25_22.pdb	20.418	49.944	0	28.274
swarm_41_116.pdb	8.367	32.943	0	28.229
swarm_2_129.pdb	27.544	58.712	0	28.200
swarm_9_26.pdb	13.600	31.597	0	28.040
swarm_48_157.pdb	14.076	48.509	0	28.026
swarm_1_35.pdb	13.422	34.687	0	27.940
swarm_34_137.pdb	12.867	47.133	0	27.935
swarm_31_60.pdb	23.270	46.604	0	27.824
swarm_24_150.pdb	17.089	36.430	0	27.739
swarm_5_179.pdb	6.293	11.518	0.0208333	27.721
swarm_24_174.pdb	15.344	43.230	0	27.714
swarm_4_146.pdb	7.883	22.081	0	27.643
swarm_22_119.pdb	22.789	45.129	0	27.602
swarm_53_88.pdb	18.011	32.798	0	27.568
swarm_54_189.pdb	13.207	32.779	0	27.445
swarm_19_77.pdb	15.280	36.669	0	27.189
swarm_24_146.pdb	16.457	38.812	0	27.187
swarm_48_18.pdb	18.775	49.002	0	26.972
swarm_15_157.pdb	24.063	63.209	0	26.927
swarm_19_63.pdb	17.512	38.197	0	26.699
swarm_54_133.pdb	16.786	42.427	0	26.678
swarm_50_62.pdb	24.190	50.928	0	26.493
swarm_36_73.pdb	8.426	20.058	0.0104167	26.412
swarm_35_130.pdb	22.752	46.060	0	26.354
swarm_52_126.pdb	16.786	43.231	0	26.339
swarm_29_71.pdb	23.125	46.074	0	26.266
swarm_47_191.pdb	12.176	44.508	0	26.100
swarm_36_174.pdb	20.501	50.172	0	26.001
swarm_40_41.pdb	6.220	15.422	0.0416667	25.929
swarm_11_191.pdb	20.858	49.669	0	25.920
swarm_26_44.pdb	8.967	30.654	0.0625	25.773
swarm_25_126.pdb	15.069	39.507	0	25.740
swarm_12_56.pdb	19.962	37.964	0	25.700
swarm_25_44.pdb	14.670	41.621	0	25.640
swarm_22_182.pdb	9.742	24.689	0	25.562
swarm_27_141.pdb	13.012	46.874	0	25.546
swarm_24_100.pdb	14.014	35.057	0	24.964
swarm_61_159.pdb	5.485	18.909	0.15625	24.912
swarm_40_190.pdb	16.095	45.554	0	24.831
swarm_6_8.pdb	10.513	28.580	0	24.741
swarm_27_75.pdb	12.749	28.608	0	24.681
swarm_58_75.pdb	13.877	27.156	0	24.382
swarm_22_96.pdb	5.064	16.529	0.0729167	24.329
swarm_27_63.pdb	14.295	37.400	0	24.299
swarm_31_105.pdb	23.727	49.431	0	24.278
swarm_34_97.pdb	12.184	27.284	0	24.237
swarm_54_178.pdb	19.140	46.279	0	24.202
swarm_5_35.pdb	8.506	18.961	0.09375	23.584
swarm_51_147.pdb	22.787	46.322	0	23.388
swarm_48_11.pdb	18.425	44.940	0	22.996
swarm_20_99.pdb	9.637	29.321	0	22.952
swarm_23_24.pdb	14.751	37.250	0	22.789
swarm_58_25.pdb	8.737	19.190	0	22.511
swarm_16_92.pdb	3.102	10.603	0.583333	22.331
swarm_53_108.pdb	12.466	31.568	0	21.931
swarm_54_95.pdb	20.568	53.681	0	21.729
swarm_50_16.pdb	13.695	30.351	0	21.647
swarm_23_197.pdb	11.557	41.271	0.0208333	21.610
swarm_18_85.pdb	15.478	25.680	0	21.537
swarm_46_29.pdb	11.791	38.879	0	21.433
swarm_32_67.pdb	15.038	50.815	0	21.139
swarm_50_197.pdb	18.333	40.523	0	21.028
swarm_3_27.pdb	4.873	9.784	0.104167	20.592
swarm_53_62.pdb	10.958	35.519	0	20.523
swarm_15_49.pdb	8.897	25.334	0	20.280
swarm_53_128.pdb	14.177	37.360	0	20.043
swarm_60_31.pdb	23.132	46.659	0	20.000
swarm_65_106.pdb	16.421	38.226	0	18.949
swarm_2_8.pdb	6.909	14.763	0.0208333	18.745
swarm_0_102.pdb	9.708	32.653	0	18.552
swarm_32_190.pdb	17.204	33.723	0	18.504
swarm_4_149.pdb	15.208	40.350	0	18.410
swarm_54_108.pdb	10.232	32.858	0.0104167	17.324
swarm_23_152.pdb	10.256	35.082	0	16.124
swarm_53_165.pdb	10.002	38.983	0.0104167	15.570
swarm_44_57.pdb	23.988	51.759	0	13.950
swarm_23_34.pdb	10.079	32.753	0.0104167	13.797
swarm_6_134.pdb	9.594	26.483	0.0104167	11.605
swarm_54_131.pdb	20.873	48.531	0	11.315
swarm_53_128.pdb	15.654	35.069	0	10.375
swarm_54_183.pdb	14.147	37.934	0	10.070
swarm_63_60.pdb	10.083	21.370	0	9.249
swarm_6_92.pdb	7.391	14.822	0.166667	8.009
swarm_44_164.pdb	17.000	26.158	0	7.129
swarm_17_33.pdb	12.029	27.124	0	3.720
swarm_53_119.pdb	13.936	39.921	0	0.859
swarm_29_115.pdb	4.710	9.191	0.270833	0.220
