swarm_6_25.pdb	1.277	2.033	0.75	122.527
swarm_4_92.pdb	2.075	5.755	0.5625	121.559
swarm_5_23.pdb	1.582	4.629	0.6875	120.708
swarm_3_103.pdb	1.233	3.964	0.71875	119.145
swarm_0_104.pdb	1.818	3.342	0.6875	113.117
swarm_1_121.pdb	1.225	2.358	0.6875	110.948
swarm_7_196.pdb	2.198	5.591	0.635417	83.062
swarm_8_13.pdb	1.968	6.266	0.53125	80.742
swarm_2_167.pdb	3.470	13.022	0.291667	78.623
swarm_9_10.pdb	2.275	7.845	0.520833	74.016
swarm_7_20.pdb	3.861	9.959	0.302083	69.626
swarm_5_1.pdb	5.822	22.082	0.125	19.116
