swarm_35_149.pdb	15.238	25.013	0.03125	45.005
swarm_28_5.pdb	12.623	27.169	0	44.688
swarm_18_149.pdb	18.887	31.908	0.0208333	43.453
swarm_6_19.pdb	4.434	13.209	0.145833	42.353
swarm_39_36.pdb	18.443	32.284	0.0104167	41.020
swarm_28_190.pdb	21.644	37.280	0	40.569
swarm_55_191.pdb	16.612	31.681	0	40.054
swarm_53_86.pdb	20.294	34.111	0.0520833	39.590
swarm_41_56.pdb	21.213	33.474	0	39.451
swarm_44_95.pdb	18.944	31.590	0.0208333	38.962
swarm_49_132.pdb	15.975	27.812	0	38.722
swarm_5_111.pdb	28.798	60.213	0	38.624
swarm_3_150.pdb	16.150	30.003	0	37.433
swarm_19_180.pdb	21.013	37.341	0	36.487
swarm_53_139.pdb	19.436	33.680	0	36.161
swarm_44_75.pdb	19.462	33.848	0.0104167	35.708
swarm_41_121.pdb	19.191	35.993	0	35.680
swarm_50_185.pdb	16.277	36.733	0	35.527
swarm_25_68.pdb	20.553	48.066	0	35.337
swarm_49_172.pdb	18.986	33.618	0.0729167	35.071
swarm_48_144.pdb	20.244	46.333	0	34.308
swarm_46_136.pdb	18.188	36.328	0	33.941
swarm_55_52.pdb	19.900	34.460	0	33.922
swarm_9_87.pdb	14.557	27.709	0.0208333	33.233
swarm_8_48.pdb	18.050	38.072	0	33.137
swarm_18_125.pdb	19.689	35.980	0.0208333	32.855
swarm_41_48.pdb	17.655	28.433	0	32.666
swarm_49_144.pdb	18.714	29.755	0.0104167	32.419
swarm_46_8.pdb	14.753	30.233	0.0208333	32.343
swarm_20_52.pdb	16.731	40.452	0	32.281
swarm_52_52.pdb	18.614	45.077	0	32.157
swarm_40_187.pdb	18.046	41.405	0	31.873
swarm_52_138.pdb	15.557	32.635	0	31.729
swarm_39_11.pdb	19.011	27.982	0	31.718
swarm_50_33.pdb	18.795	34.742	0	31.680
swarm_9_136.pdb	19.909	35.908	0.03125	31.474
swarm_52_87.pdb	21.102	35.914	0	31.191
swarm_54_39.pdb	20.084	45.345	0	30.907
swarm_44_148.pdb	19.504	29.218	0	30.735
swarm_18_5.pdb	13.198	29.779	0	30.462
swarm_50_148.pdb	23.145	41.766	0	30.025
swarm_6_183.pdb	19.634	37.441	0	29.939
swarm_6_77.pdb	2.641	6.815	0.4375	29.935
swarm_4_178.pdb	22.439	39.953	0	29.762
swarm_36_54.pdb	23.166	59.153	0	29.627
swarm_24_107.pdb	21.205	41.484	0	29.618
swarm_31_107.pdb	20.909	32.009	0	29.452
swarm_49_22.pdb	16.931	28.423	0	29.336
swarm_44_195.pdb	11.459	24.580	0	29.056
swarm_52_175.pdb	19.044	39.397	0.03125	28.661
swarm_7_41.pdb	23.738	43.571	0	28.650
swarm_44_146.pdb	14.148	29.998	0	28.609
swarm_33_103.pdb	22.222	53.079	0	28.548
swarm_36_16.pdb	23.925	54.088	0	28.343
swarm_49_27.pdb	20.608	35.565	0	28.174
swarm_39_0.pdb	13.400	23.858	0.0625	28.029
swarm_20_1.pdb	14.271	36.954	0	28.018
swarm_41_3.pdb	15.123	25.782	0	27.947
swarm_25_59.pdb	19.883	50.469	0	27.913
swarm_18_45.pdb	19.948	41.616	0.0104167	27.817
swarm_48_154.pdb	24.722	44.869	0	27.771
swarm_49_112.pdb	17.772	27.568	0	27.604
swarm_46_41.pdb	19.601	33.733	0	27.500
swarm_5_12.pdb	25.955	63.085	0	27.402
swarm_59_84.pdb	21.543	51.353	0	26.729
swarm_52_34.pdb	20.986	36.182	0	26.561
swarm_32_7.pdb	21.085	35.422	0	26.485
swarm_5_170.pdb	28.213	62.288	0	26.387
swarm_48_15.pdb	22.553	54.450	0	26.339
swarm_20_141.pdb	22.657	48.529	0	26.282
swarm_52_39.pdb	22.499	38.908	0	26.272
swarm_44_64.pdb	14.859	23.994	0	26.240
swarm_33_114.pdb	24.544	56.181	0	26.226
swarm_25_57.pdb	22.058	53.175	0	26.099
swarm_24_17.pdb	20.780	44.804	0	25.762
swarm_48_181.pdb	27.188	51.567	0	25.666
swarm_4_171.pdb	28.134	49.970	0	25.604
swarm_24_156.pdb	21.686	44.227	0	25.481
swarm_58_106.pdb	26.351	48.730	0	25.071
swarm_25_10.pdb	24.781	52.476	0	25.027
swarm_33_166.pdb	18.747	45.946	0	24.901
swarm_32_38.pdb	21.905	46.936	0	24.780
swarm_33_107.pdb	25.340	60.942	0	24.752
swarm_51_156.pdb	21.243	49.644	0	24.741
swarm_32_80.pdb	19.881	39.031	0.0416667	24.720
swarm_49_159.pdb	20.815	35.569	0.0208333	24.572
swarm_19_12.pdb	12.469	33.189	0	24.533
swarm_8_20.pdb	26.951	46.740	0	24.385
swarm_38_133.pdb	24.072	58.021	0	24.348
swarm_25_108.pdb	23.682	50.250	0	24.314
swarm_59_95.pdb	31.428	59.186	0	23.745
swarm_13_167.pdb	30.946	60.589	0	23.683
swarm_11_32.pdb	22.224	46.921	0	23.529
swarm_20_151.pdb	24.934	49.590	0	23.348
swarm_51_101.pdb	25.396	56.779	0	23.277
swarm_20_138.pdb	16.130	41.421	0	23.275
swarm_11_59.pdb	31.031	63.127	0	23.260
swarm_50_192.pdb	21.416	41.325	0	23.203
swarm_4_32.pdb	27.529	51.859	0	23.177
swarm_18_57.pdb	20.368	37.635	0.0104167	23.172
swarm_11_22.pdb	21.558	54.111	0	23.000
swarm_46_105.pdb	14.355	25.913	0	22.945
swarm_50_45.pdb	22.855	43.981	0	22.920
swarm_44_26.pdb	21.240	32.832	0	22.655
swarm_59_180.pdb	29.047	56.203	0	22.628
swarm_48_121.pdb	23.388	44.720	0	22.576
swarm_24_18.pdb	24.604	45.660	0	22.426
swarm_51_77.pdb	21.130	51.930	0	22.409
swarm_26_175.pdb	21.016	34.179	0	22.362
swarm_8_138.pdb	22.793	47.684	0	22.278
swarm_8_78.pdb	25.731	42.726	0	22.243
swarm_45_56.pdb	29.676	54.363	0	22.125
swarm_25_67.pdb	26.435	50.465	0	22.031
swarm_22_76.pdb	25.174	53.967	0	21.963
swarm_9_24.pdb	21.570	33.593	0	21.914
swarm_45_59.pdb	31.432	59.801	0	21.903
swarm_41_84.pdb	8.054	15.898	0	21.889
swarm_47_10.pdb	21.458	63.468	0	21.887
swarm_34_138.pdb	30.879	59.052	0	21.822
swarm_4_94.pdb	28.120	52.974	0	21.742
swarm_51_87.pdb	28.047	59.469	0	21.680
swarm_4_108.pdb	26.373	54.277	0	21.663
swarm_48_114.pdb	26.543	50.724	0	21.549
swarm_20_180.pdb	22.370	47.895	0	21.535
swarm_18_160.pdb	18.838	31.433	0	21.469
swarm_32_34.pdb	22.743	41.587	0	21.286
swarm_38_76.pdb	26.203	58.883	0	21.280
swarm_12_184.pdb	28.503	54.520	0	21.216
swarm_52_41.pdb	18.295	39.276	0	21.026
swarm_59_4.pdb	24.273	57.513	0	20.941
swarm_56_93.pdb	28.053	62.269	0	20.821
swarm_41_156.pdb	15.068	25.076	0	20.453
swarm_48_131.pdb	26.559	52.998	0	20.450
swarm_6_167.pdb	19.119	34.022	0.0104167	20.101
swarm_24_25.pdb	21.751	52.819	0	20.067
swarm_59_82.pdb	18.646	53.700	0	19.971
swarm_2_18.pdb	31.975	62.082	0	19.686
swarm_25_127.pdb	23.819	45.480	0	19.461
swarm_51_166.pdb	24.582	47.517	0	19.092
swarm_36_100.pdb	23.899	57.640	0	18.766
swarm_16_45.pdb	21.835	36.191	0.03125	18.630
swarm_59_30.pdb	20.795	44.668	0	18.626
swarm_32_188.pdb	14.704	32.815	0	18.450
swarm_23_105.pdb	23.479	49.439	0	18.292
swarm_24_6.pdb	26.437	47.782	0	17.918
swarm_14_127.pdb	29.231	60.613	0	17.795
swarm_57_21.pdb	19.966	41.024	0	17.702
swarm_24_57.pdb	23.055	45.421	0	17.689
swarm_16_169.pdb	23.348	34.569	0	17.680
swarm_43_159.pdb	33.177	68.470	0	17.633
swarm_50_15.pdb	21.740	43.183	0	17.592
swarm_32_148.pdb	13.646	30.710	0.0208333	17.525
swarm_11_171.pdb	29.305	60.076	0	17.436
swarm_31_55.pdb	20.700	31.742	0	17.343
swarm_45_110.pdb	28.591	52.582	0	17.154
swarm_0_66.pdb	30.937	56.373	0	17.001
swarm_38_199.pdb	27.948	64.258	0	16.739
swarm_58_149.pdb	26.810	51.789	0	16.378
swarm_5_26.pdb	29.406	58.837	0	16.365
swarm_31_13.pdb	20.775	38.617	0	16.225
swarm_50_81.pdb	21.388	47.417	0	16.131
swarm_5_21.pdb	30.333	64.583	0	15.929
swarm_51_139.pdb	24.838	56.566	0	15.672
swarm_4_48.pdb	26.332	47.323	0	15.153
swarm_53_142.pdb	23.093	40.673	0	14.669
swarm_12_75.pdb	27.835	58.642	0	14.666
swarm_12_27.pdb	25.237	48.976	0	14.427
swarm_48_120.pdb	29.141	57.392	0	14.081
swarm_12_92.pdb	22.530	47.658	0	12.729
swarm_48_196.pdb	28.952	53.869	0	11.816
swarm_7_162.pdb	28.957	51.977	0	11.797
swarm_46_89.pdb	17.939	33.274	0	10.183
swarm_24_197.pdb	18.978	40.992	0.0625	9.132
swarm_47_145.pdb	28.069	67.210	0	9.077
swarm_59_193.pdb	28.783	54.769	0	8.164
swarm_16_0.pdb	17.069	37.869	0	7.170
swarm_39_162.pdb	13.889	25.587	0.0208333	2.674
