swarm_17_26.pdb	8.685	18.648	0	37.360
swarm_2_163.pdb	14.623	28.097	0.153846	36.516
swarm_33_49.pdb	13.389	26.944	0	33.895
swarm_38_181.pdb	16.035	34.428	0.0576923	32.931
swarm_7_151.pdb	10.995	23.487	0	31.557
swarm_19_57.pdb	14.206	28.712	0.0961538	30.780
swarm_2_74.pdb	9.863	17.054	0	29.852
swarm_38_75.pdb	13.997	27.918	0.173077	29.741
swarm_21_119.pdb	13.218	24.598	0	29.432
swarm_37_154.pdb	2.202	7.525	0.519231	29.036
swarm_38_112.pdb	14.068	27.632	0.134615	28.488
swarm_38_20.pdb	13.922	27.548	0.0192308	28.414
swarm_39_26.pdb	7.758	13.216	0	28.299
swarm_13_128.pdb	7.750	12.589	0	28.188
swarm_39_105.pdb	8.668	19.525	0	27.839
swarm_26_63.pdb	15.458	30.003	0.0192308	27.664
swarm_13_92.pdb	7.475	17.983	0.0961538	27.571
swarm_20_175.pdb	14.325	29.235	0	27.411
swarm_36_84.pdb	9.658	16.894	0	27.276
swarm_18_105.pdb	13.280	26.299	0.0576923	27.113
swarm_18_173.pdb	13.381	27.124	0.0192308	26.109
swarm_33_79.pdb	10.180	20.160	0	26.069
swarm_13_159.pdb	13.987	23.637	0	25.671
swarm_38_160.pdb	10.125	19.254	0	25.619
swarm_39_145.pdb	14.885	29.629	0.0576923	25.556
swarm_31_112.pdb	11.803	23.007	0	25.501
swarm_38_193.pdb	11.707	24.607	0.0192308	25.366
swarm_29_138.pdb	14.919	28.976	0.0769231	25.112
swarm_13_195.pdb	10.345	18.770	0	25.061
swarm_37_28.pdb	15.682	31.106	0	24.678
swarm_20_21.pdb	17.296	37.749	0	24.320
swarm_39_78.pdb	8.737	13.329	0	24.281
swarm_2_107.pdb	14.082	28.856	0.0384615	24.211
swarm_3_103.pdb	21.289	52.852	0	24.142
swarm_12_50.pdb	15.679	30.045	0	23.951
swarm_29_87.pdb	14.421	25.390	0	23.727
swarm_37_2.pdb	7.385	13.117	0	23.709
swarm_31_163.pdb	12.950	24.541	0	23.598
swarm_38_103.pdb	11.739	21.475	0	23.310
swarm_6_18.pdb	15.445	30.702	0	23.070
swarm_36_199.pdb	14.106	27.165	0.0192308	23.056
swarm_6_35.pdb	12.111	22.132	0	22.948
swarm_25_129.pdb	17.112	34.613	0	22.554
swarm_37_132.pdb	9.183	16.211	0	22.521
swarm_26_37.pdb	15.549	28.694	0	22.366
swarm_0_46.pdb	13.968	32.143	0	22.364
swarm_6_174.pdb	8.836	17.474	0	22.165
swarm_37_111.pdb	12.227	20.507	0	22.073
swarm_33_13.pdb	16.158	32.732	0	22.038
swarm_13_118.pdb	15.772	27.542	0	22.028
swarm_6_98.pdb	7.635	12.734	0	22.005
swarm_21_67.pdb	17.184	35.565	0	21.946
swarm_12_142.pdb	15.381	29.277	0.0384615	21.761
swarm_17_142.pdb	15.871	27.578	0	21.550
swarm_37_189.pdb	14.893	32.060	0	21.183
swarm_0_49.pdb	16.896	33.663	0	21.134
swarm_0_11.pdb	16.745	32.873	0	21.048
swarm_4_55.pdb	21.162	53.543	0	21.005
swarm_12_180.pdb	12.441	24.815	0.0769231	20.733
swarm_36_107.pdb	12.443	22.739	0	20.549
swarm_17_40.pdb	15.849	26.912	0	20.420
swarm_37_121.pdb	12.092	22.415	0	20.323
swarm_2_150.pdb	15.319	28.515	0	20.275
swarm_18_168.pdb	12.707	24.556	0	19.597
swarm_18_36.pdb	13.676	29.227	0	19.561
swarm_36_66.pdb	14.648	26.937	0	19.382
swarm_33_158.pdb	15.401	31.038	0	19.292
swarm_13_32.pdb	14.048	26.835	0	19.111
swarm_4_157.pdb	19.451	50.061	0	18.625
swarm_30_18.pdb	8.891	17.800	0	18.470
swarm_23_42.pdb	16.094	32.630	0	18.325
swarm_31_193.pdb	11.758	22.074	0	17.869
swarm_15_25.pdb	15.615	38.717	0	17.832
swarm_10_194.pdb	18.427	37.525	0	17.808
swarm_18_183.pdb	15.451	31.306	0	17.691
swarm_2_175.pdb	10.903	20.456	0	17.575
swarm_29_26.pdb	15.966	30.350	0	17.434
swarm_36_124.pdb	5.660	12.294	0.0961538	17.401
swarm_6_13.pdb	13.825	29.618	0	17.116
swarm_23_121.pdb	8.625	17.799	0.0576923	16.779
swarm_16_13.pdb	13.876	27.955	0	16.066
swarm_7_55.pdb	7.377	17.115	0.0769231	15.884
swarm_29_4.pdb	15.067	29.402	0	15.221
swarm_30_170.pdb	15.840	27.567	0	15.127
swarm_13_18.pdb	14.194	27.531	0.0769231	14.160
swarm_1_116.pdb	21.150	55.541	0	14.055
swarm_38_56.pdb	12.821	23.663	0	13.868
swarm_12_129.pdb	11.187	17.986	0	13.780
