swarm_11_152.pdb	17.310	44.329	0	46.120
swarm_41_180.pdb	10.089	21.643	0	43.395
swarm_27_104.pdb	4.827	15.251	0.0961538	41.080
swarm_57_110.pdb	2.243	7.719	0.711538	39.957
swarm_41_22.pdb	11.720	33.525	0	38.962
swarm_43_128.pdb	11.016	23.831	0	38.031
swarm_33_165.pdb	9.149	15.417	0	37.569
swarm_43_134.pdb	7.298	16.020	0.0384615	37.487
swarm_14_44.pdb	11.724	32.134	0	37.444
swarm_45_26.pdb	2.220	7.853	0.730769	37.167
swarm_39_162.pdb	8.006	16.688	0	36.758
swarm_39_169.pdb	5.202	17.781	0.0384615	36.373
swarm_56_106.pdb	2.291	7.916	0.615385	36.295
swarm_35_97.pdb	2.928	10.189	0.365385	36.153
swarm_41_30.pdb	2.474	8.389	0.519231	36.067
swarm_32_47.pdb	1.888	6.694	0.576923	35.908
swarm_23_84.pdb	7.679	15.912	0	35.877
swarm_62_29.pdb	11.602	23.765	0	35.825
swarm_5_61.pdb	10.166	28.816	0	35.255
swarm_28_195.pdb	6.213	19.051	0.0384615	35.231
swarm_6_5.pdb	16.204	39.849	0	35.205
swarm_39_111.pdb	11.546	34.264	0	35.168
swarm_35_0.pdb	8.923	19.389	0	35.108
swarm_12_21.pdb	2.644	9.708	0.557692	34.835
swarm_1_104.pdb	7.540	16.585	0.0961538	34.559
swarm_13_22.pdb	11.806	31.409	0	34.441
swarm_38_3.pdb	9.157	20.276	0.0192308	34.383
swarm_61_37.pdb	11.427	29.834	0	34.335
swarm_5_193.pdb	17.222	47.054	0	34.225
swarm_34_51.pdb	7.729	17.430	0.0192308	34.159
swarm_31_148.pdb	10.732	29.538	0	34.065
swarm_37_151.pdb	2.762	9.255	0.461538	33.614
swarm_36_119.pdb	6.450	9.192	0	33.288
swarm_6_120.pdb	11.479	31.344	0	33.268
swarm_1_83.pdb	8.295	14.766	0	33.214
swarm_40_86.pdb	7.808	14.593	0	33.175
swarm_29_34.pdb	11.147	29.976	0	33.004
swarm_19_164.pdb	10.639	30.514	0	32.935
swarm_34_176.pdb	5.354	18.555	0.0384615	32.890
swarm_34_139.pdb	3.916	11.201	0.211538	32.768
swarm_26_136.pdb	8.202	14.231	0	32.585
swarm_21_24.pdb	11.459	34.072	0	32.544
swarm_43_146.pdb	7.662	14.429	0.0192308	32.243
swarm_1_25.pdb	2.615	8.243	0.461538	32.063
swarm_48_158.pdb	2.754	10.027	0.480769	32.018
swarm_12_198.pdb	8.693	18.012	0	31.901
swarm_40_78.pdb	5.877	14.708	0.0961538	31.851
swarm_2_96.pdb	4.046	12.560	0.134615	31.744
swarm_41_98.pdb	10.865	37.193	0	31.587
swarm_34_108.pdb	9.215	23.820	0.0384615	31.508
swarm_64_2.pdb	7.829	18.042	0.0769231	31.347
swarm_43_40.pdb	5.042	13.744	0.115385	31.289
swarm_34_129.pdb	16.655	45.794	0	31.229
swarm_34_162.pdb	7.702	13.980	0	31.228
swarm_37_119.pdb	6.383	9.827	0	31.172
swarm_3_177.pdb	17.774	45.122	0	31.130
swarm_13_145.pdb	10.668	31.239	0	31.006
swarm_17_130.pdb	11.346	32.734	0	30.802
swarm_2_191.pdb	11.095	32.763	0	30.704
swarm_11_7.pdb	16.314	39.138	0	30.520
swarm_64_141.pdb	7.353	16.431	0.0384615	30.496
swarm_35_61.pdb	7.814	24.186	0	30.460
swarm_42_18.pdb	6.278	15.970	0.0769231	30.286
swarm_56_79.pdb	5.460	18.504	0.0769231	30.214
swarm_12_1.pdb	3.031	9.454	0.230769	29.960
swarm_7_5.pdb	11.071	31.525	0	29.937
swarm_3_35.pdb	7.556	17.204	0.0961538	29.520
swarm_43_91.pdb	10.848	22.083	0	29.518
swarm_34_88.pdb	4.300	11.900	0.134615	29.464
swarm_32_101.pdb	7.615	14.675	0.0192308	29.414
swarm_43_110.pdb	2.041	5.609	0.615385	29.403
swarm_3_76.pdb	7.533	18.580	0.0384615	29.281
swarm_13_60.pdb	15.777	36.099	0	29.175
swarm_62_125.pdb	8.155	17.912	0.0769231	28.972
swarm_38_79.pdb	6.003	13.964	0.0769231	28.966
swarm_52_28.pdb	2.923	6.972	0.269231	28.928
swarm_18_24.pdb	11.346	30.138	0	28.856
swarm_1_19.pdb	3.053	7.402	0.269231	28.797
swarm_55_16.pdb	10.757	27.855	0	28.697
swarm_53_55.pdb	5.394	15.537	0.0192308	28.690
swarm_12_45.pdb	2.977	5.644	0.307692	28.264
swarm_21_134.pdb	15.561	38.421	0	28.202
swarm_62_153.pdb	12.642	26.341	0	28.129
swarm_23_53.pdb	7.635	14.320	0	27.917
swarm_17_178.pdb	12.936	37.415	0	27.905
swarm_1_120.pdb	6.405	14.132	0.0576923	27.654
swarm_41_161.pdb	7.150	14.831	0.0576923	27.581
swarm_50_143.pdb	8.998	16.614	0	27.542
swarm_30_49.pdb	5.836	16.529	0.0576923	27.336
swarm_30_97.pdb	7.602	14.657	0	27.196
swarm_3_87.pdb	6.866	23.648	0.0961538	27.121
swarm_27_85.pdb	7.662	22.580	0	27.096
swarm_59_40.pdb	7.473	15.489	0.0384615	26.956
swarm_52_118.pdb	6.645	17.800	0.0384615	26.815
swarm_19_175.pdb	14.809	35.672	0	26.794
swarm_12_191.pdb	10.217	18.582	0	26.763
swarm_18_176.pdb	6.640	23.809	0.115385	26.704
swarm_36_147.pdb	11.598	30.666	0	26.589
swarm_63_26.pdb	5.834	13.095	0.0961538	26.547
swarm_51_145.pdb	0.724	1.566	0.846154	26.547
swarm_19_156.pdb	10.174	34.363	0	26.528
swarm_2_89.pdb	8.086	18.708	0.0192308	26.402
swarm_39_66.pdb	8.086	23.532	0.115385	26.286
swarm_3_140.pdb	10.001	29.707	0	25.994
swarm_0_19.pdb	8.591	18.654	0	25.937
swarm_31_142.pdb	8.321	28.745	0.153846	25.934
swarm_15_11.pdb	13.111	24.613	0	25.792
swarm_62_174.pdb	5.017	11.163	0.153846	25.694
swarm_7_13.pdb	12.985	37.359	0	25.601
swarm_9_111.pdb	7.682	24.657	0	25.533
swarm_19_168.pdb	10.191	28.238	0	25.465
swarm_22_50.pdb	15.448	36.412	0	25.270
swarm_37_27.pdb	7.385	16.537	0.0192308	25.154
swarm_38_17.pdb	12.598	24.531	0	24.886
swarm_34_27.pdb	8.089	17.835	0.0192308	24.820
swarm_49_197.pdb	4.535	14.784	0.0769231	24.712
swarm_17_53.pdb	15.469	33.286	0	24.647
swarm_29_81.pdb	12.477	24.743	0	24.629
swarm_19_90.pdb	7.228	25.370	0.134615	24.580
swarm_27_53.pdb	7.641	21.491	0.0769231	24.540
swarm_2_63.pdb	8.121	18.780	0.0192308	24.469
swarm_50_171.pdb	4.927	9.134	0.0769231	24.387
swarm_10_173.pdb	8.229	23.076	0	24.324
swarm_15_135.pdb	6.249	16.828	0.0384615	24.132
swarm_19_115.pdb	7.419	17.744	0.0192308	24.131
swarm_12_31.pdb	9.488	17.212	0	24.124
swarm_47_170.pdb	9.790	29.012	0	24.075
swarm_24_154.pdb	9.972	27.869	0	23.996
swarm_63_110.pdb	6.933	16.611	0.0576923	23.991
swarm_23_57.pdb	8.717	13.972	0	23.909
swarm_15_176.pdb	13.383	27.731	0	23.860
swarm_41_102.pdb	7.179	14.171	0.0192308	23.847
swarm_60_113.pdb	6.845	24.667	0.0192308	23.808
swarm_23_150.pdb	16.598	45.528	0	23.689
swarm_43_125.pdb	10.704	19.521	0	23.463
swarm_37_12.pdb	10.879	32.566	0	23.422
swarm_49_183.pdb	9.727	24.356	0	23.253
swarm_42_93.pdb	8.007	26.599	0.153846	23.249
swarm_5_31.pdb	13.566	27.332	0	23.052
swarm_15_111.pdb	10.062	27.005	0	22.952
swarm_20_48.pdb	10.495	21.489	0	22.812
swarm_19_77.pdb	11.324	23.998	0	22.573
swarm_29_97.pdb	5.682	17.891	0.0961538	22.413
swarm_28_98.pdb	5.213	16.147	0.230769	22.183
swarm_37_152.pdb	7.220	16.814	0.0384615	22.157
swarm_11_99.pdb	15.966	34.698	0	22.087
swarm_25_33.pdb	10.905	30.783	0	22.003
swarm_28_190.pdb	4.298	9.202	0.115385	21.961
swarm_10_133.pdb	14.571	30.478	0	21.949
swarm_54_182.pdb	15.212	46.361	0	21.828
swarm_35_41.pdb	6.335	22.521	0.115385	21.784
swarm_39_86.pdb	8.342	18.551	0	21.680
swarm_36_78.pdb	4.570	9.343	0.230769	21.572
swarm_29_103.pdb	8.108	14.894	0	21.376
swarm_35_98.pdb	7.530	17.604	0	21.315
swarm_33_180.pdb	7.297	25.270	0.0961538	21.311
swarm_1_79.pdb	4.125	9.372	0.25	20.860
swarm_43_85.pdb	4.197	7.258	0.115385	20.848
swarm_33_115.pdb	7.615	22.209	0.153846	20.777
swarm_33_184.pdb	8.194	19.206	0	20.766
swarm_65_118.pdb	11.229	32.628	0	20.756
swarm_33_191.pdb	9.524	29.550	0	20.719
swarm_2_124.pdb	6.782	14.208	0	20.697
swarm_43_156.pdb	6.932	13.875	0.0576923	20.596
swarm_24_58.pdb	6.512	22.800	0.0961538	20.407
swarm_22_144.pdb	13.261	30.405	0	20.270
swarm_18_52.pdb	10.878	26.769	0	20.124
swarm_35_165.pdb	4.251	9.953	0.211538	19.920
swarm_49_70.pdb	10.610	21.063	0	19.898
swarm_1_28.pdb	8.253	21.654	0.0961538	19.890
swarm_60_56.pdb	11.701	28.466	0	19.792
swarm_7_149.pdb	5.626	13.759	0.0384615	19.764
swarm_43_27.pdb	2.407	4.336	0.576923	19.495
swarm_18_24.pdb	6.613	11.805	0.0384615	19.239
swarm_7_136.pdb	9.063	30.559	0	19.218
swarm_30_72.pdb	5.722	17.704	0.192308	18.994
swarm_53_28.pdb	15.754	44.428	0	18.880
swarm_41_109.pdb	10.955	24.624	0	18.563
swarm_35_121.pdb	8.500	20.483	0.0192308	18.018
swarm_0_115.pdb	9.975	25.335	0.0192308	17.488
swarm_36_168.pdb	6.409	15.238	0.0769231	17.191
swarm_30_22.pdb	11.167	20.706	0	16.597
swarm_26_64.pdb	7.661	17.289	0	16.327
swarm_26_125.pdb	8.017	23.767	0.134615	16.324
swarm_49_93.pdb	11.185	23.684	0	16.249
swarm_36_157.pdb	10.813	24.084	0	16.179
swarm_37_104.pdb	10.330	17.602	0	16.104
swarm_44_11.pdb	10.840	23.084	0	15.994
swarm_44_151.pdb	8.093	18.729	0	15.546
swarm_33_67.pdb	10.434	22.271	0	15.245
swarm_12_11.pdb	5.761	8.945	0.0192308	15.226
swarm_26_52.pdb	7.791	21.693	0.0384615	15.095
swarm_42_59.pdb	6.897	21.830	0.115385	14.903
swarm_4_167.pdb	9.970	27.228	0	14.489
swarm_6_74.pdb	11.011	21.052	0	13.802
swarm_0_177.pdb	6.584	20.166	0.0576923	13.200
swarm_51_61.pdb	7.820	21.065	0.0384615	12.958
swarm_1_124.pdb	5.775	13.105	0.115385	7.200
