swarm_42_80.pdb	1.687	5.528	0.865385	54.540
swarm_1_161.pdb	1.422	3.750	0.903846	52.735
swarm_52_57.pdb	1.544	4.282	0.846154	47.565
swarm_25_95.pdb	1.492	4.171	0.865385	46.576
swarm_35_133.pdb	2.076	6.440	0.653846	46.114
swarm_45_48.pdb	2.616	9.510	0.538462	45.535
swarm_36_59.pdb	5.033	16.618	0.115385	45.099
swarm_50_182.pdb	1.703	5.630	0.75	41.450
swarm_12_147.pdb	2.042	6.969	0.538462	41.371
swarm_39_173.pdb	4.886	14.439	0.134615	40.959
swarm_50_73.pdb	7.852	17.080	0	40.480
swarm_23_135.pdb	7.849	16.591	0	40.315
swarm_34_30.pdb	3.213	11.416	0.25	40.036
swarm_33_30.pdb	2.119	5.528	0.653846	39.849
swarm_1_119.pdb	4.110	11.514	0.211538	39.666
swarm_37_189.pdb	9.794	22.474	0	38.601
swarm_37_199.pdb	7.786	23.504	0	37.662
swarm_34_10.pdb	8.162	14.278	0	37.619
swarm_43_130.pdb	2.944	10.193	0.230769	37.145
swarm_23_50.pdb	1.252	3.890	0.826923	36.843
swarm_13_12.pdb	7.907	22.728	0.0192308	35.412
swarm_16_126.pdb	4.990	16.784	0.0769231	34.734
swarm_52_104.pdb	7.496	17.625	0.0384615	34.211
swarm_38_124.pdb	3.048	10.994	0.288462	34.081
swarm_42_13.pdb	4.051	13.646	0.423077	33.584
swarm_25_151.pdb	7.949	15.133	0.0192308	33.421
swarm_44_146.pdb	3.146	9.996	0.365385	32.666
swarm_44_74.pdb	8.334	24.667	0.0192308	32.459
swarm_32_82.pdb	2.039	5.140	0.615385	32.292
swarm_33_168.pdb	6.817	12.931	0.0192308	31.074
swarm_39_55.pdb	9.192	26.913	0	31.000
swarm_47_72.pdb	7.823	28.800	0.0192308	30.899
swarm_0_51.pdb	5.545	15.296	0.0961538	30.890
swarm_6_89.pdb	5.928	18.471	0.115385	30.826
swarm_48_184.pdb	6.817	13.297	0.0192308	30.415
swarm_17_143.pdb	9.776	32.344	0	30.200
swarm_26_120.pdb	2.218	5.225	0.557692	30.155
swarm_43_198.pdb	5.165	16.583	0.153846	30.149
swarm_51_69.pdb	5.937	17.602	0.0576923	30.079
swarm_2_140.pdb	8.357	28.919	0.153846	29.990
swarm_47_17.pdb	12.012	38.102	0	29.871
swarm_45_71.pdb	4.775	16.046	0.192308	29.848
swarm_24_135.pdb	8.544	32.469	0.0192308	29.727
swarm_7_122.pdb	10.074	32.468	0	29.571
swarm_34_125.pdb	2.897	7.436	0.307692	29.497
swarm_14_195.pdb	8.153	28.246	0.134615	29.455
swarm_7_12.pdb	11.102	36.366	0	29.305
swarm_28_26.pdb	6.776	19.924	0.0576923	29.278
swarm_10_170.pdb	10.276	32.935	0	29.225
swarm_49_33.pdb	3.718	9.559	0.269231	29.152
swarm_34_63.pdb	5.104	12.154	0.173077	28.983
swarm_45_49.pdb	7.427	22.875	0	28.892
swarm_11_54.pdb	4.815	11.856	0.307692	28.657
swarm_26_13.pdb	3.761	12.453	0.25	28.510
swarm_40_190.pdb	5.772	16.397	0.0769231	28.482
swarm_27_177.pdb	10.237	35.896	0	28.410
swarm_8_0.pdb	10.004	31.649	0	28.086
swarm_31_177.pdb	10.147	32.234	0	27.797
swarm_23_128.pdb	7.349	12.561	0.0192308	27.720
swarm_15_194.pdb	9.426	34.489	0	27.717
swarm_30_86.pdb	8.591	20.228	0	27.627
swarm_39_167.pdb	9.143	22.627	0.0192308	27.591
swarm_42_73.pdb	2.162	6.947	0.692308	27.440
swarm_40_54.pdb	7.383	13.894	0	27.230
swarm_47_37.pdb	10.621	34.537	0	27.229
swarm_27_53.pdb	8.076	27.208	0.0961538	27.117
swarm_36_196.pdb	4.504	14.624	0.326923	27.073
swarm_20_176.pdb	9.779	34.245	0	27.065
swarm_6_114.pdb	10.639	31.645	0	26.938
swarm_32_159.pdb	7.612	13.371	0	26.413
swarm_5_4.pdb	4.329	13.502	0.134615	25.813
swarm_3_5.pdb	10.739	34.258	0	25.778
swarm_23_141.pdb	5.025	14.649	0.0961538	25.393
swarm_46_188.pdb	9.220	30.765	0.0384615	25.231
swarm_4_152.pdb	6.713	21.297	0	25.152
swarm_35_31.pdb	2.999	8.868	0.269231	25.133
swarm_18_119.pdb	7.115	21.097	0.0384615	24.902
swarm_41_95.pdb	7.318	25.765	0.115385	24.891
swarm_29_16.pdb	6.277	17.880	0	24.739
swarm_52_49.pdb	7.600	16.027	0.0192308	24.717
swarm_8_185.pdb	7.026	22.839	0.0576923	24.607
swarm_42_12.pdb	4.110	8.919	0.403846	24.495
swarm_33_38.pdb	5.634	9.314	0.0192308	24.427
swarm_45_97.pdb	6.254	15.341	0.0192308	24.123
swarm_41_117.pdb	6.991	24.670	0.173077	23.874
swarm_15_55.pdb	6.871	25.424	0.0192308	23.668
swarm_3_65.pdb	10.810	35.385	0	23.568
swarm_18_104.pdb	6.264	21.289	0.0961538	23.566
swarm_4_25.pdb	3.551	11.779	0.25	23.549
swarm_10_174.pdb	8.720	27.023	0.0384615	23.515
swarm_31_0.pdb	6.096	19.505	0.0961538	23.509
swarm_47_8.pdb	11.595	37.477	0.0192308	23.359
swarm_13_99.pdb	9.609	30.492	0	23.347
swarm_31_124.pdb	11.281	33.881	0.0192308	23.234
swarm_30_43.pdb	5.052	16.147	0.0961538	23.224
swarm_11_97.pdb	4.702	15.180	0.442308	23.210
swarm_52_127.pdb	10.396	19.172	0	23.165
swarm_11_100.pdb	5.120	16.864	0.153846	22.980
swarm_42_33.pdb	6.123	11.744	0.115385	22.950
swarm_18_106.pdb	7.593	15.812	0	22.839
swarm_21_39.pdb	7.506	26.568	0.173077	22.831
swarm_8_196.pdb	8.814	27.382	0.115385	22.801
swarm_1_38.pdb	7.069	13.402	0.0384615	22.737
swarm_50_58.pdb	6.476	14.151	0.0384615	22.735
swarm_34_158.pdb	5.026	11.397	0.0769231	22.732
swarm_3_4.pdb	9.424	28.849	0.0769231	22.644
swarm_49_124.pdb	10.290	19.152	0	22.574
swarm_9_77.pdb	12.436	39.039	0	22.456
swarm_36_11.pdb	10.763	28.734	0	22.408
swarm_22_143.pdb	7.219	24.698	0.173077	21.825
swarm_50_6.pdb	5.071	11.332	0.0576923	21.739
swarm_14_186.pdb	9.075	31.467	0	21.402
swarm_14_26.pdb	5.993	19.489	0.326923	21.356
swarm_13_58.pdb	11.876	33.528	0	21.205
swarm_30_74.pdb	7.387	12.764	0	21.137
swarm_23_84.pdb	7.689	16.292	0.0384615	20.778
swarm_1_46.pdb	4.838	10.650	0.0961538	20.596
swarm_12_93.pdb	5.820	13.170	0.153846	20.590
swarm_2_37.pdb	4.293	12.500	0.134615	20.585
swarm_5_8.pdb	6.982	22.242	0.0961538	20.520
swarm_25_106.pdb	4.137	10.122	0.0961538	20.481
swarm_21_160.pdb	7.987	29.177	0	20.411
swarm_17_116.pdb	8.106	25.767	0.0384615	20.381
swarm_25_58.pdb	4.460	13.991	0.25	20.320
swarm_15_28.pdb	6.794	24.330	0.153846	20.318
swarm_0_161.pdb	2.760	8.499	0.596154	20.249
swarm_11_92.pdb	4.988	12.708	0.0576923	20.245
swarm_7_96.pdb	9.638	28.039	0.115385	20.154
swarm_8_173.pdb	6.583	19.934	0.0192308	19.976
swarm_35_76.pdb	6.240	16.513	0.0769231	19.934
swarm_42_35.pdb	7.720	15.763	0.0769231	19.886
swarm_49_156.pdb	7.924	20.789	0	19.852
swarm_26_60.pdb	4.438	13.868	0.173077	19.667
swarm_49_35.pdb	3.098	10.835	0.480769	19.615
swarm_19_10.pdb	10.399	32.428	0.0384615	19.573
swarm_16_93.pdb	10.240	27.785	0.0192308	19.550
swarm_10_13.pdb	5.617	17.556	0.0192308	19.445
swarm_32_179.pdb	6.085	18.130	0.0576923	19.352
swarm_6_47.pdb	7.178	19.217	0	19.319
swarm_3_196.pdb	9.443	33.158	0.134615	19.294
swarm_38_154.pdb	5.958	17.025	0.0961538	19.257
swarm_16_67.pdb	9.454	22.384	0	19.117
swarm_5_109.pdb	11.653	26.864	0	19.112
swarm_27_90.pdb	7.288	27.201	0.0192308	18.803
swarm_3_103.pdb	6.249	22.092	0.0192308	18.752
swarm_28_63.pdb	6.601	21.051	0.0384615	18.741
swarm_20_46.pdb	7.384	25.232	0	18.633
swarm_16_26.pdb	5.698	18.582	0.192308	18.552
swarm_46_151.pdb	6.109	19.874	0.192308	18.538
swarm_32_107.pdb	4.616	10.788	0.0192308	18.472
swarm_21_172.pdb	7.616	21.131	0.0192308	18.352
swarm_14_111.pdb	9.410	32.034	0.0384615	18.329
swarm_8_47.pdb	11.499	33.661	0.0576923	18.279
swarm_22_73.pdb	6.812	21.226	0.173077	18.118
swarm_31_116.pdb	12.802	31.485	0	18.038
swarm_22_194.pdb	4.874	15.616	0.423077	18.026
swarm_22_46.pdb	5.917	21.058	0.25	17.981
swarm_30_180.pdb	4.960	15.833	0.211538	17.675
swarm_9_86.pdb	11.805	34.362	0.0384615	17.589
swarm_2_120.pdb	6.666	21.754	0.25	17.509
swarm_41_136.pdb	5.752	17.893	0.0192308	17.321
swarm_23_56.pdb	3.831	12.547	0.211538	17.319
swarm_19_27.pdb	8.285	29.647	0	17.252
swarm_3_146.pdb	9.642	30.103	0.0769231	17.082
swarm_11_180.pdb	7.327	22.202	0.134615	16.965
swarm_20_152.pdb	7.138	26.695	0.0192308	16.621
swarm_2_157.pdb	7.229	22.428	0.134615	16.170
swarm_22_22.pdb	8.872	28.691	0.153846	16.158
swarm_20_138.pdb	11.113	33.347	0.0192308	15.798
swarm_32_121.pdb	7.107	21.389	0.0961538	15.733
swarm_34_73.pdb	6.827	11.004	0.0192308	15.558
swarm_19_84.pdb	6.953	21.091	0.0769231	15.222
swarm_28_171.pdb	9.274	26.094	0	14.906
swarm_10_80.pdb	10.558	30.104	0.0192308	14.897
swarm_4_192.pdb	12.828	29.609	0.0384615	13.631
swarm_38_185.pdb	10.135	25.279	0.0576923	12.585
swarm_52_126.pdb	6.426	19.230	0.192308	11.796
swarm_43_68.pdb	8.528	20.029	0.269231	8.617
swarm_25_166.pdb	9.845	22.215	0	8.323
