run1-swarm_38_179.pdb	2.045	6.901	0.692308	46.855
run1-swarm_34_164.pdb	2.212	6.752	0.653846	46.595
run1-swarm_21_116.pdb	2.125	6.574	0.730769	44.715
run1-swarm_30_98.pdb	2.475	7.342	0.576923	44.500
run1-swarm_40_27.pdb	1.710	4.943	0.846154	42.190
run1-swarm_34_181.pdb	3.985	12.892	0.269231	41.714
run1-swarm_22_99.pdb	2.455	7.860	0.519231	40.976
run1-swarm_1_153.pdb	2.097	6.894	0.730769	40.329
run0-swarm_38_157.pdb	1.371	4.291	0.826923	39.787
run0-swarm_56_42.pdb	1.530	4.362	0.865385	39.607
run1-swarm_21_25.pdb	3.782	10.894	0.326923	38.906
run1-swarm_1_194.pdb	3.516	11.849	0.442308	38.753
run1-swarm_38_182.pdb	8.361	20.153	0.0961538	37.731
run1-swarm_23_114.pdb	1.815	6.386	0.711538	37.341
run1-swarm_27_0.pdb	7.168	21.435	0.192308	37.336
run0-swarm_34_50.pdb	4.842	14.541	0.115385	37.309
run1-swarm_34_51.pdb	7.219	16.556	0.115385	36.770
run1-swarm_6_29.pdb	2.921	9.308	0.423077	36.680
run1-swarm_8_150.pdb	10.546	31.438	0	36.225
run1-swarm_1_101.pdb	6.338	14.234	0.115385	36.158
run1-swarm_31_40.pdb	4.781	15.956	0.134615	35.863
run1-swarm_7_122.pdb	10.146	31.281	0	35.672
run1-swarm_24_50.pdb	4.130	13.506	0.192308	35.468
run1-swarm_37_37.pdb	7.058	14.052	0	35.327
run0-swarm_48_182.pdb	4.949	13.959	0.115385	35.102
run1-swarm_12_108.pdb	1.442	3.062	0.788462	34.955
run1-swarm_36_183.pdb	5.688	15.484	0.173077	34.414
run1-swarm_18_118.pdb	10.285	35.213	0	34.257
run1-swarm_12_20.pdb	4.993	16.260	0.230769	34.145
run1-swarm_39_132.pdb	6.255	15.433	0.0576923	33.414
run0-swarm_1_177.pdb	0.652	0.750	0.826923	33.388
run1-swarm_32_177.pdb	3.131	11.275	0.423077	33.365
run1-swarm_25_35.pdb	7.763	23.737	0	33.302
run1-swarm_31_16.pdb	7.975	22.779	0.134615	33.261
run0-swarm_1_23.pdb	5.137	15.222	0.211538	33.246
run1-swarm_22_148.pdb	5.780	16.865	0.211538	33.204
run1-swarm_37_91.pdb	2.514	6.803	0.403846	33.094
run1-swarm_9_193.pdb	5.760	19.479	0.0192308	32.979
run1-swarm_25_48.pdb	10.243	29.348	0	32.950
run1-swarm_12_24.pdb	4.062	10.614	0.211538	32.803
run1-swarm_21_156.pdb	10.937	23.057	0	32.689
run1-swarm_36_175.pdb	6.329	17.073	0.0576923	32.622
run1-swarm_40_37.pdb	6.574	15.692	0.115385	32.454
run0-swarm_54_100.pdb	4.792	14.351	0.192308	32.440
run0-swarm_23_130.pdb	7.127	19.692	0.173077	32.305
run1-swarm_6_169.pdb	6.739	17.905	0.192308	32.066
run1-swarm_24_153.pdb	8.079	21.880	0.0192308	31.969
run1-swarm_19_191.pdb	11.336	35.824	0	31.890
run1-swarm_31_45.pdb	6.502	16.959	0.134615	31.700
run1-swarm_22_196.pdb	8.121	20.401	0.0384615	31.668
run1-swarm_4_108.pdb	7.150	19.792	0.192308	31.510
run0-swarm_45_42.pdb	3.420	10.877	0.288462	31.501
run1-swarm_38_139.pdb	6.441	14.080	0.0192308	31.486
run0-swarm_44_165.pdb	7.433	14.952	0	31.324
run1-swarm_28_22.pdb	9.959	21.539	0	31.279
run1-swarm_28_156.pdb	5.355	11.073	0.0769231	30.944
run0-swarm_23_50.pdb	6.732	9.916	0	30.898
run1-swarm_15_170.pdb	10.725	33.168	0	30.678
run0-swarm_47_21.pdb	5.069	14.123	0.25	30.637
run1-swarm_3_188.pdb	9.376	27.888	0	30.523
run1-swarm_12_17.pdb	8.233	21.122	0.0384615	30.272
run1-swarm_26_188.pdb	6.186	17.827	0.0576923	30.135
run0-swarm_8_35.pdb	4.739	14.478	0.0769231	29.915
run1-swarm_26_27.pdb	6.797	19.794	0.153846	29.809
run1-swarm_24_54.pdb	7.878	22.704	0.0576923	29.540
run0-swarm_58_94.pdb	8.464	15.400	0	29.535
run0-swarm_33_133.pdb	5.118	16.655	0.0961538	29.535
run1-swarm_39_105.pdb	7.825	17.378	0	29.465
run1-swarm_16_159.pdb	12.216	40.112	0	29.258
run1-swarm_28_12.pdb	6.270	14.214	0.115385	29.245
run0-swarm_27_74.pdb	5.384	14.959	0.153846	29.223
run0-swarm_58_16.pdb	3.930	11.460	0.0961538	29.100
run0-swarm_46_99.pdb	8.371	12.973	0	29.019
run1-swarm_0_168.pdb	5.883	17.072	0.0576923	28.972
run0-swarm_52_119.pdb	1.708	2.871	0.673077	28.835
run0-swarm_45_105.pdb	9.424	20.547	0	28.832
run0-swarm_60_88.pdb	4.082	11.911	0.153846	28.803
run1-swarm_40_5.pdb	7.188	14.984	0.0384615	28.712
run0-swarm_26_72.pdb	7.068	24.429	0.153846	28.658
run1-swarm_32_70.pdb	6.965	20.611	0.134615	28.491
run1-swarm_20_93.pdb	10.153	30.691	0	28.446
run0-swarm_46_6.pdb	4.292	10.883	0.211538	28.428
run0-swarm_61_10.pdb	4.578	13.665	0.0769231	28.325
run0-swarm_39_58.pdb	8.461	28.912	0.134615	28.278
run0-swarm_20_166.pdb	7.783	22.870	0.0192308	28.103
run1-swarm_34_159.pdb	7.134	15.582	0.0769231	28.033
run1-swarm_21_113.pdb	8.054	16.367	0	27.947
run1-swarm_11_172.pdb	10.462	34.195	0	27.642
run1-swarm_27_67.pdb	6.392	18.048	0.0384615	27.637
run0-swarm_30_81.pdb	9.785	23.366	0.0192308	27.612
run0-swarm_57_86.pdb	10.383	30.799	0	27.570
run1-swarm_5_50.pdb	8.624	24.432	0.134615	27.468
run0-swarm_0_23.pdb	8.272	14.050	0	27.423
run0-swarm_48_66.pdb	8.924	25.500	0.0192308	27.383
run1-swarm_13_68.pdb	5.395	19.666	0.115385	27.297
run0-swarm_23_113.pdb	7.374	15.979	0	27.274
run1-swarm_40_86.pdb	6.563	13.793	0.0384615	27.196
run0-swarm_35_92.pdb	9.439	30.793	0.134615	27.066
run0-swarm_61_75.pdb	7.746	15.008	0	27.055
run0-swarm_6_5.pdb	8.086	23.579	0.0192308	26.981
run1-swarm_27_162.pdb	9.265	31.115	0	26.891
run1-swarm_13_104.pdb	9.305	25.152	0.115385	26.773
run0-swarm_42_45.pdb	6.321	21.278	0.0961538	26.765
run1-swarm_36_68.pdb	7.010	17.765	0.0961538	26.759
run0-swarm_0_142.pdb	6.676	21.352	0.192308	26.750
run0-swarm_55_105.pdb	8.669	28.517	0.153846	26.507
run1-swarm_1_178.pdb	6.431	15.676	0.0384615	26.379
run1-swarm_30_177.pdb	7.501	13.420	0.0192308	26.115
run1-swarm_7_126.pdb	8.973	26.819	0	25.986
run1-swarm_39_36.pdb	6.011	17.981	0.0192308	25.931
run0-swarm_3_103.pdb	7.611	26.881	0.173077	25.905
run0-swarm_25_146.pdb	7.892	27.499	0.0192308	25.879
run0-swarm_53_121.pdb	7.948	27.249	0.173077	25.812
run1-swarm_8_167.pdb	10.883	32.797	0	25.634
run1-swarm_21_99.pdb	8.031	20.684	0.0384615	25.603
run0-swarm_33_158.pdb	7.782	20.064	0.0384615	25.508
run0-swarm_56_3.pdb	5.930	16.920	0.173077	25.504
run0-swarm_60_84.pdb	8.441	17.271	0	25.493
run0-swarm_18_172.pdb	4.927	12.018	0.192308	25.485
run0-swarm_57_142.pdb	13.086	37.050	0	25.479
run1-swarm_19_133.pdb	10.223	31.051	0	25.455
run1-swarm_3_93.pdb	10.814	32.626	0	25.447
run0-swarm_29_21.pdb	7.580	19.820	0	25.379
run0-swarm_28_147.pdb	10.277	31.362	0.0192308	25.378
run0-swarm_43_49.pdb	10.763	29.086	0	25.317
run1-swarm_9_161.pdb	10.545	32.661	0	25.310
run1-swarm_23_170.pdb	5.007	9.180	0.115385	25.258
run0-swarm_56_126.pdb	7.912	13.378	0.0192308	25.049
run1-swarm_36_38.pdb	7.157	21.476	0.0576923	24.867
run0-swarm_37_193.pdb	9.783	30.409	0.192308	24.766
run1-swarm_27_118.pdb	9.938	30.962	0	24.759
run0-swarm_36_31.pdb	2.566	7.059	0.461538	24.693
run0-swarm_20_87.pdb	10.819	30.656	0	24.655
run1-swarm_31_99.pdb	4.830	10.264	0.0769231	24.413
run1-swarm_26_15.pdb	1.328	2.964	0.596154	24.274
run0-swarm_31_47.pdb	6.888	24.239	0.0961538	24.103
run1-swarm_13_118.pdb	8.387	25.525	0	24.069
run1-swarm_23_63.pdb	7.478	12.618	0	24.024
run0-swarm_44_197.pdb	2.785	7.028	0.423077	24.014
run0-swarm_58_90.pdb	7.301	17.108	0.0384615	24.000
run0-swarm_3_33.pdb	10.169	31.718	0	23.985
run1-swarm_31_120.pdb	6.990	19.594	0.0769231	23.958
run0-swarm_39_36.pdb	10.802	30.284	0	23.953
run0-swarm_42_80.pdb	8.669	16.928	0	23.908
run1-swarm_17_13.pdb	5.614	10.174	0.115385	23.856
run1-swarm_5_175.pdb	10.236	31.762	0	23.837
run1-swarm_38_124.pdb	7.040	13.462	0.0384615	23.817
run1-swarm_23_132.pdb	3.222	8.596	0.153846	23.804
run0-swarm_57_146.pdb	8.086	29.950	0.0384615	23.723
run0-swarm_59_162.pdb	12.683	35.468	0	23.550
run0-swarm_32_149.pdb	8.906	29.193	0.0961538	23.549
run1-swarm_7_15.pdb	11.322	32.100	0	23.518
run1-swarm_4_47.pdb	7.378	20.256	0	23.296
run1-swarm_6_83.pdb	6.423	17.512	0	23.048
run0-swarm_41_6.pdb	6.238	19.618	0.0769231	22.936
run1-swarm_5_82.pdb	9.585	28.551	0	22.495
run0-swarm_14_179.pdb	13.089	38.812	0	22.446
run1-swarm_28_113.pdb	6.905	15.676	0	22.211
run0-swarm_38_96.pdb	7.145	14.423	0.0576923	22.206
run0-swarm_12_40.pdb	10.881	27.068	0	22.180
run0-swarm_57_42.pdb	8.524	27.039	0.153846	22.153
run0-swarm_11_8.pdb	8.758	31.963	0.0192308	22.129
run1-swarm_22_83.pdb	5.891	14.975	0	22.111
run0-swarm_10_129.pdb	14.166	45.239	0	22.048
run0-swarm_2_145.pdb	6.769	25.271	0.0192308	21.914
run0-swarm_3_190.pdb	9.929	33.032	0.0192308	21.885
run0-swarm_40_106.pdb	9.415	28.939	0.0576923	21.746
run0-swarm_36_97.pdb	7.321	14.682	0	21.718
run1-swarm_25_138.pdb	7.654	23.934	0.0576923	21.681
run0-swarm_18_28.pdb	6.692	12.899	0.0192308	21.646
run0-swarm_43_77.pdb	11.821	34.917	0.0192308	21.583
run0-swarm_35_141.pdb	6.898	25.712	0.134615	21.486
run0-swarm_19_78.pdb	10.205	35.164	0	21.431
run0-swarm_41_183.pdb	8.599	26.401	0.0769231	21.421
run0-swarm_61_187.pdb	2.624	5.628	0.5	21.380
run0-swarm_5_52.pdb	9.771	26.025	0.0192308	21.266
run0-swarm_46_199.pdb	6.937	17.650	0.115385	21.197
run0-swarm_16_106.pdb	12.247	34.135	0.0192308	21.169
run0-swarm_27_198.pdb	11.258	28.585	0	21.114
run1-swarm_33_175.pdb	5.696	18.656	0.0769231	21.106
run0-swarm_45_149.pdb	6.864	14.953	0.115385	20.954
run0-swarm_17_53.pdb	10.642	35.923	0	20.950
run0-swarm_25_102.pdb	9.192	31.075	0.0192308	20.924
run0-swarm_4_196.pdb	7.450	23.183	0.134615	20.868
run1-swarm_36_110.pdb	6.860	23.714	0.0192308	20.830
run1-swarm_16_47.pdb	9.860	33.235	0	20.821
run0-swarm_40_186.pdb	12.025	34.715	0	20.698
run0-swarm_52_192.pdb	6.910	13.924	0.0576923	20.582
run1-swarm_34_179.pdb	7.871	22.946	0.0769231	20.218
run1-swarm_25_94.pdb	6.556	21.132	0.0576923	20.117
run0-swarm_51_73.pdb	8.556	32.180	0	20.091
run1-swarm_18_184.pdb	10.361	29.590	0	20.033
run0-swarm_3_69.pdb	9.059	27.085	0.0192308	19.720
run0-swarm_29_119.pdb	10.192	20.875	0	19.677
run0-swarm_45_8.pdb	2.360	3.804	0.5	19.530
run0-swarm_38_45.pdb	6.045	12.243	0.153846	19.428
run0-swarm_51_191.pdb	7.560	26.547	0.115385	19.403
run0-swarm_0_98.pdb	9.670	25.337	0.0192308	19.322
run0-swarm_25_189.pdb	5.457	18.171	0.153846	19.313
run0-swarm_36_129.pdb	4.765	10.487	0.326923	19.296
run1-swarm_30_31.pdb	3.522	10.318	0.173077	19.212
run0-swarm_2_116.pdb	6.687	20.848	0.211538	19.176
run0-swarm_32_39.pdb	7.380	24.521	0.0192308	19.112
run1-swarm_17_140.pdb	8.319	18.294	0.0384615	19.098
run0-swarm_23_10.pdb	6.619	13.860	0.173077	19.001
run0-swarm_32_6.pdb	8.976	20.883	0.0192308	18.864
run0-swarm_16_62.pdb	10.065	30.713	0.0576923	18.853
run0-swarm_25_183.pdb	7.667	27.033	0.192308	18.799
run1-swarm_17_143.pdb	2.192	5.786	0.538462	18.771
run0-swarm_7_37.pdb	10.913	31.524	0.0576923	18.701
run0-swarm_42_163.pdb	8.499	28.091	0.0769231	18.698
run1-swarm_13_170.pdb	6.602	15.835	0	18.668
run0-swarm_9_31.pdb	10.312	31.200	0.0192308	18.662
run0-swarm_34_152.pdb	2.728	5.343	0.211538	18.534
run1-swarm_23_65.pdb	6.689	15.695	0.0384615	18.412
run0-swarm_42_89.pdb	9.481	25.898	0.0192308	18.410
run0-swarm_42_24.pdb	4.962	14.020	0.115385	18.254
run0-swarm_31_176.pdb	9.043	25.130	0.0384615	18.237
run0-swarm_36_126.pdb	6.465	19.460	0.153846	18.101
run0-swarm_28_28.pdb	9.468	23.970	0.0192308	18.072
run1-swarm_0_171.pdb	4.549	9.319	0.0769231	18.066
run1-swarm_1_100.pdb	6.854	13.309	0.0384615	17.970
run0-swarm_17_23.pdb	12.381	34.021	0	17.733
run0-swarm_44_22.pdb	8.290	23.712	0.0384615	17.620
run0-swarm_2_33.pdb	7.937	23.251	0.0961538	17.546
run0-swarm_61_171.pdb	7.177	17.023	0.0192308	17.300
run0-swarm_33_38.pdb	4.102	12.098	0.173077	17.219
run0-swarm_42_97.pdb	9.189	28.429	0.0769231	17.217
run0-swarm_44_41.pdb	6.217	15.811	0.0769231	17.170
run0-swarm_44_138.pdb	8.365	19.921	0.0384615	17.113
run0-swarm_1_172.pdb	3.903	9.325	0.25	17.042
run0-swarm_51_96.pdb	9.339	26.984	0.115385	17.029
run0-swarm_15_162.pdb	10.375	30.746	0.0384615	16.911
run1-swarm_14_187.pdb	4.194	10.738	0.153846	16.719
run1-swarm_22_101.pdb	8.999	20.910	0.0384615	16.682
run0-swarm_36_25.pdb	6.631	19.589	0.134615	16.628
run1-swarm_26_173.pdb	10.063	28.015	0.0384615	16.448
run0-swarm_29_35.pdb	6.712	25.220	0.0192308	16.386
run0-swarm_21_24.pdb	9.017	29.759	0.0384615	16.241
run0-swarm_17_146.pdb	9.372	29.714	0.0384615	16.156
run1-swarm_37_26.pdb	4.345	8.399	0.0769231	16.087
run0-swarm_7_189.pdb	12.226	33.386	0.0576923	16.028
run0-swarm_4_137.pdb	5.220	12.581	0.326923	15.979
run0-swarm_42_4.pdb	5.617	21.866	0.192308	15.664
run0-swarm_32_92.pdb	7.925	24.775	0.0769231	15.290
run1-swarm_38_136.pdb	4.193	7.653	0.0961538	15.230
run0-swarm_60_171.pdb	7.909	23.307	0.0384615	14.470
run0-swarm_33_170.pdb	7.477	15.708	0.0384615	14.430
run0-swarm_19_175.pdb	14.331	41.567	0	14.345
run0-swarm_29_81.pdb	8.889	30.367	0.0576923	14.134
run0-swarm_53_2.pdb	3.531	10.520	0.230769	14.032
run0-swarm_30_31.pdb	7.788	26.312	0.0576923	13.897
run0-swarm_2_128.pdb	7.706	22.673	0.0384615	13.032
run0-swarm_52_0.pdb	4.286	12.712	0.288462	12.823
run0-swarm_0_152.pdb	10.482	27.417	0.0192308	12.639
run1-swarm_29_180.pdb	8.181	25.754	0	12.627
run0-swarm_29_29.pdb	8.959	23.659	0.0192308	12.434
run0-swarm_47_168.pdb	6.762	16.191	0.153846	11.971
run1-swarm_6_180.pdb	6.954	10.909	0	11.954
run0-swarm_46_60.pdb	5.432	10.922	0.134615	11.777
run0-swarm_53_61.pdb	8.492	23.591	0.134615	11.678
run0-swarm_36_108.pdb	10.497	24.432	0.0384615	11.340
run0-swarm_42_17.pdb	6.957	19.358	0.0384615	11.228
run0-swarm_8_151.pdb	7.807	26.665	0.0384615	7.680
run1-swarm_14_177.pdb	6.311	20.368	0.384615	3.286
run1-swarm_37_159.pdb	7.620	14.918	0.0192308	1.458
run1-swarm_12_25.pdb	3.628	10.777	0.480769	0.964
