swarm_44_108.pdb	15.224	33.168	0.0961538	38.641
swarm_44_86.pdb	14.790	28.993	0	38.559
swarm_33_134.pdb	10.097	21.950	0	38.343
swarm_52_120.pdb	9.857	17.365	0	37.299
swarm_38_141.pdb	14.518	28.897	0	36.729
swarm_52_53.pdb	9.106	19.131	0	36.686
swarm_1_22.pdb	15.146	30.095	0	36.445
swarm_33_103.pdb	15.568	29.039	0.134615	36.249
swarm_52_172.pdb	8.701	17.860	0	35.339
swarm_51_90.pdb	7.582	18.545	0.211538	34.627
swarm_50_148.pdb	12.573	22.018	0	34.362
swarm_49_163.pdb	13.489	26.999	0.0192308	34.138
swarm_36_0.pdb	12.921	23.601	0	33.907
swarm_48_81.pdb	15.506	32.154	0	33.829
swarm_43_31.pdb	14.090	27.514	0	33.550
swarm_1_1.pdb	8.544	14.694	0	33.373
swarm_2_94.pdb	10.445	17.888	0	33.175
swarm_49_96.pdb	8.094	16.002	0	32.936
swarm_45_175.pdb	13.954	33.063	0.0384615	32.770
swarm_16_40.pdb	8.792	19.504	0	32.677
swarm_25_45.pdb	11.935	24.544	0	32.243
swarm_39_156.pdb	13.747	28.339	0	31.828
swarm_39_23.pdb	9.147	19.771	0	31.531
swarm_34_194.pdb	15.431	30.433	0	31.446
swarm_32_97.pdb	7.460	16.200	0.0576923	31.390
swarm_25_13.pdb	8.928	15.761	0	31.176
swarm_12_164.pdb	7.713	15.771	0	31.015
swarm_23_99.pdb	9.113	23.006	0.0961538	30.855
swarm_45_74.pdb	12.113	21.894	0	30.797
swarm_0_33.pdb	12.930	26.315	0	30.591
swarm_44_163.pdb	17.637	37.080	0.0192308	30.410
swarm_1_36.pdb	8.376	17.102	0	30.371
swarm_42_39.pdb	8.673	14.725	0	30.285
swarm_34_15.pdb	14.634	29.300	0	29.841
swarm_33_66.pdb	15.758	32.274	0.0384615	29.656
swarm_42_1.pdb	13.379	26.156	0.0192308	29.446
swarm_33_2.pdb	14.754	28.185	0.0384615	29.411
swarm_5_133.pdb	13.456	31.542	0	29.117
swarm_45_43.pdb	16.087	30.800	0.0384615	29.111
swarm_48_77.pdb	16.073	33.944	0	29.083
swarm_50_153.pdb	11.708	23.477	0.0192308	28.928
swarm_39_38.pdb	9.054	19.924	0	28.759
swarm_35_13.pdb	4.532	10.750	0.230769	28.622
swarm_26_36.pdb	10.683	18.674	0	28.526
swarm_49_111.pdb	15.134	30.715	0	28.443
swarm_26_163.pdb	12.155	25.500	0.0769231	28.371
swarm_16_104.pdb	11.774	22.854	0	28.354
swarm_50_157.pdb	8.475	15.948	0.0192308	28.215
swarm_31_48.pdb	15.481	32.309	0	28.142
swarm_43_165.pdb	11.367	22.440	0	28.055
swarm_16_8.pdb	17.185	34.840	0.0769231	27.960
swarm_16_119.pdb	11.611	24.932	0	27.904
swarm_0_121.pdb	12.394	25.133	0	27.865
swarm_35_103.pdb	8.417	16.291	0	27.542
swarm_23_100.pdb	15.169	30.362	0	27.401
swarm_34_185.pdb	5.878	14.406	0.115385	27.399
swarm_13_27.pdb	12.216	31.921	0	27.388
swarm_42_119.pdb	11.256	21.502	0	27.355
swarm_37_180.pdb	16.452	36.587	0	27.321
swarm_46_189.pdb	9.806	22.662	0	27.315
swarm_41_28.pdb	15.425	33.594	0	27.270
swarm_12_108.pdb	15.269	29.634	0	27.186
swarm_40_168.pdb	11.144	22.563	0	27.072
swarm_38_81.pdb	12.960	29.779	0.0384615	26.841
swarm_3_64.pdb	15.071	31.974	0	26.823
swarm_20_46.pdb	13.100	28.714	0	26.779
swarm_18_131.pdb	13.778	28.142	0	26.777
swarm_23_131.pdb	14.757	28.736	0.0192308	26.709
swarm_25_90.pdb	15.589	28.635	0.115385	26.671
swarm_33_131.pdb	15.233	30.436	0	26.623
swarm_28_27.pdb	10.532	25.112	0.0192308	26.578
swarm_43_94.pdb	16.751	33.876	0.0192308	26.478
swarm_5_149.pdb	11.985	27.574	0.115385	26.394
swarm_11_146.pdb	11.909	28.981	0	26.384
swarm_1_92.pdb	10.465	22.477	0.115385	26.373
swarm_23_180.pdb	9.885	17.067	0	26.279
swarm_30_143.pdb	9.365	26.152	0.0384615	26.216
swarm_18_192.pdb	14.590	31.357	0	26.174
swarm_50_93.pdb	7.621	13.987	0	26.136
swarm_18_89.pdb	14.065	30.331	0	26.094
swarm_34_143.pdb	10.293	25.957	0.0961538	26.055
swarm_51_96.pdb	12.112	24.508	0	26.017
swarm_12_177.pdb	11.979	22.421	0	26.016
swarm_46_144.pdb	12.176	28.434	0	25.988
swarm_26_149.pdb	13.175	26.140	0	25.973
swarm_32_41.pdb	15.453	30.663	0	25.911
swarm_23_166.pdb	14.985	30.303	0	25.871
swarm_35_83.pdb	8.811	17.870	0	25.843
swarm_30_159.pdb	15.737	32.105	0	25.806
swarm_21_154.pdb	10.747	26.779	0	25.697
swarm_12_162.pdb	13.158	25.691	0	25.660
swarm_28_22.pdb	14.651	32.706	0.0384615	25.630
swarm_33_67.pdb	10.570	19.526	0.0192308	25.567
swarm_6_24.pdb	11.440	25.622	0	25.564
swarm_0_38.pdb	16.564	33.220	0	25.496
swarm_49_104.pdb	15.225	30.626	0	25.379
swarm_26_145.pdb	13.299	23.785	0	25.284
swarm_38_169.pdb	12.192	26.009	0.153846	25.270
swarm_50_1.pdb	15.209	30.043	0	25.131
swarm_43_87.pdb	11.803	24.849	0.0769231	25.122
swarm_27_133.pdb	14.961	38.683	0	25.079
swarm_11_164.pdb	10.739	25.620	0.0769231	25.015
swarm_15_198.pdb	10.094	36.373	0	25.014
swarm_35_147.pdb	10.308	18.382	0.0192308	25.009
swarm_15_171.pdb	15.167	33.610	0	24.944
swarm_35_142.pdb	12.111	22.166	0	24.913
swarm_11_42.pdb	12.911	24.657	0	24.858
swarm_50_22.pdb	8.169	17.992	0.0961538	24.755
swarm_26_179.pdb	11.854	22.308	0	24.685
swarm_51_56.pdb	15.298	31.435	0	24.668
swarm_22_6.pdb	12.464	27.197	0	24.668
swarm_49_39.pdb	7.227	15.029	0.0769231	24.642
swarm_28_44.pdb	14.607	29.674	0	24.636
swarm_44_166.pdb	11.538	19.907	0	24.571
swarm_47_69.pdb	15.423	35.840	0	24.550
swarm_34_170.pdb	4.870	13.916	0.0961538	24.546
swarm_27_143.pdb	16.681	37.979	0.0576923	24.434
swarm_36_162.pdb	17.837	36.502	0.0192308	24.371
swarm_23_148.pdb	12.904	25.872	0	24.340
swarm_26_90.pdb	13.866	27.319	0.0576923	24.277
swarm_42_189.pdb	13.815	26.918	0	24.245
swarm_38_101.pdb	12.826	26.453	0	24.130
swarm_16_33.pdb	13.199	32.497	0	24.128
swarm_50_106.pdb	13.613	25.585	0.0384615	24.035
swarm_12_134.pdb	13.875	26.697	0	23.940
swarm_50_87.pdb	10.409	17.229	0	23.882
swarm_25_175.pdb	13.804	27.329	0	23.830
swarm_32_163.pdb	14.623	30.213	0.0384615	23.827
swarm_43_186.pdb	7.202	17.158	0.0192308	23.766
swarm_18_40.pdb	10.057	20.105	0	23.752
swarm_30_174.pdb	13.211	26.382	0	23.665
swarm_38_24.pdb	13.124	24.053	0.0192308	23.558
swarm_1_106.pdb	10.593	22.068	0.0769231	23.546
swarm_13_8.pdb	11.657	23.150	0	23.541
swarm_15_178.pdb	11.102	26.134	0	23.493
swarm_11_199.pdb	8.939	21.703	0	23.483
swarm_33_29.pdb	5.261	11.130	0.0576923	23.402
swarm_45_159.pdb	16.309	33.203	0	23.332
swarm_38_161.pdb	7.395	19.978	0.0192308	23.299
swarm_52_162.pdb	11.462	24.009	0.0576923	23.197
swarm_14_131.pdb	13.739	34.990	0	23.148
swarm_10_182.pdb	10.564	24.645	0.0576923	23.113
swarm_52_199.pdb	7.176	14.377	0	23.079
swarm_43_162.pdb	15.513	28.856	0	23.048
swarm_4_19.pdb	8.820	19.340	0	23.009
swarm_0_166.pdb	13.990	27.877	0	22.980
swarm_20_56.pdb	9.405	28.110	0.0769231	22.961
swarm_6_140.pdb	10.441	26.730	0.0961538	22.924
swarm_25_25.pdb	14.241	26.814	0	22.828
swarm_35_27.pdb	12.179	20.913	0	22.821
swarm_23_145.pdb	10.906	17.767	0	22.819
swarm_10_1.pdb	13.446	26.716	0	22.812
swarm_28_25.pdb	16.609	35.801	0.0192308	22.778
swarm_18_147.pdb	17.885	38.755	0	22.776
swarm_11_29.pdb	10.317	22.782	0	22.669
swarm_0_75.pdb	13.952	31.628	0	22.517
swarm_24_115.pdb	12.497	31.007	0	22.396
swarm_42_178.pdb	15.179	29.669	0	22.347
swarm_4_21.pdb	10.780	20.002	0	22.333
swarm_44_98.pdb	14.102	25.724	0	22.318
swarm_13_30.pdb	18.851	40.039	0	22.286
swarm_4_11.pdb	8.612	18.395	0.115385	22.270
swarm_49_23.pdb	13.199	25.420	0	22.218
swarm_26_194.pdb	15.791	31.663	0	22.189
swarm_13_109.pdb	8.643	25.061	0	22.150
swarm_23_154.pdb	9.512	17.835	0	22.148
swarm_39_154.pdb	10.882	24.334	0	22.135
swarm_50_190.pdb	8.173	14.779	0	22.110
swarm_13_1.pdb	12.805	24.117	0	22.088
swarm_23_124.pdb	16.169	30.712	0	22.042
swarm_44_100.pdb	4.493	13.382	0.192308	21.930
swarm_45_157.pdb	14.905	28.608	0	21.774
swarm_44_50.pdb	8.443	15.923	0	21.756
swarm_12_34.pdb	16.423	32.662	0.0961538	21.725
swarm_39_74.pdb	11.889	31.561	0.0192308	21.659
swarm_34_43.pdb	15.379	28.508	0	21.616
swarm_20_33.pdb	15.398	34.029	0	21.608
swarm_19_154.pdb	15.370	32.060	0	21.580
swarm_36_161.pdb	10.939	23.459	0	21.577
swarm_1_190.pdb	6.560	11.611	0	21.530
swarm_6_0.pdb	7.369	20.070	0.0192308	21.494
swarm_37_41.pdb	14.480	34.023	0	21.472
swarm_26_56.pdb	9.854	23.239	0.0961538	21.328
swarm_36_113.pdb	16.452	33.848	0	21.300
swarm_45_39.pdb	14.564	27.091	0	21.290
swarm_12_88.pdb	14.261	29.944	0	21.266
swarm_46_85.pdb	15.820	36.509	0	21.264
swarm_51_184.pdb	15.774	31.850	0	21.253
swarm_25_60.pdb	11.748	21.249	0	21.159
swarm_23_70.pdb	8.444	15.654	0	21.129
swarm_47_148.pdb	17.986	41.404	0	21.124
swarm_38_158.pdb	15.850	30.325	0	21.118
swarm_34_62.pdb	11.877	27.626	0.0192308	21.097
swarm_29_89.pdb	16.185	31.563	0	21.088
swarm_5_75.pdb	14.368	29.569	0	21.029
swarm_32_75.pdb	13.820	28.291	0.0192308	20.987
swarm_47_164.pdb	11.435	28.210	0	20.979
swarm_34_148.pdb	15.653	29.293	0.0576923	20.977
swarm_21_116.pdb	16.036	32.552	0	20.947
swarm_16_128.pdb	15.670	28.561	0	20.895
swarm_33_32.pdb	15.691	28.804	0	20.812
swarm_26_187.pdb	15.790	29.800	0.115385	20.787
swarm_38_14.pdb	12.553	24.910	0	20.751
swarm_39_119.pdb	17.277	36.066	0	20.698
swarm_40_3.pdb	16.445	33.799	0.0576923	20.676
swarm_11_12.pdb	11.731	27.733	0.0961538	20.661
swarm_41_167.pdb	12.370	30.636	0	20.644
swarm_43_26.pdb	7.834	16.818	0.0192308	20.632
swarm_49_120.pdb	14.025	31.076	0	20.606
swarm_23_57.pdb	6.715	13.787	0.153846	20.603
swarm_24_118.pdb	15.590	34.412	0	20.482
swarm_11_66.pdb	13.580	25.415	0	20.426
swarm_26_103.pdb	12.614	26.373	0.153846	20.420
swarm_37_5.pdb	16.697	33.817	0.0769231	20.368
swarm_42_16.pdb	14.965	28.330	0	20.339
swarm_51_199.pdb	16.307	34.554	0	20.253
swarm_31_57.pdb	17.174	36.662	0	20.219
swarm_16_198.pdb	13.169	30.140	0	20.199
swarm_12_147.pdb	15.430	29.638	0	19.943
swarm_4_75.pdb	15.270	29.699	0	19.932
swarm_45_151.pdb	15.946	29.263	0.153846	19.865
swarm_36_170.pdb	14.639	30.520	0	19.863
swarm_34_115.pdb	13.297	28.388	0.0192308	19.784
swarm_21_80.pdb	12.296	23.657	0	19.562
swarm_2_86.pdb	10.581	23.434	0.134615	19.549
swarm_4_109.pdb	9.712	22.919	0	19.535
swarm_4_171.pdb	13.652	28.219	0.0192308	19.530
swarm_5_186.pdb	13.146	27.926	0	19.527
swarm_30_181.pdb	13.547	31.060	0.0576923	19.501
swarm_48_191.pdb	12.987	24.557	0	19.400
swarm_19_56.pdb	14.145	31.586	0	19.374
swarm_34_104.pdb	14.734	28.092	0	19.368
swarm_18_181.pdb	16.166	33.543	0.0576923	19.330
swarm_45_20.pdb	13.210	26.091	0	19.304
swarm_32_65.pdb	12.132	27.894	0	19.280
swarm_16_127.pdb	16.136	35.747	0	19.266
swarm_45_198.pdb	12.377	19.620	0	19.223
swarm_43_168.pdb	8.821	15.339	0	19.126
swarm_3_70.pdb	16.820	38.463	0	19.114
swarm_23_167.pdb	12.542	24.490	0	19.075
swarm_4_115.pdb	14.027	26.166	0	19.060
swarm_7_41.pdb	16.793	37.130	0	18.982
swarm_19_101.pdb	9.292	23.617	0.0769231	18.979
swarm_27_52.pdb	16.406	41.157	0	18.824
swarm_52_57.pdb	15.512	30.655	0	18.804
swarm_22_8.pdb	11.778	29.054	0.115385	18.731
swarm_35_19.pdb	10.911	24.433	0.0384615	18.675
swarm_29_180.pdb	14.794	32.066	0	18.673
swarm_41_9.pdb	14.263	27.896	0	18.616
swarm_39_146.pdb	10.911	27.321	0	18.602
swarm_31_52.pdb	15.617	37.789	0	18.557
swarm_14_64.pdb	13.871	30.342	0	18.549
swarm_41_186.pdb	15.849	32.892	0	18.493
swarm_0_53.pdb	15.328	30.424	0	18.365
swarm_22_199.pdb	5.284	17.585	0.0576923	18.285
swarm_30_177.pdb	13.865	29.364	0	18.262
swarm_2_62.pdb	8.004	23.246	0.0576923	18.207
swarm_30_87.pdb	9.866	17.808	0	18.152
swarm_14_180.pdb	17.104	34.141	0	18.104
swarm_3_108.pdb	14.234	27.678	0	18.028
swarm_52_109.pdb	10.724	22.165	0.0769231	17.915
swarm_18_86.pdb	17.307	38.952	0	17.816
swarm_30_60.pdb	13.264	31.997	0.0384615	17.716
swarm_29_94.pdb	10.541	27.598	0.0384615	17.709
swarm_25_146.pdb	15.544	29.167	0	17.675
swarm_21_128.pdb	15.443	30.523	0	17.639
swarm_51_53.pdb	12.557	31.297	0	17.622
swarm_15_175.pdb	13.772	26.729	0	17.580
swarm_8_91.pdb	16.637	36.675	0	17.513
swarm_48_196.pdb	14.662	32.763	0	17.460
swarm_27_55.pdb	17.618	37.078	0.0192308	17.139
swarm_0_54.pdb	9.009	21.132	0	17.123
swarm_28_43.pdb	15.508	32.112	0	17.068
swarm_27_105.pdb	16.102	36.901	0.0384615	17.052
swarm_34_39.pdb	10.617	16.742	0	17.045
swarm_25_169.pdb	15.010	27.839	0	17.034
swarm_11_2.pdb	15.814	36.145	0	17.026
swarm_22_62.pdb	13.594	27.749	0	16.961
swarm_22_17.pdb	8.243	17.542	0.0384615	16.882
swarm_48_5.pdb	12.605	26.260	0.0961538	16.827
swarm_48_75.pdb	15.776	32.459	0	16.779
swarm_0_153.pdb	10.955	26.379	0	16.769
swarm_23_115.pdb	11.883	20.459	0	16.751
swarm_42_5.pdb	11.302	18.021	0	16.742
swarm_40_193.pdb	17.369	36.776	0	16.741
swarm_5_26.pdb	13.383	27.614	0	16.711
swarm_0_128.pdb	14.910	30.659	0	16.657
swarm_52_118.pdb	8.978	25.289	0.0192308	16.582
swarm_0_191.pdb	13.810	29.665	0.0961538	16.545
swarm_11_187.pdb	13.499	30.006	0	16.527
swarm_19_10.pdb	13.675	30.353	0	16.462
swarm_23_137.pdb	13.426	24.838	0	16.402
swarm_15_58.pdb	12.286	33.290	0.115385	16.372
swarm_12_85.pdb	14.639	24.661	0	16.242
swarm_32_108.pdb	8.634	19.549	0.0384615	16.229
swarm_14_144.pdb	16.738	34.333	0	16.169
swarm_14_172.pdb	16.478	34.798	0	16.099
swarm_15_117.pdb	14.796	31.611	0	16.087
swarm_32_42.pdb	14.378	27.484	0.0192308	16.056
swarm_49_66.pdb	11.867	24.447	0.0192308	15.989
swarm_42_120.pdb	9.424	17.449	0	15.981
swarm_43_25.pdb	16.512	33.320	0.0384615	15.925
swarm_14_67.pdb	14.304	28.418	0	15.825
swarm_30_70.pdb	12.819	26.839	0	15.757
swarm_6_28.pdb	16.037	37.802	0	15.685
swarm_32_135.pdb	15.127	29.276	0	15.623
swarm_46_77.pdb	17.195	35.258	0	15.579
swarm_46_120.pdb	14.931	33.244	0	15.548
swarm_32_8.pdb	16.585	32.352	0	15.534
swarm_50_52.pdb	10.486	23.161	0	15.518
swarm_24_99.pdb	16.831	34.952	0.0192308	15.433
swarm_50_133.pdb	14.482	28.970	0	15.414
swarm_12_121.pdb	15.410	27.831	0	15.343
swarm_35_160.pdb	6.362	16.331	0.115385	15.342
swarm_45_58.pdb	15.192	31.992	0	15.260
swarm_11_5.pdb	10.774	24.604	0.115385	15.216
swarm_47_121.pdb	16.674	36.638	0	15.023
swarm_13_195.pdb	16.827	34.581	0	15.013
swarm_2_90.pdb	9.460	21.358	0	14.904
swarm_16_10.pdb	15.796	31.159	0	14.749
swarm_43_171.pdb	16.325	31.720	0.0961538	14.724
swarm_21_197.pdb	12.924	27.722	0	14.689
swarm_14_120.pdb	12.060	26.505	0	14.667
swarm_50_53.pdb	10.047	18.940	0	14.641
swarm_6_133.pdb	13.692	33.652	0	14.544
swarm_19_3.pdb	12.233	26.025	0	14.317
swarm_30_169.pdb	12.164	26.608	0	14.170
swarm_30_30.pdb	14.951	30.668	0	14.027
swarm_29_85.pdb	17.076	35.956	0	13.900
swarm_21_179.pdb	10.907	29.074	0.0576923	13.883
swarm_14_59.pdb	16.565	33.895	0	13.771
swarm_25_30.pdb	11.976	24.522	0	13.765
swarm_39_100.pdb	14.753	32.077	0	13.752
swarm_38_27.pdb	10.582	25.081	0	13.666
swarm_6_10.pdb	16.334	30.563	0	13.365
swarm_5_147.pdb	18.823	39.460	0	13.099
swarm_22_42.pdb	8.561	18.526	0	12.992
swarm_8_51.pdb	12.918	29.213	0.0769231	12.989
swarm_29_67.pdb	16.859	34.341	0.0576923	12.926
swarm_30_12.pdb	16.435	32.083	0.0384615	12.918
swarm_26_150.pdb	11.137	24.332	0	12.917
swarm_40_160.pdb	15.695	35.721	0	12.916
swarm_25_142.pdb	5.241	16.196	0.0769231	12.911
swarm_42_46.pdb	8.344	17.652	0.0192308	12.891
swarm_1_98.pdb	16.123	29.520	0.0576923	12.819
swarm_4_143.pdb	16.312	35.968	0	12.695
swarm_1_199.pdb	11.285	22.262	0.0576923	12.692
swarm_12_66.pdb	4.761	8.063	0.0576923	12.320
swarm_22_56.pdb	16.084	32.867	0	11.655
swarm_42_145.pdb	14.182	20.882	0	11.605
swarm_29_55.pdb	15.191	31.399	0.0576923	11.597
swarm_2_68.pdb	15.658	29.767	0	11.491
swarm_4_26.pdb	16.390	35.427	0.0576923	11.259
swarm_32_94.pdb	9.925	17.123	0	10.949
swarm_21_142.pdb	10.954	19.514	0	10.906
swarm_28_131.pdb	12.890	25.589	0	10.776
swarm_20_105.pdb	18.061	42.941	0.0384615	10.677
swarm_49_185.pdb	13.511	26.206	0	10.632
swarm_25_120.pdb	8.785	24.339	0	10.605
swarm_1_82.pdb	16.693	31.248	0	10.399
swarm_18_158.pdb	17.437	33.838	0	10.375
swarm_29_119.pdb	12.649	26.818	0	9.924
swarm_48_48.pdb	12.926	26.232	0	9.311
swarm_52_190.pdb	10.750	18.072	0	9.211
swarm_11_123.pdb	12.580	25.654	0	9.075
swarm_44_171.pdb	9.296	23.813	0.153846	8.808
swarm_35_51.pdb	12.448	24.958	0	8.746
swarm_26_72.pdb	9.511	20.716	0.0384615	8.290
swarm_41_65.pdb	10.843	28.890	0	7.123
swarm_21_148.pdb	11.544	21.399	0	6.715
swarm_21_29.pdb	11.583	21.750	0	6.698
swarm_12_45.pdb	13.685	28.162	0	6.339
swarm_45_77.pdb	10.396	26.448	0	5.809
swarm_14_26.pdb	17.826	36.524	0	5.081
swarm_15_166.pdb	12.350	22.579	0	4.325
swarm_30_129.pdb	15.472	32.251	0	3.832
swarm_30_145.pdb	13.575	26.706	0	3.308
swarm_30_32.pdb	15.146	30.588	0	3.132
swarm_35_141.pdb	15.242	30.791	0	2.843
swarm_49_5.pdb	15.347	31.925	0	0.424
