swarm_16_122.pdb	1.781	5.534	0.653846	53.235
swarm_14_54.pdb	2.467	7.350	0.423077	51.382
swarm_1_13.pdb	2.727	9.035	0.461538	48.285
swarm_17_110.pdb	5.965	8.950	0	45.298
swarm_2_100.pdb	4.919	7.228	0.0192308	44.688
swarm_4_143.pdb	4.728	6.892	0.0576923	41.914
swarm_9_47.pdb	3.810	5.586	0.192308	41.214
swarm_13_169.pdb	4.637	6.866	0.0769231	41.051
swarm_1_28.pdb	7.385	14.636	0	39.949
swarm_2_161.pdb	3.289	11.191	0.442308	39.758
swarm_15_143.pdb	7.547	12.210	0	39.240
swarm_0_17.pdb	6.926	16.474	0.0192308	38.964
swarm_3_143.pdb	5.635	15.013	0.0961538	38.696
swarm_10_83.pdb	4.381	13.201	0.269231	38.216
swarm_15_192.pdb	3.755	11.757	0.326923	38.130
swarm_14_101.pdb	5.147	10.949	0.0576923	37.897
swarm_16_159.pdb	5.223	14.177	0.115385	36.155
swarm_17_10.pdb	6.886	15.311	0.0576923	35.873
swarm_4_57.pdb	4.985	10.977	0.153846	35.159
swarm_10_15.pdb	9.572	18.063	0	34.740
swarm_1_9.pdb	6.701	11.370	0	34.221
swarm_12_91.pdb	5.459	15.269	0.0769231	33.754
swarm_11_17.pdb	8.087	28.202	0.0384615	31.986
swarm_16_130.pdb	7.033	15.862	0.0192308	31.244
swarm_1_113.pdb	9.593	18.277	0	30.628
swarm_2_16.pdb	2.250	5.982	0.442308	29.891
swarm_17_81.pdb	9.462	16.483	0	29.663
swarm_13_117.pdb	4.921	12.939	0.0961538	29.244
swarm_13_115.pdb	7.811	16.917	0	29.096
swarm_5_126.pdb	9.037	31.764	0	28.691
swarm_4_176.pdb	5.803	13.041	0.0576923	28.540
swarm_10_7.pdb	6.797	11.740	0.0961538	27.938
swarm_12_0.pdb	1.251	2.363	0.692308	26.368
swarm_8_51.pdb	11.806	37.355	0	26.286
swarm_9_31.pdb	9.597	19.193	0	26.279
swarm_11_29.pdb	6.828	16.096	0.0576923	25.756
swarm_9_113.pdb	5.878	9.502	0.0192308	25.745
swarm_1_56.pdb	6.130	10.696	0.0384615	25.137
swarm_12_75.pdb	6.571	13.913	0.0384615	24.808
swarm_2_126.pdb	9.885	17.318	0	24.796
swarm_2_138.pdb	6.963	14.474	0	24.706
swarm_15_153.pdb	7.818	18.068	0.0192308	24.567
swarm_17_192.pdb	5.963	12.565	0.0384615	23.952
swarm_4_19.pdb	10.106	20.552	0	22.405
swarm_12_124.pdb	7.102	15.204	0.0192308	22.021
swarm_10_75.pdb	6.948	13.217	0.0576923	21.730
swarm_3_13.pdb	5.143	15.191	0.25	21.673
swarm_11_105.pdb	8.579	24.231	0.0384615	21.625
swarm_7_15.pdb	8.485	24.645	0.0384615	21.115
swarm_0_66.pdb	7.342	19.528	0.0384615	20.120
swarm_8_52.pdb	6.966	24.864	0.134615	19.775
swarm_5_29.pdb	8.015	21.649	0.0384615	19.430
swarm_15_187.pdb	10.394	19.731	0	19.359
swarm_13_49.pdb	3.017	9.558	0.576923	19.097
swarm_13_149.pdb	9.448	17.052	0	19.043
swarm_13_46.pdb	7.701	16.298	0.0384615	18.733
swarm_14_61.pdb	6.256	13.996	0.0192308	18.633
swarm_12_73.pdb	8.209	22.536	0.0384615	18.100
swarm_2_19.pdb	7.898	14.021	0	17.446
swarm_9_66.pdb	10.105	18.961	0	17.024
swarm_11_67.pdb	7.249	13.743	0.0192308	17.005
swarm_12_118.pdb	9.413	22.817	0	16.803
swarm_12_94.pdb	3.703	13.081	0.480769	16.529
swarm_16_164.pdb	6.373	12.351	0.0192308	16.477
swarm_16_145.pdb	7.308	15.615	0.0192308	14.302
swarm_3_73.pdb	6.300	14.253	0.0384615	14.162
swarm_16_148.pdb	7.552	14.521	0.0384615	14.105
swarm_10_183.pdb	5.993	14.064	0.153846	13.695
swarm_7_121.pdb	7.295	15.418	0	11.113
swarm_9_93.pdb	4.480	14.449	0.365385	9.330
swarm_15_60.pdb	7.654	23.484	0.0576923	7.804
