swarm_25_19.pdb	2.066	4.591	0.553846	43.374
swarm_15_52.pdb	9.871	18.390	0	42.935
swarm_12_76.pdb	17.962	53.416	0	42.125
swarm_36_141.pdb	2.218	5.553	0.553846	41.419
swarm_65_12.pdb	18.386	54.088	0	40.984
swarm_64_181.pdb	18.514	55.329	0	40.109
swarm_31_42.pdb	9.716	17.806	0	38.670
swarm_29_114.pdb	8.619	13.141	0	36.995
swarm_24_128.pdb	9.978	18.192	0	36.920
swarm_38_86.pdb	9.314	17.607	0	35.665
swarm_30_47.pdb	2.333	6.337	0.384615	35.357
swarm_48_77.pdb	10.009	19.308	0	33.561
swarm_25_52.pdb	9.604	17.678	0	33.523
swarm_49_12.pdb	7.613	22.350	0.0307692	33.288
swarm_51_144.pdb	7.589	16.398	0	32.643
swarm_33_105.pdb	10.163	20.492	0	32.193
swarm_58_95.pdb	3.175	9.348	0.307692	32.147
swarm_31_129.pdb	2.560	6.215	0.446154	31.881
swarm_30_117.pdb	10.996	17.487	0	31.680
swarm_35_1.pdb	3.201	8.631	0.261538	31.175
swarm_38_92.pdb	8.669	13.812	0	31.095
swarm_23_48.pdb	8.894	15.005	0	30.449
swarm_51_32.pdb	7.397	18.822	0.0307692	30.402
swarm_33_175.pdb	10.176	16.141	0	30.069
swarm_6_153.pdb	8.739	15.482	0	30.022
swarm_51_198.pdb	7.029	14.581	0.0461538	29.736
swarm_16_63.pdb	10.718	22.465	0	29.597
swarm_0_165.pdb	17.108	50.970	0	29.588
swarm_22_65.pdb	11.315	18.146	0	29.498
swarm_34_185.pdb	15.854	37.179	0	29.312
swarm_36_145.pdb	8.095	12.227	0	29.284
swarm_49_57.pdb	5.081	13.906	0.0769231	28.602
swarm_52_23.pdb	8.692	16.259	0	28.600
swarm_18_133.pdb	8.404	26.182	0.0153846	28.598
swarm_44_154.pdb	8.947	17.022	0	28.156
swarm_7_125.pdb	17.541	51.909	0	27.891
swarm_36_162.pdb	7.292	15.149	0	27.793
swarm_15_9.pdb	3.103	9.709	0.430769	27.654
swarm_28_157.pdb	9.524	19.388	0	27.471
swarm_22_46.pdb	14.169	23.560	0	27.023
swarm_16_25.pdb	16.782	50.923	0	26.930
swarm_55_174.pdb	6.406	20.117	0.0153846	26.905
swarm_19_172.pdb	13.117	22.614	0	26.838
swarm_34_62.pdb	10.011	19.095	0	26.683
swarm_27_18.pdb	9.850	20.494	0	26.682
swarm_20_66.pdb	8.082	29.575	0.0153846	26.576
swarm_40_138.pdb	18.514	49.783	0	26.444
swarm_31_158.pdb	9.025	15.169	0	26.175
swarm_45_193.pdb	10.930	34.072	0	25.843
swarm_38_131.pdb	13.391	24.733	0	25.631
swarm_18_175.pdb	4.568	15.922	0.153846	25.594
swarm_39_90.pdb	16.397	37.461	0	25.552
swarm_7_159.pdb	15.987	36.857	0	25.446
swarm_51_143.pdb	8.830	25.239	0	25.306
swarm_44_8.pdb	9.295	28.426	0	25.296
swarm_43_127.pdb	8.608	29.037	0.0153846	25.294
swarm_36_79.pdb	12.190	19.914	0	25.221
swarm_36_166.pdb	9.262	15.473	0	25.209
swarm_31_93.pdb	6.974	14.115	0	24.913
swarm_35_86.pdb	8.242	28.854	0.0307692	24.909
swarm_25_83.pdb	9.239	21.033	0	24.886
swarm_5_28.pdb	3.966	10.189	0.184615	24.772
swarm_51_132.pdb	10.587	23.227	0	24.697
swarm_30_78.pdb	7.488	15.339	0.0307692	24.655
swarm_24_188.pdb	11.933	18.371	0	24.655
swarm_35_105.pdb	12.864	27.795	0	24.630
swarm_14_186.pdb	12.445	20.941	0	24.417
swarm_49_78.pdb	18.302	48.164	0	24.257
swarm_25_182.pdb	7.522	27.325	0.0153846	24.019
swarm_19_62.pdb	16.898	43.776	0	23.925
swarm_31_135.pdb	5.615	10.517	0.107692	23.846
swarm_47_46.pdb	10.852	21.955	0	23.840
swarm_18_59.pdb	7.506	22.247	0.0153846	23.839
swarm_46_17.pdb	9.022	18.140	0	23.742
swarm_4_79.pdb	14.308	37.319	0	23.728
swarm_31_122.pdb	7.053	13.834	0.0153846	23.677
swarm_36_165.pdb	7.036	17.231	0.0307692	23.659
swarm_28_163.pdb	17.575	50.448	0	23.658
swarm_28_35.pdb	13.338	43.070	0	23.654
swarm_21_180.pdb	14.465	41.601	0	23.630
swarm_54_139.pdb	12.491	33.344	0	23.567
swarm_57_66.pdb	8.137	30.295	0.0153846	23.484
swarm_7_49.pdb	9.095	14.761	0	23.481
swarm_7_93.pdb	13.624	39.796	0	23.406
swarm_39_12.pdb	14.239	40.797	0	23.297
swarm_24_106.pdb	4.014	12.351	0.184615	23.272
swarm_8_25.pdb	15.367	38.645	0	23.234
swarm_32_100.pdb	10.424	24.244	0	23.208
swarm_36_24.pdb	12.784	27.026	0	23.180
swarm_61_148.pdb	8.417	19.204	0	23.157
swarm_9_199.pdb	13.283	40.527	0	23.130
swarm_47_31.pdb	13.359	30.341	0	23.117
swarm_2_35.pdb	13.855	41.547	0	23.117
swarm_5_24.pdb	7.814	13.996	0.0153846	23.087
swarm_44_112.pdb	10.403	26.896	0	23.087
swarm_48_0.pdb	7.996	22.976	0	23.059
swarm_13_97.pdb	12.533	32.837	0	23.030
swarm_55_147.pdb	7.470	23.240	0.123077	22.990
swarm_31_36.pdb	11.708	35.101	0	22.961
swarm_11_174.pdb	6.285	14.180	0.0307692	22.825
swarm_21_4.pdb	13.611	25.110	0	22.807
swarm_30_61.pdb	10.852	31.008	0	22.797
swarm_57_155.pdb	8.470	20.077	0.0153846	22.761
swarm_19_39.pdb	10.640	36.064	0	22.580
swarm_48_179.pdb	9.810	23.271	0	22.535
swarm_15_194.pdb	10.692	35.891	0	22.510
swarm_29_84.pdb	10.380	23.895	0	22.454
swarm_47_44.pdb	13.549	38.311	0	22.432
swarm_36_198.pdb	7.502	17.220	0.0461538	22.420
swarm_15_73.pdb	14.872	30.754	0	22.397
swarm_39_23.pdb	14.393	37.286	0	22.248
swarm_13_126.pdb	13.993	35.278	0	22.227
swarm_53_31.pdb	7.192	28.370	0.0461538	22.207
swarm_48_6.pdb	9.367	18.870	0	22.201
swarm_33_110.pdb	11.263	34.008	0	22.043
swarm_7_186.pdb	10.246	23.071	0	21.960
swarm_47_25.pdb	12.945	30.559	0	21.955
swarm_48_8.pdb	7.574	27.237	0.184615	21.925
swarm_13_100.pdb	11.011	30.437	0	21.885
swarm_55_53.pdb	12.776	35.805	0	21.843
swarm_46_92.pdb	12.831	40.542	0.0153846	21.843
swarm_30_67.pdb	12.005	20.171	0	21.838
swarm_48_57.pdb	11.510	26.416	0	21.827
swarm_41_36.pdb	6.262	17.344	0.0307692	21.773
swarm_37_67.pdb	17.643	44.198	0	21.740
swarm_21_120.pdb	12.159	34.851	0	21.737
swarm_28_58.pdb	15.294	48.271	0	21.681
swarm_24_181.pdb	12.349	20.938	0	21.647
swarm_10_3.pdb	12.677	28.313	0	21.625
swarm_10_18.pdb	11.184	25.722	0	21.615
swarm_47_112.pdb	11.754	39.123	0	21.584
swarm_18_17.pdb	5.846	16.568	0.123077	21.488
swarm_51_108.pdb	13.776	34.223	0	21.477
swarm_29_131.pdb	13.215	38.541	0	21.395
swarm_15_49.pdb	7.120	13.316	0.0153846	21.343
swarm_20_59.pdb	5.922	13.418	0.0461538	21.340
swarm_29_195.pdb	13.782	28.614	0	21.278
swarm_39_74.pdb	13.162	42.677	0	21.269
swarm_31_93.pdb	10.487	36.453	0	21.241
swarm_27_163.pdb	7.232	22.994	0.0153846	21.211
swarm_29_90.pdb	10.909	34.118	0	21.185
swarm_21_146.pdb	9.486	34.076	0	21.074
swarm_16_73.pdb	10.726	24.751	0	21.010
swarm_17_127.pdb	12.656	37.210	0	20.972
swarm_13_55.pdb	17.127	39.046	0	20.963
swarm_2_20.pdb	13.728	33.469	0	20.925
swarm_37_70.pdb	13.047	27.458	0	20.924
swarm_20_78.pdb	8.746	27.525	0	20.920
swarm_29_106.pdb	11.010	21.728	0	20.861
swarm_19_91.pdb	13.441	26.437	0	20.784
swarm_12_156.pdb	6.583	18.402	0.0769231	20.736
swarm_44_4.pdb	13.193	23.472	0	20.710
swarm_3_55.pdb	12.951	32.304	0	20.652
swarm_8_56.pdb	16.564	48.070	0	20.621
swarm_38_130.pdb	9.997	17.648	0	20.556
swarm_22_73.pdb	14.079	35.908	0	20.527
swarm_15_85.pdb	11.992	29.719	0	20.495
swarm_21_72.pdb	16.820	38.775	0	20.488
swarm_49_13.pdb	16.642	44.775	0	20.431
swarm_22_191.pdb	17.570	49.545	0	20.414
swarm_6_193.pdb	12.558	22.767	0	20.355
swarm_1_23.pdb	17.124	49.486	0	20.329
swarm_34_153.pdb	10.535	23.998	0	20.272
swarm_13_147.pdb	7.127	25.710	0.153846	20.195
swarm_1_98.pdb	10.047	34.785	0	20.192
swarm_12_88.pdb	12.266	31.778	0	20.169
swarm_45_62.pdb	16.308	41.367	0	20.160
swarm_22_34.pdb	10.832	35.079	0	20.093
swarm_28_130.pdb	9.959	28.682	0.0153846	20.035
swarm_18_87.pdb	9.417	27.803	0.0307692	20.002
swarm_55_3.pdb	13.225	40.424	0	20.000
swarm_47_119.pdb	13.053	26.483	0	19.832
swarm_28_196.pdb	7.655	21.449	0.0153846	19.807
swarm_47_52.pdb	15.029	34.860	0	19.803
swarm_1_175.pdb	9.418	14.799	0	19.759
swarm_18_138.pdb	14.635	32.565	0	19.756
swarm_33_71.pdb	5.874	13.677	0.0307692	19.715
swarm_11_128.pdb	16.178	41.588	0	19.695
swarm_58_45.pdb	5.338	18.321	0.0923077	19.652
swarm_8_143.pdb	13.836	38.143	0	19.534
swarm_24_19.pdb	12.828	36.840	0	19.492
swarm_23_153.pdb	11.666	26.301	0	19.447
swarm_10_189.pdb	14.138	34.150	0	19.431
swarm_10_166.pdb	11.382	28.663	0	19.416
swarm_50_169.pdb	12.986	40.407	0	19.411
swarm_30_172.pdb	7.112	12.619	0.0307692	19.399
swarm_54_95.pdb	13.307	42.290	0	19.364
swarm_40_165.pdb	13.530	44.736	0	19.349
swarm_16_177.pdb	17.247	47.983	0	19.329
swarm_15_129.pdb	10.535	27.177	0	19.323
swarm_4_99.pdb	10.324	38.851	0	19.299
swarm_43_66.pdb	14.825	37.300	0	19.211
swarm_15_63.pdb	13.305	23.979	0	19.192
swarm_6_117.pdb	15.177	23.725	0	19.158
swarm_40_72.pdb	13.426	38.698	0	19.112
swarm_0_36.pdb	12.792	45.656	0	19.105
swarm_17_189.pdb	12.788	32.987	0	19.018
swarm_20_45.pdb	11.581	22.130	0	18.951
swarm_23_165.pdb	14.411	37.722	0	18.862
swarm_16_107.pdb	10.813	31.232	0.0461538	18.852
swarm_28_14.pdb	13.838	45.788	0	18.813
swarm_24_7.pdb	5.885	9.492	0.0153846	18.755
swarm_11_56.pdb	12.374	30.067	0	18.751
swarm_59_61.pdb	14.954	39.419	0	18.516
swarm_7_27.pdb	8.143	31.937	0.0461538	18.502
swarm_24_82.pdb	10.614	18.277	0	18.502
swarm_14_144.pdb	9.950	38.801	0	18.502
swarm_38_38.pdb	12.830	28.793	0	18.494
swarm_18_44.pdb	15.721	40.943	0	18.287
swarm_52_170.pdb	14.576	40.625	0	18.169
swarm_21_124.pdb	14.741	33.418	0	18.165
swarm_46_101.pdb	14.113	33.937	0	18.161
swarm_2_155.pdb	15.221	39.956	0	18.095
swarm_47_137.pdb	6.152	24.738	0.0461538	18.065
swarm_54_184.pdb	10.692	35.154	0	18.010
swarm_15_153.pdb	11.839	37.017	0	17.903
swarm_10_94.pdb	6.831	21.622	0.0461538	17.882
swarm_2_143.pdb	14.178	35.295	0	17.855
swarm_19_28.pdb	12.636	42.680	0	17.848
swarm_31_158.pdb	9.774	26.540	0	17.731
swarm_20_92.pdb	14.225	29.877	0	17.699
swarm_6_145.pdb	11.388	23.850	0	17.687
swarm_3_196.pdb	12.509	27.058	0	17.642
swarm_36_56.pdb	14.391	22.660	0	17.496
swarm_23_149.pdb	15.199	46.403	0	17.470
swarm_30_6.pdb	12.313	28.105	0	17.433
swarm_10_48.pdb	9.367	24.565	0.0153846	17.229
swarm_47_48.pdb	13.499	34.952	0	17.191
swarm_6_169.pdb	12.853	26.785	0	17.185
swarm_16_96.pdb	15.222	48.627	0	17.128
swarm_46_50.pdb	15.647	44.356	0	16.952
swarm_12_101.pdb	15.178	25.080	0	16.894
swarm_17_137.pdb	8.295	22.753	0	16.893
swarm_11_131.pdb	14.027	33.700	0	16.861
swarm_51_10.pdb	8.400	21.722	0	16.843
swarm_23_77.pdb	12.761	34.172	0	16.815
swarm_24_164.pdb	8.674	23.905	0	16.776
swarm_14_22.pdb	12.896	27.180	0	16.738
swarm_1_133.pdb	15.249	44.020	0	16.647
swarm_54_59.pdb	14.415	42.189	0	16.611
swarm_20_193.pdb	7.663	18.176	0	16.609
swarm_30_149.pdb	6.877	16.086	0.0153846	16.553
swarm_37_143.pdb	12.521	26.177	0	16.390
swarm_3_87.pdb	12.034	31.506	0	16.347
swarm_6_151.pdb	12.656	48.867	0	16.327
swarm_39_97.pdb	17.856	49.396	0	16.324
swarm_13_46.pdb	16.403	41.243	0	16.292
swarm_9_10.pdb	15.310	41.524	0	16.265
swarm_37_138.pdb	13.792	36.202	0	16.231
swarm_27_27.pdb	9.904	33.080	0	16.223
swarm_35_42.pdb	10.875	36.251	0	16.142
swarm_9_186.pdb	13.191	38.979	0	16.107
swarm_21_76.pdb	15.683	31.314	0	16.091
swarm_44_143.pdb	11.701	22.048	0	16.031
swarm_8_155.pdb	15.946	43.701	0	16.005
swarm_55_84.pdb	12.109	43.038	0	15.921
swarm_31_188.pdb	3.065	11.793	0.492308	15.905
swarm_22_124.pdb	15.185	26.569	0	15.860
swarm_1_102.pdb	11.109	21.981	0	15.858
swarm_55_152.pdb	9.733	36.903	0	15.814
swarm_55_42.pdb	16.592	41.262	0	15.810
swarm_36_83.pdb	10.214	16.258	0	15.799
swarm_32_178.pdb	15.270	37.260	0	15.773
swarm_39_169.pdb	11.036	43.178	0	15.671
swarm_35_193.pdb	15.815	37.252	0	15.515
swarm_3_199.pdb	17.687	36.855	0	15.429
swarm_1_162.pdb	15.749	41.895	0	15.383
swarm_1_57.pdb	10.242	33.110	0	15.382
swarm_11_105.pdb	11.127	35.783	0	15.335
swarm_18_182.pdb	4.153	14.649	0.184615	15.265
swarm_32_193.pdb	12.719	29.282	0	15.218
swarm_56_14.pdb	13.040	36.958	0	15.166
swarm_22_12.pdb	8.593	26.377	0.0307692	15.110
swarm_53_170.pdb	13.765	28.190	0	15.053
swarm_20_199.pdb	11.344	27.376	0	15.010
swarm_29_180.pdb	14.570	35.339	0	14.869
swarm_20_46.pdb	11.736	33.683	0	14.751
swarm_3_120.pdb	14.733	39.862	0	14.744
swarm_13_82.pdb	6.455	25.434	0.0923077	14.680
swarm_14_139.pdb	14.318	28.097	0	14.663
swarm_29_82.pdb	9.510	23.896	0	14.600
swarm_28_172.pdb	14.838	34.874	0	14.550
swarm_37_28.pdb	16.074	33.275	0	14.514
swarm_2_19.pdb	9.841	22.631	0	14.389
swarm_56_156.pdb	14.313	40.221	0	14.314
swarm_9_42.pdb	17.123	39.333	0	14.245
swarm_12_14.pdb	9.363	25.127	0.0153846	14.039
swarm_0_168.pdb	18.044	50.322	0	13.855
swarm_25_148.pdb	6.586	17.674	0.0307692	13.814
swarm_10_165.pdb	10.151	17.757	0	13.790
swarm_23_198.pdb	16.551	45.135	0	13.632
swarm_29_33.pdb	9.554	28.734	0	13.598
swarm_48_158.pdb	16.876	46.492	0	13.554
swarm_53_80.pdb	15.355	36.993	0	13.520
swarm_23_22.pdb	16.118	40.263	0	13.502
swarm_60_15.pdb	15.886	49.189	0	13.154
swarm_16_25.pdb	14.422	35.331	0	13.059
swarm_54_189.pdb	15.280	34.530	0	12.488
swarm_52_158.pdb	13.668	47.755	0	11.697
swarm_20_56.pdb	13.532	21.524	0	11.632
swarm_39_146.pdb	8.779	33.322	0.0307692	10.698
swarm_33_46.pdb	12.134	38.951	0	10.571
swarm_28_65.pdb	8.529	18.159	0	10.135
swarm_19_138.pdb	11.214	33.766	0	8.800
swarm_49_148.pdb	7.124	28.567	0	8.799
swarm_49_34.pdb	17.413	46.637	0	7.598
swarm_34_82.pdb	8.390	27.446	0.0153846	7.564
swarm_36_64.pdb	12.568	49.461	0	7.253
swarm_29_124.pdb	16.980	37.754	0	6.167
swarm_33_192.pdb	12.798	38.338	0	5.922
swarm_58_56.pdb	3.605	7.037	0.353846	5.446
swarm_25_190.pdb	5.910	18.494	0.153846	5.424
swarm_12_1.pdb	6.956	26.815	0.292308	5.218
swarm_15_55.pdb	5.919	22.673	0.107692	4.691
swarm_37_150.pdb	12.684	45.354	0	3.897
swarm_30_54.pdb	13.447	24.622	0	3.674
swarm_40_80.pdb	9.513	31.606	0	2.779
swarm_29_185.pdb	12.848	31.000	0	1.495
