swarm_4_129.pdb	3.438	14.710	0.215385	61.913
swarm_7_179.pdb	2.454	7.105	0.246154	60.885
swarm_5_83.pdb	6.019	24.790	0.107692	59.479
swarm_0_110.pdb	2.833	10.817	0.169231	56.025
swarm_8_186.pdb	5.843	26.063	0.138462	53.183
swarm_9_126.pdb	3.048	13.101	0.353846	52.220
swarm_9_84.pdb	3.866	14.528	0.123077	45.244
swarm_0_76.pdb	4.667	19.809	0.138462	43.617
swarm_1_87.pdb	5.909	23.815	0.0461538	42.476
swarm_3_53.pdb	7.022	31.471	0.123077	41.516
swarm_0_125.pdb	4.786	19.065	0.138462	39.593
swarm_8_93.pdb	6.600	29.228	0.107692	38.338
swarm_6_62.pdb	3.657	7.664	0.0615385	34.856
swarm_5_86.pdb	8.256	31.574	0.107692	32.749
swarm_0_184.pdb	3.518	8.904	0.0923077	31.651
swarm_2_118.pdb	6.033	26.516	0.153846	31.001
swarm_6_25.pdb	4.200	10.792	0.0769231	27.730
swarm_8_68.pdb	4.648	17.038	0.0461538	25.553
swarm_2_194.pdb	3.939	15.577	0.384615	25.123
swarm_4_153.pdb	5.092	18.225	0.0615385	24.157
swarm_1_61.pdb	9.063	38.599	0.0153846	23.974
swarm_3_85.pdb	9.433	40.533	0.0769231	23.953
swarm_4_187.pdb	7.608	30.076	0.0461538	21.906
swarm_5_109.pdb	9.162	37.601	0.0153846	21.662
swarm_9_130.pdb	6.506	24.386	0.0153846	21.515
swarm_2_116.pdb	9.125	35.881	0.0461538	21.422
swarm_2_172.pdb	7.615	24.701	0.0461538	21.154
swarm_2_171.pdb	4.121	16.616	0.169231	8.627
