swarm_11_18.pdb	2.068	5.571	0.646154	73.269
swarm_10_82.pdb	1.993	5.065	0.6	68.636
swarm_17_67.pdb	2.306	6.656	0.584615	66.460
swarm_5_144.pdb	2.000	4.383	0.553846	61.320
swarm_12_154.pdb	2.213	6.380	0.538462	60.104
swarm_18_128.pdb	1.704	2.834	0.553846	56.344
swarm_16_22.pdb	1.754	3.601	0.6	52.738
swarm_24_166.pdb	4.390	18.815	0.261538	49.436
swarm_28_50.pdb	1.688	5.628	0.507692	44.329
swarm_28_172.pdb	5.091	20.732	0.2	38.197
swarm_4_115.pdb	4.538	19.504	0.261538	37.185
swarm_33_110.pdb	3.190	12.047	0.4	35.645
swarm_16_198.pdb	3.244	14.226	0.246154	34.524
swarm_18_182.pdb	3.748	13.059	0.323077	32.448
swarm_21_91.pdb	5.633	23.737	0.184615	30.711
swarm_13_16.pdb	7.616	23.971	0.0153846	30.328
swarm_17_51.pdb	2.945	9.963	0.153846	29.611
swarm_1_55.pdb	4.234	15.483	0.276923	29.221
swarm_17_89.pdb	6.791	19.528	0.0153846	28.563
swarm_27_135.pdb	7.055	17.978	0	28.392
swarm_31_53.pdb	4.125	14.622	0.292308	28.280
swarm_33_54.pdb	1.909	5.746	0.384615	27.588
swarm_11_167.pdb	4.922	17.341	0.0769231	26.858
swarm_4_161.pdb	8.157	28.181	0	26.793
swarm_14_168.pdb	5.812	23.310	0.107692	26.785
swarm_9_155.pdb	3.196	11.149	0.184615	26.772
swarm_21_142.pdb	5.639	23.191	0.123077	26.735
swarm_4_8.pdb	7.208	28.623	0.0461538	26.622
swarm_25_86.pdb	3.759	14.257	0.215385	26.557
swarm_11_40.pdb	4.685	16.390	0.246154	26.420
swarm_28_187.pdb	7.594	24.374	0	25.822
swarm_24_7.pdb	8.186	23.877	0	25.650
swarm_0_1.pdb	8.418	32.957	0.0461538	25.494
swarm_13_182.pdb	4.774	18.092	0.0769231	24.268
swarm_15_48.pdb	7.194	30.580	0.0615385	23.331
swarm_28_61.pdb	4.545	17.592	0.261538	23.187
swarm_29_22.pdb	8.252	29.647	0.0461538	22.928
swarm_34_151.pdb	11.001	43.006	0	22.802
swarm_5_78.pdb	4.313	14.656	0.261538	22.651
swarm_33_142.pdb	4.076	18.063	0.384615	22.354
swarm_7_130.pdb	8.445	33.241	0.0307692	22.133
swarm_6_2.pdb	6.834	26.842	0.0769231	21.981
swarm_17_66.pdb	7.685	16.769	0	21.152
swarm_24_198.pdb	6.305	22.184	0	21.130
swarm_27_39.pdb	8.152	27.482	0	20.619
swarm_9_102.pdb	6.582	22.921	0.0615385	20.538
swarm_4_23.pdb	4.864	19.790	0.169231	20.501
swarm_25_4.pdb	7.937	18.367	0	20.310
swarm_2_135.pdb	9.943	36.787	0.0461538	19.464
swarm_13_62.pdb	9.183	26.204	0	19.242
swarm_21_122.pdb	9.304	29.057	0	19.013
swarm_34_142.pdb	10.206	37.661	0.0769231	18.341
swarm_1_37.pdb	7.291	24.479	0.169231	18.031
swarm_29_115.pdb	7.902	23.790	0	18.021
swarm_12_184.pdb	5.379	19.258	0.0923077	17.804
swarm_32_37.pdb	10.417	39.610	0.0769231	17.686
swarm_0_84.pdb	10.038	37.274	0.0769231	17.469
swarm_27_162.pdb	10.266	34.091	0	17.448
swarm_30_90.pdb	9.845	34.655	0.107692	17.443
swarm_14_124.pdb	6.763	24.876	0.0769231	17.338
swarm_26_194.pdb	10.395	39.672	0.0615385	16.993
swarm_5_190.pdb	6.502	22.132	0.169231	16.204
swarm_34_128.pdb	10.721	42.761	0	15.789
swarm_5_63.pdb	5.612	18.206	0.123077	15.565
swarm_8_127.pdb	11.044	44.499	0	15.268
swarm_27_10.pdb	3.269	13.947	0.584615	14.850
swarm_8_197.pdb	8.186	34.686	0.153846	14.458
swarm_34_6.pdb	8.390	30.427	0	11.603
swarm_31_173.pdb	10.209	36.269	0.0153846	5.470
swarm_24_135.pdb	8.792	15.284	0	4.626
