swarm_0_55.pdb	6.742	27.816	0.0416667	32.428
swarm_31_29.pdb	11.738	24.505	0	29.818
swarm_14_58.pdb	6.828	21.071	0	28.590
swarm_29_35.pdb	11.448	25.942	0	28.315
swarm_17_118.pdb	10.787	22.192	0	28.147
swarm_31_36.pdb	10.763	23.952	0	27.566
swarm_28_138.pdb	12.861	27.250	0	26.117
swarm_27_160.pdb	10.497	22.240	0	25.757
swarm_19_154.pdb	13.429	25.316	0	25.679
swarm_44_94.pdb	11.297	31.458	0	25.362
swarm_42_27.pdb	7.612	24.390	0.0625	25.140
swarm_42_74.pdb	13.397	25.968	0	25.006
swarm_22_173.pdb	11.778	34.829	0.0208333	24.595
swarm_0_162.pdb	9.402	38.040	0	24.564
swarm_7_183.pdb	12.369	28.804	0.0416667	24.431
swarm_14_93.pdb	3.361	15.747	0.375	24.214
swarm_1_183.pdb	13.091	30.596	0	24.059
swarm_7_187.pdb	11.581	34.991	0	24.038
swarm_0_118.pdb	10.116	35.234	0	23.980
swarm_9_12.pdb	14.809	38.249	0	23.812
swarm_44_63.pdb	9.994	22.518	0	23.767
swarm_27_53.pdb	10.332	22.659	0.0208333	23.749
swarm_17_148.pdb	10.759	20.605	0	23.741
swarm_12_54.pdb	15.843	38.615	0	23.703
swarm_28_110.pdb	14.557	31.232	0	23.621
swarm_29_52.pdb	13.566	27.951	0	23.466
swarm_42_135.pdb	4.329	14.542	0.166667	23.048
swarm_40_111.pdb	9.177	19.744	0	22.811
swarm_42_49.pdb	13.005	22.725	0	22.601
swarm_22_31.pdb	16.957	36.037	0	22.449
swarm_42_181.pdb	7.423	18.746	0.0625	22.418
swarm_28_71.pdb	13.641	27.535	0	22.338
swarm_9_125.pdb	8.294	31.860	0.0208333	22.316
swarm_5_125.pdb	11.937	29.013	0	22.163
swarm_40_22.pdb	5.779	11.317	0.208333	22.010
swarm_21_96.pdb	14.857	33.198	0	21.781
swarm_21_117.pdb	9.673	38.869	0.0208333	21.773
swarm_1_120.pdb	11.038	30.068	0	21.574
swarm_7_101.pdb	12.855	23.568	0	21.465
swarm_12_78.pdb	13.793	34.958	0	21.453
swarm_3_130.pdb	10.255	37.678	0.0416667	21.445
swarm_10_111.pdb	16.675	39.354	0	21.445
swarm_27_64.pdb	12.483	25.130	0	21.322
swarm_27_95.pdb	9.845	21.743	0	21.287
swarm_11_113.pdb	11.339	21.273	0.0208333	21.281
swarm_5_154.pdb	9.166	29.661	0.0208333	21.276
swarm_29_133.pdb	9.058	27.893	0	21.177
swarm_9_177.pdb	10.953	30.189	0	21.174
swarm_27_182.pdb	9.704	19.660	0	21.133
swarm_43_178.pdb	10.884	30.464	0	21.130
swarm_31_153.pdb	7.267	30.786	0.0208333	21.071
swarm_27_28.pdb	13.837	24.732	0	21.069
swarm_28_28.pdb	5.716	27.050	0.0833333	21.042
swarm_40_195.pdb	13.740	24.203	0	21.017
swarm_40_56.pdb	8.304	22.596	0	20.988
swarm_44_158.pdb	12.950	31.514	0	20.953
swarm_21_119.pdb	11.312	29.252	0	20.922
swarm_31_46.pdb	7.352	18.156	0.0208333	20.832
swarm_44_190.pdb	8.622	25.601	0	20.722
swarm_7_54.pdb	7.430	28.414	0.0208333	20.383
swarm_1_195.pdb	13.249	24.692	0	20.375
swarm_11_199.pdb	10.284	21.452	0	20.196
swarm_14_145.pdb	13.826	29.254	0	20.190
swarm_43_81.pdb	8.799	23.009	0	19.865
swarm_17_8.pdb	9.851	18.856	0	19.601
swarm_27_105.pdb	10.363	22.460	0.0208333	19.590
swarm_9_65.pdb	16.362	32.125	0	19.577
swarm_0_140.pdb	11.754	27.725	0	19.553
swarm_15_133.pdb	9.536	35.975	0	19.534
swarm_44_55.pdb	8.279	19.302	0.0416667	19.202
swarm_25_110.pdb	12.662	39.109	0.0416667	19.194
swarm_0_43.pdb	15.641	33.477	0	19.130
swarm_34_128.pdb	16.061	46.898	0	19.059
swarm_23_127.pdb	14.098	29.441	0	18.986
swarm_40_41.pdb	11.317	20.595	0	18.943
swarm_6_27.pdb	9.720	32.024	0	18.889
swarm_22_193.pdb	14.352	39.613	0.0208333	18.814
swarm_9_56.pdb	15.766	35.022	0	18.769
swarm_4_86.pdb	15.581	36.342	0	18.581
swarm_28_151.pdb	14.497	28.914	0	18.578
swarm_11_89.pdb	10.973	25.349	0	18.492
swarm_33_185.pdb	15.537	43.857	0	18.468
swarm_42_85.pdb	8.907	18.417	0	18.405
swarm_10_178.pdb	14.526	45.415	0.0208333	18.391
swarm_20_21.pdb	15.330	33.307	0	18.367
swarm_10_165.pdb	16.766	35.144	0	18.240
swarm_42_7.pdb	8.077	22.241	0	18.162
swarm_35_31.pdb	7.455	33.953	0.0833333	18.101
swarm_16_98.pdb	15.490	33.645	0	18.075
swarm_12_96.pdb	14.023	30.377	0	17.967
swarm_43_32.pdb	15.312	27.849	0	17.950
swarm_19_162.pdb	10.773	24.790	0	17.940
swarm_41_119.pdb	12.277	30.267	0	17.891
swarm_7_13.pdb	10.941	29.435	0	17.836
swarm_20_103.pdb	14.396	38.096	0	17.807
swarm_42_93.pdb	7.354	15.903	0	17.784
swarm_43_67.pdb	13.774	24.014	0	17.757
swarm_2_185.pdb	8.972	29.831	0	17.711
swarm_13_102.pdb	12.575	32.279	0	17.671
swarm_5_175.pdb	12.980	24.366	0	17.644
swarm_12_161.pdb	10.256	34.160	0.0208333	17.564
swarm_1_69.pdb	14.434	38.173	0.0208333	17.492
swarm_7_67.pdb	9.003	27.212	0	17.458
swarm_7_89.pdb	16.595	31.979	0	17.447
swarm_21_64.pdb	6.153	28.545	0.0833333	17.369
swarm_14_80.pdb	9.717	20.546	0	17.362
swarm_11_166.pdb	3.294	12.973	0.291667	17.350
swarm_1_8.pdb	9.246	33.463	0	17.335
swarm_21_178.pdb	9.943	30.786	0	17.329
swarm_43_146.pdb	13.193	30.790	0	17.176
swarm_17_16.pdb	11.896	23.638	0.0208333	17.162
swarm_42_9.pdb	10.051	23.406	0	17.053
swarm_20_19.pdb	18.302	40.094	0	16.997
swarm_23_37.pdb	12.936	27.692	0	16.991
swarm_1_46.pdb	11.374	32.785	0	16.989
swarm_25_119.pdb	11.814	31.585	0	16.938
swarm_22_186.pdb	11.314	26.858	0	16.936
swarm_16_34.pdb	16.993	39.320	0	16.930
swarm_44_181.pdb	7.227	22.421	0	16.900
swarm_31_66.pdb	11.628	25.448	0	16.720
swarm_12_14.pdb	15.046	35.298	0	16.454
swarm_25_21.pdb	12.647	39.061	0.0625	16.429
swarm_41_76.pdb	8.755	22.795	0.0625	16.418
swarm_24_131.pdb	11.940	39.554	0	16.382
swarm_3_160.pdb	13.051	36.500	0	16.381
swarm_27_39.pdb	13.877	25.065	0	16.378
swarm_40_65.pdb	7.948	24.117	0	16.286
swarm_12_76.pdb	17.071	36.412	0	16.252
swarm_43_90.pdb	11.048	30.154	0	16.222
swarm_6_129.pdb	12.703	39.800	0.0208333	16.211
swarm_40_21.pdb	12.600	24.218	0	16.201
swarm_41_5.pdb	10.712	19.690	0	16.117
swarm_40_142.pdb	8.770	24.840	0.0208333	16.002
swarm_9_11.pdb	11.374	25.841	0.0208333	15.980
swarm_23_0.pdb	17.141	30.129	0	15.954
swarm_5_70.pdb	11.449	33.260	0	15.939
swarm_3_26.pdb	10.151	30.221	0	15.897
swarm_23_63.pdb	12.702	24.158	0	15.728
swarm_24_198.pdb	10.813	37.556	0	15.662
swarm_36_125.pdb	12.374	42.299	0	15.611
swarm_33_5.pdb	9.310	41.258	0.0416667	15.565
swarm_25_166.pdb	14.796	34.107	0	15.548
swarm_14_18.pdb	9.651	18.987	0	15.542
swarm_25_124.pdb	10.696	28.804	0	15.491
swarm_40_198.pdb	8.292	20.250	0.0625	15.485
swarm_6_33.pdb	13.527	30.575	0	15.409
swarm_7_14.pdb	7.933	23.680	0.0625	15.375
swarm_5_33.pdb	10.542	26.080	0	15.365
swarm_16_169.pdb	16.424	44.017	0	15.342
swarm_42_110.pdb	14.844	25.207	0	15.340
swarm_9_55.pdb	18.436	32.488	0	15.303
swarm_40_191.pdb	8.878	18.971	0.0416667	15.242
swarm_2_83.pdb	11.129	36.965	0	15.233
swarm_15_41.pdb	12.654	39.502	0	15.177
swarm_42_107.pdb	15.717	27.633	0	15.129
swarm_2_178.pdb	13.758	25.889	0	15.100
swarm_41_191.pdb	11.187	28.103	0.0625	15.086
swarm_1_6.pdb	11.747	32.188	0	15.030
swarm_23_22.pdb	11.453	33.677	0.0208333	14.982
swarm_9_83.pdb	9.643	35.291	0	14.947
swarm_20_184.pdb	16.039	38.452	0	14.882
swarm_23_23.pdb	11.845	30.901	0	14.836
swarm_5_90.pdb	18.659	35.772	0	14.802
swarm_10_76.pdb	13.278	40.119	0.0625	14.749
swarm_6_75.pdb	13.358	37.107	0	14.736
swarm_13_33.pdb	13.361	36.691	0.0208333	14.713
swarm_16_16.pdb	15.292	36.256	0	14.661
swarm_33_196.pdb	20.795	46.198	0	14.623
swarm_5_159.pdb	6.602	25.035	0.0625	14.609
swarm_20_176.pdb	11.271	36.940	0	14.574
swarm_20_41.pdb	10.799	41.976	0	14.415
swarm_43_124.pdb	17.717	31.920	0	14.347
swarm_33_179.pdb	15.459	37.543	0	14.339
swarm_36_122.pdb	20.563	48.653	0	14.269
swarm_2_172.pdb	14.075	28.817	0	14.217
swarm_29_20.pdb	14.129	28.848	0	14.206
swarm_16_1.pdb	19.015	43.191	0	14.182
swarm_41_17.pdb	14.508	27.476	0	14.073
swarm_42_154.pdb	14.758	25.938	0	14.042
swarm_36_116.pdb	15.357	37.038	0	13.873
swarm_42_106.pdb	12.187	28.493	0	13.729
swarm_19_144.pdb	11.401	29.500	0	13.508
swarm_5_161.pdb	11.929	37.189	0	13.360
swarm_4_160.pdb	12.291	39.727	0	13.295
swarm_15_169.pdb	9.644	42.354	0.0208333	13.277
swarm_10_128.pdb	15.539	37.657	0	13.272
swarm_11_31.pdb	9.880	26.642	0	13.247
swarm_41_63.pdb	11.712	31.272	0	13.049
swarm_40_83.pdb	13.043	29.361	0	12.989
swarm_25_186.pdb	10.875	37.044	0	12.873
swarm_23_176.pdb	14.377	30.053	0	12.829
swarm_35_116.pdb	7.713	32.857	0.0208333	12.694
swarm_36_62.pdb	15.631	49.453	0	12.667
swarm_2_120.pdb	16.633	38.703	0	12.523
swarm_44_114.pdb	10.071	25.021	0.0208333	12.370
swarm_19_109.pdb	13.016	27.424	0	12.352
swarm_16_105.pdb	9.543	39.288	0	12.107
swarm_44_112.pdb	10.696	28.741	0.0208333	11.994
swarm_9_192.pdb	10.683	25.075	0	11.972
swarm_2_82.pdb	18.769	36.083	0	11.935
swarm_7_64.pdb	15.659	27.908	0	11.848
swarm_42_99.pdb	12.367	24.661	0.0208333	11.835
swarm_9_115.pdb	11.815	28.635	0	11.775
swarm_44_7.pdb	7.976	15.997	0.0416667	11.770
swarm_43_47.pdb	12.451	22.184	0.0416667	11.767
swarm_16_84.pdb	20.517	45.934	0	11.574
swarm_44_128.pdb	15.747	28.697	0	11.545
swarm_5_185.pdb	10.643	39.420	0	11.523
swarm_23_98.pdb	8.817	30.420	0	11.500
swarm_5_192.pdb	13.920	29.743	0	11.496
swarm_5_65.pdb	11.315	28.233	0.0208333	11.493
swarm_23_131.pdb	8.142	30.794	0	11.297
swarm_43_57.pdb	6.538	28.871	0.104167	11.120
swarm_10_182.pdb	19.312	39.742	0	11.120
swarm_6_78.pdb	11.665	34.231	0	10.946
swarm_10_179.pdb	18.998	47.747	0	10.824
swarm_22_185.pdb	11.541	33.734	0	10.706
swarm_5_108.pdb	10.626	33.156	0.0208333	10.664
swarm_10_14.pdb	12.355	42.704	0.0208333	10.627
swarm_10_105.pdb	20.624	42.491	0	10.439
swarm_44_11.pdb	10.515	24.271	0	10.127
swarm_20_131.pdb	12.043	42.151	0	10.028
swarm_44_188.pdb	4.398	14.939	0.1875	9.841
swarm_25_93.pdb	11.775	34.854	0	9.583
swarm_10_95.pdb	13.553	42.084	0	8.699
swarm_6_88.pdb	12.725	33.474	0	8.677
swarm_36_27.pdb	18.269	43.088	0	7.458
swarm_19_115.pdb	11.691	33.233	0.0208333	7.230
swarm_23_167.pdb	11.876	21.521	0	5.828
swarm_15_116.pdb	11.669	40.192	0	3.065
swarm_3_63.pdb	9.042	34.532	0.0625	2.984
swarm_36_113.pdb	10.448	41.470	0.104167	2.317
