swarm_31_54.pdb	5.801	16.639	0	31.748
swarm_32_109.pdb	6.383	22.022	0	30.011
swarm_36_36.pdb	7.908	25.764	0	29.973
swarm_40_50.pdb	7.842	26.672	0	29.373
swarm_45_114.pdb	14.643	47.823	0	28.551
swarm_5_116.pdb	11.589	42.064	0	27.328
swarm_30_140.pdb	10.694	35.693	0	27.071
swarm_37_70.pdb	14.413	49.043	0	27.011
swarm_19_179.pdb	6.960	15.794	0	26.941
swarm_12_185.pdb	14.327	48.772	0	26.069
swarm_32_197.pdb	3.347	14.545	0.1875	26.021
swarm_50_0.pdb	5.991	11.904	0	26.004
swarm_35_160.pdb	7.234	17.077	0	25.935
swarm_39_14.pdb	6.802	17.241	0	25.558
swarm_33_194.pdb	6.907	13.476	0	25.287
swarm_25_94.pdb	12.246	44.152	0	25.006
swarm_19_147.pdb	3.714	15.343	0.104167	24.876
swarm_20_87.pdb	12.439	45.886	0	24.580
swarm_39_12.pdb	7.821	17.273	0	24.449
swarm_16_159.pdb	7.313	18.044	0	24.428
swarm_25_27.pdb	12.180	50.819	0	24.221
swarm_43_79.pdb	7.391	20.512	0	24.170
swarm_0_44.pdb	5.800	25.132	0	23.587
swarm_10_179.pdb	6.630	27.288	0	23.524
swarm_24_152.pdb	12.190	46.179	0	22.958
swarm_16_70.pdb	7.926	19.138	0	22.950
swarm_10_192.pdb	8.286	18.657	0	22.070
swarm_0_27.pdb	8.739	20.043	0	21.916
swarm_33_80.pdb	4.196	10.252	0.0208333	21.581
swarm_2_22.pdb	14.045	49.077	0	21.092
swarm_50_115.pdb	4.611	16.802	0.0208333	20.768
swarm_3_110.pdb	8.411	22.816	0	20.338
swarm_32_97.pdb	6.552	12.411	0	20.223
swarm_15_129.pdb	6.256	16.459	0	19.918
swarm_4_135.pdb	6.600	29.786	0	19.705
swarm_20_162.pdb	10.556	37.854	0	18.640
swarm_33_27.pdb	7.478	18.718	0	18.431
swarm_33_20.pdb	7.853	16.624	0	17.670
swarm_35_104.pdb	8.217	25.189	0	17.612
swarm_15_178.pdb	7.113	14.500	0	17.226
swarm_33_169.pdb	6.335	18.407	0.0208333	16.841
swarm_43_134.pdb	8.740	35.117	0	16.159
swarm_30_150.pdb	12.916	40.268	0	16.042
swarm_32_12.pdb	6.414	18.999	0	16.004
swarm_32_92.pdb	5.537	15.099	0.0416667	15.999
swarm_15_93.pdb	6.957	24.337	0.0416667	15.248
swarm_3_138.pdb	6.813	17.019	0	14.629
swarm_36_45.pdb	7.922	16.224	0	13.694
swarm_40_74.pdb	10.549	37.899	0	13.170
swarm_39_76.pdb	6.717	19.352	0	12.160
swarm_43_34.pdb	9.680	29.441	0	11.315
swarm_35_144.pdb	7.006	16.158	0	10.938
swarm_16_191.pdb	5.264	24.825	0.1875	10.089
swarm_16_135.pdb	6.730	15.515	0.0208333	9.684
swarm_30_45.pdb	11.715	28.277	0	2.166
