swarm_15_187.pdb	2.425	12.401	0.625	54.422
swarm_11_125.pdb	3.396	17.381	0.520833	43.091
swarm_15_144.pdb	4.506	22.242	0.229167	41.478
swarm_11_36.pdb	1.510	2.225	0.541667	41.213
swarm_12_61.pdb	1.787	4.243	0.416667	40.135
swarm_4_141.pdb	2.457	12.462	0.479167	38.810
swarm_5_55.pdb	2.244	6.024	0.520833	38.685
swarm_14_158.pdb	5.147	25.236	0.166667	38.387
swarm_13_3.pdb	5.237	25.569	0.208333	38.054
swarm_4_45.pdb	4.112	19.620	0.416667	37.681
swarm_7_160.pdb	4.939	25.189	0.25	36.777
swarm_9_75.pdb	1.357	5.279	0.4375	34.306
swarm_17_22.pdb	5.403	24.957	0.270833	33.754
swarm_1_11.pdb	3.207	16.303	0.354167	32.654
swarm_17_49.pdb	5.513	26.606	0.1875	32.018
swarm_1_12.pdb	4.941	22.591	0.229167	32.009
swarm_6_193.pdb	4.806	24.080	0.166667	31.785
swarm_10_106.pdb	4.404	20.938	0.395833	31.782
swarm_9_198.pdb	4.531	21.195	0.270833	31.366
swarm_15_18.pdb	3.970	21.370	0.270833	31.031
swarm_3_149.pdb	5.151	23.893	0.291667	30.913
swarm_13_63.pdb	4.370	24.244	0.25	30.430
swarm_10_71.pdb	3.690	8.886	0.1875	29.739
swarm_2_73.pdb	3.327	12.870	0.291667	29.165
swarm_17_74.pdb	4.227	20.517	0.1875	28.954
swarm_19_120.pdb	4.137	17.011	0.145833	27.870
swarm_16_83.pdb	5.112	22.356	0.1875	26.978
swarm_18_123.pdb	3.793	13.864	0.270833	26.836
swarm_10_123.pdb	2.478	11.790	0.25	26.485
swarm_0_46.pdb	5.113	20.669	0.125	24.408
swarm_7_95.pdb	7.829	34.582	0.0208333	24.370
swarm_5_14.pdb	3.340	13.538	0.125	24.238
swarm_12_195.pdb	6.212	17.400	0.0416667	23.188
swarm_8_37.pdb	5.861	23.265	0.0416667	22.458
swarm_21_123.pdb	5.356	23.598	0.125	21.972
swarm_1_69.pdb	5.414	24.139	0.25	21.857
swarm_21_65.pdb	7.544	31.429	0.0208333	21.409
swarm_20_56.pdb	7.176	30.419	0.0833333	21.320
swarm_11_185.pdb	3.708	15.193	0.208333	21.173
swarm_22_159.pdb	7.539	28.666	0.0416667	21.139
swarm_20_0.pdb	6.794	25.777	0.0625	20.354
swarm_20_74.pdb	9.793	38.483	0	19.257
swarm_10_100.pdb	5.641	25.669	0.208333	18.861
swarm_16_85.pdb	4.967	16.891	0.0416667	18.598
swarm_5_99.pdb	2.919	16.504	0.395833	18.099
swarm_0_183.pdb	7.070	23.427	0.0625	17.686
swarm_19_93.pdb	3.604	10.027	0.145833	17.256
swarm_2_38.pdb	2.822	14.444	0.270833	17.094
swarm_6_51.pdb	8.421	17.916	0	17.072
swarm_0_68.pdb	8.946	33.169	0	15.697
swarm_4_126.pdb	5.322	15.175	0.0416667	14.964
swarm_19_38.pdb	7.722	21.512	0.0208333	13.836
swarm_18_178.pdb	6.846	26.590	0.0833333	13.481
swarm_18_61.pdb	7.156	12.277	0	12.524
swarm_8_107.pdb	2.611	15.402	0.4375	11.353
swarm_9_136.pdb	7.735	18.572	0	11.003
swarm_12_171.pdb	4.828	21.302	0.208333	10.722
swarm_5_128.pdb	3.533	15.953	0.458333	10.193
swarm_14_95.pdb	9.983	41.342	0	9.845
swarm_5_138.pdb	4.963	18.958	0.166667	0.349
