swarm_35_113.pdb	10.875	22.741	0	31.361
swarm_14_150.pdb	18.325	39.582	0	30.432
swarm_27_44.pdb	7.543	22.650	0.0625	28.870
swarm_7_169.pdb	11.750	37.349	0	28.080
swarm_41_64.pdb	10.672	27.125	0	27.370
swarm_11_121.pdb	6.965	32.491	0.0833333	27.012
swarm_2_102.pdb	16.557	46.652	0	26.924
swarm_29_158.pdb	11.405	36.132	0	26.853
swarm_29_8.pdb	11.400	37.865	0	26.846
swarm_4_178.pdb	13.362	27.832	0	26.241
swarm_32_136.pdb	13.293	29.267	0	25.694
swarm_7_7.pdb	13.056	42.537	0	25.473
swarm_42_49.pdb	16.167	40.355	0	25.103
swarm_26_96.pdb	8.918	25.419	0.0833333	24.978
swarm_27_38.pdb	8.930	20.627	0	24.954
swarm_26_111.pdb	10.737	23.634	0	24.949
swarm_26_31.pdb	11.198	25.833	0	24.913
swarm_18_168.pdb	8.744	31.228	0.0416667	24.903
swarm_25_138.pdb	11.470	22.754	0	24.666
swarm_25_130.pdb	10.986	27.344	0	24.610
swarm_38_20.pdb	13.731	38.369	0	24.595
swarm_16_2.pdb	10.569	26.192	0.104167	24.515
swarm_17_166.pdb	11.513	25.631	0	24.281
swarm_16_17.pdb	12.659	24.171	0	24.232
swarm_15_40.pdb	7.908	22.593	0.0208333	24.200
swarm_8_176.pdb	17.542	41.359	0	24.160
swarm_28_81.pdb	9.791	35.921	0	24.117
swarm_6_142.pdb	14.480	41.545	0	23.705
swarm_7_65.pdb	12.172	41.902	0	23.661
swarm_13_20.pdb	7.536	33.508	0.0208333	23.398
swarm_23_34.pdb	18.844	51.185	0	23.321
swarm_36_25.pdb	14.498	41.486	0	23.236
swarm_5_13.pdb	12.973	41.370	0	23.200
swarm_2_10.pdb	16.421	41.513	0	23.134
swarm_2_152.pdb	11.447	47.102	0	22.811
swarm_6_160.pdb	12.636	41.823	0	22.662
swarm_36_15.pdb	11.095	40.301	0	22.647
swarm_14_46.pdb	10.494	33.277	0	22.594
swarm_26_5.pdb	10.982	28.839	0	22.567
swarm_36_91.pdb	12.168	42.256	0	22.565
swarm_26_41.pdb	10.533	24.510	0.0416667	22.550
swarm_29_192.pdb	13.714	28.871	0	22.375
swarm_36_128.pdb	14.381	36.951	0	22.302
swarm_46_184.pdb	7.077	28.321	0.166667	22.069
swarm_10_45.pdb	10.771	22.251	0	22.001
swarm_11_1.pdb	8.038	19.281	0	21.915
swarm_36_9.pdb	13.276	37.103	0	21.854
swarm_24_35.pdb	13.083	38.659	0	21.816
swarm_26_91.pdb	10.438	25.333	0	21.796
swarm_7_2.pdb	12.863	32.075	0	21.770
swarm_15_139.pdb	9.404	25.134	0.0208333	21.759
swarm_25_55.pdb	10.202	19.585	0.0208333	21.733
swarm_35_69.pdb	9.058	20.894	0	21.692
swarm_6_149.pdb	20.434	48.246	0	21.676
swarm_28_6.pdb	10.845	27.545	0.0208333	21.502
swarm_13_57.pdb	11.991	36.880	0.0208333	21.456
swarm_16_129.pdb	7.746	19.568	0	21.332
swarm_9_132.pdb	15.597	48.214	0	21.200
swarm_7_83.pdb	17.144	39.962	0	21.194
swarm_16_114.pdb	10.701	23.311	0	21.181
swarm_8_148.pdb	15.645	38.715	0	21.134
swarm_23_100.pdb	11.912	43.280	0	21.076
swarm_36_106.pdb	11.922	36.023	0	21.047
swarm_9_137.pdb	11.898	47.864	0	21.003
swarm_46_89.pdb	10.660	29.531	0	20.680
swarm_42_77.pdb	12.826	46.574	0	20.657
swarm_17_23.pdb	9.926	27.330	0.0416667	20.637
swarm_15_45.pdb	5.141	9.849	0.0208333	20.618
swarm_19_168.pdb	16.281	41.598	0	20.322
swarm_24_175.pdb	13.249	41.627	0	20.184
swarm_19_32.pdb	11.050	43.474	0	20.168
swarm_17_179.pdb	8.301	24.640	0.0208333	20.158
swarm_29_151.pdb	19.136	43.392	0	20.145
swarm_5_198.pdb	15.895	37.085	0	20.126
swarm_42_14.pdb	16.884	43.974	0	20.004
swarm_2_180.pdb	10.462	43.021	0	19.993
swarm_44_4.pdb	14.795	46.945	0	19.609
swarm_18_153.pdb	15.243	31.469	0	19.554
swarm_19_195.pdb	13.079	38.518	0	19.551
swarm_13_63.pdb	10.543	34.091	0	19.364
swarm_13_39.pdb	8.861	29.911	0	19.353
swarm_2_70.pdb	15.014	43.039	0	19.294
swarm_10_152.pdb	4.099	11.240	0.0833333	19.290
swarm_9_32.pdb	15.761	42.997	0	19.234
swarm_29_64.pdb	12.851	37.109	0.0208333	19.163
swarm_27_156.pdb	5.591	14.475	0.333333	19.154
swarm_2_2.pdb	15.280	43.727	0	19.149
swarm_7_99.pdb	13.613	36.300	0.0208333	19.086
swarm_28_130.pdb	13.538	29.137	0	19.084
swarm_47_91.pdb	15.683	42.324	0	18.685
swarm_11_135.pdb	5.654	19.538	0.0208333	18.486
swarm_5_147.pdb	9.235	34.893	0.0208333	18.370
swarm_17_62.pdb	9.387	21.660	0.0208333	18.323
swarm_11_19.pdb	10.650	33.025	0	18.175
swarm_36_188.pdb	14.489	30.078	0	18.155
swarm_42_34.pdb	16.368	45.899	0	18.087
swarm_2_104.pdb	12.134	36.978	0	18.022
swarm_11_168.pdb	15.805	31.633	0	17.758
swarm_18_183.pdb	10.024	24.520	0	17.614
swarm_4_159.pdb	13.868	31.311	0	17.581
swarm_36_117.pdb	9.404	35.161	0	17.313
swarm_11_133.pdb	12.840	27.064	0	17.204
swarm_4_48.pdb	8.182	21.761	0	17.203
swarm_11_103.pdb	15.227	38.627	0	17.079
swarm_14_165.pdb	13.304	35.208	0.0208333	17.064
swarm_47_126.pdb	15.781	38.643	0	16.962
swarm_5_137.pdb	14.743	39.386	0	16.919
swarm_11_83.pdb	12.040	32.819	0.0625	16.912
swarm_14_110.pdb	13.517	42.736	0	16.854
swarm_36_43.pdb	12.163	34.204	0	16.720
swarm_14_130.pdb	9.497	37.566	0	16.670
swarm_6_161.pdb	14.533	54.624	0.0416667	16.620
swarm_4_135.pdb	12.934	29.240	0	16.507
swarm_19_130.pdb	14.332	39.882	0	16.461
swarm_14_147.pdb	15.454	40.995	0	16.386
swarm_11_51.pdb	11.492	28.567	0	16.384
swarm_13_105.pdb	16.441	36.812	0	16.376
swarm_29_140.pdb	8.808	31.993	0	16.333
swarm_1_138.pdb	14.416	45.703	0	16.286
swarm_41_136.pdb	11.913	28.027	0	15.962
swarm_4_121.pdb	11.177	30.897	0	15.947
swarm_36_96.pdb	18.861	42.860	0	15.878
swarm_31_108.pdb	13.704	28.732	0	15.855
swarm_28_132.pdb	12.894	28.153	0	15.598
swarm_9_79.pdb	13.305	53.900	0.0416667	15.181
swarm_42_132.pdb	19.680	47.517	0	15.178
swarm_23_27.pdb	22.961	59.124	0	15.103
swarm_17_103.pdb	9.368	23.345	0	14.651
swarm_42_75.pdb	12.531	37.770	0	14.463
swarm_11_154.pdb	10.313	26.506	0.125	14.130
swarm_19_7.pdb	10.877	40.683	0	13.621
swarm_2_60.pdb	11.132	38.404	0	13.489
swarm_4_90.pdb	9.783	29.315	0.0416667	13.405
swarm_8_92.pdb	12.528	50.866	0.0416667	13.134
swarm_1_74.pdb	14.778	51.350	0	13.080
swarm_17_187.pdb	10.406	36.120	0.0208333	12.842
swarm_13_71.pdb	14.155	32.991	0	12.710
swarm_9_100.pdb	15.871	38.057	0	12.645
swarm_11_27.pdb	10.680	37.904	0	12.344
swarm_2_48.pdb	10.150	48.898	0.0833333	12.050
swarm_6_178.pdb	15.531	49.965	0	11.947
swarm_5_138.pdb	14.769	42.441	0.0416667	11.752
swarm_21_18.pdb	14.590	39.081	0.0208333	10.300
swarm_11_90.pdb	14.486	31.517	0	10.095
swarm_9_16.pdb	13.429	47.378	0	9.741
