run0-swarm_33_149.pdb	6.072	18.841	0	42.899
run0-swarm_15_120.pdb	6.244	19.129	0	38.850
run0-swarm_33_178.pdb	2.504	11.567	0.708333	37.020
run0-swarm_30_73.pdb	2.532	12.039	0.6875	35.529
run0-swarm_15_118.pdb	2.629	12.378	0.583333	34.596
run0-swarm_43_17.pdb	2.951	15.485	0.625	33.116
run0-swarm_30_181.pdb	1.689	3.226	0.541667	32.594
run0-swarm_41_146.pdb	2.549	10.887	0.229167	32.017
run0-swarm_17_189.pdb	2.060	7.989	0.333333	30.908
run0-swarm_17_18.pdb	5.984	14.342	0	29.913
run0-swarm_28_129.pdb	5.931	13.912	0	29.720
run0-swarm_28_22.pdb	3.476	14.170	0.145833	28.469
run0-swarm_29_142.pdb	3.651	17.613	0.25	27.881
run0-swarm_31_150.pdb	5.258	25.391	0.104167	27.288
run0-swarm_29_108.pdb	6.208	13.037	0	26.875
run0-swarm_18_198.pdb	6.659	24.408	0	26.314
run0-swarm_30_81.pdb	5.712	14.037	0	25.688
run0-swarm_42_166.pdb	3.189	13.830	0.291667	25.201
run0-swarm_13_131.pdb	3.672	15.539	0.104167	24.986
run0-swarm_0_94.pdb	5.352	26.115	0.125	24.958
run0-swarm_8_40.pdb	3.975	18.442	0.1875	24.523
run0-swarm_17_27.pdb	1.622	7.300	0.625	24.275
run0-swarm_29_181.pdb	4.472	20.805	0.291667	23.735
run0-swarm_43_3.pdb	5.713	11.137	0	22.379
run0-swarm_27_57.pdb	7.620	31.606	0	22.312
run0-swarm_13_130.pdb	3.168	12.703	0.395833	22.175
run0-swarm_14_171.pdb	7.311	25.770	0	22.003
run0-swarm_32_133.pdb	5.998	24.844	0.0833333	21.864
run0-swarm_20_5.pdb	3.362	17.152	0.1875	21.800
run0-swarm_39_23.pdb	8.930	36.226	0	21.692
run0-swarm_20_191.pdb	7.703	25.768	0	21.654
run0-swarm_29_157.pdb	3.670	7.305	0.125	21.556
run0-swarm_9_107.pdb	8.352	28.570	0	21.343
run0-swarm_2_75.pdb	3.375	11.588	0.145833	20.741
run0-swarm_38_142.pdb	7.832	28.664	0	20.680
run0-swarm_8_194.pdb	6.190	21.310	0.0416667	20.197
run0-swarm_42_82.pdb	4.405	18.480	0.0833333	19.849
run0-swarm_43_0.pdb	2.773	10.047	0.4375	19.841
run0-swarm_8_79.pdb	8.502	33.307	0.0208333	19.694
run0-swarm_18_156.pdb	3.475	14.656	0.208333	19.682
run0-swarm_42_55.pdb	5.494	25.688	0.125	19.441
run0-swarm_20_192.pdb	4.477	21.865	0.104167	19.287
run0-swarm_10_197.pdb	9.286	35.836	0.0208333	18.958
run0-swarm_24_44.pdb	9.192	35.920	0	18.756
run0-swarm_43_122.pdb	6.592	20.070	0.0208333	18.401
run0-swarm_40_2.pdb	10.566	42.737	0	18.090
run0-swarm_8_84.pdb	5.898	17.745	0	17.971
run0-swarm_18_143.pdb	6.211	11.401	0	17.710
run0-swarm_44_15.pdb	5.522	17.417	0	17.655
run0-swarm_21_149.pdb	7.493	33.963	0.0416667	17.501
run0-swarm_44_116.pdb	6.981	16.020	0.0208333	17.484
run0-swarm_3_167.pdb	8.312	35.586	0.0416667	17.440
run0-swarm_23_48.pdb	5.449	17.827	0.125	17.398
run0-swarm_12_117.pdb	9.088	37.835	0.0416667	17.344
run0-swarm_41_70.pdb	3.623	11.765	0.145833	17.168
run0-swarm_2_107.pdb	7.078	24.410	0	16.980
run0-swarm_2_169.pdb	7.673	19.515	0.0208333	16.798
run0-swarm_6_57.pdb	11.788	38.085	0	16.733
run0-swarm_14_12.pdb	6.646	28.961	0.0416667	16.624
run0-swarm_1_17.pdb	8.269	31.698	0	16.476
run0-swarm_1_16.pdb	9.546	38.640	0.0208333	16.411
run0-swarm_23_198.pdb	8.266	31.679	0.0208333	16.209
run0-swarm_8_107.pdb	7.294	32.497	0.0625	16.174
run0-swarm_6_47.pdb	7.405	23.213	0.0208333	16.157
run0-swarm_2_150.pdb	5.855	18.086	0.0416667	16.123
run0-swarm_20_20.pdb	6.098	12.878	0	16.005
run0-swarm_22_45.pdb	10.954	35.542	0	15.981
run0-swarm_41_179.pdb	7.675	19.556	0.0208333	15.898
run0-swarm_13_125.pdb	5.974	14.339	0.0416667	15.808
run0-swarm_23_118.pdb	8.248	22.199	0.0208333	15.657
run0-swarm_17_24.pdb	8.098	15.975	0	15.628
run0-swarm_41_46.pdb	6.321	19.148	0.0416667	14.542
run0-swarm_15_159.pdb	5.445	23.701	0.145833	12.365
run0-swarm_3_193.pdb	8.979	34.989	0.0416667	11.112
run0-swarm_9_143.pdb	7.168	21.596	0	10.926
run0-swarm_28_61.pdb	4.230	15.839	0.3125	10.065
run0-swarm_32_144.pdb	5.424	27.645	0.208333	9.997
run0-swarm_25_108.pdb	11.556	42.074	0	9.945
run0-swarm_28_175.pdb	6.368	20.430	0.0208333	9.811
run0-swarm_10_127.pdb	10.396	35.116	0	9.527
run0-swarm_41_169.pdb	4.959	18.223	0.0416667	8.427
run0-swarm_41_41.pdb	7.957	14.713	0	6.006
run0-swarm_21_184.pdb	10.386	42.039	0	5.858
run0-swarm_22_29.pdb	9.332	30.321	0.0416667	5.475
run0-swarm_18_55.pdb	7.889	18.606	0	4.490
run0-swarm_39_40.pdb	9.338	28.255	0	2.728
run0-swarm_42_7.pdb	6.855	19.487	0	2.727
run0-swarm_13_86.pdb	5.158	9.980	0.0208333	1.880
