swarm_0_14.pdb	4.323	21.016	0.208333	29.919
swarm_29_39.pdb	4.973	24.471	0.208333	29.546
swarm_42_181.pdb	2.758	14.320	0.5625	26.373
swarm_12_60.pdb	9.849	42.585	0.0208333	26.348
swarm_14_12.pdb	4.882	23.531	0.208333	25.762
swarm_7_12.pdb	5.116	21.763	0.125	25.244
swarm_14_85.pdb	4.115	21.462	0.333333	25.014
swarm_40_52.pdb	2.090	6.594	0.583333	24.498
swarm_19_74.pdb	4.473	20.217	0.0416667	24.033
swarm_11_54.pdb	2.624	10.381	0.229167	23.745
swarm_28_90.pdb	8.282	24.434	0	23.555
swarm_4_61.pdb	9.678	41.908	0	23.302
swarm_17_97.pdb	8.497	19.333	0	21.852
swarm_17_166.pdb	8.053	18.490	0	21.785
swarm_27_137.pdb	2.420	9.526	0.354167	21.497
swarm_5_155.pdb	11.557	21.343	0	20.286
swarm_14_30.pdb	6.603	24.837	0	19.841
swarm_27_32.pdb	1.654	5.624	0.479167	19.682
swarm_2_119.pdb	10.785	27.213	0	19.644
swarm_16_24.pdb	11.962	34.614	0	19.378
swarm_22_10.pdb	9.698	41.200	0	18.889
swarm_13_28.pdb	12.023	31.653	0	18.827
swarm_28_117.pdb	4.329	20.619	0.291667	18.399
swarm_40_89.pdb	10.112	21.251	0	18.336
swarm_27_96.pdb	5.722	17.981	0.0625	18.138
swarm_40_183.pdb	3.849	15.608	0.125	18.105
swarm_1_136.pdb	8.701	38.083	0.0416667	17.727
swarm_0_111.pdb	7.915	32.428	0.0416667	17.721
swarm_5_175.pdb	10.934	30.950	0	17.479
swarm_5_126.pdb	10.387	23.986	0	17.215
swarm_24_60.pdb	9.703	40.501	0	17.214
swarm_36_152.pdb	11.106	38.563	0	17.188
swarm_42_87.pdb	5.444	16.423	0.0416667	17.175
swarm_24_99.pdb	10.905	36.541	0	17.076
swarm_43_197.pdb	10.655	24.035	0	17.049
swarm_2_158.pdb	8.179	35.590	0.0208333	17.015
swarm_10_173.pdb	9.951	39.642	0	16.916
swarm_18_46.pdb	6.423	28.577	0.145833	16.751
swarm_10_127.pdb	9.107	35.934	0.0625	16.492
swarm_3_142.pdb	8.196	34.652	0.0625	16.462
swarm_20_9.pdb	11.896	39.043	0	16.256
swarm_11_164.pdb	10.281	18.446	0	16.202
swarm_11_41.pdb	4.935	20.059	0	16.102
swarm_36_165.pdb	10.436	43.225	0.0208333	15.927
swarm_9_71.pdb	8.591	35.144	0.0416667	15.917
swarm_7_146.pdb	7.053	20.968	0.0416667	15.895
swarm_25_89.pdb	9.335	27.539	0	15.748
swarm_16_142.pdb	10.582	43.813	0	15.542
swarm_23_145.pdb	8.940	30.914	0	15.507
swarm_15_170.pdb	12.800	37.201	0	15.375
swarm_21_153.pdb	8.682	35.789	0.0416667	15.307
swarm_25_81.pdb	9.527	36.470	0	15.252
swarm_44_28.pdb	5.593	17.366	0.0416667	15.207
swarm_23_46.pdb	11.823	25.345	0	14.849
swarm_20_98.pdb	9.559	31.216	0	14.749
swarm_42_33.pdb	4.361	17.293	0.145833	14.442
swarm_44_94.pdb	8.781	17.894	0	13.977
swarm_43_148.pdb	10.155	23.652	0.0208333	13.891
swarm_44_37.pdb	10.860	24.875	0.0208333	13.586
swarm_30_145.pdb	10.878	34.553	0	13.202
swarm_3_29.pdb	6.934	27.978	0.0416667	13.125
swarm_20_46.pdb	9.699	41.208	0	12.738
swarm_40_108.pdb	8.824	20.171	0	12.614
swarm_40_84.pdb	9.218	19.434	0	12.582
swarm_2_171.pdb	10.027	31.180	0	12.569
swarm_41_77.pdb	9.526	21.761	0	12.477
swarm_23_59.pdb	6.130	23.488	0.0208333	12.363
swarm_33_147.pdb	11.914	46.943	0	12.283
swarm_40_43.pdb	6.606	16.145	0.0208333	11.988
swarm_25_71.pdb	14.148	35.939	0	10.759
swarm_22_23.pdb	10.875	33.554	0	10.323
swarm_11_176.pdb	4.636	10.021	0.145833	8.782
swarm_41_109.pdb	7.749	17.778	0.0208333	8.702
swarm_9_168.pdb	9.293	22.979	0.0416667	8.146
swarm_25_110.pdb	9.743	37.910	0.0208333	5.593
swarm_16_133.pdb	11.631	33.620	0	4.254
swarm_43_15.pdb	6.679	23.148	0	3.038
swarm_6_143.pdb	12.180	36.674	0	1.510
