swarm_17_97.pdb	10.203	20.849	0	34.322
swarm_13_182.pdb	10.659	21.715	0	33.771
swarm_38_55.pdb	5.737	20.438	0	32.192
swarm_18_54.pdb	12.523	26.235	0	31.993
swarm_31_54.pdb	7.883	28.434	0	30.939
swarm_43_90.pdb	10.590	21.152	0.0208333	30.834
swarm_7_40.pdb	12.119	24.201	0	30.377
swarm_29_129.pdb	12.571	25.976	0	30.093
swarm_30_53.pdb	9.746	19.704	0	30.080
swarm_27_138.pdb	7.954	17.192	0	29.752
swarm_29_23.pdb	10.053	23.937	0	29.477
swarm_18_29.pdb	10.284	24.521	0	29.439
swarm_8_166.pdb	9.692	26.747	0	29.063
swarm_13_145.pdb	12.058	23.645	0	28.401
swarm_28_167.pdb	11.212	22.106	0	28.346
swarm_17_60.pdb	10.737	22.394	0.0208333	28.280
swarm_19_63.pdb	12.710	25.370	0	27.789
swarm_24_30.pdb	10.481	28.882	0	27.637
swarm_33_58.pdb	7.985	23.348	0.0833333	27.609
swarm_30_29.pdb	8.389	22.947	0.0208333	27.560
swarm_37_38.pdb	13.259	26.159	0	27.478
swarm_37_159.pdb	12.425	27.385	0	27.420
swarm_20_119.pdb	8.383	28.593	0	27.032
swarm_23_19.pdb	6.787	25.357	0	26.932
swarm_41_20.pdb	13.021	23.424	0	26.871
swarm_2_27.pdb	8.054	24.198	0.0625	26.837
swarm_38_86.pdb	10.850	22.300	0	26.815
swarm_10_167.pdb	10.804	24.269	0	26.707
swarm_29_3.pdb	9.847	19.908	0	26.648
swarm_7_174.pdb	12.746	26.549	0	26.534
swarm_0_189.pdb	7.126	29.538	0.0208333	26.487
swarm_28_196.pdb	11.340	25.377	0	26.411
swarm_20_104.pdb	7.088	22.683	0.0833333	26.349
swarm_19_69.pdb	10.718	25.632	0	26.342
swarm_33_55.pdb	11.295	23.837	0	26.295
swarm_18_15.pdb	14.090	28.866	0	26.284
swarm_25_25.pdb	14.035	28.683	0	26.263
swarm_29_177.pdb	11.264	23.058	0	26.205
swarm_20_144.pdb	12.565	23.490	0	26.138
swarm_33_188.pdb	13.840	28.255	0	26.023
swarm_30_33.pdb	10.634	23.146	0	25.821
swarm_27_72.pdb	6.093	23.841	0.0416667	25.758
swarm_15_113.pdb	11.301	23.903	0.0208333	25.560
swarm_18_87.pdb	11.367	23.185	0	25.499
swarm_13_117.pdb	11.118	26.438	0	25.204
swarm_10_47.pdb	8.467	28.445	0.0625	25.053
swarm_43_74.pdb	7.604	21.041	0.104167	24.464
swarm_42_162.pdb	11.707	27.130	0	24.325
swarm_10_111.pdb	12.501	25.764	0	24.206
swarm_30_133.pdb	8.274	22.096	0.0833333	24.110
swarm_30_125.pdb	7.619	17.835	0.0833333	24.107
swarm_17_152.pdb	12.414	23.272	0	24.102
swarm_25_173.pdb	12.932	26.204	0	24.040
swarm_32_133.pdb	10.318	23.977	0	24.011
swarm_34_91.pdb	8.320	21.568	0.0833333	23.957
swarm_7_186.pdb	13.175	26.776	0	23.883
swarm_22_81.pdb	9.909	27.312	0	23.840
swarm_13_144.pdb	12.983	23.755	0	23.835
swarm_36_142.pdb	14.829	32.779	0	23.811
swarm_33_17.pdb	6.100	24.855	0	23.723
swarm_15_33.pdb	12.914	23.380	0	23.496
swarm_14_57.pdb	11.304	26.132	0	23.406
swarm_29_67.pdb	11.516	24.004	0	23.392
swarm_17_88.pdb	7.668	22.927	0	23.320
swarm_19_9.pdb	14.192	26.584	0	23.316
swarm_6_139.pdb	12.053	28.087	0	23.302
swarm_7_93.pdb	11.502	26.205	0	23.298
swarm_3_141.pdb	7.973	29.333	0.0208333	23.272
swarm_30_172.pdb	11.124	22.735	0	23.138
swarm_28_175.pdb	10.261	19.093	0.125	23.036
swarm_13_154.pdb	9.920	27.239	0.0208333	23.033
swarm_34_126.pdb	11.148	20.556	0.0833333	23.008
swarm_6_92.pdb	12.334	28.831	0	22.976
swarm_13_178.pdb	8.496	20.638	0.0625	22.966
swarm_13_26.pdb	11.091	26.432	0.0416667	22.962
swarm_30_148.pdb	14.344	31.501	0	22.869
swarm_38_184.pdb	10.683	32.932	0	22.560
swarm_19_71.pdb	6.777	15.503	0.125	22.550
swarm_38_107.pdb	8.072	26.991	0.0208333	22.532
swarm_19_17.pdb	6.963	14.986	0	22.317
swarm_10_98.pdb	11.200	30.415	0	22.253
swarm_13_32.pdb	8.131	24.607	0	22.194
swarm_20_13.pdb	9.508	19.735	0	22.072
swarm_18_136.pdb	11.837	23.031	0	21.899
swarm_9_187.pdb	8.808	31.241	0	21.889
swarm_24_170.pdb	11.739	25.870	0	21.873
swarm_43_87.pdb	13.897	23.312	0	21.829
swarm_20_62.pdb	10.462	21.048	0.0208333	21.795
swarm_38_48.pdb	9.663	19.649	0	21.779
swarm_20_98.pdb	9.540	20.730	0	21.583
swarm_7_25.pdb	15.170	26.583	0	21.578
swarm_19_155.pdb	10.223	22.601	0	21.493
swarm_29_186.pdb	9.589	24.376	0.0416667	21.490
swarm_3_159.pdb	13.711	23.258	0	21.408
swarm_30_142.pdb	7.756	18.302	0.0416667	21.387
swarm_23_139.pdb	12.655	21.160	0	21.319
swarm_14_38.pdb	14.004	35.060	0	21.050
swarm_7_84.pdb	10.573	30.958	0	21.019
swarm_38_72.pdb	9.038	29.819	0	21.005
swarm_20_96.pdb	6.909	18.806	0	20.837
swarm_2_30.pdb	8.703	19.444	0	20.835
swarm_18_178.pdb	6.805	22.066	0.0416667	20.795
swarm_18_120.pdb	12.105	24.929	0	20.790
swarm_6_98.pdb	6.371	28.659	0.0833333	20.748
swarm_17_38.pdb	7.384	22.115	0.0208333	20.681
swarm_20_10.pdb	9.844	25.024	0.0416667	20.579
swarm_43_167.pdb	7.787	20.287	0	20.543
swarm_20_186.pdb	14.133	26.264	0	20.517
swarm_38_81.pdb	10.688	29.043	0	20.320
swarm_15_195.pdb	6.057	21.545	0.0625	20.289
swarm_44_160.pdb	15.261	26.176	0	20.271
swarm_20_21.pdb	13.069	25.761	0	20.249
swarm_42_99.pdb	15.541	31.356	0	20.167
swarm_28_29.pdb	19.055	48.327	0	20.041
swarm_24_4.pdb	11.337	23.864	0	20.010
swarm_18_97.pdb	6.003	18.569	0.0416667	19.968
swarm_41_122.pdb	15.946	26.545	0	19.963
swarm_44_55.pdb	12.432	23.148	0	19.898
swarm_13_149.pdb	10.374	19.000	0	19.885
swarm_10_118.pdb	11.218	24.712	0.0208333	19.881
swarm_4_46.pdb	12.024	45.011	0	19.825
swarm_10_154.pdb	9.379	26.860	0.0416667	19.818
swarm_6_95.pdb	12.856	26.244	0	19.737
swarm_37_72.pdb	10.931	27.189	0	19.701
swarm_2_10.pdb	11.288	20.196	0.0625	19.693
swarm_17_129.pdb	9.120	28.414	0.0208333	19.665
swarm_44_116.pdb	11.648	26.212	0	19.660
swarm_33_114.pdb	13.897	27.782	0	19.539
swarm_10_11.pdb	13.201	24.814	0	19.483
swarm_3_127.pdb	15.245	32.434	0	19.471
swarm_18_130.pdb	2.602	9.558	0.479167	19.471
swarm_23_93.pdb	15.889	33.738	0	19.431
swarm_41_31.pdb	8.636	25.193	0	19.393
swarm_30_65.pdb	10.905	20.433	0	19.185
swarm_20_82.pdb	11.998	25.214	0	19.119
swarm_34_162.pdb	12.032	24.984	0	19.116
swarm_6_170.pdb	6.904	17.389	0	19.102
swarm_44_115.pdb	13.829	22.997	0	19.083
swarm_27_77.pdb	16.195	36.265	0	18.997
swarm_6_161.pdb	9.496	24.786	0.0208333	18.940
swarm_15_189.pdb	12.532	27.369	0.0416667	18.924
swarm_20_4.pdb	13.279	25.497	0	18.911
swarm_20_153.pdb	11.101	23.754	0	18.869
swarm_31_100.pdb	8.112	21.983	0	18.812
swarm_13_40.pdb	9.161	17.600	0	18.739
swarm_17_1.pdb	10.787	22.288	0	18.678
swarm_16_180.pdb	21.879	59.745	0	18.658
swarm_14_102.pdb	12.012	30.156	0.0208333	18.557
swarm_7_163.pdb	5.224	14.854	0.166667	18.531
swarm_25_136.pdb	14.055	28.304	0	18.436
swarm_34_96.pdb	6.527	13.812	0.104167	18.416
swarm_2_154.pdb	10.716	28.624	0	18.401
swarm_20_147.pdb	10.874	28.173	0	18.344
swarm_25_76.pdb	11.664	31.617	0	18.332
swarm_2_115.pdb	15.122	25.185	0	18.293
swarm_23_195.pdb	8.910	25.462	0	18.241
swarm_22_153.pdb	9.975	31.221	0.229167	18.043
swarm_44_180.pdb	13.052	22.974	0	18.030
swarm_7_60.pdb	10.681	31.829	0	18.001
swarm_8_178.pdb	11.202	28.579	0.0208333	17.789
swarm_20_43.pdb	9.905	33.279	0	17.722
swarm_28_1.pdb	7.414	18.680	0.0416667	17.650
swarm_44_185.pdb	14.862	26.308	0	17.640
swarm_41_174.pdb	10.132	19.271	0	17.619
swarm_3_183.pdb	10.352	28.037	0	17.595
swarm_13_142.pdb	9.022	20.256	0	17.584
swarm_23_174.pdb	16.947	28.733	0	17.571
swarm_27_187.pdb	16.151	37.477	0	17.560
swarm_41_150.pdb	14.950	25.261	0	17.534
swarm_17_35.pdb	12.543	34.778	0	17.525
swarm_43_76.pdb	10.385	20.130	0.0416667	17.514
swarm_8_38.pdb	12.012	26.130	0	17.473
swarm_3_14.pdb	13.062	26.034	0	17.412
swarm_20_145.pdb	8.376	20.153	0.104167	17.288
swarm_33_160.pdb	8.721	24.805	0.0208333	17.256
swarm_6_191.pdb	15.878	29.740	0	17.253
swarm_17_189.pdb	11.961	23.661	0.0208333	17.240
swarm_20_74.pdb	7.524	23.134	0.0208333	17.036
swarm_1_157.pdb	13.430	25.031	0	17.006
swarm_41_118.pdb	10.416	27.156	0	16.975
swarm_42_113.pdb	4.719	19.521	0.125	16.973
swarm_28_98.pdb	11.154	25.093	0	16.673
swarm_24_82.pdb	5.084	19.673	0.0208333	16.644
swarm_42_55.pdb	10.818	24.354	0.0416667	16.531
swarm_17_32.pdb	9.511	21.544	0	16.487
swarm_17_126.pdb	7.203	30.148	0.0416667	16.482
swarm_41_85.pdb	19.054	45.047	0	16.380
swarm_9_183.pdb	9.206	22.274	0	16.312
swarm_6_98.pdb	10.538	35.567	0	16.117
swarm_34_74.pdb	11.305	23.468	0	16.108
swarm_23_83.pdb	13.846	28.978	0	15.986
swarm_42_43.pdb	10.094	21.378	0	15.933
swarm_6_42.pdb	13.580	28.239	0	15.929
swarm_24_73.pdb	15.090	31.766	0	15.912
swarm_29_77.pdb	7.008	15.872	0	15.905
swarm_27_40.pdb	10.484	33.957	0.0208333	15.501
swarm_23_157.pdb	12.497	27.571	0	15.482
swarm_13_113.pdb	11.457	22.261	0	15.313
swarm_41_30.pdb	8.289	17.686	0	15.229
swarm_30_31.pdb	6.634	20.601	0.0833333	15.226
swarm_8_33.pdb	14.951	32.511	0	14.980
swarm_23_103.pdb	11.288	30.758	0.0208333	14.929
swarm_3_114.pdb	18.488	36.595	0	14.840
swarm_2_103.pdb	11.722	26.126	0	14.723
swarm_9_31.pdb	11.514	25.259	0.0416667	14.560
swarm_22_27.pdb	9.403	32.090	0	14.354
swarm_18_178.pdb	5.491	19.083	0	14.282
swarm_6_90.pdb	9.683	23.078	0	14.199
swarm_6_140.pdb	13.610	25.845	0	13.970
swarm_34_131.pdb	8.243	15.540	0	13.902
swarm_8_108.pdb	11.841	32.758	0	13.825
swarm_2_182.pdb	11.482	21.425	0.0208333	13.678
swarm_23_185.pdb	8.850	29.133	0	13.614
swarm_32_100.pdb	14.210	34.676	0	13.485
swarm_25_153.pdb	10.162	29.798	0.0208333	13.253
swarm_24_22.pdb	9.798	26.450	0.0208333	13.189
swarm_16_44.pdb	18.842	42.715	0	13.169
swarm_28_9.pdb	11.574	23.473	0	13.103
swarm_2_139.pdb	10.194	25.529	0	12.951
swarm_21_102.pdb	16.970	37.838	0	12.682
swarm_44_81.pdb	10.490	30.106	0.0416667	12.103
swarm_24_46.pdb	20.490	45.352	0	12.033
swarm_44_11.pdb	8.393	21.910	0	11.931
swarm_16_60.pdb	18.063	39.270	0	11.802
swarm_6_69.pdb	18.108	36.467	0	11.724
swarm_17_144.pdb	7.073	20.761	0	11.692
swarm_0_102.pdb	11.198	24.596	0	11.631
swarm_42_74.pdb	11.057	26.051	0	11.619
swarm_7_138.pdb	11.814	36.705	0	11.292
swarm_2_31.pdb	8.768	24.803	0.0416667	10.681
swarm_14_78.pdb	15.640	47.259	0	10.411
swarm_2_33.pdb	8.361	27.923	0.0208333	10.203
swarm_28_22.pdb	17.409	45.875	0	9.746
swarm_21_44.pdb	13.336	34.180	0	8.697
swarm_13_76.pdb	9.361	19.183	0	0.962
swarm_6_190.pdb	8.559	26.599	0.0208333	0.301
