swarm_38_55.pdb	5.737	20.438	0	32.192
swarm_18_54.pdb	12.523	26.235	0	31.993
swarm_7_40.pdb	12.119	24.201	0	30.377
swarm_27_138.pdb	7.954	17.192	0	29.752
swarm_13_145.pdb	12.058	23.645	0	28.401
swarm_24_30.pdb	10.481	28.882	0	27.637
swarm_37_38.pdb	13.259	26.159	0	27.478
swarm_37_159.pdb	12.425	27.385	0	27.420
swarm_23_19.pdb	6.787	25.357	0	26.932
swarm_38_86.pdb	10.850	22.300	0	26.815
swarm_10_167.pdb	10.804	24.269	0	26.707
swarm_7_174.pdb	12.746	26.549	0	26.534
swarm_0_189.pdb	7.126	29.538	0.0208333	26.487
swarm_20_104.pdb	7.088	22.683	0.0833333	26.349
swarm_19_69.pdb	10.718	25.632	0	26.342
swarm_25_25.pdb	14.035	28.683	0	26.263
swarm_20_144.pdb	12.565	23.490	0	26.138
swarm_27_72.pdb	6.093	23.841	0.0416667	25.758
swarm_18_87.pdb	11.367	23.185	0	25.499
swarm_10_47.pdb	8.467	28.445	0.0625	25.053
swarm_10_111.pdb	12.501	25.764	0	24.206
swarm_25_173.pdb	12.932	26.204	0	24.040
swarm_34_91.pdb	8.320	21.568	0.0833333	23.957
swarm_7_186.pdb	13.175	26.776	0	23.883
swarm_22_81.pdb	9.909	27.312	0	23.840
swarm_36_142.pdb	14.829	32.779	0	23.811
swarm_6_139.pdb	12.053	28.087	0	23.302
swarm_3_141.pdb	7.973	29.333	0.0208333	23.272
swarm_34_126.pdb	11.148	20.556	0.0833333	23.008
swarm_13_178.pdb	8.496	20.638	0.0625	22.966
swarm_30_148.pdb	14.344	31.501	0	22.869
swarm_19_71.pdb	6.777	15.503	0.125	22.550
swarm_38_107.pdb	8.072	26.991	0.0208333	22.532
swarm_19_17.pdb	6.963	14.986	0	22.317
swarm_10_98.pdb	11.200	30.415	0	22.253
swarm_20_13.pdb	9.508	19.735	0	22.072
swarm_24_170.pdb	11.739	25.870	0	21.873
swarm_20_62.pdb	10.462	21.048	0.0208333	21.795
swarm_38_48.pdb	9.663	19.649	0	21.779
swarm_20_98.pdb	9.540	20.730	0	21.583
swarm_7_25.pdb	15.170	26.583	0	21.578
swarm_19_155.pdb	10.223	22.601	0	21.493
swarm_14_38.pdb	14.004	35.060	0	21.050
swarm_20_96.pdb	6.909	18.806	0	20.837
swarm_6_98.pdb	6.371	28.659	0.0833333	20.748
swarm_20_10.pdb	9.844	25.024	0.0416667	20.579
swarm_38_81.pdb	10.688	29.043	0	20.320
swarm_28_29.pdb	19.055	48.327	0	20.041
swarm_24_4.pdb	11.337	23.864	0	20.010
swarm_18_97.pdb	6.003	18.569	0.0416667	19.968
swarm_10_118.pdb	11.218	24.712	0.0208333	19.881
swarm_4_46.pdb	12.024	45.011	0	19.825
swarm_10_154.pdb	9.379	26.860	0.0416667	19.818
swarm_6_95.pdb	12.856	26.244	0	19.737
swarm_17_129.pdb	9.120	28.414	0.0208333	19.665
swarm_10_11.pdb	13.201	24.814	0	19.483
swarm_18_130.pdb	2.602	9.558	0.479167	19.471
swarm_23_93.pdb	15.889	33.738	0	19.431
swarm_34_162.pdb	12.032	24.984	0	19.116
swarm_6_170.pdb	6.904	17.389	0	19.102
swarm_27_77.pdb	16.195	36.265	0	18.997
swarm_6_161.pdb	9.496	24.786	0.0208333	18.940
swarm_20_153.pdb	11.101	23.754	0	18.869
swarm_13_40.pdb	9.161	17.600	0	18.739
swarm_16_180.pdb	21.879	59.745	0	18.658
swarm_7_163.pdb	5.224	14.854	0.166667	18.531
swarm_25_136.pdb	14.055	28.304	0	18.436
swarm_34_96.pdb	6.527	13.812	0.104167	18.416
swarm_25_76.pdb	11.664	31.617	0	18.332
swarm_22_153.pdb	9.975	31.221	0.229167	18.043
swarm_17_35.pdb	12.543	34.778	0	17.525
swarm_3_14.pdb	13.062	26.034	0	17.412
swarm_20_145.pdb	8.376	20.153	0.104167	17.288
swarm_24_82.pdb	5.084	19.673	0.0208333	16.644
swarm_17_126.pdb	7.203	30.148	0.0416667	16.482
swarm_41_85.pdb	19.054	45.047	0	16.380
swarm_34_74.pdb	11.305	23.468	0	16.108
swarm_24_73.pdb	15.090	31.766	0	15.912
swarm_8_33.pdb	14.951	32.511	0	14.980
swarm_18_178.pdb	5.491	19.083	0	14.282
swarm_34_131.pdb	8.243	15.540	0	13.902
swarm_32_100.pdb	14.210	34.676	0	13.485
swarm_25_153.pdb	10.162	29.798	0.0208333	13.253
swarm_24_22.pdb	9.798	26.450	0.0208333	13.189
swarm_0_102.pdb	11.198	24.596	0	11.631
swarm_14_78.pdb	15.640	47.259	0	10.411
swarm_28_22.pdb	17.409	45.875	0	9.746
swarm_6_190.pdb	8.559	26.599	0.0208333	0.301
