run1-swarm_21_54.pdb	5.101	25.767	0.125	31.869
run1-swarm_22_117.pdb	5.455	24.790	0.0625	31.837
run1-swarm_18_140.pdb	5.319	24.741	0.0833333	31.606
run1-swarm_25_29.pdb	3.345	18.531	0.395833	30.963
run1-swarm_20_127.pdb	2.139	7.593	0.645833	29.484
run1-swarm_18_124.pdb	4.366	9.678	0.0625	29.142
run1-swarm_34_66.pdb	1.654	3.112	0.604167	28.583
run1-swarm_7_148.pdb	3.727	12.649	0.145833	27.820
run1-swarm_13_34.pdb	1.870	9.789	0.3125	27.421
run1-swarm_20_43.pdb	1.948	6.592	0.3125	26.457
run1-swarm_38_51.pdb	2.928	15.515	0.4375	26.453
run1-swarm_19_195.pdb	3.503	12.801	0.145833	26.366
run1-swarm_27_192.pdb	4.530	20.275	0.104167	26.176
run1-swarm_6_19.pdb	3.777	15.504	0.104167	25.922
run1-swarm_7_146.pdb	1.924	10.119	0.520833	24.707
run1-swarm_19_76.pdb	4.376	8.662	0.0416667	24.651
run1-swarm_18_81.pdb	3.199	18.155	0.270833	24.298
run1-swarm_37_53.pdb	4.767	20.730	0.0833333	24.076
run1-swarm_32_142.pdb	11.056	38.456	0	23.974
run1-swarm_0_30.pdb	4.248	20.848	0.25	23.889
run1-swarm_19_18.pdb	6.088	21.732	0	23.355
run1-swarm_34_74.pdb	3.574	16.401	0.229167	22.379
run1-swarm_14_54.pdb	11.322	38.772	0	22.068
run1-swarm_9_8.pdb	5.510	24.148	0.0416667	21.878
run1-swarm_24_179.pdb	2.904	14.001	0.3125	21.513
run1-swarm_8_199.pdb	4.437	18.146	0.0833333	21.322
run1-swarm_6_146.pdb	7.605	20.196	0	21.175
run1-swarm_24_15.pdb	4.552	25.157	0.395833	19.425
run1-swarm_3_84.pdb	5.837	25.996	0.0208333	19.321
run1-swarm_7_170.pdb	7.269	23.030	0	19.016
run1-swarm_1_161.pdb	6.066	26.768	0.0208333	18.356
run1-swarm_38_176.pdb	8.514	19.938	0	18.272
run1-swarm_20_16.pdb	4.826	15.063	0	17.819
run1-swarm_10_143.pdb	4.238	20.516	0.25	17.487
run1-swarm_23_99.pdb	5.396	17.000	0	14.799
run1-swarm_5_39.pdb	5.517	31.242	0.208333	14.647
run1-swarm_13_21.pdb	4.974	19.120	0.104167	14.385
run1-swarm_14_146.pdb	10.740	46.015	0	13.964
run1-swarm_24_37.pdb	7.017	24.700	0.0208333	13.928
run1-swarm_22_29.pdb	6.157	28.249	0.0416667	13.193
run1-swarm_33_91.pdb	6.313	32.923	0.125	10.163
run1-swarm_19_193.pdb	5.557	19.028	0.0208333	8.990
run1-swarm_7_67.pdb	8.427	23.304	0.0208333	7.829
