swarm_7_156.pdb	1.930	3.219	0.631579	55.060
swarm_1_139.pdb	2.436	4.825	0.263158	49.206
swarm_9_60.pdb	2.490	4.626	0.210526	48.308
swarm_0_184.pdb	2.888	6.439	0.245614	47.505
swarm_2_110.pdb	2.647	5.741	0.245614	46.505
swarm_8_100.pdb	5.327	16.274	0.0701754	46.372
swarm_4_97.pdb	3.327	10.545	0.45614	44.733
swarm_6_101.pdb	5.172	15.947	0.0877193	42.976
swarm_1_68.pdb	4.245	12.652	0.122807	40.586
swarm_9_24.pdb	5.140	16.332	0.0526316	39.758
swarm_7_95.pdb	4.158	9.550	0.105263	38.301
swarm_8_107.pdb	2.555	5.638	0.333333	36.197
swarm_2_57.pdb	5.107	15.817	0.0701754	35.505
swarm_3_75.pdb	5.548	19.006	0.0701754	34.327
swarm_4_101.pdb	5.659	20.172	0.105263	30.756
swarm_5_162.pdb	6.722	24.527	0.0877193	30.615
swarm_6_107.pdb	6.342	23.439	0.105263	29.926
swarm_8_52.pdb	5.889	21.445	0.122807	28.794
swarm_5_121.pdb	3.674	12.932	0.385965	20.065
swarm_0_72.pdb	4.198	15.755	0.403509	7.145
