swarm_91_105.pdb	2.313	5.365	0.614035	37.419
swarm_85_194.pdb	1.913	4.376	0.754386	36.736
swarm_95_79.pdb	3.111	5.782	0.315789	35.865
swarm_75_71.pdb	2.397	8.140	0.54386	35.849
swarm_90_107.pdb	2.609	5.483	0.526316	34.173
swarm_79_91.pdb	1.843	4.754	0.614035	34.050
swarm_58_153.pdb	3.124	6.323	0.45614	33.837
swarm_87_164.pdb	2.612	5.051	0.578947	33.775
swarm_93_61.pdb	2.790	7.177	0.526316	33.753
swarm_86_53.pdb	4.253	10.368	0.140351	33.541
swarm_74_65.pdb	3.449	7.517	0.298246	32.993
swarm_81_47.pdb	9.668	20.175	0	32.574
swarm_81_133.pdb	3.341	6.860	0.333333	32.222
swarm_84_165.pdb	2.380	3.627	0.526316	32.072
swarm_94_121.pdb	2.178	3.254	0.54386	31.978
swarm_92_102.pdb	6.251	13.073	0.0175439	31.785
swarm_47_62.pdb	2.469	4.996	0.54386	31.583
swarm_82_149.pdb	5.743	13.013	0.0175439	31.366
swarm_70_53.pdb	5.639	14.604	0.0526316	29.090
swarm_80_34.pdb	3.762	11.676	0.245614	29.078
swarm_69_27.pdb	3.504	5.876	0.280702	28.964
swarm_83_102.pdb	4.083	12.177	0.263158	28.779
swarm_59_57.pdb	5.458	11.149	0.105263	28.524
swarm_69_14.pdb	5.036	12.781	0.245614	28.379
swarm_94_62.pdb	6.389	11.944	0.0350877	28.240
swarm_47_80.pdb	5.383	13.566	0.0877193	28.048
swarm_61_121.pdb	5.971	20.674	0.0526316	27.916
swarm_88_68.pdb	3.851	15.301	0.350877	27.747
swarm_71_109.pdb	5.407	11.946	0.0350877	27.726
swarm_87_42.pdb	5.262	19.005	0.280702	27.433
swarm_61_98.pdb	8.724	17.358	0	26.526
swarm_60_144.pdb	4.369	11.047	0.122807	26.483
swarm_72_5.pdb	9.867	20.199	0	26.173
swarm_29_152.pdb	4.846	11.567	0.140351	25.664
swarm_84_193.pdb	5.501	13.095	0.0526316	25.551
swarm_80_110.pdb	5.865	17.344	0.0526316	25.161
swarm_86_46.pdb	7.069	13.099	0.0350877	25.035
swarm_91_100.pdb	7.207	19.406	0	24.681
swarm_81_129.pdb	7.843	19.944	0	24.665
swarm_79_170.pdb	3.498	10.099	0.491228	24.581
swarm_50_11.pdb	6.730	18.316	0	24.267
swarm_95_96.pdb	6.303	17.592	0.0175439	24.118
swarm_22_57.pdb	3.318	8.130	0.45614	24.106
swarm_77_72.pdb	6.315	11.837	0	23.888
swarm_92_68.pdb	8.162	20.924	0	23.602
swarm_88_54.pdb	7.215	20.062	0	23.192
swarm_14_170.pdb	2.912	8.936	0.491228	22.648
swarm_20_18.pdb	11.025	28.796	0	22.395
swarm_54_185.pdb	9.138	23.896	0	22.263
swarm_73_84.pdb	11.078	22.942	0	21.693
swarm_92_176.pdb	6.509	20.203	0.0350877	21.566
swarm_48_174.pdb	2.973	10.336	0.350877	21.514
swarm_88_109.pdb	6.847	20.324	0	21.284
swarm_24_94.pdb	5.410	17.516	0.157895	21.112
swarm_60_153.pdb	6.682	22.090	0.0701754	20.824
swarm_71_17.pdb	6.376	20.818	0.105263	20.749
swarm_91_172.pdb	3.329	10.024	0.403509	20.283
swarm_95_25.pdb	10.195	23.297	0	19.977
swarm_87_81.pdb	5.243	16.547	0.122807	19.834
swarm_30_26.pdb	6.066	16.442	0.0701754	19.827
swarm_77_167.pdb	9.385	28.705	0	19.372
swarm_15_76.pdb	9.974	21.154	0	19.343
swarm_59_115.pdb	5.957	16.881	0.140351	18.636
swarm_24_99.pdb	9.010	21.606	0	18.439
swarm_81_29.pdb	6.942	22.111	0.0701754	18.293
swarm_88_140.pdb	9.903	22.499	0	18.237
swarm_89_81.pdb	6.066	19.189	0.157895	17.775
swarm_88_106.pdb	8.404	18.589	0	17.456
swarm_74_82.pdb	7.191	14.707	0	16.669
swarm_48_74.pdb	6.809	21.237	0.0877193	15.997
swarm_35_167.pdb	11.448	27.943	0	15.933
swarm_88_72.pdb	5.575	10.643	0.122807	14.943
swarm_53_121.pdb	7.702	21.684	0	14.032
swarm_88_151.pdb	8.852	24.032	0	13.798
swarm_90_42.pdb	4.665	8.734	0.122807	13.365
swarm_24_50.pdb	5.989	18.461	0.0526316	13.163
swarm_88_114.pdb	6.439	16.509	0	13.008
swarm_55_172.pdb	7.903	26.982	0.0526316	12.840
swarm_8_166.pdb	5.393	21.509	0.22807	12.581
swarm_22_31.pdb	5.446	17.743	0.210526	11.390
swarm_81_185.pdb	6.127	16.878	0.157895	9.435
swarm_83_24.pdb	6.733	20.073	0.0350877	7.696
swarm_17_172.pdb	6.833	23.863	0.0877193	7.196
swarm_23_45.pdb	7.945	20.902	0.122807	2.660
