run1-swarm_45_44.pdb	3.926	12.747	0.0888889	50.907
run1-swarm_49_104.pdb	2.944	10.850	0.488889	49.893
run1-swarm_51_42.pdb	4.168	14.793	0.266667	49.486
run1-swarm_12_158.pdb	1.644	3.752	0.488889	47.180
run1-swarm_22_19.pdb	1.895	7.060	0.511111	47.122
run1-swarm_34_97.pdb	1.743	6.131	0.755556	43.677
run1-swarm_46_178.pdb	1.464	5.244	0.688889	43.486
run1-swarm_45_143.pdb	1.907	7.648	0.622222	43.351
run1-swarm_52_78.pdb	5.222	16.007	0	42.020
run1-swarm_47_102.pdb	2.635	10.376	0.422222	41.970
run1-swarm_4_79.pdb	3.494	15.264	0.422222	41.055
run1-swarm_39_36.pdb	5.830	16.471	0	40.977
run1-swarm_2_170.pdb	5.281	15.722	0	40.960
run1-swarm_32_50.pdb	6.452	16.396	0	40.852
run1-swarm_34_93.pdb	4.468	11.492	0.0222222	40.681
run1-swarm_4_59.pdb	1.590	5.493	0.666667	40.665
run1-swarm_1_7.pdb	2.023	6.324	0.577778	40.632
run1-swarm_39_179.pdb	4.479	13.109	0.0444444	40.626
run1-swarm_32_182.pdb	1.599	4.174	0.711111	40.584
run1-swarm_33_109.pdb	2.988	8.601	0.311111	40.241
run1-swarm_14_93.pdb	3.585	15.605	0.511111	40.206
run1-swarm_35_146.pdb	3.399	13.533	0.311111	40.142
run1-swarm_48_132.pdb	5.403	19.253	0.0444444	39.314
run1-swarm_18_193.pdb	5.088	14.920	0	39.182
run1-swarm_51_12.pdb	5.890	15.718	0	38.559
run1-swarm_35_25.pdb	1.913	3.309	0.377778	38.447
run1-swarm_47_9.pdb	5.706	18.279	0.0222222	38.144
run1-swarm_44_134.pdb	2.859	7.488	0.111111	37.885
run1-swarm_26_194.pdb	2.571	9.755	0.444444	37.831
run1-swarm_2_122.pdb	2.920	11.981	0.466667	37.506
run1-swarm_45_107.pdb	5.230	15.308	0	37.435
run1-swarm_39_23.pdb	3.385	10.858	0.266667	37.416
run1-swarm_49_3.pdb	5.487	14.512	0	37.323
run1-swarm_52_193.pdb	4.848	13.162	0.0222222	37.312
run1-swarm_14_116.pdb	5.564	16.293	0	37.248
run1-swarm_17_179.pdb	5.059	14.683	0	36.937
run1-swarm_28_48.pdb	5.824	17.231	0	36.634
run1-swarm_3_95.pdb	5.577	16.492	0	36.481
run1-swarm_48_167.pdb	5.160	18.578	0.0444444	36.179
run1-swarm_32_37.pdb	3.919	10.348	0.0444444	35.966
run1-swarm_39_75.pdb	3.167	14.032	0.222222	35.954
run1-swarm_12_72.pdb	5.642	16.473	0	35.543
run1-swarm_22_102.pdb	5.862	18.389	0	35.456
run1-swarm_22_134.pdb	4.299	9.916	0.0888889	35.327
run1-swarm_49_158.pdb	5.886	21.297	0	34.505
run1-swarm_46_50.pdb	4.902	15.323	0	34.183
run1-swarm_25_129.pdb	3.340	13.421	0.222222	34.168
run1-swarm_4_139.pdb	5.786	21.456	0	33.799
run1-swarm_36_111.pdb	5.766	19.078	0	33.608
run1-swarm_26_32.pdb	3.580	8.373	0.0444444	33.296
run1-swarm_33_163.pdb	2.987	7.136	0.244444	32.899
run1-swarm_36_15.pdb	4.771	15.303	0.0666667	32.639
run1-swarm_34_122.pdb	3.854	10.989	0.177778	32.277
run1-swarm_49_44.pdb	4.741	11.715	0.0444444	32.122
run1-swarm_12_194.pdb	4.644	12.214	0.0222222	31.213
run1-swarm_45_35.pdb	5.038	12.775	0.0222222	30.817
run1-swarm_12_58.pdb	4.961	15.370	0.0444444	30.753
run1-swarm_24_80.pdb	4.012	10.952	0.0222222	30.604
run1-swarm_9_8.pdb	4.672	14.687	0.0444444	30.226
run1-swarm_33_6.pdb	6.702	16.377	0	30.208
run1-swarm_3_126.pdb	6.503	22.465	0	29.783
run1-swarm_48_68.pdb	6.302	27.290	0.0888889	29.614
run1-swarm_51_66.pdb	4.041	10.078	0.0666667	29.306
run1-swarm_9_39.pdb	6.670	17.913	0	28.952
run1-swarm_34_185.pdb	6.171	18.281	0	28.586
run1-swarm_18_190.pdb	2.090	6.691	0.577778	28.537
run1-swarm_9_191.pdb	3.004	10.261	0.4	27.957
run1-swarm_44_22.pdb	5.126	16.903	0.0888889	26.792
run1-swarm_22_140.pdb	5.955	17.196	0	26.700
run1-swarm_30_82.pdb	7.555	24.228	0	25.618
run1-swarm_20_139.pdb	4.070	15.472	0.133333	24.639
run1-swarm_32_157.pdb	4.138	13.753	0.2	24.618
run1-swarm_24_186.pdb	8.255	20.426	0	23.566
run1-swarm_51_4.pdb	6.907	25.364	0.0222222	23.505
run1-swarm_34_192.pdb	5.018	10.353	0.0222222	22.862
run1-swarm_29_135.pdb	7.888	18.255	0	21.817
run1-swarm_52_49.pdb	6.332	15.087	0	21.317
run1-swarm_33_53.pdb	6.115	17.909	0.0222222	21.228
run1-swarm_1_81.pdb	5.216	17.316	0.0222222	21.090
run1-swarm_49_61.pdb	6.750	22.259	0.0222222	20.786
run1-swarm_27_49.pdb	12.422	41.575	0.0222222	20.144
run1-swarm_40_38.pdb	11.747	39.920	0	19.786
run1-swarm_38_102.pdb	10.952	36.330	0	18.815
run1-swarm_50_189.pdb	7.019	24.445	0.0666667	18.523
run1-swarm_33_128.pdb	5.179	19.285	0.0222222	17.939
run1-swarm_35_10.pdb	5.513	17.540	0	17.479
run1-swarm_31_109.pdb	10.895	37.602	0.0222222	16.894
run1-swarm_10_189.pdb	5.354	19.571	0	16.489
run1-swarm_7_138.pdb	7.770	27.230	0.0888889	16.385
run1-swarm_37_18.pdb	10.363	34.971	0.0666667	16.042
run1-swarm_23_109.pdb	8.784	30.001	0.0888889	15.972
run1-swarm_8_115.pdb	10.776	36.313	0.0222222	15.815
run1-swarm_33_189.pdb	5.915	17.012	0.0888889	15.008
run1-swarm_19_169.pdb	8.921	30.341	0.0666667	14.287
run1-swarm_36_27.pdb	7.507	21.531	0	13.220
run1-swarm_52_34.pdb	5.092	11.452	0.133333	13.205
run1-swarm_10_58.pdb	8.633	27.462	0.0888889	13.065
run1-swarm_51_134.pdb	4.908	10.589	0.222222	12.691
run1-swarm_27_47.pdb	10.154	33.350	0	11.089
run1-swarm_3_29.pdb	9.442	31.485	0.0444444	10.936
run1-swarm_31_6.pdb	7.588	27.473	0.0444444	10.358
run1-swarm_40_56.pdb	5.916	22.069	0.0666667	10.330
run1-swarm_1_177.pdb	6.111	18.698	0	10.089
run1-swarm_4_54.pdb	8.537	25.964	0	6.606
run1-swarm_12_49.pdb	5.629	13.229	0.0888889	6.023
run1-swarm_16_24.pdb	5.679	20.542	0.0666667	5.971
run1-swarm_32_9.pdb	9.524	22.846	0	5.967
