run0-swarm_21_111.pdb	3.746	15.966	0.288889	55.250
run0-swarm_23_13.pdb	2.971	10.751	0.222222	54.173
run0-swarm_32_1.pdb	2.938	11.105	0.4	53.239
run0-swarm_34_135.pdb	2.931	10.331	0.288889	52.175
run0-swarm_1_173.pdb	3.318	12.528	0.155556	51.582
run0-swarm_28_135.pdb	2.176	5.823	0.377778	51.116
run0-swarm_36_49.pdb	3.604	13.658	0.222222	49.832
run0-swarm_34_4.pdb	3.314	7.940	0.133333	49.786
run0-swarm_24_9.pdb	3.623	15.756	0.355556	49.784
run0-swarm_37_189.pdb	2.053	6.804	0.577778	49.117
run0-swarm_29_153.pdb	2.638	8.195	0.244444	49.092
run0-swarm_38_156.pdb	2.440	7.494	0.333333	48.495
run0-swarm_33_107.pdb	5.557	24.721	0.133333	47.706
run0-swarm_12_81.pdb	1.865	3.833	0.488889	47.535
run0-swarm_35_169.pdb	3.025	7.748	0.266667	47.323
run0-swarm_26_166.pdb	4.168	18.687	0.288889	47.267
run0-swarm_3_165.pdb	3.747	13.124	0.2	46.987
run0-swarm_30_95.pdb	3.245	12.377	0.222222	46.780
run0-swarm_39_121.pdb	3.174	11.210	0.222222	46.330
run0-swarm_15_197.pdb	1.795	5.060	0.466667	45.705
run0-swarm_9_100.pdb	4.521	20.054	0.244444	45.614
run0-swarm_38_81.pdb	6.328	13.508	0.0222222	45.549
run0-swarm_18_171.pdb	5.018	21.678	0.2	44.793
run0-swarm_37_137.pdb	3.415	10.338	0.222222	44.372
run0-swarm_31_64.pdb	2.355	8.409	0.288889	44.251
run0-swarm_21_83.pdb	1.647	4.823	0.422222	44.078
run0-swarm_39_163.pdb	2.544	6.828	0.377778	41.728
run0-swarm_3_55.pdb	5.401	21.121	0.0222222	40.865
run0-swarm_15_33.pdb	3.800	15.479	0.133333	40.029
run0-swarm_35_143.pdb	1.981	8.041	0.622222	39.500
run0-swarm_7_70.pdb	2.672	10.899	0.288889	39.313
run0-swarm_14_155.pdb	4.479	11.859	0.0222222	39.146
run0-swarm_33_185.pdb	4.297	16.555	0.133333	38.859
run0-swarm_3_54.pdb	3.889	14.046	0.244444	38.708
run0-swarm_29_145.pdb	3.398	13.497	0.355556	38.460
run0-swarm_17_86.pdb	6.506	13.724	0.0222222	38.260
run0-swarm_31_163.pdb	4.057	13.911	0.111111	37.757
run0-swarm_24_117.pdb	5.596	23.082	0.0222222	37.149
run0-swarm_33_168.pdb	6.289	13.668	0.0222222	36.978
run0-swarm_35_36.pdb	9.074	18.015	0	35.993
run0-swarm_24_137.pdb	4.545	13.258	0.0666667	35.779
run0-swarm_36_192.pdb	9.344	20.339	0	35.662
run0-swarm_12_34.pdb	4.192	10.306	0.133333	34.693
run0-swarm_23_165.pdb	2.883	7.102	0.222222	34.432
run0-swarm_37_49.pdb	5.706	17.448	0	34.411
run0-swarm_11_25.pdb	6.336	26.933	0.0666667	34.321
run0-swarm_10_1.pdb	12.372	36.789	0	33.967
run0-swarm_26_125.pdb	6.940	29.583	0.0666667	33.503
run0-swarm_27_15.pdb	3.908	15.387	0.0888889	33.262
run0-swarm_31_38.pdb	4.600	10.443	0.0222222	33.011
run0-swarm_34_180.pdb	3.784	9.959	0.111111	32.965
run0-swarm_10_102.pdb	6.467	28.277	0.0666667	32.571
run0-swarm_22_94.pdb	6.138	21.042	0.0666667	32.362
run0-swarm_36_148.pdb	4.559	10.541	0.0444444	32.062
run0-swarm_32_177.pdb	4.084	14.030	0.133333	32.052
run0-swarm_24_3.pdb	4.353	17.527	0.177778	31.198
run0-swarm_32_22.pdb	6.745	16.038	0	30.970
run0-swarm_20_125.pdb	3.512	14.719	0.222222	30.958
run0-swarm_36_197.pdb	6.168	18.898	0	30.913
run0-swarm_6_193.pdb	12.188	37.578	0	30.623
run0-swarm_17_68.pdb	6.738	23.028	0.0222222	29.476
run0-swarm_22_16.pdb	6.729	15.843	0	29.415
run0-swarm_37_63.pdb	7.308	14.358	0	28.822
run0-swarm_4_132.pdb	13.096	40.798	0	28.643
run0-swarm_16_194.pdb	12.602	39.994	0	28.179
run0-swarm_12_184.pdb	4.906	16.206	0.0222222	27.553
run0-swarm_21_128.pdb	4.094	14.863	0.111111	27.255
run0-swarm_6_79.pdb	13.929	39.520	0	27.157
run0-swarm_6_105.pdb	7.908	26.845	0.0444444	25.619
run0-swarm_24_34.pdb	8.087	17.397	0	25.154
run0-swarm_33_98.pdb	10.134	24.874	0	24.360
run0-swarm_11_51.pdb	10.247	39.416	0	23.499
run0-swarm_9_40.pdb	9.178	35.258	0	22.700
run0-swarm_35_117.pdb	4.411	14.223	0.0666667	22.678
run0-swarm_22_12.pdb	5.657	20.226	0	22.502
run0-swarm_39_129.pdb	3.249	12.257	0.244444	22.280
run0-swarm_17_21.pdb	4.541	15.177	0.0888889	20.322
run0-swarm_38_5.pdb	7.116	15.697	0	20.214
run0-swarm_32_109.pdb	6.518	27.351	0	20.003
run0-swarm_39_36.pdb	6.973	13.848	0.0222222	18.732
run0-swarm_18_20.pdb	4.656	17.170	0.155556	18.724
run0-swarm_24_66.pdb	6.074	12.718	0	18.300
run0-swarm_12_87.pdb	3.337	11.914	0.155556	17.891
run0-swarm_3_137.pdb	7.228	15.045	0	17.521
run0-swarm_21_167.pdb	4.753	13.289	0.222222	14.170
run0-swarm_21_88.pdb	7.111	17.660	0.0666667	0.239
