swarm_3_127.pdb	4.463	9.323	0.0666667	42.900
swarm_43_73.pdb	5.542	11.109	0.0444444	42.443
swarm_49_140.pdb	5.798	13.440	0	41.860
swarm_34_119.pdb	5.701	13.141	0	41.772
swarm_42_20.pdb	5.587	11.105	0.0222222	40.608
swarm_44_179.pdb	3.836	10.043	0.133333	39.964
swarm_43_129.pdb	3.513	9.425	0.111111	39.450
swarm_47_72.pdb	2.672	8.265	0.288889	39.237
swarm_51_23.pdb	5.683	10.642	0	39.091
swarm_49_40.pdb	2.492	5.458	0.333333	39.045
swarm_7_73.pdb	3.940	11.231	0.0888889	38.264
swarm_47_6.pdb	5.194	13.406	0	37.530
swarm_27_121.pdb	5.972	15.324	0	36.536
swarm_51_150.pdb	10.790	22.334	0	36.373
swarm_38_0.pdb	6.334	13.951	0	36.066
swarm_46_195.pdb	6.144	15.393	0	35.972
swarm_27_191.pdb	3.402	8.739	0.155556	35.918
swarm_30_65.pdb	3.966	15.487	0.266667	35.398
swarm_30_75.pdb	3.672	9.026	0.133333	35.247
swarm_2_188.pdb	3.681	7.361	0.111111	34.524
swarm_48_91.pdb	4.509	18.138	0.0888889	34.432
swarm_50_51.pdb	3.629	7.056	0.244444	34.354
swarm_52_119.pdb	4.041	10.371	0.111111	34.037
swarm_27_57.pdb	3.061	9.421	0.288889	33.700
swarm_38_102.pdb	3.925	14.095	0.155556	33.502
swarm_44_63.pdb	6.839	18.385	0	33.342
swarm_33_8.pdb	3.434	7.013	0.133333	33.334
swarm_26_50.pdb	4.479	16.875	0.2	33.220
swarm_46_88.pdb	3.075	10.230	0.288889	32.685
swarm_31_90.pdb	3.953	18.386	0.333333	32.505
swarm_47_158.pdb	6.908	14.103	0	31.986
swarm_38_189.pdb	11.441	26.004	0	31.972
swarm_38_121.pdb	7.004	13.941	0	31.018
swarm_33_2.pdb	5.051	12.409	0.0222222	30.909
swarm_26_71.pdb	6.225	18.400	0.0222222	30.644
swarm_46_7.pdb	3.706	8.818	0.0888889	30.307
swarm_9_108.pdb	12.518	38.787	0	29.834
swarm_48_196.pdb	6.712	12.932	0.0222222	29.604
swarm_31_51.pdb	7.290	18.788	0	29.305
swarm_42_130.pdb	4.352	15.432	0.2	29.283
swarm_52_76.pdb	7.362	13.911	0	29.171
swarm_41_121.pdb	6.637	21.117	0	29.052
swarm_14_186.pdb	4.236	14.861	0.177778	28.811
swarm_17_14.pdb	7.700	20.631	0	28.716
swarm_17_183.pdb	7.962	30.068	0	28.662
swarm_41_83.pdb	3.660	11.901	0.2	27.804
swarm_43_166.pdb	5.092	17.407	0.111111	27.670
swarm_2_194.pdb	6.995	13.933	0	27.582
swarm_51_193.pdb	4.981	14.058	0	27.439
swarm_19_113.pdb	12.385	37.214	0	27.276
swarm_33_51.pdb	6.772	17.543	0.0222222	27.253
swarm_48_68.pdb	8.112	21.257	0	27.075
swarm_19_95.pdb	7.763	31.593	0.0222222	26.773
swarm_25_196.pdb	5.391	15.907	0	26.584
swarm_51_70.pdb	5.765	13.253	0	26.426
swarm_25_127.pdb	7.980	24.675	0	26.206
swarm_40_159.pdb	6.229	17.893	0.0444444	25.949
swarm_40_115.pdb	9.034	29.601	0	23.475
swarm_5_88.pdb	5.307	21.277	0.133333	23.236
swarm_39_52.pdb	10.720	28.906	0	22.697
swarm_9_164.pdb	9.981	22.624	0	22.420
swarm_42_165.pdb	5.078	10.613	0.0222222	22.181
swarm_19_121.pdb	9.989	26.584	0	22.086
swarm_5_55.pdb	11.088	29.882	0	22.012
swarm_29_104.pdb	15.266	42.828	0	21.902
swarm_1_78.pdb	4.014	12.411	0.0666667	21.559
swarm_16_165.pdb	5.836	19.648	0.155556	21.115
swarm_12_87.pdb	9.526	31.180	0.111111	20.659
swarm_25_157.pdb	4.671	18.557	0.133333	20.296
swarm_11_82.pdb	13.165	44.691	0	20.290
swarm_38_169.pdb	8.754	18.830	0	20.211
swarm_1_94.pdb	6.650	22.379	0.244444	20.040
swarm_27_133.pdb	8.370	22.565	0	19.647
swarm_16_82.pdb	9.501	31.470	0.0666667	19.269
swarm_34_115.pdb	4.938	18.631	0.0888889	19.079
swarm_33_71.pdb	7.400	14.485	0	18.865
swarm_23_85.pdb	6.803	17.966	0.0666667	18.634
swarm_7_60.pdb	9.107	16.109	0	17.812
swarm_50_90.pdb	8.627	16.888	0	17.767
swarm_10_78.pdb	11.508	32.250	0	17.682
swarm_28_29.pdb	11.106	35.115	0.0222222	17.583
swarm_13_120.pdb	11.123	34.812	0	17.435
swarm_14_74.pdb	8.313	26.955	0.155556	17.034
swarm_4_165.pdb	8.104	24.158	0	17.029
swarm_35_194.pdb	13.165	25.624	0	16.852
swarm_26_136.pdb	5.531	14.744	0.0444444	16.779
swarm_41_188.pdb	7.041	23.340	0.222222	16.740
swarm_23_75.pdb	8.835	28.629	0.177778	16.632
swarm_14_33.pdb	6.998	17.795	0.0444444	16.472
swarm_43_62.pdb	7.007	19.957	0.0444444	16.419
swarm_42_167.pdb	6.626	18.403	0.0888889	16.231
swarm_16_19.pdb	13.356	25.600	0	16.039
swarm_28_158.pdb	12.925	35.818	0	15.632
swarm_14_29.pdb	12.088	23.674	0	15.401
swarm_2_83.pdb	7.730	16.114	0	15.337
swarm_4_3.pdb	10.542	33.949	0	15.063
swarm_45_176.pdb	14.012	39.388	0	15.009
swarm_35_70.pdb	11.355	26.416	0	14.866
swarm_16_30.pdb	10.999	31.273	0	14.777
swarm_27_93.pdb	6.897	22.835	0.244444	14.719
swarm_14_156.pdb	9.429	26.388	0.0222222	14.639
swarm_13_121.pdb	8.028	24.456	0.0888889	14.386
swarm_21_57.pdb	11.786	37.290	0	13.872
swarm_48_141.pdb	10.083	21.446	0	13.638
swarm_22_176.pdb	15.356	41.129	0	13.562
swarm_20_138.pdb	12.294	27.388	0	12.968
swarm_23_157.pdb	15.765	31.810	0	12.936
swarm_7_15.pdb	10.916	22.791	0	12.909
swarm_23_148.pdb	12.904	32.902	0	12.568
swarm_41_178.pdb	9.778	20.752	0	11.489
swarm_27_19.pdb	6.326	13.323	0.0222222	11.147
swarm_39_172.pdb	8.891	17.776	0	10.238
swarm_2_17.pdb	9.251	20.491	0	8.967
swarm_16_44.pdb	8.733	22.925	0	6.860
swarm_37_43.pdb	11.550	30.938	0	6.040
