swarm_54_180.pdb	5.457	17.343	0.244444	52.030
swarm_2_88.pdb	4.190	14.174	0.266667	51.936
swarm_57_67.pdb	2.818	8.720	0.4	50.777
swarm_24_165.pdb	3.947	13.636	0.266667	50.322
swarm_16_2.pdb	4.323	15.095	0.222222	49.084
swarm_30_56.pdb	4.932	16.541	0.133333	48.257
swarm_50_23.pdb	5.249	15.985	0.0444444	47.848
swarm_28_170.pdb	3.542	11.390	0.444444	46.460
swarm_55_155.pdb	3.953	12.708	0.2	46.082
swarm_57_162.pdb	5.067	19.693	0.0888889	44.643
swarm_21_40.pdb	4.550	13.539	0.2	44.507
swarm_31_126.pdb	2.187	6.690	0.488889	43.969
swarm_4_28.pdb	3.795	11.370	0.288889	43.783
swarm_41_123.pdb	3.228	8.510	0.266667	43.617
swarm_6_64.pdb	2.108	6.398	0.555556	43.569
swarm_12_35.pdb	1.886	4.731	0.533333	41.768
swarm_50_162.pdb	3.448	11.801	0.311111	41.046
swarm_28_97.pdb	6.140	16.703	0.0444444	40.276
swarm_13_87.pdb	2.132	7.794	0.466667	40.208
swarm_39_39.pdb	3.606	15.180	0.333333	39.919
swarm_12_26.pdb	4.865	14.739	0.177778	39.594
swarm_6_168.pdb	4.878	14.243	0	39.304
swarm_21_44.pdb	2.112	6.869	0.511111	38.842
swarm_42_167.pdb	2.317	8.351	0.422222	38.545
swarm_3_199.pdb	3.108	8.239	0.288889	38.101
swarm_30_6.pdb	1.401	4.780	0.711111	37.510
swarm_28_56.pdb	4.377	10.601	0.0222222	37.296
swarm_41_151.pdb	6.170	16.626	0.177778	37.202
swarm_56_172.pdb	2.991	12.244	0.555556	35.603
swarm_24_138.pdb	3.232	6.962	0.2	35.553
swarm_3_80.pdb	3.352	7.747	0.0444444	34.104
swarm_31_61.pdb	4.941	16.720	0	33.180
swarm_30_40.pdb	6.204	14.280	0	30.695
swarm_3_56.pdb	6.599	13.258	0	30.354
swarm_20_148.pdb	3.278	11.441	0.244444	30.174
swarm_21_124.pdb	4.142	15.369	0.2	30.121
swarm_53_76.pdb	7.866	14.949	0	28.776
swarm_6_42.pdb	6.537	14.541	0	28.650
swarm_5_54.pdb	5.676	16.891	0.111111	27.270
swarm_58_20.pdb	4.626	17.589	0.111111	26.540
swarm_42_52.pdb	5.843	13.555	0	26.493
swarm_34_153.pdb	4.527	15.495	0.177778	26.430
swarm_31_153.pdb	3.927	16.580	0.377778	26.413
swarm_12_162.pdb	4.252	16.405	0.133333	25.223
swarm_13_177.pdb	4.489	17.094	0.0888889	24.772
swarm_1_87.pdb	5.851	20.582	0.0444444	24.026
swarm_26_138.pdb	5.153	18.619	0.0222222	23.580
swarm_27_187.pdb	8.147	24.807	0.0666667	22.468
swarm_34_24.pdb	11.748	31.488	0	21.674
swarm_42_172.pdb	5.245	17.738	0.0666667	20.561
swarm_36_138.pdb	4.891	17.920	0.0888889	20.446
swarm_47_17.pdb	13.629	39.842	0	20.363
swarm_20_52.pdb	6.089	22.075	0.0222222	20.335
swarm_46_66.pdb	13.361	38.657	0	20.271
swarm_26_7.pdb	11.767	31.648	0	20.162
swarm_51_113.pdb	9.400	31.032	0.0444444	20.051
swarm_46_190.pdb	6.283	22.269	0.0666667	19.994
swarm_30_90.pdb	5.096	18.779	0.0666667	19.281
swarm_10_74.pdb	13.335	39.872	0	18.792
swarm_26_9.pdb	6.010	21.337	0.133333	18.746
swarm_7_194.pdb	13.940	40.479	0	18.617
swarm_58_190.pdb	8.699	29.325	0.0222222	18.418
swarm_17_181.pdb	16.176	44.983	0	18.147
swarm_39_147.pdb	9.498	22.397	0	18.086
swarm_18_13.pdb	8.180	28.464	0.0444444	18.012
swarm_19_36.pdb	10.526	35.016	0.0222222	17.921
swarm_29_125.pdb	11.984	39.587	0	17.691
swarm_45_1.pdb	11.132	30.375	0	17.594
swarm_26_60.pdb	11.859	34.207	0	17.532
swarm_46_40.pdb	12.622	34.538	0	17.438
swarm_51_20.pdb	12.006	34.436	0	17.292
swarm_20_43.pdb	5.994	20.228	0.155556	16.772
swarm_5_150.pdb	5.060	17.984	0.133333	16.708
swarm_56_87.pdb	7.060	26.022	0.0222222	16.552
swarm_38_100.pdb	9.475	33.154	0.0666667	16.549
swarm_47_119.pdb	10.434	35.297	0.0666667	16.328
swarm_16_165.pdb	8.228	25.609	0.0444444	16.312
swarm_21_179.pdb	5.440	17.417	0.0666667	16.162
swarm_7_52.pdb	12.304	42.761	0	16.085
swarm_51_16.pdb	12.781	38.313	0	16.075
swarm_19_152.pdb	8.475	29.532	0.0444444	16.012
swarm_43_43.pdb	11.186	30.242	0	16.006
swarm_56_61.pdb	8.044	27.576	0.0666667	15.621
swarm_29_127.pdb	12.579	34.493	0	15.600
swarm_12_41.pdb	8.054	17.027	0	15.465
swarm_22_176.pdb	10.041	32.995	0	15.021
swarm_26_148.pdb	8.647	28.195	0.111111	14.806
swarm_14_28.pdb	9.786	32.707	0.0888889	14.234
swarm_33_6.pdb	11.051	36.208	0.0444444	14.159
swarm_46_169.pdb	8.626	28.684	0	13.861
swarm_23_30.pdb	8.858	30.208	0.111111	13.626
swarm_30_65.pdb	6.077	18.673	0.0444444	13.604
swarm_51_60.pdb	7.743	25.372	0.0222222	12.635
swarm_25_58.pdb	9.910	34.268	0.0666667	11.978
swarm_14_193.pdb	9.260	28.301	0.0666667	11.755
swarm_0_171.pdb	8.771	29.242	0.0666667	11.320
swarm_11_135.pdb	9.477	29.672	0.0222222	11.107
swarm_26_136.pdb	11.617	35.049	0	8.634
swarm_43_98.pdb	6.174	21.925	0	8.563
swarm_29_84.pdb	10.278	33.454	0	7.830
swarm_57_82.pdb	6.154	11.494	0.0222222	2.225
swarm_9_23.pdb	11.562	28.078	0	1.692
swarm_5_121.pdb	7.392	27.120	0.0888889	0.601
