run0-swarm_21_111.pdb	3.746	15.966	0.288889	55.250
run0-swarm_23_13.pdb	2.971	10.751	0.222222	54.173
run0-swarm_32_1.pdb	2.938	11.105	0.4	53.239
run0-swarm_34_135.pdb	2.931	10.331	0.288889	52.175
run0-swarm_1_173.pdb	3.318	12.528	0.155556	51.582
run0-swarm_28_135.pdb	2.176	5.823	0.377778	51.116
run1-swarm_45_44.pdb	3.926	12.747	0.0888889	50.907
run1-swarm_49_104.pdb	2.944	10.850	0.488889	49.893
run0-swarm_36_49.pdb	3.604	13.658	0.222222	49.832
run0-swarm_34_4.pdb	3.314	7.940	0.133333	49.786
run0-swarm_24_9.pdb	3.623	15.756	0.355556	49.784
run1-swarm_51_42.pdb	4.168	14.793	0.266667	49.486
run0-swarm_37_189.pdb	2.053	6.804	0.577778	49.117
run0-swarm_29_153.pdb	2.638	8.195	0.244444	49.092
run0-swarm_38_156.pdb	2.440	7.494	0.333333	48.495
run0-swarm_33_107.pdb	5.557	24.721	0.133333	47.706
run0-swarm_12_81.pdb	1.865	3.833	0.488889	47.535
run0-swarm_35_169.pdb	3.025	7.748	0.266667	47.323
run0-swarm_26_166.pdb	4.168	18.687	0.288889	47.267
run1-swarm_12_158.pdb	1.644	3.752	0.488889	47.180
run1-swarm_22_19.pdb	1.895	7.060	0.511111	47.122
run0-swarm_3_165.pdb	3.747	13.124	0.2	46.987
run0-swarm_30_95.pdb	3.245	12.377	0.222222	46.780
run0-swarm_39_121.pdb	3.174	11.210	0.222222	46.330
run0-swarm_15_197.pdb	1.795	5.060	0.466667	45.705
run0-swarm_9_100.pdb	4.521	20.054	0.244444	45.614
run0-swarm_38_81.pdb	6.328	13.508	0.0222222	45.549
run0-swarm_18_171.pdb	5.018	21.678	0.2	44.793
run0-swarm_37_137.pdb	3.415	10.338	0.222222	44.372
run0-swarm_31_64.pdb	2.355	8.409	0.288889	44.251
run0-swarm_21_83.pdb	1.647	4.823	0.422222	44.078
run1-swarm_34_97.pdb	1.743	6.131	0.755556	43.677
run1-swarm_46_178.pdb	1.464	5.244	0.688889	43.486
run1-swarm_45_143.pdb	1.907	7.648	0.622222	43.351
run1-swarm_52_78.pdb	5.222	16.007	0	42.020
run1-swarm_47_102.pdb	2.635	10.376	0.422222	41.970
run0-swarm_39_163.pdb	2.544	6.828	0.377778	41.728
run1-swarm_4_79.pdb	3.494	15.264	0.422222	41.055
run1-swarm_39_36.pdb	5.830	16.471	0	40.977
run1-swarm_2_170.pdb	5.281	15.722	0	40.960
run0-swarm_3_55.pdb	5.401	21.121	0.0222222	40.865
run1-swarm_32_50.pdb	6.452	16.396	0	40.852
run1-swarm_34_93.pdb	4.468	11.492	0.0222222	40.681
run1-swarm_4_59.pdb	1.590	5.493	0.666667	40.665
run1-swarm_1_7.pdb	2.023	6.324	0.577778	40.632
run1-swarm_39_179.pdb	4.479	13.109	0.0444444	40.626
run1-swarm_32_182.pdb	1.599	4.174	0.711111	40.584
run1-swarm_33_109.pdb	2.988	8.601	0.311111	40.241
run1-swarm_14_93.pdb	3.585	15.605	0.511111	40.206
run1-swarm_35_146.pdb	3.399	13.533	0.311111	40.142
run0-swarm_15_33.pdb	3.800	15.479	0.133333	40.029
run0-swarm_35_143.pdb	1.981	8.041	0.622222	39.500
run1-swarm_48_132.pdb	5.403	19.253	0.0444444	39.314
run0-swarm_7_70.pdb	2.672	10.899	0.288889	39.313
run1-swarm_18_193.pdb	5.088	14.920	0	39.182
run0-swarm_14_155.pdb	4.479	11.859	0.0222222	39.146
run0-swarm_33_185.pdb	4.297	16.555	0.133333	38.859
run0-swarm_3_54.pdb	3.889	14.046	0.244444	38.708
run1-swarm_51_12.pdb	5.890	15.718	0	38.559
run0-swarm_29_145.pdb	3.398	13.497	0.355556	38.460
run1-swarm_35_25.pdb	1.913	3.309	0.377778	38.447
run0-swarm_17_86.pdb	6.506	13.724	0.0222222	38.260
run1-swarm_47_9.pdb	5.706	18.279	0.0222222	38.144
run1-swarm_44_134.pdb	2.859	7.488	0.111111	37.885
run1-swarm_26_194.pdb	2.571	9.755	0.444444	37.831
run0-swarm_31_163.pdb	4.057	13.911	0.111111	37.757
run1-swarm_2_122.pdb	2.920	11.981	0.466667	37.506
run1-swarm_45_107.pdb	5.230	15.308	0	37.435
run1-swarm_39_23.pdb	3.385	10.858	0.266667	37.416
run1-swarm_49_3.pdb	5.487	14.512	0	37.323
run1-swarm_52_193.pdb	4.848	13.162	0.0222222	37.312
run1-swarm_14_116.pdb	5.564	16.293	0	37.248
run0-swarm_24_117.pdb	5.596	23.082	0.0222222	37.149
run0-swarm_33_168.pdb	6.289	13.668	0.0222222	36.978
run1-swarm_17_179.pdb	5.059	14.683	0	36.937
run1-swarm_28_48.pdb	5.824	17.231	0	36.634
run1-swarm_3_95.pdb	5.577	16.492	0	36.481
run1-swarm_48_167.pdb	5.160	18.578	0.0444444	36.179
run0-swarm_35_36.pdb	9.074	18.015	0	35.993
run1-swarm_32_37.pdb	3.919	10.348	0.0444444	35.966
run1-swarm_39_75.pdb	3.167	14.032	0.222222	35.954
run0-swarm_24_137.pdb	4.545	13.258	0.0666667	35.779
run0-swarm_36_192.pdb	9.344	20.339	0	35.662
run1-swarm_12_72.pdb	5.642	16.473	0	35.543
run1-swarm_22_102.pdb	5.862	18.389	0	35.456
run1-swarm_22_134.pdb	4.299	9.916	0.0888889	35.327
run0-swarm_12_34.pdb	4.192	10.306	0.133333	34.693
run1-swarm_49_158.pdb	5.886	21.297	0	34.505
run0-swarm_23_165.pdb	2.883	7.102	0.222222	34.432
run0-swarm_37_49.pdb	5.706	17.448	0	34.411
run0-swarm_11_25.pdb	6.336	26.933	0.0666667	34.321
run1-swarm_46_50.pdb	4.902	15.323	0	34.183
run1-swarm_25_129.pdb	3.340	13.421	0.222222	34.168
run0-swarm_10_1.pdb	12.372	36.789	0	33.967
run1-swarm_4_139.pdb	5.786	21.456	0	33.799
run1-swarm_36_111.pdb	5.766	19.078	0	33.608
run0-swarm_26_125.pdb	6.940	29.583	0.0666667	33.503
run1-swarm_26_32.pdb	3.580	8.373	0.0444444	33.296
run0-swarm_27_15.pdb	3.908	15.387	0.0888889	33.262
run0-swarm_31_38.pdb	4.600	10.443	0.0222222	33.011
run0-swarm_34_180.pdb	3.784	9.959	0.111111	32.965
run1-swarm_33_163.pdb	2.987	7.136	0.244444	32.899
run1-swarm_36_15.pdb	4.771	15.303	0.0666667	32.639
run0-swarm_10_102.pdb	6.467	28.277	0.0666667	32.571
run0-swarm_22_94.pdb	6.138	21.042	0.0666667	32.362
run1-swarm_34_122.pdb	3.854	10.989	0.177778	32.277
run1-swarm_49_44.pdb	4.741	11.715	0.0444444	32.122
run0-swarm_36_148.pdb	4.559	10.541	0.0444444	32.062
run0-swarm_32_177.pdb	4.084	14.030	0.133333	32.052
run1-swarm_12_194.pdb	4.644	12.214	0.0222222	31.213
run0-swarm_24_3.pdb	4.353	17.527	0.177778	31.198
run0-swarm_32_22.pdb	6.745	16.038	0	30.970
run0-swarm_20_125.pdb	3.512	14.719	0.222222	30.958
run0-swarm_36_197.pdb	6.168	18.898	0	30.913
run1-swarm_45_35.pdb	5.038	12.775	0.0222222	30.817
run1-swarm_12_58.pdb	4.961	15.370	0.0444444	30.753
run0-swarm_6_193.pdb	12.188	37.578	0	30.623
run1-swarm_24_80.pdb	4.012	10.952	0.0222222	30.604
run1-swarm_9_8.pdb	4.672	14.687	0.0444444	30.226
run1-swarm_33_6.pdb	6.702	16.377	0	30.208
run1-swarm_3_126.pdb	6.503	22.465	0	29.783
run1-swarm_48_68.pdb	6.302	27.290	0.0888889	29.614
run0-swarm_17_68.pdb	6.738	23.028	0.0222222	29.476
run0-swarm_22_16.pdb	6.729	15.843	0	29.415
run1-swarm_51_66.pdb	4.041	10.078	0.0666667	29.306
run1-swarm_9_39.pdb	6.670	17.913	0	28.952
run0-swarm_37_63.pdb	7.308	14.358	0	28.822
run0-swarm_4_132.pdb	13.096	40.798	0	28.643
run1-swarm_34_185.pdb	6.171	18.281	0	28.586
run1-swarm_18_190.pdb	2.090	6.691	0.577778	28.537
run0-swarm_16_194.pdb	12.602	39.994	0	28.179
run1-swarm_9_191.pdb	3.004	10.261	0.4	27.957
run0-swarm_12_184.pdb	4.906	16.206	0.0222222	27.553
run0-swarm_21_128.pdb	4.094	14.863	0.111111	27.255
run0-swarm_6_79.pdb	13.929	39.520	0	27.157
run1-swarm_44_22.pdb	5.126	16.903	0.0888889	26.792
run1-swarm_22_140.pdb	5.955	17.196	0	26.700
run0-swarm_6_105.pdb	7.908	26.845	0.0444444	25.619
run1-swarm_30_82.pdb	7.555	24.228	0	25.618
run0-swarm_24_34.pdb	8.087	17.397	0	25.154
run1-swarm_20_139.pdb	4.070	15.472	0.133333	24.639
run1-swarm_32_157.pdb	4.138	13.753	0.2	24.618
run0-swarm_33_98.pdb	10.134	24.874	0	24.360
run1-swarm_24_186.pdb	8.255	20.426	0	23.566
run1-swarm_51_4.pdb	6.907	25.364	0.0222222	23.505
run0-swarm_11_51.pdb	10.247	39.416	0	23.499
run1-swarm_34_192.pdb	5.018	10.353	0.0222222	22.862
run0-swarm_9_40.pdb	9.178	35.258	0	22.700
run0-swarm_35_117.pdb	4.411	14.223	0.0666667	22.678
run0-swarm_22_12.pdb	5.657	20.226	0	22.502
run0-swarm_39_129.pdb	3.249	12.257	0.244444	22.280
run1-swarm_29_135.pdb	7.888	18.255	0	21.817
run1-swarm_52_49.pdb	6.332	15.087	0	21.317
run1-swarm_33_53.pdb	6.115	17.909	0.0222222	21.228
run1-swarm_1_81.pdb	5.216	17.316	0.0222222	21.090
run1-swarm_49_61.pdb	6.750	22.259	0.0222222	20.786
run0-swarm_17_21.pdb	4.541	15.177	0.0888889	20.322
run0-swarm_38_5.pdb	7.116	15.697	0	20.214
run1-swarm_27_49.pdb	12.422	41.575	0.0222222	20.144
run0-swarm_32_109.pdb	6.518	27.351	0	20.003
run1-swarm_40_38.pdb	11.747	39.920	0	19.786
run1-swarm_38_102.pdb	10.952	36.330	0	18.815
run0-swarm_39_36.pdb	6.973	13.848	0.0222222	18.732
run0-swarm_18_20.pdb	4.656	17.170	0.155556	18.724
run1-swarm_50_189.pdb	7.019	24.445	0.0666667	18.523
run0-swarm_24_66.pdb	6.074	12.718	0	18.300
run1-swarm_33_128.pdb	5.179	19.285	0.0222222	17.939
run0-swarm_12_87.pdb	3.337	11.914	0.155556	17.891
run0-swarm_3_137.pdb	7.228	15.045	0	17.521
run1-swarm_35_10.pdb	5.513	17.540	0	17.479
run1-swarm_31_109.pdb	10.895	37.602	0.0222222	16.894
run1-swarm_10_189.pdb	5.354	19.571	0	16.489
run1-swarm_7_138.pdb	7.770	27.230	0.0888889	16.385
run1-swarm_37_18.pdb	10.363	34.971	0.0666667	16.042
run1-swarm_23_109.pdb	8.784	30.001	0.0888889	15.972
run1-swarm_8_115.pdb	10.776	36.313	0.0222222	15.815
run1-swarm_33_189.pdb	5.915	17.012	0.0888889	15.008
run1-swarm_19_169.pdb	8.921	30.341	0.0666667	14.287
run0-swarm_21_167.pdb	4.753	13.289	0.222222	14.170
run1-swarm_36_27.pdb	7.507	21.531	0	13.220
run1-swarm_52_34.pdb	5.092	11.452	0.133333	13.205
run1-swarm_10_58.pdb	8.633	27.462	0.0888889	13.065
run1-swarm_51_134.pdb	4.908	10.589	0.222222	12.691
run1-swarm_27_47.pdb	10.154	33.350	0	11.089
run1-swarm_3_29.pdb	9.442	31.485	0.0444444	10.936
run1-swarm_31_6.pdb	7.588	27.473	0.0444444	10.358
run1-swarm_40_56.pdb	5.916	22.069	0.0666667	10.330
run1-swarm_1_177.pdb	6.111	18.698	0	10.089
run1-swarm_4_54.pdb	8.537	25.964	0	6.606
run1-swarm_12_49.pdb	5.629	13.229	0.0888889	6.023
run1-swarm_16_24.pdb	5.679	20.542	0.0666667	5.971
run1-swarm_32_9.pdb	9.524	22.846	0	5.967
run0-swarm_21_88.pdb	7.111	17.660	0.0666667	0.239
