swarm_9_142.pdb	2.083	5.234	0.355556	84.417
swarm_8_62.pdb	0.748	1.251	0.711111	78.870
swarm_2_152.pdb	0.709	1.451	0.666667	78.131
swarm_5_150.pdb	0.681	1.411	0.755556	77.759
swarm_0_141.pdb	1.160	4.577	0.733333	77.650
swarm_1_140.pdb	1.118	4.153	0.755556	76.985
swarm_3_152.pdb	1.195	4.835	0.733333	76.803
swarm_7_125.pdb	1.329	5.462	0.777778	74.285
swarm_6_180.pdb	2.103	8.289	0.6	71.593
swarm_4_66.pdb	1.851	6.575	0.688889	66.232
swarm_9_19.pdb	2.129	8.882	0.577778	65.632
swarm_4_193.pdb	3.689	17.810	0.488889	40.920
swarm_0_143.pdb	2.612	8.681	0.444444	32.514
swarm_8_106.pdb	3.590	12.187	0.222222	26.320
swarm_9_30.pdb	4.231	15.664	0.311111	20.578
swarm_0_157.pdb	3.535	14.723	0.466667	13.193
