swarm_2_119.pdb	2.975	8.346	0.377778	77.806
swarm_17_0.pdb	2.639	6.968	0.466667	76.417
swarm_14_88.pdb	1.818	6.636	0.488889	74.292
swarm_8_116.pdb	1.503	5.136	0.622222	70.838
swarm_0_0.pdb	2.453	6.384	0.466667	70.634
swarm_20_41.pdb	2.028	5.941	0.466667	70.596
swarm_3_167.pdb	1.000	1.957	0.8	68.008
swarm_1_114.pdb	1.124	3.671	0.777778	66.050
swarm_12_101.pdb	1.447	3.719	0.577778	65.481
swarm_19_111.pdb	3.947	17.282	0.288889	64.986
swarm_9_122.pdb	3.771	16.254	0.266667	64.355
swarm_13_103.pdb	1.428	4.864	0.577778	63.816
swarm_18_128.pdb	1.747	7.481	0.511111	61.200
swarm_16_66.pdb	1.983	6.435	0.644444	58.547
swarm_5_154.pdb	1.684	4.241	0.488889	57.824
swarm_6_68.pdb	1.749	4.789	0.533333	55.117
swarm_10_102.pdb	3.071	12.159	0.311111	54.231
swarm_11_91.pdb	3.434	14.052	0.311111	54.023
swarm_11_129.pdb	5.471	25.360	0.0888889	45.976
swarm_12_135.pdb	4.627	13.273	0.0222222	41.970
swarm_10_165.pdb	3.195	10.975	0.244444	41.071
swarm_8_1.pdb	8.109	21.479	0	37.032
swarm_0_95.pdb	2.962	11.303	0.355556	33.148
swarm_7_159.pdb	2.551	9.560	0.488889	32.832
swarm_0_153.pdb	6.205	17.979	0.0222222	32.195
swarm_19_146.pdb	5.750	15.388	0	30.112
swarm_14_71.pdb	8.271	17.682	0	27.617
swarm_3_135.pdb	7.429	16.412	0	26.731
swarm_19_163.pdb	6.988	12.663	0	26.538
swarm_3_23.pdb	7.536	15.081	0	25.063
swarm_3_159.pdb	5.242	13.056	0	24.652
swarm_0_164.pdb	6.833	14.966	0	23.688
swarm_10_179.pdb	5.562	19.642	0.0444444	23.278
swarm_1_13.pdb	6.723	13.824	0	22.472
swarm_0_113.pdb	9.709	23.658	0	21.447
swarm_16_168.pdb	8.695	16.897	0	18.512
swarm_18_190.pdb	5.373	17.788	0	18.127
swarm_5_22.pdb	8.811	18.432	0	16.731
swarm_16_72.pdb	7.848	22.815	0	16.516
swarm_15_137.pdb	10.103	32.885	0	16.433
swarm_4_118.pdb	10.145	32.019	0	15.989
swarm_6_103.pdb	7.852	23.147	0	15.134
swarm_1_9.pdb	9.749	17.379	0	14.695
swarm_7_154.pdb	7.941	23.811	0	14.439
swarm_6_95.pdb	5.251	16.837	0.133333	10.129
swarm_4_109.pdb	8.416	26.229	0	10.053
swarm_12_62.pdb	8.860	15.054	0	9.875
swarm_14_98.pdb	7.722	11.627	0	9.675
swarm_8_163.pdb	9.019	21.021	0	8.731
swarm_6_23.pdb	8.267	14.367	0	7.943
swarm_18_12.pdb	8.773	18.366	0	7.785
