run0-swarm_3_143.pdb	5.130	14.178	0.133333	38.562
run0-swarm_5_177.pdb	4.915	15.550	0.0333333	38.412
run0-swarm_12_5.pdb	1.867	5.676	0.8	36.558
run0-swarm_33_77.pdb	1.556	4.967	0.733333	35.395
run0-swarm_35_86.pdb	7.010	15.889	0	33.054
run0-swarm_35_157.pdb	1.488	5.571	0.733333	32.813
run0-swarm_42_22.pdb	6.606	27.503	0.0666667	32.756
run0-swarm_41_91.pdb	1.456	4.260	0.666667	30.750
run0-swarm_0_126.pdb	4.059	13.105	0.333333	30.573
run0-swarm_47_72.pdb	6.780	28.100	0.0666667	30.571
run0-swarm_5_68.pdb	3.959	9.342	0.166667	30.154
run0-swarm_0_75.pdb	4.946	11.422	0.0333333	29.656
run0-swarm_9_160.pdb	4.198	14.144	0.166667	29.441
run0-swarm_16_87.pdb	2.728	8.400	0.566667	29.287
run0-swarm_9_89.pdb	3.699	8.817	0.166667	29.138
run0-swarm_13_87.pdb	6.525	26.622	0.0333333	29.085
run0-swarm_3_27.pdb	2.633	8.211	0.533333	28.453
run0-swarm_48_124.pdb	12.017	35.487	0	28.410
run0-swarm_15_14.pdb	6.708	27.290	0.0666667	28.157
run0-swarm_1_157.pdb	9.042	27.731	0	27.966
run0-swarm_12_106.pdb	4.731	11.045	0.0666667	27.869
run0-swarm_20_121.pdb	2.629	7.502	0.566667	27.172
run0-swarm_28_94.pdb	2.323	8.244	0.633333	27.121
run0-swarm_14_93.pdb	9.066	29.346	0	27.056
run0-swarm_33_158.pdb	4.305	11.925	0.233333	27.023
run0-swarm_2_26.pdb	6.814	26.009	0.0333333	26.938
run0-swarm_35_41.pdb	6.842	20.315	0	26.814
run0-swarm_34_105.pdb	9.153	28.489	0	26.592
run0-swarm_23_151.pdb	9.628	25.688	0	26.493
run0-swarm_48_53.pdb	8.768	28.585	0	26.412
run0-swarm_13_193.pdb	8.981	28.203	0	26.410
run0-swarm_8_53.pdb	9.310	28.227	0	26.293
run0-swarm_11_100.pdb	8.790	28.805	0	25.915
run0-swarm_7_194.pdb	5.230	20.696	0.333333	25.786
run0-swarm_17_188.pdb	9.573	26.289	0	25.729
run0-swarm_22_132.pdb	11.774	35.946	0	25.587
run0-swarm_12_99.pdb	4.012	10.839	0.266667	25.519
run0-swarm_22_91.pdb	8.278	29.194	0	25.441
run0-swarm_19_186.pdb	6.131	24.793	0.0333333	25.244
run0-swarm_44_129.pdb	8.598	26.233	0	25.073
run0-swarm_11_92.pdb	8.245	29.606	0	24.981
run0-swarm_7_70.pdb	7.851	26.787	0	24.948
run0-swarm_42_66.pdb	8.372	23.489	0	24.761
run0-swarm_8_142.pdb	11.416	34.754	0	24.325
run0-swarm_42_72.pdb	7.480	24.217	0	24.155
run0-swarm_10_150.pdb	11.377	34.886	0	24.134
run0-swarm_38_81.pdb	3.545	11.343	0.166667	24.051
run0-swarm_34_145.pdb	5.803	24.066	0.0333333	24.008
run0-swarm_36_60.pdb	4.228	16.807	0.3	23.944
run0-swarm_17_11.pdb	3.683	11.633	0.2	23.861
run0-swarm_0_60.pdb	2.407	4.911	0.533333	23.860
run0-swarm_37_98.pdb	4.173	16.392	0.3	23.763
run0-swarm_5_91.pdb	7.784	17.877	0	23.745
run0-swarm_39_10.pdb	10.169	24.216	0	23.660
run0-swarm_38_140.pdb	6.543	18.165	0.1	23.620
run0-swarm_23_118.pdb	10.798	32.851	0	23.564
run0-swarm_30_63.pdb	7.927	31.185	0	23.545
run0-swarm_32_132.pdb	8.218	28.066	0	23.426
run0-swarm_13_175.pdb	8.171	25.771	0	23.388
run0-swarm_14_58.pdb	5.004	20.346	0.266667	23.343
run0-swarm_5_58.pdb	8.280	22.436	0	23.022
run0-swarm_2_149.pdb	6.338	25.955	0.0333333	22.920
run0-swarm_8_96.pdb	6.533	25.119	0.0333333	22.814
run0-swarm_23_37.pdb	7.212	29.277	0	22.768
run0-swarm_6_82.pdb	3.844	13.400	0.266667	22.613
run0-swarm_4_191.pdb	6.757	25.572	0	22.609
run0-swarm_18_174.pdb	7.540	23.611	0	22.544
run0-swarm_32_198.pdb	8.439	27.352	0	22.500
run0-swarm_36_97.pdb	6.216	22.274	0.0333333	22.279
run0-swarm_18_31.pdb	9.926	27.770	0	22.272
run0-swarm_30_109.pdb	8.764	31.611	0	22.059
run0-swarm_6_12.pdb	10.074	26.018	0	21.986
run0-swarm_47_19.pdb	7.321	25.985	0	21.778
run0-swarm_21_189.pdb	1.935	3.303	0.466667	21.692
run0-swarm_44_76.pdb	12.100	35.088	0	21.295
run0-swarm_46_49.pdb	10.274	22.184	0	21.177
run0-swarm_39_190.pdb	9.075	26.706	0	20.952
run0-swarm_36_132.pdb	4.301	11.344	0.133333	20.897
run0-swarm_18_184.pdb	7.468	18.417	0	20.790
run0-swarm_14_60.pdb	6.429	22.916	0.0333333	20.783
run0-swarm_44_29.pdb	6.149	23.194	0.0333333	20.737
run0-swarm_20_79.pdb	6.742	20.286	0.1	20.505
run0-swarm_1_169.pdb	8.475	29.901	0	20.497
run0-swarm_40_20.pdb	7.144	21.296	0.0333333	20.458
run0-swarm_48_143.pdb	6.765	27.135	0.0333333	20.443
run0-swarm_39_199.pdb	6.696	25.358	0	20.316
run0-swarm_46_26.pdb	5.718	16.115	0.0333333	20.176
run0-swarm_6_169.pdb	6.382	21.679	0	19.843
run0-swarm_40_96.pdb	6.817	13.583	0	19.781
run0-swarm_17_193.pdb	6.174	21.039	0	19.646
run0-swarm_34_163.pdb	6.182	20.051	0	19.577
run0-swarm_7_77.pdb	8.657	26.776	0	19.528
run0-swarm_17_184.pdb	10.152	23.274	0	19.453
run0-swarm_24_192.pdb	6.616	20.949	0.166667	19.430
run0-swarm_45_66.pdb	7.182	27.242	0.0333333	19.372
run0-swarm_43_13.pdb	4.243	14.071	0.133333	18.982
run0-swarm_4_183.pdb	7.985	23.180	0	18.836
run0-swarm_19_94.pdb	7.236	20.849	0	18.540
run0-swarm_27_41.pdb	7.632	27.885	0	18.274
run0-swarm_3_12.pdb	7.233	15.940	0	18.099
run0-swarm_44_160.pdb	9.861	28.396	0	17.886
run0-swarm_4_107.pdb	5.690	20.180	0	17.826
run0-swarm_43_179.pdb	10.132	25.414	0	17.754
run0-swarm_27_37.pdb	6.484	21.128	0.133333	17.736
run0-swarm_46_138.pdb	8.663	25.028	0	17.671
run0-swarm_31_32.pdb	6.256	19.283	0.166667	17.610
run0-swarm_41_55.pdb	3.188	11.921	0.466667	17.595
run0-swarm_4_26.pdb	5.410	14.300	0.1	17.422
run0-swarm_40_76.pdb	5.649	16.731	0	17.371
run0-swarm_7_151.pdb	8.029	24.775	0	16.629
run0-swarm_6_170.pdb	7.229	16.547	0	16.482
run0-swarm_45_98.pdb	8.384	28.240	0.0333333	16.464
run0-swarm_26_1.pdb	4.685	14.872	0.2	16.450
run0-swarm_13_140.pdb	6.426	22.742	0	16.343
run0-swarm_36_124.pdb	7.085	20.762	0	16.293
run0-swarm_26_176.pdb	7.770	23.901	0.1	16.137
run0-swarm_20_82.pdb	6.431	10.635	0.0666667	15.929
run0-swarm_28_133.pdb	5.596	18.462	0.166667	15.841
run0-swarm_19_132.pdb	3.833	11.841	0.3	15.788
run0-swarm_47_103.pdb	7.950	25.819	0.0333333	15.736
run0-swarm_42_50.pdb	7.176	21.937	0	14.939
run0-swarm_29_168.pdb	6.518	23.118	0.0666667	14.856
run0-swarm_31_56.pdb	3.982	8.901	0.233333	14.693
run0-swarm_36_22.pdb	7.962	15.915	0.0333333	14.608
run0-swarm_4_157.pdb	9.519	27.107	0	14.455
run0-swarm_19_130.pdb	5.631	18.875	0.0666667	14.419
run0-swarm_45_156.pdb	8.141	25.475	0	14.329
run0-swarm_21_27.pdb	4.996	7.595	0.166667	14.296
run0-swarm_21_1.pdb	5.587	11.430	0	14.124
run0-swarm_19_12.pdb	6.402	16.559	0.0666667	13.912
run0-swarm_17_103.pdb	6.337	19.540	0.0333333	13.830
run0-swarm_43_155.pdb	9.314	26.118	0	13.747
run0-swarm_20_128.pdb	3.090	5.888	0.266667	13.733
run0-swarm_16_157.pdb	3.755	10.648	0.333333	13.724
run0-swarm_29_169.pdb	6.574	20.012	0.2	13.637
run0-swarm_21_185.pdb	4.456	14.264	0.233333	13.585
run0-swarm_31_120.pdb	5.089	13.280	0.0666667	13.542
run0-swarm_32_104.pdb	6.242	20.038	0.166667	12.917
run0-swarm_33_133.pdb	3.160	11.798	0.533333	12.793
run0-swarm_21_77.pdb	6.578	15.924	0.233333	12.784
run0-swarm_33_61.pdb	5.974	11.523	0.233333	12.578
run0-swarm_2_189.pdb	5.256	19.072	0.233333	11.984
run0-swarm_23_190.pdb	6.150	19.934	0	10.195
run0-swarm_31_61.pdb	3.278	11.058	0.366667	9.603
run0-swarm_0_73.pdb	6.535	13.472	0	7.510
run0-swarm_4_196.pdb	5.454	17.292	0.0333333	3.553
run0-swarm_30_55.pdb	12.377	34.965	0	3.169
run0-swarm_31_117.pdb	2.232	4.631	0.733333	1.330
