swarm_3_5.pdb	5.268	13.231	0.1	32.309
swarm_35_58.pdb	4.181	10.587	0.3	29.836
swarm_5_139.pdb	11.219	21.697	0	27.449
swarm_9_122.pdb	11.414	22.605	0	27.033
swarm_0_26.pdb	8.899	19.078	0.166667	26.889
swarm_0_175.pdb	9.567	19.001	0	26.322
swarm_39_130.pdb	7.649	23.930	0.166667	26.249
swarm_0_115.pdb	10.883	19.152	0	26.233
swarm_3_48.pdb	10.591	16.756	0	26.061
swarm_5_85.pdb	11.826	21.215	0	25.869
swarm_38_192.pdb	9.684	22.048	0	25.811
swarm_44_3.pdb	7.063	27.936	0.0333333	25.303
swarm_35_51.pdb	8.093	19.650	0	25.184
swarm_10_188.pdb	11.761	33.191	0	25.126
swarm_23_114.pdb	13.788	31.348	0	24.841
swarm_39_27.pdb	12.354	28.501	0	24.718
swarm_34_170.pdb	13.544	29.455	0	24.690
swarm_34_170.pdb	13.243	28.368	0	24.675
swarm_0_172.pdb	11.271	19.380	0.0666667	24.587
swarm_35_16.pdb	12.233	24.801	0	24.539
swarm_40_95.pdb	10.751	19.535	0	24.461
swarm_1_169.pdb	8.390	26.873	0	24.448
swarm_20_65.pdb	11.627	18.803	0	24.288
swarm_38_47.pdb	11.555	20.271	0	24.173
swarm_4_69.pdb	12.875	28.034	0	23.941
swarm_6_88.pdb	12.922	27.153	0	23.935
swarm_9_52.pdb	11.167	18.880	0	23.913
swarm_5_169.pdb	8.192	18.097	0.1	23.837
swarm_12_80.pdb	13.895	30.688	0	23.798
swarm_14_183.pdb	11.584	28.849	0.0333333	23.719
swarm_12_130.pdb	5.628	13.057	0.1	23.649
swarm_32_125.pdb	14.271	31.429	0	23.592
swarm_12_194.pdb	9.148	18.950	0	23.517
swarm_33_92.pdb	8.164	14.424	0.1	23.495
swarm_9_8.pdb	7.588	15.500	0.166667	23.209
swarm_33_21.pdb	8.294	14.655	0.166667	23.185
swarm_9_165.pdb	10.361	20.773	0	23.056
swarm_9_194.pdb	11.824	18.079	0	23.033
swarm_20_185.pdb	4.026	9.986	0.2	23.027
swarm_32_60.pdb	11.722	27.146	0	22.956
swarm_18_78.pdb	13.640	31.342	0	22.929
swarm_14_174.pdb	13.855	32.104	0	22.895
swarm_9_73.pdb	11.129	18.175	0	22.857
swarm_3_198.pdb	10.213	17.913	0	22.841
swarm_34_4.pdb	7.737	24.268	0	22.794
swarm_19_91.pdb	10.831	26.750	0.1	22.790
swarm_33_186.pdb	11.397	27.689	0	22.775
swarm_0_83.pdb	11.752	19.641	0.0333333	22.657
swarm_23_174.pdb	10.734	25.896	0.133333	22.589
swarm_7_96.pdb	9.935	17.520	0.133333	22.479
swarm_12_28.pdb	10.544	16.193	0	22.304
swarm_19_90.pdb	10.994	24.569	0.0333333	22.283
swarm_35_136.pdb	10.708	18.362	0	22.173
swarm_13_111.pdb	7.643	25.817	0	22.086
swarm_39_101.pdb	10.264	25.525	0.0666667	22.069
swarm_43_50.pdb	8.967	29.090	0.133333	21.772
swarm_41_176.pdb	10.168	17.531	0	21.748
swarm_34_13.pdb	11.304	27.376	0.0333333	21.667
swarm_16_2.pdb	10.526	17.726	0	21.647
swarm_12_95.pdb	10.853	19.579	0.0333333	21.625
swarm_36_35.pdb	12.101	25.004	0	21.614
swarm_23_123.pdb	12.491	27.073	0	21.610
swarm_10_144.pdb	13.562	29.791	0	21.503
swarm_40_125.pdb	10.279	24.322	0	21.484
swarm_8_117.pdb	11.388	21.335	0	21.358
swarm_36_52.pdb	9.655	16.814	0	21.351
swarm_41_60.pdb	10.347	15.476	0	21.254
swarm_28_102.pdb	3.658	9.634	0.366667	21.226
swarm_7_3.pdb	11.989	28.926	0	21.196
swarm_18_13.pdb	13.374	28.373	0	21.189
swarm_42_43.pdb	10.841	27.387	0.133333	21.154
swarm_33_19.pdb	12.441	22.516	0.0666667	21.147
swarm_17_15.pdb	11.381	21.862	0	21.100
swarm_0_121.pdb	10.652	20.526	0	21.068
swarm_47_133.pdb	13.025	28.588	0.233333	21.056
swarm_0_150.pdb	11.319	17.194	0.0333333	20.976
swarm_3_137.pdb	10.481	18.683	0	20.833
swarm_21_120.pdb	11.915	26.317	0	20.831
swarm_27_133.pdb	12.626	29.655	0.133333	20.825
swarm_48_159.pdb	12.220	30.209	0.0333333	20.788
swarm_21_72.pdb	11.502	28.437	0.0333333	20.756
swarm_17_9.pdb	11.800	20.531	0	20.645
swarm_37_156.pdb	13.622	27.808	0	20.611
swarm_35_135.pdb	7.368	22.670	0.0666667	20.608
swarm_44_57.pdb	12.939	26.218	0	20.604
swarm_48_89.pdb	13.909	31.480	0	20.559
swarm_46_159.pdb	10.505	23.217	0	20.556
swarm_42_46.pdb	11.224	25.879	0	20.519
swarm_9_160.pdb	13.861	26.614	0	20.443
swarm_12_91.pdb	11.281	19.730	0.133333	20.429
swarm_45_54.pdb	8.769	27.180	0.1	20.368
swarm_16_157.pdb	8.879	15.085	0.0333333	20.366
swarm_5_81.pdb	12.190	30.790	0.0333333	20.312
swarm_19_188.pdb	9.435	27.499	0	20.258
swarm_12_13.pdb	10.573	19.357	0	20.257
swarm_34_15.pdb	10.924	23.148	0	20.251
swarm_34_64.pdb	12.107	24.297	0	20.171
swarm_44_39.pdb	11.614	23.820	0	20.148
swarm_44_72.pdb	12.966	30.550	0	20.089
swarm_13_162.pdb	13.270	32.454	0	20.087
swarm_23_148.pdb	11.222	30.391	0	20.045
swarm_20_35.pdb	12.205	22.306	0	19.975
swarm_16_158.pdb	9.679	16.619	0.0333333	19.965
swarm_12_181.pdb	11.266	17.763	0	19.916
swarm_8_85.pdb	9.933	24.181	0	19.907
swarm_0_192.pdb	7.630	19.132	0	19.886
swarm_33_59.pdb	10.876	18.872	0.0333333	19.793
swarm_37_15.pdb	11.496	20.781	0	19.756
swarm_38_80.pdb	6.008	14.935	0	19.739
swarm_33_187.pdb	8.321	24.950	0	19.731
swarm_39_76.pdb	11.890	28.313	0	19.694
swarm_10_52.pdb	12.546	30.885	0	19.665
swarm_39_194.pdb	12.830	29.962	0	19.664
swarm_21_155.pdb	1.842	5.424	0.433333	19.600
swarm_21_168.pdb	10.152	27.303	0.0666667	19.546
swarm_15_55.pdb	15.368	35.879	0.0333333	19.539
swarm_32_41.pdb	10.453	22.269	0	19.520
swarm_18_75.pdb	11.556	27.623	0	19.485
swarm_38_197.pdb	10.903	20.295	0	19.466
swarm_14_7.pdb	11.447	26.546	0	19.465
swarm_1_172.pdb	8.257	26.898	0	19.460
swarm_16_120.pdb	9.125	14.457	0.0666667	19.432
swarm_10_20.pdb	13.199	33.872	0	19.395
swarm_32_77.pdb	6.875	15.984	0.0333333	19.382
swarm_12_25.pdb	7.283	12.965	0.0666667	19.362
swarm_2_74.pdb	7.829	21.640	0	19.273
swarm_41_158.pdb	11.586	18.127	0.0333333	19.156
swarm_37_168.pdb	12.052	22.713	0	19.020
swarm_19_135.pdb	12.268	27.701	0	18.980
swarm_5_110.pdb	5.121	9.624	0.0333333	18.966
swarm_7_54.pdb	11.868	27.020	0.0333333	18.910
swarm_46_45.pdb	11.765	21.223	0	18.877
swarm_16_132.pdb	10.682	16.926	0	18.857
swarm_2_108.pdb	12.148	30.282	0	18.847
swarm_0_127.pdb	9.900	17.157	0	18.835
swarm_2_148.pdb	12.685	29.768	0	18.795
swarm_13_139.pdb	13.780	32.539	0	18.752
swarm_45_168.pdb	8.246	23.217	0	18.685
swarm_47_140.pdb	9.898	23.603	0	18.681
swarm_43_63.pdb	12.221	21.028	0	18.675
swarm_45_3.pdb	10.104	23.726	0	18.668
swarm_29_67.pdb	14.005	29.950	0.0666667	18.656
swarm_47_168.pdb	11.377	27.522	0.0333333	18.606
swarm_2_92.pdb	14.038	32.861	0	18.606
swarm_20_133.pdb	11.162	20.692	0	18.572
swarm_44_155.pdb	13.080	30.892	0	18.523
swarm_6_126.pdb	12.754	21.230	0	18.381
swarm_19_64.pdb	12.152	30.156	0	18.381
swarm_7_108.pdb	13.424	25.982	0	18.304
swarm_10_171.pdb	14.584	33.945	0	18.289
swarm_37_20.pdb	12.779	24.434	0	18.269
swarm_22_167.pdb	9.548	19.291	0	18.259
swarm_40_26.pdb	5.421	14.552	0.0333333	18.194
swarm_8_116.pdb	11.126	31.601	0.0333333	18.086
swarm_13_171.pdb	14.334	36.193	0	18.074
swarm_21_134.pdb	12.169	18.990	0.0333333	18.031
swarm_0_138.pdb	11.182	21.342	0	17.948
swarm_8_56.pdb	14.096	33.944	0	17.824
swarm_42_112.pdb	13.472	27.591	0	17.821
swarm_35_28.pdb	8.076	18.917	0	17.800
swarm_3_77.pdb	12.336	25.950	0	17.790
swarm_34_165.pdb	13.016	25.881	0	17.726
swarm_25_56.pdb	12.333	30.590	0	17.715
swarm_2_116.pdb	13.083	29.213	0	17.705
swarm_43_107.pdb	12.636	23.524	0	17.686
swarm_4_188.pdb	8.887	26.896	0	17.582
swarm_6_21.pdb	9.647	19.267	0	17.538
swarm_4_146.pdb	9.649	24.675	0	17.451
swarm_45_129.pdb	13.115	29.600	0	17.445
swarm_6_190.pdb	12.678	28.359	0	17.425
swarm_13_18.pdb	12.742	29.873	0	17.405
swarm_28_1.pdb	12.658	22.481	0	17.396
swarm_27_57.pdb	15.053	33.989	0	17.329
swarm_28_162.pdb	12.262	21.211	0.0666667	17.311
swarm_14_58.pdb	6.627	21.392	0	17.280
swarm_33_12.pdb	11.034	18.753	0	17.231
swarm_42_15.pdb	12.240	23.912	0	17.227
swarm_42_197.pdb	8.806	27.002	0.0666667	17.197
swarm_13_26.pdb	10.673	28.211	0	17.165
swarm_7_57.pdb	11.975	31.963	0	17.125
swarm_38_139.pdb	11.699	23.530	0	17.118
swarm_4_56.pdb	12.731	24.798	0	17.059
swarm_21_122.pdb	13.366	32.989	0.0333333	17.057
swarm_36_187.pdb	12.033	25.855	0	17.040
swarm_27_88.pdb	13.509	32.762	0	16.875
swarm_20_114.pdb	11.172	17.995	0	16.830
swarm_21_158.pdb	12.730	28.366	0	16.766
swarm_28_87.pdb	4.340	9.484	0.4	16.759
swarm_45_30.pdb	14.639	33.002	0	16.677
swarm_0_133.pdb	10.637	16.910	0	16.657
swarm_20_103.pdb	11.733	17.803	0	16.614
swarm_47_62.pdb	11.333	29.150	0.133333	16.594
swarm_10_142.pdb	8.299	28.208	0.0333333	16.591
swarm_45_118.pdb	15.285	35.797	0	16.541
swarm_39_77.pdb	11.371	25.393	0	16.510
swarm_38_109.pdb	8.348	22.222	0	16.452
swarm_0_155.pdb	7.204	11.162	0.1	16.444
swarm_18_150.pdb	12.653	24.318	0	16.422
swarm_48_43.pdb	12.279	34.514	0	16.416
swarm_3_9.pdb	4.347	12.824	0.233333	16.376
swarm_43_186.pdb	14.086	29.225	0	16.296
swarm_24_109.pdb	9.902	21.789	0.1	16.292
swarm_40_112.pdb	12.333	23.422	0	16.244
swarm_43_7.pdb	12.973	28.379	0	16.187
swarm_19_171.pdb	12.944	24.576	0	16.186
swarm_16_111.pdb	10.824	16.871	0	16.186
swarm_4_98.pdb	11.681	20.599	0	16.173
swarm_13_0.pdb	12.362	28.302	0.133333	16.150
swarm_47_160.pdb	13.903	32.591	0	16.069
swarm_26_102.pdb	8.580	25.932	0	16.008
swarm_36_180.pdb	13.515	26.859	0	15.975
swarm_17_194.pdb	11.973	28.367	0	15.932
swarm_30_71.pdb	11.635	27.848	0.133333	15.918
swarm_45_155.pdb	12.929	27.323	0	15.917
swarm_29_62.pdb	10.545	27.354	0.0666667	15.852
swarm_2_12.pdb	8.332	25.976	0	15.815
swarm_6_170.pdb	6.833	18.433	0	15.812
swarm_7_26.pdb	10.896	23.576	0	15.769
swarm_40_148.pdb	10.941	23.307	0	15.718
swarm_40_117.pdb	12.259	24.647	0	15.700
swarm_28_164.pdb	4.239	15.054	0.3	15.677
swarm_36_2.pdb	10.900	18.299	0.1	15.585
swarm_17_115.pdb	10.246	20.680	0	15.546
swarm_37_93.pdb	11.237	21.865	0	15.460
swarm_4_13.pdb	11.807	21.983	0	15.385
swarm_26_115.pdb	12.584	24.975	0	15.380
swarm_20_162.pdb	10.466	18.518	0	15.317
swarm_8_131.pdb	12.218	29.058	0	15.309
swarm_7_21.pdb	9.488	25.596	0	15.290
swarm_23_186.pdb	10.490	27.170	0	15.282
swarm_47_167.pdb	9.580	27.916	0.1	15.264
swarm_18_53.pdb	13.757	28.840	0	15.225
swarm_20_134.pdb	10.703	18.361	0.0666667	15.157
swarm_7_158.pdb	7.551	25.160	0	15.124
swarm_39_40.pdb	13.107	24.238	0.0333333	15.083
swarm_44_63.pdb	15.093	31.582	0	15.045
swarm_2_132.pdb	8.008	21.909	0.133333	15.041
swarm_31_132.pdb	10.767	23.156	0	14.972
swarm_40_23.pdb	10.864	21.251	0	14.957
swarm_44_97.pdb	12.362	28.969	0	14.857
swarm_33_8.pdb	12.810	28.303	0	14.845
swarm_30_40.pdb	13.033	29.490	0	14.819
swarm_18_187.pdb	13.837	32.605	0	14.745
swarm_26_124.pdb	12.463	25.481	0	14.656
swarm_2_99.pdb	11.720	24.359	0.1	14.595
swarm_31_67.pdb	13.275	25.033	0	14.576
swarm_41_42.pdb	10.602	17.185	0	14.574
swarm_27_108.pdb	11.203	25.495	0	14.488
swarm_37_171.pdb	9.709	23.433	0	14.470
swarm_14_14.pdb	13.868	33.497	0	14.454
swarm_6_3.pdb	8.730	23.623	0	14.448
swarm_45_38.pdb	14.785	30.911	0	14.369
swarm_15_61.pdb	9.808	28.910	0	14.299
swarm_0_103.pdb	8.938	17.361	0	14.251
swarm_20_0.pdb	6.847	18.021	0.0333333	14.196
swarm_21_123.pdb	11.757	17.026	0	14.144
swarm_0_65.pdb	9.270	16.720	0	14.129
swarm_48_56.pdb	10.795	33.093	0	14.028
swarm_41_40.pdb	11.325	17.849	0	14.019
swarm_38_101.pdb	9.190	23.350	0.133333	13.967
swarm_34_95.pdb	11.196	23.762	0	13.958
swarm_0_150.pdb	11.707	20.183	0	13.883
swarm_1_103.pdb	12.356	32.068	0	13.876
swarm_26_89.pdb	11.190	20.311	0	13.867
swarm_4_183.pdb	13.424	26.391	0	13.815
swarm_17_80.pdb	12.128	29.055	0	13.525
swarm_27_192.pdb	9.157	23.033	0	13.466
swarm_37_88.pdb	11.118	19.013	0.0333333	13.442
swarm_37_81.pdb	12.235	23.383	0	13.381
swarm_46_51.pdb	8.292	18.111	0	13.345
swarm_33_18.pdb	9.230	15.232	0	13.339
swarm_33_195.pdb	12.235	24.936	0	13.288
swarm_7_9.pdb	13.385	29.550	0	13.275
swarm_12_196.pdb	9.197	15.931	0.1	13.255
swarm_25_81.pdb	13.238	31.503	0	13.227
swarm_43_119.pdb	10.722	25.592	0.0333333	13.199
swarm_41_129.pdb	11.075	17.624	0	13.199
swarm_20_166.pdb	9.996	20.976	0.0333333	13.109
swarm_37_50.pdb	5.738	19.823	0.366667	13.046
swarm_45_199.pdb	13.390	28.670	0	13.003
swarm_27_61.pdb	11.600	27.631	0.133333	12.991
swarm_27_165.pdb	10.058	27.048	0.133333	12.911
swarm_21_168.pdb	11.798	18.318	0	12.911
swarm_36_138.pdb	12.376	23.198	0	12.861
swarm_13_78.pdb	13.135	34.214	0	12.777
swarm_18_126.pdb	8.501	20.524	0	12.755
swarm_36_173.pdb	11.132	25.289	0	12.726
swarm_24_85.pdb	12.320	22.055	0	12.670
swarm_19_92.pdb	11.935	21.553	0	12.667
swarm_12_150.pdb	11.566	19.725	0	12.648
swarm_22_129.pdb	11.217	24.389	0	12.422
swarm_41_149.pdb	9.125	15.268	0	12.379
swarm_5_179.pdb	12.661	20.398	0.1	12.292
swarm_13_159.pdb	11.973	25.758	0	12.100
swarm_0_182.pdb	10.702	16.867	0	12.052
swarm_31_172.pdb	11.141	18.363	0	12.015
swarm_37_197.pdb	11.775	24.178	0	11.931
swarm_37_119.pdb	8.920	22.595	0.166667	11.920
swarm_33_77.pdb	10.848	16.772	0	11.835
swarm_36_46.pdb	12.512	25.891	0	11.819
swarm_38_140.pdb	11.406	20.951	0.0333333	11.803
swarm_42_79.pdb	14.217	29.333	0	11.457
swarm_15_111.pdb	13.467	27.599	0	11.352
swarm_46_35.pdb	10.629	19.385	0	11.328
swarm_27_153.pdb	12.006	25.787	0	11.311
swarm_24_188.pdb	12.283	21.761	0	11.184
swarm_21_86.pdb	8.694	17.971	0.166667	11.064
swarm_16_185.pdb	12.197	19.034	0	11.058
swarm_14_0.pdb	14.151	32.061	0	10.996
swarm_3_143.pdb	6.971	16.982	0.233333	10.962
swarm_22_167.pdb	11.649	32.359	0	10.959
swarm_0_122.pdb	9.958	18.571	0	10.867
swarm_34_93.pdb	14.187	30.524	0	10.800
swarm_33_5.pdb	12.238	18.152	0	10.674
swarm_29_157.pdb	11.524	20.929	0	10.658
swarm_36_104.pdb	9.736	18.866	0	10.380
swarm_2_37.pdb	11.882	24.624	0	10.306
swarm_12_80.pdb	12.338	18.531	0.2	10.086
swarm_20_171.pdb	11.768	19.922	0	10.018
swarm_4_117.pdb	11.951	25.244	0	9.965
swarm_21_186.pdb	12.322	19.622	0	9.806
swarm_43_21.pdb	9.432	20.477	0	9.476
swarm_13_138.pdb	11.385	24.832	0	9.349
swarm_21_11.pdb	12.160	20.621	0.0666667	9.070
swarm_33_80.pdb	12.421	27.224	0	8.994
swarm_21_140.pdb	10.522	20.400	0	8.494
swarm_36_124.pdb	10.279	17.934	0	8.481
swarm_43_135.pdb	12.837	26.642	0	8.167
swarm_26_89.pdb	10.762	19.634	0	8.077
swarm_39_102.pdb	11.538	21.593	0	8.066
swarm_28_131.pdb	11.597	20.877	0	7.581
swarm_9_111.pdb	4.864	17.019	0.133333	7.244
swarm_42_31.pdb	9.568	19.551	0.0333333	7.018
swarm_46_128.pdb	10.510	26.543	0.0666667	6.988
swarm_26_101.pdb	13.844	27.021	0	6.922
swarm_40_149.pdb	11.156	19.474	0	6.727
swarm_42_65.pdb	13.036	30.134	0.0333333	6.451
swarm_9_3.pdb	10.449	18.013	0	5.904
swarm_0_186.pdb	9.932	18.354	0	5.727
swarm_11_86.pdb	5.902	19.577	0	5.665
swarm_34_77.pdb	12.906	30.568	0	4.566
swarm_0_17.pdb	10.525	18.216	0	3.831
swarm_8_3.pdb	12.094	34.616	0	3.246
swarm_18_171.pdb	9.156	27.947	0	2.529
swarm_21_176.pdb	10.877	19.835	0	2.178
