swarm_25_167.pdb	7.944	25.339	0	36.672
swarm_12_90.pdb	9.061	29.227	0	36.009
swarm_13_29.pdb	7.884	26.127	0	35.520
swarm_2_121.pdb	9.260	29.354	0	34.767
swarm_10_11.pdb	2.987	11.178	0.566667	34.704
swarm_13_3.pdb	6.560	27.660	0.0333333	34.454
swarm_47_49.pdb	5.865	14.557	0.0666667	34.283
swarm_11_117.pdb	8.571	27.919	0	34.014
swarm_22_57.pdb	9.440	29.896	0	33.882
swarm_42_41.pdb	12.775	39.606	0	33.716
swarm_14_183.pdb	8.542	27.279	0	33.592
swarm_30_108.pdb	9.951	20.081	0	33.570
swarm_9_16.pdb	3.005	11.592	0.566667	33.330
swarm_21_15.pdb	9.796	31.831	0	33.149
swarm_0_121.pdb	2.637	10.649	0.533333	32.463
swarm_35_170.pdb	7.842	19.308	0	32.331
swarm_14_123.pdb	7.725	19.395	0	32.251
swarm_3_84.pdb	6.692	28.228	0.0333333	31.997
swarm_48_42.pdb	6.770	28.443	0.0666667	31.931
swarm_8_194.pdb	6.801	29.128	0.0333333	31.777
swarm_34_142.pdb	8.108	26.897	0	31.714
swarm_31_180.pdb	2.802	10.989	0.6	31.711
swarm_41_94.pdb	8.581	24.726	0	31.499
swarm_36_88.pdb	8.173	27.161	0	31.341
swarm_36_40.pdb	6.438	15.987	0	31.283
swarm_35_141.pdb	5.863	16.016	0	31.116
swarm_36_139.pdb	5.154	13.306	0.166667	30.996
swarm_13_150.pdb	8.258	24.721	0	30.886
swarm_14_138.pdb	6.552	26.015	0.0333333	30.647
swarm_23_95.pdb	8.873	30.750	0	30.441
swarm_42_15.pdb	9.750	31.244	0	30.279
swarm_6_40.pdb	3.955	12.747	0.333333	30.185
swarm_18_55.pdb	9.516	28.150	0	30.136
swarm_23_152.pdb	9.013	28.340	0	29.812
swarm_28_103.pdb	8.504	23.397	0	29.354
swarm_8_153.pdb	5.419	16.020	0	29.190
swarm_4_35.pdb	4.087	14.670	0.3	28.936
swarm_31_137.pdb	7.115	18.402	0	28.727
swarm_11_192.pdb	6.382	26.753	0.1	28.708
swarm_2_35.pdb	5.053	11.449	0.0666667	28.573
swarm_29_194.pdb	9.374	29.152	0	28.553
swarm_33_5.pdb	8.756	26.932	0	28.551
swarm_38_100.pdb	5.151	14.100	0	28.501
swarm_34_5.pdb	8.249	23.605	0	28.425
swarm_16_102.pdb	8.955	26.209	0	28.303
swarm_32_107.pdb	5.110	13.824	0	28.247
swarm_10_139.pdb	6.177	15.295	0	28.182
swarm_11_196.pdb	8.556	24.646	0	27.954
swarm_8_160.pdb	9.694	20.308	0	27.645
swarm_2_158.pdb	8.717	27.124	0	27.630
swarm_23_152.pdb	8.075	24.809	0	27.543
swarm_23_164.pdb	7.016	15.797	0	27.420
swarm_39_53.pdb	8.522	25.169	0	27.394
swarm_40_45.pdb	7.872	18.901	0	27.191
swarm_8_170.pdb	7.290	23.175	0	26.729
swarm_6_123.pdb	7.038	17.926	0	26.721
swarm_1_141.pdb	11.991	35.137	0	26.692
swarm_15_115.pdb	4.080	10.094	0.3	26.667
swarm_25_182.pdb	7.947	29.374	0	26.612
swarm_27_195.pdb	12.138	36.305	0	26.576
swarm_4_154.pdb	7.501	28.623	0	26.425
swarm_3_73.pdb	8.558	25.502	0	26.307
swarm_9_32.pdb	6.914	16.427	0	26.264
swarm_7_140.pdb	7.936	19.692	0	26.130
swarm_1_92.pdb	6.729	25.624	0	26.074
swarm_30_59.pdb	5.950	18.307	0	26.065
swarm_35_112.pdb	8.059	23.947	0	26.035
swarm_37_123.pdb	6.545	17.126	0.0333333	26.030
swarm_11_64.pdb	6.933	16.239	0	26.028
swarm_14_146.pdb	10.203	30.793	0	26.019
swarm_33_26.pdb	11.040	38.865	0	25.992
swarm_30_93.pdb	4.391	10.433	0.166667	25.926
swarm_31_141.pdb	14.334	38.711	0	25.906
swarm_46_45.pdb	8.409	23.774	0	25.902
swarm_3_165.pdb	8.693	26.568	0	25.858
swarm_13_50.pdb	10.264	33.078	0	25.846
swarm_22_44.pdb	7.117	29.462	0.0333333	25.827
swarm_19_10.pdb	7.971	18.493	0	25.696
swarm_32_164.pdb	9.225	17.188	0	25.630
swarm_38_87.pdb	8.444	26.190	0	25.522
swarm_46_30.pdb	14.162	38.883	0	25.515
swarm_6_137.pdb	5.316	11.159	0.0333333	25.466
swarm_18_132.pdb	10.933	34.314	0	25.427
swarm_12_27.pdb	9.738	36.383	0	25.333
swarm_32_59.pdb	7.867	20.658	0	25.210
swarm_48_92.pdb	8.676	28.027	0	25.164
swarm_8_191.pdb	7.439	17.733	0	25.071
swarm_39_34.pdb	7.970	25.806	0	25.062
swarm_12_18.pdb	14.617	39.713	0	25.024
swarm_39_153.pdb	6.674	15.982	0	25.023
swarm_5_86.pdb	8.019	25.557	0	24.999
swarm_36_167.pdb	7.669	20.317	0	24.842
swarm_16_175.pdb	7.046	15.873	0	24.762
swarm_42_100.pdb	8.133	29.396	0	24.702
swarm_34_10.pdb	4.507	9.903	0.0666667	24.659
swarm_35_9.pdb	8.489	21.444	0	24.654
swarm_5_188.pdb	12.253	37.004	0	24.623
swarm_1_191.pdb	7.204	27.095	0	24.609
swarm_5_115.pdb	8.142	21.474	0	24.553
swarm_6_39.pdb	7.636	20.803	0.0333333	24.492
swarm_8_144.pdb	8.038	24.565	0	24.424
swarm_29_198.pdb	9.786	30.916	0	24.221
swarm_2_73.pdb	10.974	32.863	0	24.124
swarm_44_115.pdb	11.380	40.449	0	24.110
swarm_45_175.pdb	8.580	17.191	0	24.073
swarm_47_138.pdb	8.003	15.862	0	24.031
swarm_41_84.pdb	12.057	31.764	0	23.974
swarm_47_155.pdb	7.104	19.578	0	23.955
swarm_10_59.pdb	9.167	24.468	0	23.944
swarm_46_149.pdb	14.385	38.900	0	23.887
swarm_33_109.pdb	10.382	21.298	0	23.783
swarm_14_130.pdb	8.716	28.771	0	23.760
swarm_14_65.pdb	10.686	32.858	0	23.685
swarm_30_189.pdb	4.853	12.140	0.233333	23.652
swarm_44_41.pdb	8.553	22.757	0	23.598
swarm_41_116.pdb	13.761	37.066	0	23.592
swarm_29_122.pdb	11.783	31.701	0	23.584
swarm_8_131.pdb	9.052	32.985	0	23.579
swarm_34_7.pdb	5.346	12.046	0.0666667	23.517
swarm_25_153.pdb	8.599	22.737	0	23.515
swarm_24_133.pdb	14.160	37.840	0	23.461
swarm_0_160.pdb	8.752	25.900	0	23.426
swarm_33_154.pdb	4.529	12.697	0.1	23.414
swarm_37_199.pdb	7.643	20.057	0	23.383
swarm_18_45.pdb	8.704	26.108	0	23.381
swarm_45_158.pdb	11.359	30.045	0	23.352
swarm_21_19.pdb	6.964	25.693	0	23.225
swarm_17_92.pdb	8.260	26.449	0	23.166
swarm_9_180.pdb	5.585	18.161	0.133333	23.154
swarm_38_96.pdb	11.164	35.779	0	22.945
swarm_0_25.pdb	14.580	39.422	0	22.847
swarm_7_167.pdb	7.170	15.023	0	22.841
swarm_43_110.pdb	8.585	25.720	0	22.791
swarm_44_191.pdb	10.117	21.307	0	22.728
swarm_17_178.pdb	7.547	20.515	0	22.690
swarm_36_98.pdb	11.205	28.270	0	22.673
swarm_27_10.pdb	8.757	23.682	0	22.613
swarm_10_38.pdb	8.448	29.358	0	22.596
swarm_13_168.pdb	14.329	38.827	0	22.589
swarm_23_194.pdb	8.382	20.155	0	22.532
swarm_14_161.pdb	6.774	24.360	0	22.522
swarm_10_30.pdb	9.291	20.837	0	22.512
swarm_13_192.pdb	9.469	22.795	0	22.503
swarm_45_119.pdb	8.891	30.256	0	22.404
swarm_45_143.pdb	10.685	35.283	0	22.255
swarm_43_131.pdb	14.538	38.523	0	22.231
swarm_1_41.pdb	9.235	27.177	0	22.133
swarm_3_191.pdb	12.711	42.254	0	22.009
swarm_19_141.pdb	5.245	13.858	0.166667	21.987
swarm_33_13.pdb	8.570	23.528	0	21.951
swarm_35_35.pdb	6.277	17.401	0	21.926
swarm_0_6.pdb	4.152	14.169	0.1	21.828
swarm_35_56.pdb	9.634	30.361	0	21.792
swarm_1_169.pdb	10.387	30.521	0	21.597
swarm_44_129.pdb	8.246	17.330	0	21.594
swarm_11_92.pdb	7.632	17.439	0	21.582
swarm_33_35.pdb	14.002	38.992	0	21.524
swarm_35_128.pdb	10.504	30.861	0	21.480
swarm_34_32.pdb	6.728	21.303	0	21.285
swarm_1_121.pdb	14.478	38.464	0	21.201
swarm_25_67.pdb	9.783	28.852	0	21.131
swarm_37_52.pdb	11.017	27.914	0	21.096
swarm_2_186.pdb	9.082	28.107	0	21.055
swarm_6_74.pdb	8.683	15.081	0	20.929
swarm_30_24.pdb	4.350	12.807	0.1	20.915
swarm_33_173.pdb	14.695	39.689	0	20.879
swarm_44_28.pdb	12.244	27.442	0	20.877
swarm_32_110.pdb	14.004	38.484	0	20.866
swarm_19_146.pdb	3.451	7.513	0.333333	20.857
swarm_15_38.pdb	4.637	11.994	0.133333	20.856
swarm_8_140.pdb	6.885	13.766	0.0333333	20.741
swarm_8_178.pdb	8.676	23.755	0	20.684
swarm_13_197.pdb	10.844	33.870	0	20.663
swarm_0_144.pdb	7.636	17.168	0	20.655
swarm_18_61.pdb	10.476	29.040	0	20.653
swarm_43_173.pdb	10.793	37.219	0	20.504
swarm_13_167.pdb	11.586	35.113	0	20.371
swarm_10_164.pdb	8.247	27.526	0.0333333	20.326
swarm_4_128.pdb	4.941	14.761	0.166667	20.228
swarm_2_75.pdb	11.966	31.031	0	20.186
swarm_6_156.pdb	7.832	20.626	0	20.142
swarm_4_18.pdb	7.787	22.471	0	20.141
swarm_17_55.pdb	11.061	25.500	0	20.133
swarm_43_32.pdb	7.426	25.852	0	20.089
swarm_41_7.pdb	7.485	23.249	0	20.089
swarm_10_7.pdb	9.766	18.742	0	20.065
swarm_34_81.pdb	7.450	13.052	0	19.950
swarm_37_134.pdb	8.008	26.159	0	19.927
swarm_17_56.pdb	11.446	38.369	0	19.738
swarm_29_131.pdb	13.500	37.528	0	19.732
swarm_7_7.pdb	8.261	18.526	0	19.652
swarm_37_172.pdb	7.202	18.756	0	19.634
swarm_32_51.pdb	13.485	42.762	0	19.609
swarm_0_181.pdb	10.829	33.198	0	19.562
swarm_44_188.pdb	6.361	15.707	0	19.536
swarm_37_32.pdb	6.543	18.958	0	19.182
swarm_23_38.pdb	11.745	29.405	0	19.142
swarm_25_119.pdb	7.184	22.129	0	19.036
swarm_20_192.pdb	5.448	8.645	0.0333333	19.008
swarm_31_112.pdb	12.439	42.165	0	18.907
swarm_10_167.pdb	11.876	38.136	0	18.888
swarm_18_145.pdb	13.842	36.401	0	18.825
swarm_24_111.pdb	9.150	27.534	0	18.711
swarm_37_164.pdb	4.509	16.748	0.0333333	18.644
swarm_37_157.pdb	13.014	32.465	0	18.559
swarm_28_86.pdb	7.992	26.999	0.0333333	18.438
swarm_8_147.pdb	3.044	7.712	0.566667	18.425
swarm_35_178.pdb	8.297	29.317	0	18.352
swarm_3_120.pdb	7.500	22.698	0	18.276
swarm_22_87.pdb	6.359	24.213	0	18.251
swarm_26_4.pdb	6.649	20.040	0.0333333	18.181
swarm_43_132.pdb	11.094	30.225	0	18.168
swarm_10_130.pdb	12.841	32.641	0	18.161
swarm_42_153.pdb	7.613	26.013	0	18.146
swarm_47_118.pdb	12.516	31.918	0	17.908
swarm_10_173.pdb	5.229	7.905	0.0333333	17.776
swarm_37_175.pdb	10.674	25.896	0	17.689
swarm_22_155.pdb	5.374	9.438	0.0666667	17.501
swarm_4_177.pdb	7.747	26.979	0	17.464
swarm_26_132.pdb	6.274	21.625	0.0666667	17.442
swarm_46_128.pdb	12.143	33.659	0	17.336
swarm_43_171.pdb	14.199	44.145	0	17.269
swarm_41_103.pdb	7.286	18.918	0	17.259
swarm_43_163.pdb	7.971	24.515	0.0666667	17.175
swarm_7_2.pdb	8.749	24.604	0	17.173
swarm_41_20.pdb	6.924	23.647	0	17.151
swarm_26_147.pdb	7.346	22.460	0	17.149
swarm_43_122.pdb	9.243	22.693	0	17.147
swarm_46_3.pdb	11.625	32.717	0	17.044
swarm_27_105.pdb	5.270	8.309	0.0333333	16.875
swarm_36_135.pdb	4.945	14.056	0.0666667	16.778
swarm_36_83.pdb	7.191	11.930	0	16.735
swarm_18_75.pdb	8.933	28.750	0	16.734
swarm_25_163.pdb	6.353	18.111	0.0666667	16.626
swarm_36_38.pdb	8.898	23.292	0	16.578
swarm_36_129.pdb	7.913	13.463	0.0333333	16.543
swarm_20_183.pdb	6.997	18.837	0.0666667	16.476
swarm_8_74.pdb	8.760	30.812	0	16.432
swarm_24_113.pdb	10.759	25.605	0	16.429
swarm_11_140.pdb	12.098	37.911	0	16.412
swarm_41_190.pdb	12.191	37.033	0	16.392
swarm_9_157.pdb	8.032	13.472	0	16.385
swarm_45_138.pdb	12.565	26.514	0	16.367
swarm_33_37.pdb	15.820	45.823	0	16.356
swarm_4_178.pdb	9.357	21.197	0	16.318
swarm_17_36.pdb	7.274	19.672	0.0666667	16.261
swarm_45_118.pdb	12.825	37.376	0	16.192
swarm_40_41.pdb	7.445	21.812	0	16.162
swarm_29_41.pdb	9.812	30.843	0	16.145
swarm_13_34.pdb	13.691	38.074	0	16.101
swarm_36_158.pdb	6.277	16.563	0.0666667	16.069
swarm_10_70.pdb	9.173	15.748	0	16.012
swarm_5_160.pdb	13.992	39.765	0	15.965
swarm_28_162.pdb	10.895	26.277	0	15.955
swarm_23_8.pdb	10.380	23.220	0	15.932
swarm_25_131.pdb	9.394	24.516	0	15.824
swarm_41_144.pdb	5.274	11.139	0.1	15.779
swarm_30_144.pdb	9.431	30.367	0	15.681
swarm_24_68.pdb	8.286	22.098	0	15.636
swarm_39_37.pdb	7.147	21.192	0	15.471
swarm_21_178.pdb	5.719	24.099	0.166667	15.454
swarm_18_190.pdb	12.440	33.684	0	15.375
swarm_30_131.pdb	7.120	10.954	0	15.364
swarm_24_30.pdb	8.450	17.449	0	15.351
swarm_34_35.pdb	6.976	22.052	0	15.242
swarm_6_19.pdb	8.298	12.568	0	15.168
swarm_27_66.pdb	7.681	22.396	0	15.133
swarm_5_21.pdb	11.985	38.554	0	15.102
swarm_38_52.pdb	4.677	7.430	0.0666667	15.084
swarm_29_170.pdb	8.763	21.976	0	15.075
swarm_35_27.pdb	5.785	13.948	0.0333333	14.940
swarm_26_136.pdb	8.325	23.428	0.1	14.806
swarm_26_43.pdb	7.383	21.526	0.0333333	14.651
swarm_46_151.pdb	6.088	21.331	0.0666667	14.546
swarm_20_91.pdb	7.271	13.775	0	14.491
swarm_38_113.pdb	14.203	40.852	0	14.463
swarm_31_38.pdb	6.324	21.061	0.0666667	14.453
swarm_38_163.pdb	7.254	18.705	0.133333	14.442
swarm_10_80.pdb	8.328	15.315	0	14.277
swarm_15_193.pdb	7.372	11.585	0	14.157
swarm_37_2.pdb	12.889	27.725	0	14.073
swarm_41_106.pdb	7.276	18.488	0	14.067
swarm_24_56.pdb	3.789	13.469	0.366667	14.020
swarm_16_194.pdb	6.929	14.583	0	14.015
swarm_35_116.pdb	8.381	13.875	0	13.860
swarm_7_98.pdb	7.219	20.533	0	13.654
swarm_40_145.pdb	10.272	31.783	0	13.649
swarm_30_61.pdb	7.166	12.456	0	13.426
swarm_10_132.pdb	14.050	38.458	0	13.363
swarm_43_174.pdb	9.018	21.898	0	13.302
swarm_27_112.pdb	8.992	19.500	0	13.289
swarm_45_183.pdb	8.530	20.540	0	12.996
swarm_40_154.pdb	6.060	14.407	0	12.901
swarm_40_18.pdb	7.898	18.901	0	12.537
swarm_39_127.pdb	4.024	12.044	0.366667	12.146
swarm_23_187.pdb	7.704	13.567	0	11.996
swarm_36_116.pdb	8.320	31.821	0	11.170
swarm_14_17.pdb	9.566	21.749	0	9.638
swarm_10_86.pdb	5.838	12.301	0.0666667	9.617
swarm_28_99.pdb	7.964	24.503	0	9.444
swarm_42_195.pdb	10.887	37.722	0	9.285
swarm_37_142.pdb	7.390	13.079	0	9.242
swarm_38_60.pdb	12.648	31.911	0	9.170
swarm_42_34.pdb	7.147	12.736	0.0333333	9.123
swarm_47_51.pdb	6.953	18.206	0	9.069
swarm_3_29.pdb	10.256	22.572	0	8.903
swarm_21_129.pdb	8.494	25.140	0	8.499
swarm_19_23.pdb	8.176	14.332	0	8.320
swarm_17_140.pdb	12.830	32.368	0	8.287
swarm_18_67.pdb	13.066	33.341	0	8.182
swarm_47_113.pdb	5.616	16.939	0.0333333	7.997
swarm_4_82.pdb	9.091	26.167	0	3.810
swarm_25_198.pdb	13.165	35.188	0	0.334
