swarm_48_42.pdb	6.770	28.443	0.0666667	31.931
swarm_33_5.pdb	8.756	26.932	0	28.551
swarm_38_100.pdb	5.151	14.100	0	28.501
swarm_32_107.pdb	5.110	13.824	0	28.247
swarm_4_154.pdb	7.501	28.623	0	26.425
swarm_8_191.pdb	7.439	17.733	0	25.071
swarm_39_153.pdb	6.674	15.982	0	25.023
swarm_1_191.pdb	7.204	27.095	0	24.609
swarm_27_10.pdb	8.757	23.682	0	22.613
swarm_10_38.pdb	8.448	29.358	0	22.596
swarm_45_119.pdb	8.891	30.256	0	22.404
swarm_0_6.pdb	4.152	14.169	0.1	21.828
swarm_8_140.pdb	6.885	13.766	0.0333333	20.741
swarm_10_164.pdb	8.247	27.526	0.0333333	20.326
swarm_7_7.pdb	8.261	18.526	0	19.652
swarm_37_164.pdb	4.509	16.748	0.0333333	18.644
swarm_8_147.pdb	3.044	7.712	0.566667	18.425
swarm_24_113.pdb	10.759	25.605	0	16.429
swarm_30_144.pdb	9.431	30.367	0	15.681
swarm_21_178.pdb	5.719	24.099	0.166667	15.454
swarm_24_30.pdb	8.450	17.449	0	15.351
swarm_29_170.pdb	8.763	21.976	0	15.075
swarm_26_136.pdb	8.325	23.428	0.1	14.806
swarm_40_145.pdb	10.272	31.783	0	13.649
swarm_39_127.pdb	4.024	12.044	0.366667	12.146
swarm_42_34.pdb	7.147	12.736	0.0333333	9.123
