swarm_13_34.pdb	1.826	6.751	0.766667	41.267
swarm_17_25.pdb	5.670	21.925	0.266667	39.958
swarm_3_33.pdb	1.614	4.404	0.766667	39.272
swarm_18_9.pdb	5.257	20.830	0.3	36.147
swarm_4_158.pdb	5.149	19.867	0.3	33.801
swarm_15_47.pdb	1.496	4.063	0.7	32.422
swarm_21_122.pdb	9.496	30.005	0	31.612
swarm_23_113.pdb	4.691	15.744	0.233333	31.313
swarm_0_127.pdb	5.027	19.253	0.266667	30.843
swarm_14_188.pdb	6.320	21.017	0.2	30.620
swarm_19_119.pdb	4.644	18.532	0.3	30.474
swarm_1_90.pdb	5.050	20.197	0.433333	29.291
swarm_22_82.pdb	2.762	8.947	0.433333	28.602
swarm_8_173.pdb	6.170	24.308	0.0666667	28.354
swarm_21_29.pdb	9.159	28.171	0	28.086
swarm_1_55.pdb	6.736	22.518	0.0666667	27.725
swarm_4_99.pdb	3.192	10.029	0.533333	27.723
swarm_13_120.pdb	4.271	14.524	0.233333	27.379
swarm_22_110.pdb	2.449	6.498	0.666667	26.975
swarm_9_15.pdb	6.930	22.294	0.0333333	26.027
swarm_19_147.pdb	6.959	21.885	0.0333333	25.841
swarm_18_53.pdb	6.110	23.825	0.0333333	25.608
swarm_24_72.pdb	10.030	30.227	0	25.592
swarm_7_4.pdb	6.294	19.360	0.0666667	25.582
swarm_5_49.pdb	7.213	23.776	0.0333333	25.550
swarm_18_36.pdb	8.756	30.731	0	25.422
swarm_8_97.pdb	5.293	18.789	0.333333	25.209
swarm_21_129.pdb	6.541	25.150	0	24.454
swarm_12_30.pdb	8.214	24.568	0	24.400
swarm_8_167.pdb	8.702	29.551	0	24.397
swarm_10_100.pdb	1.397	4.204	0.666667	24.329
swarm_16_123.pdb	9.597	27.584	0	24.189
swarm_2_107.pdb	3.779	11.951	0.3	24.143
swarm_16_64.pdb	4.463	17.422	0.433333	23.906
swarm_10_165.pdb	6.011	19.824	0.0666667	23.385
swarm_20_118.pdb	8.368	24.170	0	23.324
swarm_24_142.pdb	7.966	23.678	0.1	23.239
swarm_6_151.pdb	3.602	11.503	0.233333	23.118
swarm_2_4.pdb	3.232	5.932	0.3	23.071
swarm_22_191.pdb	4.783	7.640	0.0666667	23.035
swarm_14_111.pdb	10.214	28.942	0	22.918
swarm_18_86.pdb	9.358	31.469	0	22.883
swarm_4_183.pdb	4.304	16.554	0.366667	22.562
swarm_12_130.pdb	9.446	29.181	0	22.450
swarm_23_81.pdb	8.996	26.675	0	22.444
swarm_11_43.pdb	7.944	28.228	0	22.408
swarm_17_101.pdb	3.764	12.677	0.366667	22.311
swarm_12_11.pdb	6.079	19.031	0.166667	22.254
swarm_3_35.pdb	6.195	16.362	0.1	22.131
swarm_7_96.pdb	4.083	11.739	0.233333	21.840
swarm_13_100.pdb	4.696	7.639	0.133333	21.617
swarm_20_31.pdb	9.332	29.659	0	21.503
swarm_15_119.pdb	3.947	6.892	0.166667	20.960
swarm_14_149.pdb	6.343	20.388	0.0333333	20.813
swarm_11_142.pdb	6.899	24.697	0.0333333	20.300
swarm_19_1.pdb	7.530	26.834	0	19.987
swarm_6_18.pdb	6.093	19.927	0.0666667	19.974
swarm_19_73.pdb	4.305	15.215	0.2	19.832
swarm_15_49.pdb	4.898	14.913	0.2	19.399
swarm_24_41.pdb	5.503	17.018	0.0666667	19.210
swarm_3_184.pdb	7.195	18.728	0.0666667	19.194
swarm_22_0.pdb	4.117	12.152	0.233333	19.154
swarm_17_110.pdb	6.782	22.446	0	19.072
swarm_16_155.pdb	8.100	28.136	0	18.859
swarm_9_135.pdb	5.886	19.901	0.2	18.586
swarm_1_199.pdb	6.770	21.650	0	18.482
swarm_0_30.pdb	5.465	20.008	0.266667	18.480
swarm_12_102.pdb	5.762	20.555	0.2	18.343
swarm_4_189.pdb	7.159	17.476	0.0333333	18.307
swarm_20_25.pdb	6.468	21.781	0.133333	18.163
swarm_23_109.pdb	8.650	24.512	0	18.101
swarm_6_73.pdb	8.102	20.852	0.133333	17.893
swarm_1_124.pdb	6.605	24.039	0.0333333	17.534
swarm_19_143.pdb	7.060	16.189	0.0333333	17.389
swarm_8_80.pdb	6.671	21.942	0	17.326
swarm_11_56.pdb	5.978	18.759	0.0333333	16.232
swarm_5_111.pdb	9.810	27.983	0.0333333	16.194
swarm_7_131.pdb	5.968	17.770	0.333333	16.112
swarm_21_15.pdb	8.308	25.644	0	15.919
swarm_5_174.pdb	6.858	18.513	0.133333	15.066
swarm_9_70.pdb	5.708	13.034	0	14.846
swarm_10_30.pdb	4.463	12.451	0.133333	14.663
swarm_2_26.pdb	4.468	14.569	0.1	14.070
swarm_18_192.pdb	5.319	19.215	0.133333	13.637
swarm_17_85.pdb	5.592	18.283	0.2	13.354
swarm_21_85.pdb	6.884	22.172	0	13.129
swarm_10_124.pdb	4.961	12.538	0.3	12.956
swarm_3_40.pdb	9.507	18.181	0	11.632
swarm_17_170.pdb	10.133	22.047	0	11.009
swarm_9_162.pdb	7.205	23.961	0.0333333	6.377
swarm_8_1.pdb	7.499	23.425	0.0333333	1.985
