swarm_5_197.pdb	4.721	12.999	0.2	49.411
swarm_35_55.pdb	4.980	13.997	0.0333333	48.385
swarm_22_144.pdb	5.327	14.490	0.0333333	43.843
swarm_0_175.pdb	4.992	13.246	0.0666667	42.840
swarm_3_26.pdb	5.073	14.111	0.0333333	41.739
swarm_4_95.pdb	5.112	13.830	0.133333	40.883
swarm_22_196.pdb	2.064	8.795	0.666667	40.628
swarm_26_40.pdb	2.065	8.267	0.666667	40.149
swarm_26_78.pdb	5.057	13.765	0.2	38.237
swarm_41_59.pdb	5.321	14.508	0.2	37.383
swarm_29_187.pdb	6.600	18.448	0	36.423
swarm_1_145.pdb	2.367	8.504	0.566667	34.056
swarm_41_191.pdb	1.738	5.951	0.766667	33.506
swarm_25_56.pdb	1.418	4.698	0.733333	33.490
swarm_27_171.pdb	4.813	16.052	0.166667	33.466
swarm_7_131.pdb	2.575	9.187	0.6	33.329
swarm_27_61.pdb	8.837	24.974	0	32.375
swarm_4_57.pdb	1.609	4.914	0.733333	31.815
swarm_35_153.pdb	7.500	21.856	0	29.815
swarm_12_91.pdb	6.883	28.906	0.0666667	29.495
swarm_0_116.pdb	1.228	3.270	0.9	29.284
swarm_8_46.pdb	5.096	20.218	0.3	29.052
swarm_28_67.pdb	2.313	6.700	0.6	28.817
swarm_2_158.pdb	6.231	21.928	0.2	28.666
swarm_1_46.pdb	5.358	9.620	0.133333	28.621
swarm_19_47.pdb	2.150	7.566	0.533333	28.312
swarm_11_178.pdb	2.084	5.984	0.366667	27.925
swarm_13_83.pdb	1.348	3.239	0.633333	27.835
swarm_7_161.pdb	1.808	4.668	0.666667	27.727
swarm_4_52.pdb	4.275	13.409	0.3	27.280
swarm_30_92.pdb	3.419	11.433	0.433333	27.244
swarm_33_60.pdb	1.966	6.173	0.666667	26.736
swarm_28_113.pdb	4.330	11.569	0.233333	26.654
swarm_25_111.pdb	3.945	11.241	0.2	26.447
swarm_39_43.pdb	6.889	28.741	0.0333333	26.155
swarm_6_0.pdb	9.756	30.689	0	25.575
swarm_6_154.pdb	7.069	26.566	0.0666667	25.445
swarm_3_59.pdb	7.813	21.600	0.1	25.196
swarm_29_62.pdb	7.206	24.474	0	24.978
swarm_17_4.pdb	2.364	8.805	0.5	24.543
swarm_10_20.pdb	4.017	14.085	0.266667	24.511
swarm_23_65.pdb	4.423	17.312	0.3	24.429
swarm_15_5.pdb	7.736	23.653	0.0333333	24.377
swarm_16_158.pdb	3.539	12.191	0.366667	24.366
swarm_24_61.pdb	7.218	26.178	0.0333333	24.345
swarm_15_10.pdb	2.899	10.850	0.466667	24.241
swarm_8_92.pdb	7.245	23.130	0	24.182
swarm_40_196.pdb	9.633	27.113	0	24.118
swarm_0_107.pdb	6.767	20.316	0	23.958
swarm_22_120.pdb	8.651	27.351	0	23.864
swarm_12_147.pdb	8.471	26.938	0	23.655
swarm_12_28.pdb	9.506	26.667	0.0333333	23.425
swarm_29_164.pdb	8.286	28.787	0	23.328
swarm_40_6.pdb	4.062	15.216	0.3	23.273
swarm_23_83.pdb	5.998	24.880	0.0666667	23.233
swarm_23_58.pdb	7.246	21.837	0.0333333	23.014
swarm_42_129.pdb	3.931	11.990	0.266667	22.961
swarm_25_199.pdb	4.014	12.305	0.266667	22.880
swarm_36_191.pdb	5.990	24.645	0.0333333	22.731
swarm_14_149.pdb	7.009	22.886	0	22.679
swarm_31_171.pdb	5.164	17.447	0.233333	22.677
swarm_23_106.pdb	10.118	26.376	0	22.656
swarm_16_160.pdb	6.290	21.098	0.0666667	22.626
swarm_9_76.pdb	7.759	24.071	0.0666667	22.562
swarm_23_33.pdb	8.847	27.439	0	22.531
swarm_6_38.pdb	7.062	29.574	0	22.379
swarm_17_16.pdb	7.707	25.639	0.0333333	21.997
swarm_20_2.pdb	7.104	24.144	0.0666667	21.707
swarm_34_79.pdb	6.726	25.721	0.0333333	21.697
swarm_21_81.pdb	2.925	10.341	0.533333	21.647
swarm_37_109.pdb	4.002	12.736	0.266667	21.534
swarm_11_63.pdb	6.638	10.466	0	21.475
swarm_11_106.pdb	6.203	18.549	0.0333333	21.336
swarm_21_28.pdb	7.595	22.407	0.133333	21.168
swarm_13_0.pdb	6.725	10.977	0.0333333	21.135
swarm_37_135.pdb	7.882	20.029	0	20.933
swarm_33_13.pdb	2.941	8.194	0.633333	20.907
swarm_40_99.pdb	6.913	23.501	0	20.735
swarm_39_89.pdb	6.918	22.270	0	20.564
swarm_19_101.pdb	5.298	17.690	0.166667	20.488
swarm_36_28.pdb	4.254	15.556	0.5	20.254
swarm_19_110.pdb	6.061	20.005	0.1	20.155
swarm_40_65.pdb	7.379	21.971	0.1	20.083
swarm_2_37.pdb	8.130	23.432	0	20.003
swarm_2_195.pdb	9.934	27.315	0	19.799
swarm_20_9.pdb	6.459	22.581	0.133333	19.773
swarm_30_133.pdb	6.113	12.333	0.1	19.582
swarm_32_93.pdb	4.601	14.786	0.166667	19.093
swarm_31_173.pdb	7.616	23.186	0	19.077
swarm_33_196.pdb	5.478	8.842	0.1	18.865
swarm_10_13.pdb	4.353	16.602	0.3	18.832
swarm_34_85.pdb	8.674	29.534	0	18.761
swarm_34_77.pdb	6.501	20.835	0.0333333	18.653
swarm_18_113.pdb	6.700	23.441	0.0666667	18.528
swarm_28_98.pdb	5.420	21.527	0.0333333	18.504
swarm_13_66.pdb	3.888	11.676	0.266667	18.120
swarm_42_52.pdb	8.330	22.195	0.0333333	18.090
swarm_10_168.pdb	9.792	25.652	0	17.969
swarm_31_120.pdb	8.026	24.507	0.0333333	17.924
swarm_10_80.pdb	6.399	23.870	0.0333333	17.811
swarm_37_143.pdb	5.210	18.151	0.366667	17.786
swarm_12_89.pdb	3.822	14.554	0.433333	17.738
swarm_17_64.pdb	4.701	14.817	0.233333	17.724
swarm_9_141.pdb	5.392	18.453	0.166667	17.708
swarm_21_125.pdb	5.859	14.409	0.266667	17.604
swarm_33_0.pdb	5.413	15.521	0.0333333	17.229
swarm_12_34.pdb	6.875	23.898	0.1	17.195
swarm_24_186.pdb	8.173	28.521	0	17.106
swarm_39_58.pdb	4.890	18.806	0.233333	17.038
swarm_16_129.pdb	7.387	20.523	0.0666667	16.886
swarm_30_35.pdb	7.537	23.088	0	16.468
swarm_7_9.pdb	5.157	13.332	0.366667	16.321
swarm_20_122.pdb	4.276	13.162	0.266667	16.230
swarm_36_123.pdb	6.947	25.478	0.0666667	16.213
swarm_15_143.pdb	7.142	21.165	0.0666667	16.071
swarm_37_39.pdb	5.637	21.287	0	16.069
swarm_0_30.pdb	5.698	16.616	0.0666667	15.499
swarm_34_114.pdb	4.989	17.287	0.3	15.457
swarm_25_174.pdb	6.317	12.961	0.1	15.322
swarm_19_40.pdb	4.458	10.827	0.266667	15.235
swarm_36_107.pdb	6.813	21.222	0	15.050
swarm_1_13.pdb	3.002	7.030	0.333333	15.046
swarm_17_163.pdb	6.698	21.010	0.166667	14.796
swarm_36_24.pdb	7.028	25.126	0	14.701
swarm_42_68.pdb	8.382	25.340	0	14.577
swarm_41_62.pdb	5.503	10.323	0	14.571
swarm_13_63.pdb	6.442	15.363	0.2	13.939
swarm_33_82.pdb	4.202	8.913	0.166667	13.752
swarm_7_64.pdb	3.897	10.917	0.333333	13.530
swarm_20_161.pdb	7.138	21.356	0.1	13.306
swarm_33_17.pdb	4.706	11.046	0.166667	13.163
swarm_10_0.pdb	6.667	22.499	0.0666667	12.843
swarm_35_88.pdb	7.675	26.226	0	12.712
swarm_13_123.pdb	4.118	11.054	0.266667	12.558
swarm_35_131.pdb	5.404	14.607	0.466667	12.310
swarm_23_181.pdb	4.304	14.022	0.366667	12.146
swarm_11_124.pdb	5.880	13.859	0.133333	8.660
swarm_7_115.pdb	4.095	12.028	0.533333	3.643
