swarm_25_167.pdb	7.944	25.339	0	36.672
swarm_12_90.pdb	9.061	29.227	0	36.009
swarm_13_29.pdb	7.884	26.127	0	35.520
swarm_2_121.pdb	9.260	29.354	0	34.767
swarm_10_11.pdb	2.987	11.178	0.566667	34.704
swarm_13_3.pdb	6.560	27.660	0.0333333	34.454
swarm_11_117.pdb	8.571	27.919	0	34.014
swarm_22_57.pdb	9.440	29.896	0	33.882
swarm_42_41.pdb	12.775	39.606	0	33.716
swarm_14_183.pdb	8.542	27.279	0	33.592
swarm_9_16.pdb	3.005	11.592	0.566667	33.330
swarm_21_15.pdb	9.796	31.831	0	33.149
swarm_0_121.pdb	2.637	10.649	0.533333	32.463
swarm_3_84.pdb	6.692	28.228	0.0333333	31.997
swarm_8_194.pdb	6.801	29.128	0.0333333	31.777
swarm_34_142.pdb	8.108	26.897	0	31.714
swarm_31_180.pdb	2.802	10.989	0.6	31.711
swarm_41_94.pdb	8.581	24.726	0	31.499
swarm_36_88.pdb	8.173	27.161	0	31.341
swarm_13_150.pdb	8.258	24.721	0	30.886
swarm_14_138.pdb	6.552	26.015	0.0333333	30.647
swarm_23_95.pdb	8.873	30.750	0	30.441
swarm_42_15.pdb	9.750	31.244	0	30.279
swarm_6_40.pdb	3.955	12.747	0.333333	30.185
swarm_18_55.pdb	9.516	28.150	0	30.136
swarm_23_152.pdb	9.013	28.340	0	29.812
swarm_28_103.pdb	8.504	23.397	0	29.354
swarm_4_35.pdb	4.087	14.670	0.3	28.936
swarm_31_137.pdb	7.115	18.402	0	28.727
swarm_11_192.pdb	6.382	26.753	0.1	28.708
swarm_29_194.pdb	9.374	29.152	0	28.553
swarm_34_5.pdb	8.249	23.605	0	28.425
swarm_16_102.pdb	8.955	26.209	0	28.303
swarm_11_196.pdb	8.556	24.646	0	27.954
swarm_2_158.pdb	8.717	27.124	0	27.630
swarm_39_53.pdb	8.522	25.169	0	27.394
swarm_40_45.pdb	7.872	18.901	0	27.191
swarm_8_170.pdb	7.290	23.175	0	26.729
swarm_1_141.pdb	11.991	35.137	0	26.692
swarm_15_115.pdb	4.080	10.094	0.3	26.667
swarm_25_182.pdb	7.947	29.374	0	26.612
swarm_3_73.pdb	8.558	25.502	0	26.307
swarm_7_140.pdb	7.936	19.692	0	26.130
swarm_1_92.pdb	6.729	25.624	0	26.074
swarm_14_146.pdb	10.203	30.793	0	26.019
swarm_30_93.pdb	4.391	10.433	0.166667	25.926
swarm_13_50.pdb	10.264	33.078	0	25.846
swarm_22_44.pdb	7.117	29.462	0.0333333	25.827
swarm_19_10.pdb	7.971	18.493	0	25.696
swarm_32_164.pdb	9.225	17.188	0	25.630
swarm_12_27.pdb	9.738	36.383	0	25.333
swarm_32_59.pdb	7.867	20.658	0	25.210
swarm_39_34.pdb	7.970	25.806	0	25.062
swarm_5_86.pdb	8.019	25.557	0	24.999
swarm_36_167.pdb	7.669	20.317	0	24.842
swarm_16_175.pdb	7.046	15.873	0	24.762
swarm_42_100.pdb	8.133	29.396	0	24.702
swarm_35_9.pdb	8.489	21.444	0	24.654
swarm_5_115.pdb	8.142	21.474	0	24.553
swarm_6_39.pdb	7.636	20.803	0.0333333	24.492
swarm_29_198.pdb	9.786	30.916	0	24.221
swarm_45_175.pdb	8.580	17.191	0	24.073
swarm_33_109.pdb	10.382	21.298	0	23.783
swarm_30_189.pdb	4.853	12.140	0.233333	23.652
swarm_8_131.pdb	9.052	32.985	0	23.579
swarm_33_154.pdb	4.529	12.697	0.1	23.414
swarm_21_19.pdb	6.964	25.693	0	23.225
swarm_17_92.pdb	8.260	26.449	0	23.166
swarm_9_180.pdb	5.585	18.161	0.133333	23.154
swarm_7_167.pdb	7.170	15.023	0	22.841
swarm_43_110.pdb	8.585	25.720	0	22.791
swarm_44_191.pdb	10.117	21.307	0	22.728
swarm_17_178.pdb	7.547	20.515	0	22.690
swarm_36_98.pdb	11.205	28.270	0	22.673
swarm_14_161.pdb	6.774	24.360	0	22.522
swarm_13_192.pdb	9.469	22.795	0	22.503
swarm_19_141.pdb	5.245	13.858	0.166667	21.987
swarm_35_35.pdb	6.277	17.401	0	21.926
swarm_1_169.pdb	10.387	30.521	0	21.597
swarm_44_129.pdb	8.246	17.330	0	21.594
swarm_34_32.pdb	6.728	21.303	0	21.285
swarm_44_28.pdb	12.244	27.442	0	20.877
swarm_19_146.pdb	3.451	7.513	0.333333	20.857
swarm_15_38.pdb	4.637	11.994	0.133333	20.856
swarm_13_197.pdb	10.844	33.870	0	20.663
swarm_0_144.pdb	7.636	17.168	0	20.655
swarm_18_61.pdb	10.476	29.040	0	20.653
swarm_4_128.pdb	4.941	14.761	0.166667	20.228
swarm_2_75.pdb	11.966	31.031	0	20.186
swarm_17_55.pdb	11.061	25.500	0	20.133
swarm_43_32.pdb	7.426	25.852	0	20.089
swarm_41_7.pdb	7.485	23.249	0	20.089
swarm_29_131.pdb	13.500	37.528	0	19.732
swarm_37_172.pdb	7.202	18.756	0	19.634
swarm_44_188.pdb	6.361	15.707	0	19.536
swarm_37_32.pdb	6.543	18.958	0	19.182
swarm_23_38.pdb	11.745	29.405	0	19.142
swarm_25_119.pdb	7.184	22.129	0	19.036
swarm_20_192.pdb	5.448	8.645	0.0333333	19.008
swarm_28_86.pdb	7.992	26.999	0.0333333	18.438
swarm_3_120.pdb	7.500	22.698	0	18.276
swarm_22_87.pdb	6.359	24.213	0	18.251
swarm_43_132.pdb	11.094	30.225	0	18.168
swarm_42_153.pdb	7.613	26.013	0	18.146
swarm_10_173.pdb	5.229	7.905	0.0333333	17.776
swarm_37_175.pdb	10.674	25.896	0	17.689
swarm_41_103.pdb	7.286	18.918	0	17.259
swarm_43_163.pdb	7.971	24.515	0.0666667	17.175
swarm_7_2.pdb	8.749	24.604	0	17.173
swarm_41_20.pdb	6.924	23.647	0	17.151
swarm_26_147.pdb	7.346	22.460	0	17.149
swarm_43_122.pdb	9.243	22.693	0	17.147
swarm_27_105.pdb	5.270	8.309	0.0333333	16.875
swarm_36_135.pdb	4.945	14.056	0.0666667	16.778
swarm_25_163.pdb	6.353	18.111	0.0666667	16.626
swarm_45_138.pdb	12.565	26.514	0	16.367
swarm_4_178.pdb	9.357	21.197	0	16.318
swarm_40_41.pdb	7.445	21.812	0	16.162
swarm_10_70.pdb	9.173	15.748	0	16.012
swarm_24_68.pdb	8.286	22.098	0	15.636
swarm_39_37.pdb	7.147	21.192	0	15.471
swarm_30_131.pdb	7.120	10.954	0	15.364
swarm_34_35.pdb	6.976	22.052	0	15.242
swarm_27_66.pdb	7.681	22.396	0	15.133
swarm_38_52.pdb	4.677	7.430	0.0666667	15.084
swarm_35_27.pdb	5.785	13.948	0.0333333	14.940
swarm_26_43.pdb	7.383	21.526	0.0333333	14.651
swarm_20_91.pdb	7.271	13.775	0	14.491
swarm_38_163.pdb	7.254	18.705	0.133333	14.442
swarm_10_80.pdb	8.328	15.315	0	14.277
swarm_15_193.pdb	7.372	11.585	0	14.157
swarm_37_2.pdb	12.889	27.725	0	14.073
swarm_41_106.pdb	7.276	18.488	0	14.067
swarm_24_56.pdb	3.789	13.469	0.366667	14.020
swarm_16_194.pdb	6.929	14.583	0	14.015
swarm_35_116.pdb	8.381	13.875	0	13.860
swarm_7_98.pdb	7.219	20.533	0	13.654
swarm_30_61.pdb	7.166	12.456	0	13.426
swarm_43_174.pdb	9.018	21.898	0	13.302
swarm_27_112.pdb	8.992	19.500	0	13.289
swarm_45_183.pdb	8.530	20.540	0	12.996
swarm_40_154.pdb	6.060	14.407	0	12.901
swarm_40_18.pdb	7.898	18.901	0	12.537
swarm_36_116.pdb	8.320	31.821	0	11.170
swarm_14_17.pdb	9.566	21.749	0	9.638
swarm_3_29.pdb	10.256	22.572	0	8.903
swarm_19_23.pdb	8.176	14.332	0	8.320
