swarm_23_152.pdb	8.075	24.809	0	27.543
swarm_27_195.pdb	12.138	36.305	0	26.576
swarm_35_112.pdb	8.059	23.947	0	26.035
swarm_46_45.pdb	8.409	23.774	0	25.902
swarm_3_165.pdb	8.693	26.568	0	25.858
swarm_38_87.pdb	8.444	26.190	0	25.522
swarm_18_132.pdb	10.933	34.314	0	25.427
swarm_48_92.pdb	8.676	28.027	0	25.164
swarm_5_188.pdb	12.253	37.004	0	24.623
swarm_8_144.pdb	8.038	24.565	0	24.424
swarm_2_73.pdb	10.974	32.863	0	24.124
swarm_41_84.pdb	12.057	31.764	0	23.974
swarm_14_130.pdb	8.716	28.771	0	23.760
swarm_14_65.pdb	10.686	32.858	0	23.685
swarm_44_41.pdb	8.553	22.757	0	23.598
swarm_41_116.pdb	13.761	37.066	0	23.592
swarm_29_122.pdb	11.783	31.701	0	23.584
swarm_0_160.pdb	8.752	25.900	0	23.426
swarm_18_45.pdb	8.704	26.108	0	23.381
swarm_45_158.pdb	11.359	30.045	0	23.352
swarm_38_96.pdb	11.164	35.779	0	22.945
swarm_45_143.pdb	10.685	35.283	0	22.255
swarm_33_13.pdb	8.570	23.528	0	21.951
swarm_35_56.pdb	9.634	30.361	0	21.792
swarm_35_128.pdb	10.504	30.861	0	21.480
swarm_2_186.pdb	9.082	28.107	0	21.055
swarm_43_173.pdb	10.793	37.219	0	20.504
swarm_13_167.pdb	11.586	35.113	0	20.371
swarm_37_134.pdb	8.008	26.159	0	19.927
swarm_17_56.pdb	11.446	38.369	0	19.738
swarm_0_181.pdb	10.829	33.198	0	19.562
swarm_10_167.pdb	11.876	38.136	0	18.888
swarm_37_157.pdb	13.014	32.465	0	18.559
swarm_10_130.pdb	12.841	32.641	0	18.161
swarm_47_118.pdb	12.516	31.918	0	17.908
swarm_26_132.pdb	6.274	21.625	0.0666667	17.442
swarm_46_128.pdb	12.143	33.659	0	17.336
swarm_46_3.pdb	11.625	32.717	0	17.044
swarm_18_75.pdb	8.933	28.750	0	16.734
swarm_11_140.pdb	12.098	37.911	0	16.412
swarm_41_190.pdb	12.191	37.033	0	16.392
swarm_45_118.pdb	12.825	37.376	0	16.192
swarm_29_41.pdb	9.812	30.843	0	16.145
swarm_13_34.pdb	13.691	38.074	0	16.101
swarm_36_158.pdb	6.277	16.563	0.0666667	16.069
swarm_5_160.pdb	13.992	39.765	0	15.965
swarm_28_162.pdb	10.895	26.277	0	15.955
swarm_25_131.pdb	9.394	24.516	0	15.824
swarm_18_190.pdb	12.440	33.684	0	15.375
swarm_5_21.pdb	11.985	38.554	0	15.102
swarm_46_151.pdb	6.088	21.331	0.0666667	14.546
swarm_38_113.pdb	14.203	40.852	0	14.463
swarm_31_38.pdb	6.324	21.061	0.0666667	14.453
swarm_10_132.pdb	14.050	38.458	0	13.363
swarm_28_99.pdb	7.964	24.503	0	9.444
swarm_38_60.pdb	12.648	31.911	0	9.170
swarm_47_51.pdb	6.953	18.206	0	9.069
swarm_21_129.pdb	8.494	25.140	0	8.499
swarm_17_140.pdb	12.830	32.368	0	8.287
swarm_18_67.pdb	13.066	33.341	0	8.182
