swarm_49_68.pdb	16.100	37.027	0	38.345
swarm_5_141.pdb	15.030	42.982	0	38.044
swarm_39_188.pdb	12.992	38.549	0	36.561
swarm_49_169.pdb	14.223	39.601	0	35.511
swarm_39_160.pdb	15.873	35.399	0	35.359
swarm_2_194.pdb	14.331	43.420	0.0181818	34.939
swarm_46_169.pdb	16.660	42.734	0	34.773
swarm_32_126.pdb	10.671	34.730	0	33.221
swarm_5_51.pdb	17.314	46.987	0	33.165
swarm_39_33.pdb	18.219	39.185	0	32.644
swarm_3_53.pdb	17.076	36.555	0	32.542
swarm_46_62.pdb	17.251	39.666	0	32.067
swarm_4_41.pdb	15.673	43.267	0	31.833
swarm_5_47.pdb	18.010	45.957	0	31.809
swarm_23_122.pdb	15.286	38.881	0.0181818	31.807
swarm_5_19.pdb	17.208	37.446	0	30.588
swarm_3_178.pdb	17.136	43.219	0	30.500
swarm_49_176.pdb	13.902	39.070	0	30.182
swarm_1_8.pdb	15.314	40.705	0	30.129
swarm_49_185.pdb	15.819	41.120	0	30.011
swarm_34_71.pdb	16.961	38.184	0	29.669
swarm_10_63.pdb	17.886	37.691	0	29.619
swarm_3_106.pdb	17.680	41.057	0	29.565
swarm_1_177.pdb	13.468	34.370	0	29.473
swarm_31_183.pdb	11.150	34.806	0	29.376
swarm_38_70.pdb	10.637	33.304	0	29.315
swarm_40_171.pdb	13.233	22.685	0.0545455	28.943
swarm_37_37.pdb	12.002	31.340	0.0363636	28.927
swarm_29_138.pdb	10.140	31.908	0	28.731
swarm_31_78.pdb	13.066	36.691	0	28.701
swarm_1_171.pdb	16.588	40.063	0	28.460
swarm_23_118.pdb	13.165	42.371	0.0363636	28.441
swarm_1_187.pdb	15.585	43.339	0	28.431
swarm_2_182.pdb	11.447	31.794	0	28.294
swarm_28_28.pdb	10.785	20.984	0	28.169
swarm_8_149.pdb	16.422	30.755	0.0545455	28.164
swarm_10_87.pdb	10.398	30.633	0	28.120
swarm_23_24.pdb	15.205	36.091	0	28.049
swarm_25_182.pdb	13.870	23.541	0.0181818	28.045
swarm_34_82.pdb	14.589	40.363	0	28.001
swarm_22_119.pdb	12.408	37.538	0	27.844
swarm_10_8.pdb	12.056	19.268	0	27.695
swarm_3_138.pdb	10.563	21.822	0.109091	27.649
swarm_23_107.pdb	15.766	37.808	0	27.569
swarm_3_11.pdb	17.546	36.008	0	27.510
swarm_19_94.pdb	9.210	22.234	0.0727273	27.319
swarm_9_169.pdb	12.609	21.063	0	27.228
swarm_8_189.pdb	10.929	35.426	0.0727273	27.127
swarm_24_186.pdb	11.072	23.347	0.0363636	26.882
swarm_14_67.pdb	14.125	26.051	0.0909091	26.771
swarm_46_23.pdb	17.128	40.163	0	26.663
swarm_43_178.pdb	12.162	19.929	0	26.519
swarm_46_73.pdb	14.365	25.723	0.0181818	26.486
swarm_2_172.pdb	17.794	36.310	0	26.471
swarm_43_178.pdb	14.870	27.841	0.0545455	26.394
swarm_46_197.pdb	13.502	37.160	0.0363636	26.315
swarm_20_145.pdb	15.566	34.034	0	26.130
swarm_32_122.pdb	17.307	36.448	0	26.125
swarm_0_52.pdb	9.734	24.758	0	26.118
swarm_50_73.pdb	8.451	19.218	0	26.084
swarm_41_96.pdb	10.939	33.543	0	25.983
swarm_46_94.pdb	15.493	24.758	0	25.917
swarm_14_193.pdb	10.398	17.355	0.0181818	25.888
swarm_10_123.pdb	16.971	35.522	0	25.852
swarm_1_117.pdb	17.089	35.247	0	25.629
swarm_38_57.pdb	16.713	37.640	0	25.625
swarm_21_184.pdb	15.797	36.678	0	25.499
swarm_11_122.pdb	12.414	18.738	0	25.243
swarm_16_148.pdb	8.486	17.096	0.0181818	25.135
swarm_15_122.pdb	10.971	22.133	0	25.068
swarm_39_163.pdb	17.513	40.651	0	24.953
swarm_44_5.pdb	14.009	20.908	0	24.870
swarm_22_191.pdb	8.420	29.594	0.0181818	24.870
swarm_37_136.pdb	12.099	23.651	0.0909091	24.841
swarm_23_171.pdb	16.668	40.558	0	24.725
swarm_46_55.pdb	18.647	37.739	0	24.639
swarm_10_31.pdb	14.108	38.756	0	24.637
swarm_7_187.pdb	15.879	28.583	0.0909091	24.627
swarm_32_65.pdb	16.923	38.963	0.0181818	24.611
swarm_33_92.pdb	8.299	14.714	0.127273	24.497
swarm_20_74.pdb	15.545	27.121	0	24.394
swarm_1_118.pdb	16.417	39.420	0	24.374
swarm_38_130.pdb	12.171	39.968	0.127273	24.113
swarm_34_163.pdb	11.676	21.363	0.0727273	24.075
swarm_36_98.pdb	11.460	22.018	0.0181818	24.063
swarm_46_15.pdb	11.332	32.661	0	24.048
swarm_34_87.pdb	18.233	36.383	0	23.953
swarm_39_58.pdb	17.345	37.694	0	23.942
swarm_34_59.pdb	16.618	39.660	0	23.933
swarm_41_175.pdb	16.672	37.169	0	23.835
swarm_43_108.pdb	15.523	25.116	0	23.765
swarm_7_138.pdb	16.552	31.949	0	23.716
swarm_43_52.pdb	11.708	20.462	0.0181818	23.682
swarm_22_87.pdb	16.982	34.164	0	23.666
swarm_43_107.pdb	8.860	14.589	0.0545455	23.641
swarm_3_98.pdb	11.631	21.219	0.0909091	23.632
swarm_41_81.pdb	10.936	23.899	0	23.539
swarm_4_149.pdb	18.599	44.581	0	23.501
swarm_19_95.pdb	13.485	23.996	0	23.422
swarm_44_136.pdb	13.283	21.560	0	23.414
swarm_0_37.pdb	12.048	24.563	0.0727273	23.410
swarm_0_183.pdb	11.877	23.237	0.0363636	23.403
swarm_43_22.pdb	7.875	20.989	0	23.330
swarm_23_56.pdb	15.920	34.299	0	23.297
swarm_39_104.pdb	16.664	33.485	0	23.230
swarm_10_15.pdb	18.388	38.163	0	23.208
swarm_10_100.pdb	16.890	38.158	0	23.208
swarm_1_126.pdb	18.043	36.087	0	23.157
swarm_49_31.pdb	15.332	38.198	0	23.145
swarm_41_103.pdb	12.319	19.705	0	23.115
swarm_11_27.pdb	11.523	16.927	0	23.011
swarm_22_24.pdb	17.557	33.969	0	22.982
swarm_41_158.pdb	16.757	38.621	0	22.962
swarm_41_32.pdb	13.245	35.835	0	22.900
swarm_37_9.pdb	10.608	20.262	0.0909091	22.876
swarm_21_101.pdb	10.673	32.081	0	22.823
swarm_9_98.pdb	14.191	24.853	0.0727273	22.771
swarm_11_99.pdb	14.491	26.414	0.0363636	22.676
swarm_29_30.pdb	16.872	34.518	0	22.657
swarm_37_149.pdb	15.192	26.089	0	22.622
swarm_42_132.pdb	13.794	23.446	0	22.412
swarm_33_73.pdb	12.784	20.863	0.0181818	22.339
swarm_29_133.pdb	10.590	25.987	0	22.205
swarm_25_193.pdb	14.120	22.179	0	22.146
swarm_16_87.pdb	16.032	29.107	0	22.037
swarm_10_63.pdb	8.969	20.971	0.0545455	22.026
swarm_43_187.pdb	15.697	25.888	0.0363636	22.001
swarm_49_28.pdb	11.185	34.940	0	21.925
swarm_48_59.pdb	10.153	25.719	0	21.910
swarm_17_150.pdb	10.877	22.534	0	21.885
swarm_3_113.pdb	15.556	45.894	0	21.860
swarm_11_186.pdb	9.457	16.841	0.0545455	21.845
swarm_46_78.pdb	13.906	32.390	0.0181818	21.767
swarm_48_135.pdb	4.217	15.299	0.309091	21.754
swarm_2_139.pdb	16.412	42.117	0	21.735
swarm_14_128.pdb	13.690	23.717	0.0181818	21.717
swarm_21_35.pdb	12.272	29.117	0	21.704
swarm_43_111.pdb	14.627	22.216	0	21.701
swarm_16_168.pdb	9.357	18.424	0	21.686
swarm_43_50.pdb	15.123	27.809	0.0181818	21.673
swarm_41_23.pdb	15.643	32.451	0.0545455	21.673
swarm_11_193.pdb	11.269	19.749	0	21.570
swarm_10_134.pdb	16.759	33.703	0	21.450
swarm_49_2.pdb	13.421	31.875	0	21.379
swarm_38_31.pdb	16.175	40.991	0.0909091	21.302
swarm_48_27.pdb	15.263	25.167	0.0363636	21.270
swarm_33_35.pdb	8.063	14.346	0.0727273	21.134
swarm_33_174.pdb	7.609	16.494	0.127273	21.132
swarm_22_168.pdb	13.552	29.739	0	21.116
swarm_7_142.pdb	17.501	34.343	0	21.098
swarm_41_149.pdb	10.709	18.686	0.0545455	21.070
swarm_41_80.pdb	10.810	37.214	0.109091	21.061
swarm_39_166.pdb	18.142	39.267	0	21.049
swarm_35_162.pdb	14.637	32.449	0.0545455	21.004
swarm_28_85.pdb	15.126	25.200	0	20.942
swarm_32_118.pdb	17.112	39.640	0	20.911
swarm_22_74.pdb	16.595	35.750	0	20.899
swarm_21_178.pdb	16.218	33.578	0	20.882
swarm_0_105.pdb	15.579	26.246	0	20.866
swarm_37_57.pdb	8.458	18.977	0	20.862
swarm_14_96.pdb	6.322	11.883	0.0181818	20.813
swarm_8_151.pdb	9.449	32.494	0	20.811
swarm_29_112.pdb	15.450	31.705	0.0727273	20.779
swarm_28_22.pdb	16.699	32.073	0	20.728
swarm_0_124.pdb	7.383	16.052	0	20.717
swarm_1_119.pdb	16.326	37.587	0	20.684
swarm_27_165.pdb	16.286	31.956	0	20.584
swarm_35_109.pdb	15.953	33.056	0	20.564
swarm_33_15.pdb	10.947	16.284	0	20.529
swarm_23_89.pdb	16.943	34.003	0	20.528
swarm_16_98.pdb	13.200	26.296	0	20.513
swarm_0_43.pdb	8.912	18.816	0	20.506
swarm_42_111.pdb	14.766	23.745	0	20.503
swarm_33_116.pdb	15.624	24.426	0.0545455	20.448
swarm_14_26.pdb	14.418	23.868	0	20.421
swarm_48_179.pdb	13.223	34.264	0.0181818	20.407
swarm_13_18.pdb	10.015	19.309	0.0545455	20.407
swarm_26_23.pdb	12.674	19.771	0	20.332
swarm_9_115.pdb	5.525	10.533	0.218182	20.304
swarm_13_121.pdb	13.418	21.301	0	20.292
swarm_43_145.pdb	11.823	18.991	0	20.280
swarm_24_125.pdb	14.396	24.102	0	20.151
swarm_9_96.pdb	16.248	26.461	0.0727273	20.134
swarm_1_180.pdb	18.139	39.075	0	20.109
swarm_36_167.pdb	12.114	22.695	0	20.056
swarm_12_139.pdb	12.189	26.988	0	20.055
swarm_41_106.pdb	16.896	26.723	0.0909091	20.041
swarm_31_199.pdb	10.027	32.788	0.0181818	20.036
swarm_17_75.pdb	12.301	30.903	0	20.025
swarm_13_17.pdb	7.935	15.599	0.0545455	19.998
swarm_31_89.pdb	11.609	36.738	0.0363636	19.982
swarm_22_101.pdb	15.620	35.148	0	19.933
swarm_21_32.pdb	16.975	31.497	0	19.931
swarm_9_14.pdb	11.930	19.825	0.0363636	19.917
swarm_17_22.pdb	9.715	17.792	0	19.891
swarm_17_43.pdb	14.179	29.243	0	19.890
swarm_11_115.pdb	9.901	21.572	0	19.834
swarm_25_185.pdb	7.081	13.550	0	19.798
swarm_38_17.pdb	17.686	39.042	0	19.735
swarm_15_53.pdb	14.380	25.134	0	19.701
swarm_36_165.pdb	12.956	20.503	0	19.622
swarm_39_72.pdb	16.279	40.850	0	19.598
swarm_39_136.pdb	7.992	26.647	0.0909091	19.545
swarm_0_80.pdb	13.238	23.717	0	19.423
swarm_41_44.pdb	16.882	43.287	0	19.368
swarm_29_148.pdb	12.985	37.197	0	19.332
swarm_43_11.pdb	14.656	22.780	0	19.233
swarm_25_134.pdb	10.922	20.959	0.0181818	19.179
swarm_6_195.pdb	8.577	28.298	0	19.129
swarm_37_98.pdb	10.299	21.755	0.0181818	19.106
swarm_20_150.pdb	11.288	33.907	0	19.017
swarm_44_95.pdb	13.786	24.049	0	19.014
swarm_42_190.pdb	8.947	19.067	0	18.998
swarm_6_133.pdb	13.461	26.296	0	18.925
swarm_34_155.pdb	15.806	35.949	0.0181818	18.915
swarm_0_184.pdb	13.217	23.027	0	18.881
swarm_29_182.pdb	15.566	29.587	0	18.783
swarm_13_37.pdb	11.117	20.367	0	18.742
swarm_1_7.pdb	16.763	34.973	0	18.602
swarm_11_102.pdb	13.956	23.184	0.0181818	18.589
swarm_45_115.pdb	14.670	22.564	0	18.573
swarm_11_151.pdb	14.276	22.801	0	18.541
swarm_7_169.pdb	15.618	29.973	0	18.529
swarm_3_128.pdb	11.253	20.759	0	18.529
swarm_34_166.pdb	16.816	27.411	0.0545455	18.512
swarm_41_172.pdb	8.228	15.712	0.0727273	18.434
swarm_29_17.pdb	15.904	31.625	0	18.404
swarm_38_125.pdb	17.684	37.229	0	18.389
swarm_24_136.pdb	13.457	24.660	0	18.342
swarm_6_43.pdb	15.650	31.421	0	18.309
swarm_44_62.pdb	9.370	19.299	0	18.308
swarm_45_191.pdb	14.452	27.876	0	18.271
swarm_26_198.pdb	5.379	15.093	0.181818	18.243
swarm_0_192.pdb	11.516	22.263	0	18.108
swarm_11_13.pdb	9.710	17.437	0.0363636	18.048
swarm_28_82.pdb	7.617	22.621	0.0363636	18.037
swarm_44_121.pdb	14.665	23.678	0.0181818	17.978
swarm_34_93.pdb	15.127	25.496	0.0363636	17.967
swarm_8_99.pdb	17.223	33.260	0	17.912
swarm_44_3.pdb	15.074	24.165	0.0545455	17.890
swarm_20_53.pdb	18.821	37.258	0	17.871
swarm_13_67.pdb	10.004	18.694	0.0181818	17.825
swarm_36_122.pdb	6.542	18.332	0.0363636	17.703
swarm_32_45.pdb	18.236	37.550	0	17.703
swarm_29_121.pdb	16.836	29.534	0.0545455	17.685
swarm_44_144.pdb	12.619	22.844	0	17.680
swarm_10_54.pdb	16.282	39.522	0	17.508
swarm_44_122.pdb	13.799	19.441	0	17.497
swarm_44_110.pdb	14.451	21.712	0	17.476
swarm_11_34.pdb	13.287	19.187	0	17.292
swarm_13_27.pdb	16.119	26.299	0	17.242
swarm_17_88.pdb	11.095	20.442	0	17.200
swarm_19_22.pdb	13.310	25.823	0	17.189
swarm_24_12.pdb	9.091	20.809	0.0181818	17.171
swarm_29_12.pdb	15.782	34.016	0	17.157
swarm_28_52.pdb	13.464	22.429	0	17.108
swarm_39_56.pdb	11.200	32.564	0	16.969
swarm_11_15.pdb	14.110	23.613	0	16.963
swarm_15_150.pdb	13.008	19.408	0	16.926
swarm_50_178.pdb	14.485	24.138	0	16.903
swarm_34_10.pdb	10.541	22.955	0.0909091	16.900
swarm_33_152.pdb	11.923	19.139	0	16.880
swarm_3_41.pdb	13.477	21.969	0	16.838
swarm_39_173.pdb	18.267	39.082	0	16.746
swarm_50_80.pdb	10.128	16.922	0.0545455	16.744
swarm_22_29.pdb	16.683	33.982	0	16.666
swarm_44_89.pdb	9.612	19.633	0	16.665
swarm_46_150.pdb	11.539	22.694	0	16.635
swarm_29_70.pdb	16.324	33.403	0	16.631
swarm_31_18.pdb	14.530	33.042	0	16.624
swarm_19_25.pdb	5.906	13.342	0.0363636	16.568
swarm_19_71.pdb	13.354	24.257	0	16.506
swarm_46_56.pdb	9.879	21.124	0	16.463
swarm_15_171.pdb	7.454	19.104	0	16.433
swarm_37_150.pdb	14.324	23.022	0	16.427
swarm_21_33.pdb	14.666	34.487	0	16.415
swarm_45_168.pdb	5.585	10.910	0.0909091	16.400
swarm_13_160.pdb	15.289	25.392	0	16.400
swarm_0_81.pdb	14.462	24.745	0	16.392
swarm_1_90.pdb	16.074	37.673	0	16.353
swarm_7_190.pdb	10.510	21.369	0.0181818	16.333
swarm_9_178.pdb	14.727	25.880	0	16.213
swarm_13_190.pdb	14.539	23.531	0	16.145
swarm_7_14.pdb	13.794	27.786	0	16.126
swarm_8_102.pdb	15.973	32.323	0	16.005
swarm_31_172.pdb	17.463	37.281	0	16.003
swarm_0_135.pdb	16.905	32.318	0	15.946
swarm_12_153.pdb	15.987	31.955	0	15.904
swarm_21_180.pdb	14.672	30.953	0	15.898
swarm_41_87.pdb	12.454	20.070	0	15.897
swarm_17_171.pdb	17.647	33.840	0	15.870
swarm_4_159.pdb	9.821	18.462	0	15.825
swarm_33_122.pdb	15.390	24.406	0	15.798
swarm_50_42.pdb	15.570	25.208	0	15.772
swarm_26_179.pdb	11.769	23.783	0.0181818	15.721
swarm_21_186.pdb	11.811	32.722	0	15.704
swarm_41_20.pdb	14.727	23.369	0	15.689
swarm_34_171.pdb	16.067	25.257	0	15.643
swarm_3_129.pdb	19.072	42.465	0	15.628
swarm_32_9.pdb	16.782	37.015	0	15.610
swarm_1_111.pdb	14.848	35.016	0	15.577
swarm_41_136.pdb	16.401	33.557	0	15.556
swarm_9_22.pdb	9.648	16.755	0	15.527
swarm_3_118.pdb	13.893	21.682	0	15.480
swarm_37_144.pdb	15.688	26.784	0	15.376
swarm_45_186.pdb	14.941	24.945	0	15.344
swarm_45_93.pdb	13.111	24.346	0	15.322
swarm_45_155.pdb	15.010	30.119	0	15.307
swarm_37_155.pdb	14.622	24.847	0	15.271
swarm_29_34.pdb	15.759	28.877	0	15.246
swarm_10_11.pdb	14.585	25.632	0	15.211
swarm_41_37.pdb	9.947	18.171	0	15.201
swarm_8_145.pdb	14.149	31.657	0	15.138
swarm_17_165.pdb	16.594	35.363	0	15.102
swarm_7_4.pdb	6.278	21.242	0.109091	15.093
swarm_44_149.pdb	12.612	19.748	0	15.083
swarm_0_81.pdb	14.462	24.745	0	14.987
swarm_13_149.pdb	11.784	19.046	0.0181818	14.968
swarm_31_117.pdb	15.125	33.185	0	14.954
swarm_28_63.pdb	5.678	11.124	0.0545455	14.901
swarm_12_40.pdb	9.072	25.402	0	14.874
swarm_8_158.pdb	14.042	31.144	0	14.853
swarm_27_32.pdb	8.490	14.419	0	14.779
swarm_9_18.pdb	8.260	12.367	0.0181818	14.608
swarm_41_54.pdb	14.956	33.677	0	14.586
swarm_19_22.pdb	16.150	30.471	0	14.391
swarm_21_56.pdb	11.772	32.498	0	14.377
swarm_17_56.pdb	16.435	33.409	0	14.302
swarm_16_140.pdb	13.349	27.100	0.0363636	14.219
swarm_0_88.pdb	11.612	22.824	0	14.075
swarm_7_15.pdb	11.285	21.950	0	13.954
swarm_50_6.pdb	13.591	27.214	0	13.852
swarm_34_2.pdb	18.036	39.198	0	13.844
swarm_38_166.pdb	16.108	38.937	0	13.701
swarm_16_83.pdb	10.212	23.741	0	13.596
swarm_19_99.pdb	14.517	30.590	0.0545455	13.591
swarm_37_38.pdb	14.638	25.561	0	13.565
swarm_37_89.pdb	10.825	21.326	0	13.493
swarm_41_97.pdb	14.713	24.203	0.0545455	13.483
swarm_48_3.pdb	12.986	25.509	0	13.479
swarm_45_145.pdb	7.706	21.368	0	13.471
swarm_26_168.pdb	13.036	25.404	0	13.437
swarm_20_1.pdb	16.315	31.720	0.0181818	13.404
swarm_32_103.pdb	11.513	32.044	0.0181818	13.294
swarm_6_91.pdb	13.557	27.389	0	13.063
swarm_21_11.pdb	18.453	32.519	0	13.033
swarm_6_62.pdb	17.968	34.361	0	12.995
swarm_37_4.pdb	15.722	24.780	0.0181818	12.984
swarm_7_10.pdb	16.502	29.688	0	12.889
swarm_16_118.pdb	12.885	28.794	0	12.829
swarm_6_170.pdb	15.505	33.637	0	12.521
swarm_17_118.pdb	15.275	28.617	0	12.451
swarm_44_137.pdb	16.238	23.959	0	12.348
swarm_36_69.pdb	10.148	32.940	0	12.337
swarm_17_2.pdb	12.515	23.425	0	12.319
swarm_32_149.pdb	16.442	37.179	0	12.208
swarm_44_27.pdb	16.123	28.797	0	12.198
swarm_45_163.pdb	15.752	31.141	0.0181818	12.136
swarm_44_60.pdb	12.698	26.165	0	12.005
swarm_46_40.pdb	14.875	23.084	0	11.983
swarm_45_19.pdb	16.915	25.468	0.0545455	11.966
swarm_23_195.pdb	14.923	36.444	0	11.895
swarm_12_185.pdb	14.501	27.549	0	11.742
swarm_17_102.pdb	16.510	30.996	0	11.735
swarm_2_43.pdb	15.683	41.290	0	11.540
swarm_41_23.pdb	15.328	24.651	0	11.251
swarm_17_41.pdb	13.102	31.078	0	11.186
swarm_45_48.pdb	5.867	12.371	0.127273	11.177
swarm_10_22.pdb	13.333	22.387	0	11.091
swarm_16_114.pdb	10.413	22.623	0	11.028
swarm_45_73.pdb	10.272	26.797	0	10.855
swarm_6_90.pdb	17.827	31.906	0	10.786
swarm_28_13.pdb	6.913	12.168	0.0545455	10.473
swarm_27_1.pdb	9.350	21.763	0.0181818	10.098
swarm_10_40.pdb	17.279	40.284	0	10.027
swarm_28_3.pdb	15.503	23.499	0.0363636	9.937
swarm_21_161.pdb	16.215	34.918	0.0909091	9.883
swarm_22_32.pdb	19.026	38.105	0	9.337
swarm_12_96.pdb	16.702	28.140	0.0909091	9.299
swarm_21_72.pdb	16.062	28.751	0.0909091	8.286
swarm_1_194.pdb	15.538	39.539	0	8.037
swarm_38_115.pdb	14.331	33.917	0	7.966
swarm_39_189.pdb	11.771	26.611	0.0181818	7.856
swarm_41_190.pdb	14.783	32.309	0	7.508
swarm_44_177.pdb	12.372	20.920	0.0363636	7.129
swarm_49_183.pdb	16.535	36.912	0	6.153
swarm_9_164.pdb	14.906	25.814	0	5.974
swarm_26_148.pdb	14.733	25.292	0.0181818	5.829
swarm_11_32.pdb	14.962	24.630	0	3.693
swarm_35_31.pdb	12.682	26.805	0.0181818	3.604
swarm_15_5.pdb	8.061	26.989	0.0363636	2.478
swarm_29_181.pdb	17.060	32.701	0	2.121
