swarm_23_45.pdb	9.800	28.048	0	48.386
swarm_32_126.pdb	9.480	27.359	0	48.023
swarm_5_159.pdb	16.721	43.092	0	47.748
swarm_24_191.pdb	9.234	26.244	0	45.983
swarm_46_41.pdb	16.707	43.172	0	45.181
swarm_9_14.pdb	9.212	25.565	0	44.123
swarm_8_10.pdb	9.171	27.276	0	44.103
swarm_47_160.pdb	15.034	38.903	0	42.887
swarm_4_97.pdb	12.845	37.572	0	42.489
swarm_3_129.pdb	16.402	42.211	0	41.955
swarm_2_14.pdb	12.598	35.496	0	41.769
swarm_39_42.pdb	9.219	26.670	0	41.515
swarm_45_160.pdb	15.247	40.075	0	40.539
swarm_27_194.pdb	13.117	37.723	0	39.363
swarm_34_16.pdb	12.605	36.116	0	39.209
swarm_38_164.pdb	13.957	39.012	0	39.169
swarm_35_100.pdb	10.235	30.390	0	38.893
swarm_4_61.pdb	17.436	45.672	0	38.830
swarm_29_26.pdb	9.352	28.749	0.0181818	38.252
swarm_2_4.pdb	9.977	22.676	0	37.469
swarm_44_184.pdb	15.987	42.148	0	37.417
swarm_1_101.pdb	11.603	33.685	0	36.903
swarm_47_158.pdb	10.816	35.224	0	36.707
swarm_49_76.pdb	7.835	16.616	0	35.428
swarm_27_70.pdb	13.830	41.175	0	35.389
swarm_44_93.pdb	10.473	33.869	0	35.379
swarm_35_121.pdb	12.268	34.148	0	35.370
swarm_23_143.pdb	12.457	36.114	0	35.270
swarm_0_180.pdb	5.692	10.620	0.0909091	34.994
swarm_19_49.pdb	7.409	11.132	0.0727273	34.942
swarm_40_138.pdb	6.099	11.636	0.218182	34.828
swarm_44_194.pdb	12.451	38.543	0	34.734
swarm_20_127.pdb	10.656	30.379	0	34.419
swarm_37_184.pdb	12.962	37.666	0	34.207
swarm_39_132.pdb	11.469	32.581	0	33.391
swarm_36_18.pdb	5.921	11.616	0.0727273	33.246
swarm_58_38.pdb	5.570	18.097	0.345455	32.929
swarm_13_110.pdb	8.891	17.539	0	32.592
swarm_46_10.pdb	10.610	31.284	0	32.433
swarm_27_83.pdb	8.266	13.579	0.0181818	32.303
swarm_26_73.pdb	10.721	32.373	0	32.190
swarm_44_23.pdb	6.154	11.651	0.0727273	32.041
swarm_7_171.pdb	12.526	20.029	0	31.952
swarm_7_159.pdb	5.471	13.739	0.0909091	31.900
swarm_3_29.pdb	11.519	36.286	0	31.899
swarm_0_88.pdb	5.069	12.262	0.109091	31.641
swarm_8_145.pdb	11.813	21.139	0	31.297
swarm_20_32.pdb	12.190	36.272	0	30.843
swarm_4_65.pdb	11.002	34.862	0	30.681
swarm_48_196.pdb	8.960	21.308	0	30.498
swarm_3_47.pdb	12.798	33.320	0	30.350
swarm_38_192.pdb	11.670	35.410	0	30.271
swarm_42_25.pdb	5.074	9.235	0.181818	30.124
swarm_31_12.pdb	12.102	18.662	0	29.842
swarm_1_0.pdb	11.472	35.756	0	29.797
swarm_26_81.pdb	9.085	16.784	0	29.708
swarm_16_86.pdb	7.923	15.136	0.0363636	29.261
swarm_3_195.pdb	4.520	8.978	0.218182	28.501
swarm_25_121.pdb	9.027	16.823	0	28.451
swarm_27_26.pdb	10.774	33.693	0	28.430
swarm_40_49.pdb	3.765	6.462	0.327273	28.199
swarm_56_66.pdb	8.306	16.480	0	27.931
swarm_11_126.pdb	10.072	21.698	0	27.894
swarm_47_31.pdb	7.933	15.020	0.0363636	27.829
swarm_5_192.pdb	11.606	36.198	0	27.766
swarm_34_39.pdb	10.357	29.019	0	27.678
swarm_4_64.pdb	7.776	14.967	0	27.408
swarm_12_76.pdb	6.471	13.324	0.145455	27.178
swarm_31_199.pdb	9.858	33.549	0	27.151
swarm_16_93.pdb	9.339	16.870	0	27.142
swarm_31_35.pdb	8.320	31.043	0	26.782
swarm_13_176.pdb	6.749	13.004	0.127273	26.695
swarm_38_124.pdb	12.827	34.410	0	26.357
swarm_19_181.pdb	10.034	28.878	0	26.326
swarm_7_52.pdb	8.811	28.658	0	26.143
swarm_8_167.pdb	6.075	16.825	0.0363636	26.119
swarm_43_123.pdb	9.731	19.103	0	25.818
swarm_20_109.pdb	10.669	28.732	0	25.771
swarm_11_6.pdb	12.801	20.576	0	25.759
swarm_3_178.pdb	6.974	14.059	0.127273	25.738
swarm_40_34.pdb	5.628	14.812	0.0727273	25.655
swarm_37_79.pdb	10.646	30.954	0	25.654
swarm_37_128.pdb	10.789	30.434	0	25.621
swarm_12_25.pdb	8.593	15.389	0.0181818	25.415
swarm_17_117.pdb	9.947	32.688	0	25.299
swarm_28_125.pdb	9.292	28.558	0	25.229
swarm_14_38.pdb	9.478	20.104	0	25.055
swarm_27_143.pdb	10.784	32.058	0	25.005
swarm_42_164.pdb	4.786	10.693	0.0545455	24.960
swarm_28_78.pdb	9.937	30.991	0.0181818	24.890
swarm_39_190.pdb	15.522	29.821	0	24.780
swarm_28_38.pdb	6.963	24.499	0.163636	24.712
swarm_8_19.pdb	8.446	26.753	0	24.690
swarm_13_184.pdb	9.371	18.230	0	24.675
swarm_3_145.pdb	9.496	15.924	0	24.352
swarm_16_61.pdb	6.240	15.851	0.0727273	24.315
swarm_25_113.pdb	10.853	17.859	0	24.305
swarm_45_17.pdb	10.234	22.533	0	24.268
swarm_7_189.pdb	9.182	21.006	0	24.134
swarm_28_157.pdb	11.695	34.138	0	24.055
swarm_14_95.pdb	10.092	17.498	0	23.871
swarm_34_70.pdb	12.351	24.167	0	23.865
swarm_20_181.pdb	7.181	20.068	0	23.816
swarm_32_97.pdb	12.992	35.677	0	23.735
swarm_46_96.pdb	9.618	20.159	0	23.684
swarm_43_125.pdb	7.365	16.348	0	23.356
swarm_19_112.pdb	9.555	20.346	0	23.264
swarm_19_32.pdb	9.259	15.785	0	23.238
swarm_22_181.pdb	10.868	22.613	0	23.229
swarm_23_64.pdb	11.380	17.405	0	23.067
swarm_33_147.pdb	7.140	14.433	0.127273	23.015
swarm_34_147.pdb	8.526	17.092	0	22.996
swarm_11_178.pdb	7.749	17.787	0	22.851
swarm_48_143.pdb	7.944	28.232	0	22.776
swarm_45_159.pdb	8.873	15.776	0	22.731
swarm_41_169.pdb	7.611	22.362	0	22.730
swarm_22_182.pdb	5.932	11.193	0	22.683
swarm_41_107.pdb	10.564	29.486	0	22.325
swarm_25_46.pdb	6.796	12.367	0.163636	22.311
swarm_8_60.pdb	5.099	18.456	0.127273	22.182
swarm_10_188.pdb	8.756	16.854	0	22.173
swarm_18_130.pdb	5.867	14.886	0.0545455	22.148
swarm_24_51.pdb	6.683	19.358	0.0181818	22.145
swarm_22_51.pdb	10.218	18.353	0	21.888
swarm_17_37.pdb	6.066	17.181	0.0545455	21.833
swarm_13_160.pdb	11.961	21.048	0	21.749
swarm_38_123.pdb	9.920	28.060	0	21.730
swarm_32_77.pdb	10.371	30.152	0	21.727
swarm_39_57.pdb	12.633	34.079	0	21.726
swarm_56_110.pdb	6.684	24.402	0.163636	21.555
swarm_19_39.pdb	6.980	23.712	0.0181818	21.427
swarm_2_137.pdb	12.933	30.005	0	21.373
swarm_38_10.pdb	10.068	22.502	0	21.331
swarm_13_47.pdb	10.366	22.165	0	21.206
swarm_9_188.pdb	10.240	28.836	0	21.181
swarm_21_4.pdb	7.338	14.923	0	21.129
swarm_19_44.pdb	9.774	25.187	0	21.068
swarm_58_106.pdb	7.799	23.181	0	21.045
swarm_32_196.pdb	8.144	24.822	0	21.027
swarm_47_100.pdb	4.157	13.127	0.181818	21.019
swarm_7_64.pdb	11.146	35.156	0	21.005
swarm_12_57.pdb	6.491	17.399	0	20.964
swarm_11_101.pdb	8.370	18.543	0	20.875
swarm_8_81.pdb	9.187	30.879	0	20.844
swarm_3_97.pdb	8.470	14.447	0	20.736
swarm_4_56.pdb	11.181	32.321	0	20.712
swarm_31_143.pdb	15.809	36.073	0	20.701
swarm_5_20.pdb	8.143	16.436	0	20.630
swarm_14_39.pdb	9.453	23.444	0	20.476
swarm_14_60.pdb	10.029	17.017	0.0181818	20.420
swarm_19_108.pdb	12.226	24.906	0.0181818	20.379
swarm_56_31.pdb	12.081	24.090	0	20.345
swarm_30_36.pdb	7.684	18.206	0	20.285
swarm_5_3.pdb	10.709	33.326	0	20.267
swarm_10_35.pdb	9.754	15.722	0.0181818	20.224
swarm_45_106.pdb	12.752	25.866	0	20.150
swarm_22_155.pdb	8.222	15.495	0	20.131
swarm_26_57.pdb	13.711	28.498	0	20.126
swarm_20_13.pdb	8.265	31.005	0	20.015
swarm_34_72.pdb	16.022	41.201	0	19.846
swarm_37_22.pdb	12.010	39.085	0	19.710
swarm_28_128.pdb	8.950	22.153	0	19.623
swarm_14_99.pdb	10.910	31.302	0	19.503
swarm_26_182.pdb	9.096	31.440	0	19.414
swarm_3_19.pdb	12.095	23.212	0	19.058
swarm_18_19.pdb	8.968	29.696	0	18.964
swarm_42_10.pdb	12.175	36.898	0	18.962
swarm_20_90.pdb	10.156	19.860	0	18.745
swarm_41_13.pdb	8.117	33.220	0	18.469
swarm_3_175.pdb	9.709	17.302	0	18.463
swarm_13_178.pdb	9.174	23.595	0	18.314
swarm_60_54.pdb	7.910	13.378	0	18.270
swarm_11_53.pdb	9.112	19.773	0	18.268
swarm_35_105.pdb	7.537	26.748	0	18.267
swarm_31_17.pdb	11.277	19.051	0	18.111
swarm_7_140.pdb	8.104	14.334	0.0181818	18.104
swarm_26_20.pdb	12.971	28.193	0	17.748
swarm_32_55.pdb	8.280	18.241	0	17.728
swarm_25_96.pdb	8.899	27.156	0	17.686
swarm_6_6.pdb	15.557	28.251	0	17.588
swarm_60_34.pdb	9.153	14.884	0.0363636	17.566
swarm_10_8.pdb	8.479	28.860	0	17.406
swarm_20_186.pdb	10.578	16.833	0	17.318
swarm_11_58.pdb	9.819	15.767	0.0363636	17.274
swarm_39_106.pdb	9.393	26.455	0	17.200
swarm_60_28.pdb	4.478	13.395	0.181818	17.198
swarm_41_110.pdb	11.401	35.338	0	17.151
swarm_25_104.pdb	7.086	28.375	0.0181818	17.011
swarm_11_32.pdb	14.698	24.266	0	16.855
swarm_24_197.pdb	9.446	30.012	0	16.744
swarm_26_10.pdb	9.419	24.002	0	16.739
swarm_14_131.pdb	15.869	38.134	0	16.503
swarm_3_55.pdb	6.360	13.000	0.127273	16.500
swarm_38_63.pdb	9.196	29.254	0	16.367
swarm_3_6.pdb	10.209	19.387	0.0909091	16.366
swarm_60_128.pdb	6.728	24.295	0.0909091	16.168
swarm_32_179.pdb	11.077	25.262	0	16.135
swarm_16_135.pdb	10.801	17.486	0	16.092
swarm_31_104.pdb	5.514	10.695	0.163636	15.975
swarm_43_39.pdb	8.733	25.315	0	15.942
swarm_59_73.pdb	9.361	15.466	0	15.862
swarm_24_114.pdb	10.775	28.214	0	15.694
swarm_24_64.pdb	15.383	35.923	0	15.564
swarm_46_41.pdb	8.593	12.801	0	15.409
swarm_12_47.pdb	8.762	25.824	0	15.337
swarm_22_132.pdb	8.141	15.100	0	14.582
swarm_18_187.pdb	9.798	31.958	0	14.430
swarm_18_99.pdb	8.340	34.835	0	14.412
swarm_32_120.pdb	15.939	35.438	0	14.246
swarm_9_3.pdb	9.443	30.048	0.0181818	14.066
swarm_42_191.pdb	8.799	22.103	0	14.000
swarm_26_197.pdb	11.112	38.095	0	13.852
swarm_29_136.pdb	6.500	13.707	0.163636	13.756
swarm_34_65.pdb	7.203	27.309	0.0181818	13.436
swarm_4_93.pdb	12.830	22.669	0	13.048
swarm_26_119.pdb	11.461	33.179	0	12.821
swarm_25_27.pdb	10.460	38.913	0	11.099
swarm_2_128.pdb	15.035	33.586	0	11.044
swarm_52_50.pdb	10.253	19.446	0.109091	10.042
swarm_7_65.pdb	11.897	27.009	0	9.997
swarm_1_120.pdb	10.046	20.605	0.0727273	9.756
swarm_0_100.pdb	4.304	10.728	0.636364	8.150
swarm_19_52.pdb	6.851	25.506	0.0727273	7.841
swarm_29_91.pdb	7.780	11.790	0	6.314
swarm_51_48.pdb	11.154	18.608	0	3.885
swarm_33_107.pdb	13.976	33.444	0	3.319
