swarm_35_100.pdb	10.235	30.390	0	38.893
swarm_2_4.pdb	9.977	22.676	0	37.469
swarm_49_76.pdb	7.835	16.616	0	35.428
swarm_0_180.pdb	5.692	10.620	0.0909091	34.994
swarm_40_138.pdb	6.099	11.636	0.218182	34.828
swarm_36_18.pdb	5.921	11.616	0.0727273	33.246
swarm_13_110.pdb	8.891	17.539	0	32.592
swarm_44_23.pdb	6.154	11.651	0.0727273	32.041
swarm_48_196.pdb	8.960	21.308	0	30.498
swarm_42_25.pdb	5.074	9.235	0.181818	30.124
swarm_16_86.pdb	7.923	15.136	0.0363636	29.261
swarm_3_195.pdb	4.520	8.978	0.218182	28.501
swarm_11_126.pdb	10.072	21.698	0	27.894
swarm_47_31.pdb	7.933	15.020	0.0363636	27.829
swarm_4_64.pdb	7.776	14.967	0	27.408
swarm_12_76.pdb	6.471	13.324	0.145455	27.178
swarm_31_199.pdb	9.858	33.549	0	27.151
swarm_31_35.pdb	8.320	31.043	0	26.782
swarm_39_190.pdb	15.522	29.821	0	24.780
swarm_3_145.pdb	9.496	15.924	0	24.352
swarm_45_17.pdb	10.234	22.533	0	24.268
swarm_14_95.pdb	10.092	17.498	0	23.871
swarm_34_70.pdb	12.351	24.167	0	23.865
swarm_20_181.pdb	7.181	20.068	0	23.816
swarm_46_96.pdb	9.618	20.159	0	23.684
swarm_34_147.pdb	8.526	17.092	0	22.996
swarm_48_143.pdb	7.944	28.232	0	22.776
swarm_45_159.pdb	8.873	15.776	0	22.731
swarm_22_51.pdb	10.218	18.353	0	21.888
swarm_13_160.pdb	11.961	21.048	0	21.749
swarm_38_10.pdb	10.068	22.502	0	21.331
swarm_13_47.pdb	10.366	22.165	0	21.206
swarm_21_4.pdb	7.338	14.923	0	21.129
swarm_19_44.pdb	9.774	25.187	0	21.068
swarm_47_100.pdb	4.157	13.127	0.181818	21.019
swarm_8_81.pdb	9.187	30.879	0	20.844
swarm_3_97.pdb	8.470	14.447	0	20.736
swarm_31_143.pdb	15.809	36.073	0	20.701
swarm_5_20.pdb	8.143	16.436	0	20.630
swarm_19_108.pdb	12.226	24.906	0.0181818	20.379
swarm_45_106.pdb	12.752	25.866	0	20.150
swarm_22_155.pdb	8.222	15.495	0	20.131
swarm_26_57.pdb	13.711	28.498	0	20.126
swarm_20_13.pdb	8.265	31.005	0	20.015
swarm_18_19.pdb	8.968	29.696	0	18.964
swarm_3_175.pdb	9.709	17.302	0	18.463
swarm_35_105.pdb	7.537	26.748	0	18.267
swarm_7_140.pdb	8.104	14.334	0.0181818	18.104
swarm_26_20.pdb	12.971	28.193	0	17.748
swarm_6_6.pdb	15.557	28.251	0	17.588
swarm_10_8.pdb	8.479	28.860	0	17.406
swarm_25_104.pdb	7.086	28.375	0.0181818	17.011
swarm_3_55.pdb	6.360	13.000	0.127273	16.500
swarm_3_6.pdb	10.209	19.387	0.0909091	16.366
swarm_24_64.pdb	15.383	35.923	0	15.564
swarm_46_41.pdb	8.593	12.801	0	15.409
swarm_18_187.pdb	9.798	31.958	0	14.430
swarm_18_99.pdb	8.340	34.835	0	14.412
swarm_32_120.pdb	15.939	35.438	0	14.246
swarm_34_65.pdb	7.203	27.309	0.0181818	13.436
swarm_4_93.pdb	12.830	22.669	0	13.048
swarm_2_128.pdb	15.035	33.586	0	11.044
swarm_1_120.pdb	10.046	20.605	0.0727273	9.756
swarm_29_91.pdb	7.780	11.790	0	6.314
