swarm_23_64.pdb	17.357	43.015	0.0727273	36.203
swarm_16_92.pdb	15.206	43.270	0	33.379
swarm_36_150.pdb	11.232	22.514	0.109091	31.655
swarm_23_17.pdb	15.557	38.999	0	31.654
swarm_4_172.pdb	15.445	34.106	0.0181818	30.615
swarm_51_29.pdb	8.500	16.043	0.109091	28.705
swarm_51_142.pdb	10.860	21.451	0.0181818	28.587
swarm_46_44.pdb	15.531	25.070	0	28.569
swarm_51_8.pdb	8.826	20.599	0.109091	28.260
swarm_11_147.pdb	12.154	20.325	0	28.116
swarm_3_175.pdb	16.008	29.928	0.0181818	27.679
swarm_3_164.pdb	13.712	29.651	0	27.388
swarm_41_197.pdb	10.693	18.778	0.0727273	26.979
swarm_9_66.pdb	10.771	22.535	0	26.810
swarm_21_10.pdb	8.552	21.092	0	26.742
swarm_35_8.pdb	4.611	10.358	0.218182	26.727
swarm_43_179.pdb	15.699	25.193	0.0181818	26.657
swarm_0_126.pdb	11.877	23.586	0.0363636	26.486
swarm_44_96.pdb	12.288	20.631	0	26.352
swarm_21_53.pdb	11.633	29.327	0.0727273	26.319
swarm_50_17.pdb	12.332	19.231	0	26.066
swarm_44_17.pdb	14.015	20.938	0	26.064
swarm_41_47.pdb	4.810	8.133	0.0909091	25.744
swarm_18_71.pdb	8.808	14.468	0	25.584
swarm_46_134.pdb	9.655	23.224	0.0545455	25.490
swarm_37_90.pdb	10.616	29.735	0	25.342
swarm_30_126.pdb	11.356	34.501	0	25.321
swarm_21_153.pdb	14.244	24.952	0	25.189
swarm_44_98.pdb	9.996	20.365	0.0727273	25.127
swarm_27_59.pdb	7.682	11.493	0	25.080
swarm_20_82.pdb	14.268	26.817	0.0181818	25.071
swarm_41_179.pdb	16.663	25.083	0.0545455	24.540
swarm_35_119.pdb	10.263	18.925	0	24.474
swarm_46_41.pdb	13.143	23.601	0	24.467
swarm_44_116.pdb	9.879	17.604	0.0545455	24.410
swarm_8_61.pdb	11.194	18.753	0	24.392
swarm_8_72.pdb	4.024	16.202	0.236364	24.308
swarm_20_43.pdb	9.400	15.696	0	24.128
swarm_21_156.pdb	11.178	21.770	0	24.116
swarm_36_35.pdb	12.284	25.182	0	23.997
swarm_0_35.pdb	8.185	18.722	0.0181818	23.937
swarm_35_89.pdb	14.659	24.308	0	23.908
swarm_18_54.pdb	14.861	25.282	0	23.648
swarm_51_155.pdb	15.798	24.762	0.0181818	23.451
swarm_47_138.pdb	9.000	16.087	0	23.433
swarm_11_93.pdb	9.756	17.252	0.0363636	23.227
swarm_10_12.pdb	12.486	21.057	0	22.967
swarm_43_105.pdb	11.694	18.971	0	22.863
swarm_10_156.pdb	5.897	10.081	0.0545455	22.782
swarm_26_161.pdb	14.245	23.292	0	22.766
swarm_20_8.pdb	14.222	23.026	0	22.752
swarm_47_70.pdb	14.174	22.034	0	22.751
swarm_35_126.pdb	11.671	22.641	0	22.736
swarm_43_69.pdb	11.920	20.437	0	22.566
swarm_11_31.pdb	10.257	18.265	0	22.415
swarm_42_41.pdb	16.410	34.863	0	22.387
swarm_9_14.pdb	5.939	10.509	0.2	22.365
swarm_41_15.pdb	12.509	22.013	0.0545455	22.343
swarm_35_133.pdb	14.535	21.275	0	22.302
swarm_19_38.pdb	9.812	19.347	0	22.187
swarm_19_18.pdb	11.633	21.524	0.0181818	22.079
swarm_18_75.pdb	13.612	22.614	0.0545455	22.049
swarm_27_27.pdb	14.941	26.673	0	22.041
swarm_49_70.pdb	10.192	26.126	0	21.974
swarm_10_89.pdb	9.274	16.162	0	21.860
swarm_10_99.pdb	15.222	25.434	0.0545455	21.844
swarm_7_89.pdb	4.866	19.845	0.181818	21.807
swarm_37_151.pdb	13.659	34.494	0	21.747
swarm_11_39.pdb	5.892	8.870	0	21.717
swarm_46_168.pdb	9.767	17.012	0	21.683
swarm_51_12.pdb	6.709	21.459	0.127273	21.599
swarm_20_12.pdb	17.544	29.970	0.0363636	21.555
swarm_47_145.pdb	13.566	23.773	0	21.461
swarm_22_183.pdb	12.159	33.099	0.0363636	21.304
swarm_43_10.pdb	8.962	16.163	0	21.248
swarm_19_148.pdb	13.664	24.255	0	21.246
swarm_49_96.pdb	4.112	14.253	0.290909	21.191
swarm_50_165.pdb	11.022	20.096	0.0181818	21.190
swarm_32_186.pdb	12.441	27.985	0	21.028
swarm_4_17.pdb	14.327	28.773	0	20.900
swarm_3_2.pdb	15.807	35.666	0.0363636	20.890
swarm_13_70.pdb	8.987	17.624	0.0545455	20.871
swarm_11_190.pdb	9.371	18.880	0	20.787
swarm_35_32.pdb	14.234	24.095	0.0181818	20.660
swarm_41_150.pdb	16.344	26.339	0.0181818	20.565
swarm_9_150.pdb	13.581	25.450	0	20.516
swarm_9_165.pdb	15.110	27.286	0	20.427
swarm_36_79.pdb	13.639	24.325	0	20.407
swarm_28_190.pdb	15.165	29.180	0.0545455	20.376
swarm_7_126.pdb	4.784	12.656	0.290909	20.341
swarm_7_168.pdb	17.381	29.795	0.0363636	20.222
swarm_11_58.pdb	11.852	21.296	0.0545455	20.218
swarm_50_147.pdb	12.711	21.192	0	20.202
swarm_16_154.pdb	14.476	39.049	0	20.200
swarm_10_69.pdb	16.927	28.377	0.0181818	20.172
swarm_44_157.pdb	13.706	19.338	0	20.149
swarm_8_170.pdb	12.939	21.378	0	20.147
swarm_8_2.pdb	13.713	24.412	0	20.127
swarm_43_38.pdb	12.436	18.155	0	20.076
swarm_26_77.pdb	14.324	23.755	0	20.044
swarm_36_41.pdb	13.461	23.803	0.0181818	20.015
swarm_8_12.pdb	13.990	25.349	0.0181818	19.803
swarm_50_167.pdb	12.862	25.858	0.0363636	19.756
swarm_26_96.pdb	11.787	19.265	0	19.744
swarm_4_150.pdb	13.385	25.978	0	19.738
swarm_35_53.pdb	15.116	25.189	0	19.667
swarm_13_135.pdb	13.505	19.945	0	19.602
swarm_35_83.pdb	15.539	26.413	0	19.601
swarm_43_193.pdb	15.938	24.760	0.0181818	19.598
swarm_27_118.pdb	13.768	22.541	0	19.565
swarm_28_113.pdb	16.544	33.849	0	19.467
swarm_47_87.pdb	9.044	18.500	0	19.452
swarm_41_169.pdb	15.556	26.274	0.109091	19.361
swarm_0_40.pdb	16.632	29.353	0	19.357
swarm_27_182.pdb	8.394	20.674	0.0363636	19.341
swarm_43_2.pdb	12.231	17.462	0	19.308
swarm_10_74.pdb	9.233	18.251	0.0545455	19.292
swarm_0_15.pdb	13.583	24.783	0	19.284
swarm_48_103.pdb	9.965	17.664	0.0909091	19.252
swarm_45_105.pdb	14.914	22.609	0	19.245
swarm_47_122.pdb	11.514	16.539	0	19.242
swarm_46_21.pdb	11.981	23.440	0	19.058
swarm_48_177.pdb	16.207	26.501	0.0545455	18.923
swarm_9_186.pdb	15.025	24.155	0.0181818	18.857
swarm_11_94.pdb	10.194	22.788	0.0181818	18.827
swarm_50_94.pdb	13.402	20.172	0	18.804
swarm_15_21.pdb	16.181	28.847	0	18.716
swarm_18_36.pdb	7.861	21.302	0.218182	18.557
swarm_43_24.pdb	7.798	13.985	0.127273	18.551
swarm_17_161.pdb	13.817	33.520	0	18.548
swarm_12_37.pdb	13.871	27.328	0	18.319
swarm_50_153.pdb	9.042	21.605	0.0363636	18.314
swarm_20_173.pdb	14.841	28.921	0.0363636	18.297
swarm_2_150.pdb	16.155	28.617	0	18.243
swarm_43_35.pdb	14.597	21.801	0	18.193
swarm_1_85.pdb	15.694	27.571	0	18.076
swarm_41_187.pdb	13.866	21.141	0	18.030
swarm_27_84.pdb	10.244	17.176	0	18.030
swarm_4_5.pdb	9.224	22.749	0	17.953
swarm_1_34.pdb	14.204	25.210	0	17.951
swarm_13_90.pdb	14.806	23.934	0	17.950
swarm_13_91.pdb	12.272	19.600	0	17.941
swarm_18_28.pdb	15.017	24.568	0	17.920
swarm_47_152.pdb	11.808	22.969	0	17.913
swarm_50_21.pdb	12.012	20.030	0	17.908
swarm_4_40.pdb	10.406	28.477	0.109091	17.801
swarm_0_185.pdb	11.585	22.701	0	17.785
swarm_44_74.pdb	13.821	22.916	0.0727273	17.755
swarm_11_114.pdb	14.584	23.975	0	17.676
swarm_44_119.pdb	14.478	23.841	0.0181818	17.672
swarm_41_117.pdb	12.227	19.570	0	17.672
swarm_27_141.pdb	14.175	25.798	0	17.652
swarm_1_56.pdb	14.895	28.158	0.0909091	17.640
swarm_0_179.pdb	12.622	21.287	0	17.501
swarm_42_191.pdb	9.639	26.076	0	17.457
swarm_7_179.pdb	6.807	16.162	0.0545455	17.451
swarm_45_139.pdb	13.020	19.392	0	17.431
swarm_10_157.pdb	14.784	23.808	0.0363636	17.427
swarm_14_10.pdb	9.698	20.064	0	17.352
swarm_15_147.pdb	13.954	24.059	0	17.346
swarm_26_48.pdb	11.325	24.912	0.0181818	17.342
swarm_46_26.pdb	5.927	18.202	0.0545455	17.262
swarm_45_68.pdb	15.327	25.003	0.0181818	17.262
swarm_26_27.pdb	14.879	28.432	0	17.234
swarm_48_87.pdb	10.920	17.836	0	17.199
swarm_7_158.pdb	5.631	13.514	0.2	17.183
swarm_9_166.pdb	14.971	24.194	0.0181818	17.139
swarm_6_124.pdb	14.266	25.708	0	17.130
swarm_35_192.pdb	17.001	26.586	0.0545455	17.092
swarm_36_81.pdb	6.713	17.506	0.0181818	17.076
swarm_15_64.pdb	9.875	26.754	0	17.023
swarm_0_118.pdb	13.839	23.953	0	16.999
swarm_15_45.pdb	7.260	18.355	0.0181818	16.921
swarm_48_144.pdb	15.113	28.374	0.0363636	16.776
swarm_15_139.pdb	15.423	25.005	0	16.735
swarm_41_119.pdb	14.826	23.470	0	16.705
swarm_8_175.pdb	4.190	7.120	0.345455	16.678
swarm_42_32.pdb	15.919	35.409	0.0545455	16.628
swarm_7_54.pdb	15.247	25.697	0	16.543
swarm_8_113.pdb	13.468	24.358	0.0181818	16.490
swarm_44_158.pdb	13.104	21.299	0	16.304
swarm_14_167.pdb	14.658	30.195	0.0909091	16.293
swarm_46_16.pdb	12.891	22.279	0	16.196
swarm_13_12.pdb	16.639	26.279	0	16.182
swarm_43_156.pdb	12.466	21.570	0	16.025
swarm_36_135.pdb	12.013	22.398	0.0727273	15.932
swarm_1_182.pdb	14.379	25.456	0	15.837
swarm_13_187.pdb	14.118	26.298	0	15.718
swarm_9_72.pdb	14.015	24.257	0	15.712
swarm_37_28.pdb	15.492	35.856	0.145455	15.526
swarm_33_48.pdb	6.860	16.376	0.0727273	15.443
swarm_48_18.pdb	3.248	11.572	0.254545	15.370
swarm_1_44.pdb	14.544	25.924	0	15.189
swarm_48_26.pdb	16.202	27.681	0.0727273	15.172
swarm_18_26.pdb	16.844	28.980	0	14.922
swarm_11_117.pdb	15.498	23.416	0	14.592
swarm_35_182.pdb	15.770	22.669	0	14.556
swarm_34_149.pdb	16.193	38.266	0	14.551
swarm_50_162.pdb	16.602	29.709	0	14.434
swarm_9_65.pdb	13.442	22.501	0	14.319
swarm_47_19.pdb	8.794	18.948	0	14.313
swarm_1_86.pdb	13.371	20.890	0	14.098
swarm_49_186.pdb	13.480	25.187	0	14.052
swarm_4_139.pdb	16.175	33.833	0	13.644
swarm_19_27.pdb	14.374	29.909	0.0545455	13.192
swarm_28_137.pdb	16.139	29.534	0	13.011
swarm_7_83.pdb	12.691	20.541	0	13.010
swarm_46_40.pdb	14.875	23.084	0	12.782
swarm_13_162.pdb	12.852	20.458	0	12.640
swarm_12_199.pdb	16.697	27.637	0.0181818	12.615
swarm_51_27.pdb	15.351	27.224	0.0545455	12.471
swarm_0_197.pdb	10.790	16.975	0	12.342
swarm_50_181.pdb	13.719	23.924	0	12.296
swarm_35_168.pdb	11.769	18.022	0	12.145
swarm_22_87.pdb	11.466	30.016	0	12.028
swarm_19_85.pdb	15.512	28.490	0	11.961
swarm_7_190.pdb	8.596	24.130	0	11.911
swarm_45_94.pdb	12.406	21.693	0.0727273	11.831
swarm_12_33.pdb	10.545	18.621	0	11.595
swarm_23_38.pdb	12.017	42.219	0.163636	11.232
swarm_13_13.pdb	6.713	15.461	0.0545455	11.092
swarm_10_110.pdb	13.609	22.167	0.0363636	10.961
swarm_3_90.pdb	14.870	26.886	0	10.849
swarm_3_71.pdb	12.442	24.715	0	10.418
swarm_20_194.pdb	6.211	18.938	0.0181818	9.763
swarm_28_20.pdb	11.108	27.503	0	9.747
swarm_47_101.pdb	9.873	22.468	0.0545455	9.734
swarm_11_132.pdb	13.686	22.702	0	9.154
swarm_47_131.pdb	11.279	20.581	0	8.705
swarm_36_86.pdb	11.007	20.165	0	8.460
swarm_14_70.pdb	14.891	25.592	0	7.613
swarm_2_43.pdb	17.110	30.878	0	7.277
swarm_15_122.pdb	11.240	24.317	0	6.544
swarm_4_2.pdb	14.903	28.368	0	5.422
swarm_43_8.pdb	14.501	25.032	0.0181818	2.992
swarm_4_46.pdb	16.102	29.333	0	2.698
swarm_36_87.pdb	12.916	20.741	0	1.458
swarm_40_77.pdb	14.087	30.751	0	0.585
