swarm_44_117.pdb	14.192	38.204	0.109091	39.659
swarm_47_136.pdb	16.088	36.978	0	38.510
swarm_38_61.pdb	17.020	38.769	0	36.971
swarm_45_137.pdb	16.681	43.427	0	35.573
swarm_29_146.pdb	15.763	28.754	0.0181818	35.478
swarm_24_149.pdb	16.814	34.129	0.0727273	35.390
swarm_27_32.pdb	17.500	42.181	0	35.309
swarm_35_52.pdb	16.614	44.040	0.0181818	34.668
swarm_2_179.pdb	14.392	43.392	0.0181818	34.296
swarm_45_155.pdb	18.811	43.173	0	34.197
swarm_47_85.pdb	14.295	39.791	0	34.098
swarm_27_108.pdb	11.177	38.199	0	33.816
swarm_5_73.pdb	15.131	43.152	0	33.744
swarm_44_7.pdb	17.099	43.895	0	32.967
swarm_16_9.pdb	15.312	26.929	0	32.952
swarm_31_138.pdb	11.257	21.739	0	32.777
swarm_45_108.pdb	14.796	38.935	0.0363636	32.771
swarm_23_111.pdb	17.588	43.272	0.0545455	32.313
swarm_9_28.pdb	16.786	32.653	0.0545455	32.007
swarm_5_100.pdb	17.446	44.382	0.0363636	31.726
swarm_5_118.pdb	17.271	47.086	0	31.596
swarm_35_124.pdb	15.932	39.186	0.0181818	31.501
swarm_33_135.pdb	9.267	34.888	0	31.325
swarm_8_28.pdb	12.059	22.464	0	31.305
swarm_39_8.pdb	14.986	36.627	0	31.298
swarm_18_172.pdb	9.092	31.749	0.0181818	31.289
swarm_8_171.pdb	15.970	26.279	0	31.278
swarm_37_49.pdb	15.207	38.388	0	31.278
swarm_27_5.pdb	10.809	21.903	0.0909091	31.139
swarm_25_53.pdb	11.908	38.830	0	31.124
swarm_22_98.pdb	14.426	29.553	0	31.024
swarm_41_87.pdb	8.604	30.686	0.0181818	30.983
swarm_3_119.pdb	17.711	41.011	0	30.972
swarm_3_169.pdb	16.905	37.610	0	30.654
swarm_25_48.pdb	12.682	35.042	0	30.608
swarm_27_181.pdb	15.752	26.603	0	30.448
swarm_41_7.pdb	13.433	25.399	0	30.355
swarm_5_104.pdb	15.888	45.031	0	30.295
swarm_36_150.pdb	9.934	20.910	0.109091	29.963
swarm_5_179.pdb	14.913	27.993	0.0181818	29.906
swarm_10_5.pdb	9.141	32.156	0	29.798
swarm_1_87.pdb	13.416	33.999	0	29.701
swarm_21_193.pdb	16.070	29.131	0	29.505
swarm_5_77.pdb	12.643	21.499	0.0727273	29.501
swarm_20_31.pdb	8.422	31.867	0.0181818	29.479
swarm_46_29.pdb	18.128	45.799	0.0909091	29.424
swarm_25_161.pdb	7.045	11.835	0.163636	29.404
swarm_39_75.pdb	17.094	35.947	0	29.384
swarm_31_9.pdb	11.802	21.061	0	29.282
swarm_7_120.pdb	15.691	27.772	0	29.271
swarm_27_181.pdb	14.751	37.071	0.109091	29.255
swarm_35_183.pdb	8.977	32.170	0	29.189
swarm_46_109.pdb	17.692	48.429	0	29.146
swarm_8_97.pdb	17.069	32.848	0	28.795
swarm_3_141.pdb	12.431	21.282	0.0545455	28.781
swarm_27_127.pdb	8.921	21.654	0	28.758
swarm_4_185.pdb	13.659	39.910	0.109091	28.579
swarm_34_189.pdb	17.900	41.498	0	28.574
swarm_31_180.pdb	15.026	37.133	0	28.377
swarm_21_11.pdb	10.540	19.817	0	28.326
swarm_45_183.pdb	16.475	44.643	0.0363636	28.171
swarm_26_155.pdb	13.587	23.498	0.0727273	28.025
swarm_23_44.pdb	15.528	36.783	0	27.894
swarm_35_92.pdb	11.858	34.084	0	27.827
swarm_4_199.pdb	15.968	28.202	0.0545455	27.808
swarm_19_89.pdb	12.888	34.807	0	27.585
swarm_31_79.pdb	13.673	23.297	0	27.582
swarm_2_17.pdb	15.449	35.060	0	27.536
swarm_18_131.pdb	14.061	28.106	0	27.521
swarm_23_119.pdb	17.011	27.544	0.0363636	27.513
swarm_1_188.pdb	16.496	39.762	0	27.435
swarm_5_85.pdb	12.330	19.769	0	27.418
swarm_8_186.pdb	14.853	33.218	0.0181818	27.363
swarm_10_110.pdb	14.766	36.844	0	27.304
swarm_22_132.pdb	13.058	30.726	0	27.296
swarm_25_140.pdb	10.472	36.750	0	27.285
swarm_45_65.pdb	15.369	43.369	0	27.280
swarm_5_183.pdb	17.167	37.002	0	27.276
swarm_47_113.pdb	18.221	38.157	0	27.243
swarm_31_192.pdb	9.253	20.134	0.109091	27.159
swarm_38_92.pdb	16.694	35.589	0	27.088
swarm_26_36.pdb	12.929	38.745	0	27.023
swarm_3_89.pdb	17.714	36.452	0	27.020
swarm_23_116.pdb	15.065	37.590	0	26.965
swarm_26_90.pdb	17.257	37.473	0	26.959
swarm_17_177.pdb	9.001	25.328	0.0727273	26.905
swarm_31_19.pdb	7.113	22.697	0.0545455	26.899
swarm_2_32.pdb	11.407	31.635	0	26.888
swarm_31_166.pdb	15.215	26.867	0	26.832
swarm_27_114.pdb	17.829	42.475	0	26.826
swarm_39_25.pdb	14.375	31.388	0.0181818	26.788
swarm_35_56.pdb	17.715	38.978	0	26.633
swarm_9_94.pdb	16.244	36.158	0	26.628
swarm_40_61.pdb	11.806	21.309	0.0727273	26.490
swarm_19_77.pdb	11.498	22.665	0	26.468
swarm_1_28.pdb	17.103	35.375	0	26.430
swarm_22_116.pdb	11.562	19.992	0.0181818	26.334
swarm_26_43.pdb	12.188	18.405	0	26.126
swarm_8_192.pdb	13.633	27.150	0	26.088
swarm_2_39.pdb	18.151	36.066	0	26.051
swarm_44_105.pdb	17.221	39.763	0	26.049
swarm_20_132.pdb	14.835	31.797	0.0363636	26.042
swarm_10_120.pdb	8.591	24.777	0	26.005
swarm_2_194.pdb	9.930	32.692	0	25.926
swarm_39_137.pdb	17.820	35.682	0	25.891
swarm_23_81.pdb	14.729	22.088	0	25.864
swarm_7_1.pdb	8.293	16.153	0.0909091	25.860
swarm_11_196.pdb	9.467	24.261	0	25.836
swarm_38_168.pdb	14.582	31.837	0.0363636	25.788
swarm_41_166.pdb	17.892	36.606	0	25.783
swarm_9_4.pdb	10.924	32.411	0	25.753
swarm_13_165.pdb	9.863	16.056	0.0181818	25.745
swarm_23_167.pdb	15.725	33.591	0	25.744
swarm_47_145.pdb	13.012	37.383	0	25.741
swarm_18_140.pdb	8.961	24.132	0	25.673
swarm_60_30.pdb	15.887	32.349	0	25.628
swarm_6_174.pdb	13.097	33.379	0	25.526
swarm_48_43.pdb	7.109	27.703	0.0363636	25.519
swarm_19_15.pdb	14.612	36.577	0.0545455	25.515
swarm_20_122.pdb	15.740	34.331	0.0363636	25.495
swarm_1_23.pdb	16.369	39.455	0	25.473
swarm_49_13.pdb	9.471	22.481	0	25.452
swarm_39_170.pdb	11.886	24.747	0	25.419
swarm_46_4.pdb	7.810	20.882	0	25.399
swarm_6_100.pdb	10.927	21.330	0	25.367
swarm_19_151.pdb	14.243	20.963	0	25.317
swarm_0_1.pdb	14.954	27.136	0	25.299
swarm_8_163.pdb	8.512	22.073	0	25.207
swarm_3_164.pdb	15.182	45.789	0.0181818	25.117
swarm_8_158.pdb	14.784	34.134	0	25.116
swarm_46_130.pdb	7.667	24.879	0.0545455	25.094
swarm_0_61.pdb	14.178	26.846	0.0363636	25.093
swarm_35_70.pdb	18.205	37.064	0	25.087
swarm_8_67.pdb	12.813	26.160	0	25.073
swarm_26_125.pdb	17.243	36.352	0	25.059
swarm_45_82.pdb	19.824	46.761	0	25.056
swarm_34_80.pdb	18.205	35.652	0	25.028
swarm_27_199.pdb	12.668	36.266	0	24.960
swarm_8_193.pdb	11.538	30.850	0.0363636	24.942
swarm_18_36.pdb	15.480	26.972	0	24.885
swarm_0_195.pdb	9.608	24.577	0	24.808
swarm_48_131.pdb	13.382	33.078	0	24.695
swarm_10_11.pdb	16.833	29.248	0.0181818	24.677
swarm_10_101.pdb	13.707	33.042	0	24.658
swarm_7_3.pdb	8.814	27.280	0.0181818	24.657
swarm_39_5.pdb	18.424	39.433	0	24.486
swarm_20_150.pdb	17.130	35.305	0	24.460
swarm_24_132.pdb	13.589	25.933	0	24.436
swarm_44_71.pdb	18.808	38.250	0	24.375
swarm_34_43.pdb	7.638	29.054	0	24.365
swarm_17_143.pdb	13.457	33.893	0	24.334
swarm_19_0.pdb	15.869	35.430	0	24.313
swarm_10_59.pdb	15.103	26.254	0.0545455	24.307
swarm_38_90.pdb	10.325	29.337	0	24.259
swarm_6_73.pdb	12.195	23.033	0	24.207
swarm_57_115.pdb	12.203	20.956	0.0909091	24.186
swarm_8_147.pdb	12.939	32.015	0	24.164
swarm_32_88.pdb	15.427	37.862	0	24.161
swarm_1_160.pdb	16.166	39.186	0.0181818	24.085
swarm_44_190.pdb	10.475	30.561	0	24.036
swarm_19_80.pdb	13.617	36.847	0	24.031
swarm_0_190.pdb	12.419	21.702	0	24.012
swarm_4_133.pdb	18.601	44.623	0	23.983
swarm_32_193.pdb	11.062	34.294	0	23.955
swarm_16_149.pdb	11.981	16.801	0	23.953
swarm_41_127.pdb	14.136	27.146	0	23.937
swarm_13_88.pdb	13.854	25.681	0	23.812
swarm_19_72.pdb	10.484	27.135	0	23.802
swarm_4_131.pdb	15.448	43.420	0	23.775
swarm_29_196.pdb	15.647	25.473	0.0181818	23.762
swarm_8_172.pdb	16.760	29.546	0.0363636	23.725
swarm_35_51.pdb	16.227	40.768	0	23.653
swarm_38_161.pdb	16.341	32.069	0	23.648
swarm_34_38.pdb	15.228	28.014	0.0727273	23.607
swarm_17_12.pdb	17.339	32.581	0	23.585
swarm_18_5.pdb	15.528	35.462	0.109091	23.565
swarm_1_84.pdb	18.161	35.800	0	23.473
swarm_40_68.pdb	15.715	25.971	0	23.446
swarm_35_112.pdb	10.810	34.648	0	23.402
swarm_7_125.pdb	15.443	27.183	0	23.389
swarm_17_90.pdb	13.523	26.253	0	23.311
swarm_18_174.pdb	11.747	22.878	0	23.301
swarm_3_136.pdb	12.726	21.502	0	23.299
swarm_37_153.pdb	16.315	38.519	0	23.271
swarm_37_181.pdb	19.347	40.077	0	23.257
swarm_34_46.pdb	17.163	33.900	0	23.221
swarm_4_177.pdb	9.553	17.004	0.0181818	23.137
swarm_22_11.pdb	11.978	23.997	0.0909091	23.033
swarm_16_8.pdb	9.865	17.509	0.0545455	22.917
swarm_32_39.pdb	14.779	29.200	0	22.889
swarm_19_132.pdb	14.238	31.660	0	22.877
swarm_51_28.pdb	15.500	28.171	0.0545455	22.876
swarm_15_175.pdb	12.421	21.720	0	22.845
swarm_43_124.pdb	9.836	15.538	0.0545455	22.719
swarm_32_180.pdb	13.090	34.431	0	22.697
swarm_20_31.pdb	13.750	33.201	0	22.694
swarm_14_199.pdb	10.284	20.254	0.0545455	22.690
swarm_26_194.pdb	15.807	26.039	0	22.655
swarm_37_39.pdb	13.089	33.657	0	22.628
swarm_36_62.pdb	13.528	31.773	0	22.585
swarm_21_172.pdb	17.436	34.900	0	22.583
swarm_31_17.pdb	10.584	31.486	0	22.515
swarm_29_136.pdb	11.015	24.896	0.0363636	22.457
swarm_20_104.pdb	15.325	32.590	0	22.411
swarm_20_120.pdb	11.788	32.154	0	22.322
swarm_29_138.pdb	16.622	32.553	0	22.315
swarm_38_62.pdb	18.472	37.858	0	22.306
swarm_32_127.pdb	13.547	23.799	0	22.304
swarm_29_62.pdb	13.496	21.385	0	22.286
swarm_19_12.pdb	15.780	30.888	0	22.247
swarm_32_115.pdb	13.852	28.299	0	22.242
swarm_39_97.pdb	14.548	36.814	0	22.211
swarm_29_87.pdb	9.519	17.508	0.0363636	22.176
swarm_2_40.pdb	16.332	30.072	0	22.174
swarm_14_172.pdb	16.022	29.441	0	22.169
swarm_7_6.pdb	17.368	34.454	0	22.163
swarm_11_67.pdb	16.680	32.511	0	22.153
swarm_26_194.pdb	12.217	31.690	0	22.128
swarm_10_30.pdb	8.917	20.455	0.0545455	22.103
swarm_12_77.pdb	9.224	23.020	0	22.055
swarm_22_44.pdb	12.967	31.001	0.0181818	22.010
swarm_16_24.pdb	6.898	15.907	0.2	21.985
swarm_29_197.pdb	14.199	23.215	0.0909091	21.959
swarm_32_52.pdb	11.707	31.693	0.0363636	21.953
swarm_42_16.pdb	11.858	20.100	0.0181818	21.924
swarm_42_66.pdb	13.921	23.347	0.0181818	21.917
swarm_3_156.pdb	3.795	9.951	0.345455	21.915
swarm_24_128.pdb	17.286	36.048	0	21.913
swarm_28_75.pdb	13.961	37.408	0	21.905
swarm_31_117.pdb	10.809	34.578	0	21.901
swarm_19_50.pdb	7.524	24.085	0.0545455	21.900
swarm_7_24.pdb	10.579	19.068	0	21.896
swarm_28_110.pdb	11.132	28.944	0	21.869
swarm_19_76.pdb	15.488	26.567	0	21.818
swarm_34_47.pdb	10.491	26.763	0	21.779
swarm_21_63.pdb	16.608	32.016	0	21.763
swarm_33_86.pdb	16.192	37.148	0	21.690
swarm_9_80.pdb	14.411	30.052	0	21.672
swarm_25_21.pdb	12.090	17.844	0	21.649
swarm_26_170.pdb	11.172	20.065	0	21.648
swarm_38_177.pdb	13.324	33.043	0.0363636	21.610
swarm_23_30.pdb	15.634	27.302	0	21.603
swarm_21_100.pdb	12.070	22.044	0.0363636	21.602
swarm_40_170.pdb	13.359	23.715	0.0363636	21.587
swarm_19_146.pdb	13.450	37.334	0	21.587
swarm_27_99.pdb	13.337	25.228	0.0181818	21.533
swarm_1_44.pdb	16.817	36.367	0	21.485
swarm_22_184.pdb	17.221	38.419	0	21.479
swarm_1_103.pdb	6.794	14.735	0.163636	21.468
swarm_8_151.pdb	14.373	31.688	0	21.456
swarm_20_53.pdb	11.000	33.698	0.0181818	21.450
swarm_2_94.pdb	16.444	41.909	0	21.430
swarm_0_194.pdb	8.450	18.353	0	21.429
swarm_45_170.pdb	15.303	32.770	0	21.365
swarm_51_155.pdb	16.891	32.532	0	21.349
swarm_57_2.pdb	12.651	19.361	0	21.278
swarm_11_146.pdb	10.281	18.462	0.0545455	21.239
swarm_20_192.pdb	17.276	34.094	0	21.230
swarm_15_143.pdb	11.598	21.790	0	21.181
swarm_49_199.pdb	13.879	34.097	0	21.177
swarm_46_112.pdb	15.535	28.702	0	21.124
swarm_22_82.pdb	8.397	16.485	0.0909091	21.103
swarm_9_37.pdb	9.425	32.072	0	21.082
swarm_5_110.pdb	18.747	47.527	0	21.074
swarm_27_48.pdb	17.930	36.340	0	21.069
swarm_13_9.pdb	13.827	27.096	0	21.033
swarm_32_104.pdb	9.309	26.238	0	21.012
swarm_38_0.pdb	11.936	22.613	0	20.946
swarm_8_76.pdb	14.234	33.036	0.0363636	20.926
swarm_8_190.pdb	11.719	30.502	0.0363636	20.890
swarm_13_35.pdb	12.534	24.975	0	20.878
swarm_44_55.pdb	17.804	39.859	0	20.825
swarm_23_134.pdb	16.994	34.269	0	20.823
swarm_48_0.pdb	9.004	31.141	0.0727273	20.740
swarm_9_22.pdb	16.521	38.762	0	20.737
swarm_3_143.pdb	12.277	21.775	0.0909091	20.719
swarm_19_124.pdb	16.518	26.840	0	20.696
swarm_22_26.pdb	14.081	29.668	0	20.676
swarm_26_51.pdb	13.053	35.402	0	20.639
swarm_20_178.pdb	16.119	37.049	0	20.592
swarm_11_150.pdb	17.099	32.046	0	20.582
swarm_11_134.pdb	17.796	31.134	0.0727273	20.555
swarm_13_51.pdb	12.373	19.071	0	20.541
swarm_21_18.pdb	9.382	23.557	0.0545455	20.465
swarm_31_5.pdb	12.492	22.693	0	20.433
swarm_0_43.pdb	16.662	30.136	0	20.429
swarm_34_28.pdb	17.495	37.969	0	20.372
swarm_4_57.pdb	16.085	39.929	0	20.350
swarm_23_184.pdb	16.667	27.918	0	20.336
swarm_43_90.pdb	6.297	12.419	0.0363636	20.305
swarm_23_112.pdb	14.705	41.155	0	20.249
swarm_6_111.pdb	13.814	33.959	0.0363636	20.229
swarm_17_150.pdb	6.675	17.391	0.0363636	20.222
swarm_11_186.pdb	8.949	15.496	0	20.194
swarm_40_104.pdb	12.984	22.342	0.0909091	20.169
swarm_43_80.pdb	11.651	19.011	0	20.161
swarm_26_1.pdb	16.963	35.366	0	20.158
swarm_1_110.pdb	14.737	36.228	0	20.158
swarm_19_26.pdb	6.111	15.966	0.0181818	20.150
swarm_25_70.pdb	10.415	26.350	0	20.145
swarm_42_144.pdb	10.412	18.475	0.0181818	20.133
swarm_23_146.pdb	16.064	38.641	0.0181818	20.129
swarm_28_31.pdb	14.313	33.106	0	20.114
swarm_35_174.pdb	16.876	32.554	0	20.094
swarm_27_180.pdb	12.212	20.221	0	20.057
swarm_10_44.pdb	16.812	33.249	0	20.020
swarm_16_94.pdb	14.416	27.669	0.0363636	20.008
swarm_16_150.pdb	10.145	21.428	0.0181818	19.975
swarm_26_185.pdb	17.242	36.063	0	19.959
swarm_35_174.pdb	13.770	30.859	0	19.933
swarm_32_153.pdb	14.602	28.375	0.0545455	19.928
swarm_28_53.pdb	18.289	36.598	0	19.922
swarm_19_93.pdb	14.000	29.982	0	19.902
swarm_19_130.pdb	11.526	22.923	0.0727273	19.870
swarm_4_135.pdb	16.466	28.295	0	19.854
swarm_32_19.pdb	16.178	33.680	0	19.832
swarm_29_178.pdb	13.736	27.418	0	19.796
swarm_15_199.pdb	15.790	28.767	0	19.796
swarm_11_49.pdb	16.247	26.405	0.0181818	19.758
swarm_25_138.pdb	14.763	23.860	0	19.732
swarm_0_81.pdb	14.462	24.745	0	19.670
swarm_32_152.pdb	17.379	35.473	0	19.661
swarm_24_62.pdb	10.573	35.302	0	19.643
swarm_25_81.pdb	11.452	19.955	0.0181818	19.627
swarm_2_81.pdb	16.979	34.398	0	19.621
swarm_20_31.pdb	15.575	27.379	0	19.579
swarm_24_153.pdb	16.085	34.969	0	19.517
swarm_13_97.pdb	12.347	21.580	0	19.517
swarm_4_46.pdb	14.554	27.015	0	19.431
swarm_25_129.pdb	10.521	18.318	0	19.426
swarm_0_118.pdb	14.827	27.241	0	19.390
swarm_19_22.pdb	12.666	22.035	0	19.356
swarm_13_6.pdb	6.035	14.699	0.109091	19.300
swarm_14_134.pdb	10.377	19.419	0	19.253
swarm_48_134.pdb	12.484	26.833	0	19.249
swarm_56_110.pdb	7.187	20.913	0.0727273	19.248
swarm_4_95.pdb	13.997	23.987	0.0181818	19.186
swarm_9_177.pdb	13.591	27.971	0	19.158
swarm_32_47.pdb	17.232	39.208	0	19.134
swarm_26_153.pdb	9.382	33.249	0	19.134
swarm_29_15.pdb	12.206	19.732	0	19.111
swarm_22_30.pdb	10.042	29.697	0.0545455	19.102
swarm_4_83.pdb	16.061	27.025	0	19.025
swarm_11_47.pdb	18.053	31.582	0	19.001
swarm_59_62.pdb	14.158	24.427	0.0181818	18.942
swarm_7_163.pdb	12.564	21.551	0.0181818	18.926
swarm_39_49.pdb	16.443	39.172	0.0363636	18.925
swarm_17_192.pdb	12.369	24.651	0	18.918
swarm_12_99.pdb	15.573	30.778	0	18.868
swarm_19_101.pdb	13.182	22.740	0	18.858
swarm_40_22.pdb	13.555	20.923	0	18.857
swarm_49_119.pdb	13.821	29.962	0	18.852
swarm_10_91.pdb	13.024	23.651	0	18.812
swarm_13_69.pdb	11.107	18.572	0	18.808
swarm_52_129.pdb	15.792	25.369	0	18.803
swarm_15_98.pdb	13.606	21.533	0	18.791
swarm_31_137.pdb	10.269	16.455	0	18.772
swarm_12_147.pdb	14.330	23.794	0.0727273	18.708
swarm_60_121.pdb	8.568	19.588	0.0181818	18.694
swarm_17_102.pdb	16.482	34.071	0.0363636	18.690
swarm_25_104.pdb	12.145	20.932	0.0909091	18.668
swarm_37_172.pdb	16.056	29.916	0	18.631
swarm_45_159.pdb	15.927	27.465	0	18.617
swarm_14_176.pdb	9.731	24.980	0	18.592
swarm_30_17.pdb	11.550	29.542	0	18.552
swarm_14_40.pdb	13.014	23.707	0.0181818	18.516
swarm_11_82.pdb	13.626	20.107	0	18.507
swarm_25_101.pdb	12.456	19.507	0	18.483
swarm_7_116.pdb	9.590	19.315	0	18.465
swarm_40_30.pdb	11.835	21.339	0	18.452
swarm_41_104.pdb	16.596	26.279	0.0363636	18.423
swarm_24_99.pdb	16.828	36.120	0	18.416
swarm_45_145.pdb	7.085	22.308	0.127273	18.398
swarm_19_53.pdb	10.452	17.583	0.0181818	18.374
swarm_8_6.pdb	14.670	27.408	0	18.370
swarm_23_107.pdb	10.524	18.891	0.0727273	18.369
swarm_32_101.pdb	14.983	35.018	0	18.363
swarm_26_197.pdb	16.497	26.087	0.0545455	18.324
swarm_26_133.pdb	7.978	28.956	0.0363636	18.308
swarm_6_190.pdb	15.851	26.943	0	18.291
swarm_39_18.pdb	14.821	32.898	0	18.275
swarm_42_98.pdb	11.155	17.140	0	18.269
swarm_18_167.pdb	16.536	26.922	0.0727273	18.078
swarm_2_106.pdb	17.950	36.478	0	18.063
swarm_19_143.pdb	12.728	21.390	0	18.007
swarm_7_46.pdb	12.322	29.561	0	17.961
swarm_20_22.pdb	13.287	39.825	0	17.939
swarm_26_85.pdb	12.285	28.033	0.0181818	17.912
swarm_59_118.pdb	14.095	24.524	0.145455	17.891
swarm_27_111.pdb	7.020	15.316	0	17.890
swarm_49_139.pdb	6.733	20.917	0.0181818	17.812
swarm_9_173.pdb	11.887	20.063	0.0363636	17.767
swarm_39_6.pdb	14.804	30.452	0.0727273	17.767
swarm_11_181.pdb	18.132	34.201	0	17.746
swarm_23_127.pdb	7.459	23.005	0.0363636	17.690
swarm_35_28.pdb	17.293	43.489	0	17.687
swarm_12_10.pdb	17.059	30.311	0.0363636	17.684
swarm_10_167.pdb	13.648	31.684	0.0363636	17.663
swarm_23_110.pdb	17.659	33.885	0	17.644
swarm_31_47.pdb	13.516	24.470	0	17.634
swarm_27_130.pdb	11.623	22.111	0	17.632
swarm_8_111.pdb	14.057	33.798	0.0363636	17.624
swarm_46_169.pdb	11.389	22.895	0	17.613
swarm_18_68.pdb	9.997	34.876	0	17.552
swarm_11_64.pdb	16.998	28.556	0	17.496
swarm_2_18.pdb	4.909	19.320	0.236364	17.451
swarm_20_77.pdb	13.965	29.414	0	17.444
swarm_20_41.pdb	15.670	28.974	0	17.444
swarm_13_82.pdb	9.819	19.089	0	17.442
swarm_52_31.pdb	12.116	18.544	0	17.436
swarm_27_106.pdb	16.392	27.042	0.0181818	17.421
swarm_45_23.pdb	14.252	26.250	0.0181818	17.390
swarm_13_85.pdb	9.134	19.060	0.0181818	17.340
swarm_4_166.pdb	14.757	23.080	0	17.331
swarm_13_34.pdb	8.304	20.177	0.109091	17.250
swarm_9_142.pdb	14.907	26.284	0.0181818	17.232
swarm_38_141.pdb	12.557	27.192	0.0181818	17.226
swarm_38_104.pdb	17.609	35.350	0	17.215
swarm_8_166.pdb	10.736	37.456	0	17.205
swarm_18_150.pdb	18.590	42.678	0	17.183
swarm_25_49.pdb	13.727	21.652	0	17.168
swarm_12_127.pdb	13.340	20.228	0	17.126
swarm_11_41.pdb	14.686	28.149	0	17.064
swarm_31_104.pdb	16.445	29.741	0	17.056
swarm_37_85.pdb	15.707	37.434	0	17.055
swarm_6_146.pdb	16.783	32.978	0	17.009
swarm_13_170.pdb	10.239	22.891	0	16.993
swarm_8_43.pdb	15.030	30.436	0	16.962
swarm_9_106.pdb	14.675	31.626	0	16.915
swarm_17_75.pdb	12.235	22.950	0	16.900
swarm_34_195.pdb	11.276	22.342	0	16.884
swarm_27_29.pdb	12.922	22.728	0	16.871
swarm_33_168.pdb	15.654	38.942	0	16.832
swarm_13_173.pdb	12.278	27.203	0	16.814
swarm_7_112.pdb	14.444	23.278	0	16.810
swarm_9_179.pdb	14.880	25.606	0	16.770
swarm_10_95.pdb	9.877	24.423	0	16.761
swarm_32_94.pdb	16.103	32.500	0	16.732
swarm_31_31.pdb	13.152	21.625	0.0181818	16.723
swarm_20_42.pdb	7.752	24.077	0.0181818	16.722
swarm_7_110.pdb	16.233	29.845	0	16.704
swarm_7_88.pdb	13.557	19.448	0	16.692
swarm_13_80.pdb	16.006	25.503	0	16.673
swarm_13_68.pdb	14.254	26.943	0	16.660
swarm_27_59.pdb	17.671	38.333	0	16.622
swarm_3_20.pdb	14.915	21.576	0	16.609
swarm_16_42.pdb	13.008	18.965	0	16.536
swarm_45_159.pdb	18.747	44.907	0	16.475
swarm_34_78.pdb	15.948	29.506	0	16.470
swarm_28_135.pdb	16.016	33.004	0	16.392
swarm_27_131.pdb	11.171	32.176	0	16.363
swarm_19_132.pdb	15.481	33.265	0	16.320
swarm_40_95.pdb	14.153	23.276	0	16.309
swarm_30_133.pdb	14.884	25.282	0	16.282
swarm_23_128.pdb	17.263	44.288	0	16.232
swarm_3_157.pdb	7.503	17.589	0.0909091	16.181
swarm_23_182.pdb	10.194	18.610	0.0181818	16.179
swarm_21_167.pdb	9.170	15.427	0	16.176
swarm_0_133.pdb	12.989	21.299	0	16.130
swarm_34_162.pdb	5.473	19.151	0.181818	16.089
swarm_10_8.pdb	15.376	22.698	0	16.069
swarm_12_119.pdb	14.754	26.819	0.0545455	16.045
swarm_0_193.pdb	12.802	27.400	0	16.044
swarm_7_21.pdb	15.986	26.168	0	16.035
swarm_26_168.pdb	10.417	21.347	0	15.996
swarm_6_75.pdb	17.520	38.067	0	15.980
swarm_10_125.pdb	11.141	23.758	0.0363636	15.866
swarm_6_61.pdb	9.161	25.513	0.0363636	15.858
swarm_17_81.pdb	11.035	29.841	0	15.846
swarm_15_29.pdb	8.792	26.056	0.0727273	15.832
swarm_51_99.pdb	14.030	26.447	0	15.736
swarm_7_30.pdb	13.887	33.438	0	15.723
swarm_12_91.pdb	8.162	12.771	0	15.711
swarm_7_176.pdb	13.019	19.867	0	15.688
swarm_7_10.pdb	17.367	29.483	0	15.674
swarm_29_57.pdb	15.808	30.197	0	15.609
swarm_45_138.pdb	6.203	15.570	0.109091	15.582
swarm_0_161.pdb	15.410	25.372	0.0909091	15.567
swarm_43_50.pdb	9.815	25.759	0	15.556
swarm_42_88.pdb	13.918	22.169	0	15.450
swarm_27_159.pdb	14.356	25.552	0	15.450
swarm_26_171.pdb	9.687	27.760	0	15.445
swarm_12_97.pdb	16.138	25.304	0	15.392
swarm_1_31.pdb	13.356	25.238	0.0181818	15.361
swarm_5_39.pdb	8.558	19.387	0.0363636	15.295
swarm_45_59.pdb	14.126	25.454	0	15.260
swarm_1_6.pdb	13.346	27.789	0.0727273	15.182
swarm_38_132.pdb	10.350	26.349	0	15.170
swarm_25_100.pdb	12.612	21.763	0.0181818	15.065
swarm_28_168.pdb	9.772	30.672	0.0363636	15.063
swarm_12_45.pdb	10.975	21.078	0	15.005
swarm_16_111.pdb	15.540	28.686	0	14.995
swarm_4_45.pdb	10.924	20.408	0	14.930
swarm_12_137.pdb	11.473	23.053	0	14.895
swarm_6_4.pdb	10.976	30.117	0.127273	14.858
swarm_10_170.pdb	14.802	26.381	0	14.837
swarm_25_95.pdb	10.705	16.721	0	14.762
swarm_46_48.pdb	15.264	30.931	0	14.719
swarm_10_86.pdb	8.869	22.405	0	14.665
swarm_13_162.pdb	10.564	19.276	0.109091	14.646
swarm_45_38.pdb	14.477	30.269	0	14.598
swarm_9_3.pdb	11.053	23.599	0	14.537
swarm_6_89.pdb	10.008	24.060	0	14.427
swarm_6_118.pdb	17.934	38.056	0	14.397
swarm_24_75.pdb	15.777	34.398	0	14.320
swarm_31_2.pdb	14.295	27.536	0	14.300
swarm_27_125.pdb	15.376	29.026	0.0545455	14.277
swarm_11_69.pdb	19.641	37.661	0.0181818	14.241
swarm_25_60.pdb	13.091	26.356	0	14.225
swarm_37_21.pdb	18.862	40.218	0	14.172
swarm_55_42.pdb	13.365	20.485	0	14.115
swarm_3_158.pdb	16.297	30.254	0	14.105
swarm_16_176.pdb	15.745	25.357	0	14.054
swarm_9_2.pdb	15.910	37.339	0	13.871
swarm_24_154.pdb	13.518	29.554	0	13.849
swarm_3_155.pdb	14.418	25.097	0	13.748
swarm_34_22.pdb	15.585	31.340	0	13.701
swarm_46_60.pdb	4.044	10.199	0.2	13.681
swarm_12_65.pdb	17.303	29.848	0	13.545
swarm_23_69.pdb	18.116	29.476	0.0181818	13.542
swarm_27_57.pdb	4.908	15.881	0.145455	13.463
swarm_8_17.pdb	12.980	25.001	0	13.436
swarm_32_26.pdb	16.385	38.958	0.0363636	13.434
swarm_38_29.pdb	19.267	40.147	0	13.413
swarm_25_54.pdb	16.969	31.331	0	13.409
swarm_25_167.pdb	14.136	28.242	0	13.383
swarm_3_194.pdb	15.800	26.980	0	13.326
swarm_20_168.pdb	13.579	29.675	0	13.217
swarm_31_130.pdb	12.846	18.306	0	13.174
swarm_45_168.pdb	14.474	24.349	0.0363636	13.050
swarm_19_72.pdb	17.336	32.880	0	13.030
swarm_19_25.pdb	8.441	18.201	0	12.845
swarm_25_69.pdb	14.618	32.618	0	12.783
swarm_48_122.pdb	12.973	25.060	0.0363636	12.668
swarm_42_95.pdb	14.673	27.035	0	12.383
swarm_26_148.pdb	11.131	31.807	0	12.187
swarm_14_116.pdb	15.795	27.692	0	12.153
swarm_15_9.pdb	15.766	27.307	0	12.136
swarm_0_25.pdb	11.114	17.752	0	12.125
swarm_30_196.pdb	11.719	27.624	0.0545455	12.110
swarm_24_139.pdb	17.865	32.964	0	12.077
swarm_1_32.pdb	17.536	30.053	0.0363636	11.863
swarm_20_49.pdb	14.887	28.515	0	11.820
swarm_18_8.pdb	18.809	42.912	0	11.631
swarm_27_77.pdb	18.022	34.679	0	11.564
swarm_46_74.pdb	17.842	42.706	0	11.538
swarm_0_54.pdb	11.018	17.521	0	11.428
swarm_4_178.pdb	7.894	14.225	0.0181818	11.420
swarm_23_22.pdb	5.670	18.061	0.181818	11.417
swarm_9_4.pdb	18.418	37.737	0	11.392
swarm_21_117.pdb	14.557	23.916	0	11.391
swarm_21_157.pdb	11.142	22.482	0.0181818	11.330
swarm_32_66.pdb	14.457	25.586	0	11.234
swarm_2_43.pdb	15.683	41.290	0	11.219
swarm_49_136.pdb	17.064	33.528	0	11.214
swarm_19_185.pdb	13.575	31.113	0	11.164
swarm_4_89.pdb	14.365	23.251	0.0363636	10.886
swarm_15_104.pdb	18.077	29.039	0.0363636	10.870
swarm_51_136.pdb	16.617	30.859	0	10.864
swarm_60_6.pdb	14.805	28.327	0	10.716
swarm_46_110.pdb	13.998	33.331	0	10.453
swarm_58_30.pdb	11.102	20.691	0	9.946
swarm_2_38.pdb	14.601	43.376	0	9.897
swarm_19_34.pdb	15.783	35.318	0	9.744
swarm_10_107.pdb	8.874	25.744	0	9.600
swarm_28_162.pdb	19.872	40.832	0	9.536
swarm_47_165.pdb	13.275	23.002	0.0727273	9.194
swarm_11_118.pdb	10.860	21.951	0.0727273	9.136
swarm_24_114.pdb	16.865	31.805	0.0181818	8.519
swarm_7_9.pdb	15.744	26.480	0	8.426
swarm_34_67.pdb	16.804	40.230	0	7.761
swarm_12_29.pdb	14.514	26.660	0	7.522
swarm_32_45.pdb	8.546	18.191	0	7.428
swarm_20_10.pdb	12.972	29.846	0	7.112
swarm_13_186.pdb	7.624	17.939	0	6.863
swarm_32_105.pdb	16.423	33.178	0	5.337
swarm_8_99.pdb	16.162	27.223	0	5.143
swarm_23_6.pdb	7.418	32.030	0	4.554
swarm_44_59.pdb	17.243	38.450	0	4.391
swarm_14_131.pdb	15.153	27.357	0	4.267
swarm_7_92.pdb	17.020	34.114	0	4.003
swarm_9_109.pdb	8.308	13.482	0	3.550
swarm_42_136.pdb	11.732	19.765	0	3.295
swarm_42_31.pdb	13.448	21.578	0	3.171
swarm_24_40.pdb	11.770	32.940	0	3.044
swarm_40_140.pdb	14.789	23.561	0.0181818	2.633
swarm_16_1.pdb	11.084	17.018	0	2.501
swarm_2_49.pdb	15.745	37.356	0	2.499
swarm_38_121.pdb	17.341	32.803	0	2.487
swarm_31_20.pdb	13.565	22.856	0.0545455	1.718
swarm_29_72.pdb	14.875	31.943	0.0181818	1.438
swarm_4_113.pdb	14.727	37.969	0.163636	0.776
swarm_18_145.pdb	8.851	27.096	0.309091	0.076
