swarm_66_159.pdb	13.206	28.408	0	32.874
swarm_50_98.pdb	6.343	8.408	0.435897	31.852
swarm_66_94.pdb	9.547	20.987	0	30.381
swarm_49_148.pdb	7.039	11.882	0.282051	29.473
swarm_39_141.pdb	6.500	15.453	0.205128	29.059
swarm_61_145.pdb	6.033	15.627	0.128205	28.830
swarm_52_179.pdb	14.199	32.129	0	28.809
swarm_31_113.pdb	18.941	45.289	0	28.699
swarm_22_168.pdb	6.817	9.458	0.435897	27.967
swarm_29_175.pdb	7.416	18.795	0.179487	27.600
swarm_51_44.pdb	6.635	11.327	0.282051	27.462
swarm_34_108.pdb	5.412	5.799	0.435897	27.131
swarm_30_118.pdb	7.612	16.389	0.25641	27.040
swarm_40_70.pdb	6.553	13.125	0.282051	27.012
swarm_24_81.pdb	11.942	23.448	0	26.420
swarm_14_49.pdb	14.866	38.725	0	25.790
swarm_46_179.pdb	6.621	11.028	0.333333	25.773
swarm_20_55.pdb	4.936	5.484	0.435897	25.090
swarm_40_68.pdb	4.708	4.069	0.307692	24.110
swarm_25_163.pdb	6.664	14.410	0.025641	23.479
swarm_11_118.pdb	12.614	29.664	0	22.512
swarm_43_118.pdb	5.012	9.813	0.307692	22.251
swarm_30_139.pdb	7.931	14.727	0.025641	21.510
swarm_49_89.pdb	4.642	3.423	0.358974	21.051
swarm_54_73.pdb	7.945	26.370	0.025641	20.986
swarm_60_149.pdb	8.998	25.277	0.102564	20.219
swarm_17_198.pdb	8.635	16.661	0	19.441
swarm_23_67.pdb	7.777	17.292	0.128205	19.313
swarm_53_116.pdb	11.208	22.997	0.0512821	18.900
swarm_15_116.pdb	12.706	30.068	0	16.792
swarm_40_89.pdb	8.947	18.211	0	15.934
swarm_16_130.pdb	10.603	33.047	0.0512821	10.150
