swarm_23_165.pdb	18.056	40.335	0	43.055
swarm_1_79.pdb	17.192	32.532	0	35.339
swarm_30_61.pdb	16.115	35.737	0.0512821	34.648
swarm_42_8.pdb	20.195	38.174	0	30.961
swarm_8_147.pdb	14.375	23.705	0	30.475
swarm_21_5.pdb	21.563	36.902	0	30.253
swarm_20_52.pdb	15.322	28.523	0	29.661
swarm_2_13.pdb	11.900	23.075	0.025641	29.152
swarm_45_153.pdb	22.562	42.216	0	28.896
swarm_44_84.pdb	11.913	19.299	0	28.708
swarm_23_50.pdb	23.600	44.649	0	28.236
swarm_37_37.pdb	22.303	35.088	0	27.551
swarm_50_60.pdb	18.513	30.502	0	27.461
swarm_9_137.pdb	15.197	27.286	0	26.983
swarm_51_120.pdb	10.922	36.375	0	26.824
swarm_23_68.pdb	19.177	44.541	0	26.763
swarm_29_59.pdb	20.357	32.904	0	26.745
swarm_35_140.pdb	15.742	27.538	0	26.695
swarm_36_107.pdb	19.157	37.859	0	26.392
swarm_42_125.pdb	13.711	33.183	0	26.280
swarm_44_110.pdb	19.762	35.311	0.0512821	26.060
swarm_7_18.pdb	20.125	32.568	0.025641	25.931
swarm_50_41.pdb	17.286	30.930	0	25.685
swarm_2_26.pdb	17.139	28.440	0	25.618
swarm_9_9.pdb	15.991	31.362	0.025641	25.445
swarm_43_44.pdb	18.086	39.048	0	25.414
swarm_6_160.pdb	16.856	32.098	0	25.378
swarm_26_35.pdb	18.792	32.134	0.025641	24.908
swarm_20_44.pdb	18.770	37.439	0	24.854
swarm_24_13.pdb	19.467	33.456	0	24.363
swarm_36_6.pdb	19.469	38.012	0	24.103
swarm_7_146.pdb	10.944	16.119	0	23.965
swarm_24_70.pdb	21.291	37.198	0	23.704
swarm_6_174.pdb	15.565	27.328	0	23.452
swarm_7_22.pdb	17.710	29.138	0	23.324
swarm_7_42.pdb	16.314	28.473	0.025641	23.193
swarm_7_139.pdb	15.573	27.877	0	23.137
swarm_31_33.pdb	11.280	21.144	0	23.048
swarm_35_154.pdb	9.744	21.986	0	22.884
swarm_25_68.pdb	17.574	37.216	0	22.721
swarm_21_66.pdb	20.449	38.398	0	22.667
swarm_10_5.pdb	17.568	35.119	0	22.331
swarm_26_136.pdb	14.403	30.400	0	22.243
swarm_31_113.pdb	15.274	25.532	0	22.011
swarm_9_55.pdb	14.344	24.362	0	21.943
swarm_26_32.pdb	19.516	33.926	0	21.874
swarm_31_64.pdb	18.482	32.004	0	21.828
swarm_37_186.pdb	20.542	31.951	0	21.578
swarm_44_68.pdb	15.578	34.887	0	21.577
swarm_28_197.pdb	23.811	48.052	0	21.566
swarm_25_99.pdb	20.547	40.490	0	21.445
swarm_24_51.pdb	16.587	32.963	0	21.258
swarm_20_86.pdb	18.064	35.969	0.0512821	21.235
swarm_2_167.pdb	19.509	34.952	0	21.198
swarm_21_111.pdb	12.757	30.815	0	21.152
swarm_31_120.pdb	7.622	15.724	0.025641	21.002
swarm_9_154.pdb	14.063	27.027	0.0512821	20.986
swarm_31_51.pdb	14.536	22.655	0	20.855
swarm_31_5.pdb	21.744	37.416	0.0512821	20.855
swarm_23_160.pdb	18.109	43.829	0	20.739
swarm_9_11.pdb	20.017	36.093	0	20.587
swarm_9_161.pdb	16.820	35.283	0	20.567
swarm_19_142.pdb	8.785	17.523	0.025641	20.553
swarm_9_190.pdb	20.129	35.175	0.025641	20.251
swarm_45_54.pdb	12.517	31.789	0.102564	20.233
swarm_9_83.pdb	17.659	33.311	0	20.028
swarm_52_70.pdb	15.996	29.201	0	19.998
swarm_10_23.pdb	21.454	42.850	0	19.831
swarm_4_49.pdb	15.426	30.305	0	19.828
swarm_8_166.pdb	14.337	21.529	0	19.557
swarm_49_42.pdb	15.046	22.903	0.025641	19.553
swarm_28_78.pdb	18.001	46.112	0	19.542
swarm_18_21.pdb	15.021	24.449	0.025641	19.439
swarm_6_65.pdb	17.389	31.157	0.025641	19.381
swarm_35_165.pdb	18.369	30.540	0.102564	19.352
swarm_7_29.pdb	10.563	19.695	0	19.187
swarm_25_174.pdb	18.495	37.905	0	19.106
swarm_31_154.pdb	19.123	30.606	0	19.090
swarm_21_155.pdb	18.942	33.067	0	19.035
swarm_24_38.pdb	16.063	29.601	0	18.939
swarm_17_133.pdb	20.183	47.868	0	18.741
swarm_50_181.pdb	15.680	27.984	0.0512821	18.701
swarm_10_107.pdb	17.198	36.797	0	18.629
swarm_46_143.pdb	19.932	41.797	0	18.620
swarm_31_4.pdb	19.846	33.024	0	18.485
swarm_37_185.pdb	12.554	21.726	0	18.371
swarm_8_145.pdb	16.769	31.303	0	18.370
swarm_7_100.pdb	13.006	23.492	0	18.233
swarm_7_151.pdb	11.186	23.198	0.0769231	18.192
swarm_10_11.pdb	17.711	33.076	0	17.986
swarm_36_20.pdb	17.097	32.439	0.025641	17.942
swarm_7_170.pdb	16.355	31.013	0.025641	17.923
swarm_2_41.pdb	17.705	32.054	0	17.722
swarm_24_1.pdb	13.438	28.180	0	17.710
swarm_11_157.pdb	17.843	38.985	0	17.419
swarm_9_167.pdb	21.999	39.298	0	17.332
swarm_42_128.pdb	17.652	33.274	0.0512821	17.273
swarm_4_83.pdb	19.409	38.525	0	17.193
swarm_24_73.pdb	15.370	31.543	0	17.034
swarm_4_15.pdb	15.459	31.793	0	17.001
swarm_7_169.pdb	17.888	30.492	0	16.605
swarm_52_168.pdb	17.492	29.782	0	16.583
swarm_36_129.pdb	13.005	31.116	0.128205	16.569
swarm_21_72.pdb	20.648	38.992	0	16.306
swarm_52_100.pdb	9.159	16.323	0.0769231	15.795
swarm_35_27.pdb	17.631	32.331	0	15.719
swarm_31_192.pdb	20.273	36.189	0	15.636
swarm_2_81.pdb	15.494	34.086	0.025641	15.607
swarm_24_63.pdb	23.263	45.962	0	15.192
swarm_10_152.pdb	19.158	39.512	0	14.812
swarm_49_117.pdb	21.427	33.091	0	14.532
swarm_34_143.pdb	21.920	51.116	0	14.413
swarm_24_61.pdb	22.121	42.774	0	14.325
swarm_28_96.pdb	21.749	55.089	0	12.712
swarm_24_196.pdb	21.032	45.987	0	12.649
swarm_25_142.pdb	14.768	31.041	0	12.388
swarm_43_170.pdb	17.166	39.394	0	12.102
swarm_10_116.pdb	14.733	32.410	0	10.880
swarm_52_179.pdb	15.060	29.343	0	10.576
swarm_31_86.pdb	13.763	22.462	0	10.237
swarm_35_75.pdb	17.863	30.344	0.102564	9.438
swarm_3_31.pdb	19.862	54.661	0	8.088
swarm_1_167.pdb	12.332	31.829	0	5.173
swarm_36_60.pdb	16.292	31.323	0.0512821	1.562
swarm_9_74.pdb	10.620	27.960	0	0.648
