swarm_43_20.pdb	10.024	27.602	0.153846	48.956
swarm_13_199.pdb	9.567	16.573	0.025641	42.541
swarm_54_45.pdb	14.715	30.975	0	36.492
swarm_6_0.pdb	11.552	19.822	0.0512821	36.082
swarm_42_192.pdb	16.271	28.306	0	35.197
swarm_4_22.pdb	11.644	19.707	0	35.059
swarm_61_86.pdb	12.239	21.310	0	34.904
swarm_14_173.pdb	17.920	33.073	0.0769231	34.673
swarm_36_181.pdb	20.739	31.395	0	33.525
swarm_54_120.pdb	13.311	26.969	0	33.348
swarm_37_135.pdb	17.040	29.387	0	33.303
swarm_39_21.pdb	15.091	25.617	0	32.988
swarm_47_53.pdb	11.886	26.504	0	32.793
swarm_16_131.pdb	19.195	32.657	0	32.438
swarm_32_188.pdb	21.308	32.768	0	32.064
swarm_23_146.pdb	16.744	28.548	0	31.727
swarm_39_14.pdb	12.805	22.338	0	31.458
swarm_23_15.pdb	20.659	31.136	0	31.329
swarm_33_124.pdb	21.826	31.763	0	31.118
swarm_40_49.pdb	22.152	35.104	0	30.919
swarm_42_36.pdb	11.280	24.276	0.102564	30.758
swarm_28_89.pdb	16.257	26.795	0	30.714
swarm_5_27.pdb	16.613	39.478	0	30.687
swarm_13_91.pdb	20.415	32.183	0	30.598
swarm_12_163.pdb	17.272	25.987	0	30.530
swarm_37_46.pdb	12.506	30.597	0	30.377
swarm_15_126.pdb	20.501	31.710	0	30.278
swarm_8_69.pdb	19.847	32.970	0	30.227
swarm_4_3.pdb	15.449	26.457	0	30.057
swarm_54_158.pdb	12.144	29.319	0	29.832
swarm_31_66.pdb	15.413	26.640	0	29.828
swarm_48_153.pdb	21.436	34.600	0	29.635
swarm_42_43.pdb	16.221	33.460	0.0512821	29.590
swarm_56_164.pdb	18.760	30.645	0	29.580
swarm_4_52.pdb	20.386	34.049	0	29.557
swarm_5_25.pdb	18.487	42.454	0	29.516
swarm_3_66.pdb	19.196	31.235	0.0769231	29.099
swarm_47_43.pdb	11.924	17.289	0	29.059
swarm_39_59.pdb	12.818	20.330	0	29.057
swarm_54_146.pdb	20.863	38.539	0	29.052
swarm_14_49.pdb	5.420	8.975	0.307692	28.895
swarm_12_76.pdb	16.681	27.469	0	28.793
swarm_28_60.pdb	17.925	27.788	0.025641	28.771
swarm_24_192.pdb	17.724	36.565	0	28.650
swarm_37_164.pdb	12.721	19.389	0	28.560
swarm_12_191.pdb	12.344	19.241	0	28.508
swarm_23_94.pdb	21.126	32.012	0.025641	28.380
swarm_13_40.pdb	5.959	8.304	0.410256	28.316
swarm_15_164.pdb	12.023	16.770	0	28.277
swarm_28_152.pdb	13.781	23.972	0	28.161
swarm_15_43.pdb	20.961	33.640	0	28.146
swarm_56_98.pdb	16.747	28.186	0	28.139
swarm_16_86.pdb	22.407	39.886	0.025641	28.013
swarm_25_54.pdb	13.698	25.715	0	27.978
swarm_14_82.pdb	19.652	30.613	0	27.905
swarm_50_66.pdb	12.652	23.303	0	27.771
swarm_15_56.pdb	12.024	17.527	0	27.619
swarm_41_87.pdb	14.815	22.192	0	27.362
swarm_38_172.pdb	18.682	34.090	0	27.358
swarm_34_138.pdb	16.075	39.833	0	27.314
swarm_14_77.pdb	19.053	32.053	0.0512821	27.161
swarm_47_121.pdb	18.794	30.969	0	27.039
swarm_23_129.pdb	21.464	31.408	0	26.843
swarm_3_63.pdb	12.910	19.963	0	26.771
swarm_30_145.pdb	13.939	26.136	0	26.725
swarm_6_32.pdb	15.965	28.577	0.0769231	26.690
swarm_13_48.pdb	19.986	30.923	0	26.620
swarm_3_196.pdb	14.705	23.795	0	26.600
swarm_32_108.pdb	11.913	16.812	0	26.513
swarm_4_39.pdb	15.552	27.698	0	26.501
swarm_58_75.pdb	20.553	40.049	0	26.473
swarm_41_199.pdb	5.765	7.444	0.128205	26.464
swarm_6_93.pdb	10.518	21.892	0.0512821	26.377
swarm_47_131.pdb	19.338	31.541	0.0769231	26.352
swarm_44_14.pdb	13.161	25.203	0	26.273
swarm_8_155.pdb	16.500	29.298	0	26.269
swarm_13_136.pdb	20.936	32.107	0	26.230
swarm_1_33.pdb	12.974	21.711	0	26.215
swarm_37_131.pdb	16.153	30.308	0	26.167
swarm_54_76.pdb	14.043	24.784	0	26.158
swarm_47_150.pdb	5.819	10.433	0.153846	26.143
swarm_32_125.pdb	15.035	25.696	0	26.112
swarm_25_162.pdb	21.089	38.366	0	25.995
swarm_47_126.pdb	10.727	23.244	0.205128	25.965
swarm_3_39.pdb	12.045	22.668	0.025641	25.945
swarm_1_44.pdb	16.630	30.426	0.025641	25.933
swarm_54_6.pdb	10.321	28.053	0.025641	25.832
swarm_46_105.pdb	21.316	32.426	0.0512821	25.724
swarm_12_175.pdb	7.346	13.443	0.0512821	25.708
swarm_23_25.pdb	20.223	30.152	0	25.644
swarm_4_55.pdb	15.222	27.606	0.025641	25.629
swarm_28_55.pdb	20.269	33.047	0	25.600
swarm_39_109.pdb	20.862	30.254	0	25.434
swarm_41_14.pdb	20.994	30.902	0	25.432
swarm_8_164.pdb	18.581	33.928	0	25.395
swarm_41_33.pdb	21.614	32.602	0	25.313
swarm_25_69.pdb	12.332	27.331	0.025641	25.219
swarm_54_117.pdb	13.364	29.908	0	25.092
swarm_35_20.pdb	16.069	41.456	0	25.087
swarm_12_59.pdb	20.140	31.707	0.0512821	24.962
swarm_39_54.pdb	8.296	17.555	0.025641	24.941
swarm_41_88.pdb	13.953	20.921	0	24.927
swarm_48_191.pdb	18.495	29.995	0	24.755
swarm_1_49.pdb	8.780	14.693	0	24.704
swarm_42_181.pdb	12.207	22.735	0	24.581
swarm_25_116.pdb	16.990	33.343	0	24.541
swarm_46_15.pdb	18.902	32.801	0	24.496
swarm_59_12.pdb	13.239	28.525	0	24.470
swarm_31_101.pdb	17.688	31.042	0	24.401
swarm_46_65.pdb	15.972	29.413	0.025641	24.373
swarm_10_166.pdb	11.134	21.870	0.128205	24.349
swarm_36_31.pdb	12.133	18.634	0	24.333
swarm_6_183.pdb	14.246	25.193	0.179487	24.308
swarm_40_120.pdb	22.757	37.666	0	24.281
swarm_29_109.pdb	13.880	25.530	0	24.204
swarm_11_54.pdb	13.501	25.695	0	24.202
swarm_54_42.pdb	12.684	25.637	0	24.160
swarm_50_64.pdb	15.085	25.335	0	24.099
swarm_37_169.pdb	13.141	22.606	0	24.057
swarm_46_0.pdb	20.647	33.140	0	24.000
swarm_1_116.pdb	7.918	12.170	0.025641	23.995
swarm_56_170.pdb	20.565	33.105	0	23.870
swarm_22_125.pdb	20.702	33.543	0	23.821
swarm_13_33.pdb	13.643	29.004	0.0512821	23.770
swarm_1_28.pdb	13.533	23.555	0	23.737
swarm_20_154.pdb	21.393	35.626	0	23.630
swarm_24_71.pdb	17.416	35.944	0	23.583
swarm_44_40.pdb	17.193	36.555	0	23.540
swarm_23_63.pdb	18.792	30.010	0	23.526
swarm_13_189.pdb	16.638	29.537	0	23.489
swarm_50_158.pdb	13.946	26.492	0.102564	23.486
swarm_14_135.pdb	13.134	26.214	0	23.462
swarm_32_8.pdb	17.100	27.419	0	23.420
swarm_25_78.pdb	20.750	36.595	0	23.394
swarm_38_191.pdb	18.374	36.854	0.025641	23.392
swarm_46_131.pdb	7.249	11.877	0.025641	23.309
swarm_20_84.pdb	16.969	34.682	0	23.276
swarm_4_160.pdb	22.006	35.823	0	23.221
swarm_37_48.pdb	15.355	28.560	0.153846	23.186
swarm_3_186.pdb	17.920	30.685	0	23.151
swarm_12_138.pdb	13.377	21.532	0	23.151
swarm_52_70.pdb	14.911	23.314	0	23.084
swarm_39_162.pdb	17.223	29.536	0	23.078
swarm_40_176.pdb	15.776	27.219	0	23.031
swarm_12_38.pdb	11.291	16.264	0.0769231	22.841
swarm_2_83.pdb	24.055	40.358	0	22.831
swarm_50_65.pdb	18.003	31.839	0	22.824
swarm_61_152.pdb	21.676	38.228	0	22.753
swarm_12_98.pdb	13.629	21.536	0	22.741
swarm_6_133.pdb	15.561	27.612	0.153846	22.730
swarm_16_80.pdb	20.969	32.991	0	22.688
swarm_48_187.pdb	16.612	32.819	0.128205	22.653
swarm_25_183.pdb	23.545	42.952	0	22.602
swarm_43_44.pdb	12.383	22.920	0	22.583
swarm_22_128.pdb	18.847	31.283	0	22.489
swarm_43_159.pdb	13.210	33.843	0	22.474
swarm_37_167.pdb	17.450	30.169	0	22.461
swarm_52_84.pdb	15.910	26.367	0	22.375
swarm_27_154.pdb	19.834	36.752	0	22.343
swarm_46_78.pdb	16.835	31.370	0	22.317
swarm_28_81.pdb	20.144	30.490	0	22.313
swarm_3_58.pdb	15.259	27.732	0	22.272
swarm_16_12.pdb	20.746	38.153	0	22.207
swarm_32_179.pdb	7.484	15.139	0	22.181
swarm_50_22.pdb	17.738	33.819	0	22.117
swarm_52_57.pdb	11.294	20.072	0	22.114
swarm_36_107.pdb	12.831	19.108	0	22.079
swarm_33_50.pdb	14.169	26.202	0	22.078
swarm_4_7.pdb	10.065	15.841	0	22.067
swarm_6_16.pdb	13.015	20.039	0	21.964
swarm_13_158.pdb	9.630	18.246	0.128205	21.910
swarm_36_92.pdb	15.226	22.299	0	21.877
swarm_31_124.pdb	14.556	25.271	0	21.869
swarm_29_105.pdb	19.972	32.598	0.0769231	21.845
swarm_11_194.pdb	12.621	25.665	0	21.738
swarm_30_126.pdb	11.912	22.146	0	21.699
swarm_42_66.pdb	13.687	28.050	0	21.609
swarm_47_6.pdb	13.620	23.903	0	21.566
swarm_56_58.pdb	17.701	29.857	0	21.539
swarm_17_181.pdb	21.708	43.307	0.0769231	21.534
swarm_16_53.pdb	15.162	30.422	0	21.514
swarm_41_56.pdb	13.404	22.665	0.025641	21.439
swarm_31_138.pdb	16.829	28.962	0	21.367
swarm_12_122.pdb	15.252	22.194	0.025641	21.200
swarm_3_150.pdb	13.520	23.338	0	21.122
swarm_31_26.pdb	17.604	31.435	0	21.112
swarm_12_155.pdb	19.671	30.306	0	21.090
swarm_38_150.pdb	15.639	33.442	0	21.076
swarm_44_59.pdb	13.704	23.316	0	21.013
swarm_39_184.pdb	18.396	32.340	0.025641	20.974
swarm_31_154.pdb	16.155	28.277	0	20.927
swarm_16_103.pdb	18.397	33.719	0.0512821	20.646
swarm_27_86.pdb	17.245	35.376	0	20.627
swarm_10_15.pdb	15.436	34.681	0.0769231	20.595
swarm_17_79.pdb	18.442	33.931	0	20.584
swarm_39_120.pdb	15.926	27.745	0.0769231	20.580
swarm_9_34.pdb	19.633	36.635	0	20.517
swarm_25_36.pdb	19.586	34.465	0	20.460
swarm_59_56.pdb	16.972	28.913	0	20.451
swarm_22_120.pdb	18.508	31.932	0	20.410
swarm_23_132.pdb	13.992	20.794	0	20.286
swarm_16_6.pdb	22.103	37.227	0	20.235
swarm_5_1.pdb	17.114	36.536	0	20.212
swarm_16_25.pdb	16.642	32.729	0	20.190
swarm_41_182.pdb	20.836	32.555	0	20.166
swarm_37_49.pdb	22.536	37.328	0.025641	20.165
swarm_50_154.pdb	17.639	34.818	0	20.104
swarm_44_166.pdb	18.981	33.539	0	20.097
swarm_28_167.pdb	16.135	28.371	0.025641	20.075
swarm_22_110.pdb	21.969	33.693	0	20.067
swarm_9_25.pdb	15.578	34.080	0.102564	19.890
swarm_20_66.pdb	14.712	26.673	0	19.890
swarm_16_172.pdb	16.162	25.463	0	19.866
swarm_5_4.pdb	15.407	35.560	0.0512821	19.827
swarm_30_165.pdb	14.306	27.009	0	19.811
swarm_22_18.pdb	19.524	35.563	0	19.698
swarm_42_84.pdb	14.190	23.608	0.025641	19.669
swarm_46_71.pdb	19.236	33.605	0	19.617
swarm_13_178.pdb	16.016	29.865	0	19.608
swarm_15_72.pdb	20.244	32.582	0	19.507
swarm_30_137.pdb	15.924	27.007	0	19.444
swarm_13_39.pdb	13.198	25.710	0	19.425
swarm_10_19.pdb	12.027	20.101	0.025641	19.400
swarm_61_119.pdb	15.474	28.079	0	19.354
swarm_3_61.pdb	17.330	32.446	0	19.350
swarm_56_126.pdb	15.849	27.648	0.025641	19.306
swarm_13_186.pdb	19.217	31.457	0	19.179
swarm_22_57.pdb	10.193	17.371	0.025641	19.163
swarm_28_82.pdb	12.075	20.584	0	19.127
swarm_50_141.pdb	12.289	21.374	0.0512821	19.126
swarm_9_113.pdb	19.059	34.424	0	19.106
swarm_28_71.pdb	13.156	24.019	0	19.071
swarm_6_167.pdb	12.733	22.737	0	18.980
swarm_39_3.pdb	14.664	28.622	0	18.894
swarm_12_41.pdb	12.905	22.405	0	18.827
swarm_36_129.pdb	10.578	23.362	0	18.739
swarm_52_55.pdb	15.124	29.899	0	18.596
swarm_56_198.pdb	14.291	26.140	0.0769231	18.516
swarm_42_98.pdb	19.710	32.419	0	18.485
swarm_33_55.pdb	11.889	16.804	0	18.466
swarm_39_182.pdb	17.916	33.123	0	18.463
swarm_46_170.pdb	12.782	18.864	0	18.369
swarm_47_50.pdb	11.249	25.335	0	18.362
swarm_50_197.pdb	17.155	29.628	0	18.361
swarm_50_90.pdb	11.912	24.251	0.0769231	18.191
swarm_46_63.pdb	14.182	28.799	0	18.190
swarm_24_132.pdb	18.993	36.771	0	18.105
swarm_13_190.pdb	11.597	21.319	0.025641	18.059
swarm_1_9.pdb	21.791	36.534	0	18.044
swarm_47_180.pdb	13.275	21.715	0	18.022
swarm_28_174.pdb	20.377	31.892	0.025641	18.021
swarm_3_154.pdb	22.584	37.483	0	17.950
swarm_12_83.pdb	15.769	24.640	0	17.831
swarm_22_145.pdb	15.668	26.405	0	17.780
swarm_16_142.pdb	15.311	25.162	0	17.758
swarm_61_77.pdb	17.391	35.825	0	17.749
swarm_3_142.pdb	18.480	28.572	0	17.736
swarm_7_2.pdb	14.131	28.831	0	17.726
swarm_36_29.pdb	21.050	32.285	0	17.668
swarm_14_52.pdb	11.896	23.815	0	17.633
swarm_41_160.pdb	14.670	24.876	0.0769231	17.614
swarm_61_35.pdb	13.695	24.827	0	17.497
swarm_15_37.pdb	10.153	19.924	0.128205	17.457
swarm_10_131.pdb	21.086	34.680	0	17.417
swarm_32_37.pdb	20.669	33.007	0	17.203
swarm_18_107.pdb	23.820	47.463	0	17.155
swarm_48_14.pdb	14.200	23.643	0	17.122
swarm_30_113.pdb	20.592	36.198	0	17.083
swarm_17_169.pdb	22.922	39.671	0	17.026
swarm_19_0.pdb	21.854	36.637	0	16.955
swarm_12_133.pdb	17.606	25.847	0	16.916
swarm_6_34.pdb	16.129	27.872	0	16.820
swarm_9_147.pdb	17.654	33.008	0	16.765
swarm_48_37.pdb	14.447	23.488	0	16.713
swarm_7_29.pdb	18.501	39.076	0	16.702
swarm_24_114.pdb	19.326	35.836	0	16.699
swarm_43_157.pdb	21.038	34.497	0.0512821	16.605
swarm_1_130.pdb	20.157	33.929	0	16.558
swarm_6_139.pdb	13.617	23.962	0	16.557
swarm_30_168.pdb	12.547	24.094	0	16.530
swarm_56_148.pdb	21.227	34.401	0	16.278
swarm_10_71.pdb	20.861	34.827	0	16.248
swarm_6_8.pdb	19.998	32.512	0	16.177
swarm_20_39.pdb	19.609	41.880	0	16.005
swarm_32_141.pdb	11.367	23.471	0.102564	15.996
swarm_61_24.pdb	19.755	38.104	0	15.731
swarm_13_80.pdb	18.049	28.110	0	15.457
swarm_19_10.pdb	16.239	28.276	0	15.450
swarm_50_169.pdb	16.676	31.164	0	15.430
swarm_33_180.pdb	14.460	26.964	0	15.152
swarm_56_45.pdb	21.737	35.360	0	15.118
swarm_14_180.pdb	15.525	28.248	0	14.994
swarm_22_100.pdb	12.459	19.720	0.0512821	14.900
swarm_25_195.pdb	23.140	42.236	0	14.776
swarm_61_83.pdb	19.652	35.415	0	14.650
swarm_15_190.pdb	19.545	30.125	0	14.638
swarm_22_168.pdb	19.187	33.423	0	14.596
swarm_50_69.pdb	20.669	35.275	0	14.534
swarm_61_37.pdb	20.346	40.401	0	14.398
swarm_50_133.pdb	15.440	30.701	0	14.275
swarm_36_125.pdb	15.590	23.439	0	14.054
swarm_28_42.pdb	17.610	28.389	0	13.795
swarm_10_119.pdb	15.934	33.594	0.102564	13.530
swarm_42_80.pdb	11.457	21.117	0	13.376
swarm_61_120.pdb	18.421	30.315	0	12.783
swarm_39_84.pdb	18.269	31.173	0	12.326
swarm_7_180.pdb	24.632	49.234	0.0769231	11.457
swarm_20_47.pdb	19.472	33.541	0	11.124
swarm_47_15.pdb	18.547	33.258	0.025641	10.828
swarm_24_69.pdb	22.286	37.094	0	10.758
swarm_4_34.pdb	13.924	25.090	0	10.471
swarm_3_40.pdb	11.445	21.073	0	9.728
swarm_6_118.pdb	19.916	33.899	0.102564	9.309
swarm_10_161.pdb	15.664	31.419	0	7.509
swarm_13_56.pdb	17.857	30.971	0	6.328
