swarm_5_25.pdb	7.521	31.067	0.1	45.049
swarm_6_180.pdb	8.516	29.244	0	41.186
swarm_17_139.pdb	7.067	30.711	0.0666667	39.741
swarm_19_143.pdb	8.539	30.260	0	38.272
swarm_22_100.pdb	9.077	28.438	0	37.307
swarm_7_94.pdb	6.148	27.055	0.266667	36.220
swarm_19_13.pdb	8.899	29.993	0	36.075
swarm_1_114.pdb	10.151	18.790	0	35.463
swarm_4_64.pdb	6.456	29.299	0.0666667	34.932
swarm_27_40.pdb	4.905	22.567	0.266667	34.451
swarm_24_56.pdb	11.515	19.071	0	33.882
swarm_29_190.pdb	9.440	17.954	0	32.384
swarm_18_73.pdb	8.291	27.394	0	32.081
swarm_20_105.pdb	8.633	28.814	0	31.655
swarm_7_60.pdb	6.438	30.808	0.0666667	31.084
swarm_28_98.pdb	5.453	26.590	0.133333	30.374
swarm_25_76.pdb	7.416	27.867	0.0666667	30.301
swarm_23_108.pdb	9.239	20.355	0	29.747
swarm_13_161.pdb	8.798	20.162	0	29.728
swarm_10_188.pdb	2.672	7.866	0.5	29.376
swarm_9_55.pdb	2.596	9.367	0.366667	29.359
swarm_23_151.pdb	7.534	29.456	0.0333333	29.302
swarm_6_54.pdb	3.062	10.166	0.3	29.265
swarm_14_183.pdb	8.843	20.707	0	29.188
swarm_26_81.pdb	4.260	19.994	0.4	28.511
swarm_14_164.pdb	6.780	20.837	0.0666667	27.933
swarm_9_56.pdb	11.028	18.618	0	27.660
swarm_2_112.pdb	7.372	20.480	0	27.035
swarm_26_166.pdb	2.489	8.505	0.466667	26.871
swarm_8_71.pdb	2.282	5.017	0.5	26.757
swarm_11_50.pdb	6.952	22.415	0.0333333	26.509
swarm_1_195.pdb	2.315	3.997	0.533333	26.482
swarm_4_70.pdb	5.856	19.678	0.0666667	26.349
swarm_11_56.pdb	8.512	19.900	0	26.179
swarm_12_122.pdb	7.616	26.160	0.0333333	26.161
swarm_17_24.pdb	6.614	26.505	0.133333	25.647
swarm_24_103.pdb	3.086	11.174	0.3	25.531
swarm_1_105.pdb	6.195	22.060	0.0333333	24.780
swarm_16_166.pdb	6.849	26.300	0.0333333	24.747
swarm_11_54.pdb	9.697	18.345	0	24.535
swarm_10_103.pdb	11.681	18.883	0	24.444
swarm_5_96.pdb	5.333	21.084	0.133333	24.397
swarm_15_122.pdb	7.821	24.682	0.0333333	24.355
swarm_8_128.pdb	12.514	21.746	0	24.245
swarm_16_85.pdb	6.253	25.230	0.1	24.179
swarm_15_133.pdb	6.051	25.228	0.1	24.071
swarm_22_15.pdb	7.295	17.155	0	23.424
swarm_25_94.pdb	8.772	19.169	0	23.351
swarm_0_80.pdb	7.608	17.912	0	23.314
swarm_21_109.pdb	8.140	23.840	0	22.625
swarm_14_62.pdb	6.676	25.948	0.1	22.439
swarm_23_21.pdb	7.075	19.457	0.0333333	22.274
swarm_18_143.pdb	10.572	36.172	0	21.780
swarm_9_28.pdb	7.244	15.909	0	21.652
swarm_8_154.pdb	5.207	20.832	0.0666667	21.630
swarm_13_90.pdb	6.163	21.836	0.0666667	21.165
swarm_18_61.pdb	8.930	25.379	0	21.010
swarm_28_173.pdb	4.088	15.912	0.266667	20.906
swarm_10_64.pdb	9.482	16.653	0	20.826
swarm_7_64.pdb	6.344	19.980	0.0333333	20.591
swarm_28_31.pdb	4.028	16.659	0.233333	20.121
swarm_13_21.pdb	3.878	19.842	0.4	20.082
swarm_3_94.pdb	9.148	32.007	0	20.031
swarm_20_145.pdb	3.323	16.883	0.5	19.952
swarm_2_196.pdb	12.153	34.417	0	19.750
swarm_27_173.pdb	3.241	6.093	0.166667	19.558
swarm_0_141.pdb	7.612	20.375	0	19.481
swarm_28_102.pdb	9.596	15.124	0	18.721
swarm_24_182.pdb	7.956	17.962	0	18.680
swarm_26_19.pdb	9.620	16.645	0	17.540
swarm_7_161.pdb	3.810	13.755	0.4	17.381
swarm_17_188.pdb	5.343	18.688	0.1	17.294
swarm_20_107.pdb	6.390	20.425	0.0333333	16.353
swarm_27_188.pdb	9.146	18.302	0	16.244
swarm_10_26.pdb	7.897	14.732	0	16.043
swarm_12_60.pdb	5.367	17.052	0.166667	15.732
swarm_27_33.pdb	8.728	13.304	0	15.572
swarm_10_25.pdb	8.779	15.150	0	15.171
swarm_8_125.pdb	8.505	14.132	0	14.532
swarm_15_135.pdb	7.108	20.335	0	14.408
swarm_8_136.pdb	7.737	14.941	0	14.273
swarm_3_81.pdb	8.563	22.020	0	8.065
swarm_1_174.pdb	8.479	13.150	0	7.017
swarm_22_192.pdb	5.353	10.163	0.0333333	6.267
swarm_10_176.pdb	6.251	13.644	0.0333333	1.236
swarm_0_193.pdb	9.292	31.392	0	1.117
