swarm_3_133.pdb	6.408	23.419	0.0666667	39.529
swarm_2_100.pdb	6.407	33.927	0.1	34.160
swarm_12_81.pdb	6.298	35.568	0.1	33.865
swarm_25_160.pdb	6.523	23.615	0.0333333	32.947
swarm_9_67.pdb	1.801	7.876	0.633333	31.016
swarm_15_181.pdb	4.791	19.516	0.1	30.107
swarm_26_22.pdb	7.785	21.913	0	29.883
swarm_8_58.pdb	2.162	8.809	0.5	29.619
swarm_25_19.pdb	6.577	19.784	0.0666667	29.426
swarm_27_63.pdb	6.062	20.012	0.1	29.138
swarm_1_121.pdb	1.851	4.014	0.633333	28.684
swarm_11_21.pdb	2.286	11.651	0.566667	28.472
swarm_10_152.pdb	8.086	23.352	0	28.387
swarm_10_43.pdb	1.540	5.041	0.733333	28.273
swarm_13_167.pdb	2.613	11.718	0.566667	27.678
swarm_26_142.pdb	1.888	7.989	0.7	26.452
swarm_7_8.pdb	3.023	5.960	0.3	26.140
swarm_14_6.pdb	3.279	14.166	0.333333	25.635
swarm_16_59.pdb	7.565	27.491	0	25.592
swarm_24_180.pdb	8.634	26.451	0	25.378
swarm_0_156.pdb	8.051	20.649	0	25.205
swarm_6_57.pdb	2.608	15.128	0.8	24.837
swarm_8_181.pdb	10.078	17.778	0	24.075
swarm_1_18.pdb	3.581	11.457	0.233333	23.955
swarm_19_13.pdb	7.820	22.745	0	23.728
swarm_3_1.pdb	6.330	26.819	0.0666667	23.605
swarm_10_6.pdb	6.188	20.972	0.1	23.361
swarm_23_193.pdb	6.513	35.793	0.166667	23.346
swarm_18_10.pdb	3.113	14.654	0.533333	22.854
swarm_11_85.pdb	9.194	21.074	0	22.635
swarm_3_73.pdb	5.693	22.770	0.0666667	22.485
swarm_19_190.pdb	2.857	13.333	0.6	22.277
swarm_12_30.pdb	10.477	26.366	0	22.103
swarm_0_31.pdb	5.038	17.982	0	21.414
swarm_21_68.pdb	6.656	27.434	0.0666667	21.338
swarm_19_81.pdb	7.520	21.171	0	21.265
swarm_24_155.pdb	7.095	19.099	0	21.042
swarm_14_102.pdb	7.337	19.455	0.0333333	20.968
swarm_16_49.pdb	7.213	22.971	0.0333333	20.855
swarm_22_141.pdb	2.424	9.224	0.6	20.804
swarm_5_198.pdb	8.094	27.708	0	20.680
swarm_13_151.pdb	7.173	23.678	0.0333333	20.283
swarm_15_144.pdb	6.199	24.742	0.1	20.268
swarm_9_121.pdb	2.513	7.231	0.533333	19.791
swarm_8_85.pdb	6.404	25.044	0.0666667	19.755
swarm_8_79.pdb	6.080	17.881	0.0666667	19.620
swarm_1_96.pdb	5.715	18.356	0.0666667	19.577
swarm_14_131.pdb	10.077	19.080	0	19.188
swarm_26_54.pdb	6.257	23.272	0.0333333	18.732
swarm_8_23.pdb	7.413	22.477	0	18.573
swarm_15_12.pdb	7.730	30.818	0.0666667	18.486
swarm_13_108.pdb	2.682	11.116	0.566667	18.398
swarm_9_104.pdb	8.870	16.111	0	18.298
swarm_8_95.pdb	3.513	16.199	0.3	15.896
swarm_2_44.pdb	6.032	30.947	0.133333	15.696
swarm_14_147.pdb	6.912	26.872	0.0666667	15.250
swarm_26_73.pdb	10.460	28.855	0	15.180
swarm_20_171.pdb	2.787	16.525	0.7	15.078
swarm_1_28.pdb	7.361	20.473	0.0333333	14.750
swarm_0_193.pdb	8.455	31.031	0	14.561
swarm_23_67.pdb	7.285	36.770	0.0666667	14.468
swarm_2_67.pdb	8.024	31.070	0.0333333	13.568
swarm_18_19.pdb	5.112	11.493	0.133333	13.485
swarm_25_167.pdb	11.046	32.735	0	13.103
swarm_24_179.pdb	8.382	24.757	0	9.124
swarm_13_75.pdb	6.996	14.438	0.0333333	7.929
swarm_15_115.pdb	2.944	15.193	0.7	7.878
swarm_25_71.pdb	9.118	29.913	0	6.628
swarm_0_90.pdb	8.743	18.874	0	6.548
swarm_10_48.pdb	7.498	13.340	0	6.401
swarm_15_83.pdb	6.786	20.374	0.0666667	6.292
swarm_23_151.pdb	7.099	23.073	0.0333333	5.474
swarm_27_117.pdb	7.781	27.633	0.0333333	1.869
swarm_11_111.pdb	8.360	15.787	0	0.110
