swarm_14_76.pdb	8.236	19.760	0	48.429
swarm_25_72.pdb	8.376	20.229	0	45.869
swarm_18_186.pdb	7.291	25.678	0.0333333	41.456
swarm_23_26.pdb	8.240	21.905	0	41.157
swarm_6_15.pdb	8.679	22.651	0	40.798
swarm_12_151.pdb	7.812	20.095	0	40.690
swarm_23_68.pdb	7.457	26.125	0.0333333	37.914
swarm_2_196.pdb	7.789	17.188	0	37.897
swarm_16_11.pdb	8.410	18.292	0	35.438
swarm_25_49.pdb	6.883	25.490	0.0666667	34.921
swarm_14_92.pdb	8.844	17.525	0	34.669
swarm_19_196.pdb	7.882	27.441	0.0333333	33.314
swarm_25_77.pdb	6.671	30.190	0.0666667	32.569
swarm_9_91.pdb	9.058	33.542	0	32.031
swarm_12_140.pdb	9.367	18.854	0	31.930
swarm_15_122.pdb	8.134	16.726	0	31.823
swarm_15_63.pdb	5.987	22.251	0.1	31.487
swarm_18_156.pdb	8.314	15.809	0	29.522
swarm_10_52.pdb	8.119	17.108	0	28.474
swarm_7_132.pdb	9.148	19.329	0	28.282
swarm_17_125.pdb	7.379	27.833	0	27.507
swarm_2_97.pdb	2.610	8.727	0.466667	27.076
swarm_23_101.pdb	9.393	16.075	0	27.041
swarm_8_11.pdb	5.484	17.056	0.0333333	26.671
swarm_6_143.pdb	8.152	31.549	0	26.347
swarm_22_12.pdb	13.560	41.707	0	26.232
swarm_27_66.pdb	8.730	20.510	0	25.988
swarm_23_73.pdb	5.656	19.285	0.0333333	25.915
swarm_13_148.pdb	7.867	21.449	0	25.452
swarm_7_136.pdb	5.912	17.771	0.0333333	25.399
swarm_18_8.pdb	7.140	25.561	0	25.387
swarm_0_35.pdb	1.218	4.256	0.733333	25.342
swarm_15_170.pdb	8.550	16.101	0	25.025
swarm_3_127.pdb	8.812	21.307	0	24.545
swarm_4_154.pdb	6.447	32.934	0.0666667	24.537
swarm_4_13.pdb	7.845	24.739	0	24.493
swarm_13_4.pdb	3.727	13.753	0.233333	24.121
swarm_15_11.pdb	5.166	16.013	0	23.840
swarm_5_192.pdb	8.574	18.613	0	23.834
swarm_16_39.pdb	7.156	28.643	0	23.446
swarm_10_43.pdb	3.194	16.050	0.466667	23.443
swarm_21_167.pdb	6.509	26.098	0	23.420
swarm_14_182.pdb	8.481	15.725	0	23.008
swarm_21_41.pdb	8.761	18.722	0	23.002
swarm_7_27.pdb	2.988	16.844	0.5	22.750
swarm_2_115.pdb	7.037	13.143	0	22.452
swarm_16_113.pdb	8.823	17.378	0	22.209
swarm_24_136.pdb	5.176	11.925	0.0333333	21.920
swarm_0_190.pdb	5.476	12.568	0.0333333	21.546
swarm_13_180.pdb	8.779	13.366	0	21.501
swarm_22_143.pdb	8.586	33.473	0	21.292
swarm_14_22.pdb	2.193	4.295	0.533333	20.763
swarm_29_189.pdb	4.757	17.187	0.1	20.754
swarm_19_143.pdb	9.555	33.215	0	20.655
swarm_4_22.pdb	5.279	23.407	0.0666667	20.598
swarm_28_34.pdb	8.958	37.790	0	20.570
swarm_3_100.pdb	8.206	26.554	0	20.271
swarm_27_144.pdb	5.983	26.422	0.0333333	20.146
swarm_13_90.pdb	3.595	15.551	0.266667	19.771
swarm_27_63.pdb	10.214	32.459	0	19.739
swarm_7_194.pdb	7.556	25.072	0.0333333	19.686
swarm_0_183.pdb	3.497	15.998	0.433333	19.589
swarm_25_139.pdb	7.947	22.360	0	19.406
swarm_29_135.pdb	7.946	14.894	0	19.297
swarm_14_131.pdb	9.821	16.055	0	19.285
swarm_10_190.pdb	6.303	16.912	0.0333333	19.205
swarm_29_19.pdb	7.782	26.305	0	19.130
swarm_4_32.pdb	11.018	30.440	0	18.938
swarm_8_156.pdb	7.650	27.011	0.1	18.609
swarm_6_140.pdb	10.921	29.084	0	17.370
swarm_11_167.pdb	7.201	21.641	0	17.168
swarm_0_50.pdb	8.040	13.689	0	16.030
swarm_13_197.pdb	5.877	10.739	0.0333333	15.623
swarm_2_60.pdb	8.718	19.224	0	14.758
swarm_0_16.pdb	8.396	24.362	0	14.715
swarm_11_11.pdb	7.244	12.834	0	14.455
swarm_8_186.pdb	9.541	23.125	0	13.224
swarm_29_1.pdb	5.663	10.049	0.0333333	12.826
swarm_8_69.pdb	1.924	10.639	0.9	12.562
swarm_3_113.pdb	5.065	29.578	0.233333	11.407
swarm_27_83.pdb	8.205	20.234	0	9.401
swarm_24_67.pdb	6.907	25.380	0.0333333	3.658
