swarm_8_55.pdb	14.189	28.785	0	36.595
swarm_11_176.pdb	6.703	14.319	0	35.817
swarm_21_2.pdb	14.427	30.043	0	35.590
swarm_21_126.pdb	11.487	23.529	0	34.410
swarm_13_194.pdb	14.694	27.734	0	33.704
swarm_4_56.pdb	8.598	32.626	0	32.997
swarm_15_5.pdb	9.512	29.294	0	32.435
swarm_1_90.pdb	9.104	20.914	0	31.588
swarm_20_190.pdb	8.491	16.506	0	30.944
swarm_27_32.pdb	11.571	32.901	0.0333333	30.761
swarm_14_192.pdb	13.182	28.751	0	30.747
swarm_14_18.pdb	9.870	29.371	0	30.294
swarm_14_173.pdb	10.801	21.310	0	29.764
swarm_10_178.pdb	12.860	22.348	0	29.579
swarm_23_107.pdb	13.434	26.438	0	28.876
swarm_9_147.pdb	12.587	26.169	0	28.500
swarm_8_121.pdb	10.566	19.699	0	28.496
swarm_16_120.pdb	12.487	23.288	0	28.177
swarm_22_72.pdb	12.275	24.297	0	28.061
swarm_22_198.pdb	8.402	18.610	0	28.038
swarm_22_67.pdb	13.428	28.591	0	27.821
swarm_15_134.pdb	5.214	17.368	0.0666667	27.765
swarm_0_136.pdb	14.191	22.275	0	27.655
swarm_1_199.pdb	11.431	21.602	0	27.577
swarm_15_40.pdb	13.913	30.452	0	27.491
swarm_27_31.pdb	13.894	30.823	0	27.427
swarm_24_23.pdb	7.209	19.827	0.0333333	27.380
swarm_9_27.pdb	11.129	25.519	0	27.150
swarm_25_33.pdb	12.706	26.973	0	26.968
swarm_26_180.pdb	13.755	28.937	0	26.560
swarm_14_39.pdb	8.849	17.692	0	26.176
swarm_26_194.pdb	12.797	30.612	0	25.792
swarm_0_137.pdb	14.917	32.581	0	25.788
swarm_13_100.pdb	8.776	19.515	0	25.769
swarm_15_166.pdb	12.426	34.697	0.0333333	25.722
swarm_11_0.pdb	8.724	19.029	0	25.692
swarm_6_53.pdb	11.942	30.024	0	25.673
swarm_7_58.pdb	11.518	20.784	0	25.604
swarm_1_88.pdb	10.867	20.875	0	25.523
swarm_15_10.pdb	7.431	17.131	0	25.494
swarm_16_168.pdb	11.039	25.368	0.0666667	25.315
swarm_3_149.pdb	13.775	29.529	0	25.281
swarm_23_174.pdb	12.944	27.985	0	25.266
swarm_19_13.pdb	16.631	32.017	0	25.195
swarm_26_162.pdb	13.387	28.488	0	25.167
swarm_25_192.pdb	11.450	32.644	0	25.080
swarm_7_123.pdb	14.835	27.464	0	25.052
swarm_20_34.pdb	9.468	30.094	0.2	24.862
swarm_10_143.pdb	9.458	16.918	0	24.480
swarm_20_175.pdb	12.095	34.421	0	24.393
swarm_13_29.pdb	13.906	26.703	0	24.350
swarm_15_145.pdb	13.258	28.236	0	23.939
swarm_10_28.pdb	10.463	26.287	0	23.912
swarm_9_82.pdb	10.021	19.722	0	23.892
swarm_9_157.pdb	14.338	28.580	0	23.676
swarm_11_175.pdb	12.831	24.759	0	23.600
swarm_23_83.pdb	17.677	35.062	0	23.593
swarm_16_50.pdb	13.540	35.337	0	23.405
swarm_20_137.pdb	9.662	31.502	0.166667	23.255
swarm_10_2.pdb	10.073	23.433	0.133333	23.197
swarm_26_187.pdb	9.631	30.126	0.0666667	23.144
swarm_12_76.pdb	10.423	37.200	0.0333333	23.092
swarm_5_42.pdb	13.623	25.188	0	23.084
swarm_19_31.pdb	12.191	24.679	0	23.083
swarm_11_69.pdb	12.559	26.908	0.0333333	23.082
swarm_18_112.pdb	16.190	31.176	0	23.069
swarm_15_77.pdb	12.004	27.224	0	22.981
swarm_9_52.pdb	6.705	17.734	0	22.792
swarm_19_36.pdb	16.685	29.412	0	22.491
swarm_14_94.pdb	12.692	23.401	0	22.404
swarm_14_45.pdb	11.338	22.528	0	22.376
swarm_13_146.pdb	12.335	27.209	0	22.340
swarm_27_121.pdb	12.274	23.850	0	22.305
swarm_24_1.pdb	11.475	26.697	0	22.256
swarm_16_33.pdb	17.321	28.865	0	22.256
swarm_24_151.pdb	13.683	22.372	0	22.179
swarm_8_8.pdb	12.121	26.915	0	22.148
swarm_13_135.pdb	5.838	14.448	0.0333333	22.065
swarm_26_92.pdb	12.190	24.360	0.133333	21.850
swarm_22_138.pdb	15.412	25.053	0	21.762
swarm_3_172.pdb	12.127	32.567	0.0333333	21.754
swarm_26_36.pdb	17.269	29.800	0	21.696
swarm_17_197.pdb	5.181	25.905	0.2	21.689
swarm_12_160.pdb	8.399	36.881	0	21.678
swarm_20_43.pdb	13.969	24.508	0	21.672
swarm_16_186.pdb	11.652	32.791	0.0333333	21.586
swarm_9_121.pdb	11.756	23.156	0.0666667	21.463
swarm_15_114.pdb	12.600	25.232	0.166667	21.386
swarm_25_117.pdb	9.096	20.107	0	21.335
swarm_6_62.pdb	11.635	23.655	0.1	21.281
swarm_27_122.pdb	10.558	20.433	0	21.246
swarm_11_160.pdb	12.019	28.899	0.166667	21.184
swarm_8_168.pdb	13.718	25.080	0	21.011
swarm_13_61.pdb	17.868	32.544	0	20.844
swarm_12_11.pdb	13.729	35.058	0	20.833
swarm_13_142.pdb	9.736	18.674	0	20.723
swarm_24_47.pdb	14.864	26.069	0	20.645
swarm_13_43.pdb	12.465	26.617	0	20.540
swarm_2_62.pdb	17.793	37.082	0	20.520
swarm_11_126.pdb	15.167	26.514	0	20.234
swarm_14_172.pdb	13.075	28.983	0	20.077
swarm_21_80.pdb	14.428	29.913	0	20.019
swarm_8_46.pdb	10.811	21.298	0	19.987
swarm_13_18.pdb	16.441	27.926	0	19.711
swarm_9_17.pdb	15.550	29.667	0	19.706
swarm_7_131.pdb	12.156	29.386	0	19.686
swarm_2_7.pdb	11.525	23.791	0	19.645
swarm_10_85.pdb	13.897	29.510	0	19.586
swarm_10_97.pdb	13.080	22.246	0	19.411
swarm_0_176.pdb	14.572	30.793	0	19.408
swarm_26_146.pdb	13.201	27.119	0	19.271
swarm_3_42.pdb	12.387	27.310	0.133333	19.244
swarm_1_121.pdb	13.774	25.010	0	19.200
swarm_8_165.pdb	11.812	23.773	0.0666667	19.163
swarm_27_123.pdb	12.721	26.331	0	19.158
swarm_13_199.pdb	15.137	27.035	0	18.770
swarm_0_85.pdb	14.980	24.990	0	18.759
swarm_1_114.pdb	13.074	25.518	0	18.534
swarm_25_43.pdb	15.019	31.175	0	18.461
swarm_26_181.pdb	12.307	24.752	0	18.420
swarm_12_8.pdb	12.846	31.690	0	18.376
swarm_27_178.pdb	15.746	30.636	0	18.343
swarm_9_40.pdb	17.113	28.647	0	18.154
swarm_9_117.pdb	8.691	17.616	0	18.058
swarm_21_67.pdb	11.799	22.956	0	17.877
swarm_10_139.pdb	1.701	6.370	0.833333	17.852
swarm_23_106.pdb	16.108	36.290	0	17.576
swarm_23_96.pdb	13.470	33.446	0	17.443
swarm_7_100.pdb	14.452	23.080	0	17.406
swarm_3_67.pdb	13.336	28.510	0	17.167
swarm_3_20.pdb	11.361	26.493	0	17.055
swarm_27_143.pdb	10.151	23.414	0	16.858
swarm_1_102.pdb	9.784	20.234	0	16.826
swarm_23_109.pdb	16.689	30.300	0	16.801
swarm_13_62.pdb	11.608	26.351	0	16.441
swarm_1_170.pdb	11.598	21.962	0.0666667	16.290
swarm_25_189.pdb	11.399	28.165	0.0666667	15.694
swarm_27_113.pdb	13.815	29.446	0	15.547
swarm_27_68.pdb	15.322	28.557	0	15.222
swarm_27_56.pdb	9.487	35.788	0.0333333	15.104
swarm_23_122.pdb	13.481	34.113	0	14.055
swarm_27_13.pdb	14.518	26.933	0	12.977
swarm_25_91.pdb	16.394	31.882	0	12.847
swarm_3_177.pdb	13.425	29.779	0.0333333	10.994
swarm_23_16.pdb	18.285	31.315	0	10.706
swarm_3_110.pdb	12.053	22.305	0	10.539
swarm_20_146.pdb	8.206	24.842	0	9.719
