run0-swarm_9_70.pdb	5.405	19.361	0.233333	41.174
run0-swarm_18_154.pdb	8.313	42.550	0.0333333	40.666
run0-swarm_23_140.pdb	6.403	22.255	0.0666667	40.207
run0-swarm_3_11.pdb	8.307	42.622	0	40.050
run0-swarm_31_73.pdb	4.519	19.227	0.233333	39.768
run0-swarm_6_189.pdb	6.724	36.012	0.133333	38.236
run0-swarm_29_43.pdb	8.099	18.529	0	36.698
run0-swarm_23_190.pdb	5.382	21.635	0.333333	36.231
run0-swarm_22_75.pdb	4.763	19.126	0.333333	36.106
run0-swarm_7_19.pdb	8.213	17.239	0	35.926
run0-swarm_33_73.pdb	6.415	23.990	0.0666667	35.886
run0-swarm_12_120.pdb	6.815	31.204	0.0333333	35.878
run0-swarm_34_145.pdb	6.104	28.397	0.0666667	35.847
run0-swarm_17_67.pdb	1.910	5.378	0.6	35.666
run0-swarm_9_25.pdb	1.370	4.411	0.933333	35.101
run0-swarm_2_157.pdb	9.110	42.626	0	35.024
run0-swarm_20_90.pdb	2.179	8.776	0.533333	34.871
run0-swarm_30_165.pdb	7.484	28.301	0	34.735
run0-swarm_19_56.pdb	1.324	5.415	0.766667	34.732
run0-swarm_16_167.pdb	3.425	16.178	0.366667	34.322
run0-swarm_11_19.pdb	6.470	32.859	0.1	34.186
run0-swarm_8_96.pdb	3.952	20.914	0.333333	34.092
run0-swarm_16_3.pdb	6.951	21.683	0.0333333	33.981
run0-swarm_16_16.pdb	7.411	12.235	0	33.776
run0-swarm_4_77.pdb	7.857	16.422	0	33.704
run0-swarm_21_159.pdb	1.372	5.921	0.9	33.573
run0-swarm_7_27.pdb	5.880	25.657	0.0333333	33.493
run0-swarm_0_119.pdb	8.560	24.623	0	33.471
run0-swarm_32_84.pdb	2.687	11.018	0.7	33.108
run0-swarm_10_30.pdb	5.367	30.209	0.3	32.684
run0-swarm_0_117.pdb	6.500	24.067	0	32.509
run0-swarm_5_179.pdb	6.514	33.066	0.0333333	32.295
run0-swarm_12_106.pdb	5.732	33.368	0.233333	32.252
run0-swarm_20_28.pdb	8.554	27.527	0	32.104
run0-swarm_14_193.pdb	7.276	22.886	0.0333333	31.920
run0-swarm_16_34.pdb	2.691	7.290	0.4	31.645
run0-swarm_34_168.pdb	8.068	39.400	0.0333333	31.527
run0-swarm_29_37.pdb	6.771	25.661	0	31.452
run0-swarm_1_153.pdb	2.311	10.086	0.6	31.279
run0-swarm_28_123.pdb	7.600	26.891	0	31.060
run0-swarm_28_118.pdb	7.683	26.435	0.0333333	30.994
run0-swarm_4_99.pdb	6.301	22.646	0.1	30.930
run0-swarm_15_44.pdb	8.676	29.984	0	30.781
run0-swarm_30_100.pdb	7.601	23.908	0.0333333	30.522
run0-swarm_32_40.pdb	6.443	21.899	0.0333333	30.466
run0-swarm_13_4.pdb	3.531	16.877	0.366667	30.420
run0-swarm_18_171.pdb	6.783	41.223	0.0666667	30.310
run0-swarm_35_141.pdb	9.118	27.228	0	30.276
run0-swarm_12_81.pdb	7.412	34.305	0.0666667	30.187
run0-swarm_30_171.pdb	3.739	19.704	0.366667	30.072
run0-swarm_29_197.pdb	7.642	26.544	0	29.892
run0-swarm_1_129.pdb	3.234	5.238	0.333333	29.783
run0-swarm_9_114.pdb	2.775	8.927	0.466667	29.770
run0-swarm_31_142.pdb	4.175	20.913	0.233333	29.578
run0-swarm_13_69.pdb	5.581	29.855	0.233333	29.545
run0-swarm_36_106.pdb	5.975	35.399	0.166667	29.415
run0-swarm_26_33.pdb	3.698	19.253	0.233333	29.317
run0-swarm_28_2.pdb	3.848	21.288	0.366667	29.254
run0-swarm_14_111.pdb	7.718	30.121	0	29.248
run0-swarm_19_121.pdb	3.600	14.115	0.333333	29.180
run0-swarm_25_67.pdb	5.193	19.707	0.1	29.019
run0-swarm_24_42.pdb	1.999	11.522	0.7	29.000
run0-swarm_22_177.pdb	2.245	4.648	0.666667	28.894
run0-swarm_30_135.pdb	3.624	17.659	0.566667	28.746
run0-swarm_15_135.pdb	8.637	36.919	0	28.639
run0-swarm_24_40.pdb	5.162	19.130	0.1	28.216
run0-swarm_31_78.pdb	7.055	29.421	0	28.002
run0-swarm_1_26.pdb	7.017	16.946	0	27.427
run0-swarm_10_25.pdb	5.179	21.751	0.0666667	27.354
run0-swarm_17_193.pdb	3.500	14.446	0.466667	27.089
run0-swarm_18_141.pdb	6.339	32.426	0.133333	26.913
run0-swarm_9_183.pdb	4.951	16.423	0.133333	26.674
run0-swarm_26_190.pdb	4.641	17.450	0.1	26.566
run0-swarm_30_63.pdb	3.205	12.339	0.166667	26.445
run0-swarm_15_140.pdb	6.600	25.105	0.0333333	26.055
run0-swarm_35_25.pdb	3.725	16.539	0.4	26.010
run0-swarm_23_93.pdb	3.279	15.345	0.333333	25.979
run0-swarm_8_173.pdb	8.269	22.443	0	25.867
run0-swarm_31_80.pdb	4.416	16.345	0.133333	25.595
run0-swarm_13_23.pdb	8.359	19.502	0	25.593
run0-swarm_21_184.pdb	3.834	14.173	0.366667	24.822
run0-swarm_20_154.pdb	6.531	10.359	0	24.474
run0-swarm_3_163.pdb	7.610	33.293	0	24.468
run0-swarm_10_147.pdb	7.251	17.915	0	24.336
run0-swarm_20_110.pdb	4.285	19.454	0.166667	23.941
run0-swarm_21_21.pdb	7.387	18.310	0	23.853
run0-swarm_22_29.pdb	3.322	13.289	0.466667	23.366
run0-swarm_2_129.pdb	6.544	31.068	0.0666667	23.293
run0-swarm_22_42.pdb	4.115	18.647	0.133333	22.495
run0-swarm_17_116.pdb	7.800	19.913	0	22.202
run0-swarm_0_33.pdb	6.294	13.776	0.0333333	22.158
run0-swarm_34_98.pdb	8.526	31.275	0	21.736
run0-swarm_36_179.pdb	3.952	21.543	0.266667	21.687
run0-swarm_13_51.pdb	8.214	21.796	0	21.043
run0-swarm_12_149.pdb	9.642	24.902	0	20.749
run0-swarm_34_12.pdb	5.675	26.289	0.0666667	20.455
run0-swarm_21_41.pdb	9.198	16.600	0	20.237
run0-swarm_4_191.pdb	4.631	17.632	0.166667	20.063
run0-swarm_13_1.pdb	5.343	15.307	0.1	19.974
run0-swarm_35_195.pdb	6.986	30.430	0.0333333	19.922
run0-swarm_11_95.pdb	7.957	25.723	0	19.730
run0-swarm_28_163.pdb	6.414	17.093	0.0333333	19.049
run0-swarm_33_101.pdb	4.734	19.449	0.133333	18.177
run0-swarm_21_67.pdb	7.249	17.599	0.0333333	17.954
run0-swarm_24_192.pdb	5.572	14.075	0.0666667	17.420
run0-swarm_1_59.pdb	5.124	12.844	0.0333333	17.016
run0-swarm_32_195.pdb	8.332	15.166	0	16.959
run0-swarm_13_61.pdb	5.839	24.629	0.0666667	16.819
run0-swarm_24_20.pdb	8.611	24.738	0	16.483
run0-swarm_5_25.pdb	8.477	30.042	0	16.216
run0-swarm_2_44.pdb	9.991	27.609	0	16.076
run0-swarm_19_33.pdb	5.019	8.701	0.0333333	15.297
run0-swarm_14_105.pdb	9.474	33.550	0	14.318
run0-swarm_20_106.pdb	5.473	17.919	0.1	14.045
run0-swarm_31_16.pdb	9.230	29.875	0	13.402
run0-swarm_24_9.pdb	6.712	18.835	0	13.195
run0-swarm_19_58.pdb	8.411	13.150	0	12.128
run0-swarm_8_9.pdb	5.724	25.001	0.0666667	12.076
run0-swarm_12_53.pdb	6.678	25.577	0.0333333	11.327
run0-swarm_5_78.pdb	6.406	22.194	0.0333333	11.293
run0-swarm_12_24.pdb	10.589	34.689	0	11.046
run0-swarm_8_183.pdb	6.566	15.219	0.0333333	10.229
run0-swarm_22_11.pdb	6.083	23.499	0.0333333	10.229
run0-swarm_15_133.pdb	6.932	31.004	0.0666667	4.537
run0-swarm_6_171.pdb	7.167	41.938	0.1	3.413
run0-swarm_6_34.pdb	7.693	40.793	0.0333333	0.625
