swarm_44_163.pdb	3.163	7.010	0.557143	64.316
swarm_46_124.pdb	2.240	5.219	0.685714	58.171
swarm_42_145.pdb	3.106	5.664	0.3	56.497
swarm_38_71.pdb	2.942	5.621	0.314286	54.327
swarm_44_47.pdb	4.269	13.526	0.328571	52.508
swarm_46_126.pdb	3.784	7.749	0.271429	51.842
swarm_23_129.pdb	5.293	13.955	0.1	50.463
swarm_45_2.pdb	5.608	18.872	0.128571	50.092
swarm_12_21.pdb	5.208	17.490	0.185714	48.879
swarm_34_33.pdb	2.970	6.338	0.314286	48.213
swarm_12_113.pdb	7.206	25.186	0.0571429	48.072
swarm_34_49.pdb	3.377	7.161	0.285714	46.311
swarm_41_140.pdb	6.602	24.837	0.157143	45.297
swarm_30_149.pdb	6.192	22.148	0.1	43.663
swarm_4_171.pdb	5.056	14.745	0.185714	43.148
swarm_44_188.pdb	9.401	17.510	0	41.828
swarm_42_51.pdb	6.233	16.737	0.0571429	40.865
swarm_45_61.pdb	8.403	15.045	0	40.790
swarm_45_179.pdb	5.294	14.976	0.2	40.101
swarm_42_29.pdb	8.525	15.934	0	37.636
swarm_44_24.pdb	2.762	7.529	0.5	37.506
swarm_44_172.pdb	5.807	18.062	0.157143	37.352
swarm_12_123.pdb	8.101	14.942	0	36.859
swarm_12_146.pdb	6.015	19.352	0.214286	36.099
swarm_16_23.pdb	8.715	29.625	0	35.866
swarm_46_35.pdb	8.749	15.818	0	35.184
swarm_23_68.pdb	9.117	17.582	0	34.628
swarm_34_131.pdb	6.096	16.994	0.0857143	34.370
swarm_20_189.pdb	3.381	8.172	0.185714	33.967
swarm_37_193.pdb	5.710	13.363	0.0571429	33.706
swarm_41_173.pdb	6.049	21.766	0.0428571	33.332
swarm_20_153.pdb	6.040	17.795	0.0714286	33.302
swarm_41_11.pdb	9.997	18.136	0	33.054
swarm_17_89.pdb	8.512	30.656	0.0428571	31.466
swarm_45_25.pdb	8.025	29.096	0.0571429	31.095
swarm_46_52.pdb	6.277	19.967	0.0714286	30.834
swarm_38_100.pdb	6.828	20.464	0.0714286	29.964
swarm_7_191.pdb	4.906	15.373	0.271429	29.500
swarm_41_0.pdb	13.042	28.606	0	29.111
swarm_46_90.pdb	8.785	16.045	0	29.041
swarm_42_52.pdb	5.213	15.916	0.157143	28.391
swarm_37_118.pdb	8.466	25.101	0.0142857	26.420
swarm_40_142.pdb	5.895	20.355	0.214286	25.555
swarm_20_28.pdb	10.304	17.241	0	25.450
swarm_23_197.pdb	6.530	24.012	0.2	25.387
swarm_32_150.pdb	7.592	23.532	0.0428571	24.259
swarm_38_36.pdb	4.493	13.910	0.142857	23.990
swarm_29_66.pdb	8.169	29.576	0.0714286	23.050
swarm_42_186.pdb	8.241	25.960	0.0142857	20.784
swarm_33_145.pdb	8.813	24.994	0.0142857	20.771
swarm_32_24.pdb	7.628	23.933	0.0571429	13.437
swarm_33_89.pdb	10.010	33.728	0.0142857	9.948
swarm_37_89.pdb	8.164	22.121	0.0285714	9.473
swarm_34_96.pdb	8.094	20.833	0	5.714
swarm_46_167.pdb	4.472	13.188	0.0285714	4.359
