swarm_4_58.pdb	7.794	17.051	0.0285714	45.920
swarm_26_42.pdb	7.569	17.055	0	43.306
swarm_50_168.pdb	8.530	17.994	0.0142857	42.851
swarm_2_40.pdb	7.110	17.061	0	38.549
swarm_18_165.pdb	6.597	13.200	0.0285714	37.544
swarm_4_3.pdb	6.358	16.948	0.0142857	35.462
swarm_1_182.pdb	7.589	21.692	0.0571429	33.399
swarm_2_26.pdb	7.459	22.276	0.0714286	33.383
swarm_35_151.pdb	7.437	23.117	0.1	32.764
swarm_1_63.pdb	9.567	21.299	0	30.721
swarm_45_192.pdb	7.801	17.415	0	29.910
swarm_70_177.pdb	4.995	10.380	0.0142857	29.398
swarm_50_119.pdb	6.931	17.489	0.0142857	29.350
swarm_3_145.pdb	7.631	18.178	0	28.872
swarm_26_190.pdb	7.927	15.974	0	28.182
swarm_3_141.pdb	9.046	18.132	0.0142857	27.529
swarm_18_56.pdb	6.778	18.078	0	26.258
swarm_69_145.pdb	13.626	39.589	0	26.024
swarm_84_156.pdb	7.152	17.378	0	25.918
swarm_81_116.pdb	7.493	15.681	0	25.913
swarm_70_120.pdb	7.459	20.275	0.0428571	25.483
swarm_84_16.pdb	7.661	17.011	0	25.467
swarm_1_98.pdb	8.104	25.229	0.0142857	24.782
swarm_45_156.pdb	8.616	20.882	0	24.758
swarm_84_29.pdb	5.936	10.274	0.0142857	23.501
swarm_81_170.pdb	9.106	23.133	0	23.147
swarm_78_28.pdb	13.890	31.695	0	23.017
swarm_11_5.pdb	14.550	40.703	0	22.990
swarm_75_88.pdb	14.324	38.272	0	22.953
swarm_27_103.pdb	11.548	28.384	0	22.861
swarm_26_144.pdb	8.282	21.874	0	22.835
swarm_84_176.pdb	8.820	23.993	0	22.494
swarm_40_72.pdb	12.882	30.253	0	22.302
swarm_37_98.pdb	12.644	31.089	0	22.254
swarm_71_189.pdb	15.930	39.162	0	22.112
swarm_33_40.pdb	15.508	33.604	0	22.097
swarm_36_25.pdb	15.263	39.471	0	22.076
swarm_10_82.pdb	12.792	33.694	0	22.042
swarm_57_70.pdb	13.254	33.596	0	21.890
swarm_38_57.pdb	13.153	34.191	0	21.835
swarm_54_40.pdb	9.687	23.481	0	21.784
swarm_59_51.pdb	13.966	36.027	0	21.745
swarm_3_59.pdb	8.377	20.105	0	21.574
swarm_35_191.pdb	10.825	29.816	0	21.564
swarm_30_17.pdb	13.783	36.119	0	21.467
swarm_81_105.pdb	11.945	27.095	0	21.427
swarm_35_82.pdb	12.102	27.379	0	21.268
swarm_11_25.pdb	15.459	34.734	0	21.223
swarm_45_125.pdb	7.837	26.910	0.0571429	21.218
swarm_63_165.pdb	14.339	36.272	0	20.978
swarm_54_176.pdb	13.171	30.896	0	20.710
swarm_65_4.pdb	12.889	30.409	0	20.646
swarm_31_69.pdb	9.362	23.872	0	20.544
swarm_1_181.pdb	8.862	27.369	0.0142857	20.302
swarm_61_154.pdb	13.483	32.011	0	20.269
swarm_83_148.pdb	12.052	29.630	0	20.044
swarm_78_131.pdb	8.266	17.950	0	20.038
swarm_33_141.pdb	13.565	33.825	0	19.984
swarm_0_12.pdb	16.144	41.177	0	19.956
swarm_65_132.pdb	8.109	17.205	0	19.932
swarm_65_60.pdb	9.817	28.420	0	19.856
swarm_10_3.pdb	13.167	33.047	0	19.707
swarm_45_117.pdb	12.360	31.302	0	19.672
swarm_61_93.pdb	15.647	33.881	0	19.659
swarm_32_58.pdb	13.560	39.277	0	19.505
swarm_84_75.pdb	9.197	21.234	0	19.489
swarm_4_84.pdb	7.407	21.042	0	19.324
swarm_28_53.pdb	17.932	49.374	0	19.260
swarm_31_147.pdb	12.847	33.194	0	19.125
swarm_61_171.pdb	12.857	29.868	0	19.101
swarm_65_103.pdb	9.811	26.770	0	19.075
swarm_40_85.pdb	12.820	34.252	0	18.628
swarm_6_46.pdb	13.013	31.828	0	18.413
swarm_61_90.pdb	13.099	28.840	0	18.314
swarm_52_36.pdb	12.538	33.927	0	18.228
swarm_27_182.pdb	13.515	34.044	0	17.884
swarm_35_19.pdb	11.312	31.069	0	17.533
swarm_38_50.pdb	15.711	33.711	0	17.475
swarm_27_58.pdb	14.444	32.201	0	17.185
swarm_45_185.pdb	9.941	24.731	0	16.922
swarm_83_80.pdb	12.144	28.496	0	16.248
swarm_8_71.pdb	15.552	38.180	0	16.224
swarm_78_104.pdb	10.312	24.691	0	15.693
swarm_39_30.pdb	14.117	30.876	0	15.122
swarm_32_37.pdb	16.213	37.167	0	15.120
swarm_61_191.pdb	12.864	37.678	0	14.720
swarm_54_143.pdb	12.824	32.880	0	14.382
swarm_31_74.pdb	8.666	29.260	0	14.252
swarm_78_141.pdb	13.040	29.140	0	13.537
swarm_32_103.pdb	16.353	47.415	0	13.194
swarm_78_169.pdb	9.069	25.221	0	13.080
swarm_38_139.pdb	12.412	39.234	0	12.834
swarm_63_24.pdb	16.085	37.388	0	12.599
swarm_61_71.pdb	12.807	32.113	0	12.077
swarm_1_23.pdb	9.761	27.306	0	11.930
swarm_8_155.pdb	16.000	47.723	0	10.879
swarm_20_113.pdb	16.348	37.029	0	10.765
swarm_31_3.pdb	15.794	38.540	0	10.548
swarm_22_45.pdb	16.489	44.451	0	9.818
swarm_32_27.pdb	16.844	40.244	0	9.690
swarm_3_60.pdb	11.159	29.264	0	6.044
