swarm_101_120.pdb	2.382	4.581	0.685714	56.850
swarm_110_165.pdb	7.054	25.786	0.114286	55.150
swarm_83_185.pdb	1.922	2.804	0.628571	54.255
swarm_16_185.pdb	2.407	6.621	0.485714	46.829
swarm_16_96.pdb	8.659	17.980	0.0142857	46.822
swarm_11_150.pdb	4.842	17.323	0.271429	46.065
swarm_33_194.pdb	2.336	4.287	0.471429	46.024
swarm_62_111.pdb	2.103	3.048	0.585714	44.760
swarm_14_117.pdb	6.437	22.085	0.1	43.616
swarm_18_173.pdb	2.720	5.239	0.4	43.302
swarm_12_22.pdb	2.285	3.437	0.628571	43.162
swarm_18_99.pdb	6.959	14.871	0.0285714	43.151
swarm_43_178.pdb	2.931	4.893	0.371429	43.116
swarm_32_137.pdb	2.743	7.013	0.428571	42.919
swarm_18_2.pdb	4.403	9.234	0.3	42.782
swarm_9_33.pdb	6.646	22.767	0.0857143	42.670
swarm_4_104.pdb	6.425	21.305	0.1	42.620
swarm_10_148.pdb	5.647	18.460	0.128571	41.512
swarm_9_4.pdb	4.551	14.389	0.228571	41.299
swarm_12_144.pdb	4.890	12.268	0.0571429	39.517
swarm_92_196.pdb	6.475	20.778	0.114286	39.437
swarm_17_13.pdb	7.855	25.961	0.0285714	38.698
swarm_18_113.pdb	5.180	14.390	0.114286	37.920
swarm_20_36.pdb	3.338	9.277	0.314286	37.832
swarm_15_16.pdb	5.931	18.272	0.171429	37.702
swarm_45_153.pdb	3.212	8.084	0.314286	37.675
swarm_114_163.pdb	3.599	9.401	0.257143	37.597
swarm_101_138.pdb	3.313	8.306	0.342857	37.538
swarm_11_178.pdb	4.335	7.159	0.142857	37.507
swarm_16_82.pdb	6.892	21.366	0.0714286	37.431
swarm_5_196.pdb	7.293	19.553	0.0285714	37.396
swarm_6_7.pdb	8.226	31.013	0.142857	37.251
swarm_7_15.pdb	7.490	24.983	0.0571429	37.135
swarm_114_54.pdb	7.062	16.392	0	37.096
swarm_16_170.pdb	3.590	8.790	0.214286	37.035
swarm_113_35.pdb	7.191	19.552	0.0428571	36.890
swarm_12_196.pdb	4.160	9.673	0.142857	36.789
swarm_32_180.pdb	3.726	7.085	0.257143	36.511
swarm_11_166.pdb	6.736	20.366	0.0571429	36.452
swarm_99_130.pdb	6.089	16.438	0.0571429	36.327
swarm_64_141.pdb	2.834	6.492	0.342857	35.688
swarm_5_161.pdb	6.068	15.833	0.0285714	35.660
swarm_10_4.pdb	6.491	17.425	0.0571429	35.651
swarm_15_147.pdb	6.964	19.002	0.0428571	35.418
swarm_34_74.pdb	3.292	9.966	0.371429	35.303
swarm_62_19.pdb	4.998	15.994	0.257143	35.239
swarm_5_102.pdb	2.483	6.106	0.414286	35.211
swarm_83_156.pdb	3.875	12.633	0.342857	35.207
swarm_111_19.pdb	6.940	20.919	0.0428571	35.050
swarm_17_147.pdb	6.663	20.474	0.0428571	35.018
swarm_114_187.pdb	5.093	14.239	0.157143	34.772
swarm_11_61.pdb	6.739	14.333	0.0571429	34.400
swarm_83_123.pdb	4.351	9.308	0.0571429	33.680
swarm_18_31.pdb	5.871	10.741	0.128571	33.430
swarm_62_191.pdb	7.631	22.599	0.0571429	32.569
swarm_18_177.pdb	7.650	19.758	0	32.515
swarm_10_187.pdb	4.830	8.751	0.0285714	32.479
swarm_99_67.pdb	4.519	12.693	0.2	32.332
swarm_10_197.pdb	8.110	19.824	0	32.050
swarm_92_95.pdb	7.964	29.459	0.114286	31.581
swarm_113_140.pdb	3.379	7.270	0.242857	31.476
swarm_62_71.pdb	6.966	13.860	0.114286	31.391
swarm_11_40.pdb	3.057	8.695	0.357143	31.292
swarm_113_151.pdb	7.227	21.929	0.0714286	31.074
swarm_10_133.pdb	6.532	13.168	0.0142857	31.069
swarm_101_199.pdb	3.392	8.676	0.242857	31.046
swarm_111_150.pdb	7.432	16.841	0	30.814
swarm_113_132.pdb	4.820	13.142	0.0857143	30.766
swarm_64_100.pdb	5.563	14.514	0.0714286	30.712
swarm_55_157.pdb	5.063	14.197	0.142857	30.408
swarm_9_161.pdb	5.507	21.566	0.271429	30.313
swarm_16_183.pdb	5.145	14.948	0.171429	30.263
swarm_58_64.pdb	7.574	25.344	0.0857143	30.181
swarm_16_62.pdb	8.386	14.996	0	29.877
swarm_80_167.pdb	7.388	22.291	0.0714286	29.469
swarm_99_1.pdb	7.563	17.018	0.0285714	29.405
swarm_17_72.pdb	7.140	13.740	0.0714286	29.370
swarm_111_97.pdb	10.788	22.079	0	29.284
swarm_74_88.pdb	11.048	21.237	0	29.199
swarm_33_21.pdb	3.715	10.484	0.242857	29.124
swarm_114_30.pdb	5.679	17.149	0.0857143	29.109
swarm_7_127.pdb	10.029	20.409	0	28.953
swarm_94_9.pdb	7.479	23.728	0.0428571	28.730
swarm_4_10.pdb	5.101	19.661	0.2	28.469
swarm_61_66.pdb	7.643	24.307	0.0571429	28.449
swarm_17_79.pdb	6.221	22.038	0.157143	28.369
swarm_21_47.pdb	3.502	9.942	0.242857	28.323
swarm_11_112.pdb	6.753	13.832	0.0142857	28.307
swarm_83_110.pdb	6.871	20.671	0.1	28.248
swarm_4_4.pdb	5.604	15.658	0.185714	28.004
swarm_5_23.pdb	6.766	20.709	0.0571429	27.933
swarm_9_137.pdb	5.405	12.501	0.0142857	27.898
swarm_74_170.pdb	8.062	25.311	0.0428571	27.432
swarm_5_10.pdb	10.865	20.860	0	27.410
swarm_56_136.pdb	4.957	15.621	0.214286	26.850
swarm_15_195.pdb	5.169	10.488	0.0285714	26.334
swarm_11_121.pdb	5.883	16.889	0.0571429	25.678
swarm_16_20.pdb	11.191	19.715	0	25.444
swarm_43_102.pdb	3.976	9.247	0.142857	25.331
swarm_15_171.pdb	10.332	17.055	0	25.295
swarm_113_99.pdb	6.511	18.618	0.1	24.990
swarm_64_6.pdb	5.264	17.957	0.185714	24.816
swarm_92_42.pdb	9.738	32.777	0.142857	24.723
swarm_15_134.pdb	8.959	19.928	0	24.557
swarm_6_51.pdb	9.124	20.588	0	24.402
swarm_12_16.pdb	8.165	21.787	0	23.580
swarm_7_99.pdb	5.959	21.292	0.157143	22.962
swarm_111_140.pdb	6.291	19.276	0.0428571	22.898
swarm_14_48.pdb	9.706	29.689	0.142857	22.895
swarm_92_195.pdb	11.940	24.506	0	21.779
swarm_83_138.pdb	7.772	18.140	0	21.725
swarm_37_0.pdb	8.423	26.773	0.0571429	21.616
swarm_7_31.pdb	9.228	31.392	0.0428571	21.554
swarm_74_37.pdb	8.005	28.224	0.0571429	21.057
swarm_80_31.pdb	6.377	16.069	0	20.875
swarm_51_84.pdb	8.295	23.824	0.0142857	20.575
swarm_46_15.pdb	5.398	18.499	0.171429	20.470
swarm_4_112.pdb	6.955	15.647	0	20.350
swarm_18_86.pdb	6.671	18.874	0.0571429	20.270
swarm_9_141.pdb	8.514	17.519	0	20.026
swarm_7_137.pdb	8.565	16.113	0	19.798
swarm_17_131.pdb	9.325	22.022	0	19.650
swarm_17_62.pdb	9.110	16.707	0	19.098
swarm_111_53.pdb	5.589	11.027	0.0857143	18.707
swarm_9_156.pdb	6.527	12.364	0.0285714	18.607
swarm_58_48.pdb	8.491	30.080	0.0714286	18.198
swarm_110_137.pdb	8.882	17.548	0	16.107
swarm_114_103.pdb	5.637	8.631	0.0571429	14.581
swarm_10_32.pdb	6.532	14.686	0.0285714	13.447
swarm_14_43.pdb	11.484	26.589	0	13.187
swarm_94_121.pdb	8.684	21.978	0.0142857	10.448
swarm_12_173.pdb	10.245	18.971	0.0285714	8.800
swarm_10_105.pdb	9.587	26.850	0	7.098
swarm_7_182.pdb	11.710	26.974	0	5.780
swarm_74_93.pdb	12.286	30.850	0	5.665
swarm_113_68.pdb	10.056	17.178	0.0142857	2.224
swarm_4_62.pdb	9.320	24.624	0.0142857	1.277
swarm_51_196.pdb	10.078	38.086	0.0714286	0.842
