run0-swarm_5_190.pdb	10.896	19.140	0	47.992
run0-swarm_8_108.pdb	11.307	20.234	0	47.828
run0-swarm_11_155.pdb	11.588	20.902	0	47.111
run0-swarm_109_18.pdb	6.433	24.129	0.128571	43.918
run0-swarm_12_37.pdb	10.935	19.632	0	43.315
run0-swarm_14_50.pdb	11.045	20.150	0	42.806
run0-swarm_9_106.pdb	3.918	7.922	0.214286	41.709
run0-swarm_8_116.pdb	11.392	20.816	0	41.425
run0-swarm_7_115.pdb	11.093	21.159	0	41.078
run0-swarm_15_11.pdb	11.414	20.796	0	39.805
run0-swarm_109_152.pdb	11.601	20.749	0	39.565
run0-swarm_16_99.pdb	3.147	6.980	0.357143	39.220
run0-swarm_101_184.pdb	11.671	23.851	0	36.813
run0-swarm_7_12.pdb	10.722	19.560	0	36.727
run0-swarm_105_196.pdb	5.058	11.865	0.0714286	36.144
run0-swarm_9_85.pdb	6.671	13.904	0	36.138
run0-swarm_15_73.pdb	11.105	21.744	0	35.353
run0-swarm_112_115.pdb	10.440	20.396	0	34.930
run0-swarm_53_44.pdb	5.055	11.154	0.0714286	34.840
run0-swarm_14_109.pdb	1.973	3.135	0.557143	34.236
run0-swarm_5_44.pdb	14.304	27.290	0	34.233
run0-swarm_70_92.pdb	10.998	20.550	0	34.034
run0-swarm_12_175.pdb	10.725	25.282	0.0142857	33.856
run0-swarm_15_141.pdb	12.155	22.226	0	33.690
run0-swarm_83_150.pdb	11.491	20.747	0	33.597
run0-swarm_110_86.pdb	4.733	8.598	0.0714286	33.526
run0-swarm_11_34.pdb	10.922	25.703	0.0142857	33.322
run0-swarm_61_152.pdb	11.808	32.301	0	33.209
run0-swarm_22_80.pdb	10.813	34.419	0.0142857	33.110
run0-swarm_14_27.pdb	8.380	14.617	0	32.912
run0-swarm_11_109.pdb	11.223	24.019	0	32.655
run0-swarm_89_192.pdb	5.437	12.207	0.0571429	32.314
run0-swarm_96_58.pdb	12.717	25.772	0	32.031
run0-swarm_37_96.pdb	11.579	37.500	0.0142857	31.968
run0-swarm_65_189.pdb	11.156	34.532	0.0142857	31.900
run0-swarm_81_180.pdb	7.764	26.699	0.0142857	31.471
run0-swarm_109_58.pdb	11.692	24.183	0	31.400
run0-swarm_99_43.pdb	12.621	37.804	0	31.399
run0-swarm_16_54.pdb	3.009	8.057	0.385714	31.048
run0-swarm_7_82.pdb	11.877	26.008	0	30.366
run0-swarm_84_16.pdb	12.514	36.106	0	30.358
run0-swarm_86_28.pdb	7.954	26.139	0	30.290
run0-swarm_9_196.pdb	8.996	15.499	0	30.285
run0-swarm_5_75.pdb	11.102	19.628	0	30.277
run0-swarm_104_55.pdb	10.596	18.465	0	29.670
run0-swarm_5_9.pdb	11.917	25.845	0	29.272
run0-swarm_104_153.pdb	5.627	11.251	0.0285714	29.086
run0-swarm_95_138.pdb	11.883	35.042	0	29.053
run0-swarm_110_146.pdb	10.971	19.777	0	28.725
run0-swarm_101_177.pdb	10.620	17.596	0	28.638
run0-swarm_25_117.pdb	12.859	40.945	0	28.408
run0-swarm_11_74.pdb	7.669	16.173	0	27.216
run0-swarm_81_163.pdb	12.267	35.420	0	27.209
run0-swarm_21_76.pdb	12.311	37.694	0	27.185
run0-swarm_76_11.pdb	15.664	47.419	0	26.354
run0-swarm_48_138.pdb	10.792	35.791	0	26.312
run0-swarm_31_110.pdb	11.379	22.717	0	25.876
run0-swarm_44_149.pdb	12.209	29.302	0	25.638
run0-swarm_38_75.pdb	12.368	42.772	0.0142857	25.618
run0-swarm_17_50.pdb	13.367	40.908	0	25.311
run0-swarm_89_112.pdb	10.772	18.325	0	25.172
run0-swarm_112_59.pdb	11.477	32.884	0	25.008
run0-swarm_79_87.pdb	13.193	42.464	0.0142857	24.864
run0-swarm_55_60.pdb	12.713	27.825	0	24.764
run0-swarm_62_137.pdb	11.899	34.707	0	24.719
run0-swarm_96_27.pdb	10.563	30.591	0	24.678
run0-swarm_14_188.pdb	6.011	12.491	0.0285714	24.674
run0-swarm_7_132.pdb	7.848	16.810	0	24.325
run0-swarm_105_126.pdb	9.881	16.391	0	24.318
run0-swarm_23_141.pdb	11.145	39.411	0	24.286
run0-swarm_70_103.pdb	10.615	18.817	0	24.176
run0-swarm_9_84.pdb	11.617	19.281	0	24.158
run0-swarm_112_81.pdb	12.989	30.942	0	24.130
run0-swarm_46_164.pdb	11.922	22.787	0	23.758
run0-swarm_110_32.pdb	11.239	19.190	0	23.740
run0-swarm_63_25.pdb	16.366	48.531	0	23.557
run0-swarm_45_96.pdb	12.601	37.425	0	23.297
run0-swarm_8_185.pdb	10.629	18.763	0	23.250
run0-swarm_56_43.pdb	12.371	27.128	0	23.049
run0-swarm_105_170.pdb	5.121	17.315	0.171429	22.991
run0-swarm_100_127.pdb	12.128	26.543	0	22.985
run0-swarm_79_5.pdb	13.844	43.371	0	22.968
run0-swarm_41_80.pdb	10.349	18.596	0	22.952
run0-swarm_42_81.pdb	8.085	29.037	0.0714286	22.635
run0-swarm_55_76.pdb	6.851	23.226	0.0571429	22.593
run0-swarm_49_46.pdb	10.615	22.910	0	22.400
run0-swarm_77_84.pdb	15.175	47.889	0	22.117
run0-swarm_110_171.pdb	9.751	18.794	0	22.094
run0-swarm_89_39.pdb	9.423	21.018	0	22.053
run0-swarm_12_29.pdb	11.766	21.850	0	21.841
run0-swarm_77_23.pdb	13.783	38.683	0	21.759
run0-swarm_104_188.pdb	10.098	20.446	0	21.577
run0-swarm_31_52.pdb	11.957	32.297	0	21.142
run0-swarm_105_43.pdb	8.040	14.943	0	21.005
run0-swarm_81_54.pdb	12.984	40.784	0	20.432
run0-swarm_56_170.pdb	8.013	24.737	0.0285714	20.322
run0-swarm_28_140.pdb	13.637	26.423	0	20.248
run0-swarm_62_108.pdb	14.570	32.197	0	20.161
run0-swarm_54_20.pdb	9.782	29.156	0	19.922
run0-swarm_53_104.pdb	12.645	24.180	0	19.697
run0-swarm_98_159.pdb	12.242	27.354	0	19.544
run0-swarm_42_131.pdb	10.283	18.038	0	19.078
run0-swarm_104_80.pdb	9.600	17.665	0	18.744
run0-swarm_39_113.pdb	11.484	24.048	0	18.724
run0-swarm_61_187.pdb	14.441	42.773	0	18.676
run0-swarm_33_30.pdb	5.346	18.385	0.171429	18.674
run0-swarm_22_127.pdb	11.600	29.976	0	18.622
run0-swarm_13_105.pdb	14.153	35.257	0	18.577
run0-swarm_83_156.pdb	12.691	24.220	0	18.544
run0-swarm_29_53.pdb	11.114	23.408	0.0142857	18.143
run0-swarm_95_117.pdb	13.527	43.024	0	18.062
run0-swarm_22_38.pdb	11.689	39.421	0	17.846
run0-swarm_31_112.pdb	11.059	24.393	0	17.765
run0-swarm_80_39.pdb	13.020	31.280	0	17.641
run0-swarm_43_139.pdb	14.292	39.008	0	17.218
run0-swarm_101_58.pdb	7.298	12.683	0.0428571	16.568
run0-swarm_2_192.pdb	15.524	36.690	0	16.522
run0-swarm_39_188.pdb	11.704	27.236	0	15.863
run0-swarm_89_138.pdb	10.613	22.739	0	15.463
run0-swarm_33_130.pdb	10.584	32.379	0	14.299
run0-swarm_2_147.pdb	12.666	43.613	0	13.580
run0-swarm_84_183.pdb	11.516	23.481	0.0428571	12.653
run0-swarm_28_31.pdb	12.165	30.266	0	9.694
run0-swarm_48_151.pdb	11.936	38.145	0	7.351
run0-swarm_69_109.pdb	11.440	29.599	0	7.214
run0-swarm_82_100.pdb	8.494	27.823	0.0428571	6.890
run0-swarm_22_10.pdb	10.684	35.565	0	1.437
