swarm_17_19.pdb	11.636	27.536	0.0285714	54.376
swarm_83_30.pdb	13.953	25.854	0	48.500
swarm_7_128.pdb	12.809	30.874	0.0428571	45.901
swarm_83_125.pdb	5.185	9.118	0.214286	45.031
swarm_9_76.pdb	10.935	22.769	0	44.885
swarm_111_97.pdb	12.473	27.957	0	43.160
swarm_16_42.pdb	13.109	26.681	0.0571429	41.351
swarm_10_113.pdb	8.522	25.583	0.0571429	41.224
swarm_5_195.pdb	11.538	27.489	0.0285714	41.094
swarm_11_145.pdb	10.873	20.291	0.0142857	40.401
swarm_10_121.pdb	12.919	29.364	0.0571429	39.695
swarm_10_111.pdb	11.080	19.182	0	39.691
swarm_45_44.pdb	14.721	25.900	0.0428571	38.998
swarm_7_13.pdb	13.798	29.487	0.0571429	38.929
swarm_94_55.pdb	12.752	29.547	0.0571429	38.880
swarm_111_101.pdb	13.690	28.627	0.0714286	38.582
swarm_14_163.pdb	11.331	20.708	0	38.545
swarm_101_136.pdb	5.997	10.780	0.185714	38.544
swarm_10_99.pdb	12.744	23.877	0	38.342
swarm_113_4.pdb	4.946	12.388	0.314286	37.621
swarm_18_23.pdb	8.791	17.053	0	37.620
swarm_10_53.pdb	11.692	20.655	0.0428571	37.545
swarm_114_143.pdb	14.542	25.402	0	37.128
swarm_62_191.pdb	2.725	6.172	0.528571	36.599
swarm_74_35.pdb	13.191	25.074	0	36.438
swarm_16_173.pdb	11.386	25.361	0.0571429	36.379
swarm_11_38.pdb	12.042	23.410	0.0571429	36.093
swarm_15_136.pdb	12.076	23.013	0	35.307
swarm_12_80.pdb	9.437	19.444	0	35.145
swarm_5_132.pdb	13.196	25.994	0.0714286	34.533
swarm_9_77.pdb	9.184	28.846	0.0285714	34.277
swarm_83_86.pdb	10.301	18.904	0.0714286	34.269
swarm_14_94.pdb	12.814	27.981	0.0285714	34.183
swarm_18_124.pdb	10.641	19.273	0.0285714	33.907
swarm_111_152.pdb	12.321	22.203	0.0571429	33.767
swarm_101_71.pdb	9.007	17.371	0.0285714	33.360
swarm_11_102.pdb	13.798	25.202	0.0142857	33.347
swarm_111_85.pdb	11.682	25.261	0.0428571	33.235
swarm_61_29.pdb	13.462	27.813	0	33.205
swarm_16_183.pdb	8.093	16.992	0.1	33.084
swarm_33_2.pdb	3.032	7.012	0.357143	32.062
swarm_18_6.pdb	7.105	13.180	0.114286	31.946
swarm_15_125.pdb	10.896	29.447	0	31.945
swarm_45_4.pdb	4.530	11.897	0.142857	31.934
swarm_7_114.pdb	10.486	27.014	0.0571429	31.776
swarm_43_21.pdb	14.421	25.504	0	31.746
swarm_9_65.pdb	13.235	26.671	0.0714286	31.453
swarm_6_111.pdb	13.520	29.832	0.0285714	31.387
swarm_92_186.pdb	13.974	31.628	0.0142857	31.261
swarm_18_49.pdb	7.291	14.494	0.114286	30.934
swarm_62_84.pdb	13.645	23.899	0.0571429	30.924
swarm_17_149.pdb	10.540	20.818	0	30.781
swarm_113_196.pdb	6.511	12.626	0.0428571	30.774
swarm_16_125.pdb	12.594	25.274	0.0571429	30.600
swarm_17_79.pdb	10.950	31.459	0	30.392
swarm_113_116.pdb	13.087	25.257	0	30.332
swarm_101_8.pdb	10.671	21.274	0	30.201
swarm_16_92.pdb	12.029	22.377	0.0428571	29.669
swarm_16_168.pdb	3.773	12.244	0.314286	29.538
swarm_18_150.pdb	10.765	20.175	0.0571429	29.360
swarm_9_54.pdb	13.969	26.092	0	29.294
swarm_32_112.pdb	4.458	13.545	0.185714	29.200
swarm_56_115.pdb	7.180	19.275	0.128571	29.183
swarm_12_175.pdb	11.509	25.381	0	28.762
swarm_14_157.pdb	12.975	31.316	0	28.756
swarm_12_83.pdb	12.107	23.387	0	28.702
swarm_94_16.pdb	12.118	29.997	0.0142857	28.615
swarm_11_160.pdb	13.860	27.589	0	28.445
swarm_9_107.pdb	14.096	28.827	0	28.299
swarm_6_165.pdb	16.253	30.553	0	28.250
swarm_12_90.pdb	13.982	27.229	0	28.169
swarm_5_97.pdb	11.891	21.764	0.0142857	28.098
swarm_9_130.pdb	7.401	26.975	0.114286	27.727
swarm_83_137.pdb	11.693	20.577	0.0142857	27.553
swarm_99_118.pdb	11.276	19.140	0.0142857	27.472
swarm_4_37.pdb	16.019	29.267	0	27.432
swarm_111_21.pdb	10.847	26.387	0	27.278
swarm_5_158.pdb	7.300	13.522	0.0714286	27.238
swarm_10_51.pdb	6.950	11.870	0.0857143	27.203
swarm_58_70.pdb	11.448	26.409	0.0285714	27.156
swarm_14_8.pdb	11.398	27.909	0	27.144
swarm_7_150.pdb	12.096	24.477	0.0428571	27.125
swarm_16_16.pdb	9.964	21.841	0.0142857	27.093
swarm_110_78.pdb	15.985	29.387	0	26.970
swarm_113_36.pdb	9.262	21.465	0.0857143	26.969
swarm_110_156.pdb	14.355	28.032	0	26.894
swarm_64_153.pdb	15.110	27.030	0	26.880
swarm_99_173.pdb	5.502	16.705	0.142857	26.728
swarm_15_97.pdb	9.322	22.228	0.0285714	26.659
swarm_12_40.pdb	11.113	22.374	0.0571429	26.514
swarm_111_76.pdb	13.045	28.059	0.0285714	26.342
swarm_18_91.pdb	12.773	27.243	0	26.314
swarm_83_179.pdb	4.482	7.639	0.142857	26.269
swarm_108_163.pdb	9.460	28.890	0	26.245
swarm_15_56.pdb	8.135	14.102	0.0428571	26.191
swarm_92_85.pdb	11.955	31.381	0	26.155
swarm_92_27.pdb	11.963	32.723	0.0142857	26.153
swarm_17_84.pdb	11.806	34.502	0	26.149
swarm_12_27.pdb	10.641	24.942	0	26.051
swarm_5_13.pdb	6.782	18.322	0.114286	26.042
swarm_72_183.pdb	17.488	39.032	0	26.034
swarm_11_95.pdb	8.227	14.278	0	26.017
swarm_16_83.pdb	13.102	23.509	0.0428571	25.967
swarm_62_87.pdb	5.800	10.693	0.0571429	25.928
swarm_14_40.pdb	14.255	33.054	0	25.886
swarm_11_143.pdb	9.226	15.460	0.0428571	25.822
swarm_5_153.pdb	11.446	21.936	0	25.782
swarm_99_4.pdb	14.332	24.661	0	25.695
swarm_9_83.pdb	13.334	29.906	0	25.676
swarm_16_157.pdb	13.468	25.033	0.0714286	25.527
swarm_12_190.pdb	6.820	11.842	0.0571429	25.503
swarm_56_21.pdb	4.832	15.575	0.185714	25.438
swarm_10_5.pdb	7.209	21.741	0.1	25.403
swarm_4_98.pdb	11.930	32.373	0.0285714	25.332
swarm_7_9.pdb	13.955	31.256	0.0285714	25.196
swarm_37_103.pdb	16.126	32.750	0	25.101
swarm_12_56.pdb	9.377	20.084	0.0714286	25.053
swarm_11_162.pdb	5.248	18.228	0.2	24.992
swarm_5_42.pdb	12.906	23.082	0.0428571	24.896
swarm_17_85.pdb	14.519	30.493	0	24.826
swarm_114_28.pdb	10.299	19.184	0.0142857	24.807
swarm_6_121.pdb	14.397	31.391	0	24.635
swarm_62_131.pdb	9.018	20.274	0.0428571	24.622
swarm_4_36.pdb	9.849	17.654	0	24.559
swarm_20_6.pdb	4.776	11.535	0.1	24.551
swarm_15_198.pdb	13.840	30.818	0	24.487
swarm_32_68.pdb	6.726	13.826	0.0285714	24.480
swarm_14_46.pdb	8.074	30.493	0.0285714	24.390
swarm_55_135.pdb	15.192	25.717	0	24.306
swarm_94_194.pdb	14.385	27.734	0	24.301
swarm_92_120.pdb	12.812	25.689	0	24.259
swarm_94_91.pdb	14.707	27.682	0	24.233
swarm_9_39.pdb	13.159	29.778	0.0285714	24.226
swarm_113_58.pdb	11.087	27.165	0.0285714	24.142
swarm_40_153.pdb	16.975	33.919	0	24.113
swarm_18_151.pdb	11.134	24.399	0.0285714	24.072
swarm_16_152.pdb	10.955	26.839	0.0142857	23.795
swarm_32_101.pdb	15.766	26.436	0	23.671
swarm_114_91.pdb	5.896	17.177	0.0714286	23.668
swarm_18_99.pdb	12.512	24.042	0	23.610
swarm_94_115.pdb	12.164	29.491	0	23.597
swarm_114_171.pdb	11.744	25.442	0	23.573
swarm_18_127.pdb	7.198	20.483	0.0285714	23.535
swarm_108_83.pdb	16.170	33.271	0	23.511
swarm_110_82.pdb	13.142	30.618	0.0285714	23.492
swarm_55_165.pdb	10.274	22.105	0.0857143	23.486
swarm_10_131.pdb	12.965	23.398	0.0285714	23.440
swarm_80_73.pdb	11.298	18.789	0	23.415
swarm_10_74.pdb	9.507	22.371	0.1	23.371
swarm_110_59.pdb	12.158	26.234	0.0142857	23.328
swarm_12_52.pdb	7.088	14.865	0.0285714	23.310
swarm_10_183.pdb	13.057	30.622	0.0142857	23.253
swarm_56_170.pdb	11.512	25.583	0	23.198
swarm_9_87.pdb	10.368	19.400	0	23.186
swarm_43_113.pdb	8.367	15.212	0.0142857	23.140
swarm_46_156.pdb	16.753	29.000	0	23.130
swarm_11_163.pdb	13.501	25.120	0	23.056
swarm_16_8.pdb	14.965	26.486	0	23.050
swarm_99_18.pdb	11.302	25.167	0	22.995
swarm_9_62.pdb	9.556	26.286	0.0714286	22.897
swarm_4_79.pdb	7.962	23.194	0.0571429	22.897
swarm_9_190.pdb	9.299	16.852	0.0857143	22.881
swarm_58_61.pdb	14.302	32.855	0.0428571	22.846
swarm_9_123.pdb	11.539	21.851	0.0571429	22.752
swarm_16_121.pdb	9.401	20.766	0.0714286	22.738
swarm_43_71.pdb	7.549	14.613	0	22.729
swarm_14_150.pdb	13.533	27.014	0	22.665
swarm_11_33.pdb	11.599	21.653	0.0285714	22.587
swarm_92_87.pdb	11.588	25.840	0	22.586
swarm_113_100.pdb	10.714	19.310	0	22.545
swarm_4_134.pdb	13.003	25.766	0	22.489
swarm_18_128.pdb	4.299	10.669	0.285714	22.387
swarm_101_55.pdb	8.873	15.698	0	22.314
swarm_9_11.pdb	11.916	25.633	0.0428571	22.277
swarm_39_106.pdb	14.690	34.533	0	22.151
swarm_92_44.pdb	12.465	34.625	0.0142857	22.110
swarm_12_24.pdb	16.174	26.357	0	22.106
swarm_15_178.pdb	10.764	29.617	0.0571429	22.100
swarm_99_184.pdb	12.617	24.387	0	22.042
swarm_34_193.pdb	17.443	28.206	0	21.993
swarm_10_123.pdb	12.645	24.608	0	21.976
swarm_15_48.pdb	14.784	27.689	0	21.952
swarm_9_187.pdb	12.595	20.993	0	21.915
swarm_15_29.pdb	13.317	31.269	0	21.782
swarm_101_135.pdb	4.440	7.938	0.114286	21.742
swarm_4_59.pdb	11.691	27.508	0.0428571	21.724
swarm_94_121.pdb	9.683	26.930	0.0428571	21.606
swarm_4_32.pdb	14.731	28.910	0	21.371
swarm_7_45.pdb	12.028	21.752	0.0285714	21.159
swarm_114_169.pdb	10.659	18.827	0	21.136
swarm_80_39.pdb	12.724	28.562	0	21.135
swarm_97_133.pdb	15.957	32.569	0	21.134
swarm_101_129.pdb	12.901	24.958	0	21.018
swarm_113_32.pdb	12.810	28.426	0	20.935
swarm_32_9.pdb	4.123	8.259	0.0571429	20.884
swarm_15_21.pdb	8.256	22.755	0.171429	20.778
swarm_58_116.pdb	10.521	27.407	0.0285714	20.709
swarm_107_128.pdb	17.660	39.445	0	20.559
swarm_46_113.pdb	18.746	32.678	0	20.452
swarm_51_4.pdb	13.839	24.470	0	20.232
swarm_111_2.pdb	11.440	21.079	0.0428571	20.206
swarm_113_93.pdb	9.039	24.317	0	20.066
swarm_15_183.pdb	11.829	23.708	0	20.030
swarm_11_96.pdb	6.793	11.836	0.0571429	20.012
swarm_94_113.pdb	11.868	21.637	0.0142857	19.991
swarm_33_194.pdb	11.957	21.654	0.0571429	19.922
swarm_7_34.pdb	8.746	27.722	0.0571429	19.894
swarm_45_78.pdb	15.054	26.061	0	19.759
swarm_32_153.pdb	14.505	25.548	0.0142857	19.734
swarm_7_38.pdb	9.798	20.054	0	19.728
swarm_16_171.pdb	12.104	23.912	0	19.446
swarm_61_140.pdb	14.093	25.492	0	19.352
swarm_11_188.pdb	13.727	26.007	0	19.258
swarm_62_12.pdb	10.943	25.536	0.0285714	19.241
swarm_43_30.pdb	9.080	17.152	0	19.217
swarm_11_71.pdb	12.273	24.545	0	19.109
swarm_18_175.pdb	9.599	16.377	0.0142857	19.037
swarm_14_79.pdb	11.331	35.706	0	19.035
swarm_101_83.pdb	14.249	26.417	0	18.955
swarm_40_67.pdb	12.576	32.741	0	18.929
swarm_11_190.pdb	9.091	25.861	0.0714286	18.596
swarm_92_77.pdb	12.949	31.580	0	18.570
swarm_101_138.pdb	12.587	22.461	0	18.170
swarm_5_146.pdb	10.082	19.973	0	18.143
swarm_18_162.pdb	14.753	27.475	0	18.065
swarm_17_43.pdb	9.937	30.629	0.0571429	18.049
swarm_43_158.pdb	15.543	25.722	0	17.878
swarm_113_28.pdb	10.604	22.017	0.0142857	17.869
swarm_51_69.pdb	17.936	31.507	0	17.801
swarm_109_79.pdb	17.096	33.143	0	17.667
swarm_16_99.pdb	13.761	28.798	0	17.649
swarm_51_81.pdb	10.368	26.792	0.0428571	17.535
swarm_77_18.pdb	16.812	31.528	0	17.434
swarm_64_155.pdb	6.023	19.006	0.0571429	17.230
swarm_17_132.pdb	11.448	22.964	0.0285714	17.186
swarm_20_192.pdb	14.311	24.276	0.0571429	17.184
swarm_83_57.pdb	12.280	23.725	0	16.719
swarm_51_172.pdb	17.079	29.377	0	16.656
swarm_5_25.pdb	11.020	24.146	0.0142857	16.564
swarm_92_173.pdb	16.205	31.034	0	16.484
swarm_41_51.pdb	16.791	34.972	0	16.295
swarm_9_177.pdb	7.289	17.125	0.0142857	16.086
swarm_21_135.pdb	15.907	27.172	0.0285714	15.834
swarm_62_29.pdb	12.685	25.029	0	15.708
swarm_11_125.pdb	8.783	24.232	0.0142857	14.800
swarm_11_106.pdb	11.880	29.515	0.0142857	14.549
swarm_110_95.pdb	17.121	33.122	0	14.313
swarm_0_35.pdb	20.556	44.990	0	13.987
swarm_15_182.pdb	10.756	27.807	0	11.629
swarm_7_2.pdb	14.292	33.416	0.0714286	10.765
swarm_18_68.pdb	14.043	27.434	0	10.379
swarm_4_142.pdb	16.429	30.726	0	10.326
swarm_16_91.pdb	10.952	26.664	0.0428571	9.320
swarm_14_82.pdb	12.993	24.823	0	8.434
swarm_14_41.pdb	13.934	35.491	0	7.857
swarm_74_41.pdb	13.863	35.864	0	7.105
swarm_111_1.pdb	13.581	26.360	0	7.047
swarm_94_84.pdb	12.184	30.791	0	6.561
swarm_18_140.pdb	4.753	11.063	0.214286	4.372
swarm_18_59.pdb	11.129	25.944	0	2.426
swarm_97_0.pdb	16.940	33.830	0	1.754
