swarm_56_56.pdb	1.956	2.603	0.6	56.204
swarm_63_12.pdb	2.363	5.619	0.571429	53.956
swarm_4_62.pdb	6.681	23.929	0.0714286	52.874
swarm_75_81.pdb	6.459	22.845	0.1	52.156
swarm_67_8.pdb	2.734	5.601	0.457143	52.069
swarm_57_9.pdb	2.499	6.646	0.528571	51.673
swarm_5_52.pdb	2.980	5.472	0.357143	48.827
swarm_10_1.pdb	2.352	5.568	0.5	48.600
swarm_56_86.pdb	5.452	18.195	0.157143	45.851
swarm_5_170.pdb	5.679	15.580	0.0571429	44.611
swarm_68_183.pdb	6.815	21.022	0.0857143	44.043
swarm_2_122.pdb	2.711	8.232	0.485714	42.589
swarm_4_26.pdb	11.218	22.348	0	42.548
swarm_0_86.pdb	11.290	24.204	0.0142857	42.144
swarm_69_13.pdb	7.034	24.852	0.0857143	41.470
swarm_60_59.pdb	11.557	23.365	0	41.107
swarm_53_149.pdb	7.218	25.666	0.0428571	41.061
swarm_5_30.pdb	3.390	9.036	0.442857	40.978
swarm_34_148.pdb	6.933	24.705	0.0571429	40.621
swarm_75_163.pdb	8.360	16.355	0	40.440
swarm_2_89.pdb	6.277	20.221	0.171429	40.191
swarm_45_112.pdb	2.363	5.140	0.571429	40.139
swarm_2_64.pdb	11.599	24.546	0	39.443
swarm_45_167.pdb	5.666	17.336	0.214286	39.299
swarm_67_82.pdb	10.228	18.123	0	39.188
swarm_75_30.pdb	9.053	30.456	0	38.901
swarm_69_189.pdb	4.559	15.747	0.242857	38.046
swarm_0_11.pdb	7.456	27.610	0.142857	38.006
swarm_52_13.pdb	8.735	27.650	0	37.880
swarm_40_1.pdb	9.218	31.103	0	37.817
swarm_10_140.pdb	4.288	8.068	0.142857	37.810
swarm_75_169.pdb	6.422	19.960	0.157143	37.807
swarm_59_29.pdb	10.578	20.381	0.0142857	37.288
swarm_73_20.pdb	8.894	29.827	0	37.250
swarm_4_93.pdb	8.093	26.207	0.128571	36.483
swarm_68_170.pdb	7.702	25.918	0.114286	36.125
swarm_7_124.pdb	9.801	32.880	0	35.960
swarm_34_135.pdb	6.586	24.431	0.171429	35.680
swarm_54_39.pdb	7.855	26.741	0.1	35.215
swarm_69_9.pdb	9.476	19.933	0.0142857	35.046
swarm_45_80.pdb	9.616	19.076	0	35.028
swarm_62_100.pdb	3.573	9.838	0.171429	34.630
swarm_44_96.pdb	3.983	10.835	0.214286	34.625
swarm_34_199.pdb	6.301	20.314	0.0857143	34.427
swarm_45_2.pdb	7.856	26.071	0.0714286	34.416
swarm_10_69.pdb	6.216	18.291	0.242857	34.006
swarm_2_199.pdb	8.148	15.113	0	33.990
swarm_66_72.pdb	4.236	11.731	0.285714	33.778
swarm_59_89.pdb	7.772	25.173	0.0571429	33.639
swarm_10_24.pdb	11.041	21.256	0	33.491
swarm_10_51.pdb	7.312	23.041	0.0571429	33.406
swarm_34_189.pdb	3.601	6.376	0.128571	33.033
swarm_67_154.pdb	3.604	10.283	0.428571	32.883
swarm_34_60.pdb	7.537	14.996	0	32.500
swarm_25_13.pdb	15.443	42.805	0	32.459
swarm_31_147.pdb	9.829	34.034	0	32.346
swarm_67_11.pdb	5.734	14.624	0.1	31.965
swarm_75_132.pdb	6.587	23.812	0.1	31.737
swarm_62_56.pdb	6.016	19.237	0.1	31.677
swarm_56_117.pdb	7.711	23.297	0.0714286	31.548
swarm_34_29.pdb	11.073	22.030	0.0142857	31.444
swarm_52_136.pdb	8.383	31.382	0.128571	31.426
swarm_29_105.pdb	12.080	40.258	0.0142857	31.154
swarm_10_95.pdb	9.416	17.616	0	30.950
swarm_45_118.pdb	11.611	19.140	0	30.860
swarm_60_107.pdb	9.239	24.222	0	30.643
swarm_34_178.pdb	4.047	13.593	0.171429	30.635
swarm_0_168.pdb	6.688	19.730	0.157143	30.463
swarm_44_43.pdb	7.455	18.989	0.0571429	30.416
swarm_48_95.pdb	10.816	32.629	0.0142857	30.389
swarm_63_11.pdb	5.121	14.359	0.2	30.343
swarm_34_116.pdb	4.126	11.717	0.2	30.229
swarm_24_21.pdb	12.410	39.351	0	30.151
swarm_6_187.pdb	11.509	21.491	0	30.105
swarm_8_31.pdb	11.684	37.966	0.0142857	30.067
swarm_58_43.pdb	11.762	36.654	0.0142857	30.027
swarm_49_79.pdb	9.580	33.117	0	29.800
swarm_2_13.pdb	8.369	20.348	0	29.570
swarm_75_67.pdb	7.722	26.363	0.1	29.513
swarm_5_154.pdb	7.759	22.673	0.0714286	29.451
swarm_45_86.pdb	5.414	15.333	0.128571	29.041
swarm_56_153.pdb	10.941	17.907	0	28.661
swarm_4_7.pdb	5.510	20.335	0.128571	28.569
swarm_56_134.pdb	4.964	13.578	0.0428571	28.558
swarm_73_55.pdb	7.293	26.674	0.1	28.475
swarm_22_176.pdb	11.460	35.143	0.0142857	28.216
swarm_3_71.pdb	11.402	25.206	0.0142857	28.197
swarm_0_31.pdb	8.317	25.717	0.0428571	27.941
swarm_67_161.pdb	7.909	19.840	0	27.934
swarm_56_99.pdb	8.599	15.043	0	27.622
swarm_73_17.pdb	11.253	23.416	0	27.375
swarm_69_3.pdb	7.956	14.157	0.0142857	27.032
swarm_7_104.pdb	9.374	34.525	0.0571429	26.924
swarm_62_64.pdb	10.651	20.234	0	26.610
swarm_13_21.pdb	8.636	27.113	0	26.559
swarm_6_44.pdb	8.959	27.039	0	26.549
swarm_60_196.pdb	8.271	26.700	0.0142857	26.019
swarm_53_173.pdb	8.346	30.621	0.0714286	25.798
swarm_59_144.pdb	4.762	13.593	0.0571429	25.778
swarm_73_29.pdb	7.725	28.777	0.114286	25.729
swarm_59_135.pdb	8.888	24.348	0	25.664
swarm_54_40.pdb	6.334	21.026	0.0714286	25.532
swarm_37_17.pdb	3.719	10.410	0.242857	25.459
swarm_60_154.pdb	8.722	29.176	0.214286	25.208
swarm_59_123.pdb	12.038	22.758	0	25.160
swarm_70_80.pdb	8.460	31.865	0.0571429	25.087
swarm_40_167.pdb	5.992	21.462	0.128571	24.953
swarm_5_20.pdb	5.812	18.045	0.0857143	24.923
swarm_2_187.pdb	8.060	25.695	0.0142857	24.897
swarm_25_169.pdb	14.752	44.692	0.0142857	24.684
swarm_68_116.pdb	8.771	25.919	0	24.670
swarm_4_3.pdb	4.456	10.070	0.0571429	24.473
swarm_71_41.pdb	5.224	18.163	0.285714	24.423
swarm_75_172.pdb	8.119	29.528	0.114286	24.380
swarm_21_28.pdb	4.902	17.224	0.285714	24.286
swarm_69_65.pdb	7.039	25.890	0.142857	24.083
swarm_10_177.pdb	5.876	17.128	0.114286	24.004
swarm_0_136.pdb	5.663	16.144	0.0571429	23.701
swarm_6_112.pdb	8.366	26.326	0.0285714	23.461
swarm_61_109.pdb	7.362	21.854	0	23.297
swarm_73_184.pdb	9.146	22.841	0	23.137
swarm_67_199.pdb	7.031	21.165	0.0571429	23.134
swarm_5_118.pdb	7.869	13.341	0	22.922
swarm_52_101.pdb	6.531	23.564	0.157143	22.919
swarm_44_130.pdb	11.117	19.170	0	22.823
swarm_68_192.pdb	6.027	21.262	0.142857	22.448
swarm_67_124.pdb	5.217	16.245	0.128571	22.407
swarm_54_177.pdb	11.488	21.729	0.0142857	22.380
swarm_24_186.pdb	12.849	45.614	0	22.362
swarm_44_53.pdb	9.308	18.225	0	21.886
swarm_10_111.pdb	6.998	12.428	0.0142857	21.810
swarm_56_83.pdb	7.384	19.413	0	21.385
swarm_28_9.pdb	7.089	23.316	0.0571429	21.107
swarm_3_59.pdb	8.908	30.164	0.0285714	20.511
swarm_4_193.pdb	9.158	31.425	0.0571429	20.503
swarm_4_126.pdb	9.830	23.997	0	20.300
swarm_4_59.pdb	9.398	31.678	0	19.832
swarm_5_76.pdb	9.147	23.494	0	19.751
swarm_63_184.pdb	8.208	20.143	0	19.186
swarm_2_76.pdb	6.498	20.460	0.0142857	19.123
swarm_73_84.pdb	11.541	34.798	0	18.563
swarm_4_159.pdb	6.350	18.266	0.0285714	18.474
swarm_2_78.pdb	11.586	20.224	0	18.462
swarm_59_26.pdb	8.820	30.028	0	18.444
swarm_73_156.pdb	10.921	26.302	0	18.005
swarm_60_57.pdb	9.372	33.022	0.0428571	16.766
swarm_60_67.pdb	8.631	18.415	0	16.765
swarm_61_191.pdb	9.080	29.083	0.0142857	16.448
swarm_47_58.pdb	9.757	35.122	0.0571429	16.191
swarm_4_42.pdb	7.812	13.630	0	16.163
swarm_23_149.pdb	8.701	29.309	0.0714286	15.949
swarm_49_136.pdb	13.625	29.611	0	15.719
swarm_3_85.pdb	10.046	35.495	0.0428571	15.163
swarm_0_152.pdb	8.507	26.691	0.0142857	14.421
swarm_3_171.pdb	11.760	32.308	0	11.632
swarm_68_9.pdb	12.962	29.462	0	11.451
swarm_30_57.pdb	11.489	43.357	0	11.262
swarm_75_52.pdb	12.428	23.801	0	10.538
swarm_47_81.pdb	13.586	36.055	0	4.231
swarm_47_75.pdb	12.753	41.623	0.0285714	3.671
swarm_60_36.pdb	13.773	24.177	0	0.235
