swarm_6_129.pdb	2.507	7.620	0.585714	60.047
swarm_28_60.pdb	2.153	5.052	0.585714	59.942
swarm_27_4.pdb	2.640	8.630	0.728571	59.775
swarm_2_193.pdb	2.506	6.573	0.485714	58.948
swarm_16_44.pdb	2.040	5.408	0.728571	58.802
swarm_8_145.pdb	2.651	8.185	0.5	56.226
swarm_25_116.pdb	2.496	7.072	0.571429	51.470
swarm_19_48.pdb	3.475	9.289	0.285714	49.480
swarm_54_112.pdb	2.790	6.684	0.471429	48.995
swarm_46_110.pdb	9.290	32.608	0.0142857	46.884
swarm_18_43.pdb	9.278	32.924	0.0142857	46.382
swarm_54_138.pdb	3.806	10.640	0.342857	46.351
swarm_61_57.pdb	2.188	2.913	0.471429	45.198
swarm_8_198.pdb	4.354	12.791	0.4	44.626
swarm_6_3.pdb	4.413	12.478	0.342857	43.706
swarm_10_160.pdb	5.296	9.716	0.0571429	42.528
swarm_55_119.pdb	11.778	38.296	0	41.426
swarm_10_83.pdb	3.856	10.101	0.385714	40.641
swarm_28_54.pdb	4.183	10.533	0.114286	40.600
swarm_31_147.pdb	10.051	35.586	0	40.343
swarm_44_23.pdb	8.199	30.216	0.0285714	39.437
swarm_39_198.pdb	10.908	35.557	0	39.424
swarm_26_49.pdb	2.752	5.206	0.457143	39.320
swarm_26_14.pdb	5.127	9.739	0.0571429	39.045
swarm_23_97.pdb	11.075	36.125	0	38.785
swarm_17_185.pdb	4.387	14.121	0.214286	38.777
swarm_18_98.pdb	7.617	26.391	0.114286	38.596
swarm_50_55.pdb	9.052	32.177	0	38.546
swarm_24_47.pdb	9.951	32.363	0	37.939
swarm_62_108.pdb	10.323	35.354	0	37.658
swarm_5_162.pdb	5.397	19.092	0.228571	37.533
swarm_26_88.pdb	5.453	16.335	0.285714	37.400
swarm_32_61.pdb	9.071	30.598	0	37.262
swarm_48_114.pdb	7.758	28.877	0.0428571	36.727
swarm_8_187.pdb	5.466	11.651	0.0714286	36.613
swarm_48_20.pdb	8.508	29.876	0.214286	36.353
swarm_36_136.pdb	3.413	7.728	0.328571	35.858
swarm_12_122.pdb	4.913	15.988	0.3	35.814
swarm_35_4.pdb	8.412	31.851	0.0285714	35.623
swarm_37_107.pdb	9.888	32.561	0	35.349
swarm_8_114.pdb	3.154	6.709	0.371429	35.279
swarm_51_15.pdb	10.367	34.233	0	35.032
swarm_50_151.pdb	7.226	27.491	0.0428571	34.717
swarm_29_118.pdb	5.863	19.659	0.228571	34.510
swarm_46_65.pdb	8.613	30.477	0	34.317
swarm_41_91.pdb	4.510	16.381	0.428571	34.093
swarm_34_51.pdb	14.519	45.642	0	33.240
swarm_16_75.pdb	6.463	14.135	0.0142857	33.222
swarm_5_195.pdb	8.688	31.164	0.214286	33.188
swarm_14_60.pdb	4.728	16.037	0.128571	32.669
swarm_49_16.pdb	9.106	34.801	0.0285714	32.503
swarm_57_183.pdb	11.155	40.838	0	32.272
swarm_3_195.pdb	6.908	23.070	0.1	32.214
swarm_14_197.pdb	8.701	25.421	0.1	32.015
swarm_38_157.pdb	7.783	29.147	0.0428571	31.534
swarm_23_155.pdb	14.055	45.541	0	31.510
swarm_44_142.pdb	12.532	38.614	0	31.344
swarm_38_126.pdb	4.767	17.484	0.228571	31.094
swarm_36_123.pdb	7.099	12.607	0	30.918
swarm_52_134.pdb	8.184	22.119	0.0285714	30.874
swarm_19_91.pdb	6.069	18.456	0.185714	30.794
swarm_55_3.pdb	10.417	37.985	0.0142857	30.774
swarm_20_41.pdb	6.776	13.728	0	30.617
swarm_49_67.pdb	12.228	40.226	0	30.494
swarm_29_27.pdb	9.290	29.708	0.0285714	30.366
swarm_58_23.pdb	11.542	41.490	0	30.169
swarm_7_129.pdb	12.312	39.107	0	29.968
swarm_29_133.pdb	8.645	24.734	0.0285714	29.916
swarm_41_122.pdb	7.582	24.637	0.0428571	29.906
swarm_21_86.pdb	7.362	17.526	0	29.685
swarm_44_50.pdb	12.341	44.565	0	29.674
swarm_11_153.pdb	6.972	17.631	0.0142857	29.515
swarm_35_38.pdb	10.353	34.286	0	29.345
swarm_22_198.pdb	9.507	25.933	0	29.261
swarm_31_12.pdb	8.500	32.155	0.0285714	29.119
swarm_62_157.pdb	13.694	43.896	0	28.962
swarm_54_174.pdb	7.268	17.506	0.128571	28.566
swarm_30_159.pdb	5.891	20.863	0.0714286	28.555
swarm_50_175.pdb	10.212	33.578	0.0428571	28.513
swarm_52_185.pdb	8.197	30.426	0	28.215
swarm_10_77.pdb	8.699	23.242	0.1	28.173
swarm_2_140.pdb	5.425	11.982	0.1	27.990
swarm_37_198.pdb	10.029	36.507	0	27.976
swarm_10_29.pdb	9.323	21.169	0.0857143	27.804
swarm_33_97.pdb	9.300	26.771	0.0285714	27.636
swarm_19_180.pdb	5.970	21.281	0.0142857	27.606
swarm_4_146.pdb	10.082	33.054	0.0142857	27.432
swarm_31_64.pdb	9.623	32.574	0	27.387
swarm_53_10.pdb	8.545	22.873	0.0428571	27.306
swarm_37_57.pdb	7.776	26.769	0.0285714	27.182
swarm_45_97.pdb	11.673	33.310	0	27.131
swarm_47_79.pdb	11.429	35.087	0	27.122
swarm_34_131.pdb	12.841	39.795	0	27.056
swarm_54_56.pdb	4.671	13.318	0.371429	27.039
swarm_20_141.pdb	8.244	19.126	0.0857143	27.029
swarm_27_118.pdb	6.242	21.571	0.142857	26.869
swarm_24_28.pdb	10.804	36.226	0.0428571	26.768
swarm_38_149.pdb	7.306	27.190	0.0142857	26.740
swarm_46_102.pdb	11.057	39.900	0	26.703
swarm_32_67.pdb	8.897	32.858	0.0285714	26.676
swarm_57_173.pdb	9.098	30.115	0.0142857	26.519
swarm_53_188.pdb	9.905	17.728	0	26.505
swarm_50_101.pdb	6.266	21.205	0.0857143	26.436
swarm_21_189.pdb	7.234	16.278	0	26.364
swarm_41_60.pdb	6.896	24.685	0.0857143	26.224
swarm_54_89.pdb	8.859	14.795	0	26.195
swarm_50_191.pdb	5.267	18.477	0.2	26.161
swarm_52_127.pdb	10.634	29.925	0	26.054
swarm_16_123.pdb	7.395	19.427	0.171429	25.789
swarm_1_16.pdb	9.957	25.373	0	25.732
swarm_18_47.pdb	11.487	40.324	0	25.705
swarm_12_181.pdb	10.678	29.682	0.0857143	25.456
swarm_53_168.pdb	7.048	19.024	0.157143	25.439
swarm_4_54.pdb	8.497	27.019	0.0285714	25.100
swarm_44_84.pdb	9.116	33.435	0.0285714	25.061
swarm_28_136.pdb	6.004	15.591	0.114286	24.671
swarm_49_23.pdb	9.400	33.772	0.0285714	24.525
swarm_51_150.pdb	8.124	30.309	0.0142857	24.509
swarm_15_158.pdb	11.170	34.991	0	24.470
swarm_36_137.pdb	6.596	19.273	0	24.443
swarm_57_154.pdb	9.180	34.801	0.0285714	24.157
swarm_56_92.pdb	9.960	17.732	0	24.155
swarm_36_198.pdb	6.263	19.589	0.257143	24.117
swarm_6_158.pdb	6.120	20.857	0.142857	24.074
swarm_22_78.pdb	9.098	26.363	0.1	23.990
swarm_27_184.pdb	6.713	26.428	0.0428571	23.877
swarm_39_151.pdb	8.692	31.765	0.0285714	23.845
swarm_33_129.pdb	8.234	20.685	0	23.782
swarm_56_37.pdb	7.291	16.171	0	23.645
swarm_5_147.pdb	7.069	25.104	0.0428571	23.368
swarm_52_180.pdb	9.518	25.595	0.0142857	23.359
swarm_34_97.pdb	10.743	39.066	0	23.317
swarm_59_158.pdb	8.292	25.518	0	22.974
swarm_58_131.pdb	12.217	37.507	0	22.942
swarm_29_74.pdb	4.573	15.570	0.271429	22.936
swarm_51_49.pdb	7.903	26.743	0.171429	22.765
swarm_45_36.pdb	11.337	37.295	0	22.704
swarm_33_91.pdb	11.514	31.262	0	22.627
swarm_45_154.pdb	7.992	25.190	0	22.594
swarm_33_109.pdb	9.630	25.865	0.1	22.030
swarm_23_163.pdb	14.979	44.901	0	21.975
swarm_59_133.pdb	9.555	26.597	0	21.893
swarm_21_26.pdb	7.296	18.555	0.1	21.828
swarm_24_62.pdb	8.230	31.283	0	21.819
swarm_32_81.pdb	9.114	31.823	0.0142857	21.621
swarm_38_75.pdb	6.805	23.655	0.171429	21.568
swarm_53_51.pdb	6.745	22.089	0.0285714	21.462
swarm_59_159.pdb	12.021	38.360	0.0285714	21.389
swarm_61_92.pdb	5.644	10.990	0.0428571	21.387
swarm_43_195.pdb	12.862	40.104	0.0428571	21.264
swarm_0_122.pdb	7.906	22.318	0	21.077
swarm_47_165.pdb	10.862	34.548	0.0142857	21.049
swarm_15_89.pdb	9.734	29.580	0.0285714	20.971
swarm_36_76.pdb	9.245	19.506	0.0142857	20.949
swarm_24_63.pdb	10.575	32.925	0	20.891
swarm_39_165.pdb	8.200	26.257	0.0142857	20.766
swarm_11_48.pdb	8.865	26.048	0	20.489
swarm_9_3.pdb	8.381	25.557	0	20.156
swarm_13_4.pdb	11.063	30.194	0	20.099
swarm_15_7.pdb	10.636	33.773	0	20.088
swarm_1_77.pdb	8.112	23.421	0	20.005
swarm_39_154.pdb	10.682	30.984	0	19.763
swarm_56_0.pdb	8.132	21.160	0.142857	19.647
swarm_5_53.pdb	7.803	26.833	0.1	19.537
swarm_13_73.pdb	10.246	31.516	0.0428571	19.411
swarm_23_176.pdb	10.563	40.195	0	19.405
swarm_27_102.pdb	9.239	27.573	0.0142857	19.401
swarm_42_129.pdb	12.259	38.371	0.0285714	19.058
swarm_3_14.pdb	7.778	21.049	0	19.057
swarm_4_110.pdb	8.377	28.534	0.171429	18.910
swarm_61_93.pdb	4.701	13.126	0.385714	18.618
swarm_7_146.pdb	9.665	28.833	0	18.523
swarm_37_184.pdb	8.568	32.725	0.0428571	18.509
swarm_17_128.pdb	7.582	24.562	0.0142857	18.500
swarm_4_133.pdb	10.890	35.415	0	18.382
swarm_42_84.pdb	12.274	36.951	0	18.337
swarm_52_74.pdb	7.478	28.883	0.0428571	18.001
swarm_11_50.pdb	7.958	23.792	0.0285714	17.927
swarm_44_177.pdb	12.234	40.147	0	17.841
swarm_2_4.pdb	8.560	16.348	0	17.622
swarm_20_9.pdb	8.794	21.947	0	17.487
swarm_7_157.pdb	10.455	35.471	0	17.357
swarm_19_9.pdb	7.692	19.869	0.0571429	17.252
swarm_0_178.pdb	11.294	34.978	0.0285714	16.979
swarm_61_164.pdb	7.229	15.121	0.0142857	16.838
swarm_24_128.pdb	8.943	32.740	0.128571	16.803
swarm_38_36.pdb	6.630	16.695	0.0142857	16.772
swarm_20_15.pdb	7.108	18.057	0.0142857	16.190
swarm_20_193.pdb	7.629	16.281	0.0285714	16.172
swarm_24_20.pdb	10.300	35.350	0.0142857	16.126
swarm_9_51.pdb	8.613	20.423	0.0142857	15.961
swarm_18_127.pdb	13.934	37.971	0	15.921
swarm_47_107.pdb	8.917	29.688	0	15.217
swarm_46_144.pdb	12.302	35.911	0	13.731
swarm_55_5.pdb	13.514	39.039	0	13.664
swarm_60_83.pdb	11.134	34.121	0	13.472
swarm_37_105.pdb	10.610	32.008	0	12.238
swarm_59_4.pdb	12.182	36.133	0	12.043
swarm_9_14.pdb	10.606	31.357	0.0428571	9.459
swarm_57_34.pdb	8.787	32.475	0	9.370
swarm_27_104.pdb	8.998	29.413	0.0428571	7.212
swarm_55_139.pdb	9.991	31.558	0	6.367
swarm_4_136.pdb	5.753	17.572	0.157143	0.398
