swarm_5_178.pdb	2.429	6.841	0.471429	94.247
swarm_7_137.pdb	2.120	5.826	0.557143	91.667
swarm_2_78.pdb	2.132	4.710	0.485714	90.939
swarm_3_89.pdb	2.610	8.276	0.514286	89.142
swarm_9_164.pdb	2.311	3.985	0.442857	67.209
swarm_4_95.pdb	3.509	11.290	0.442857	63.099
swarm_5_86.pdb	3.125	6.481	0.385714	56.911
swarm_1_43.pdb	4.092	14.162	0.4	54.237
swarm_0_26.pdb	5.175	19.196	0.214286	48.477
swarm_2_157.pdb	5.558	20.090	0.285714	47.959
swarm_5_150.pdb	4.234	12.033	0.328571	47.234
swarm_6_61.pdb	4.875	18.510	0.457143	47.123
swarm_7_118.pdb	5.597	20.620	0.3	44.600
swarm_3_176.pdb	4.823	15.075	0.257143	43.014
swarm_8_98.pdb	5.417	17.656	0.257143	40.954
swarm_6_94.pdb	7.065	26.668	0.242857	36.070
swarm_1_12.pdb	5.402	15.809	0.228571	33.628
swarm_0_61.pdb	8.721	32.194	0.228571	29.972
