swarm_4_29.pdb	2.625	8.242	0.571429	43.070
swarm_1_40.pdb	16.187	51.434	0	41.307
swarm_9_74.pdb	2.220	5.997	0.6	40.551
swarm_11_165.pdb	10.954	32.233	0.0428571	38.384
swarm_28_53.pdb	8.029	28.833	0.0428571	38.373
swarm_26_168.pdb	9.614	35.309	0.0285714	37.820
swarm_44_140.pdb	11.233	35.810	0	37.401
swarm_10_36.pdb	14.748	43.848	0	37.028
swarm_21_95.pdb	9.940	32.284	0	36.960
swarm_0_189.pdb	11.170	36.757	0	36.393
swarm_20_36.pdb	8.227	30.659	0.0428571	36.266
swarm_24_130.pdb	10.543	29.302	0.0428571	36.227
swarm_27_174.pdb	8.339	31.185	0.0285714	36.214
swarm_36_95.pdb	11.545	36.140	0	36.203
swarm_17_37.pdb	10.582	28.199	0.0285714	35.703
swarm_6_183.pdb	10.691	27.365	0	35.568
swarm_35_35.pdb	8.998	32.203	0	35.495
swarm_31_130.pdb	11.154	35.133	0	35.477
swarm_30_38.pdb	9.628	35.167	0.0285714	35.476
swarm_19_11.pdb	9.416	30.214	0	34.976
swarm_26_97.pdb	14.338	42.063	0	34.361
swarm_18_100.pdb	9.626	34.998	0.0142857	34.214
swarm_44_144.pdb	15.052	48.136	0	34.113
swarm_29_195.pdb	9.914	35.594	0	33.995
swarm_5_9.pdb	10.461	27.228	0	33.571
swarm_10_67.pdb	10.521	36.538	0	33.431
swarm_35_165.pdb	11.256	34.872	0	32.335
swarm_13_171.pdb	3.278	4.960	0.371429	32.056
swarm_15_12.pdb	3.267	11.106	0.385714	31.737
swarm_0_82.pdb	14.375	45.009	0	31.459
swarm_32_137.pdb	8.440	29.521	0	31.377
swarm_39_20.pdb	10.815	36.032	0	31.275
swarm_24_171.pdb	10.577	35.425	0	30.640
swarm_7_188.pdb	10.566	26.191	0	30.288
swarm_36_13.pdb	15.182	46.513	0	30.107
swarm_33_184.pdb	10.012	28.819	0.0285714	30.014
swarm_1_51.pdb	14.414	42.861	0.0142857	29.768
swarm_21_92.pdb	8.384	33.004	0.0142857	29.296
swarm_1_46.pdb	14.020	44.222	0	29.291
swarm_19_148.pdb	8.139	30.771	0.0285714	29.080
swarm_16_21.pdb	10.795	32.076	0.0142857	28.199
swarm_30_178.pdb	7.749	29.327	0.0285714	28.082
swarm_29_70.pdb	14.895	42.831	0	27.161
swarm_27_65.pdb	14.496	43.681	0	27.157
swarm_39_76.pdb	13.876	40.682	0	26.510
swarm_3_188.pdb	15.384	46.953	0	26.343
swarm_7_86.pdb	11.799	37.336	0.0571429	25.818
swarm_39_100.pdb	15.187	42.987	0	25.522
swarm_35_198.pdb	12.713	41.040	0	25.498
swarm_3_20.pdb	13.454	41.919	0	25.425
swarm_22_72.pdb	7.642	26.802	0	25.244
swarm_1_38.pdb	13.153	40.899	0	25.076
swarm_15_6.pdb	7.303	23.820	0.0285714	24.605
swarm_30_159.pdb	9.191	29.648	0.0142857	22.970
swarm_9_122.pdb	3.883	8.550	0.271429	22.547
swarm_19_122.pdb	13.016	39.276	0	21.035
swarm_43_80.pdb	15.075	44.074	0	20.961
swarm_39_161.pdb	11.916	37.899	0	20.067
swarm_33_107.pdb	6.595	14.789	0.0285714	19.782
swarm_15_74.pdb	6.499	22.226	0.0571429	19.576
swarm_21_98.pdb	7.034	24.672	0.114286	19.231
swarm_13_60.pdb	6.553	16.164	0.0142857	19.148
swarm_32_129.pdb	5.734	19.885	0.1	18.815
swarm_21_110.pdb	12.525	34.562	0	14.264
swarm_26_64.pdb	12.158	37.434	0	12.417
