run1-swarm_45_29.pdb	2.355	6.411	0.542857	46.652
run1-swarm_6_164.pdb	2.550	6.806	0.428571	46.516
run1-swarm_7_150.pdb	2.029	5.145	0.642857	45.235
run1-swarm_9_70.pdb	2.583	6.389	0.414286	44.931
run0-swarm_36_21.pdb	11.428	36.192	0	44.788
run1-swarm_49_151.pdb	2.494	7.231	0.714286	44.750
run0-swarm_38_84.pdb	11.907	38.134	0	44.555
run0-swarm_32_18.pdb	9.460	34.150	0.0428571	44.192
run1-swarm_35_177.pdb	2.715	7.499	0.585714	43.298
run0-swarm_49_38.pdb	3.045	9.682	0.342857	42.972
run1-swarm_62_98.pdb	1.859	3.462	0.6	42.736
run0-swarm_25_32.pdb	2.076	6.117	0.714286	42.305
run0-swarm_6_171.pdb	4.680	17.204	0.285714	41.197
run1-swarm_39_76.pdb	2.691	5.989	0.371429	40.514
run1-swarm_21_183.pdb	2.309	4.563	0.514286	39.827
run1-swarm_43_141.pdb	3.956	11.265	0.285714	38.927
run1-swarm_8_151.pdb	4.527	14.793	0.228571	38.799
run0-swarm_37_123.pdb	9.959	34.141	0.0142857	37.655
run0-swarm_12_162.pdb	2.121	4.859	0.614286	37.326
run0-swarm_42_95.pdb	12.219	39.453	0	37.293
run0-swarm_18_6.pdb	3.291	10.075	0.214286	37.262
run0-swarm_41_12.pdb	1.899	3.195	0.671429	37.237
run0-swarm_37_72.pdb	6.720	22.905	0.0714286	37.067
run1-swarm_24_26.pdb	3.863	11.675	0.3	36.946
run0-swarm_31_5.pdb	3.087	10.536	0.457143	36.858
run1-swarm_63_50.pdb	15.632	48.195	0	36.748
run0-swarm_40_61.pdb	11.282	33.992	0.0142857	36.477
run0-swarm_28_177.pdb	10.650	33.545	0	36.419
run1-swarm_30_105.pdb	3.479	8.540	0.414286	36.390
run0-swarm_48_118.pdb	8.734	32.873	0.0285714	35.911
run0-swarm_13_11.pdb	4.279	9.232	0.185714	35.750
run0-swarm_5_158.pdb	4.441	9.480	0.0714286	35.724
run0-swarm_8_89.pdb	3.897	8.425	0.242857	35.376
run0-swarm_27_19.pdb	9.533	32.176	0.0142857	35.120
run0-swarm_13_100.pdb	3.794	10.790	0.371429	34.933
run0-swarm_35_170.pdb	9.347	32.688	0.0285714	34.795
run0-swarm_30_46.pdb	12.047	39.655	0.0142857	34.764
run0-swarm_15_54.pdb	10.030	34.618	0.0142857	34.634
run0-swarm_16_170.pdb	4.001	12.198	0.185714	34.569
run1-swarm_62_170.pdb	4.445	9.615	0.214286	34.281
run1-swarm_23_46.pdb	6.044	17.594	0.257143	34.246
run0-swarm_23_144.pdb	5.518	20.513	0.214286	34.178
run1-swarm_11_34.pdb	2.906	9.729	0.585714	34.110
run1-swarm_9_109.pdb	4.076	10.140	0.371429	34.078
run1-swarm_44_167.pdb	5.215	16.395	0.271429	33.640
run1-swarm_52_16.pdb	9.660	33.525	0.0285714	33.182
run0-swarm_32_137.pdb	14.160	47.248	0	33.169
run1-swarm_26_79.pdb	3.555	10.412	0.457143	33.144
run0-swarm_4_52.pdb	8.511	28.760	0.185714	33.144
run1-swarm_52_199.pdb	14.345	44.007	0	32.979
run0-swarm_20_123.pdb	7.483	25.782	0.0428571	32.531
run0-swarm_6_38.pdb	4.369	12.551	0.214286	32.489
run0-swarm_10_119.pdb	11.705	36.317	0	32.185
run0-swarm_28_85.pdb	7.125	23.241	0.0714286	31.948
run1-swarm_26_73.pdb	4.508	13.624	0.2	31.942
run0-swarm_15_52.pdb	9.297	32.919	0.2	31.859
run1-swarm_40_148.pdb	9.467	31.420	0.0142857	31.850
run0-swarm_26_128.pdb	8.162	29.253	0.0285714	31.768
run1-swarm_43_113.pdb	8.758	24.473	0.171429	31.562
run0-swarm_27_168.pdb	6.165	21.923	0.0714286	31.410
run0-swarm_8_181.pdb	2.294	3.872	0.585714	31.409
run1-swarm_11_79.pdb	10.554	26.937	0	31.202
run0-swarm_20_10.pdb	3.541	11.232	0.314286	31.177
run1-swarm_7_57.pdb	4.527	11.196	0.228571	31.151
run1-swarm_31_163.pdb	4.299	13.771	0.371429	31.088
run0-swarm_23_74.pdb	3.371	9.592	0.214286	30.781
run0-swarm_49_126.pdb	4.196	12.025	0.314286	30.573
run0-swarm_18_70.pdb	4.811	15.476	0.228571	30.562
run1-swarm_43_163.pdb	6.812	14.994	0.0142857	30.451
run0-swarm_19_81.pdb	8.834	24.911	0.0285714	30.442
run0-swarm_1_151.pdb	13.457	41.261	0	30.339
run1-swarm_62_67.pdb	5.949	12.693	0.0428571	30.272
run0-swarm_39_145.pdb	6.061	19.823	0.0714286	30.139
run1-swarm_4_80.pdb	9.470	31.517	0.0142857	30.013
run0-swarm_35_24.pdb	14.042	40.041	0	29.986
run0-swarm_4_7.pdb	7.433	28.048	0.0571429	29.944
run1-swarm_58_36.pdb	11.295	26.456	0	29.757
run1-swarm_0_77.pdb	11.666	27.943	0.0142857	29.751
run1-swarm_45_33.pdb	4.579	10.679	0.271429	29.631
run0-swarm_26_89.pdb	8.936	33.974	0.0142857	29.403
run0-swarm_44_113.pdb	10.774	36.345	0	29.386
run0-swarm_45_116.pdb	12.117	37.009	0	29.341
run0-swarm_43_94.pdb	13.582	40.976	0	29.308
run1-swarm_42_113.pdb	8.864	19.154	0.0142857	29.097
run1-swarm_71_135.pdb	9.461	29.433	0.114286	28.994
run0-swarm_47_98.pdb	6.832	25.018	0.157143	28.911
run1-swarm_54_28.pdb	15.168	45.608	0	28.886
run1-swarm_44_108.pdb	11.413	30.241	0	28.830
run0-swarm_22_99.pdb	8.732	26.014	0.0428571	28.752
run0-swarm_42_97.pdb	8.615	33.164	0.0285714	28.722
run1-swarm_24_86.pdb	6.770	23.068	0.228571	28.671
run0-swarm_47_105.pdb	5.382	14.090	0.0857143	28.633
run0-swarm_12_118.pdb	5.984	16.641	0.0142857	28.535
run1-swarm_28_16.pdb	10.053	23.751	0	28.506
run1-swarm_61_30.pdb	8.778	23.814	0.0428571	28.487
run1-swarm_61_74.pdb	5.841	16.086	0.214286	28.277
run0-swarm_19_199.pdb	7.309	17.385	0.0142857	28.275
run1-swarm_27_76.pdb	8.595	22.237	0.0857143	28.269
run1-swarm_42_192.pdb	5.521	15.275	0.371429	28.242
run1-swarm_20_135.pdb	9.665	25.772	0.0571429	28.167
run0-swarm_47_180.pdb	6.730	25.367	0.0714286	28.122
run1-swarm_30_128.pdb	10.229	21.397	0.0142857	28.100
run1-swarm_29_8.pdb	10.383	26.865	0.0285714	27.958
run0-swarm_5_17.pdb	5.090	18.237	0.1	27.946
run0-swarm_0_144.pdb	12.444	37.780	0	27.862
run1-swarm_45_35.pdb	6.307	14.710	0.0142857	27.828
run0-swarm_17_10.pdb	11.837	39.555	0.0428571	27.825
run0-swarm_33_183.pdb	8.663	30.911	0	27.730
run1-swarm_28_190.pdb	6.229	15.247	0.0285714	27.686
run0-swarm_22_67.pdb	6.226	20.567	0.157143	27.685
run0-swarm_8_2.pdb	4.622	13.866	0.214286	27.662
run0-swarm_36_78.pdb	9.891	36.153	0.0142857	27.528
run0-swarm_31_143.pdb	9.076	28.081	0.0285714	27.446
run0-swarm_41_142.pdb	5.556	13.262	0.2	27.369
run0-swarm_47_134.pdb	4.268	14.133	0.171429	27.281
run0-swarm_37_139.pdb	8.918	29.987	0	27.250
run1-swarm_62_154.pdb	7.380	16.435	0.0571429	27.108
run1-swarm_13_51.pdb	7.513	22.335	0.114286	27.027
run0-swarm_41_171.pdb	5.105	9.655	0.0428571	26.619
run1-swarm_26_159.pdb	6.787	21.282	0.171429	26.596
run1-swarm_29_41.pdb	8.351	23.191	0.157143	26.513
run0-swarm_29_18.pdb	6.885	25.020	0.0428571	26.307
run0-swarm_19_63.pdb	5.487	7.941	0.0428571	26.201
run0-swarm_33_152.pdb	14.472	43.429	0	26.151
run0-swarm_48_72.pdb	10.770	36.301	0	26.142
run0-swarm_4_155.pdb	7.240	26.893	0.128571	26.036
run1-swarm_5_194.pdb	9.124	30.558	0.0285714	26.008
run1-swarm_27_146.pdb	5.182	11.980	0.214286	26.006
run0-swarm_31_121.pdb	6.546	22.919	0.2	25.947
run0-swarm_4_109.pdb	6.209	20.772	0.0428571	25.867
run1-swarm_39_162.pdb	4.301	12.942	0.4	25.806
run0-swarm_20_193.pdb	5.876	21.014	0.271429	25.749
run1-swarm_30_82.pdb	8.378	19.260	0.0142857	25.710
run1-swarm_41_190.pdb	9.542	26.104	0.0571429	25.684
run1-swarm_46_154.pdb	5.462	19.067	0.142857	25.657
run0-swarm_29_45.pdb	6.452	19.864	0.0571429	25.607
run1-swarm_43_76.pdb	8.171	16.800	0.0571429	25.592
run0-swarm_29_99.pdb	6.584	23.647	0.2	25.543
run0-swarm_33_40.pdb	9.347	34.360	0.0142857	25.528
run1-swarm_15_177.pdb	8.571	22.799	0.0714286	25.439
run1-swarm_16_79.pdb	11.738	35.325	0.0142857	25.421
run0-swarm_21_150.pdb	8.801	24.397	0.0285714	25.333
run1-swarm_15_160.pdb	10.282	28.500	0.0428571	25.272
run1-swarm_37_133.pdb	8.016	23.147	0.128571	25.259
run0-swarm_38_120.pdb	11.665	34.486	0	25.259
run1-swarm_62_137.pdb	7.625	17.366	0.0857143	25.129
run1-swarm_16_27.pdb	11.732	36.648	0	25.065
run1-swarm_53_143.pdb	10.172	34.765	0.0142857	25.062
run0-swarm_47_195.pdb	6.006	22.815	0.214286	24.936
run0-swarm_25_163.pdb	2.869	8.546	0.414286	24.929
run1-swarm_31_161.pdb	7.590	22.550	0.242857	24.819
run1-swarm_65_31.pdb	6.742	23.209	0.142857	24.807
run1-swarm_58_117.pdb	5.846	21.088	0.1	24.753
run0-swarm_32_142.pdb	14.152	43.979	0	24.738
run0-swarm_21_105.pdb	10.372	33.262	0	24.735
run1-swarm_30_150.pdb	4.160	6.620	0.171429	24.656
run0-swarm_43_79.pdb	13.302	42.842	0	24.642
run0-swarm_6_139.pdb	4.129	8.839	0.157143	24.607
run1-swarm_14_142.pdb	5.838	20.227	0.114286	24.567
run0-swarm_14_148.pdb	6.121	16.846	0.0142857	24.155
run1-swarm_10_61.pdb	11.310	31.606	0	24.137
run0-swarm_49_154.pdb	4.953	8.769	0.0571429	23.936
run0-swarm_28_24.pdb	9.300	34.643	0.0142857	23.863
run1-swarm_14_185.pdb	12.323	31.117	0	23.696
run0-swarm_18_163.pdb	5.449	17.284	0.0857143	23.675
run0-swarm_46_123.pdb	14.731	42.822	0	23.667
run1-swarm_66_42.pdb	6.422	23.109	0.0714286	23.629
run1-swarm_43_143.pdb	6.574	14.771	0.114286	23.439
run1-swarm_44_19.pdb	7.681	22.919	0	23.418
run0-swarm_40_86.pdb	5.966	19.242	0.0571429	23.349
run1-swarm_21_166.pdb	8.763	23.224	0.1	23.320
run0-swarm_38_131.pdb	9.505	34.155	0	23.280
run1-swarm_42_127.pdb	7.380	20.338	0	23.269
run1-swarm_49_91.pdb	5.825	21.176	0.114286	23.105
run1-swarm_1_193.pdb	9.922	30.977	0	23.028
run1-swarm_26_64.pdb	8.351	24.954	0.0714286	22.916
run1-swarm_42_136.pdb	8.477	21.004	0	22.843
run1-swarm_11_27.pdb	12.034	33.338	0	22.778
run0-swarm_39_102.pdb	7.207	25.838	0.2	22.705
run1-swarm_31_43.pdb	7.603	18.377	0.0285714	22.564
run1-swarm_46_117.pdb	8.754	28.584	0.0142857	22.546
run1-swarm_50_27.pdb	13.146	36.542	0	22.525
run1-swarm_37_158.pdb	5.008	12.629	0.0428571	22.428
run1-swarm_15_48.pdb	9.355	29.884	0.0142857	22.285
run0-swarm_9_62.pdb	8.057	19.387	0.0142857	22.264
run1-swarm_55_176.pdb	11.206	28.822	0	22.158
run1-swarm_29_27.pdb	8.913	24.794	0	22.129
run1-swarm_59_180.pdb	7.803	26.306	0.0428571	22.116
run0-swarm_19_124.pdb	5.861	18.887	0.1	22.040
run1-swarm_23_97.pdb	9.730	23.027	0.0142857	21.926
run1-swarm_60_69.pdb	9.111	26.815	0	21.917
run1-swarm_67_196.pdb	11.690	33.203	0	21.875
run1-swarm_41_99.pdb	10.724	31.794	0	21.830
run1-swarm_11_82.pdb	6.324	22.609	0.114286	21.709
run1-swarm_0_9.pdb	8.286	23.542	0.171429	21.705
run1-swarm_21_187.pdb	6.092	14.456	0	21.561
run0-swarm_27_106.pdb	10.209	37.234	0	21.552
run1-swarm_67_6.pdb	12.634	32.047	0	21.245
run1-swarm_1_165.pdb	10.217	27.719	0.0857143	21.114
run0-swarm_8_36.pdb	7.975	18.131	0.0428571	21.081
run1-swarm_35_96.pdb	6.613	19.561	0.2	20.961
run1-swarm_50_23.pdb	12.615	39.577	0.0428571	20.935
run1-swarm_28_186.pdb	5.825	15.186	0.2	20.914
run0-swarm_30_100.pdb	7.713	28.635	0.2	20.841
run0-swarm_0_106.pdb	9.646	34.638	0	20.818
run1-swarm_8_46.pdb	8.068	25.556	0	20.799
run1-swarm_49_17.pdb	9.244	22.039	0	20.366
run0-swarm_32_109.pdb	9.002	32.524	0	20.205
run1-swarm_71_111.pdb	10.769	27.199	0	20.190
run0-swarm_22_12.pdb	6.783	22.451	0.0571429	20.121
run1-swarm_41_41.pdb	11.819	31.543	0	20.115
run1-swarm_70_61.pdb	10.406	22.823	0.0428571	20.111
run1-swarm_60_24.pdb	8.961	25.022	0.0571429	20.087
run1-swarm_30_138.pdb	7.062	17.271	0	20.071
run1-swarm_18_118.pdb	10.493	37.492	0	19.768
run1-swarm_69_51.pdb	11.587	32.653	0	19.728
run1-swarm_3_87.pdb	10.932	32.045	0	19.691
run0-swarm_18_56.pdb	6.595	19.576	0.1	19.678
run1-swarm_67_122.pdb	10.374	33.133	0	19.582
run0-swarm_48_55.pdb	11.349	40.707	0	19.335
run1-swarm_21_24.pdb	7.886	16.991	0.0285714	19.201
run1-swarm_12_110.pdb	12.148	30.799	0	19.128
run0-swarm_39_88.pdb	8.481	21.843	0.0285714	19.125
run1-swarm_70_55.pdb	8.668	25.261	0.128571	19.097
run1-swarm_68_136.pdb	14.025	39.445	0	19.084
run1-swarm_10_157.pdb	11.444	39.842	0	19.015
run1-swarm_61_185.pdb	6.318	14.945	0	19.009
run1-swarm_42_8.pdb	6.435	17.319	0.185714	18.877
run1-swarm_17_125.pdb	11.916	40.602	0	18.766
run1-swarm_71_192.pdb	8.486	23.922	0	18.666
run0-swarm_26_114.pdb	12.476	36.720	0	18.593
run0-swarm_31_34.pdb	7.032	21.900	0.171429	18.396
run0-swarm_4_33.pdb	10.802	32.736	0	18.150
run1-swarm_43_49.pdb	8.737	24.431	0	18.085
run0-swarm_12_28.pdb	5.970	13.979	0	17.975
run0-swarm_41_39.pdb	8.744	21.016	0.0714286	17.965
run1-swarm_61_136.pdb	7.440	19.272	0	17.950
run1-swarm_29_32.pdb	10.671	31.292	0	17.907
run1-swarm_71_137.pdb	13.071	33.866	0.0142857	17.770
run0-swarm_15_1.pdb	11.635	36.493	0	17.747
run0-swarm_20_156.pdb	5.136	16.993	0.142857	17.727
run1-swarm_61_113.pdb	10.078	24.303	0	17.706
run1-swarm_70_116.pdb	9.724	28.976	0	17.681
run1-swarm_13_162.pdb	9.383	29.401	0	17.397
run0-swarm_22_80.pdb	7.633	27.477	0.185714	17.175
run1-swarm_39_177.pdb	8.319	18.651	0.0571429	16.855
run1-swarm_27_176.pdb	7.417	20.711	0	16.820
run1-swarm_16_133.pdb	10.521	31.033	0.114286	16.642
run1-swarm_12_69.pdb	15.131	39.822	0	16.474
run1-swarm_70_75.pdb	7.915	18.178	0.0285714	16.450
run0-swarm_38_73.pdb	10.355	36.055	0	16.201
run1-swarm_69_43.pdb	9.849	25.581	0.114286	16.172
run0-swarm_29_81.pdb	9.523	29.075	0	16.122
run0-swarm_48_44.pdb	13.585	38.054	0	15.861
run0-swarm_35_163.pdb	11.847	37.661	0	15.744
run1-swarm_18_59.pdb	8.409	26.831	0	15.740
run0-swarm_22_130.pdb	6.693	23.326	0.0571429	15.299
run1-swarm_69_133.pdb	12.873	31.871	0	15.246
run1-swarm_27_122.pdb	10.047	26.315	0.1	15.235
run0-swarm_44_122.pdb	9.547	34.175	0	15.191
run1-swarm_27_63.pdb	6.591	18.847	0	14.869
run1-swarm_28_82.pdb	9.734	29.700	0.142857	14.561
run0-swarm_28_139.pdb	8.491	31.701	0.114286	14.514
run1-swarm_10_44.pdb	9.517	29.327	0.0285714	14.250
run1-swarm_57_15.pdb	13.446	36.253	0	13.880
run1-swarm_21_69.pdb	8.264	22.885	0.171429	13.674
run0-swarm_40_101.pdb	8.227	29.534	0.157143	13.461
run1-swarm_42_104.pdb	8.993	25.951	0.0857143	13.322
run0-swarm_32_82.pdb	12.652	36.754	0	12.804
run1-swarm_2_189.pdb	10.383	34.343	0.0428571	12.745
run1-swarm_70_96.pdb	10.744	34.297	0.0285714	12.575
run1-swarm_30_174.pdb	6.001	20.511	0.185714	12.547
run1-swarm_61_137.pdb	7.626	25.704	0	12.144
run1-swarm_53_48.pdb	12.806	41.303	0	11.777
run1-swarm_37_90.pdb	8.709	26.723	0	11.705
run1-swarm_0_128.pdb	9.441	27.956	0	11.693
run1-swarm_51_174.pdb	10.709	32.409	0.0285714	11.686
run1-swarm_55_125.pdb	8.258	25.869	0.0142857	11.652
run1-swarm_67_151.pdb	9.680	24.162	0	11.367
run1-swarm_58_179.pdb	6.694	20.913	0.0285714	10.174
run1-swarm_13_181.pdb	4.697	11.680	0.1	9.893
run1-swarm_13_191.pdb	10.871	32.886	0	8.678
run1-swarm_16_37.pdb	11.252	33.826	0.0285714	8.602
run1-swarm_13_106.pdb	8.137	19.568	0.0714286	8.550
run1-swarm_28_171.pdb	10.323	29.384	0.185714	7.710
run0-swarm_27_50.pdb	9.823	31.034	0	7.423
run1-swarm_68_30.pdb	12.212	33.460	0	6.589
run1-swarm_50_29.pdb	9.602	28.473	0	6.435
run1-swarm_41_146.pdb	8.458	22.165	0	6.434
run1-swarm_31_167.pdb	2.915	6.197	0.228571	5.473
run0-swarm_46_176.pdb	13.461	41.234	0	5.035
run1-swarm_70_35.pdb	11.228	33.787	0	4.114
run1-swarm_49_127.pdb	7.597	23.202	0	4.095
run1-swarm_40_131.pdb	9.202	28.650	0	2.118
run1-swarm_35_178.pdb	7.799	25.338	0.0142857	2.061
run1-swarm_56_125.pdb	13.068	42.310	0	1.471
run1-swarm_34_15.pdb	10.589	35.392	0	1.465
run1-swarm_51_161.pdb	11.563	36.024	0	1.458
run0-swarm_29_94.pdb	9.709	31.610	0.185714	1.124
run1-swarm_37_4.pdb	11.226	34.160	0.0142857	0.674
run1-swarm_0_48.pdb	9.962	25.960	0.0714286	0.019
