swarm_25_13.pdb	14.853	50.090	0.0566038	51.982
swarm_36_85.pdb	16.064	51.282	0.0377358	47.763
swarm_37_156.pdb	14.040	48.677	0	47.709
swarm_38_92.pdb	22.561	48.184	0	47.627
swarm_30_182.pdb	16.093	52.286	0.0377358	46.870
swarm_25_16.pdb	14.973	43.798	0	45.753
swarm_13_50.pdb	13.553	54.375	0.0566038	45.700
swarm_25_157.pdb	18.277	53.938	0	45.436
swarm_7_37.pdb	21.557	44.399	0	45.404
swarm_40_93.pdb	12.343	52.387	0.0943396	44.662
swarm_13_106.pdb	19.008	48.865	0	43.754
swarm_27_169.pdb	13.163	54.877	0	43.423
swarm_30_181.pdb	18.246	48.604	0	43.323
swarm_38_70.pdb	14.566	48.049	0	42.913
swarm_2_166.pdb	8.655	36.205	0.0943396	42.274
swarm_30_127.pdb	13.227	37.588	0	41.770
swarm_2_147.pdb	22.418	47.047	0	41.741
swarm_17_11.pdb	9.602	34.268	0	40.785
swarm_30_20.pdb	13.365	37.127	0	40.743
swarm_29_152.pdb	14.499	56.985	0.0566038	40.537
swarm_30_142.pdb	12.859	35.868	0	40.462
swarm_37_163.pdb	18.211	50.078	0	40.176
swarm_24_183.pdb	15.186	46.016	0	39.795
swarm_34_58.pdb	8.790	45.250	0.0943396	39.025
swarm_18_70.pdb	14.594	48.908	0.0943396	38.474
swarm_18_106.pdb	11.637	51.267	0	37.632
swarm_14_178.pdb	16.498	64.263	0	37.257
swarm_6_191.pdb	13.844	41.188	0	37.230
swarm_15_188.pdb	21.431	33.269	0	37.115
swarm_36_149.pdb	13.912	51.160	0.0754717	36.995
swarm_4_189.pdb	14.143	43.685	0	36.923
swarm_43_199.pdb	7.829	26.658	0.207547	36.893
swarm_29_137.pdb	15.629	56.463	0	36.620
swarm_40_76.pdb	11.830	52.809	0	36.527
swarm_6_101.pdb	20.043	39.165	0	36.378
swarm_20_64.pdb	2.158	8.725	0.45283	36.002
swarm_13_180.pdb	13.831	55.234	0.0188679	35.976
swarm_24_165.pdb	12.306	39.458	0	35.733
swarm_37_174.pdb	13.996	53.952	0.0188679	35.528
swarm_4_78.pdb	22.653	41.791	0	35.460
swarm_37_43.pdb	18.393	44.158	0	35.173
swarm_26_66.pdb	20.291	46.979	0	35.136
swarm_36_146.pdb	15.733	50.507	0	35.064
swarm_28_175.pdb	23.469	61.067	0	35.025
swarm_36_174.pdb	20.035	45.492	0	35.007
swarm_36_19.pdb	15.612	51.910	0.0754717	34.983
swarm_18_21.pdb	20.808	41.536	0	34.911
swarm_2_121.pdb	21.002	41.809	0	34.885
swarm_13_25.pdb	20.636	46.809	0	34.789
swarm_15_162.pdb	4.261	16.547	0.320755	34.684
swarm_24_176.pdb	12.253	34.157	0	34.665
swarm_24_177.pdb	16.650	41.046	0	34.471
swarm_36_179.pdb	17.996	45.182	0	34.460
swarm_17_30.pdb	13.628	40.798	0	34.401
swarm_27_35.pdb	14.446	64.306	0	34.305
swarm_39_100.pdb	14.176	58.315	0.0566038	34.288
swarm_6_77.pdb	19.448	38.752	0	34.053
swarm_27_60.pdb	15.905	44.826	0	33.949
swarm_24_156.pdb	17.465	44.448	0	33.807
swarm_14_62.pdb	12.572	53.410	0.0754717	33.789
swarm_40_29.pdb	10.651	51.100	0.0377358	33.638
swarm_17_157.pdb	7.600	32.606	0.113208	33.606
swarm_1_61.pdb	5.458	21.195	0.283019	33.318
swarm_14_14.pdb	20.182	53.921	0	33.251
swarm_21_139.pdb	23.441	50.357	0	33.212
swarm_25_42.pdb	19.277	46.424	0	33.166
swarm_37_9.pdb	13.431	50.888	0	33.153
swarm_30_166.pdb	15.532	51.240	0	32.803
swarm_36_29.pdb	13.402	38.400	0	32.712
swarm_2_157.pdb	13.321	46.567	0	32.707
swarm_25_97.pdb	16.347	52.899	0.0566038	32.701
swarm_25_119.pdb	15.660	51.018	0	32.512
swarm_26_36.pdb	14.830	58.752	0	32.496
swarm_36_94.pdb	19.062	41.061	0	32.484
swarm_34_199.pdb	22.526	48.125	0	32.463
swarm_18_111.pdb	21.901	48.795	0	32.270
swarm_21_98.pdb	19.546	45.458	0	32.245
swarm_28_85.pdb	16.337	61.185	0.0754717	32.127
swarm_36_101.pdb	21.112	45.895	0	32.082
swarm_24_152.pdb	14.130	44.271	0.113208	31.843
swarm_9_106.pdb	2.723	13.332	0.339623	31.785
swarm_31_27.pdb	21.692	46.827	0	31.771
swarm_22_66.pdb	24.950	36.538	0	31.688
swarm_28_23.pdb	15.448	59.553	0	31.676
swarm_15_104.pdb	25.132	37.628	0	31.547
swarm_1_37.pdb	9.364	32.378	0	31.502
swarm_28_91.pdb	16.453	59.931	0.0377358	31.412
swarm_27_144.pdb	18.962	50.197	0	31.286
swarm_29_184.pdb	18.010	54.515	0	31.216
swarm_24_169.pdb	13.497	50.941	0	31.094
swarm_13_69.pdb	14.887	55.047	0.0377358	30.967
swarm_40_184.pdb	24.251	54.888	0	30.851
swarm_31_12.pdb	18.624	40.342	0	30.774
swarm_6_31.pdb	14.221	38.891	0	30.645
swarm_44_11.pdb	8.024	26.538	0.0188679	30.639
swarm_12_158.pdb	19.737	40.743	0	30.562
swarm_24_7.pdb	11.360	36.498	0	30.513
swarm_7_43.pdb	23.723	43.028	0	30.294
swarm_12_143.pdb	20.815	42.961	0	30.249
swarm_36_124.pdb	14.401	36.758	0	30.239
swarm_4_163.pdb	15.029	35.620	0	30.073
swarm_19_159.pdb	16.820	63.825	0.0377358	29.972
swarm_8_98.pdb	6.664	32.113	0.0943396	29.882
swarm_39_1.pdb	19.549	50.118	0	29.490
swarm_27_117.pdb	14.749	45.235	0	29.390
swarm_25_141.pdb	15.679	48.281	0	29.375
swarm_14_171.pdb	23.222	59.496	0	29.364
swarm_26_98.pdb	16.141	59.603	0.0377358	29.357
swarm_13_164.pdb	17.575	50.506	0	29.180
swarm_40_54.pdb	14.847	53.288	0	28.980
swarm_11_59.pdb	16.322	55.248	0	28.865
swarm_31_36.pdb	11.314	49.177	0	28.794
swarm_16_84.pdb	18.209	33.634	0	28.768
swarm_11_172.pdb	13.796	43.197	0	28.471
swarm_10_103.pdb	6.161	33.971	0.207547	28.444
swarm_33_48.pdb	26.443	59.923	0	28.391
swarm_3_4.pdb	5.122	15.849	0.169811	27.987
swarm_4_191.pdb	17.334	35.611	0	27.928
swarm_37_195.pdb	23.161	54.680	0	27.926
swarm_44_167.pdb	18.089	34.719	0	27.858
swarm_5_138.pdb	17.488	26.292	0	27.778
swarm_26_188.pdb	23.925	55.123	0	27.687
swarm_16_114.pdb	5.855	30.346	0.132075	27.660
swarm_32_103.pdb	12.708	61.722	0	27.587
swarm_17_67.pdb	20.083	46.933	0	27.510
swarm_12_105.pdb	22.801	40.948	0	27.380
swarm_5_37.pdb	23.121	40.146	0	27.340
swarm_26_21.pdb	14.911	50.304	0	27.317
swarm_5_172.pdb	8.792	32.467	0.132075	27.275
swarm_32_94.pdb	17.807	68.681	0	27.198
swarm_12_71.pdb	12.555	32.223	0	27.095
swarm_12_76.pdb	19.945	34.279	0	27.035
swarm_44_33.pdb	17.468	34.312	0	26.953
swarm_15_85.pdb	6.022	17.860	0	26.923
swarm_13_36.pdb	15.899	55.482	0	26.916
swarm_17_87.pdb	11.818	31.922	0	26.871
swarm_43_67.pdb	11.642	35.576	0	26.833
swarm_21_17.pdb	13.904	39.726	0	26.774
swarm_21_170.pdb	17.498	45.351	0	26.744
swarm_36_50.pdb	14.246	38.718	0	26.359
swarm_42_138.pdb	23.602	38.022	0	26.325
swarm_6_34.pdb	13.416	39.334	0	26.012
swarm_13_122.pdb	13.655	50.054	0.0754717	26.008
swarm_18_166.pdb	21.895	48.744	0	25.899
swarm_38_139.pdb	18.110	43.090	0	25.852
swarm_26_101.pdb	24.845	57.584	0	25.755
swarm_26_111.pdb	20.941	49.080	0	25.681
swarm_24_67.pdb	19.462	44.533	0	25.651
swarm_11_83.pdb	16.089	49.918	0	25.557
swarm_40_134.pdb	20.836	51.848	0	25.472
swarm_14_55.pdb	19.512	59.497	0	25.470
swarm_14_22.pdb	14.804	70.210	0.0188679	25.468
swarm_39_105.pdb	17.494	43.279	0	25.466
swarm_29_3.pdb	16.554	46.704	0	25.458
swarm_38_133.pdb	17.336	60.756	0	25.399
swarm_16_74.pdb	24.184	41.350	0	25.306
swarm_25_151.pdb	20.820	50.767	0	25.296
swarm_29_195.pdb	20.150	51.860	0	25.125
swarm_31_163.pdb	13.925	48.934	0	25.077
swarm_2_31.pdb	23.782	44.740	0	24.923
swarm_1_62.pdb	8.418	29.644	0.0943396	24.844
swarm_12_84.pdb	10.508	29.013	0	24.840
swarm_31_137.pdb	17.020	36.810	0	24.838
swarm_32_79.pdb	24.634	56.952	0	24.824
swarm_4_34.pdb	15.707	47.088	0	24.677
swarm_26_64.pdb	13.225	60.911	0	24.631
swarm_16_47.pdb	13.572	36.997	0.0377358	24.592
swarm_29_81.pdb	13.691	66.426	0.0188679	24.393
swarm_36_178.pdb	14.626	45.400	0	24.378
swarm_1_156.pdb	20.949	32.544	0	24.362
swarm_24_113.pdb	18.087	37.732	0	24.360
swarm_12_90.pdb	23.258	39.488	0	24.341
swarm_2_124.pdb	22.545	39.588	0	24.319
swarm_40_157.pdb	23.863	48.482	0	24.183
swarm_11_67.pdb	18.964	50.379	0	24.033
swarm_25_2.pdb	25.076	52.423	0	24.016
swarm_8_186.pdb	22.872	46.704	0	24.003
swarm_5_146.pdb	15.474	42.358	0	23.983
swarm_17_100.pdb	10.116	30.543	0	23.779
swarm_42_137.pdb	9.879	23.771	0	23.644
swarm_21_187.pdb	20.072	49.045	0	23.606
swarm_5_190.pdb	13.288	33.158	0	23.547
swarm_5_7.pdb	15.322	42.969	0	23.497
swarm_10_115.pdb	24.179	43.335	0	23.421
swarm_1_19.pdb	10.251	28.284	0	23.409
swarm_5_143.pdb	16.718	42.694	0.0566038	23.407
swarm_41_110.pdb	20.775	31.810	0	23.342
swarm_6_94.pdb	21.604	43.369	0	23.341
swarm_21_167.pdb	14.527	40.227	0	23.323
swarm_31_75.pdb	14.043	37.158	0	23.217
swarm_37_90.pdb	20.310	57.922	0	23.098
swarm_37_67.pdb	13.511	41.323	0	23.052
swarm_43_153.pdb	18.977	28.718	0	23.026
swarm_38_187.pdb	14.999	48.565	0	22.995
swarm_27_103.pdb	14.044	58.244	0.0377358	22.849
swarm_36_176.pdb	19.828	43.145	0	22.842
swarm_44_178.pdb	24.164	44.966	0	22.815
swarm_8_10.pdb	9.852	31.897	0	22.809
swarm_43_91.pdb	10.404	30.764	0	22.767
swarm_3_87.pdb	3.082	4.802	0.188679	22.756
swarm_31_161.pdb	13.996	35.133	0	22.571
swarm_1_39.pdb	22.036	34.336	0	22.521
swarm_14_158.pdb	22.403	62.466	0	22.418
swarm_26_65.pdb	12.319	56.884	0	22.366
swarm_0_199.pdb	6.779	11.000	0	22.333
swarm_38_12.pdb	24.907	52.247	0	22.322
swarm_44_128.pdb	14.069	26.238	0	22.321
swarm_19_129.pdb	28.522	66.686	0	22.281
swarm_0_58.pdb	20.204	32.437	0	22.272
swarm_0_192.pdb	12.623	28.215	0	22.213
swarm_41_181.pdb	24.681	37.334	0	22.083
swarm_30_56.pdb	18.612	47.092	0	22.019
swarm_22_25.pdb	14.981	28.711	0	21.944
swarm_24_158.pdb	15.595	42.611	0	21.921
swarm_24_170.pdb	16.790	42.898	0	21.856
swarm_2_137.pdb	13.665	41.389	0	21.845
swarm_14_188.pdb	23.303	58.788	0	21.842
swarm_36_58.pdb	22.499	52.405	0	21.834
swarm_31_68.pdb	18.229	43.818	0	21.831
swarm_33_144.pdb	19.535	63.545	0	21.805
swarm_21_78.pdb	25.587	52.984	0	21.789
swarm_44_44.pdb	17.973	33.942	0	21.740
swarm_26_138.pdb	16.395	51.811	0	21.665
swarm_4_1.pdb	14.664	43.687	0	21.619
swarm_2_149.pdb	24.777	44.216	0	21.607
swarm_17_130.pdb	24.736	49.793	0	21.345
swarm_3_152.pdb	22.994	38.661	0	21.271
swarm_33_17.pdb	17.983	69.642	0	21.172
swarm_39_156.pdb	15.796	56.615	0.0188679	21.166
swarm_21_75.pdb	8.850	36.324	0.0188679	21.016
swarm_29_2.pdb	19.971	63.562	0	21.011
swarm_43_102.pdb	7.837	29.507	0.132075	20.977
swarm_1_2.pdb	22.134	43.024	0	20.945
swarm_13_76.pdb	24.682	57.133	0	20.871
swarm_11_46.pdb	16.387	51.678	0.0377358	20.821
swarm_39_187.pdb	17.971	49.830	0	20.622
swarm_33_56.pdb	17.734	70.109	0.0566038	20.614
swarm_42_134.pdb	15.663	33.474	0	20.554
swarm_21_66.pdb	23.850	51.659	0	20.515
swarm_1_179.pdb	25.500	40.970	0	20.400
swarm_4_65.pdb	24.046	44.221	0	20.337
swarm_42_59.pdb	13.203	24.773	0	20.303
swarm_12_183.pdb	20.143	35.920	0	20.223
swarm_12_127.pdb	12.811	37.805	0.0754717	20.187
swarm_1_142.pdb	26.426	39.102	0	20.157
swarm_37_5.pdb	18.007	58.276	0	20.150
swarm_14_135.pdb	15.911	65.884	0.0377358	20.138
swarm_7_44.pdb	15.327	30.865	0	20.105
swarm_3_119.pdb	22.094	33.219	0	20.089
swarm_3_111.pdb	23.583	37.374	0	20.074
swarm_16_107.pdb	21.563	39.239	0	20.001
swarm_11_86.pdb	16.947	51.672	0	19.906
swarm_8_158.pdb	16.415	41.325	0	19.820
swarm_37_103.pdb	15.679	55.584	0.0188679	19.815
swarm_6_61.pdb	17.865	40.980	0	19.812
swarm_4_137.pdb	10.072	43.080	0.0188679	19.666
swarm_31_93.pdb	15.031	43.691	0	19.652
swarm_9_105.pdb	11.502	28.796	0	19.403
swarm_28_129.pdb	15.243	69.052	0	19.298
swarm_17_6.pdb	16.224	35.363	0	19.267
swarm_34_100.pdb	24.903	54.512	0	19.151
swarm_0_37.pdb	19.431	31.107	0	19.108
swarm_0_143.pdb	22.769	39.465	0	19.105
swarm_0_47.pdb	22.602	37.645	0	19.072
swarm_28_102.pdb	26.013	61.788	0	19.016
swarm_42_110.pdb	10.227	17.258	0	18.787
swarm_24_188.pdb	12.427	41.723	0.0188679	18.658
swarm_22_199.pdb	24.965	37.889	0	18.511
swarm_0_61.pdb	9.823	26.188	0	18.296
swarm_2_77.pdb	19.482	39.343	0	18.281
swarm_11_24.pdb	17.712	44.507	0	18.215
swarm_11_179.pdb	20.855	50.482	0	18.168
swarm_10_71.pdb	10.355	37.815	0	18.079
swarm_30_131.pdb	12.832	43.104	0	18.056
swarm_44_156.pdb	23.830	39.580	0	17.782
swarm_30_89.pdb	14.627	45.529	0	17.689
swarm_41_109.pdb	20.998	31.947	0	17.412
swarm_42_54.pdb	26.528	41.305	0	17.249
swarm_27_33.pdb	25.549	54.299	0	16.843
swarm_25_100.pdb	15.181	61.767	0.0188679	16.819
swarm_0_28.pdb	25.554	40.121	0	16.810
swarm_2_64.pdb	11.155	52.156	0	16.788
swarm_16_132.pdb	18.139	38.075	0.0188679	16.732
swarm_0_80.pdb	19.383	34.632	0	16.720
swarm_32_108.pdb	27.195	60.922	0	16.570
swarm_43_61.pdb	10.088	34.983	0	16.568
swarm_6_196.pdb	24.597	44.877	0	16.448
swarm_26_186.pdb	18.289	57.693	0	16.430
swarm_5_57.pdb	15.407	36.348	0	16.306
swarm_44_129.pdb	13.085	34.922	0	16.305
swarm_4_134.pdb	12.917	35.470	0	16.227
swarm_41_136.pdb	20.592	30.514	0	16.007
swarm_1_9.pdb	12.995	37.580	0.0377358	15.497
swarm_16_157.pdb	8.113	28.226	0.0188679	15.188
swarm_33_152.pdb	14.955	70.195	0	15.180
swarm_24_127.pdb	21.911	43.772	0	13.557
swarm_6_150.pdb	18.249	41.391	0	13.521
swarm_41_39.pdb	11.792	22.840	0	13.359
swarm_0_84.pdb	12.448	27.449	0	12.390
swarm_12_0.pdb	19.740	40.167	0	11.489
swarm_12_145.pdb	14.251	33.453	0.169811	11.331
swarm_7_68.pdb	8.879	22.867	0	10.760
swarm_12_4.pdb	14.662	35.637	0.0377358	10.609
swarm_40_57.pdb	11.541	49.881	0	8.101
swarm_41_23.pdb	12.181	24.976	0.0377358	7.628
swarm_24_111.pdb	15.897	38.431	0	6.571
swarm_38_76.pdb	17.397	60.748	0	5.614
swarm_6_56.pdb	11.674	39.275	0.0943396	5.064
