run0-swarm_5_32.pdb	12.316	52.502	0.0377358	52.000
run0-swarm_29_114.pdb	9.042	45.566	0.0377358	48.545
run0-swarm_21_95.pdb	13.471	47.631	0	46.588
run0-swarm_30_155.pdb	12.447	51.464	0	46.024
run0-swarm_5_54.pdb	13.214	49.698	0	45.916
run0-swarm_11_81.pdb	9.307	51.071	0.113208	44.687
run0-swarm_30_41.pdb	10.959	42.817	0	38.451
run0-swarm_31_199.pdb	13.352	51.802	0	38.361
run0-swarm_9_110.pdb	13.714	46.857	0	36.581
run0-swarm_27_30.pdb	5.933	29.384	0.150943	36.287
run0-swarm_15_165.pdb	10.301	42.511	0	35.716
run0-swarm_7_193.pdb	13.890	51.160	0	34.641
run0-swarm_28_69.pdb	7.189	33.859	0.0377358	33.472
run0-swarm_5_143.pdb	10.046	49.763	0.0754717	31.465
run0-swarm_3_183.pdb	7.086	41.936	0.226415	31.315
run0-swarm_6_52.pdb	6.933	34.205	0.0566038	30.800
run0-swarm_29_133.pdb	8.457	50.547	0.150943	30.766
run0-swarm_14_134.pdb	9.792	44.891	0	30.349
run0-swarm_15_79.pdb	13.306	44.745	0	30.126
run0-swarm_3_132.pdb	10.454	47.737	0	29.853
run0-swarm_0_102.pdb	5.705	22.481	0.0377358	29.644
run0-swarm_19_82.pdb	9.276	33.362	0	29.149
run0-swarm_3_117.pdb	8.662	50.195	0.169811	29.052
run0-swarm_2_62.pdb	14.932	57.552	0	28.944
run0-swarm_23_133.pdb	14.684	57.367	0	28.822
run0-swarm_14_195.pdb	8.973	33.729	0	28.299
run0-swarm_27_112.pdb	5.835	29.673	0.0943396	27.753
run0-swarm_13_15.pdb	7.327	33.935	0.0377358	27.677
run0-swarm_13_133.pdb	5.480	29.819	0.150943	27.560
run0-swarm_6_150.pdb	8.916	34.831	0	27.401
run0-swarm_4_40.pdb	14.491	58.865	0	26.824
run0-swarm_22_66.pdb	8.501	51.372	0.264151	25.137
run0-swarm_11_64.pdb	9.481	52.983	0.169811	25.092
run0-swarm_6_22.pdb	8.335	42.414	0	24.627
run0-swarm_19_87.pdb	8.587	40.010	0	24.496
run0-swarm_13_72.pdb	7.137	43.093	0.169811	23.637
run0-swarm_30_140.pdb	10.410	53.143	0.0377358	23.623
run0-swarm_31_39.pdb	10.445	52.745	0.0566038	23.596
run0-swarm_19_36.pdb	11.209	40.468	0	23.312
run0-swarm_14_126.pdb	10.843	41.941	0	22.851
run0-swarm_15_53.pdb	7.222	33.691	0.0188679	22.765
run0-swarm_21_145.pdb	10.575	45.610	0	22.760
run0-swarm_0_113.pdb	6.074	29.704	0.188679	21.298
run0-swarm_20_171.pdb	9.199	53.174	0.207547	21.154
run0-swarm_13_8.pdb	7.026	40.128	0.207547	21.057
run0-swarm_6_133.pdb	13.831	44.883	0	20.370
run0-swarm_7_116.pdb	8.308	41.953	0	20.296
run0-swarm_1_181.pdb	13.079	55.108	0	20.203
run0-swarm_7_78.pdb	11.812	43.163	0	19.802
run0-swarm_3_108.pdb	10.231	46.137	0.0188679	19.720
run0-swarm_19_119.pdb	11.540	41.581	0	18.875
run0-swarm_21_177.pdb	13.326	57.975	0	18.808
run0-swarm_1_91.pdb	12.218	55.699	0.0754717	18.357
run0-swarm_2_186.pdb	12.630	56.364	0	18.168
run0-swarm_22_98.pdb	10.218	49.307	0	18.039
run0-swarm_21_14.pdb	9.752	49.811	0	17.970
run0-swarm_25_21.pdb	9.903	56.680	0.169811	16.770
run0-swarm_31_165.pdb	11.671	52.045	0	16.706
run0-swarm_7_98.pdb	12.059	52.158	0	16.608
run0-swarm_21_24.pdb	11.791	52.497	0	15.927
run0-swarm_31_186.pdb	10.346	52.944	0.132075	15.599
run0-swarm_1_152.pdb	13.794	61.798	0	14.583
run0-swarm_30_120.pdb	11.293	47.367	0	14.084
run0-swarm_5_101.pdb	13.518	56.041	0	9.148
run0-swarm_14_157.pdb	11.267	43.509	0.0377358	7.594
run0-swarm_22_118.pdb	10.238	54.392	0.132075	0.779
