swarm_22_63.pdb	17.341	41.792	0	43.296
swarm_3_96.pdb	21.316	44.620	0	40.183
swarm_15_41.pdb	22.080	57.730	0	39.286
swarm_38_79.pdb	21.469	54.895	0	39.042
swarm_24_61.pdb	19.955	46.036	0	38.709
swarm_27_75.pdb	24.480	51.942	0	36.950
swarm_40_51.pdb	18.211	52.099	0	36.211
swarm_39_106.pdb	22.043	50.398	0	35.683
swarm_24_78.pdb	15.891	43.681	0	35.401
swarm_40_46.pdb	13.270	53.677	0	34.826
swarm_40_168.pdb	13.695	52.688	0	34.273
swarm_15_84.pdb	16.295	57.445	0	33.765
swarm_32_127.pdb	18.424	49.913	0	33.749
swarm_45_160.pdb	22.554	51.297	0	33.683
swarm_3_154.pdb	18.957	38.760	0	33.676
swarm_7_86.pdb	13.631	45.475	0	33.514
swarm_25_3.pdb	13.887	46.461	0	32.897
swarm_37_157.pdb	20.509	48.830	0	32.024
swarm_17_155.pdb	10.015	31.175	0	31.538
swarm_32_172.pdb	14.484	46.372	0	31.220
swarm_33_68.pdb	20.292	42.091	0	30.860
swarm_11_192.pdb	24.118	53.675	0	30.842
swarm_8_57.pdb	8.628	47.158	0.0754717	30.786
swarm_33_185.pdb	20.051	50.044	0	30.639
swarm_17_94.pdb	20.298	47.472	0	30.531
swarm_42_28.pdb	21.047	45.723	0	30.526
swarm_17_107.pdb	13.773	42.257	0	30.024
swarm_40_175.pdb	18.696	44.043	0	30.007
swarm_18_68.pdb	20.794	42.214	0	29.986
swarm_22_62.pdb	17.568	49.454	0	29.705
swarm_15_1.pdb	18.396	50.238	0	28.932
swarm_17_27.pdb	17.073	39.333	0	28.785
swarm_18_78.pdb	18.516	48.300	0	28.217
swarm_32_113.pdb	15.125	46.271	0	27.419
swarm_14_20.pdb	14.128	46.625	0	27.256
swarm_7_189.pdb	12.831	36.151	0	27.015
swarm_33_12.pdb	18.427	39.093	0	26.593
swarm_26_45.pdb	14.335	57.938	0	26.576
swarm_7_56.pdb	19.479	44.956	0	26.128
swarm_45_146.pdb	18.563	57.598	0	25.953
swarm_32_75.pdb	17.367	53.624	0	25.734
swarm_47_43.pdb	20.206	38.999	0	25.488
swarm_18_29.pdb	20.188	48.657	0	25.405
swarm_7_116.pdb	17.326	43.456	0	25.376
swarm_15_40.pdb	24.497	55.586	0	24.868
swarm_6_33.pdb	21.154	40.595	0	24.832
swarm_6_99.pdb	13.884	37.952	0	24.519
swarm_27_175.pdb	13.189	59.105	0	24.388
swarm_24_8.pdb	23.140	52.510	0	24.295
swarm_33_171.pdb	14.209	44.834	0.0188679	24.025
swarm_14_12.pdb	17.630	47.482	0	23.952
swarm_22_79.pdb	12.378	37.377	0	23.900
swarm_40_24.pdb	22.754	50.363	0	23.532
swarm_17_82.pdb	6.606	27.824	0.150943	23.469
swarm_2_104.pdb	21.290	43.697	0	23.014
swarm_2_28.pdb	19.799	44.934	0	22.582
swarm_33_124.pdb	13.872	54.234	0	21.765
swarm_16_76.pdb	5.851	31.185	0.150943	21.218
swarm_6_65.pdb	18.614	37.964	0	20.828
swarm_3_0.pdb	14.629	44.271	0	20.249
swarm_2_138.pdb	8.707	24.838	0.377358	19.943
swarm_26_179.pdb	17.038	61.730	0.132075	19.923
swarm_21_82.pdb	12.519	42.789	0.0188679	19.556
swarm_37_149.pdb	20.542	49.081	0	19.209
swarm_37_7.pdb	17.523	48.087	0	19.123
swarm_6_28.pdb	9.128	31.407	0	18.415
swarm_22_92.pdb	10.024	40.829	0	18.314
swarm_35_184.pdb	27.947	50.094	0	17.988
swarm_6_112.pdb	19.027	35.095	0	17.690
swarm_3_39.pdb	9.912	39.287	0	17.614
swarm_32_190.pdb	18.154	36.404	0	17.585
swarm_37_122.pdb	18.173	48.073	0	17.542
swarm_6_91.pdb	19.456	34.088	0	17.066
swarm_10_74.pdb	15.476	37.866	0	15.641
swarm_5_87.pdb	24.789	44.070	0	15.284
swarm_1_129.pdb	16.229	37.795	0	14.869
swarm_15_133.pdb	23.488	59.243	0	14.467
swarm_8_91.pdb	11.633	56.593	0	14.318
swarm_16_5.pdb	25.218	41.694	0	14.059
swarm_6_79.pdb	19.233	31.085	0	13.815
swarm_43_192.pdb	10.401	31.551	0	13.494
swarm_14_165.pdb	15.864	43.376	0	13.459
swarm_31_57.pdb	14.309	56.782	0.0188679	13.303
swarm_14_53.pdb	20.083	49.649	0	11.436
swarm_37_81.pdb	15.006	43.617	0	7.642
swarm_34_105.pdb	10.938	26.654	0.0188679	7.048
swarm_24_155.pdb	15.283	52.758	0	6.493
swarm_10_189.pdb	9.511	38.053	0.0943396	2.039
