swarm_39_56.pdb	14.512	50.710	0	61.780
swarm_14_120.pdb	13.288	43.554	0	51.510
swarm_15_54.pdb	14.456	49.915	0	48.365
swarm_7_190.pdb	13.451	52.505	0	46.741
swarm_18_36.pdb	9.261	47.334	0.0188679	46.651
swarm_2_122.pdb	12.851	46.483	0	45.985
swarm_27_145.pdb	8.547	39.686	0.113208	45.799
swarm_4_196.pdb	11.224	48.730	0	45.566
swarm_49_19.pdb	8.269	38.290	0.113208	44.397
swarm_30_149.pdb	11.532	47.584	0	43.735
swarm_38_3.pdb	14.393	41.696	0	43.622
swarm_24_6.pdb	13.448	45.983	0	43.390
swarm_21_193.pdb	9.652	43.213	0	40.587
swarm_22_85.pdb	15.253	52.039	0	39.947
swarm_18_123.pdb	11.576	48.801	0	39.595
swarm_35_105.pdb	8.017	37.359	0.113208	39.302
swarm_25_138.pdb	18.812	61.158	0	39.056
swarm_40_171.pdb	10.809	36.042	0.0188679	38.896
swarm_5_106.pdb	12.677	36.796	0	38.761
swarm_36_158.pdb	8.587	36.581	0.0188679	37.717
swarm_9_92.pdb	8.297	38.038	0.113208	37.697
swarm_43_97.pdb	7.182	37.186	0.150943	37.694
swarm_8_164.pdb	15.256	56.715	0	37.308
swarm_34_195.pdb	12.906	47.711	0	37.134
swarm_21_33.pdb	9.785	32.120	0	36.924
swarm_20_29.pdb	8.477	35.579	0	36.701
swarm_51_59.pdb	6.855	10.181	0	36.687
swarm_32_147.pdb	11.674	40.201	0	36.685
swarm_16_184.pdb	15.132	50.959	0	36.658
swarm_44_23.pdb	14.970	48.069	0	36.559
swarm_47_125.pdb	8.261	34.012	0	36.166
swarm_49_44.pdb	7.453	30.403	0.207547	36.022
swarm_30_40.pdb	15.585	53.672	0	35.992
swarm_11_136.pdb	9.278	43.639	0.0377358	35.403
swarm_36_3.pdb	6.809	36.371	0.245283	35.335
swarm_38_169.pdb	15.748	62.699	0	35.286
swarm_41_8.pdb	1.937	4.914	0.490566	35.279
swarm_32_2.pdb	15.980	52.177	0	35.117
swarm_17_31.pdb	8.907	46.943	0.0754717	35.069
swarm_28_16.pdb	13.172	51.617	0	34.949
swarm_4_88.pdb	9.789	45.920	0	34.915
swarm_52_106.pdb	8.489	17.095	0.0377358	34.671
swarm_21_121.pdb	12.920	40.799	0	34.453
swarm_20_138.pdb	8.487	36.544	0.113208	34.403
swarm_46_110.pdb	1.979	6.625	0.490566	34.237
swarm_7_138.pdb	13.228	42.550	0	34.170
swarm_20_122.pdb	13.391	42.292	0	34.160
swarm_32_72.pdb	15.304	53.421	0	34.097
swarm_14_57.pdb	12.975	41.422	0	34.058
swarm_9_148.pdb	7.658	30.553	0.150943	34.041
swarm_14_108.pdb	15.528	36.321	0	34.013
swarm_10_197.pdb	8.769	39.491	0.0943396	33.960
swarm_25_46.pdb	9.364	40.364	0.0754717	33.938
swarm_10_58.pdb	16.656	57.853	0	33.922
swarm_40_15.pdb	18.769	64.244	0	33.873
swarm_11_58.pdb	19.666	68.974	0	33.837
swarm_37_60.pdb	9.471	48.580	0.188679	33.743
swarm_31_31.pdb	16.378	57.561	0	33.429
swarm_11_197.pdb	8.970	50.309	0.132075	33.411
swarm_17_31.pdb	2.654	11.004	0.433962	33.397
swarm_4_116.pdb	13.139	53.192	0	33.308
swarm_47_196.pdb	10.804	38.797	0	33.282
swarm_40_74.pdb	5.924	31.028	0.207547	33.082
swarm_31_194.pdb	13.053	52.644	0	33.053
swarm_33_46.pdb	17.034	59.412	0	32.927
swarm_16_185.pdb	2.200	7.115	0.433962	32.901
swarm_4_60.pdb	9.430	30.271	0.0754717	32.825
swarm_35_138.pdb	7.820	38.301	0	32.681
swarm_24_110.pdb	18.195	58.331	0	32.556
swarm_8_142.pdb	7.503	32.476	0.132075	32.520
swarm_22_102.pdb	7.635	33.001	0	32.469
swarm_28_66.pdb	8.593	49.731	0.132075	32.159
swarm_20_52.pdb	3.225	12.803	0.301887	32.155
swarm_39_68.pdb	14.546	45.439	0	32.074
swarm_29_115.pdb	13.079	42.173	0	32.053
swarm_16_178.pdb	13.700	43.792	0	31.991
swarm_29_106.pdb	12.969	61.608	0	31.849
swarm_2_143.pdb	15.088	50.269	0	31.828
swarm_32_128.pdb	11.921	38.636	0	31.780
swarm_3_153.pdb	8.253	38.352	0.0566038	31.731
swarm_21_90.pdb	9.665	43.557	0.0566038	31.730
swarm_36_126.pdb	3.740	15.136	0.283019	31.710
swarm_9_168.pdb	17.361	64.913	0	31.571
swarm_14_130.pdb	4.493	19.905	0.207547	31.500
swarm_19_171.pdb	7.771	33.052	0.113208	31.440
swarm_30_48.pdb	12.635	47.807	0	31.167
swarm_46_132.pdb	13.878	41.498	0	31.120
swarm_10_82.pdb	8.180	37.155	0.0754717	31.046
swarm_16_1.pdb	3.120	12.070	0.301887	31.017
swarm_24_89.pdb	4.887	21.655	0.226415	30.977
swarm_35_108.pdb	17.883	63.833	0	30.961
swarm_15_85.pdb	14.099	47.846	0	30.874
swarm_49_45.pdb	4.430	23.828	0.188679	30.835
swarm_24_130.pdb	18.203	52.383	0	30.793
swarm_34_124.pdb	6.509	29.496	0.132075	30.715
swarm_42_19.pdb	8.887	45.293	0.0943396	30.596
swarm_35_3.pdb	6.146	26.369	0.0943396	30.474
swarm_15_80.pdb	10.163	46.799	0.0188679	30.455
swarm_42_194.pdb	2.787	8.022	0.339623	30.399
swarm_37_135.pdb	7.897	33.132	0	30.356
swarm_13_15.pdb	8.943	37.608	0.0754717	30.332
swarm_11_12.pdb	19.113	62.692	0	30.237
swarm_0_142.pdb	8.242	35.476	0.0943396	30.222
swarm_39_24.pdb	15.713	56.355	0	29.992
swarm_27_15.pdb	14.313	40.239	0	29.850
swarm_29_183.pdb	6.593	14.679	0.0754717	29.816
swarm_17_56.pdb	18.106	53.864	0	29.704
swarm_9_42.pdb	8.183	31.163	0	29.637
swarm_15_59.pdb	9.068	37.218	0	29.544
swarm_7_30.pdb	4.544	19.861	0.245283	29.427
swarm_30_74.pdb	16.990	61.522	0	29.338
swarm_20_101.pdb	13.049	36.387	0	29.327
swarm_4_7.pdb	12.706	50.538	0	29.305
swarm_21_95.pdb	7.442	37.172	0.188679	29.226
swarm_10_173.pdb	14.341	54.028	0	29.046
swarm_44_132.pdb	7.226	31.778	0.113208	29.032
swarm_7_153.pdb	14.478	45.989	0	28.713
swarm_24_190.pdb	7.884	11.524	0	28.705
swarm_23_168.pdb	16.787	61.487	0	28.664
swarm_21_20.pdb	13.823	47.929	0	28.661
swarm_21_41.pdb	16.494	39.070	0	28.519
swarm_33_135.pdb	6.947	32.988	0.132075	28.422
swarm_36_50.pdb	4.901	25.343	0.283019	28.408
swarm_1_70.pdb	7.470	34.518	0.0188679	28.375
swarm_27_99.pdb	13.279	42.277	0	28.286
swarm_29_98.pdb	15.297	53.043	0	28.282
swarm_7_163.pdb	7.988	36.402	0	28.274
swarm_1_105.pdb	3.520	16.192	0.264151	28.207
swarm_7_28.pdb	4.599	10.065	0.0188679	28.190
swarm_44_187.pdb	12.794	34.919	0	28.095
swarm_1_122.pdb	7.035	14.586	0.0188679	28.076
swarm_28_196.pdb	10.905	49.783	0	28.062
swarm_15_149.pdb	7.551	33.936	0	28.036
swarm_10_186.pdb	3.561	8.764	0.150943	28.023
swarm_22_67.pdb	4.478	19.161	0.245283	27.958
swarm_12_32.pdb	17.411	63.885	0	27.900
swarm_15_164.pdb	14.448	47.630	0	27.758
swarm_13_134.pdb	13.515	56.075	0	27.619
swarm_19_23.pdb	5.994	30.999	0.169811	27.458
swarm_6_43.pdb	14.601	60.091	0	27.370
swarm_31_46.pdb	12.231	59.814	0.0188679	27.332
swarm_18_186.pdb	2.986	12.384	0.301887	27.323
swarm_45_84.pdb	7.864	47.129	0.132075	27.319
swarm_1_185.pdb	13.480	27.153	0	27.265
swarm_6_110.pdb	7.580	33.859	0.0188679	27.262
swarm_14_63.pdb	11.188	37.207	0	27.137
swarm_16_80.pdb	13.705	49.284	0	27.092
swarm_4_186.pdb	4.088	21.895	0.283019	27.076
swarm_11_199.pdb	7.597	32.490	0	26.952
swarm_17_191.pdb	16.478	53.734	0	26.922
swarm_37_17.pdb	17.447	63.419	0	26.836
swarm_30_65.pdb	13.610	44.523	0	26.800
swarm_37_175.pdb	7.718	36.352	0.0754717	26.719
swarm_51_170.pdb	7.005	14.933	0.0188679	26.578
swarm_15_101.pdb	10.864	28.326	0	26.569
swarm_13_158.pdb	8.824	45.222	0.207547	26.494
swarm_44_74.pdb	4.787	22.662	0.207547	26.437
swarm_0_0.pdb	3.230	14.202	0.339623	26.399
swarm_35_26.pdb	19.924	70.146	0	26.389
swarm_40_148.pdb	16.822	61.743	0	26.356
swarm_22_182.pdb	7.189	33.389	0.0754717	26.317
swarm_9_95.pdb	21.124	71.055	0	26.214
swarm_40_180.pdb	9.421	46.575	0.132075	26.107
swarm_32_183.pdb	16.786	42.270	0	25.971
swarm_42_81.pdb	8.273	37.914	0.113208	25.962
swarm_2_143.pdb	3.016	9.900	0.169811	25.901
swarm_20_7.pdb	13.468	35.231	0	25.854
swarm_10_17.pdb	5.227	17.627	0.0943396	25.760
swarm_28_98.pdb	8.661	37.953	0	25.666
swarm_10_39.pdb	2.630	9.380	0.339623	25.664
swarm_22_133.pdb	6.034	18.905	0.0188679	25.564
swarm_10_137.pdb	6.534	26.975	0.113208	25.341
swarm_30_6.pdb	8.897	45.244	0.0377358	25.309
swarm_45_189.pdb	4.494	16.812	0.113208	25.303
swarm_30_125.pdb	7.829	30.953	0.132075	25.270
swarm_9_76.pdb	13.559	29.429	0	25.130
swarm_18_187.pdb	7.675	41.732	0.0754717	25.090
swarm_32_103.pdb	5.905	25.799	0.0943396	25.027
swarm_41_135.pdb	3.609	15.239	0.320755	24.994
swarm_32_30.pdb	10.817	32.847	0	24.848
swarm_44_81.pdb	5.723	25.496	0.169811	24.787
swarm_52_61.pdb	13.503	25.677	0	24.739
swarm_41_166.pdb	9.702	37.630	0	24.668
swarm_40_40.pdb	9.631	41.957	0.0754717	24.578
swarm_8_148.pdb	8.371	43.682	0.169811	24.525
swarm_6_153.pdb	5.228	31.297	0.245283	24.410
swarm_12_57.pdb	6.685	29.998	0.0754717	24.359
swarm_39_111.pdb	6.968	30.841	0.0188679	24.348
swarm_22_153.pdb	9.453	42.867	0.0377358	24.259
swarm_16_84.pdb	4.192	21.596	0.396226	24.179
swarm_22_90.pdb	6.185	27.110	0.0754717	24.145
swarm_18_155.pdb	4.031	14.529	0.150943	24.120
swarm_25_192.pdb	7.315	28.762	0.0754717	24.048
swarm_22_6.pdb	8.368	43.668	0	23.949
swarm_20_118.pdb	4.895	16.418	0.113208	23.905
swarm_15_45.pdb	6.585	33.352	0.0943396	23.800
swarm_12_174.pdb	6.179	23.245	0.0566038	23.737
swarm_29_54.pdb	7.860	35.413	0.0188679	23.734
swarm_25_41.pdb	6.055	29.875	0.188679	23.572
swarm_0_119.pdb	3.855	17.445	0.226415	23.556
swarm_6_198.pdb	4.349	17.379	0.132075	23.529
swarm_44_42.pdb	12.534	33.109	0	23.402
swarm_17_51.pdb	5.674	27.880	0.245283	23.180
swarm_6_102.pdb	6.359	23.259	0.0377358	23.148
swarm_47_4.pdb	6.449	28.472	0.0754717	23.084
swarm_22_104.pdb	15.069	53.012	0	23.023
swarm_3_42.pdb	7.471	46.360	0.188679	22.886
swarm_41_135.pdb	8.620	41.862	0.0377358	22.830
swarm_7_192.pdb	7.883	31.699	0	22.824
swarm_8_173.pdb	6.135	24.785	0.0377358	22.813
swarm_3_93.pdb	5.663	31.274	0.113208	22.795
swarm_43_172.pdb	14.674	29.601	0	22.756
swarm_43_104.pdb	12.455	27.610	0	22.699
swarm_16_183.pdb	7.420	27.995	0.0188679	22.676
swarm_16_185.pdb	5.743	22.930	0.0754717	22.674
swarm_14_146.pdb	14.243	49.171	0	22.617
swarm_7_122.pdb	9.564	29.985	0	22.581
swarm_34_46.pdb	11.182	29.320	0	22.418
swarm_37_155.pdb	8.539	36.559	0	22.343
swarm_1_101.pdb	15.463	26.880	0	22.318
swarm_25_47.pdb	13.149	43.352	0	22.197
swarm_3_33.pdb	9.290	41.553	0.0377358	22.061
swarm_39_89.pdb	6.294	32.305	0.132075	21.946
swarm_12_133.pdb	12.397	59.934	0	21.935
swarm_12_194.pdb	5.170	17.346	0.0377358	21.826
swarm_32_175.pdb	9.787	43.901	0	21.809
swarm_31_53.pdb	12.046	58.279	0.0377358	21.719
swarm_17_194.pdb	20.116	60.294	0	21.701
swarm_42_146.pdb	6.206	33.871	0.132075	21.640
swarm_30_64.pdb	12.336	59.829	0	21.358
swarm_10_176.pdb	14.994	53.386	0	21.326
swarm_5_62.pdb	8.087	32.762	0	21.274
swarm_31_151.pdb	7.353	33.025	0	21.208
swarm_11_25.pdb	9.860	52.041	0.150943	21.164
swarm_29_65.pdb	6.643	22.724	0.0943396	20.887
swarm_49_76.pdb	11.979	26.300	0	20.775
swarm_6_39.pdb	16.134	55.921	0	20.774
swarm_17_199.pdb	8.758	34.782	0	20.570
swarm_43_141.pdb	5.599	21.191	0.0566038	20.514
swarm_33_157.pdb	7.756	44.234	0.0566038	20.343
swarm_15_56.pdb	6.919	31.076	0	20.327
swarm_35_73.pdb	7.152	30.752	0.0188679	20.307
swarm_2_149.pdb	7.562	32.444	0.0188679	20.283
swarm_11_47.pdb	6.177	24.517	0.0377358	20.277
swarm_5_173.pdb	7.549	42.263	0.188679	20.097
swarm_29_103.pdb	7.178	23.586	0.132075	20.043
swarm_1_63.pdb	7.313	34.527	0.0377358	20.015
swarm_1_195.pdb	5.856	32.208	0.132075	19.965
swarm_19_135.pdb	5.374	18.981	0.0754717	19.909
swarm_33_25.pdb	8.806	46.948	0.0188679	19.821
swarm_15_81.pdb	16.326	35.387	0	19.814
swarm_8_7.pdb	12.111	59.489	0.0188679	19.806
swarm_39_117.pdb	13.386	37.544	0	19.716
swarm_19_142.pdb	14.013	35.611	0	19.638
swarm_26_85.pdb	6.811	39.810	0.245283	19.458
swarm_15_9.pdb	11.969	26.866	0	19.429
swarm_51_37.pdb	11.618	21.159	0	19.341
swarm_0_39.pdb	14.283	28.772	0	19.337
swarm_32_96.pdb	7.365	30.204	0.0377358	19.314
swarm_52_31.pdb	5.717	13.453	0.113208	19.293
swarm_10_198.pdb	12.045	21.190	0	19.293
swarm_39_177.pdb	9.114	29.179	0.0377358	19.134
swarm_52_191.pdb	11.705	21.331	0	19.087
swarm_4_61.pdb	12.994	27.410	0	19.056
swarm_9_19.pdb	9.123	44.504	0.0566038	19.049
swarm_23_54.pdb	9.588	49.738	0.0566038	18.997
swarm_5_115.pdb	9.390	40.791	0	18.871
swarm_21_74.pdb	7.752	35.464	0.113208	18.541
swarm_35_131.pdb	8.403	36.237	0	18.525
swarm_18_76.pdb	4.870	15.401	0.0754717	18.516
swarm_42_89.pdb	13.042	23.816	0	18.477
swarm_25_3.pdb	12.472	27.760	0	18.435
swarm_10_169.pdb	3.974	13.875	0.207547	18.403
swarm_27_74.pdb	12.243	61.606	0	18.175
swarm_34_48.pdb	4.845	20.078	0.150943	18.019
swarm_23_113.pdb	12.154	30.170	0	17.877
swarm_38_175.pdb	10.300	42.155	0	17.714
swarm_4_121.pdb	7.215	40.382	0.150943	17.699
swarm_16_3.pdb	4.455	18.282	0.188679	17.637
swarm_35_137.pdb	8.994	39.998	0.0188679	17.509
swarm_2_162.pdb	14.370	29.714	0	17.508
swarm_23_132.pdb	14.871	24.521	0	17.357
swarm_17_157.pdb	10.787	39.422	0	17.313
swarm_44_194.pdb	4.359	20.330	0.264151	17.174
swarm_36_16.pdb	8.029	32.711	0.0566038	17.098
swarm_34_49.pdb	11.864	22.161	0	17.063
swarm_21_80.pdb	9.707	40.571	0	16.992
swarm_34_45.pdb	8.455	30.861	0	16.989
swarm_19_146.pdb	7.949	35.507	0.0566038	16.980
swarm_39_171.pdb	9.268	41.774	0.0188679	16.917
swarm_16_88.pdb	13.033	22.712	0	16.840
swarm_0_143.pdb	23.882	68.738	0	16.721
swarm_15_38.pdb	8.919	37.091	0	16.676
swarm_0_1.pdb	14.415	26.052	0	16.579
swarm_46_162.pdb	6.090	15.192	0.132075	16.460
swarm_32_31.pdb	9.305	41.886	0	16.215
swarm_11_159.pdb	9.973	49.196	0.0377358	15.966
swarm_30_124.pdb	6.710	26.852	0.0188679	15.886
swarm_36_82.pdb	7.755	26.265	0	15.864
swarm_42_138.pdb	10.349	20.246	0	15.539
swarm_20_122.pdb	11.326	38.240	0	15.494
swarm_6_158.pdb	7.101	30.517	0	15.442
swarm_0_133.pdb	11.880	30.360	0	15.431
swarm_5_79.pdb	11.357	33.081	0	15.126
swarm_12_112.pdb	11.501	28.366	0	15.083
swarm_43_136.pdb	14.150	22.052	0	15.035
swarm_1_177.pdb	12.258	34.357	0	14.926
swarm_37_26.pdb	11.178	39.748	0	14.924
swarm_7_21.pdb	7.764	30.023	0	14.782
swarm_23_43.pdb	9.187	22.445	0	14.631
swarm_25_101.pdb	9.987	48.326	0.0377358	14.602
swarm_29_126.pdb	11.559	17.690	0	14.408
swarm_29_38.pdb	12.332	49.239	0	14.407
swarm_10_99.pdb	7.036	28.431	0.150943	14.230
swarm_12_146.pdb	10.702	26.388	0	14.109
swarm_23_43.pdb	14.069	35.286	0	13.474
swarm_10_74.pdb	7.957	20.999	0.0188679	13.453
swarm_44_46.pdb	11.839	33.161	0	13.356
swarm_46_154.pdb	12.083	23.943	0	13.174
swarm_28_127.pdb	11.487	43.001	0	12.514
swarm_39_101.pdb	8.153	30.933	0	11.988
swarm_38_163.pdb	12.641	38.360	0	11.881
swarm_0_101.pdb	11.810	25.180	0	11.757
swarm_41_57.pdb	10.146	17.693	0	11.668
swarm_18_102.pdb	12.721	24.813	0	11.435
swarm_19_183.pdb	14.179	59.733	0	11.199
swarm_0_73.pdb	12.143	32.580	0	11.140
swarm_6_27.pdb	10.677	31.247	0	10.971
swarm_17_128.pdb	12.456	25.521	0	10.918
swarm_20_97.pdb	13.757	38.079	0	10.528
swarm_41_162.pdb	7.696	15.735	0.0377358	10.307
swarm_15_99.pdb	11.880	49.399	0	9.754
swarm_30_94.pdb	12.562	36.129	0	8.708
swarm_4_6.pdb	12.053	38.127	0	8.492
swarm_41_17.pdb	12.282	21.818	0	8.348
swarm_9_192.pdb	13.564	37.769	0	7.948
swarm_41_15.pdb	7.954	15.557	0	6.504
swarm_2_193.pdb	13.897	23.602	0	6.144
swarm_35_126.pdb	11.997	40.481	0	5.752
swarm_6_176.pdb	11.428	35.183	0	4.841
swarm_40_119.pdb	8.418	46.158	0.0188679	4.660
swarm_26_126.pdb	7.245	40.236	0.245283	3.495
swarm_7_196.pdb	11.730	32.138	0	2.910
swarm_2_29.pdb	6.191	13.401	0	0.121
