swarm_11_20.pdb	2.674	5.930	0.487179	38.742
swarm_37_3.pdb	3.286	7.909	0.282051	34.274
swarm_7_15.pdb	2.679	3.965	0.410256	29.158
swarm_31_60.pdb	4.223	10.045	0.0769231	28.673
swarm_0_34.pdb	3.666	9.400	0.282051	28.182
swarm_10_32.pdb	9.797	43.772	0	28.077
swarm_16_64.pdb	14.521	50.657	0	27.600
swarm_27_98.pdb	13.462	53.151	0	27.590
swarm_25_36.pdb	9.548	42.335	0	27.097
swarm_42_46.pdb	5.048	28.225	0.0512821	26.979
swarm_16_171.pdb	12.937	47.846	0	26.593
swarm_8_53.pdb	2.225	7.120	0.512821	26.022
swarm_36_141.pdb	5.491	30.988	0	25.763
swarm_13_114.pdb	2.585	14.920	0.435897	25.703
swarm_43_156.pdb	4.246	11.907	0.25641	24.661
swarm_6_61.pdb	13.886	51.674	0	24.175
swarm_41_15.pdb	3.958	18.996	0.179487	23.930
swarm_13_198.pdb	7.405	28.091	0	23.904
swarm_9_151.pdb	9.498	41.160	0	23.745
swarm_10_190.pdb	14.021	50.569	0	23.448
swarm_31_141.pdb	6.720	14.668	0	23.177
swarm_18_67.pdb	6.903	19.010	0	23.169
swarm_11_103.pdb	5.487	14.489	0.102564	23.075
swarm_23_51.pdb	9.687	48.979	0	22.841
swarm_5_75.pdb	6.645	20.476	0.025641	22.795
swarm_29_132.pdb	13.849	53.323	0	22.622
swarm_19_71.pdb	5.354	21.223	0	22.611
swarm_16_3.pdb	15.882	53.287	0	21.984
swarm_10_26.pdb	12.802	47.754	0	21.923
swarm_32_133.pdb	6.333	33.073	0	21.775
swarm_16_11.pdb	13.322	49.708	0	21.534
swarm_13_69.pdb	5.780	31.904	0	21.175
swarm_8_73.pdb	6.746	15.569	0	21.174
swarm_44_84.pdb	5.267	17.258	0.0512821	21.030
swarm_2_28.pdb	6.523	20.662	0.0512821	20.771
swarm_30_168.pdb	6.257	13.945	0.025641	20.375
swarm_7_54.pdb	6.676	16.776	0.025641	20.359
swarm_34_181.pdb	9.710	48.771	0	19.483
swarm_26_119.pdb	13.722	47.330	0	19.266
swarm_40_61.pdb	6.224	20.510	0	19.103
swarm_30_132.pdb	10.704	24.626	0	18.892
swarm_21_4.pdb	9.434	44.373	0	18.808
swarm_8_122.pdb	5.505	20.023	0.0769231	18.765
swarm_37_28.pdb	5.043	12.974	0.153846	18.472
swarm_22_57.pdb	9.897	44.943	0	18.083
swarm_40_59.pdb	8.378	30.578	0	18.020
swarm_8_191.pdb	8.897	18.285	0	17.876
swarm_18_115.pdb	4.672	10.958	0.0769231	17.181
swarm_38_54.pdb	5.862	18.652	0	16.835
swarm_2_45.pdb	7.777	25.070	0	16.711
swarm_30_63.pdb	8.675	28.765	0	16.578
swarm_3_139.pdb	10.409	29.026	0	16.201
swarm_40_47.pdb	5.378	16.100	0.102564	15.884
swarm_40_37.pdb	7.838	26.340	0	15.852
swarm_25_79.pdb	9.106	40.871	0	15.777
swarm_3_4.pdb	9.661	38.290	0	15.696
swarm_12_103.pdb	8.351	35.083	0	15.189
swarm_31_8.pdb	10.817	18.120	0	15.065
swarm_17_136.pdb	14.589	46.011	0	14.786
swarm_12_120.pdb	10.327	28.824	0	14.652
swarm_44_101.pdb	6.112	17.752	0.0769231	14.542
swarm_22_88.pdb	9.941	42.232	0	14.097
swarm_24_78.pdb	11.768	35.571	0	13.604
swarm_42_80.pdb	8.057	34.999	0	13.205
swarm_10_151.pdb	8.676	43.597	0	12.955
swarm_3_1.pdb	9.911	29.671	0	12.788
swarm_35_121.pdb	9.865	31.892	0	12.734
swarm_27_83.pdb	12.180	46.740	0	12.676
swarm_20_39.pdb	10.624	34.597	0	11.768
swarm_26_55.pdb	12.807	38.416	0	9.886
swarm_36_152.pdb	6.611	22.143	0	9.002
swarm_14_118.pdb	7.511	28.289	0	8.058
swarm_27_63.pdb	20.468	64.827	0	7.982
