swarm_5_172.pdb	9.013	14.336	0	49.218
swarm_25_78.pdb	4.337	11.315	0.128205	47.066
swarm_20_190.pdb	9.317	17.373	0	46.779
swarm_5_182.pdb	1.768	9.395	0.717949	43.872
swarm_0_172.pdb	9.499	19.910	0	42.235
swarm_16_101.pdb	9.424	29.097	0	42.082
swarm_25_173.pdb	9.987	27.793	0	42.042
swarm_18_65.pdb	11.144	26.129	0	41.472
swarm_19_59.pdb	11.153	29.708	0	41.018
swarm_13_105.pdb	3.937	15.167	0.25641	40.257
swarm_10_54.pdb	10.556	26.000	0	38.947
swarm_20_127.pdb	8.806	21.336	0	37.750
swarm_3_30.pdb	4.935	16.287	0.128205	37.421
swarm_2_55.pdb	9.605	36.932	0	36.829
swarm_15_177.pdb	7.229	33.580	0	36.623
swarm_7_173.pdb	4.738	9.253	0.102564	36.144
swarm_6_197.pdb	8.849	40.155	0	35.894
swarm_14_33.pdb	6.013	30.698	0.307692	35.783
swarm_8_45.pdb	10.108	28.706	0	35.765
swarm_7_196.pdb	6.801	20.876	0.025641	35.242
swarm_3_47.pdb	9.725	25.979	0	35.020
swarm_0_20.pdb	9.333	13.349	0	34.958
swarm_20_181.pdb	4.510	10.542	0.102564	34.699
swarm_5_165.pdb	4.931	21.105	0.205128	33.545
swarm_1_156.pdb	9.516	37.831	0	33.406
swarm_13_82.pdb	10.520	22.777	0	33.375
swarm_26_39.pdb	5.453	14.361	0.102564	32.396
swarm_6_53.pdb	9.130	31.110	0	32.018
swarm_26_1.pdb	3.387	8.160	0.410256	31.821
swarm_4_63.pdb	7.760	22.630	0	31.608
swarm_17_175.pdb	8.592	32.421	0	30.459
swarm_19_115.pdb	15.700	42.309	0	30.361
swarm_18_188.pdb	9.491	15.685	0	30.292
swarm_7_148.pdb	8.296	22.507	0	29.934
swarm_14_0.pdb	9.522	34.823	0	29.892
swarm_11_50.pdb	8.589	32.971	0	29.521
swarm_25_84.pdb	4.199	20.200	0.25641	29.267
swarm_19_100.pdb	12.883	39.906	0	29.083
swarm_10_151.pdb	9.208	36.166	0	28.791
swarm_14_67.pdb	5.367	27.392	0.205128	28.593
swarm_5_76.pdb	6.075	19.621	0	26.991
swarm_8_172.pdb	4.593	22.629	0.25641	26.880
swarm_2_137.pdb	9.867	25.806	0	26.682
swarm_4_13.pdb	2.712	15.117	0.435897	26.645
swarm_15_157.pdb	7.201	39.324	0	25.860
swarm_15_66.pdb	10.243	37.017	0	25.666
swarm_14_41.pdb	9.389	28.054	0	25.632
swarm_13_148.pdb	7.066	29.280	0.025641	25.375
swarm_2_40.pdb	6.858	26.275	0	24.553
swarm_22_61.pdb	8.634	36.720	0	24.479
swarm_24_87.pdb	9.254	42.223	0	24.407
swarm_4_7.pdb	7.744	24.504	0	24.392
swarm_6_58.pdb	6.226	28.343	0.025641	23.153
swarm_17_131.pdb	13.115	39.720	0	22.949
swarm_3_87.pdb	9.965	23.722	0	22.746
swarm_6_196.pdb	9.207	40.625	0	21.991
swarm_27_160.pdb	8.462	34.233	0.282051	21.645
swarm_15_11.pdb	7.859	33.856	0	19.563
swarm_1_99.pdb	6.036	33.568	0.0769231	19.070
swarm_19_85.pdb	14.035	49.361	0	18.835
swarm_11_85.pdb	10.385	37.523	0	18.766
swarm_26_54.pdb	8.412	26.984	0	18.752
swarm_24_98.pdb	7.246	38.669	0.025641	17.805
swarm_2_60.pdb	13.254	39.895	0	17.208
swarm_12_86.pdb	9.461	29.932	0.179487	17.134
swarm_15_77.pdb	4.455	23.938	0.128205	17.083
swarm_5_188.pdb	8.014	16.249	0	16.909
swarm_24_9.pdb	8.353	35.914	0.179487	16.631
swarm_1_104.pdb	10.803	45.338	0	16.151
swarm_15_18.pdb	9.132	41.397	0	13.905
swarm_11_151.pdb	12.056	46.650	0	12.510
swarm_11_197.pdb	6.423	31.769	0.0512821	6.760
