swarm_13_60.pdb	12.399	32.213	0	34.207
swarm_5_110.pdb	16.035	43.007	0.025641	32.950
swarm_36_54.pdb	13.254	31.601	0	32.521
swarm_7_198.pdb	11.521	34.317	0.025641	32.359
swarm_7_106.pdb	6.364	37.934	0.0769231	32.102
swarm_38_119.pdb	13.823	30.347	0	32.063
swarm_31_90.pdb	12.399	26.221	0.025641	31.919
swarm_40_42.pdb	13.825	42.791	0.025641	31.749
swarm_1_195.pdb	7.933	37.487	0	31.683
swarm_31_13.pdb	15.484	52.189	0	31.359
swarm_17_70.pdb	10.709	37.459	0.025641	31.329
swarm_18_125.pdb	12.320	49.333	0.0512821	31.166
swarm_6_68.pdb	15.188	30.819	0	30.942
swarm_12_20.pdb	12.130	43.240	0.0769231	30.816
swarm_17_177.pdb	14.659	27.989	0	30.483
swarm_17_49.pdb	12.610	40.116	0	30.293
swarm_17_131.pdb	14.587	39.485	0	30.260
swarm_21_135.pdb	13.735	30.971	0	30.252
swarm_38_15.pdb	14.438	41.959	0	29.990
swarm_35_127.pdb	12.710	24.664	0	29.989
swarm_11_143.pdb	14.980	26.242	0	29.895
swarm_12_37.pdb	15.409	43.623	0	29.639
swarm_1_11.pdb	10.077	49.367	0	29.600
swarm_27_72.pdb	16.739	37.648	0.025641	29.449
swarm_34_34.pdb	10.559	47.883	0	29.436
swarm_18_194.pdb	14.808	32.904	0	29.091
swarm_13_135.pdb	11.067	20.655	0	29.068
swarm_42_151.pdb	18.538	48.629	0	28.930
swarm_13_186.pdb	11.489	34.281	0	28.871
swarm_25_71.pdb	10.837	37.886	0.128205	28.325
swarm_3_102.pdb	17.012	41.962	0	28.306
swarm_18_105.pdb	12.339	33.770	0.205128	28.298
swarm_11_49.pdb	13.848	25.189	0	28.295
swarm_6_11.pdb	13.566	32.450	0	28.082
swarm_10_159.pdb	16.901	53.217	0	27.970
swarm_24_146.pdb	9.922	36.052	0	27.950
swarm_8_147.pdb	13.950	52.441	0	27.703
swarm_40_94.pdb	17.628	39.642	0.025641	27.703
swarm_37_97.pdb	17.102	42.724	0	27.536
swarm_18_196.pdb	14.111	34.614	0	27.534
swarm_42_163.pdb	17.725	47.560	0	27.529
swarm_31_41.pdb	13.311	26.281	0	27.506
swarm_22_63.pdb	11.673	45.238	0	27.408
swarm_5_12.pdb	18.621	47.238	0	27.383
swarm_36_124.pdb	12.156	30.355	0	27.320
swarm_22_161.pdb	14.521	48.444	0.0769231	27.306
swarm_16_158.pdb	11.588	32.530	0	27.229
swarm_11_171.pdb	13.702	21.361	0	27.184
swarm_24_157.pdb	13.795	46.966	0	27.066
swarm_10_125.pdb	13.301	38.217	0	27.055
swarm_5_177.pdb	9.154	23.623	0.0769231	26.994
swarm_1_172.pdb	14.992	38.814	0	26.943
swarm_37_71.pdb	16.215	36.503	0	26.933
swarm_10_19.pdb	16.630	42.491	0	26.797
swarm_29_190.pdb	20.792	52.829	0	26.772
swarm_36_4.pdb	15.834	27.903	0	26.762
swarm_18_93.pdb	10.566	39.305	0	26.723
swarm_14_47.pdb	16.795	51.284	0	26.644
swarm_34_134.pdb	16.613	51.419	0	26.629
swarm_39_46.pdb	16.323	45.498	0	26.497
swarm_20_72.pdb	11.760	31.819	0	26.477
swarm_16_116.pdb	13.513	40.083	0	26.438
swarm_19_56.pdb	16.664	37.350	0	26.297
swarm_7_32.pdb	15.329	47.355	0	26.284
swarm_21_63.pdb	10.271	30.140	0	26.267
swarm_28_154.pdb	15.162	37.248	0	26.239
swarm_25_159.pdb	9.988	42.475	0	26.190
swarm_28_95.pdb	19.463	38.578	0	26.126
swarm_19_110.pdb	16.958	43.070	0	26.103
swarm_15_159.pdb	17.337	32.166	0	26.095
swarm_31_36.pdb	20.603	47.678	0	26.034
swarm_8_108.pdb	13.565	29.284	0	26.021
swarm_24_23.pdb	15.266	42.807	0	25.981
swarm_28_24.pdb	17.717	37.164	0	25.963
swarm_16_50.pdb	13.375	48.471	0	25.959
swarm_24_121.pdb	17.111	43.865	0	25.953
swarm_13_186.pdb	12.172	33.259	0	25.926
swarm_1_43.pdb	15.252	43.314	0	25.838
swarm_18_130.pdb	10.184	22.997	0	25.807
swarm_6_141.pdb	14.754	33.601	0	25.710
swarm_37_96.pdb	15.624	36.060	0	25.703
swarm_8_48.pdb	15.517	31.037	0	25.658
swarm_10_56.pdb	16.142	45.662	0	25.563
swarm_39_106.pdb	18.814	44.656	0	25.468
swarm_15_45.pdb	13.669	42.557	0.025641	25.457
swarm_1_17.pdb	13.677	46.786	0	25.430
swarm_18_92.pdb	9.421	29.468	0.0769231	25.402
swarm_42_9.pdb	17.905	52.585	0.0769231	25.395
swarm_17_126.pdb	12.432	31.863	0	25.389
swarm_36_71.pdb	17.307	33.642	0	25.374
swarm_19_122.pdb	11.548	44.586	0	25.170
swarm_18_105.pdb	13.607	35.540	0	25.079
swarm_20_83.pdb	17.399	32.186	0	25.078
swarm_14_180.pdb	12.350	31.184	0	25.065
swarm_36_77.pdb	19.029	36.346	0	24.993
swarm_37_91.pdb	14.907	33.993	0	24.956
swarm_18_83.pdb	13.333	23.921	0	24.956
swarm_29_53.pdb	15.691	30.984	0	24.885
swarm_25_75.pdb	15.646	46.890	0	24.873
swarm_28_130.pdb	18.433	44.587	0.025641	24.853
swarm_22_134.pdb	16.595	50.713	0	24.852
swarm_9_128.pdb	16.525	45.016	0	24.850
swarm_0_105.pdb	17.217	29.108	0	24.790
swarm_4_76.pdb	11.958	34.737	0	24.779
swarm_10_159.pdb	7.595	41.030	0.0512821	24.730
swarm_23_185.pdb	16.222	50.649	0	24.690
swarm_40_93.pdb	19.662	42.742	0	24.687
swarm_25_59.pdb	15.685	45.683	0	24.682
swarm_0_34.pdb	10.390	21.115	0	24.672
swarm_0_107.pdb	16.174	26.351	0	24.590
swarm_20_188.pdb	7.515	19.423	0	24.517
swarm_37_138.pdb	13.225	22.094	0	24.466
swarm_29_72.pdb	20.285	53.611	0	24.457
swarm_17_111.pdb	14.364	35.825	0	24.451
swarm_1_196.pdb	15.426	45.740	0	24.393
swarm_12_3.pdb	14.255	45.104	0	24.371
swarm_18_187.pdb	14.995	53.868	0	24.344
swarm_25_23.pdb	15.176	50.682	0.0512821	24.307
swarm_13_100.pdb	13.206	28.208	0	24.302
swarm_28_140.pdb	20.669	44.181	0	24.146
swarm_16_39.pdb	13.598	54.560	0.0512821	24.094
swarm_37_18.pdb	10.095	40.275	0.025641	24.035
swarm_20_71.pdb	16.777	37.440	0	24.032
swarm_19_51.pdb	21.163	56.332	0	24.031
swarm_11_150.pdb	12.389	33.414	0	23.944
swarm_5_128.pdb	11.746	29.908	0	23.842
swarm_4_113.pdb	8.422	46.995	0.0512821	23.835
swarm_18_72.pdb	11.873	40.739	0.025641	23.807
swarm_36_171.pdb	12.412	28.451	0.0512821	23.803
swarm_38_74.pdb	10.181	17.779	0	23.645
swarm_0_128.pdb	10.554	21.032	0	23.557
swarm_41_183.pdb	20.476	53.699	0	23.554
swarm_40_99.pdb	14.101	35.958	0	23.538
swarm_23_174.pdb	15.844	53.367	0	23.515
swarm_10_27.pdb	14.431	40.933	0	23.470
swarm_10_129.pdb	11.081	48.237	0.025641	23.465
swarm_10_105.pdb	15.684	39.107	0	23.432
swarm_32_101.pdb	16.803	38.708	0	23.415
swarm_22_8.pdb	17.509	44.644	0	23.398
swarm_19_76.pdb	16.598	54.248	0.0512821	23.389
swarm_5_135.pdb	13.209	27.390	0.025641	23.380
swarm_7_72.pdb	19.656	49.645	0	23.358
swarm_43_69.pdb	15.187	25.251	0	23.343
swarm_3_36.pdb	14.579	32.290	0	23.331
swarm_38_168.pdb	13.351	38.355	0	23.199
swarm_22_100.pdb	18.007	43.094	0	23.155
swarm_5_69.pdb	11.672	27.756	0	23.126
swarm_28_46.pdb	18.320	48.153	0	23.092
swarm_6_3.pdb	12.898	36.660	0	23.081
swarm_19_179.pdb	16.878	35.712	0	23.063
swarm_36_159.pdb	6.179	21.469	0.0769231	23.038
swarm_18_176.pdb	13.109	25.211	0	23.006
swarm_24_167.pdb	14.976	39.928	0	22.924
swarm_8_138.pdb	12.964	26.265	0	22.920
swarm_0_39.pdb	13.515	23.535	0	22.909
swarm_22_185.pdb	17.571	46.678	0	22.906
swarm_0_196.pdb	15.757	24.702	0	22.880
swarm_36_186.pdb	11.485	24.281	0	22.858
swarm_28_65.pdb	16.534	41.024	0	22.817
swarm_17_130.pdb	13.438	39.127	0.0769231	22.794
swarm_21_54.pdb	10.032	21.071	0	22.773
swarm_35_62.pdb	15.346	45.094	0	22.756
swarm_35_130.pdb	14.841	35.920	0	22.749
swarm_3_136.pdb	16.445	39.294	0	22.644
swarm_11_75.pdb	12.134	30.312	0	22.630
swarm_39_115.pdb	13.608	41.204	0	22.627
swarm_18_193.pdb	17.065	39.764	0	22.620
swarm_10_168.pdb	13.001	30.275	0	22.576
swarm_5_158.pdb	12.168	22.276	0	22.568
swarm_31_55.pdb	12.460	24.032	0	22.549
swarm_8_77.pdb	13.807	28.384	0	22.545
swarm_4_26.pdb	13.393	31.523	0	22.523
swarm_15_111.pdb	15.629	36.360	0	22.518
swarm_11_71.pdb	15.335	32.011	0	22.491
swarm_6_0.pdb	12.575	32.693	0	22.456
swarm_6_152.pdb	9.201	30.558	0.025641	22.437
swarm_19_14.pdb	16.802	43.847	0	22.419
swarm_36_162.pdb	16.384	37.319	0	22.398
swarm_9_113.pdb	16.565	42.503	0	22.395
swarm_43_172.pdb	21.254	49.654	0	22.393
swarm_26_141.pdb	17.242	44.852	0	22.364
swarm_38_88.pdb	14.618	36.421	0	22.355
swarm_22_12.pdb	13.805	36.830	0	22.348
swarm_13_194.pdb	14.489	32.540	0	22.344
swarm_5_154.pdb	12.749	26.509	0	22.343
swarm_21_25.pdb	12.620	31.505	0.025641	22.335
swarm_8_1.pdb	15.797	32.697	0	22.330
swarm_22_116.pdb	12.222	44.668	0.0512821	22.310
swarm_4_4.pdb	15.081	36.674	0	22.291
swarm_33_170.pdb	19.742	48.966	0	22.291
swarm_24_139.pdb	12.174	39.887	0	22.281
swarm_18_117.pdb	11.582	22.987	0	22.277
swarm_24_150.pdb	17.004	51.449	0	22.258
swarm_31_56.pdb	14.140	26.319	0.025641	22.251
swarm_31_48.pdb	12.879	31.145	0	22.197
swarm_33_115.pdb	14.727	22.057	0	22.190
swarm_25_16.pdb	15.994	42.658	0	22.186
swarm_36_46.pdb	12.357	43.558	0	22.135
swarm_28_82.pdb	12.913	43.933	0	22.103
swarm_13_107.pdb	6.174	26.182	0.128205	22.044
swarm_45_178.pdb	10.333	33.677	0	22.035
swarm_6_154.pdb	9.732	31.213	0.0769231	21.982
swarm_38_50.pdb	7.827	22.781	0.025641	21.980
swarm_24_131.pdb	9.467	45.050	0	21.936
swarm_7_195.pdb	18.409	52.062	0	21.920
swarm_15_149.pdb	9.218	39.059	0.102564	21.917
swarm_11_172.pdb	9.459	26.600	0	21.915
swarm_19_67.pdb	12.719	26.557	0	21.893
swarm_29_60.pdb	13.491	38.313	0.025641	21.856
swarm_36_79.pdb	10.218	29.248	0	21.844
swarm_25_100.pdb	13.386	43.708	0	21.801
swarm_1_163.pdb	15.274	40.284	0	21.782
swarm_28_119.pdb	14.570	49.149	0	21.736
swarm_3_86.pdb	14.308	39.763	0	21.708
swarm_42_33.pdb	17.930	45.571	0	21.657
swarm_27_196.pdb	16.710	39.046	0	21.643
swarm_10_48.pdb	13.882	41.776	0.102564	21.626
swarm_22_187.pdb	18.257	49.602	0	21.618
swarm_1_41.pdb	12.608	38.711	0	21.603
swarm_27_188.pdb	13.171	40.150	0	21.602
swarm_40_183.pdb	15.223	35.382	0	21.562
swarm_18_133.pdb	13.499	25.423	0	21.538
swarm_13_168.pdb	12.648	30.607	0	21.534
swarm_10_97.pdb	14.804	35.228	0	21.534
swarm_24_192.pdb	7.535	39.045	0.025641	21.523
swarm_18_6.pdb	15.941	38.343	0	21.498
swarm_21_166.pdb	13.033	27.423	0	21.465
swarm_26_65.pdb	16.670	48.604	0	21.464
swarm_35_128.pdb	9.737	26.267	0.0512821	21.446
swarm_29_39.pdb	15.049	29.808	0	21.412
swarm_19_82.pdb	20.193	53.525	0	21.411
swarm_22_28.pdb	15.224	40.169	0	21.381
swarm_37_178.pdb	13.567	42.708	0	21.371
swarm_40_89.pdb	14.381	25.751	0	21.314
swarm_4_97.pdb	13.337	37.860	0	21.303
swarm_31_179.pdb	21.186	44.821	0	21.296
swarm_13_127.pdb	10.210	28.830	0.025641	21.233
swarm_18_8.pdb	20.134	53.033	0	21.195
swarm_19_95.pdb	15.028	48.756	0	21.179
swarm_18_142.pdb	13.913	26.461	0	21.171
swarm_11_78.pdb	17.317	44.123	0	21.120
swarm_7_34.pdb	13.144	31.632	0	21.052
swarm_25_73.pdb	13.925	36.011	0	21.034
swarm_45_4.pdb	15.532	39.652	0	20.987
swarm_9_135.pdb	14.387	38.402	0	20.961
swarm_38_59.pdb	14.500	28.781	0.025641	20.922
swarm_4_188.pdb	19.220	44.161	0	20.903
swarm_6_146.pdb	8.841	24.500	0	20.896
swarm_11_40.pdb	17.044	39.148	0	20.852
swarm_3_188.pdb	17.735	43.670	0	20.787
swarm_16_115.pdb	14.562	35.213	0	20.776
swarm_23_197.pdb	12.527	47.662	0.0769231	20.753
swarm_12_179.pdb	15.703	51.076	0	20.706
swarm_41_162.pdb	12.294	31.494	0	20.689
swarm_15_147.pdb	17.713	55.533	0	20.639
swarm_33_132.pdb	18.507	51.515	0	20.581
swarm_28_167.pdb	16.288	46.119	0	20.558
swarm_25_25.pdb	14.167	46.246	0	20.536
swarm_31_92.pdb	20.474	52.121	0	20.523
swarm_1_61.pdb	13.818	48.822	0.025641	20.513
swarm_26_173.pdb	18.883	46.540	0	20.479
swarm_38_97.pdb	15.132	27.450	0	20.470
swarm_6_21.pdb	18.096	46.216	0	20.428
swarm_41_57.pdb	20.992	46.378	0	20.423
swarm_38_149.pdb	13.306	26.098	0	20.403
swarm_42_178.pdb	8.681	42.545	0.0769231	20.401
swarm_3_54.pdb	13.845	41.344	0	20.357
swarm_25_146.pdb	13.015	46.234	0	20.337
swarm_13_100.pdb	10.682	25.132	0	20.334
swarm_39_69.pdb	18.070	45.271	0	20.327
swarm_23_53.pdb	16.597	37.233	0.025641	20.327
swarm_14_162.pdb	13.383	34.430	0	20.315
swarm_29_72.pdb	14.882	49.682	0.102564	20.250
swarm_18_11.pdb	16.743	39.940	0	20.236
swarm_3_146.pdb	14.388	39.506	0	20.208
swarm_1_2.pdb	15.826	47.460	0	20.204
swarm_4_12.pdb	11.349	23.521	0	20.201
swarm_18_41.pdb	17.587	37.708	0	20.180
swarm_36_102.pdb	15.188	30.736	0.025641	20.161
swarm_26_80.pdb	15.407	37.800	0	20.161
swarm_3_35.pdb	14.613	41.497	0	20.123
swarm_12_182.pdb	11.472	35.006	0.025641	20.105
swarm_8_90.pdb	12.759	21.893	0	20.084
swarm_39_116.pdb	14.989	43.294	0	20.073
swarm_28_87.pdb	12.188	35.578	0	20.063
swarm_0_36.pdb	11.783	36.678	0	20.051
swarm_33_72.pdb	22.131	51.165	0	19.959
swarm_6_49.pdb	14.086	35.379	0	19.904
swarm_8_159.pdb	12.345	30.823	0	19.896
swarm_20_164.pdb	16.231	36.003	0	19.870
swarm_16_185.pdb	11.269	33.250	0	19.801
swarm_17_137.pdb	14.530	27.184	0	19.791
swarm_25_144.pdb	12.330	48.405	0	19.766
swarm_28_73.pdb	16.044	47.629	0	19.760
swarm_4_46.pdb	13.011	27.092	0	19.748
swarm_3_4.pdb	14.353	31.525	0	19.742
swarm_5_27.pdb	13.236	30.065	0	19.695
swarm_17_190.pdb	13.925	34.890	0.0512821	19.676
swarm_20_4.pdb	15.540	34.543	0	19.675
swarm_42_160.pdb	14.823	50.817	0.025641	19.650
swarm_35_159.pdb	15.019	47.118	0	19.644
swarm_16_82.pdb	13.726	40.786	0	19.634
swarm_5_44.pdb	15.515	49.683	0	19.581
swarm_24_133.pdb	10.439	29.411	0	19.573
swarm_15_144.pdb	17.992	41.433	0	19.563
swarm_28_6.pdb	19.044	50.440	0	19.516
swarm_41_11.pdb	13.854	31.599	0	19.498
swarm_19_65.pdb	15.276	49.882	0	19.483
swarm_18_169.pdb	16.418	36.694	0	19.468
swarm_23_5.pdb	16.789	47.611	0	19.439
swarm_23_66.pdb	18.583	53.631	0	19.393
swarm_26_15.pdb	18.155	44.295	0	19.374
swarm_9_144.pdb	14.263	43.928	0	19.301
swarm_4_107.pdb	17.070	50.145	0	19.284
swarm_33_93.pdb	15.186	41.681	0	19.241
swarm_16_66.pdb	14.101	32.861	0	19.232
swarm_16_47.pdb	13.259	33.083	0	19.197
swarm_16_112.pdb	15.797	36.332	0	19.177
swarm_27_47.pdb	18.200	41.876	0	19.129
swarm_32_98.pdb	15.307	46.630	0	19.110
swarm_2_55.pdb	13.910	26.638	0	19.081
swarm_23_0.pdb	15.812	45.792	0	19.042
swarm_12_12.pdb	14.578	40.515	0	19.017
swarm_0_10.pdb	8.300	14.212	0	19.010
swarm_44_164.pdb	15.617	28.142	0	18.999
swarm_2_33.pdb	13.794	30.284	0	18.996
swarm_7_4.pdb	15.417	29.049	0.025641	18.961
swarm_45_199.pdb	13.840	44.672	0	18.904
swarm_47_196.pdb	12.966	30.459	0	18.901
swarm_4_110.pdb	11.778	46.325	0	18.836
swarm_27_163.pdb	17.820	47.640	0	18.824
swarm_29_129.pdb	23.790	54.653	0	18.818
swarm_36_98.pdb	13.336	32.904	0	18.816
swarm_12_78.pdb	13.141	37.436	0	18.816
swarm_10_59.pdb	20.348	44.243	0	18.801
swarm_38_71.pdb	8.704	24.106	0.0512821	18.800
swarm_45_33.pdb	14.716	39.607	0.0769231	18.726
swarm_18_16.pdb	17.126	35.439	0	18.721
swarm_23_188.pdb	15.653	52.802	0.025641	18.673
swarm_12_176.pdb	14.648	39.944	0	18.649
swarm_26_110.pdb	14.904	48.738	0	18.631
swarm_27_114.pdb	16.866	39.545	0	18.602
swarm_22_127.pdb	16.720	49.241	0	18.592
swarm_42_41.pdb	18.460	43.233	0	18.566
swarm_10_91.pdb	14.740	45.995	0	18.484
swarm_7_23.pdb	13.941	44.245	0	18.478
swarm_9_81.pdb	15.903	46.721	0	18.434
swarm_10_13.pdb	16.473	41.378	0	18.390
swarm_4_134.pdb	8.694	29.861	0.128205	18.376
swarm_29_12.pdb	13.854	45.096	0	18.364
swarm_45_81.pdb	13.806	44.905	0	18.313
swarm_3_78.pdb	15.394	38.421	0	18.288
swarm_21_122.pdb	15.166	32.049	0	18.090
swarm_10_16.pdb	16.753	44.473	0	18.082
swarm_43_194.pdb	14.470	25.601	0	18.069
swarm_17_39.pdb	12.688	35.531	0	18.065
swarm_9_163.pdb	14.965	44.763	0	18.044
swarm_29_92.pdb	11.886	30.883	0	18.033
swarm_27_87.pdb	19.041	33.112	0	18.007
swarm_47_16.pdb	18.364	35.877	0	17.998
swarm_26_19.pdb	15.088	48.026	0	17.986
swarm_33_125.pdb	18.035	47.221	0	17.966
swarm_8_46.pdb	21.019	49.854	0	17.965
swarm_7_10.pdb	14.606	39.134	0	17.948
swarm_40_28.pdb	15.709	36.820	0	17.888
swarm_41_94.pdb	12.827	29.480	0	17.832
swarm_16_28.pdb	13.777	30.840	0	17.785
swarm_17_117.pdb	13.927	28.638	0	17.768
swarm_36_101.pdb	12.413	27.160	0.025641	17.725
swarm_2_195.pdb	19.733	40.067	0	17.713
swarm_7_110.pdb	8.327	31.973	0	17.690
swarm_23_72.pdb	15.763	31.656	0	17.595
swarm_11_197.pdb	15.704	25.588	0	17.587
swarm_27_72.pdb	17.943	43.985	0	17.539
swarm_25_112.pdb	15.055	44.974	0	17.519
swarm_29_149.pdb	19.773	52.939	0	17.480
swarm_4_159.pdb	14.062	35.009	0	17.441
swarm_16_10.pdb	15.380	41.640	0	17.431
swarm_6_196.pdb	14.113	34.264	0	17.391
swarm_9_172.pdb	16.062	44.350	0	17.367
swarm_9_19.pdb	12.674	41.594	0	17.365
swarm_2_50.pdb	13.684	30.268	0	17.322
swarm_7_98.pdb	17.329	52.525	0	17.278
swarm_22_177.pdb	14.903	46.477	0	17.224
swarm_24_192.pdb	15.948	48.517	0.025641	17.142
swarm_10_24.pdb	10.814	39.357	0	17.069
swarm_36_151.pdb	14.935	36.235	0	17.035
swarm_17_67.pdb	15.331	40.119	0	17.014
swarm_25_7.pdb	20.394	44.249	0	16.995
swarm_5_58.pdb	16.618	40.631	0	16.975
swarm_3_7.pdb	15.523	41.825	0	16.888
swarm_13_140.pdb	13.389	25.718	0	16.867
swarm_35_124.pdb	17.537	48.567	0	16.784
swarm_12_2.pdb	17.235	38.546	0	16.744
swarm_19_85.pdb	19.089	54.455	0	16.585
swarm_28_3.pdb	20.342	47.575	0	16.559
swarm_3_56.pdb	16.850	42.754	0	16.447
swarm_3_161.pdb	15.900	34.848	0	16.402
swarm_7_8.pdb	14.737	24.270	0	16.399
swarm_9_2.pdb	16.679	41.283	0	16.339
swarm_44_126.pdb	13.035	32.823	0	16.308
swarm_10_182.pdb	17.525	46.229	0	16.305
swarm_25_135.pdb	14.882	38.785	0	16.273
swarm_27_145.pdb	18.873	37.190	0	16.249
swarm_9_178.pdb	18.148	41.451	0	16.239
swarm_25_107.pdb	17.016	38.116	0	16.094
swarm_13_189.pdb	19.839	40.733	0	15.937
swarm_44_157.pdb	13.420	30.365	0	15.750
swarm_15_156.pdb	16.598	33.439	0	15.742
swarm_44_43.pdb	12.113	28.978	0	15.730
swarm_18_168.pdb	10.092	20.061	0	15.715
swarm_45_197.pdb	17.594	41.354	0	15.662
swarm_28_125.pdb	15.684	39.240	0	15.655
swarm_24_82.pdb	18.738	45.368	0	15.596
swarm_23_56.pdb	17.497	48.938	0	15.558
swarm_44_136.pdb	15.178	31.140	0.025641	15.533
swarm_39_163.pdb	19.198	51.563	0	15.495
swarm_25_52.pdb	18.083	39.873	0	15.492
swarm_25_126.pdb	17.849	41.874	0	15.468
swarm_29_93.pdb	19.719	46.956	0	15.434
swarm_18_27.pdb	12.301	23.294	0	15.408
swarm_9_29.pdb	15.491	43.397	0	15.401
swarm_48_196.pdb	14.806	35.294	0	15.342
swarm_10_7.pdb	16.350	42.346	0	15.332
swarm_44_6.pdb	17.233	37.235	0	15.299
swarm_42_2.pdb	15.416	35.419	0	15.266
swarm_12_195.pdb	11.542	32.446	0	15.227
swarm_30_134.pdb	16.178	30.368	0	15.201
swarm_9_53.pdb	18.435	46.402	0	15.152
swarm_3_115.pdb	18.904	42.807	0	15.111
swarm_7_105.pdb	17.602	27.560	0	15.074
swarm_7_146.pdb	16.363	27.265	0	14.995
swarm_33_131.pdb	20.303	44.439	0	14.984
swarm_6_85.pdb	19.862	51.642	0	14.978
swarm_12_177.pdb	10.718	41.215	0	14.800
swarm_23_186.pdb	15.541	36.683	0	14.732
swarm_4_147.pdb	13.441	28.860	0	14.471
swarm_29_50.pdb	20.532	44.210	0	14.470
swarm_12_43.pdb	16.409	50.100	0	14.308
swarm_6_36.pdb	14.946	45.378	0	14.270
swarm_14_167.pdb	12.483	30.476	0.0769231	14.224
swarm_34_90.pdb	16.343	44.289	0	14.189
swarm_13_121.pdb	18.529	44.483	0	14.008
swarm_3_113.pdb	20.745	43.904	0	13.997
swarm_12_164.pdb	14.081	33.270	0	13.989
swarm_23_86.pdb	14.265	35.505	0	13.842
swarm_24_17.pdb	20.650	44.014	0	13.801
swarm_44_50.pdb	12.992	37.044	0.102564	13.761
swarm_18_88.pdb	12.321	30.253	0	13.707
swarm_24_25.pdb	3.779	29.337	0.25641	13.664
swarm_42_74.pdb	16.067	40.336	0	13.530
swarm_10_152.pdb	10.800	40.377	0	13.519
swarm_28_163.pdb	17.861	44.487	0	13.387
swarm_41_137.pdb	16.814	32.699	0	13.033
swarm_20_151.pdb	18.020	44.725	0	12.932
swarm_25_50.pdb	18.307	42.525	0	12.926
swarm_12_167.pdb	10.928	41.006	0	12.859
swarm_18_71.pdb	13.712	35.037	0	12.854
swarm_48_93.pdb	15.875	33.530	0	12.841
swarm_33_173.pdb	21.225	52.136	0	12.826
swarm_41_113.pdb	16.688	31.041	0	12.804
swarm_42_15.pdb	13.364	40.393	0	12.681
swarm_9_40.pdb	17.449	47.275	0	12.594
swarm_29_68.pdb	20.455	46.690	0	12.130
swarm_17_194.pdb	16.204	44.617	0	12.106
swarm_12_4.pdb	17.830	42.737	0	11.919
swarm_27_33.pdb	18.632	46.425	0	11.794
swarm_10_178.pdb	18.308	46.731	0	11.683
swarm_34_94.pdb	16.417	44.393	0	11.650
swarm_36_114.pdb	11.480	37.981	0	11.636
swarm_3_179.pdb	16.565	45.435	0	11.589
swarm_16_50.pdb	10.597	39.267	0.025641	11.530
swarm_17_120.pdb	13.746	35.726	0	11.520
swarm_8_5.pdb	14.922	24.680	0	11.293
swarm_42_57.pdb	16.208	37.105	0	11.279
swarm_12_63.pdb	11.037	36.660	0.153846	11.250
swarm_13_9.pdb	15.391	38.067	0	10.844
swarm_16_133.pdb	15.268	28.690	0	10.827
swarm_22_101.pdb	12.647	37.152	0	10.768
swarm_40_65.pdb	16.884	36.903	0	10.519
swarm_36_19.pdb	14.781	40.733	0	10.167
swarm_17_178.pdb	14.234	40.301	0	9.385
swarm_8_89.pdb	20.467	54.520	0	9.266
swarm_0_133.pdb	12.832	25.988	0	9.255
swarm_34_99.pdb	16.591	51.060	0	9.075
swarm_12_96.pdb	6.900	25.798	0.128205	8.854
swarm_3_183.pdb	18.068	47.220	0	8.683
swarm_48_43.pdb	19.116	40.457	0	7.733
swarm_17_59.pdb	12.739	38.810	0.153846	7.203
swarm_12_192.pdb	17.379	39.103	0	6.978
swarm_41_8.pdb	16.363	35.311	0	6.376
swarm_41_28.pdb	13.261	39.062	0	5.456
swarm_31_38.pdb	18.158	51.786	0	4.859
swarm_14_79.pdb	12.992	55.449	0.128205	4.486
swarm_7_132.pdb	13.024	24.535	0	3.381
swarm_7_104.pdb	20.604	43.676	0	3.109
swarm_13_196.pdb	15.714	34.796	0	2.899
swarm_19_67.pdb	19.768	49.900	0	2.561
swarm_12_127.pdb	16.160	36.849	0	1.143
swarm_16_98.pdb	19.884	52.552	0	1.126
swarm_24_175.pdb	14.640	36.004	0	0.919
