swarm_37_37.pdb	13.491	38.913	0	31.184
swarm_5_104.pdb	13.705	36.755	0	28.497
swarm_18_100.pdb	10.811	46.132	0	27.148
swarm_9_52.pdb	7.672	24.919	0	26.679
swarm_39_2.pdb	5.902	39.012	0.102564	24.545
swarm_24_77.pdb	10.154	19.571	0	21.759
swarm_44_151.pdb	9.007	21.863	0	21.572
swarm_34_83.pdb	9.660	47.936	0	21.315
swarm_12_98.pdb	10.364	26.294	0	21.010
swarm_7_136.pdb	13.210	50.478	0	19.229
swarm_26_1.pdb	8.466	40.755	0	19.058
swarm_17_1.pdb	8.282	33.884	0	18.654
swarm_44_2.pdb	7.757	21.543	0	18.252
swarm_48_25.pdb	13.150	32.976	0	18.161
swarm_43_112.pdb	12.519	46.215	0	17.677
swarm_48_62.pdb	12.874	30.232	0	16.957
swarm_3_178.pdb	5.375	30.328	0.0769231	16.877
swarm_27_14.pdb	14.097	38.431	0	16.846
swarm_10_36.pdb	7.057	31.614	0.025641	1.800
