swarm_2_60.pdb	3.287	7.701	0.25641	60.160
swarm_9_179.pdb	3.174	17.133	0.230769	54.966
swarm_0_103.pdb	3.628	19.259	0.230769	54.081
swarm_7_142.pdb	3.631	18.238	0.230769	53.946
swarm_3_183.pdb	3.277	14.501	0.205128	53.693
swarm_0_8.pdb	3.309	7.176	0.153846	50.282
swarm_7_49.pdb	3.316	7.502	0.153846	49.676
swarm_6_175.pdb	3.514	8.880	0.153846	49.008
swarm_4_174.pdb	3.933	18.168	0.153846	46.069
swarm_5_41.pdb	3.937	6.919	0.153846	42.997
swarm_1_138.pdb	4.986	9.944	0.128205	41.650
swarm_2_106.pdb	4.337	10.935	0.205128	39.696
swarm_8_57.pdb	4.372	13.388	0.153846	37.617
swarm_1_2.pdb	5.329	14.786	0.025641	17.567
swarm_5_127.pdb	5.813	16.638	0	15.641
swarm_6_155.pdb	4.927	14.250	0.230769	14.692
