swarm_15_176.pdb	7.636	24.017	0	37.834
swarm_13_79.pdb	13.513	26.802	0.0512821	37.295
swarm_16_48.pdb	11.893	27.405	0.025641	36.399
swarm_3_183.pdb	13.289	22.446	0	34.948
swarm_28_31.pdb	7.887	43.464	0.025641	34.826
swarm_3_165.pdb	9.743	27.649	0	34.746
swarm_13_38.pdb	14.885	29.139	0	34.358
swarm_26_9.pdb	14.873	26.314	0	33.688
swarm_27_98.pdb	13.950	38.004	0	33.146
swarm_26_44.pdb	10.697	24.038	0	33.040
swarm_15_129.pdb	14.384	27.817	0	32.291
swarm_27_198.pdb	16.072	37.556	0	31.792
swarm_11_100.pdb	9.549	33.141	0	31.745
swarm_8_0.pdb	14.114	35.399	0	31.521
swarm_22_168.pdb	6.676	23.584	0	31.406
swarm_13_120.pdb	12.656	22.395	0	31.219
swarm_9_139.pdb	11.563	20.353	0	30.898
swarm_3_119.pdb	13.520	27.419	0	30.885
swarm_15_89.pdb	13.374	26.991	0	30.818
swarm_27_158.pdb	12.616	42.196	0	30.796
swarm_8_158.pdb	14.545	33.923	0	30.725
swarm_8_186.pdb	14.798	33.901	0	30.604
swarm_33_44.pdb	16.109	27.694	0	30.441
swarm_3_55.pdb	14.150	33.809	0	30.415
swarm_13_145.pdb	11.525	25.924	0.0512821	29.542
swarm_14_121.pdb	12.004	32.825	0	29.517
swarm_13_62.pdb	14.876	29.492	0	29.245
swarm_16_35.pdb	14.874	36.512	0	29.060
swarm_15_76.pdb	11.749	19.513	0	28.896
swarm_4_130.pdb	10.725	20.490	0	28.767
swarm_27_192.pdb	11.135	37.943	0	28.712
swarm_24_96.pdb	14.045	32.366	0	28.462
swarm_3_11.pdb	11.127	23.155	0	28.290
swarm_11_33.pdb	10.759	40.098	0.025641	28.285
swarm_8_13.pdb	15.365	31.070	0	28.142
swarm_24_158.pdb	14.372	36.972	0	27.949
swarm_17_54.pdb	15.039	44.554	0	27.881
swarm_3_192.pdb	10.709	33.133	0	27.767
swarm_36_190.pdb	15.428	25.690	0	27.745
swarm_10_123.pdb	13.587	32.085	0	27.685
swarm_15_119.pdb	14.687	29.524	0	27.580
swarm_5_72.pdb	12.445	24.318	0	27.566
swarm_11_95.pdb	14.759	43.479	0	27.492
swarm_3_149.pdb	8.193	23.954	0.0512821	27.449
swarm_5_4.pdb	13.632	30.706	0.025641	27.250
swarm_24_3.pdb	11.832	37.404	0.205128	27.131
swarm_26_183.pdb	12.804	21.483	0	26.997
swarm_24_41.pdb	12.099	34.831	0.0769231	26.912
swarm_9_192.pdb	11.571	23.759	0.025641	26.816
swarm_16_155.pdb	8.533	23.057	0	26.718
swarm_0_20.pdb	10.440	21.041	0	26.633
swarm_1_189.pdb	14.977	45.036	0	26.505
swarm_39_197.pdb	13.048	23.845	0	26.341
swarm_28_84.pdb	5.064	34.923	0.0769231	26.307
swarm_16_21.pdb	11.932	28.670	0.025641	26.230
swarm_24_170.pdb	13.807	36.529	0	25.952
swarm_24_187.pdb	12.853	29.262	0	25.821
swarm_27_149.pdb	13.103	42.352	0.0512821	25.756
swarm_27_31.pdb	12.868	36.280	0	25.727
swarm_27_141.pdb	13.447	39.405	0.025641	25.697
swarm_26_90.pdb	13.948	28.127	0	25.561
swarm_23_195.pdb	16.893	48.182	0	25.529
swarm_22_128.pdb	11.190	27.785	0.025641	25.304
swarm_1_122.pdb	15.041	44.667	0	25.127
swarm_28_123.pdb	16.122	46.468	0	25.047
swarm_8_94.pdb	11.682	28.614	0	24.937
swarm_9_54.pdb	12.404	20.592	0	24.833
swarm_16_136.pdb	9.110	35.040	0	24.783
swarm_15_147.pdb	10.928	23.017	0	24.744
swarm_3_159.pdb	15.574	27.421	0	24.705
swarm_26_83.pdb	12.447	26.067	0	24.630
swarm_10_47.pdb	12.741	34.913	0.0512821	24.581
swarm_38_86.pdb	13.881	40.115	0.0512821	24.447
swarm_16_110.pdb	13.604	33.227	0	24.312
swarm_17_88.pdb	9.770	36.880	0	24.298
swarm_9_194.pdb	12.431	27.247	0	23.771
swarm_39_199.pdb	14.208	24.339	0	23.632
swarm_40_34.pdb	14.004	26.710	0.025641	23.584
swarm_22_184.pdb	15.493	26.705	0	23.545
swarm_38_93.pdb	13.340	29.514	0	23.347
swarm_11_38.pdb	13.547	32.559	0	23.280
swarm_22_47.pdb	8.591	25.347	0.025641	23.116
swarm_37_168.pdb	12.450	30.505	0	22.649
swarm_10_102.pdb	12.037	34.975	0.0769231	22.531
swarm_28_153.pdb	10.735	40.856	0	22.514
swarm_38_1.pdb	13.674	38.665	0	22.458
swarm_5_59.pdb	14.260	24.880	0	22.349
swarm_13_59.pdb	14.220	26.922	0	22.295
swarm_0_165.pdb	17.064	28.184	0	22.084
swarm_3_80.pdb	13.661	25.361	0	21.960
swarm_12_89.pdb	14.313	37.146	0.025641	21.745
swarm_15_73.pdb	10.174	24.072	0.153846	21.607
swarm_9_95.pdb	13.418	22.212	0	21.543
swarm_38_149.pdb	15.718	41.691	0	21.480
swarm_15_199.pdb	8.759	20.049	0.025641	21.421
swarm_16_157.pdb	8.893	31.863	0	21.352
swarm_10_19.pdb	14.202	32.009	0	21.270
swarm_13_66.pdb	5.958	19.897	0	21.219
swarm_26_41.pdb	14.380	23.916	0	21.154
swarm_0_178.pdb	11.635	21.826	0	21.089
swarm_37_29.pdb	8.239	24.304	0.025641	21.086
swarm_9_100.pdb	7.199	17.414	0.179487	20.986
swarm_37_198.pdb	10.310	27.502	0	20.950
swarm_0_0.pdb	10.653	17.756	0	20.890
swarm_24_33.pdb	12.297	39.356	0.0769231	20.699
swarm_10_86.pdb	13.149	31.526	0	20.557
swarm_11_23.pdb	15.882	44.175	0	20.546
swarm_28_37.pdb	14.344	35.429	0	20.503
swarm_39_103.pdb	14.885	23.843	0	20.371
swarm_16_199.pdb	14.042	36.359	0.0512821	20.236
swarm_0_100.pdb	12.842	25.277	0	20.180
swarm_17_51.pdb	14.157	39.298	0	20.153
swarm_5_98.pdb	10.483	24.609	0	20.124
swarm_4_146.pdb	14.693	28.076	0	20.110
swarm_10_129.pdb	6.723	24.172	0.025641	20.096
swarm_22_14.pdb	13.638	31.241	0	19.940
swarm_17_97.pdb	14.375	41.584	0	19.823
swarm_10_175.pdb	16.619	35.693	0	19.797
swarm_38_188.pdb	14.807	40.021	0.0769231	19.687
swarm_5_57.pdb	13.366	26.707	0.0769231	19.630
swarm_37_15.pdb	13.047	35.768	0.128205	19.550
swarm_28_86.pdb	15.495	44.475	0	19.385
swarm_37_116.pdb	13.385	37.710	0	19.083
swarm_13_157.pdb	9.248	18.138	0	19.054
swarm_31_43.pdb	13.229	25.000	0.025641	19.052
swarm_41_62.pdb	15.725	28.437	0	18.868
swarm_14_130.pdb	13.427	31.515	0	18.855
swarm_5_147.pdb	13.893	30.590	0	18.813
swarm_5_81.pdb	15.327	34.577	0	18.746
swarm_39_154.pdb	5.754	11.252	0	18.683
swarm_40_190.pdb	14.531	28.731	0	18.547
swarm_38_53.pdb	8.924	29.909	0	18.513
swarm_26_133.pdb	9.951	17.632	0	18.441
swarm_25_4.pdb	13.446	26.080	0	18.325
swarm_12_181.pdb	17.866	41.805	0	18.272
swarm_8_132.pdb	12.719	31.513	0.025641	18.087
swarm_41_10.pdb	15.858	28.996	0	18.034
swarm_2_69.pdb	5.373	26.587	0.0769231	17.981
swarm_17_29.pdb	17.573	45.569	0	17.946
swarm_15_59.pdb	8.345	21.750	0	17.853
swarm_2_166.pdb	17.978	43.244	0	17.698
swarm_38_30.pdb	13.805	34.596	0	17.615
swarm_40_167.pdb	15.047	28.744	0	17.416
swarm_37_182.pdb	15.127	26.494	0	17.396
swarm_18_47.pdb	16.965	41.199	0	17.348
swarm_4_183.pdb	15.806	25.175	0	16.740
swarm_18_195.pdb	16.263	43.950	0	16.481
swarm_12_63.pdb	11.268	33.753	0	16.429
swarm_15_81.pdb	14.024	33.079	0	16.262
swarm_26_43.pdb	9.051	19.939	0.205128	16.202
swarm_23_185.pdb	17.625	54.512	0	15.833
swarm_2_110.pdb	16.179	46.420	0	15.473
swarm_2_99.pdb	15.753	39.592	0	15.355
swarm_6_161.pdb	17.264	37.339	0	15.337
swarm_4_159.pdb	15.764	26.610	0	15.331
swarm_20_141.pdb	14.502	30.916	0	15.324
swarm_9_187.pdb	14.859	26.803	0	15.057
swarm_4_119.pdb	15.419	28.641	0	14.942
swarm_10_108.pdb	13.656	26.548	0	14.762
swarm_2_8.pdb	16.111	41.421	0	14.452
swarm_34_94.pdb	15.563	41.650	0	13.633
swarm_12_99.pdb	10.940	40.900	0	13.566
swarm_12_145.pdb	10.286	35.538	0.128205	13.031
swarm_15_101.pdb	15.548	28.712	0	12.657
swarm_40_121.pdb	11.996	29.621	0	12.640
swarm_37_155.pdb	9.090	25.636	0	12.057
swarm_19_155.pdb	18.342	45.555	0	11.874
swarm_2_136.pdb	13.895	44.350	0.153846	11.658
swarm_12_58.pdb	14.572	39.906	0	11.355
swarm_9_105.pdb	12.928	25.441	0	10.997
swarm_37_143.pdb	13.329	30.470	0	10.964
swarm_2_84.pdb	14.295	43.818	0	10.872
swarm_41_43.pdb	12.342	37.586	0.102564	7.319
swarm_39_189.pdb	14.328	26.466	0	6.822
swarm_13_56.pdb	14.363	32.562	0.025641	5.225
swarm_38_87.pdb	13.948	44.523	0	5.111
