swarm_5_110.pdb	16.035	43.007	0.025641	32.950
swarm_38_119.pdb	13.823	30.347	0	32.063
swarm_40_42.pdb	13.825	42.791	0.025641	31.749
swarm_6_68.pdb	15.188	30.819	0	30.942
swarm_21_135.pdb	13.735	30.971	0	30.252
swarm_35_127.pdb	12.710	24.664	0	29.989
swarm_27_72.pdb	16.739	37.648	0.025641	29.449
swarm_13_135.pdb	11.067	20.655	0	29.068
swarm_6_11.pdb	13.566	32.450	0	28.082
swarm_40_94.pdb	17.628	39.642	0.025641	27.703
swarm_37_97.pdb	17.102	42.724	0	27.536
swarm_22_63.pdb	11.673	45.238	0	27.408
swarm_5_12.pdb	18.621	47.238	0	27.383
swarm_37_71.pdb	16.215	36.503	0	26.933
swarm_10_19.pdb	16.630	42.491	0	26.797
swarm_20_72.pdb	11.760	31.819	0	26.477
swarm_19_56.pdb	16.664	37.350	0	26.297
swarm_21_63.pdb	10.271	30.140	0	26.267
swarm_28_154.pdb	15.162	37.248	0	26.239
swarm_28_95.pdb	19.463	38.578	0	26.126
swarm_19_110.pdb	16.958	43.070	0	26.103
swarm_31_36.pdb	20.603	47.678	0	26.034
swarm_28_24.pdb	17.717	37.164	0	25.963
swarm_24_121.pdb	17.111	43.865	0	25.953
swarm_37_96.pdb	15.624	36.060	0	25.703
swarm_10_56.pdb	16.142	45.662	0	25.563
swarm_39_106.pdb	18.814	44.656	0	25.468
swarm_18_92.pdb	9.421	29.468	0.0769231	25.402
swarm_36_71.pdb	17.307	33.642	0	25.374
swarm_19_122.pdb	11.548	44.586	0	25.170
swarm_18_105.pdb	13.607	35.540	0	25.079
swarm_20_83.pdb	17.399	32.186	0	25.078
swarm_14_180.pdb	12.350	31.184	0	25.065
swarm_36_77.pdb	19.029	36.346	0	24.993
swarm_37_91.pdb	14.907	33.993	0	24.956
swarm_28_130.pdb	18.433	44.587	0.025641	24.853
swarm_0_105.pdb	17.217	29.108	0	24.790
swarm_40_93.pdb	19.662	42.742	0	24.687
swarm_0_34.pdb	10.390	21.115	0	24.672
swarm_20_188.pdb	7.515	19.423	0	24.517
swarm_29_72.pdb	20.285	53.611	0	24.457
swarm_13_100.pdb	13.206	28.208	0	24.302
swarm_28_140.pdb	20.669	44.181	0	24.146
swarm_37_18.pdb	10.095	40.275	0.025641	24.035
swarm_20_71.pdb	16.777	37.440	0	24.032
swarm_11_150.pdb	12.389	33.414	0	23.944
swarm_18_72.pdb	11.873	40.739	0.025641	23.807
swarm_38_74.pdb	10.181	17.779	0	23.645
swarm_41_183.pdb	20.476	53.699	0	23.554
swarm_40_99.pdb	14.101	35.958	0	23.538
swarm_32_101.pdb	16.803	38.708	0	23.415
swarm_22_100.pdb	18.007	43.094	0	23.155
swarm_6_3.pdb	12.898	36.660	0	23.081
swarm_19_179.pdb	16.878	35.712	0	23.063
swarm_0_196.pdb	15.757	24.702	0	22.880
swarm_35_130.pdb	14.841	35.920	0	22.749
swarm_11_75.pdb	12.134	30.312	0	22.630
swarm_18_193.pdb	17.065	39.764	0	22.620
swarm_11_71.pdb	15.335	32.011	0	22.491
swarm_19_14.pdb	16.802	43.847	0	22.419
swarm_36_162.pdb	16.384	37.319	0	22.398
swarm_21_25.pdb	12.620	31.505	0.025641	22.335
swarm_33_170.pdb	19.742	48.966	0	22.291
swarm_24_150.pdb	17.004	51.449	0	22.258
swarm_25_16.pdb	15.994	42.658	0	22.186
swarm_38_50.pdb	7.827	22.781	0.025641	21.980
swarm_22_187.pdb	18.257	49.602	0	21.618
swarm_27_188.pdb	13.171	40.150	0	21.602
swarm_40_183.pdb	15.223	35.382	0	21.562
swarm_10_97.pdb	14.804	35.228	0	21.534
swarm_18_6.pdb	15.941	38.343	0	21.498
swarm_35_128.pdb	9.737	26.267	0.0512821	21.446
swarm_37_178.pdb	13.567	42.708	0	21.371
swarm_31_179.pdb	21.186	44.821	0	21.296
swarm_13_127.pdb	10.210	28.830	0.025641	21.233
swarm_11_78.pdb	17.317	44.123	0	21.120
swarm_7_34.pdb	13.144	31.632	0	21.052
swarm_38_59.pdb	14.500	28.781	0.025641	20.922
swarm_6_146.pdb	8.841	24.500	0	20.896
swarm_11_40.pdb	17.044	39.148	0	20.852
swarm_33_132.pdb	18.507	51.515	0	20.581
swarm_38_97.pdb	15.132	27.450	0	20.470
swarm_41_57.pdb	20.992	46.378	0	20.423
swarm_38_149.pdb	13.306	26.098	0	20.403
swarm_39_69.pdb	18.070	45.271	0	20.327
swarm_14_162.pdb	13.383	34.430	0	20.315
swarm_18_11.pdb	16.743	39.940	0	20.236
swarm_18_41.pdb	17.587	37.708	0	20.180
swarm_36_102.pdb	15.188	30.736	0.025641	20.161
swarm_28_87.pdb	12.188	35.578	0	20.063
swarm_33_72.pdb	22.131	51.165	0	19.959
swarm_20_164.pdb	16.231	36.003	0	19.870
swarm_28_73.pdb	16.044	47.629	0	19.760
swarm_20_4.pdb	15.540	34.543	0	19.675
swarm_5_44.pdb	15.515	49.683	0	19.581
swarm_28_6.pdb	19.044	50.440	0	19.516
swarm_18_169.pdb	16.418	36.694	0	19.468
swarm_33_93.pdb	15.186	41.681	0	19.241
swarm_27_47.pdb	18.200	41.876	0	19.129
swarm_32_98.pdb	15.307	46.630	0	19.110
swarm_29_129.pdb	23.790	54.653	0	18.818
swarm_36_98.pdb	13.336	32.904	0	18.816
swarm_12_78.pdb	13.141	37.436	0	18.816
swarm_38_71.pdb	8.704	24.106	0.0512821	18.800
swarm_18_16.pdb	17.126	35.439	0	18.721
swarm_21_122.pdb	15.166	32.049	0	18.090
swarm_10_16.pdb	16.753	44.473	0	18.082
swarm_27_87.pdb	19.041	33.112	0	18.007
swarm_33_125.pdb	18.035	47.221	0	17.966
swarm_40_28.pdb	15.709	36.820	0	17.888
swarm_6_196.pdb	14.113	34.264	0	17.391
swarm_24_192.pdb	15.948	48.517	0.025641	17.142
swarm_36_151.pdb	14.935	36.235	0	17.035
swarm_5_58.pdb	16.618	40.631	0	16.975
swarm_13_140.pdb	13.389	25.718	0	16.867
swarm_10_182.pdb	17.525	46.229	0	16.305
swarm_24_82.pdb	18.738	45.368	0	15.596
swarm_39_163.pdb	19.198	51.563	0	15.495
swarm_33_131.pdb	20.303	44.439	0	14.984
swarm_14_167.pdb	12.483	30.476	0.0769231	14.224
swarm_10_152.pdb	10.800	40.377	0	13.519
swarm_33_173.pdb	21.225	52.136	0	12.826
swarm_36_114.pdb	11.480	37.981	0	11.636
swarm_40_65.pdb	16.884	36.903	0	10.519
swarm_0_133.pdb	12.832	25.988	0	9.255
