swarm_23_152.pdb	3.730	6.115	0.418605	70.549
swarm_37_24.pdb	3.193	4.414	0.55814	65.008
swarm_11_76.pdb	3.567	5.234	0.465116	63.774
swarm_55_93.pdb	2.820	3.662	0.581395	61.725
swarm_17_64.pdb	3.146	5.037	0.72093	59.787
swarm_12_28.pdb	4.608	14.751	0.162791	56.962
swarm_36_53.pdb	4.876	13.575	0.162791	55.818
swarm_34_4.pdb	4.656	15.111	0.0697674	55.699
swarm_48_26.pdb	5.208	18.636	0.116279	54.818
swarm_12_14.pdb	4.262	7.419	0.465116	54.019
swarm_41_145.pdb	4.667	15.598	0.209302	53.329
swarm_47_131.pdb	5.220	17.948	0.0930233	51.750
swarm_3_4.pdb	4.120	8.030	0.44186	51.145
swarm_52_171.pdb	3.998	7.812	0.325581	50.025
swarm_55_181.pdb	5.906	12.404	0.348837	49.647
swarm_15_140.pdb	4.866	9.965	0.27907	49.601
swarm_34_64.pdb	5.482	12.117	0.0930233	49.211
swarm_45_30.pdb	5.384	15.942	0.0930233	48.749
swarm_39_117.pdb	4.660	14.356	0.139535	47.633
swarm_51_80.pdb	7.939	28.081	0	47.502
swarm_32_83.pdb	4.140	11.088	0.0232558	47.410
swarm_22_74.pdb	5.262	14.536	0.0465116	47.278
swarm_54_92.pdb	4.160	11.080	0.255814	47.045
swarm_54_2.pdb	6.421	16.421	0.0232558	46.783
swarm_1_199.pdb	4.025	10.245	0.162791	46.552
swarm_18_196.pdb	4.154	10.475	0.186047	46.335
swarm_43_3.pdb	5.086	15.290	0.139535	46.234
swarm_17_57.pdb	6.216	14.534	0.302326	44.823
swarm_41_83.pdb	3.145	4.006	0.488372	44.756
swarm_40_157.pdb	6.432	13.786	0.0232558	44.522
swarm_15_178.pdb	4.221	11.099	0.232558	44.404
swarm_36_105.pdb	4.046	6.124	0.255814	44.137
swarm_26_196.pdb	5.179	16.676	0.0930233	44.105
swarm_34_93.pdb	4.023	5.737	0.116279	43.977
swarm_33_129.pdb	5.141	14.306	0.0232558	43.655
swarm_17_94.pdb	5.442	8.591	0.0465116	43.034
swarm_36_19.pdb	5.441	16.658	0.116279	42.472
swarm_39_29.pdb	6.923	16.990	0.0232558	42.464
swarm_11_141.pdb	3.657	7.919	0.186047	42.367
swarm_50_185.pdb	8.426	29.721	0	41.911
swarm_1_185.pdb	4.808	7.065	0.139535	41.835
swarm_23_1.pdb	4.968	8.450	0.139535	41.346
swarm_36_183.pdb	7.392	10.990	0	40.814
swarm_18_5.pdb	5.238	8.466	0.0465116	40.720
swarm_8_105.pdb	3.335	5.360	0.255814	40.272
swarm_25_197.pdb	9.862	26.917	0	39.882
swarm_38_72.pdb	5.253	11.994	0.209302	39.763
swarm_22_19.pdb	7.336	22.251	0	39.508
swarm_27_120.pdb	5.745	20.817	0.0697674	38.677
swarm_8_46.pdb	7.169	15.444	0.162791	38.612
swarm_38_45.pdb	5.436	11.894	0.209302	38.375
swarm_38_66.pdb	4.718	8.372	0.116279	38.344
swarm_29_135.pdb	5.055	16.906	0.139535	38.296
swarm_12_187.pdb	3.674	5.210	0.255814	37.896
swarm_5_133.pdb	9.660	25.608	0	37.641
swarm_28_71.pdb	6.260	9.241	0.0232558	36.960
swarm_41_90.pdb	6.209	12.897	0.0930233	36.950
swarm_45_139.pdb	8.379	28.754	0	36.942
swarm_52_38.pdb	5.101	8.452	0.0465116	36.835
swarm_38_112.pdb	6.660	13.554	0.348837	36.448
swarm_29_37.pdb	9.205	22.136	0.0465116	35.778
swarm_27_42.pdb	8.902	30.809	0	35.718
swarm_26_93.pdb	6.273	13.625	0.0465116	35.718
swarm_23_114.pdb	5.690	8.839	0.0465116	35.681
swarm_6_57.pdb	9.856	27.002	0	35.636
swarm_26_61.pdb	7.826	24.405	0	35.178
swarm_45_115.pdb	6.899	23.289	0.0232558	35.175
swarm_41_25.pdb	6.459	14.168	0.0465116	35.136
swarm_27_38.pdb	7.020	22.735	0.0232558	35.050
swarm_22_7.pdb	3.844	9.333	0.255814	34.748
swarm_41_47.pdb	8.749	15.627	0	34.373
swarm_49_66.pdb	9.409	34.829	0	34.330
swarm_50_116.pdb	6.475	22.978	0.0465116	34.041
swarm_56_27.pdb	9.679	36.883	0	33.987
swarm_27_26.pdb	6.051	18.112	0.186047	33.784
swarm_6_44.pdb	4.762	12.838	0.0697674	32.966
swarm_23_32.pdb	8.703	13.088	0	32.872
swarm_4_84.pdb	8.202	25.075	0	32.827
swarm_40_31.pdb	6.235	21.947	0	32.809
swarm_15_54.pdb	8.356	12.602	0	32.598
swarm_3_7.pdb	6.681	18.222	0.0697674	31.923
swarm_37_105.pdb	8.195	11.741	0	31.670
swarm_28_148.pdb	8.014	22.812	0.0930233	31.075
swarm_46_78.pdb	9.114	34.765	0	31.047
swarm_18_81.pdb	6.182	16.340	0.186047	30.974
swarm_38_17.pdb	6.793	11.375	0.0465116	30.880
swarm_34_74.pdb	8.724	14.094	0	30.593
swarm_52_174.pdb	8.980	13.312	0	30.550
swarm_2_34.pdb	6.990	11.467	0	30.365
swarm_42_133.pdb	11.201	33.144	0	30.364
swarm_7_148.pdb	11.130	32.887	0	30.313
swarm_42_130.pdb	8.706	27.473	0.0232558	30.144
swarm_8_103.pdb	6.726	15.343	0.186047	29.830
swarm_31_47.pdb	4.674	11.193	0.186047	29.817
swarm_38_144.pdb	8.727	13.189	0	29.774
swarm_10_36.pdb	8.659	22.167	0.0465116	29.651
swarm_52_28.pdb	7.791	15.494	0.0697674	29.588
swarm_31_133.pdb	8.284	23.218	0	29.567
swarm_13_80.pdb	8.872	25.147	0	29.534
swarm_33_106.pdb	8.845	24.741	0.0232558	29.512
swarm_48_39.pdb	9.184	31.295	0	29.479
swarm_52_132.pdb	4.712	10.443	0.325581	29.137
swarm_11_13.pdb	6.316	9.968	0.139535	28.958
swarm_22_130.pdb	6.926	10.393	0	28.921
swarm_11_35.pdb	5.010	11.210	0.325581	28.769
swarm_14_61.pdb	9.059	27.571	0.0232558	28.629
swarm_28_171.pdb	5.710	17.576	0.0930233	28.337
swarm_44_145.pdb	9.409	28.551	0.0232558	27.434
swarm_32_45.pdb	8.607	18.516	0.0697674	27.346
swarm_33_63.pdb	9.109	27.795	0.0232558	27.267
swarm_32_108.pdb	7.351	22.761	0.0232558	27.048
swarm_16_130.pdb	8.220	25.801	0.0232558	27.004
swarm_30_102.pdb	8.775	24.062	0	26.672
swarm_2_172.pdb	6.081	13.598	0.116279	26.547
swarm_29_115.pdb	6.824	24.223	0	26.302
swarm_36_97.pdb	6.725	13.142	0.0697674	26.249
swarm_9_130.pdb	9.412	28.363	0.0232558	26.070
swarm_9_71.pdb	8.634	21.529	0.0930233	25.610
swarm_38_188.pdb	7.904	14.933	0	25.258
swarm_23_197.pdb	7.024	10.463	0	25.215
swarm_25_2.pdb	6.987	24.098	0	24.988
swarm_16_70.pdb	11.618	34.711	0	24.651
swarm_12_62.pdb	8.828	15.393	0	24.529
swarm_28_94.pdb	6.633	15.333	0.0232558	24.482
swarm_9_173.pdb	10.484	24.509	0.0465116	24.377
swarm_30_197.pdb	8.899	22.991	0.0465116	24.358
swarm_10_133.pdb	8.563	27.071	0.0232558	24.170
swarm_37_167.pdb	6.662	17.931	0.0930233	24.152
swarm_48_49.pdb	12.537	32.675	0	24.122
swarm_47_172.pdb	9.571	24.298	0	23.901
swarm_2_88.pdb	8.643	22.100	0.0697674	23.856
swarm_41_4.pdb	10.103	23.555	0	23.736
swarm_35_75.pdb	13.411	40.230	0	23.732
swarm_17_1.pdb	7.351	17.506	0	23.654
swarm_14_59.pdb	9.706	28.198	0.0232558	23.645
swarm_47_36.pdb	10.411	22.877	0.0465116	23.612
swarm_18_124.pdb	9.694	18.950	0	23.538
swarm_43_151.pdb	8.050	20.686	0	23.004
swarm_40_12.pdb	8.427	18.845	0	22.903
swarm_39_48.pdb	5.881	12.734	0.0232558	22.613
swarm_1_33.pdb	9.523	16.121	0	22.350
swarm_27_12.pdb	9.408	22.891	0.0232558	22.313
swarm_7_59.pdb	10.331	27.596	0	22.286
swarm_46_19.pdb	11.015	38.442	0	22.257
swarm_24_59.pdb	12.323	37.668	0	21.898
swarm_45_8.pdb	8.873	25.862	0.0465116	21.708
swarm_13_142.pdb	7.671	22.419	0.0465116	21.431
swarm_5_102.pdb	7.977	23.978	0	21.328
swarm_43_41.pdb	10.535	28.368	0	21.190
swarm_54_195.pdb	6.128	8.931	0.0232558	21.128
swarm_31_59.pdb	8.171	20.486	0.0697674	20.911
swarm_39_85.pdb	8.173	21.373	0.0232558	20.652
swarm_10_131.pdb	10.103	29.744	0.0232558	20.450
swarm_22_51.pdb	7.412	17.834	0.0930233	20.399
swarm_32_80.pdb	6.860	18.026	0.0930233	20.396
swarm_33_69.pdb	6.024	17.125	0	20.307
swarm_11_117.pdb	8.934	16.299	0	20.260
swarm_55_43.pdb	7.167	14.136	0.0232558	20.146
swarm_11_156.pdb	7.632	17.081	0	20.090
swarm_13_154.pdb	10.872	30.836	0	19.849
swarm_40_33.pdb	9.727	27.264	0.0465116	19.782
swarm_21_67.pdb	11.553	35.372	0	19.717
swarm_3_177.pdb	8.162	15.794	0.116279	19.423
swarm_4_46.pdb	12.903	29.719	0	18.910
swarm_42_95.pdb	10.045	30.825	0	18.357
swarm_50_88.pdb	9.302	28.541	0	18.175
swarm_21_21.pdb	11.413	35.747	0.0232558	17.077
swarm_3_29.pdb	10.745	26.081	0.139535	16.664
swarm_24_171.pdb	14.315	40.872	0	15.771
swarm_11_192.pdb	8.841	17.605	0.0232558	14.043
swarm_39_61.pdb	8.742	20.715	0.139535	13.098
swarm_23_89.pdb	7.635	16.853	0.0930233	12.301
swarm_17_29.pdb	9.581	17.692	0	11.175
swarm_20_140.pdb	13.437	43.195	0	9.029
swarm_43_138.pdb	11.536	31.733	0	8.680
