swarm_8_140.pdb	4.059	6.019	0.302326	62.010
swarm_0_131.pdb	6.256	14.805	0.325581	49.293
swarm_7_188.pdb	5.035	11.776	0.325581	48.299
swarm_5_79.pdb	7.590	27.340	0	48.093
swarm_6_143.pdb	4.390	10.241	0.302326	47.723
swarm_9_32.pdb	7.481	27.082	0	47.476
swarm_4_163.pdb	5.570	17.537	0.255814	31.674
swarm_2_183.pdb	4.546	12.850	0.302326	28.928
swarm_9_16.pdb	8.113	27.475	0.0232558	19.423
swarm_8_102.pdb	6.389	9.950	0.209302	18.131
swarm_5_48.pdb	7.937	26.965	0.0232558	16.387
swarm_0_137.pdb	4.410	6.330	0.348837	12.339
swarm_7_7.pdb	5.888	8.816	0.232558	11.610
swarm_1_52.pdb	7.005	16.897	0.255814	0.034
