swarm_12_132.pdb	7.350	12.159	0.0232558	39.348
swarm_18_110.pdb	7.151	12.618	0.0232558	39.230
swarm_49_3.pdb	7.325	13.432	0.0232558	38.306
swarm_44_166.pdb	4.951	6.796	0.0930233	37.529
swarm_17_88.pdb	5.915	13.902	0.0232558	37.085
swarm_34_86.pdb	7.690	18.006	0.0232558	35.793
swarm_2_122.pdb	5.204	14.182	0.139535	34.575
swarm_0_188.pdb	6.970	10.752	0.0232558	34.468
swarm_52_47.pdb	6.032	9.559	0.0232558	33.889
swarm_3_10.pdb	6.811	9.653	0	33.456
swarm_50_32.pdb	7.639	15.142	0.0232558	33.397
swarm_1_79.pdb	7.332	13.718	0.0232558	32.462
swarm_38_157.pdb	7.742	11.466	0	32.402
swarm_3_81.pdb	5.473	12.966	0.116279	32.145
swarm_23_157.pdb	5.322	7.060	0.0930233	31.372
swarm_20_121.pdb	10.231	20.394	0	31.000
swarm_47_123.pdb	7.703	13.098	0	30.790
swarm_21_150.pdb	8.005	16.195	0	30.431
swarm_59_33.pdb	13.312	37.466	0	30.355
swarm_2_186.pdb	9.621	18.860	0	29.741
swarm_52_29.pdb	3.729	5.767	0.302326	29.241
swarm_8_115.pdb	10.709	22.671	0	29.182
swarm_7_197.pdb	6.898	15.494	0.0232558	29.171
swarm_20_140.pdb	6.723	16.470	0.0232558	29.042
swarm_35_159.pdb	13.534	38.575	0	28.766
swarm_24_48.pdb	16.974	32.503	0	28.334
swarm_30_57.pdb	8.036	28.753	0	28.231
swarm_71_66.pdb	16.580	34.925	0	27.901
swarm_70_117.pdb	13.433	37.533	0	27.574
swarm_61_49.pdb	13.400	38.817	0	27.491
swarm_39_43.pdb	16.219	35.228	0	26.977
swarm_72_179.pdb	17.073	37.301	0	26.901
swarm_67_67.pdb	13.859	39.011	0	26.886
swarm_17_165.pdb	7.264	10.733	0	26.828
swarm_66_30.pdb	16.558	34.658	0	26.806
swarm_38_41.pdb	7.206	13.161	0	26.806
swarm_41_101.pdb	13.105	36.760	0	26.793
swarm_56_194.pdb	13.982	40.562	0	26.773
swarm_64_154.pdb	10.739	20.069	0	26.769
swarm_8_13.pdb	6.931	23.743	0	26.722
swarm_65_56.pdb	16.417	35.887	0	26.572
swarm_55_92.pdb	14.790	39.032	0	26.503
swarm_4_159.pdb	14.020	39.020	0	26.493
swarm_67_129.pdb	9.602	33.735	0	26.459
swarm_51_96.pdb	14.835	38.679	0	26.399
swarm_73_179.pdb	12.495	36.783	0	26.367
swarm_54_183.pdb	12.658	26.680	0	26.306
swarm_57_55.pdb	14.390	39.084	0	26.220
swarm_72_66.pdb	13.298	35.918	0	25.955
swarm_69_155.pdb	12.989	37.003	0	25.812
swarm_38_62.pdb	8.532	14.988	0.0232558	25.627
swarm_54_150.pdb	9.882	21.100	0	25.518
swarm_9_158.pdb	13.700	38.749	0	25.383
swarm_64_28.pdb	8.651	14.547	0	25.335
swarm_25_121.pdb	15.950	34.467	0	25.232
swarm_26_115.pdb	8.803	20.785	0.0232558	25.191
swarm_41_129.pdb	17.160	33.883	0	25.184
swarm_50_126.pdb	6.917	21.703	0.0232558	25.164
swarm_57_78.pdb	12.361	35.779	0	25.135
swarm_15_85.pdb	13.796	39.835	0	25.094
swarm_58_164.pdb	14.292	39.986	0	24.983
swarm_1_191.pdb	8.738	20.319	0	24.852
swarm_47_38.pdb	9.692	14.759	0	24.745
swarm_36_99.pdb	13.869	35.911	0	24.739
swarm_33_197.pdb	12.899	38.028	0	24.721
swarm_13_144.pdb	13.818	44.098	0	24.688
swarm_69_156.pdb	18.048	39.817	0	24.676
swarm_36_14.pdb	9.421	32.547	0	24.659
swarm_54_118.pdb	6.141	18.614	0.0232558	24.626
swarm_74_198.pdb	14.593	42.344	0	24.610
swarm_70_138.pdb	16.871	35.230	0	24.396
swarm_31_123.pdb	14.257	37.883	0	24.271
swarm_5_77.pdb	14.467	37.541	0	24.173
swarm_33_173.pdb	16.531	42.619	0	24.080
swarm_51_5.pdb	18.636	39.277	0	24.071
swarm_43_104.pdb	13.295	39.794	0	24.059
swarm_50_15.pdb	12.226	27.466	0	23.859
swarm_29_102.pdb	13.348	40.045	0	23.842
swarm_28_24.pdb	12.470	37.614	0	23.521
swarm_54_193.pdb	10.862	28.520	0	23.518
swarm_71_29.pdb	13.933	38.961	0	23.277
swarm_71_174.pdb	15.694	39.227	0	23.228
swarm_51_35.pdb	14.645	39.761	0	23.161
swarm_26_165.pdb	9.515	32.361	0	22.879
swarm_14_131.pdb	12.489	37.765	0	22.664
swarm_19_94.pdb	13.829	39.075	0	22.519
swarm_4_82.pdb	16.386	41.991	0	22.425
swarm_75_194.pdb	13.278	41.352	0	22.217
swarm_75_118.pdb	15.095	40.482	0	22.209
swarm_53_82.pdb	14.357	39.138	0	22.192
swarm_46_136.pdb	12.562	39.841	0	22.164
swarm_62_82.pdb	17.737	34.983	0	22.136
swarm_36_28.pdb	12.662	29.478	0	22.080
swarm_68_93.pdb	17.042	34.309	0	22.038
swarm_33_34.pdb	14.578	41.108	0	21.984
swarm_49_13.pdb	9.387	21.245	0	21.975
swarm_4_67.pdb	12.142	38.122	0	21.962
swarm_27_168.pdb	13.593	40.821	0	21.928
swarm_11_77.pdb	17.526	40.672	0	21.708
swarm_58_43.pdb	9.211	33.686	0	21.659
swarm_26_128.pdb	11.799	34.824	0	21.483
swarm_27_136.pdb	14.189	38.419	0	21.412
swarm_18_97.pdb	11.226	21.068	0	21.369
swarm_61_179.pdb	15.202	40.118	0	21.364
swarm_22_4.pdb	11.193	20.031	0	21.338
swarm_69_118.pdb	15.279	37.805	0	21.182
swarm_43_73.pdb	18.007	41.315	0	20.969
swarm_68_12.pdb	11.553	33.248	0	20.967
swarm_30_20.pdb	13.737	35.710	0	20.539
swarm_66_184.pdb	15.105	37.143	0	20.537
swarm_39_27.pdb	13.454	35.086	0	20.536
swarm_2_152.pdb	11.095	16.692	0	20.352
swarm_67_77.pdb	13.779	31.593	0	20.102
swarm_54_9.pdb	11.443	28.995	0	20.010
swarm_63_176.pdb	14.839	42.270	0	19.943
swarm_61_43.pdb	16.764	45.176	0	19.589
swarm_29_142.pdb	14.745	37.350	0	19.514
swarm_43_18.pdb	13.722	40.024	0	19.440
swarm_43_99.pdb	15.640	38.284	0	19.271
swarm_36_112.pdb	8.378	21.015	0	19.177
swarm_17_29.pdb	11.454	20.124	0	19.154
swarm_66_81.pdb	11.102	30.412	0	18.985
swarm_65_93.pdb	12.652	24.253	0	18.835
swarm_40_196.pdb	12.618	24.070	0	18.779
swarm_14_192.pdb	15.408	43.632	0	18.673
swarm_62_94.pdb	11.262	30.045	0	18.201
swarm_29_76.pdb	17.718	42.859	0	18.082
swarm_27_22.pdb	17.316	37.993	0	18.081
swarm_36_54.pdb	11.087	29.893	0	18.065
swarm_31_25.pdb	13.092	35.737	0	18.065
swarm_34_173.pdb	9.877	15.584	0.0232558	17.857
swarm_24_170.pdb	11.947	21.802	0	17.845
swarm_27_89.pdb	15.121	39.269	0	17.818
swarm_40_6.pdb	10.317	19.839	0	17.781
swarm_75_86.pdb	13.896	42.393	0	17.677
swarm_10_133.pdb	16.184	32.414	0	17.643
swarm_32_30.pdb	16.507	44.656	0	17.599
swarm_46_15.pdb	15.961	43.884	0	17.549
swarm_68_48.pdb	14.490	30.456	0	17.235
swarm_66_53.pdb	13.280	26.059	0	17.141
swarm_64_112.pdb	11.738	22.492	0	17.107
swarm_25_31.pdb	17.871	37.112	0	16.917
swarm_62_158.pdb	8.905	19.149	0	16.814
swarm_25_38.pdb	12.427	24.136	0	16.794
swarm_28_11.pdb	17.067	43.711	0	16.668
swarm_49_184.pdb	11.689	25.542	0	16.494
swarm_72_194.pdb	13.716	30.165	0	16.437
swarm_46_52.pdb	14.797	43.427	0	16.215
swarm_32_89.pdb	17.603	48.294	0	16.162
swarm_67_74.pdb	11.774	36.405	0	16.160
swarm_11_190.pdb	15.831	34.907	0	16.152
swarm_11_187.pdb	14.765	38.439	0	16.131
swarm_37_171.pdb	9.121	15.940	0	15.962
swarm_31_81.pdb	10.329	29.331	0	15.947
swarm_39_100.pdb	13.979	31.907	0	15.919
swarm_41_122.pdb	14.157	34.178	0	15.906
swarm_15_192.pdb	12.013	35.589	0	15.861
swarm_22_30.pdb	13.744	30.551	0	15.782
swarm_68_133.pdb	13.853	34.393	0	15.670
swarm_48_181.pdb	15.010	43.313	0	15.656
swarm_73_199.pdb	11.233	29.014	0	15.605
swarm_39_69.pdb	11.587	32.560	0	15.528
swarm_28_175.pdb	15.063	42.055	0	15.475
swarm_65_42.pdb	10.900	28.476	0	15.264
swarm_48_132.pdb	18.255	47.628	0	14.836
swarm_33_107.pdb	17.316	46.662	0	14.832
swarm_10_97.pdb	12.832	25.710	0	14.696
swarm_28_45.pdb	16.987	42.823	0	14.435
swarm_26_193.pdb	11.760	31.337	0	13.097
swarm_7_123.pdb	13.804	27.167	0	13.028
swarm_8_194.pdb	9.448	31.959	0	12.818
swarm_64_135.pdb	17.009	31.279	0	11.982
swarm_22_110.pdb	16.176	32.091	0	11.701
swarm_24_157.pdb	10.645	28.411	0	11.134
swarm_30_44.pdb	8.011	26.792	0	9.766
swarm_11_194.pdb	11.324	31.584	0	9.047
swarm_8_59.pdb	7.650	24.660	0	7.833
swarm_31_116.pdb	10.411	34.462	0	7.275
swarm_7_198.pdb	8.104	24.842	0	5.488
