swarm_32_59.pdb	3.444	6.369	0.418605	42.120
swarm_59_183.pdb	8.219	30.839	0	42.077
swarm_53_151.pdb	2.903	5.512	0.534884	41.946
swarm_37_77.pdb	4.896	15.807	0.116279	41.350
swarm_35_44.pdb	3.618	5.739	0.325581	40.322
swarm_30_120.pdb	4.116	11.903	0.162791	40.071
swarm_36_183.pdb	3.877	12.119	0.372093	39.758
swarm_43_52.pdb	5.764	17.382	0.0465116	39.647
swarm_3_147.pdb	4.434	10.365	0.209302	39.643
swarm_52_169.pdb	6.639	13.904	0.116279	39.157
swarm_56_33.pdb	4.238	11.252	0.209302	39.126
swarm_42_173.pdb	8.285	30.447	0	39.057
swarm_67_175.pdb	4.187	9.739	0.116279	38.160
swarm_41_120.pdb	8.027	28.811	0	37.099
swarm_0_105.pdb	4.668	9.015	0.162791	36.564
swarm_34_109.pdb	7.473	28.241	0	36.562
swarm_3_75.pdb	6.109	13.005	0.139535	36.519
swarm_67_127.pdb	5.234	10.495	0.162791	36.162
swarm_23_180.pdb	6.109	13.686	0.0930233	35.288
swarm_58_122.pdb	5.803	19.619	0.0697674	35.257
swarm_39_187.pdb	6.734	24.532	0.0697674	35.099
swarm_35_31.pdb	6.522	18.717	0.0465116	34.975
swarm_54_90.pdb	5.171	9.413	0.139535	34.866
swarm_53_43.pdb	4.590	7.388	0.116279	34.399
swarm_38_135.pdb	6.425	21.421	0.0465116	34.359
swarm_5_31.pdb	8.488	31.079	0	34.127
swarm_60_60.pdb	12.824	32.656	0	33.921
swarm_38_119.pdb	7.401	18.932	0.0232558	33.827
swarm_34_84.pdb	4.799	15.046	0.162791	33.593
swarm_26_117.pdb	4.653	7.709	0.116279	33.212
swarm_55_177.pdb	3.379	5.783	0.255814	32.943
swarm_43_32.pdb	7.580	16.191	0.0232558	32.784
swarm_54_135.pdb	5.443	12.894	0.0697674	32.703
swarm_67_153.pdb	7.991	12.027	0	32.679
swarm_13_177.pdb	8.525	29.933	0	32.361
swarm_26_88.pdb	8.089	19.041	0.0232558	32.284
swarm_23_28.pdb	4.351	10.471	0.27907	32.210
swarm_4_27.pdb	13.200	26.496	0	32.143
swarm_43_33.pdb	6.597	20.144	0.0465116	31.701
swarm_19_80.pdb	8.283	21.620	0.0697674	31.047
swarm_55_19.pdb	6.981	10.967	0	30.979
swarm_53_41.pdb	7.551	16.116	0.0232558	30.610
swarm_33_137.pdb	7.054	22.843	0.0232558	30.593
swarm_4_173.pdb	7.759	25.389	0	30.377
swarm_26_52.pdb	4.704	12.157	0.209302	30.317
swarm_58_105.pdb	12.379	31.896	0	30.315
swarm_21_158.pdb	8.415	23.205	0.0465116	30.257
swarm_64_72.pdb	15.023	39.054	0	30.203
swarm_21_7.pdb	5.832	19.118	0.0697674	30.171
swarm_25_50.pdb	5.621	17.663	0.0697674	30.160
swarm_34_131.pdb	8.239	15.120	0	29.927
swarm_21_139.pdb	13.925	27.938	0	29.810
swarm_47_146.pdb	12.405	32.271	0	29.732
swarm_36_71.pdb	8.154	20.307	0.0232558	29.693
swarm_30_65.pdb	8.817	23.292	0	29.409
swarm_61_85.pdb	13.390	34.347	0	29.250
swarm_43_63.pdb	13.226	25.670	0	29.249
swarm_39_94.pdb	13.444	28.776	0	29.152
swarm_8_133.pdb	12.889	32.589	0	29.150
swarm_3_118.pdb	7.046	20.643	0	28.992
swarm_41_47.pdb	9.326	27.616	0	28.820
swarm_51_122.pdb	5.782	14.540	0.116279	28.724
swarm_62_99.pdb	7.974	23.303	0	28.617
swarm_12_140.pdb	4.716	10.472	0.27907	27.986
swarm_24_2.pdb	8.678	25.002	0.0232558	27.853
swarm_38_58.pdb	13.600	23.126	0	27.740
swarm_47_93.pdb	14.673	38.807	0	27.651
swarm_50_81.pdb	6.583	15.517	0.0930233	27.345
swarm_3_13.pdb	12.644	20.702	0	26.900
swarm_63_125.pdb	13.957	35.276	0	26.785
swarm_10_123.pdb	12.623	31.940	0	26.595
swarm_18_161.pdb	7.269	20.135	0	26.521
swarm_5_25.pdb	14.155	32.443	0	26.427
swarm_2_10.pdb	8.187	20.477	0.0465116	26.421
swarm_5_9.pdb	10.401	31.384	0.0232558	26.419
swarm_58_21.pdb	13.268	29.148	0	26.384
swarm_61_190.pdb	15.168	39.355	0	26.306
swarm_59_45.pdb	13.665	27.609	0	26.272
swarm_28_52.pdb	9.158	29.186	0.0232558	26.142
swarm_13_123.pdb	14.206	33.253	0	26.107
swarm_51_101.pdb	13.359	22.494	0	26.070
swarm_4_75.pdb	14.157	21.735	0	26.021
swarm_6_150.pdb	14.568	28.927	0	25.885
swarm_19_28.pdb	7.708	21.282	0.0465116	25.195
swarm_20_114.pdb	9.059	25.655	0.0232558	25.167
swarm_13_116.pdb	13.009	33.907	0	25.107
swarm_33_110.pdb	13.060	24.031	0	25.038
swarm_50_107.pdb	12.829	23.985	0	25.037
swarm_27_155.pdb	9.181	27.584	0.0232558	24.747
swarm_36_87.pdb	13.814	24.204	0	24.535
swarm_68_40.pdb	15.229	39.128	0	24.132
swarm_2_79.pdb	13.718	25.920	0	23.831
swarm_42_146.pdb	13.174	30.939	0	23.775
swarm_59_21.pdb	13.658	31.361	0	23.557
swarm_49_135.pdb	6.766	16.509	0.139535	23.129
swarm_53_147.pdb	6.302	13.179	0.0930233	23.038
swarm_24_145.pdb	6.680	18.777	0.0465116	22.964
swarm_69_145.pdb	7.084	17.310	0.0232558	22.635
swarm_16_83.pdb	15.624	39.776	0	22.579
swarm_45_28.pdb	15.023	37.724	0	22.557
swarm_52_91.pdb	7.743	18.203	0.0697674	22.526
swarm_6_92.pdb	9.790	32.470	0	22.475
swarm_37_131.pdb	8.731	27.025	0.0232558	22.464
swarm_25_100.pdb	12.923	27.341	0	22.456
swarm_33_166.pdb	14.219	23.351	0	22.334
swarm_2_88.pdb	7.537	17.037	0.0697674	22.254
swarm_25_142.pdb	8.865	21.068	0	22.215
swarm_6_146.pdb	11.820	30.365	0	22.170
swarm_50_53.pdb	8.601	24.980	0.0232558	21.901
swarm_36_58.pdb	14.586	26.453	0	21.805
swarm_26_80.pdb	12.660	20.440	0	21.784
swarm_15_196.pdb	10.338	28.534	0.0232558	21.763
swarm_60_52.pdb	12.159	30.126	0	21.758
swarm_49_52.pdb	9.110	25.300	0	21.675
swarm_1_177.pdb	8.540	26.732	0	21.601
swarm_34_43.pdb	7.558	24.515	0.0232558	21.530
swarm_27_64.pdb	8.219	27.377	0	21.368
swarm_69_171.pdb	9.063	22.483	0.0465116	21.316
swarm_17_92.pdb	7.594	21.543	0.0697674	20.872
swarm_58_186.pdb	14.832	28.323	0	20.866
swarm_68_44.pdb	14.142	38.663	0	20.720
swarm_28_21.pdb	14.722	31.575	0	20.690
swarm_0_162.pdb	7.537	18.216	0.0697674	20.590
swarm_22_36.pdb	9.822	27.690	0.0465116	20.343
swarm_69_160.pdb	7.371	15.057	0.0465116	19.704
swarm_1_138.pdb	13.892	26.313	0	16.826
swarm_18_107.pdb	6.983	18.207	0.0697674	15.537
swarm_27_27.pdb	13.976	26.124	0	15.261
swarm_44_97.pdb	16.287	31.272	0	13.620
swarm_63_55.pdb	15.786	38.918	0	13.472
swarm_1_175.pdb	7.712	24.312	0.0232558	11.097
swarm_36_5.pdb	7.248	25.462	0.0465116	5.280
