swarm_2_7.pdb	3.031	3.840	0.674419	73.350
swarm_12_120.pdb	2.898	3.400	0.627907	70.392
swarm_43_41.pdb	3.333	6.858	0.488372	66.969
swarm_59_45.pdb	3.451	6.988	0.488372	64.428
swarm_66_129.pdb	3.244	4.136	0.511628	63.966
swarm_68_58.pdb	5.093	9.845	0.465116	60.410
swarm_40_116.pdb	4.521	13.974	0.186047	60.306
swarm_84_60.pdb	4.320	12.128	0.0697674	58.288
swarm_68_120.pdb	4.224	12.196	0.209302	58.275
swarm_64_79.pdb	3.823	7.082	0.534884	56.754
swarm_34_47.pdb	4.470	13.498	0.162791	55.545
swarm_60_16.pdb	3.957	7.846	0.395349	55.409
swarm_66_10.pdb	3.818	10.847	0.162791	55.136
swarm_22_126.pdb	4.941	16.320	0.139535	54.887
swarm_62_119.pdb	5.237	12.453	0.186047	54.793
swarm_65_191.pdb	4.616	14.002	0.186047	54.437
swarm_7_121.pdb	4.524	15.577	0.116279	54.127
swarm_1_135.pdb	5.185	10.519	0.162791	53.556
swarm_61_117.pdb	5.137	10.651	0.418605	53.299
swarm_36_76.pdb	5.102	15.870	0.0697674	53.038
swarm_57_83.pdb	3.802	10.255	0.186047	52.438
swarm_45_167.pdb	4.753	15.977	0.186047	52.280
swarm_31_117.pdb	2.907	5.838	0.72093	52.276
swarm_62_24.pdb	4.108	11.247	0.139535	51.685
swarm_4_170.pdb	6.892	14.212	0.27907	51.086
swarm_24_164.pdb	4.500	14.043	0.116279	50.866
swarm_46_146.pdb	4.904	17.584	0.162791	50.739
swarm_54_12.pdb	4.407	13.220	0.0232558	50.590
swarm_26_66.pdb	6.043	12.225	0.325581	50.539
swarm_84_89.pdb	3.828	5.403	0.325581	49.781
swarm_67_172.pdb	4.662	13.230	0.209302	49.559
swarm_67_33.pdb	5.333	18.231	0.116279	49.438
swarm_23_19.pdb	2.733	3.209	0.488372	49.176
swarm_21_40.pdb	3.228	7.627	0.55814	48.821
swarm_59_91.pdb	5.048	10.299	0.116279	48.358
swarm_2_158.pdb	6.097	15.006	0.0930233	47.644
swarm_29_41.pdb	4.300	11.449	0.0697674	47.609
swarm_65_143.pdb	4.238	10.730	0.27907	47.548
swarm_12_54.pdb	4.284	12.274	0.27907	47.456
swarm_30_167.pdb	4.859	14.939	0.139535	47.359
swarm_15_157.pdb	3.769	7.466	0.325581	47.048
swarm_64_67.pdb	4.420	10.476	0.0930233	46.889
swarm_12_10.pdb	5.820	13.370	0.325581	46.796
swarm_72_36.pdb	5.797	18.483	0.0697674	46.609
swarm_33_11.pdb	4.261	9.399	0.255814	46.326
swarm_46_12.pdb	5.199	11.192	0.0465116	46.217
swarm_39_140.pdb	7.683	26.885	0	46.040
swarm_23_121.pdb	5.181	7.243	0.0930233	45.915
swarm_10_174.pdb	5.519	20.286	0.116279	45.815
swarm_68_70.pdb	3.916	5.963	0.209302	45.661
swarm_63_47.pdb	5.028	14.544	0.162791	45.361
swarm_75_184.pdb	6.127	20.408	0.0697674	45.107
swarm_28_88.pdb	6.342	14.888	0.27907	45.008
swarm_55_168.pdb	5.720	17.691	0.139535	44.561
swarm_30_29.pdb	7.433	26.336	0	44.506
swarm_35_105.pdb	5.047	16.927	0.0232558	44.404
swarm_1_83.pdb	7.817	13.454	0.0232558	44.285
swarm_62_45.pdb	6.573	24.459	0.0232558	42.791
swarm_42_28.pdb	7.383	27.334	0	42.721
swarm_21_73.pdb	6.345	9.868	0.0465116	42.681
swarm_51_191.pdb	7.539	13.727	0.0232558	42.653
swarm_73_83.pdb	5.050	16.976	0.209302	42.038
swarm_81_95.pdb	5.574	9.575	0.0697674	42.032
swarm_20_72.pdb	5.209	12.321	0.0465116	41.784
swarm_7_42.pdb	7.798	27.426	0	41.522
swarm_40_193.pdb	5.691	14.174	0.0465116	41.513
swarm_62_30.pdb	6.176	17.837	0.0232558	41.319
swarm_35_11.pdb	7.873	27.555	0	40.730
swarm_67_113.pdb	5.761	10.355	0.139535	40.716
swarm_2_133.pdb	5.022	7.675	0.0465116	40.651
swarm_44_165.pdb	7.555	27.934	0	40.326
swarm_51_101.pdb	7.016	17.271	0.0232558	40.267
swarm_68_5.pdb	5.642	8.535	0.0232558	40.184
swarm_53_3.pdb	5.795	14.265	0.232558	40.005
swarm_60_30.pdb	5.899	9.517	0.0930233	39.794
swarm_72_54.pdb	6.349	13.927	0.0465116	39.570
swarm_28_32.pdb	5.800	13.318	0.0232558	39.498
swarm_36_67.pdb	7.714	11.047	0	38.679
swarm_69_60.pdb	6.354	22.242	0	38.525
swarm_4_64.pdb	6.380	15.947	0.232558	38.410
swarm_46_39.pdb	7.156	18.545	0	38.345
swarm_61_86.pdb	5.553	11.110	0.0465116	38.168
swarm_36_71.pdb	5.289	14.225	0.139535	37.809
swarm_6_140.pdb	5.702	14.413	0.186047	37.805
swarm_7_180.pdb	6.514	23.344	0.0232558	37.672
swarm_59_124.pdb	6.177	8.813	0	37.417
swarm_7_22.pdb	5.308	12.943	0.0697674	37.139
swarm_23_141.pdb	8.754	17.731	0.0930233	36.897
swarm_23_177.pdb	8.176	12.073	0	36.796
swarm_26_90.pdb	8.055	12.623	0.0465116	36.722
swarm_5_100.pdb	5.572	13.840	0.302326	36.649
swarm_84_129.pdb	9.890	18.018	0	36.538
swarm_40_41.pdb	6.232	18.909	0.0465116	36.497
swarm_37_167.pdb	6.911	24.241	0	36.293
swarm_64_174.pdb	6.186	10.133	0.0930233	36.126
swarm_55_156.pdb	4.512	15.472	0.27907	36.006
swarm_70_157.pdb	8.366	31.317	0	35.858
swarm_67_197.pdb	5.542	17.737	0.0697674	35.854
swarm_36_142.pdb	6.039	10.206	0	35.746
swarm_29_126.pdb	8.020	22.774	0	35.490
swarm_30_68.pdb	7.371	19.209	0	34.686
swarm_57_154.pdb	9.630	27.062	0.0232558	34.464
swarm_33_61.pdb	7.356	17.900	0	34.418
swarm_45_138.pdb	8.509	28.711	0	34.187
swarm_18_41.pdb	4.801	8.081	0.0465116	33.934
swarm_3_8.pdb	10.160	32.348	0	33.679
swarm_45_153.pdb	6.734	24.321	0	33.614
swarm_6_122.pdb	5.231	13.697	0.0465116	33.451
swarm_21_82.pdb	9.247	14.107	0	33.380
swarm_75_127.pdb	9.174	27.499	0	33.329
swarm_73_40.pdb	8.851	27.534	0	33.230
swarm_49_92.pdb	8.413	27.314	0	33.135
swarm_76_182.pdb	9.510	18.890	0	32.793
swarm_83_155.pdb	6.843	15.158	0	32.544
swarm_37_127.pdb	9.968	33.822	0	32.411
swarm_69_84.pdb	8.786	19.777	0	32.381
swarm_18_1.pdb	7.621	16.258	0.0697674	32.264
swarm_52_169.pdb	7.559	16.647	0.0465116	32.163
swarm_49_194.pdb	9.088	31.392	0	32.116
swarm_24_30.pdb	7.196	22.015	0	31.919
swarm_75_174.pdb	9.336	30.660	0	31.752
swarm_20_116.pdb	5.034	17.066	0.162791	31.553
swarm_43_188.pdb	7.244	23.517	0	31.349
swarm_14_75.pdb	10.054	27.758	0.0232558	31.193
swarm_35_5.pdb	11.138	20.572	0	31.041
swarm_13_70.pdb	11.782	32.075	0	31.006
swarm_61_190.pdb	6.551	11.879	0	30.998
swarm_64_149.pdb	9.727	13.885	0	30.981
swarm_28_174.pdb	7.370	10.936	0	30.981
swarm_54_7.pdb	5.152	8.763	0	30.912
swarm_71_62.pdb	9.131	34.355	0	30.655
swarm_43_115.pdb	8.170	26.022	0	30.528
swarm_74_103.pdb	11.170	36.505	0	30.434
swarm_16_30.pdb	6.493	16.180	0.209302	30.418
swarm_14_112.pdb	6.078	17.756	0	30.242
swarm_53_152.pdb	7.269	15.269	0	29.224
swarm_25_3.pdb	8.391	23.008	0.0232558	28.913
swarm_15_138.pdb	8.907	22.950	0.0697674	28.693
swarm_54_55.pdb	9.195	21.488	0.0232558	28.573
swarm_54_85.pdb	7.332	19.603	0.186047	28.465
swarm_22_173.pdb	7.304	23.415	0.0465116	28.458
swarm_66_117.pdb	6.280	13.443	0.0930233	28.309
swarm_68_193.pdb	7.864	11.648	0	27.980
swarm_60_175.pdb	9.450	13.441	0	27.956
swarm_21_88.pdb	7.561	17.856	0.116279	27.822
swarm_6_83.pdb	8.861	22.928	0	27.676
swarm_12_21.pdb	5.970	13.127	0.116279	27.470
swarm_4_16.pdb	9.838	22.876	0	27.449
swarm_80_39.pdb	11.728	34.451	0	27.387
swarm_60_56.pdb	7.222	18.454	0.209302	27.281
swarm_53_137.pdb	9.367	26.351	0.0232558	27.089
swarm_5_186.pdb	7.514	15.657	0	26.980
swarm_83_33.pdb	9.924	26.446	0.0697674	26.874
swarm_9_70.pdb	10.989	32.449	0	26.796
swarm_83_150.pdb	6.290	15.646	0.116279	26.767
swarm_49_71.pdb	9.346	26.953	0	26.641
swarm_59_113.pdb	6.086	11.112	0.139535	26.617
swarm_15_77.pdb	7.109	17.796	0.162791	26.424
swarm_25_190.pdb	9.014	28.048	0	26.221
swarm_81_91.pdb	8.089	12.851	0	26.047
swarm_24_27.pdb	8.001	19.132	0.0465116	25.967
swarm_19_40.pdb	10.339	30.422	0.0465116	25.796
swarm_33_65.pdb	9.653	23.648	0.0232558	25.655
swarm_20_69.pdb	8.639	18.350	0.116279	25.591
swarm_52_10.pdb	7.455	15.375	0	25.484
swarm_35_75.pdb	7.277	19.495	0	25.374
swarm_7_120.pdb	10.519	19.382	0	25.243
swarm_22_168.pdb	10.204	29.496	0	25.176
swarm_52_191.pdb	5.995	14.970	0.255814	25.112
swarm_48_43.pdb	10.193	29.775	0.0232558	24.856
swarm_55_1.pdb	8.071	22.864	0.0697674	24.800
swarm_81_130.pdb	9.224	15.125	0	24.720
swarm_36_112.pdb	6.688	13.001	0.0232558	24.462
swarm_14_32.pdb	6.796	17.891	0.139535	24.462
swarm_83_115.pdb	8.192	23.835	0.139535	24.432
swarm_54_17.pdb	6.207	14.165	0.0930233	24.330
swarm_52_161.pdb	9.927	28.466	0.0930233	24.260
swarm_17_3.pdb	9.307	25.498	0.0232558	24.246
swarm_8_171.pdb	9.030	26.939	0	24.073
swarm_46_193.pdb	8.245	27.325	0	24.026
swarm_6_144.pdb	7.534	21.270	0.0697674	23.951
swarm_27_66.pdb	8.926	26.870	0	23.864
swarm_64_86.pdb	6.180	14.214	0.116279	23.849
swarm_19_153.pdb	7.992	20.379	0.0232558	23.829
swarm_33_167.pdb	8.498	16.244	0	23.747
swarm_81_110.pdb	7.524	14.277	0.0930233	23.722
swarm_77_81.pdb	9.737	28.220	0.0232558	23.518
swarm_27_140.pdb	11.498	34.025	0	23.484
swarm_8_120.pdb	7.105	21.005	0.0697674	23.431
swarm_24_49.pdb	7.454	13.467	0	23.343
swarm_26_82.pdb	7.815	13.077	0	23.031
swarm_13_95.pdb	8.013	27.063	0	23.007
swarm_31_165.pdb	9.859	22.882	0.0232558	22.936
swarm_53_154.pdb	7.620	21.893	0.0697674	22.763
swarm_13_86.pdb	6.418	19.365	0.186047	22.668
swarm_44_183.pdb	10.975	36.873	0	22.578
swarm_51_98.pdb	8.958	19.545	0	22.547
swarm_37_172.pdb	9.542	31.059	0.0232558	22.491
swarm_51_170.pdb	10.397	27.917	0.116279	22.443
swarm_80_185.pdb	9.856	28.987	0.0232558	22.426
swarm_52_138.pdb	8.136	24.206	0.0232558	22.421
swarm_76_76.pdb	8.630	15.071	0	22.363
swarm_18_57.pdb	10.186	15.544	0	22.350
swarm_25_2.pdb	10.643	29.046	0	22.328
swarm_50_193.pdb	11.826	35.317	0	22.198
swarm_54_107.pdb	9.822	19.507	0.0232558	22.127
swarm_55_194.pdb	9.024	19.550	0.139535	22.092
swarm_59_159.pdb	7.870	17.037	0.0697674	22.071
swarm_65_138.pdb	7.930	16.904	0.0930233	21.960
swarm_69_166.pdb	9.369	25.267	0	21.924
swarm_20_3.pdb	7.972	18.788	0.0465116	21.844
swarm_28_67.pdb	8.613	16.178	0	21.763
swarm_14_166.pdb	7.381	25.896	0.0697674	21.707
swarm_20_32.pdb	10.748	28.456	0.0232558	21.623
swarm_82_189.pdb	8.779	22.641	0.0232558	21.205
swarm_67_62.pdb	6.377	13.043	0.0465116	21.157
swarm_29_97.pdb	7.440	16.213	0.139535	21.144
swarm_16_92.pdb	7.724	17.794	0.0232558	21.131
swarm_70_66.pdb	11.586	39.559	0	21.076
swarm_65_131.pdb	9.884	20.410	0.0465116	21.055
swarm_79_120.pdb	9.425	25.950	0	20.711
swarm_14_138.pdb	9.907	22.557	0.0465116	20.503
swarm_34_87.pdb	7.178	17.638	0.255814	20.483
swarm_19_29.pdb	10.188	26.768	0.116279	20.441
swarm_66_94.pdb	9.486	17.129	0	20.295
swarm_43_137.pdb	10.316	24.776	0	20.165
swarm_31_153.pdb	6.565	15.204	0.209302	20.116
swarm_63_22.pdb	7.682	23.456	0.0930233	19.997
swarm_27_126.pdb	9.003	23.692	0	19.716
swarm_84_158.pdb	9.805	19.298	0	19.688
swarm_21_0.pdb	10.282	16.050	0	19.584
swarm_40_71.pdb	8.364	18.140	0.0465116	19.514
swarm_10_85.pdb	11.955	27.685	0	19.411
swarm_48_95.pdb	8.258	20.833	0.0232558	19.383
swarm_32_171.pdb	8.163	20.736	0.0232558	19.373
swarm_79_170.pdb	11.417	33.948	0.0232558	19.129
swarm_33_93.pdb	7.298	14.206	0.0232558	19.046
swarm_72_114.pdb	10.477	25.397	0	18.977
swarm_76_195.pdb	9.311	22.660	0.0232558	18.662
swarm_28_189.pdb	9.644	14.657	0	18.648
swarm_55_85.pdb	8.860	23.417	0	18.631
swarm_41_78.pdb	13.085	38.103	0	18.254
swarm_32_146.pdb	11.725	31.554	0	18.128
swarm_82_145.pdb	10.927	34.567	0	17.834
swarm_6_125.pdb	7.921	13.553	0	17.638
swarm_49_175.pdb	10.137	30.910	0	17.637
swarm_4_0.pdb	8.364	22.930	0.0232558	17.534
swarm_35_0.pdb	8.618	26.706	0	17.503
swarm_37_61.pdb	9.995	30.786	0.0465116	17.303
swarm_62_87.pdb	10.518	27.146	0.186047	17.221
swarm_76_80.pdb	10.945	28.115	0.116279	16.938
swarm_42_165.pdb	10.522	30.268	0	16.527
swarm_29_86.pdb	8.277	24.952	0.0465116	15.945
swarm_63_84.pdb	10.129	29.489	0	15.671
swarm_31_138.pdb	9.275	18.267	0	15.585
swarm_41_20.pdb	10.872	37.346	0	14.886
swarm_82_0.pdb	11.955	33.301	0	14.733
swarm_55_197.pdb	7.627	22.217	0.0232558	14.194
swarm_69_16.pdb	10.797	31.014	0	13.981
swarm_74_134.pdb	11.226	40.526	0	13.745
swarm_76_129.pdb	10.292	18.889	0	13.387
swarm_23_85.pdb	8.982	15.503	0	13.331
swarm_4_151.pdb	9.348	17.056	0	12.206
swarm_7_100.pdb	8.757	22.895	0	10.506
swarm_58_13.pdb	11.609	37.642	0	9.860
swarm_30_40.pdb	5.056	13.418	0.139535	8.267
swarm_30_47.pdb	10.776	30.631	0	7.980
swarm_70_63.pdb	10.835	33.318	0	7.660
swarm_6_118.pdb	7.849	21.238	0.0930233	3.498
swarm_79_118.pdb	12.008	32.880	0	1.396
