swarm_14_88.pdb	14.428	22.177	0.0232558	42.804
swarm_21_73.pdb	3.701	6.194	0.395349	38.696
swarm_51_142.pdb	14.783	25.717	0.0232558	38.181
swarm_21_50.pdb	16.815	24.010	0.0465116	37.940
swarm_46_60.pdb	6.116	11.202	0.139535	37.781
swarm_40_106.pdb	4.182	12.181	0.27907	36.981
swarm_46_108.pdb	17.032	26.342	0	36.652
swarm_31_52.pdb	14.839	26.350	0.0232558	36.531
swarm_55_124.pdb	15.813	23.655	0.0465116	35.713
swarm_59_169.pdb	8.370	13.800	0.0465116	35.642
swarm_12_109.pdb	8.807	16.059	0.0465116	35.615
swarm_61_51.pdb	3.799	6.257	0.395349	34.996
swarm_52_112.pdb	7.312	12.580	0	34.735
swarm_62_79.pdb	6.228	11.469	0.302326	34.656
swarm_23_88.pdb	15.549	22.737	0.0232558	34.584
swarm_45_20.pdb	14.402	24.664	0.0697674	34.062
swarm_51_65.pdb	13.467	23.154	0.0465116	33.940
swarm_29_53.pdb	8.282	14.719	0.116279	33.559
swarm_25_120.pdb	4.248	10.990	0.0465116	33.484
swarm_12_74.pdb	7.489	13.168	0	33.302
swarm_57_150.pdb	15.738	26.593	0.0232558	33.228
swarm_28_114.pdb	6.827	12.735	0.139535	33.092
swarm_59_54.pdb	15.672	24.031	0.0232558	33.042
swarm_18_184.pdb	7.304	12.689	0.0465116	32.329
swarm_12_108.pdb	15.313	25.005	0.0232558	32.202
swarm_38_123.pdb	4.399	11.992	0.162791	32.200
swarm_46_42.pdb	7.921	15.922	0.139535	32.118
swarm_14_134.pdb	16.686	24.888	0.0232558	31.966
swarm_0_151.pdb	16.145	24.162	0.0465116	31.943
swarm_23_128.pdb	10.490	16.103	0	31.866
swarm_78_14.pdb	7.010	12.420	0.0697674	31.832
swarm_12_149.pdb	10.201	19.479	0	31.822
swarm_61_195.pdb	7.375	13.016	0.0930233	31.776
swarm_78_26.pdb	9.336	18.505	0	31.756
swarm_38_83.pdb	7.311	16.049	0.0697674	31.522
swarm_12_9.pdb	12.587	22.994	0.325581	31.453
swarm_57_62.pdb	14.268	24.714	0.0930233	31.365
swarm_14_25.pdb	7.214	15.143	0.0465116	31.139
swarm_57_64.pdb	9.554	19.556	0	31.069
swarm_7_170.pdb	14.587	24.742	0.0465116	30.980
swarm_61_29.pdb	9.135	23.599	0.139535	30.833
swarm_18_125.pdb	10.247	20.210	0.0232558	30.551
swarm_31_3.pdb	3.729	9.423	0.395349	30.445
swarm_52_48.pdb	11.257	21.267	0	30.433
swarm_53_164.pdb	11.057	19.843	0.0232558	30.391
swarm_52_25.pdb	6.741	15.533	0.0697674	30.385
swarm_57_40.pdb	11.536	22.253	0	30.355
swarm_14_157.pdb	15.597	23.991	0.0232558	30.268
swarm_54_64.pdb	6.844	9.936	0.0697674	30.265
swarm_1_21.pdb	5.553	12.469	0.116279	30.038
swarm_61_2.pdb	11.004	21.373	0	29.930
swarm_45_197.pdb	11.556	24.286	0	29.883
swarm_38_53.pdb	17.306	25.669	0.0465116	29.877
swarm_38_113.pdb	12.142	20.355	0.0697674	29.871
swarm_62_125.pdb	13.757	21.358	0.0465116	29.862
swarm_0_46.pdb	9.783	18.535	0.0930233	29.851
swarm_30_104.pdb	13.705	23.009	0.0697674	29.638
swarm_38_77.pdb	15.596	23.726	0.0465116	29.455
swarm_60_115.pdb	3.646	8.835	0.302326	29.453
swarm_25_150.pdb	13.386	24.814	0.0697674	29.360
swarm_43_163.pdb	14.599	26.810	0.0465116	29.332
swarm_22_108.pdb	13.752	24.608	0.0232558	29.257
swarm_1_119.pdb	13.660	22.249	0.0232558	29.206
swarm_55_91.pdb	12.146	22.184	0.0930233	29.133
swarm_0_188.pdb	10.285	17.985	0	29.086
swarm_75_8.pdb	6.890	11.827	0	29.028
swarm_75_33.pdb	9.218	14.422	0	29.022
swarm_51_44.pdb	9.508	15.555	0	29.008
swarm_61_53.pdb	8.442	16.378	0.0232558	28.881
swarm_38_178.pdb	13.457	21.680	0	28.850
swarm_1_155.pdb	13.537	25.967	0.0697674	28.842
swarm_19_108.pdb	10.971	16.721	0	28.704
swarm_19_4.pdb	12.355	23.178	0.0930233	28.695
swarm_62_135.pdb	15.516	22.330	0.0697674	28.610
swarm_21_136.pdb	17.296	25.556	0	28.599
swarm_54_25.pdb	12.763	21.455	0	28.593
swarm_31_168.pdb	9.090	15.308	0	28.556
swarm_23_65.pdb	12.515	20.680	0.0465116	28.454
swarm_75_84.pdb	15.798	23.441	0	28.266
swarm_59_145.pdb	10.899	17.526	0	28.253
swarm_60_177.pdb	6.639	21.251	0.0465116	28.231
swarm_78_5.pdb	13.129	22.459	0.0232558	28.034
swarm_75_191.pdb	13.995	20.978	0	27.977
swarm_68_56.pdb	15.084	27.804	0.0232558	27.957
swarm_1_112.pdb	14.368	25.020	0	27.838
swarm_23_4.pdb	10.271	18.574	0.0930233	27.748
swarm_40_29.pdb	15.713	28.355	0.0465116	27.546
swarm_21_193.pdb	13.878	22.108	0	27.507
swarm_62_46.pdb	8.395	15.398	0	27.330
swarm_1_29.pdb	14.687	22.736	0.0232558	27.225
swarm_54_66.pdb	13.157	21.122	0	27.177
swarm_0_34.pdb	10.739	18.552	0	27.160
swarm_62_192.pdb	11.621	18.386	0	26.928
swarm_21_187.pdb	9.542	15.443	0	26.928
swarm_16_26.pdb	16.591	32.673	0.0930233	26.820
swarm_52_16.pdb	16.506	28.172	0	26.816
swarm_12_189.pdb	11.812	17.949	0	26.773
swarm_75_164.pdb	14.886	23.254	0	26.766
swarm_40_131.pdb	11.328	20.212	0	26.655
swarm_78_25.pdb	5.193	16.454	0.0465116	26.644
swarm_27_177.pdb	16.693	24.766	0.0697674	26.546
swarm_55_157.pdb	15.864	23.173	0	26.518
swarm_60_106.pdb	5.181	16.190	0.0697674	26.471
swarm_59_141.pdb	7.851	12.016	0	26.416
swarm_59_122.pdb	7.212	10.252	0	26.318
swarm_40_12.pdb	14.453	22.771	0.0232558	26.276
swarm_14_115.pdb	12.416	24.592	0.0930233	26.259
swarm_28_112.pdb	10.657	17.485	0	26.252
swarm_78_163.pdb	14.718	24.445	0.0697674	26.177
swarm_71_6.pdb	15.249	29.322	0.0232558	26.078
swarm_18_108.pdb	10.325	14.841	0	26.027
swarm_5_145.pdb	5.268	10.803	0.27907	25.928
swarm_14_93.pdb	13.572	25.510	0.0465116	25.627
swarm_31_107.pdb	16.196	26.886	0	25.522
swarm_53_142.pdb	14.573	22.442	0	25.486
swarm_50_112.pdb	13.382	24.301	0.0930233	25.461
swarm_60_81.pdb	17.639	28.556	0	25.335
swarm_40_30.pdb	8.915	21.708	0	25.286
swarm_39_167.pdb	11.541	26.050	0	25.245
swarm_51_46.pdb	16.317	24.523	0.0697674	25.232
swarm_59_95.pdb	14.089	24.260	0.0465116	25.162
swarm_60_126.pdb	7.871	15.680	0	25.133
swarm_38_50.pdb	14.915	22.712	0.0232558	25.044
swarm_62_150.pdb	10.435	15.285	0	25.039
swarm_63_183.pdb	17.674	35.437	0.116279	24.950
swarm_40_136.pdb	15.774	29.146	0	24.882
swarm_27_132.pdb	15.080	23.442	0.0232558	24.640
swarm_66_69.pdb	9.172	25.234	0	24.494
swarm_43_199.pdb	14.143	26.262	0.0465116	24.388
swarm_62_94.pdb	12.768	19.775	0	24.291
swarm_29_173.pdb	12.068	18.395	0	24.226
swarm_28_12.pdb	14.781	22.723	0	24.179
swarm_49_132.pdb	10.375	21.697	0.0465116	24.001
swarm_0_164.pdb	13.850	23.854	0	23.958
swarm_75_119.pdb	9.538	18.115	0	23.950
swarm_14_152.pdb	8.676	13.897	0	23.849
swarm_1_151.pdb	16.395	30.578	0	23.685
swarm_73_47.pdb	14.576	32.653	0	23.651
swarm_27_32.pdb	10.461	24.208	0.0232558	23.589
swarm_25_82.pdb	14.833	23.877	0	23.527
swarm_15_183.pdb	7.780	19.583	0.0697674	23.470
swarm_58_165.pdb	11.188	27.178	0.0930233	23.379
swarm_62_187.pdb	13.835	21.811	0	23.375
swarm_59_48.pdb	15.479	22.400	0.0232558	23.348
swarm_57_6.pdb	10.630	18.359	0	23.343
swarm_7_108.pdb	14.070	23.282	0	23.332
swarm_66_163.pdb	14.754	27.279	0.0697674	23.309
swarm_15_72.pdb	15.647	28.138	0	23.255
swarm_21_5.pdb	13.486	21.726	0.0232558	23.236
swarm_7_125.pdb	14.452	25.403	0	23.153
swarm_38_199.pdb	10.807	19.235	0	23.051
swarm_15_186.pdb	12.250	24.510	0.0697674	23.023
swarm_27_187.pdb	16.527	24.067	0.0232558	22.953
swarm_6_155.pdb	16.069	25.669	0	22.934
swarm_57_1.pdb	13.556	21.800	0	22.851
swarm_58_14.pdb	14.898	26.719	0	22.842
swarm_19_81.pdb	14.023	27.276	0	22.815
swarm_61_57.pdb	10.519	18.867	0	22.809
swarm_0_137.pdb	11.575	16.652	0	22.720
swarm_52_29.pdb	17.367	28.667	0.0697674	22.652
swarm_55_1.pdb	8.522	17.635	0.0930233	22.482
swarm_55_129.pdb	15.223	22.953	0.0232558	22.144
swarm_60_175.pdb	8.969	16.817	0.0465116	22.007
swarm_53_43.pdb	7.690	17.483	0	21.924
swarm_30_35.pdb	11.727	26.273	0	21.886
swarm_12_187.pdb	9.850	16.856	0	21.816
swarm_31_123.pdb	17.276	28.686	0	21.732
swarm_52_23.pdb	10.222	22.461	0	21.645
swarm_53_167.pdb	13.531	21.058	0	21.611
swarm_62_112.pdb	11.268	20.829	0	21.605
swarm_53_175.pdb	14.001	20.746	0	21.549
swarm_28_139.pdb	10.125	18.647	0	21.539
swarm_29_110.pdb	12.754	22.568	0	21.347
swarm_30_165.pdb	15.345	27.118	0	21.328
swarm_61_80.pdb	11.077	18.852	0	21.282
swarm_19_194.pdb	12.553	22.995	0	21.279
swarm_46_141.pdb	9.303	14.023	0	21.198
swarm_51_178.pdb	12.902	24.289	0	21.053
swarm_0_153.pdb	17.060	24.325	0	21.039
swarm_46_35.pdb	16.369	25.160	0	20.999
swarm_17_35.pdb	12.564	36.315	0	20.913
swarm_58_70.pdb	9.742	23.438	0	20.890
swarm_46_51.pdb	13.861	21.925	0	20.837
swarm_7_26.pdb	15.507	24.281	0	20.775
swarm_63_63.pdb	15.936	27.203	0.0232558	20.758
swarm_53_178.pdb	11.958	17.629	0	20.744
swarm_25_1.pdb	9.099	23.125	0.0465116	20.518
swarm_19_29.pdb	12.660	21.684	0	20.503
swarm_4_93.pdb	15.785	28.146	0	20.372
swarm_7_46.pdb	18.082	28.734	0	20.360
swarm_6_142.pdb	12.842	23.831	0.0930233	20.221
swarm_15_83.pdb	13.786	30.511	0.0232558	20.129
swarm_23_92.pdb	13.897	20.845	0	20.035
swarm_18_111.pdb	16.492	27.692	0	19.913
swarm_68_111.pdb	12.159	24.319	0	19.903
swarm_33_116.pdb	14.341	31.592	0	19.839
swarm_53_88.pdb	11.934	19.708	0	19.803
swarm_58_150.pdb	4.844	14.225	0.0465116	19.562
swarm_61_56.pdb	4.183	8.701	0.44186	19.409
swarm_58_102.pdb	12.897	22.660	0	19.390
swarm_59_101.pdb	11.299	17.325	0	19.334
swarm_28_95.pdb	14.885	24.304	0	19.233
swarm_71_190.pdb	15.975	32.296	0	19.225
swarm_18_128.pdb	12.100	22.303	0	19.222
swarm_49_18.pdb	12.450	25.362	0	19.101
swarm_40_147.pdb	18.751	31.089	0	19.090
swarm_8_92.pdb	9.777	20.344	0	19.084
swarm_37_109.pdb	7.929	21.731	0.0232558	19.053
swarm_58_197.pdb	8.608	23.272	0.0930233	19.032
swarm_2_175.pdb	14.275	28.532	0.0232558	18.875
swarm_55_164.pdb	14.669	24.801	0	18.848
swarm_57_179.pdb	15.334	25.163	0	18.732
swarm_19_21.pdb	14.944	24.801	0	18.569
swarm_62_162.pdb	11.981	20.336	0	18.379
swarm_0_89.pdb	15.069	22.939	0	18.237
swarm_78_32.pdb	13.327	20.630	0	18.235
swarm_61_107.pdb	16.425	26.643	0	18.222
swarm_38_5.pdb	8.805	19.649	0	18.199
swarm_51_12.pdb	12.599	19.644	0	18.015
swarm_23_101.pdb	13.127	22.680	0.0697674	17.983
swarm_45_60.pdb	13.743	26.163	0	17.881
swarm_22_193.pdb	11.394	25.065	0.0232558	17.709
swarm_51_185.pdb	12.493	23.070	0	17.585
swarm_22_116.pdb	8.213	27.663	0.0465116	17.560
swarm_54_103.pdb	17.276	25.982	0	17.553
swarm_29_26.pdb	14.022	20.969	0	17.465
swarm_68_138.pdb	15.864	26.153	0.0930233	17.291
swarm_46_38.pdb	10.436	15.988	0	17.275
swarm_8_131.pdb	16.637	27.336	0	17.232
swarm_18_153.pdb	11.117	20.835	0.0232558	17.139
swarm_60_64.pdb	13.817	23.423	0	17.138
swarm_68_152.pdb	14.135	28.528	0	17.053
swarm_1_73.pdb	12.842	24.045	0	17.029
swarm_12_57.pdb	14.892	22.242	0	17.012
swarm_75_136.pdb	16.878	23.949	0	16.935
swarm_38_120.pdb	12.911	21.553	0	16.618
swarm_18_165.pdb	12.721	22.384	0	16.576
swarm_10_116.pdb	20.158	42.155	0	16.538
swarm_46_113.pdb	15.433	23.365	0.0232558	16.370
swarm_55_84.pdb	13.262	23.440	0	16.345
swarm_21_106.pdb	12.817	21.474	0	16.295
swarm_76_51.pdb	18.230	41.995	0	16.157
swarm_58_17.pdb	11.418	23.456	0	16.028
swarm_18_110.pdb	12.052	21.619	0.0232558	15.795
swarm_30_124.pdb	12.474	21.208	0	15.749
swarm_54_188.pdb	14.998	23.129	0	15.745
swarm_57_102.pdb	11.406	21.685	0.0465116	15.721
swarm_50_28.pdb	13.562	24.010	0	15.654
swarm_62_111.pdb	11.206	17.225	0	15.441
swarm_7_141.pdb	12.751	22.149	0	15.363
swarm_1_42.pdb	9.122	16.485	0	15.267
swarm_27_95.pdb	13.458	22.968	0	15.038
swarm_14_118.pdb	16.429	27.426	0	14.993
swarm_53_101.pdb	12.417	20.560	0	14.862
swarm_38_173.pdb	12.753	21.384	0	14.816
swarm_28_60.pdb	15.999	23.464	0	14.763
swarm_73_120.pdb	15.634	40.238	0	14.643
swarm_6_47.pdb	15.769	31.388	0	14.626
swarm_8_132.pdb	10.391	20.519	0	14.389
swarm_31_12.pdb	13.050	26.078	0	14.324
swarm_17_92.pdb	18.215	40.891	0	14.262
swarm_62_196.pdb	4.674	10.530	0.139535	14.205
swarm_38_27.pdb	14.594	23.269	0.0232558	14.012
swarm_60_91.pdb	15.703	28.932	0	13.954
swarm_23_130.pdb	14.984	21.844	0	13.916
swarm_8_139.pdb	13.682	24.808	0	13.762
swarm_33_35.pdb	15.046	33.688	0	13.759
swarm_53_154.pdb	15.015	25.322	0	13.374
swarm_23_112.pdb	15.637	22.307	0	13.251
swarm_61_171.pdb	17.076	26.167	0	13.058
swarm_29_62.pdb	14.556	23.995	0	12.912
swarm_7_158.pdb	15.146	29.900	0	12.487
swarm_23_149.pdb	14.628	24.139	0	11.803
swarm_68_19.pdb	16.598	28.785	0	11.781
swarm_43_151.pdb	14.794	30.784	0	11.730
swarm_7_173.pdb	15.165	25.045	0	11.671
swarm_62_104.pdb	13.149	21.042	0	11.639
swarm_14_194.pdb	12.705	23.564	0	10.562
swarm_53_36.pdb	15.123	21.126	0	10.002
swarm_6_97.pdb	13.711	24.136	0	7.283
swarm_12_59.pdb	15.784	24.084	0.0465116	6.827
swarm_12_184.pdb	5.468	14.184	0.27907	6.353
swarm_73_0.pdb	10.196	32.612	0	3.732
swarm_23_189.pdb	11.731	18.220	0	2.635
swarm_39_151.pdb	6.579	20.357	0	1.612
swarm_51_8.pdb	12.498	23.571	0.0232558	1.521
