swarm_25_116.pdb	10.045	13.761	0	35.783
swarm_13_5.pdb	4.784	10.247	0.276923	33.725
swarm_7_89.pdb	9.406	12.949	0	33.399
swarm_7_60.pdb	5.954	15.210	0.138462	32.601
swarm_17_69.pdb	9.948	14.631	0	31.766
swarm_3_76.pdb	13.025	29.639	0	31.488
swarm_16_114.pdb	10.355	15.573	0	30.979
swarm_25_113.pdb	8.830	14.115	0	29.807
swarm_10_48.pdb	9.568	14.491	0	29.751
swarm_18_190.pdb	10.731	18.653	0	29.457
swarm_12_99.pdb	8.909	13.580	0	29.414
swarm_20_147.pdb	9.234	14.232	0	29.343
swarm_8_57.pdb	10.306	15.511	0	29.245
swarm_24_176.pdb	10.121	14.750	0	28.647
swarm_2_185.pdb	8.707	13.780	0	28.297
swarm_9_144.pdb	9.671	13.528	0	27.771
swarm_13_112.pdb	10.821	17.329	0	27.632
swarm_17_49.pdb	12.829	27.116	0	27.430
swarm_23_156.pdb	7.270	20.254	0.0769231	27.014
swarm_3_32.pdb	12.071	26.828	0	26.883
swarm_11_49.pdb	9.772	18.203	0	26.439
swarm_22_135.pdb	7.748	22.407	0.0307692	26.251
swarm_9_133.pdb	10.533	17.310	0	26.010
swarm_15_4.pdb	10.461	24.050	0	25.849
swarm_4_150.pdb	12.606	27.423	0	25.367
swarm_0_141.pdb	7.344	12.923	0.0769231	25.310
swarm_5_123.pdb	7.450	20.888	0.0615385	25.258
swarm_8_20.pdb	9.988	19.406	0	25.108
swarm_19_106.pdb	10.505	14.773	0	25.010
swarm_1_102.pdb	10.246	18.315	0	24.056
swarm_5_77.pdb	13.660	27.856	0	23.792
swarm_19_61.pdb	6.017	14.955	0.123077	23.790
swarm_15_34.pdb	11.546	27.820	0	23.745
swarm_7_56.pdb	9.833	18.156	0	23.528
swarm_0_10.pdb	10.046	14.362	0	23.445
swarm_11_67.pdb	7.184	12.481	0.107692	23.344
swarm_22_13.pdb	13.843	26.829	0	23.202
swarm_2_133.pdb	10.226	23.976	0	23.150
swarm_1_93.pdb	7.077	19.522	0.0615385	22.782
swarm_7_181.pdb	7.102	15.002	0.0307692	22.605
swarm_21_187.pdb	10.293	20.059	0	22.587
swarm_16_186.pdb	7.544	16.964	0	22.481
swarm_13_40.pdb	8.929	19.470	0.138462	22.119
swarm_11_153.pdb	10.896	21.727	0	22.108
swarm_13_41.pdb	8.454	24.284	0.0307692	21.968
swarm_0_113.pdb	7.843	12.311	0.0461538	21.886
swarm_16_103.pdb	10.129	20.016	0	21.652
swarm_21_143.pdb	7.032	11.044	0.0923077	21.335
swarm_10_186.pdb	6.624	11.229	0.261538	21.256
swarm_8_50.pdb	8.589	18.863	0.123077	20.896
swarm_23_198.pdb	9.878	16.349	0	20.767
swarm_12_52.pdb	8.051	13.880	0.138462	20.724
swarm_15_36.pdb	8.745	22.645	0	20.453
swarm_14_4.pdb	9.229	12.907	0	20.359
swarm_16_72.pdb	5.626	12.259	0.0461538	20.312
swarm_1_77.pdb	13.498	26.163	0	20.288
swarm_16_166.pdb	9.086	20.614	0.138462	20.020
swarm_24_16.pdb	7.752	12.568	0.0461538	19.792
swarm_6_121.pdb	7.964	21.769	0.0307692	19.455
swarm_6_79.pdb	12.909	19.223	0	19.241
swarm_15_29.pdb	11.976	22.791	0	19.089
swarm_24_144.pdb	9.430	14.426	0	19.039
swarm_12_96.pdb	9.693	15.043	0	18.989
swarm_3_59.pdb	12.952	20.569	0	18.833
swarm_14_34.pdb	6.953	11.535	0.169231	18.561
swarm_24_61.pdb	7.491	15.891	0.0769231	18.468
swarm_3_145.pdb	8.421	22.076	0.0153846	17.713
swarm_6_88.pdb	12.354	28.741	0	17.560
swarm_21_51.pdb	11.049	25.515	0	17.495
swarm_12_80.pdb	5.566	11.143	0.0461538	17.410
swarm_21_12.pdb	8.825	19.090	0.0307692	17.170
swarm_18_183.pdb	7.655	17.963	0.0769231	16.891
swarm_18_148.pdb	11.902	27.217	0	16.837
swarm_15_61.pdb	12.402	28.907	0	16.785
swarm_18_16.pdb	8.550	17.630	0	16.724
swarm_0_139.pdb	11.385	20.408	0	16.131
swarm_10_139.pdb	8.583	16.495	0.0307692	16.100
swarm_24_123.pdb	12.410	18.509	0	15.968
swarm_18_27.pdb	7.397	21.708	0.0153846	15.691
swarm_0_5.pdb	9.535	16.141	0	15.608
swarm_2_146.pdb	7.352	22.871	0.0461538	15.421
swarm_9_81.pdb	6.694	18.739	0.0461538	15.068
swarm_12_131.pdb	9.585	16.346	0	15.059
swarm_15_137.pdb	10.737	31.533	0	14.946
swarm_11_33.pdb	8.105	20.431	0.0307692	12.820
swarm_23_159.pdb	7.744	19.856	0.0153846	12.687
swarm_14_113.pdb	8.736	16.128	0.0153846	12.568
swarm_14_60.pdb	5.087	12.978	0.461538	11.127
swarm_9_194.pdb	8.110	17.515	0	10.947
swarm_25_133.pdb	6.994	11.756	0.0307692	9.928
swarm_3_182.pdb	6.270	16.534	0.123077	9.867
swarm_14_3.pdb	9.405	17.055	0.0923077	9.161
swarm_19_16.pdb	7.598	12.013	0	8.720
swarm_20_138.pdb	7.074	15.475	0.0307692	7.191
swarm_1_189.pdb	10.532	25.774	0	3.485
swarm_9_97.pdb	7.980	18.221	0.0461538	1.248
