swarm_16_148.pdb	16.721	37.052	0	31.794
swarm_61_34.pdb	17.609	39.657	0	30.351
swarm_54_50.pdb	16.009	36.713	0	29.863
swarm_23_193.pdb	16.678	39.133	0	29.628
swarm_56_138.pdb	15.934	35.321	0	29.577
swarm_10_0.pdb	17.253	35.544	0	29.288
swarm_3_12.pdb	15.588	34.557	0	28.735
swarm_49_4.pdb	12.701	34.211	0.0153846	28.547
swarm_61_22.pdb	15.622	36.821	0	28.491
swarm_47_45.pdb	17.014	39.604	0	28.207
swarm_64_90.pdb	10.979	37.769	0	27.789
swarm_20_25.pdb	14.824	40.150	0	27.639
swarm_24_53.pdb	17.056	37.620	0	27.143
swarm_45_128.pdb	16.388	37.718	0	26.933
swarm_58_150.pdb	13.900	39.595	0	26.729
swarm_1_21.pdb	16.144	36.312	0	26.665
swarm_59_111.pdb	15.440	33.178	0	26.125
swarm_18_146.pdb	15.424	32.941	0	25.878
swarm_0_93.pdb	15.370	40.192	0	25.856
swarm_4_158.pdb	16.773	42.903	0	25.342
swarm_25_156.pdb	16.035	36.349	0	25.281
swarm_16_71.pdb	16.490	33.164	0	25.173
swarm_2_68.pdb	17.629	37.350	0	24.792
swarm_13_23.pdb	13.958	28.133	0.0153846	24.757
swarm_38_69.pdb	16.326	39.385	0	24.703
swarm_10_158.pdb	17.233	38.528	0	24.439
swarm_51_186.pdb	15.495	37.708	0	24.397
swarm_20_123.pdb	16.337	34.854	0	24.384
swarm_11_195.pdb	15.678	35.446	0	24.329
swarm_12_170.pdb	16.941	37.417	0	24.155
swarm_60_90.pdb	13.997	31.419	0	23.903
swarm_31_86.pdb	13.729	22.033	0	23.898
swarm_34_11.pdb	16.514	37.685	0	23.886
swarm_64_3.pdb	15.560	35.205	0	23.864
swarm_28_2.pdb	14.224	28.822	0	23.853
swarm_54_79.pdb	15.079	40.523	0	23.807
swarm_34_145.pdb	16.799	38.860	0	23.795
swarm_40_194.pdb	16.796	36.852	0	23.710
swarm_6_187.pdb	16.812	37.580	0	23.607
swarm_58_199.pdb	15.708	40.595	0.0307692	23.523
swarm_30_80.pdb	8.366	23.232	0	23.442
swarm_28_92.pdb	16.314	29.342	0	23.421
swarm_18_108.pdb	15.819	31.142	0	23.364
swarm_56_43.pdb	17.322	39.403	0	23.313
swarm_60_179.pdb	16.446	41.596	0.0307692	23.310
swarm_51_187.pdb	18.232	41.505	0	23.279
swarm_11_100.pdb	16.545	38.266	0	23.262
swarm_44_58.pdb	11.080	39.448	0	23.034
swarm_31_59.pdb	15.110	27.244	0	22.989
swarm_60_107.pdb	16.134	36.876	0	22.968
swarm_60_171.pdb	17.151	36.237	0	22.811
swarm_44_55.pdb	15.784	34.478	0	22.811
swarm_4_24.pdb	16.993	41.164	0	22.778
swarm_6_120.pdb	18.284	40.527	0	22.711
swarm_9_163.pdb	16.212	35.822	0	22.696
swarm_0_118.pdb	17.512	38.944	0	22.500
swarm_64_173.pdb	15.827	38.173	0	22.497
swarm_47_186.pdb	16.063	45.515	0	22.431
swarm_61_80.pdb	8.801	31.995	0	22.425
swarm_34_96.pdb	17.498	40.288	0	22.362
swarm_42_146.pdb	15.990	36.216	0	22.333
swarm_37_15.pdb	15.830	35.912	0	22.294
swarm_14_52.pdb	14.951	29.261	0	22.219
swarm_24_69.pdb	16.694	39.269	0	22.174
swarm_42_38.pdb	15.932	32.122	0	22.145
swarm_64_182.pdb	16.052	36.910	0	22.141
swarm_31_99.pdb	13.625	23.618	0.0307692	22.106
swarm_47_72.pdb	14.423	39.082	0	22.088
swarm_29_0.pdb	10.916	28.243	0	21.970
swarm_20_167.pdb	16.267	36.019	0	21.961
swarm_8_18.pdb	9.614	25.776	0.0769231	21.944
swarm_4_45.pdb	18.358	40.101	0	21.921
swarm_27_132.pdb	17.469	32.059	0	21.919
swarm_56_70.pdb	16.837	39.445	0	21.916
swarm_14_187.pdb	16.367	30.344	0	21.906
swarm_51_74.pdb	18.410	39.885	0	21.897
swarm_25_22.pdb	16.075	35.594	0	21.850
swarm_37_118.pdb	14.791	34.989	0.0461538	21.810
swarm_9_25.pdb	16.301	33.452	0	21.727
swarm_14_18.pdb	10.193	28.605	0	21.696
swarm_23_7.pdb	15.715	41.314	0	21.665
swarm_11_152.pdb	16.071	29.720	0	21.556
swarm_61_26.pdb	16.844	39.708	0	21.511
swarm_10_182.pdb	17.490	38.892	0	21.507
swarm_26_175.pdb	16.573	30.355	0	21.489
swarm_36_160.pdb	14.025	22.236	0.0307692	21.488
swarm_34_49.pdb	16.536	37.060	0	21.485
swarm_63_101.pdb	14.065	29.729	0	21.458
swarm_6_194.pdb	16.641	40.831	0	21.418
swarm_23_97.pdb	12.859	35.575	0	21.311
swarm_18_122.pdb	10.440	25.866	0	21.279
swarm_1_96.pdb	17.943	40.840	0	21.264
swarm_48_43.pdb	16.909	39.040	0	21.162
swarm_23_60.pdb	17.226	40.888	0	21.112
swarm_47_48.pdb	19.192	44.054	0	21.109
swarm_15_59.pdb	12.752	32.148	0.0153846	21.088
swarm_38_58.pdb	15.505	42.611	0	21.059
swarm_1_192.pdb	17.019	38.251	0	21.049
swarm_63_120.pdb	9.082	27.424	0.0615385	21.018
swarm_58_35.pdb	16.274	41.071	0.0153846	20.927
swarm_38_80.pdb	18.301	41.855	0	20.924
swarm_11_52.pdb	18.691	38.684	0	20.884
swarm_37_18.pdb	15.013	37.793	0	20.814
swarm_0_51.pdb	17.273	42.799	0	20.814
swarm_4_105.pdb	17.254	37.102	0	20.751
swarm_63_140.pdb	16.813	37.046	0	20.700
swarm_14_66.pdb	16.279	32.980	0	20.690
swarm_23_189.pdb	13.392	38.239	0	20.613
swarm_49_35.pdb	15.906	32.726	0	20.592
swarm_39_11.pdb	10.931	19.868	0.0923077	20.502
swarm_63_118.pdb	13.285	35.447	0	20.423
swarm_6_63.pdb	8.702	34.946	0	20.335
swarm_1_174.pdb	15.914	38.841	0.0461538	20.316
swarm_23_162.pdb	16.724	33.778	0	20.281
swarm_25_110.pdb	16.084	32.312	0	20.253
swarm_2_143.pdb	16.419	37.944	0	20.232
swarm_16_196.pdb	16.220	35.033	0	20.219
swarm_0_117.pdb	16.218	42.844	0	20.208
swarm_51_54.pdb	13.796	37.685	0.0307692	20.202
swarm_57_49.pdb	14.778	20.800	0	20.184
swarm_23_87.pdb	18.072	43.090	0	20.161
swarm_6_6.pdb	12.687	41.644	0	20.156
swarm_48_94.pdb	17.068	37.265	0	20.150
swarm_23_72.pdb	16.897	38.705	0.0153846	20.119
swarm_62_187.pdb	17.346	39.873	0	20.107
swarm_48_100.pdb	17.010	37.472	0.0153846	20.099
swarm_4_72.pdb	15.498	37.855	0.0307692	20.092
swarm_37_36.pdb	17.455	34.169	0	20.085
swarm_5_15.pdb	16.988	35.222	0	20.039
swarm_62_157.pdb	17.047	39.538	0	20.034
swarm_23_123.pdb	14.210	38.540	0	19.958
swarm_34_73.pdb	13.087	36.122	0	19.954
swarm_58_195.pdb	16.685	37.522	0	19.951
swarm_61_137.pdb	15.979	34.317	0	19.944
swarm_42_31.pdb	15.168	33.560	0	19.905
swarm_64_4.pdb	13.960	35.397	0.0153846	19.886
swarm_23_160.pdb	16.190	37.587	0.0153846	19.867
swarm_25_108.pdb	12.871	29.238	0	19.841
swarm_4_41.pdb	15.794	36.756	0.0153846	19.828
swarm_58_40.pdb	16.934	36.383	0	19.688
swarm_26_197.pdb	9.192	31.392	0	19.606
swarm_20_170.pdb	14.095	31.016	0	19.601
swarm_32_71.pdb	12.919	28.902	0.0153846	19.581
swarm_59_59.pdb	16.168	34.791	0	19.569
swarm_4_119.pdb	17.175	38.285	0	19.542
swarm_6_166.pdb	17.001	41.224	0	19.505
swarm_37_170.pdb	15.076	32.822	0	19.503
swarm_14_182.pdb	15.839	30.020	0.0307692	19.431
swarm_6_43.pdb	12.414	42.654	0	19.376
swarm_33_158.pdb	13.993	22.958	0.0461538	19.316
swarm_43_106.pdb	16.205	39.091	0	19.313
swarm_20_194.pdb	17.211	39.118	0	19.276
swarm_32_32.pdb	15.495	31.075	0	19.240
swarm_20_182.pdb	16.351	36.024	0	19.238
swarm_44_177.pdb	14.424	43.068	0.0153846	19.220
swarm_48_72.pdb	16.991	37.253	0	19.189
swarm_20_73.pdb	17.037	40.789	0	19.189
swarm_48_157.pdb	17.431	36.330	0	19.175
swarm_38_137.pdb	17.087	37.161	0	19.157
swarm_54_154.pdb	16.511	42.228	0	19.154
swarm_63_130.pdb	16.037	31.771	0	19.126
swarm_24_160.pdb	15.457	39.023	0	19.049
swarm_38_12.pdb	17.505	37.625	0	19.045
swarm_6_48.pdb	16.864	37.256	0.0153846	18.865
swarm_43_72.pdb	18.338	37.256	0	18.784
swarm_27_126.pdb	16.495	28.402	0	18.773
swarm_10_176.pdb	15.118	28.979	0	18.743
swarm_33_130.pdb	16.076	29.975	0	18.741
swarm_56_24.pdb	16.816	37.196	0	18.703
swarm_61_118.pdb	14.619	35.864	0	18.701
swarm_38_24.pdb	14.601	44.441	0	18.682
swarm_26_117.pdb	15.796	35.444	0	18.643
swarm_38_138.pdb	18.252	43.130	0	18.617
swarm_10_102.pdb	15.559	33.242	0	18.609
swarm_37_101.pdb	16.903	43.471	0	18.516
swarm_8_138.pdb	14.685	25.690	0	18.421
swarm_24_134.pdb	15.462	40.098	0	18.402
swarm_48_186.pdb	17.196	35.038	0	18.277
swarm_59_71.pdb	17.460	40.462	0	18.276
swarm_18_117.pdb	17.463	33.658	0	18.242
swarm_49_98.pdb	16.663	38.907	0	18.234
swarm_56_167.pdb	17.646	38.597	0	18.210
swarm_9_179.pdb	15.826	33.024	0	18.203
swarm_33_71.pdb	16.341	31.369	0	18.194
swarm_25_102.pdb	15.188	32.771	0	18.006
swarm_54_119.pdb	16.613	35.014	0	17.997
swarm_23_79.pdb	12.940	38.954	0	17.996
swarm_64_109.pdb	15.126	31.203	0	17.983
swarm_44_125.pdb	15.877	34.112	0.0461538	17.970
swarm_9_0.pdb	17.695	41.741	0	17.860
swarm_47_109.pdb	16.198	45.705	0	17.771
swarm_48_38.pdb	15.276	34.012	0.0153846	17.753
swarm_13_118.pdb	11.538	30.748	0	17.735
swarm_16_90.pdb	12.155	37.795	0	17.731
swarm_11_125.pdb	15.776	33.062	0	17.727
swarm_16_74.pdb	13.913	28.133	0	17.710
swarm_13_140.pdb	16.120	29.026	0	17.688
swarm_58_1.pdb	14.256	36.484	0.0615385	17.673
swarm_13_155.pdb	16.930	34.755	0	17.577
swarm_10_44.pdb	15.995	37.903	0	17.495
swarm_23_52.pdb	13.923	38.592	0	17.486
swarm_11_55.pdb	16.417	31.317	0	17.462
swarm_31_81.pdb	9.772	27.324	0	17.443
swarm_54_41.pdb	17.067	42.122	0	17.367
swarm_63_82.pdb	14.453	28.072	0	17.341
swarm_19_161.pdb	14.622	28.589	0	17.299
swarm_37_31.pdb	13.565	36.025	0	17.290
swarm_61_107.pdb	17.141	36.144	0	17.132
swarm_51_141.pdb	15.739	44.476	0	16.977
swarm_58_189.pdb	13.299	29.683	0	16.966
swarm_14_184.pdb	10.647	27.082	0.0153846	16.900
swarm_50_76.pdb	8.827	32.004	0	16.891
swarm_58_181.pdb	12.699	32.852	0.0461538	16.871
swarm_54_116.pdb	18.138	36.857	0	16.779
swarm_41_43.pdb	14.196	29.176	0	16.756
swarm_44_16.pdb	16.851	38.710	0	16.733
swarm_32_18.pdb	14.184	25.901	0.0153846	16.729
swarm_43_82.pdb	18.100	45.099	0	16.718
swarm_53_157.pdb	11.492	24.434	0.0153846	16.684
swarm_33_164.pdb	10.113	25.331	0.0307692	16.600
swarm_5_117.pdb	16.859	37.134	0	16.537
swarm_62_60.pdb	17.257	44.291	0.0153846	16.363
swarm_1_115.pdb	10.794	35.725	0	16.290
swarm_7_69.pdb	14.776	27.903	0	16.286
swarm_13_25.pdb	11.414	32.087	0	16.232
swarm_44_6.pdb	16.768	37.372	0	16.087
swarm_13_30.pdb	16.529	33.969	0	16.078
swarm_32_197.pdb	14.726	22.785	0	16.003
swarm_25_119.pdb	16.108	38.743	0	15.911
swarm_54_198.pdb	18.337	36.305	0	15.874
swarm_61_30.pdb	14.321	34.842	0	15.849
swarm_25_28.pdb	13.894	31.400	0	15.773
swarm_37_138.pdb	15.641	34.842	0	15.659
swarm_41_150.pdb	13.215	25.887	0	15.597
swarm_21_158.pdb	12.203	25.981	0.0307692	15.531
swarm_26_138.pdb	13.066	35.937	0	15.488
swarm_13_97.pdb	16.233	38.866	0	15.474
swarm_46_143.pdb	16.130	30.710	0	15.437
swarm_8_106.pdb	15.585	27.816	0	15.346
swarm_50_27.pdb	8.421	21.995	0.0307692	15.263
swarm_14_63.pdb	17.070	37.932	0	15.261
swarm_13_0.pdb	15.181	32.999	0.0307692	15.196
swarm_34_77.pdb	15.434	37.092	0	15.195
swarm_20_128.pdb	14.238	35.945	0	15.116
swarm_38_88.pdb	14.696	37.194	0	15.017
swarm_20_132.pdb	15.458	44.622	0	14.957
swarm_46_59.pdb	14.260	34.439	0.0461538	14.862
swarm_8_47.pdb	9.895	23.444	0	14.822
swarm_50_51.pdb	14.023	31.611	0	14.741
swarm_28_196.pdb	7.444	19.897	0.0461538	14.689
swarm_11_194.pdb	16.862	33.373	0	14.688
swarm_23_94.pdb	17.187	43.600	0	14.657
swarm_43_113.pdb	17.628	43.588	0	14.649
swarm_43_174.pdb	15.503	36.563	0	14.604
swarm_56_89.pdb	10.449	35.826	0	14.563
swarm_56_75.pdb	16.846	33.396	0	14.553
swarm_6_15.pdb	13.154	34.615	0	14.522
swarm_11_72.pdb	16.017	33.666	0	14.445
swarm_34_32.pdb	15.784	36.693	0	14.437
swarm_28_10.pdb	15.752	34.588	0	14.274
swarm_1_69.pdb	17.348	39.601	0	14.217
swarm_18_144.pdb	15.684	28.867	0	14.143
swarm_25_131.pdb	15.802	35.766	0	14.123
swarm_16_167.pdb	16.907	35.859	0	14.096
swarm_63_111.pdb	11.935	30.308	0.0307692	14.071
swarm_59_95.pdb	14.641	37.889	0	13.977
swarm_60_157.pdb	14.111	41.146	0	13.928
swarm_11_180.pdb	18.097	38.627	0	13.885
swarm_14_72.pdb	15.895	30.771	0	13.875
swarm_18_63.pdb	10.372	29.058	0	13.834
swarm_46_63.pdb	15.720	33.004	0	13.819
swarm_46_55.pdb	16.101	29.645	0.0153846	13.728
swarm_32_35.pdb	15.274	29.981	0	13.724
swarm_63_112.pdb	9.904	25.507	0	13.718
swarm_10_139.pdb	11.655	31.673	0	13.678
swarm_46_196.pdb	16.240	31.438	0	13.677
swarm_11_105.pdb	16.850	31.456	0	13.577
swarm_13_28.pdb	14.520	32.880	0.0461538	13.339
swarm_33_51.pdb	13.696	28.198	0.0153846	13.294
swarm_26_132.pdb	16.844	35.204	0	13.290
swarm_5_175.pdb	14.572	35.184	0	13.167
swarm_59_156.pdb	17.918	42.386	0	13.094
swarm_5_123.pdb	16.701	29.393	0	13.083
swarm_57_132.pdb	11.719	17.990	0.0461538	12.829
swarm_50_72.pdb	9.484	28.827	0	12.795
swarm_5_179.pdb	16.665	37.302	0	12.517
swarm_23_159.pdb	14.171	38.728	0	12.394
swarm_53_118.pdb	13.172	31.243	0	12.275
swarm_6_170.pdb	17.559	39.937	0	12.046
swarm_58_29.pdb	16.182	39.510	0	12.015
swarm_61_97.pdb	15.778	28.547	0	11.959
swarm_26_58.pdb	13.214	29.449	0	11.946
swarm_61_151.pdb	12.832	36.588	0	11.836
swarm_41_90.pdb	15.942	29.602	0	11.783
swarm_50_182.pdb	8.556	31.341	0.0615385	11.736
swarm_4_30.pdb	14.236	43.596	0	11.400
swarm_33_77.pdb	13.696	26.180	0	11.302
swarm_16_127.pdb	15.637	33.648	0	11.226
swarm_38_194.pdb	12.778	39.965	0	11.213
swarm_43_44.pdb	14.942	42.432	0	11.179
swarm_43_21.pdb	17.915	42.083	0	11.149
swarm_50_169.pdb	16.100	33.074	0	10.739
swarm_5_120.pdb	10.776	31.379	0.0153846	10.720
swarm_32_195.pdb	14.964	32.609	0	10.630
swarm_47_101.pdb	17.378	36.048	0	10.577
swarm_43_125.pdb	16.257	42.304	0	10.100
swarm_47_60.pdb	17.384	42.779	0	7.055
swarm_23_195.pdb	12.196	38.499	0.0615385	6.775
swarm_50_85.pdb	12.320	29.511	0	2.965
swarm_44_190.pdb	15.036	29.296	0	2.377
swarm_34_166.pdb	16.871	35.619	0	1.598
swarm_13_6.pdb	13.723	35.367	0	0.574
swarm_64_68.pdb	13.529	33.050	0	0.529
swarm_13_128.pdb	9.872	31.197	0	0.219
