swarm_8_147.pdb	7.059	14.537	0	42.791
swarm_6_52.pdb	6.905	11.415	0.0923077	41.810
swarm_5_147.pdb	6.907	11.165	0.0615385	39.088
swarm_7_93.pdb	7.516	13.131	0.0769231	38.837
swarm_4_20.pdb	6.863	10.849	0.138462	37.234
swarm_5_172.pdb	7.063	13.573	0	33.769
swarm_1_135.pdb	7.222	13.673	0	33.000
swarm_3_102.pdb	7.170	13.250	0	31.714
swarm_8_54.pdb	6.207	9.030	0.0923077	29.290
swarm_4_14.pdb	7.525	12.365	0	26.264
swarm_7_76.pdb	5.688	7.618	0.184615	19.717
swarm_8_91.pdb	5.958	11.935	0.107692	9.756
swarm_6_22.pdb	7.542	14.094	0.107692	4.565
