swarm_32_93.pdb	11.435	24.139	0.0307692	32.285
swarm_59_66.pdb	10.811	22.194	0.0153846	31.887
swarm_16_148.pdb	16.721	37.052	0	31.794
swarm_61_34.pdb	17.609	39.657	0	30.351
swarm_54_50.pdb	16.009	36.713	0	29.863
swarm_9_63.pdb	12.682	18.566	0	29.632
swarm_23_193.pdb	16.678	39.133	0	29.628
swarm_56_138.pdb	15.934	35.321	0	29.577
swarm_10_0.pdb	17.253	35.544	0	29.288
swarm_3_12.pdb	15.588	34.557	0	28.735
swarm_49_4.pdb	12.701	34.211	0.0153846	28.547
swarm_61_22.pdb	15.622	36.821	0	28.491
swarm_47_45.pdb	17.014	39.604	0	28.207
swarm_64_90.pdb	10.979	37.769	0	27.789
swarm_20_25.pdb	14.824	40.150	0	27.639
swarm_30_62.pdb	10.649	20.526	0.0153846	27.285
swarm_9_30.pdb	15.144	27.752	0	27.256
swarm_46_108.pdb	7.365	19.791	0.0923077	27.189
swarm_24_53.pdb	17.056	37.620	0	27.143
swarm_30_146.pdb	6.847	16.764	0.123077	27.141
swarm_10_22.pdb	15.168	26.381	0.0461538	27.079
swarm_45_128.pdb	16.388	37.718	0	26.933
swarm_58_150.pdb	13.900	39.595	0	26.729
swarm_15_49.pdb	13.177	27.926	0	26.669
swarm_1_21.pdb	16.144	36.312	0	26.665
swarm_9_150.pdb	8.688	18.625	0.0923077	26.606
swarm_66_138.pdb	14.191	26.393	0.0923077	26.482
swarm_20_121.pdb	14.836	24.685	0.0769231	26.164
swarm_59_111.pdb	15.440	33.178	0	26.125
swarm_70_122.pdb	17.078	35.812	0	25.884
swarm_18_146.pdb	15.424	32.941	0	25.878
swarm_0_93.pdb	15.370	40.192	0	25.856
swarm_54_2.pdb	11.190	19.047	0	25.732
swarm_46_183.pdb	14.114	29.393	0	25.732
swarm_54_29.pdb	8.812	23.213	0.0307692	25.479
swarm_4_158.pdb	16.773	42.903	0	25.342
swarm_25_156.pdb	16.035	36.349	0	25.281
swarm_16_71.pdb	16.490	33.164	0	25.173
swarm_32_197.pdb	15.226	24.572	0.0615385	25.158
swarm_1_83.pdb	14.362	23.569	0	24.873
swarm_2_68.pdb	17.629	37.350	0	24.792
swarm_13_23.pdb	13.958	28.133	0.0153846	24.757
swarm_38_69.pdb	16.326	39.385	0	24.703
swarm_67_113.pdb	13.710	19.416	0	24.630
swarm_12_128.pdb	14.204	21.354	0	24.574
swarm_6_155.pdb	14.685	25.552	0	24.443
swarm_10_158.pdb	17.233	38.528	0	24.439
swarm_2_128.pdb	8.542	19.966	0.107692	24.424
swarm_51_186.pdb	15.495	37.708	0	24.397
swarm_20_123.pdb	16.337	34.854	0	24.384
swarm_17_86.pdb	5.700	14.973	0.107692	24.378
swarm_11_195.pdb	15.678	35.446	0	24.329
swarm_16_87.pdb	14.329	27.391	0.0153846	24.279
swarm_39_160.pdb	14.952	29.086	0.0153846	24.237
swarm_12_170.pdb	16.941	37.417	0	24.155
swarm_57_196.pdb	15.790	24.639	0	24.069
swarm_32_178.pdb	6.982	16.128	0.0923077	23.993
swarm_30_11.pdb	14.455	21.697	0	23.986
swarm_52_172.pdb	14.012	21.128	0	23.950
swarm_60_90.pdb	13.997	31.419	0	23.903
swarm_31_86.pdb	13.729	22.033	0	23.898
swarm_9_197.pdb	9.229	31.246	0	23.893
swarm_34_11.pdb	16.514	37.685	0	23.886
swarm_64_3.pdb	15.560	35.205	0	23.864
swarm_28_2.pdb	14.224	28.822	0	23.853
swarm_54_79.pdb	15.079	40.523	0	23.807
swarm_34_145.pdb	16.799	38.860	0	23.795
swarm_55_102.pdb	15.421	24.722	0	23.762
swarm_40_194.pdb	16.796	36.852	0	23.710
swarm_5_45.pdb	14.914	32.525	0.0153846	23.694
swarm_6_187.pdb	16.812	37.580	0	23.607
swarm_14_181.pdb	14.489	33.961	0	23.561
swarm_58_199.pdb	15.708	40.595	0.0307692	23.523
swarm_28_119.pdb	16.518	37.548	0	23.519
swarm_46_137.pdb	12.585	27.509	0	23.516
swarm_30_80.pdb	8.366	23.232	0	23.442
swarm_28_92.pdb	16.314	29.342	0	23.421
swarm_9_148.pdb	14.678	25.735	0.0307692	23.403
swarm_18_108.pdb	15.819	31.142	0	23.364
swarm_34_56.pdb	14.091	24.004	0.0615385	23.357
swarm_56_43.pdb	17.322	39.403	0	23.313
swarm_60_179.pdb	16.446	41.596	0.0307692	23.310
swarm_51_187.pdb	18.232	41.505	0	23.279
swarm_11_100.pdb	16.545	38.266	0	23.262
swarm_22_33.pdb	6.401	18.647	0.0461538	23.185
swarm_19_82.pdb	14.663	28.036	0.0307692	23.178
swarm_44_46.pdb	9.044	27.244	0.0307692	23.046
swarm_44_58.pdb	11.080	39.448	0	23.034
swarm_9_198.pdb	13.705	22.021	0	23.033
swarm_31_59.pdb	15.110	27.244	0	22.989
swarm_53_84.pdb	17.556	33.028	0	22.985
swarm_47_170.pdb	18.088	35.920	0	22.971
swarm_60_107.pdb	16.134	36.876	0	22.968
swarm_9_84.pdb	10.854	20.280	0.0153846	22.946
swarm_63_179.pdb	16.130	33.573	0	22.898
swarm_55_137.pdb	15.261	35.916	0	22.878
swarm_60_171.pdb	17.151	36.237	0	22.811
swarm_44_55.pdb	15.784	34.478	0	22.811
swarm_69_169.pdb	17.554	38.748	0	22.805
swarm_4_24.pdb	16.993	41.164	0	22.778
swarm_59_82.pdb	14.009	26.109	0	22.777
swarm_30_150.pdb	11.017	16.394	0.0769231	22.768
swarm_6_120.pdb	18.284	40.527	0	22.711
swarm_9_163.pdb	16.212	35.822	0	22.696
swarm_5_151.pdb	17.718	34.738	0	22.630
swarm_31_64.pdb	14.507	24.300	0.0769231	22.580
swarm_78_191.pdb	11.342	37.958	0	22.566
swarm_32_84.pdb	14.464	19.675	0.0153846	22.511
swarm_0_118.pdb	17.512	38.944	0	22.500
swarm_64_173.pdb	15.827	38.173	0	22.497
swarm_74_39.pdb	15.010	23.379	0	22.467
swarm_47_186.pdb	16.063	45.515	0	22.431
swarm_59_72.pdb	11.963	25.114	0.0307692	22.428
swarm_61_80.pdb	8.801	31.995	0	22.425
swarm_17_107.pdb	12.787	23.126	0	22.397
swarm_54_190.pdb	15.132	27.143	0.0615385	22.381
swarm_34_96.pdb	17.498	40.288	0	22.362
swarm_42_146.pdb	15.990	36.216	0	22.333
swarm_57_42.pdb	13.919	23.160	0	22.312
swarm_16_51.pdb	10.988	34.690	0	22.309
swarm_37_15.pdb	15.830	35.912	0	22.294
swarm_70_61.pdb	16.576	38.747	0	22.279
swarm_14_52.pdb	14.951	29.261	0	22.219
swarm_8_181.pdb	14.072	19.442	0	22.183
swarm_24_69.pdb	16.694	39.269	0	22.174
swarm_7_85.pdb	10.874	36.482	0	22.158
swarm_42_38.pdb	15.932	32.122	0	22.145
swarm_64_182.pdb	16.052	36.910	0	22.141
swarm_51_185.pdb	13.353	20.730	0	22.119
swarm_50_79.pdb	10.294	16.480	0.0153846	22.110
swarm_31_99.pdb	13.625	23.618	0.0307692	22.106
swarm_0_183.pdb	10.282	18.889	0.0769231	22.104
swarm_47_72.pdb	14.423	39.082	0	22.088
swarm_33_116.pdb	15.068	32.228	0	22.064
swarm_14_10.pdb	12.905	30.997	0.0923077	21.998
swarm_29_0.pdb	10.916	28.243	0	21.970
swarm_46_173.pdb	15.364	42.006	0	21.966
swarm_20_167.pdb	16.267	36.019	0	21.961
swarm_69_154.pdb	17.850	36.936	0	21.960
swarm_8_18.pdb	9.614	25.776	0.0769231	21.944
swarm_4_45.pdb	18.358	40.101	0	21.921
swarm_27_132.pdb	17.469	32.059	0	21.919
swarm_56_70.pdb	16.837	39.445	0	21.916
swarm_14_187.pdb	16.367	30.344	0	21.906
swarm_51_74.pdb	18.410	39.885	0	21.897
swarm_25_22.pdb	16.075	35.594	0	21.850
swarm_36_45.pdb	16.428	35.929	0	21.830
swarm_0_15.pdb	14.008	21.060	0	21.825
swarm_59_49.pdb	14.102	26.211	0.0461538	21.817
swarm_37_118.pdb	14.791	34.989	0.0461538	21.810
swarm_22_101.pdb	16.977	35.517	0	21.790
swarm_78_30.pdb	13.747	35.293	0	21.748
swarm_9_25.pdb	16.301	33.452	0	21.727
swarm_14_18.pdb	10.193	28.605	0	21.696
swarm_23_7.pdb	15.715	41.314	0	21.665
swarm_55_35.pdb	16.502	31.040	0	21.660
swarm_28_135.pdb	13.807	23.802	0	21.604
swarm_17_55.pdb	11.607	38.736	0	21.584
swarm_21_48.pdb	13.506	24.852	0	21.571
swarm_11_152.pdb	16.071	29.720	0	21.556
swarm_16_25.pdb	17.980	40.322	0	21.528
swarm_72_187.pdb	14.686	28.702	0.0769231	21.516
swarm_61_26.pdb	16.844	39.708	0	21.511
swarm_10_182.pdb	17.490	38.892	0	21.507
swarm_78_78.pdb	16.037	36.514	0	21.502
swarm_26_175.pdb	16.573	30.355	0	21.489
swarm_36_160.pdb	14.025	22.236	0.0307692	21.488
swarm_34_49.pdb	16.536	37.060	0	21.485
swarm_63_101.pdb	14.065	29.729	0	21.458
swarm_64_141.pdb	15.925	32.207	0	21.431
swarm_6_194.pdb	16.641	40.831	0	21.418
swarm_48_163.pdb	11.983	26.472	0	21.413
swarm_17_78.pdb	10.883	31.733	0	21.405
swarm_31_147.pdb	16.548	33.853	0	21.355
swarm_23_97.pdb	12.859	35.575	0	21.311
swarm_64_87.pdb	16.044	35.077	0	21.304
swarm_18_122.pdb	10.440	25.866	0	21.279
swarm_59_1.pdb	13.699	22.186	0.0615385	21.264
swarm_1_96.pdb	17.943	40.840	0	21.264
swarm_16_66.pdb	10.888	30.861	0	21.260
swarm_53_113.pdb	13.972	27.909	0.0461538	21.258
swarm_66_139.pdb	10.762	17.660	0	21.247
swarm_8_54.pdb	13.144	27.740	0	21.225
swarm_53_43.pdb	15.359	27.676	0	21.217
swarm_89_187.pdb	14.398	24.819	0	21.213
swarm_61_49.pdb	15.034	25.834	0	21.185
swarm_20_172.pdb	14.085	23.988	0	21.180
swarm_48_43.pdb	16.909	39.040	0	21.162
swarm_21_146.pdb	14.477	25.951	0.0307692	21.153
swarm_41_49.pdb	11.941	28.907	0.0307692	21.122
swarm_23_60.pdb	17.226	40.888	0	21.112
swarm_47_48.pdb	19.192	44.054	0	21.109
swarm_15_59.pdb	12.752	32.148	0.0153846	21.088
swarm_57_81.pdb	14.291	32.050	0	21.083
swarm_32_176.pdb	13.791	22.809	0	21.078
swarm_63_59.pdb	16.202	39.213	0	21.060
swarm_38_58.pdb	15.505	42.611	0	21.059
swarm_1_192.pdb	17.019	38.251	0	21.049
swarm_63_120.pdb	9.082	27.424	0.0615385	21.018
swarm_89_23.pdb	13.374	24.104	0.0307692	20.980
swarm_32_84.pdb	15.632	24.888	0.0461538	20.966
swarm_59_8.pdb	14.185	22.158	0	20.949
swarm_58_35.pdb	16.274	41.071	0.0153846	20.927
swarm_38_80.pdb	18.301	41.855	0	20.924
swarm_11_52.pdb	18.691	38.684	0	20.884
swarm_37_60.pdb	15.735	34.474	0	20.840
swarm_52_59.pdb	14.722	20.800	0	20.839
swarm_37_18.pdb	15.013	37.793	0	20.814
swarm_0_51.pdb	17.273	42.799	0	20.814
swarm_31_36.pdb	14.421	31.031	0	20.805
swarm_17_35.pdb	16.558	36.433	0	20.805
swarm_78_183.pdb	14.647	40.550	0	20.770
swarm_4_105.pdb	17.254	37.102	0	20.751
swarm_59_122.pdb	12.686	21.585	0.2	20.743
swarm_22_47.pdb	13.740	34.051	0	20.719
swarm_63_140.pdb	16.813	37.046	0	20.700
swarm_14_66.pdb	16.279	32.980	0	20.690
swarm_38_81.pdb	10.454	35.412	0.0307692	20.687
swarm_30_16.pdb	16.227	28.633	0	20.679
swarm_59_57.pdb	14.915	27.683	0	20.628
swarm_26_74.pdb	15.871	25.690	0.0153846	20.628
swarm_23_189.pdb	13.392	38.239	0	20.613
swarm_8_112.pdb	8.930	22.228	0.0461538	20.602
swarm_49_35.pdb	15.906	32.726	0	20.592
swarm_50_77.pdb	17.504	36.651	0	20.590
swarm_63_33.pdb	15.402	33.630	0	20.515
swarm_39_11.pdb	10.931	19.868	0.0923077	20.502
swarm_19_92.pdb	10.114	29.715	0	20.437
swarm_63_118.pdb	13.285	35.447	0	20.423
swarm_6_63.pdb	8.702	34.946	0	20.335
swarm_25_146.pdb	17.726	36.458	0	20.335
swarm_60_105.pdb	16.856	35.857	0	20.334
swarm_20_13.pdb	6.286	15.538	0.0307692	20.320
swarm_1_174.pdb	15.914	38.841	0.0461538	20.316
swarm_23_162.pdb	16.724	33.778	0	20.281
swarm_25_110.pdb	16.084	32.312	0	20.253
swarm_12_125.pdb	14.152	19.691	0	20.243
swarm_2_143.pdb	16.419	37.944	0	20.232
swarm_16_196.pdb	16.220	35.033	0	20.219
swarm_0_117.pdb	16.218	42.844	0	20.208
swarm_15_48.pdb	14.739	26.398	0	20.207
swarm_51_54.pdb	13.796	37.685	0.0307692	20.202
swarm_77_128.pdb	17.615	41.701	0	20.197
swarm_57_49.pdb	14.778	20.800	0	20.184
swarm_57_125.pdb	15.721	25.837	0	20.175
swarm_23_87.pdb	18.072	43.090	0	20.161
swarm_6_6.pdb	12.687	41.644	0	20.156
swarm_48_94.pdb	17.068	37.265	0	20.150
swarm_47_112.pdb	16.818	38.736	0	20.139
swarm_23_72.pdb	16.897	38.705	0.0153846	20.119
swarm_62_187.pdb	17.346	39.873	0	20.107
swarm_30_61.pdb	12.420	29.752	0	20.107
swarm_48_100.pdb	17.010	37.472	0.0153846	20.099
swarm_4_72.pdb	15.498	37.855	0.0307692	20.092
swarm_37_36.pdb	17.455	34.169	0	20.085
swarm_63_30.pdb	16.159	33.619	0	20.070
swarm_5_15.pdb	16.988	35.222	0	20.039
swarm_62_157.pdb	17.047	39.538	0	20.034
swarm_35_74.pdb	15.745	31.273	0	20.027
swarm_7_145.pdb	12.697	20.740	0	19.994
swarm_54_187.pdb	17.506	36.111	0	19.989
swarm_20_71.pdb	14.896	40.384	0	19.969
swarm_23_123.pdb	14.210	38.540	0	19.958
swarm_34_73.pdb	13.087	36.122	0	19.954
swarm_58_195.pdb	16.685	37.522	0	19.951
swarm_61_137.pdb	15.979	34.317	0	19.944
swarm_42_31.pdb	15.168	33.560	0	19.905
swarm_64_4.pdb	13.960	35.397	0.0153846	19.886
swarm_59_99.pdb	13.655	37.860	0	19.875
swarm_23_160.pdb	16.190	37.587	0.0153846	19.867
swarm_32_60.pdb	14.797	28.293	0.0615385	19.858
swarm_22_85.pdb	16.106	35.272	0	19.857
swarm_25_108.pdb	12.871	29.238	0	19.841
swarm_4_41.pdb	15.794	36.756	0.0153846	19.828
swarm_32_63.pdb	13.846	22.457	0	19.811
swarm_50_136.pdb	16.444	32.192	0	19.798
swarm_18_154.pdb	11.587	34.747	0	19.779
swarm_56_181.pdb	13.498	19.098	0	19.762
swarm_48_78.pdb	14.495	25.564	0	19.746
swarm_66_176.pdb	15.288	28.338	0.107692	19.738
swarm_75_165.pdb	14.048	24.244	0.0307692	19.733
swarm_14_167.pdb	15.118	29.000	0	19.704
swarm_58_40.pdb	16.934	36.383	0	19.688
swarm_10_46.pdb	14.933	20.564	0	19.688
swarm_40_188.pdb	16.530	35.739	0	19.682
swarm_77_90.pdb	15.489	32.342	0	19.674
swarm_16_199.pdb	15.886	33.435	0	19.633
swarm_66_34.pdb	14.559	28.341	0.0615385	19.623
swarm_15_132.pdb	16.121	30.110	0	19.610
swarm_26_197.pdb	9.192	31.392	0	19.606
swarm_79_156.pdb	16.201	33.208	0	19.604
swarm_20_170.pdb	14.095	31.016	0	19.601
swarm_49_183.pdb	16.892	35.254	0	19.598
swarm_32_71.pdb	12.919	28.902	0.0153846	19.581
swarm_59_59.pdb	16.168	34.791	0	19.569
swarm_4_119.pdb	17.175	38.285	0	19.542
swarm_59_152.pdb	18.354	39.393	0	19.528
swarm_9_118.pdb	15.639	35.233	0	19.514
swarm_6_166.pdb	17.001	41.224	0	19.505
swarm_37_170.pdb	15.076	32.822	0	19.503
swarm_12_49.pdb	14.134	40.850	0	19.481
swarm_78_4.pdb	14.321	23.364	0	19.449
swarm_14_182.pdb	15.839	30.020	0.0307692	19.431
swarm_18_144.pdb	14.746	24.926	0	19.426
swarm_17_40.pdb	13.658	21.536	0	19.423
swarm_50_149.pdb	13.080	38.777	0	19.410
swarm_6_43.pdb	12.414	42.654	0	19.376
swarm_33_50.pdb	16.435	29.711	0	19.352
swarm_1_155.pdb	17.350	43.620	0	19.329
swarm_33_158.pdb	13.993	22.958	0.0461538	19.316
swarm_43_106.pdb	16.205	39.091	0	19.313
swarm_14_100.pdb	5.995	8.975	0.276923	19.284
swarm_20_194.pdb	17.211	39.118	0	19.276
swarm_29_110.pdb	16.779	31.381	0	19.266
swarm_32_32.pdb	15.495	31.075	0	19.240
swarm_20_182.pdb	16.351	36.024	0	19.238
swarm_77_22.pdb	14.948	39.618	0	19.232
swarm_44_177.pdb	14.424	43.068	0.0153846	19.220
swarm_78_73.pdb	13.050	32.922	0.0769231	19.195
swarm_48_72.pdb	16.991	37.253	0	19.189
swarm_20_73.pdb	17.037	40.789	0	19.189
swarm_48_157.pdb	17.431	36.330	0	19.175
swarm_38_137.pdb	17.087	37.161	0	19.157
swarm_54_154.pdb	16.511	42.228	0	19.154
swarm_9_31.pdb	14.996	40.888	0	19.144
swarm_21_105.pdb	13.573	27.433	0.0153846	19.140
swarm_63_130.pdb	16.037	31.771	0	19.126
swarm_9_21.pdb	15.819	34.324	0	19.124
swarm_55_181.pdb	10.052	26.281	0.0923077	19.118
swarm_63_23.pdb	15.576	34.370	0	19.112
swarm_36_110.pdb	12.197	35.294	0	19.088
swarm_55_27.pdb	12.818	31.336	0	19.073
swarm_59_183.pdb	17.949	37.212	0	19.064
swarm_26_18.pdb	8.858	22.560	0	19.051
swarm_77_192.pdb	10.199	36.464	0.0307692	19.050
swarm_54_192.pdb	15.806	32.643	0	19.049
swarm_24_160.pdb	15.457	39.023	0	19.049
swarm_38_12.pdb	17.505	37.625	0	19.045
swarm_59_85.pdb	13.020	25.443	0.0461538	19.004
swarm_61_11.pdb	15.794	32.500	0	18.984
swarm_48_165.pdb	14.248	24.933	0	18.922
swarm_89_176.pdb	14.255	18.956	0	18.882
swarm_55_181.pdb	16.937	38.278	0	18.877
swarm_6_48.pdb	16.864	37.256	0.0153846	18.865
swarm_20_150.pdb	17.416	40.385	0	18.851
swarm_72_139.pdb	16.633	30.993	0.0769231	18.807
swarm_43_72.pdb	18.338	37.256	0	18.784
swarm_13_58.pdb	10.874	28.716	0.0307692	18.784
swarm_27_126.pdb	16.495	28.402	0	18.773
swarm_19_144.pdb	14.774	24.576	0	18.749
swarm_10_176.pdb	15.118	28.979	0	18.743
swarm_33_130.pdb	16.076	29.975	0	18.741
swarm_26_88.pdb	15.009	30.182	0	18.739
swarm_64_14.pdb	16.594	38.379	0	18.732
swarm_38_147.pdb	16.937	36.592	0	18.711
swarm_56_24.pdb	16.816	37.196	0	18.703
swarm_61_118.pdb	14.619	35.864	0	18.701
swarm_11_188.pdb	13.364	36.203	0	18.691
swarm_38_24.pdb	14.601	44.441	0	18.682
swarm_26_117.pdb	15.796	35.444	0	18.643
swarm_73_160.pdb	13.968	27.618	0	18.640
swarm_67_27.pdb	15.877	31.767	0	18.636
swarm_38_138.pdb	18.252	43.130	0	18.617
swarm_10_102.pdb	15.559	33.242	0	18.609
swarm_56_101.pdb	14.764	20.955	0	18.554
swarm_16_159.pdb	17.353	38.829	0	18.553
swarm_64_98.pdb	15.747	37.902	0	18.551
swarm_37_101.pdb	16.903	43.471	0	18.516
swarm_60_52.pdb	16.670	33.869	0	18.508
swarm_68_178.pdb	15.255	31.852	0	18.507
swarm_2_5.pdb	15.178	23.175	0	18.486
swarm_19_121.pdb	12.460	22.920	0.0307692	18.468
swarm_28_83.pdb	14.500	24.222	0	18.447
swarm_16_93.pdb	14.479	24.830	0	18.442
swarm_30_186.pdb	14.586	24.763	0	18.439
swarm_16_0.pdb	15.796	34.040	0	18.436
swarm_8_138.pdb	14.685	25.690	0	18.421
swarm_24_134.pdb	15.462	40.098	0	18.402
swarm_30_161.pdb	16.880	31.797	0	18.370
swarm_30_2.pdb	13.626	25.531	0	18.348
swarm_78_175.pdb	13.563	20.518	0	18.294
swarm_48_186.pdb	17.196	35.038	0	18.277
swarm_59_71.pdb	17.460	40.462	0	18.276
swarm_16_121.pdb	16.025	31.251	0	18.273
swarm_9_130.pdb	14.702	21.601	0	18.265
swarm_54_144.pdb	18.036	41.553	0	18.247
swarm_18_117.pdb	17.463	33.658	0	18.242
swarm_49_98.pdb	16.663	38.907	0	18.234
swarm_56_167.pdb	17.646	38.597	0	18.210
swarm_35_35.pdb	17.077	31.301	0	18.205
swarm_9_179.pdb	15.826	33.024	0	18.203
swarm_33_71.pdb	16.341	31.369	0	18.194
swarm_42_47.pdb	17.986	36.181	0	18.153
swarm_46_105.pdb	15.675	29.653	0	18.150
swarm_10_47.pdb	14.060	19.282	0	18.143
swarm_16_42.pdb	17.058	39.914	0	18.102
swarm_17_54.pdb	13.507	20.413	0	18.088
swarm_37_185.pdb	16.807	36.025	0	18.077
swarm_43_146.pdb	14.001	37.703	0.0153846	18.035
swarm_28_27.pdb	13.148	24.899	0.0153846	18.007
swarm_25_102.pdb	15.188	32.771	0	18.006
swarm_54_119.pdb	16.613	35.014	0	17.997
swarm_23_79.pdb	12.940	38.954	0	17.996
swarm_19_157.pdb	17.350	35.679	0	17.996
swarm_2_108.pdb	15.306	29.138	0.0153846	17.990
swarm_64_109.pdb	15.126	31.203	0	17.983
swarm_20_100.pdb	16.576	34.809	0	17.981
swarm_44_125.pdb	15.877	34.112	0.0461538	17.970
swarm_0_91.pdb	18.652	42.547	0	17.920
swarm_43_35.pdb	14.831	39.072	0	17.906
swarm_37_14.pdb	16.100	35.274	0	17.894
swarm_14_25.pdb	14.637	25.187	0.0307692	17.865
swarm_25_11.pdb	16.371	37.331	0	17.861
swarm_9_0.pdb	17.695	41.741	0	17.860
swarm_41_70.pdb	14.491	26.640	0	17.839
swarm_20_60.pdb	15.947	33.376	0	17.811
swarm_54_1.pdb	17.493	36.399	0	17.806
swarm_66_59.pdb	14.993	22.218	0	17.799
swarm_19_132.pdb	17.015	36.868	0	17.796
swarm_5_10.pdb	16.117	33.979	0	17.785
swarm_47_109.pdb	16.198	45.705	0	17.771
swarm_39_71.pdb	9.342	26.042	0	17.766
swarm_48_38.pdb	15.276	34.012	0.0153846	17.753
swarm_13_118.pdb	11.538	30.748	0	17.735
swarm_16_90.pdb	12.155	37.795	0	17.731
swarm_11_125.pdb	15.776	33.062	0	17.727
swarm_16_74.pdb	13.913	28.133	0	17.710
swarm_31_65.pdb	15.803	32.431	0	17.693
swarm_13_140.pdb	16.120	29.026	0	17.688
swarm_58_1.pdb	14.256	36.484	0.0615385	17.673
swarm_27_32.pdb	16.366	39.983	0	17.671
swarm_9_45.pdb	13.346	31.625	0	17.661
swarm_54_160.pdb	14.607	39.357	0	17.649
swarm_30_90.pdb	16.489	29.940	0	17.619
swarm_32_78.pdb	7.656	21.779	0.2	17.607
swarm_20_146.pdb	12.228	30.925	0	17.597
swarm_55_95.pdb	16.165	35.592	0	17.595
swarm_8_62.pdb	14.715	24.450	0	17.593
swarm_48_70.pdb	16.911	37.997	0	17.582
swarm_13_155.pdb	16.930	34.755	0	17.577
swarm_49_140.pdb	11.334	37.103	0	17.555
swarm_7_130.pdb	15.536	24.631	0	17.536
swarm_57_22.pdb	17.591	34.279	0	17.509
swarm_7_70.pdb	12.210	19.474	0	17.499
swarm_10_44.pdb	15.995	37.903	0	17.495
swarm_23_52.pdb	13.923	38.592	0	17.486
swarm_11_55.pdb	16.417	31.317	0	17.462
swarm_45_99.pdb	14.248	23.429	0	17.457
swarm_57_147.pdb	16.216	29.599	0	17.452
swarm_31_81.pdb	9.772	27.324	0	17.443
swarm_32_47.pdb	16.900	38.090	0	17.442
swarm_10_26.pdb	15.850	25.832	0	17.442
swarm_22_192.pdb	16.985	36.129	0	17.390
swarm_54_41.pdb	17.067	42.122	0	17.367
swarm_48_135.pdb	14.794	37.355	0	17.354
swarm_40_33.pdb	16.401	39.494	0	17.350
swarm_63_82.pdb	14.453	28.072	0	17.341
swarm_25_89.pdb	8.756	23.183	0.0153846	17.337
swarm_78_45.pdb	14.234	22.911	0	17.332
swarm_19_161.pdb	14.622	28.589	0	17.299
swarm_37_31.pdb	13.565	36.025	0	17.290
swarm_57_1.pdb	13.835	30.495	0.0153846	17.289
swarm_44_187.pdb	18.276	37.746	0	17.284
swarm_15_8.pdb	13.398	29.334	0	17.269
swarm_22_159.pdb	18.586	42.419	0	17.253
swarm_61_189.pdb	11.848	30.174	0	17.240
swarm_19_5.pdb	17.585	41.646	0	17.239
swarm_13_48.pdb	11.907	31.477	0.0153846	17.233
swarm_54_199.pdb	15.344	30.016	0	17.223
swarm_52_181.pdb	15.051	24.855	0	17.211
swarm_40_96.pdb	13.210	39.231	0	17.209
swarm_36_66.pdb	16.591	40.929	0	17.197
swarm_32_109.pdb	16.484	37.401	0	17.190
swarm_4_170.pdb	18.475	38.047	0	17.168
swarm_4_69.pdb	16.109	39.466	0	17.162
swarm_32_50.pdb	15.758	37.700	0	17.151
swarm_49_28.pdb	15.594	36.035	0	17.145
swarm_45_37.pdb	10.094	16.453	0.0461538	17.144
swarm_61_107.pdb	17.141	36.144	0	17.132
swarm_30_132.pdb	14.556	29.355	0	17.132
swarm_54_126.pdb	15.203	29.713	0.0307692	17.096
swarm_57_112.pdb	10.950	33.354	0	17.089
swarm_58_12.pdb	15.602	32.800	0	17.058
swarm_53_166.pdb	10.524	23.722	0.0769231	17.018
swarm_55_10.pdb	16.854	34.598	0	16.989
swarm_51_141.pdb	15.739	44.476	0	16.977
swarm_25_20.pdb	17.207	37.044	0	16.973
swarm_89_72.pdb	13.045	20.877	0	16.967
swarm_58_189.pdb	13.299	29.683	0	16.966
swarm_32_91.pdb	12.302	19.478	0	16.966
swarm_9_67.pdb	18.031	35.153	0	16.965
swarm_38_170.pdb	16.040	34.207	0	16.940
swarm_64_176.pdb	16.977	37.501	0	16.930
swarm_17_54.pdb	15.541	34.455	0	16.908
swarm_14_184.pdb	10.647	27.082	0.0153846	16.900
swarm_50_76.pdb	8.827	32.004	0	16.891
swarm_59_14.pdb	18.279	35.904	0	16.887
swarm_58_181.pdb	12.699	32.852	0.0461538	16.871
swarm_10_68.pdb	16.004	35.307	0	16.806
swarm_54_116.pdb	18.138	36.857	0	16.779
swarm_41_43.pdb	14.196	29.176	0	16.756
swarm_79_162.pdb	15.793	32.675	0	16.738
swarm_44_16.pdb	16.851	38.710	0	16.733
swarm_32_18.pdb	14.184	25.901	0.0153846	16.729
swarm_7_26.pdb	15.610	32.861	0	16.726
swarm_47_176.pdb	16.570	30.902	0	16.718
swarm_43_82.pdb	18.100	45.099	0	16.718
swarm_20_161.pdb	12.011	20.167	0	16.714
swarm_16_166.pdb	15.917	30.634	0	16.690
swarm_53_157.pdb	11.492	24.434	0.0153846	16.684
swarm_22_185.pdb	13.309	26.611	0.0769231	16.682
swarm_23_165.pdb	12.827	31.778	0	16.627
swarm_10_151.pdb	15.863	21.555	0.0461538	16.614
swarm_8_91.pdb	14.346	23.743	0	16.602
swarm_33_164.pdb	10.113	25.331	0.0307692	16.600
swarm_22_100.pdb	18.435	40.714	0	16.575
swarm_36_105.pdb	18.293	41.049	0	16.574
swarm_37_106.pdb	12.196	31.346	0	16.569
swarm_5_97.pdb	14.268	28.197	0	16.567
swarm_5_117.pdb	16.859	37.134	0	16.537
swarm_33_128.pdb	14.765	27.544	0	16.512
swarm_30_54.pdb	16.415	27.938	0	16.443
swarm_39_180.pdb	17.601	37.200	0	16.394
swarm_50_30.pdb	11.658	31.459	0.0307692	16.365
swarm_62_60.pdb	17.257	44.291	0.0153846	16.363
swarm_54_157.pdb	13.338	21.924	0	16.332
swarm_17_11.pdb	17.477	38.766	0	16.332
swarm_27_52.pdb	16.917	36.992	0	16.292
swarm_1_115.pdb	10.794	35.725	0	16.290
swarm_7_69.pdb	14.776	27.903	0	16.286
swarm_43_42.pdb	17.042	35.730	0	16.276
swarm_6_171.pdb	17.427	34.583	0	16.266
swarm_17_19.pdb	14.064	27.119	0	16.262
swarm_59_101.pdb	15.521	29.857	0	16.248
swarm_13_25.pdb	11.414	32.087	0	16.232
swarm_28_172.pdb	13.861	27.011	0	16.181
swarm_56_102.pdb	7.937	12.163	0.0461538	16.175
swarm_58_3.pdb	14.281	26.027	0.0461538	16.169
swarm_57_78.pdb	12.274	38.232	0.0307692	16.165
swarm_39_30.pdb	16.752	39.577	0.0153846	16.156
swarm_7_176.pdb	15.003	26.131	0	16.141
swarm_5_198.pdb	17.120	39.215	0	16.109
swarm_49_160.pdb	18.222	39.432	0	16.096
swarm_44_6.pdb	16.768	37.372	0	16.087
swarm_13_30.pdb	16.529	33.969	0	16.078
swarm_10_100.pdb	17.521	34.523	0	16.050
swarm_54_172.pdb	15.691	37.864	0	16.033
swarm_25_8.pdb	14.821	32.447	0	16.022
swarm_58_34.pdb	16.474	37.828	0	16.019
swarm_47_15.pdb	17.549	35.485	0	16.018
swarm_45_48.pdb	8.456	16.220	0.123077	16.012
swarm_32_197.pdb	14.726	22.785	0	16.003
swarm_22_7.pdb	16.122	42.042	0	16.002
swarm_22_179.pdb	15.247	33.056	0.0153846	15.988
swarm_67_103.pdb	15.506	24.088	0.0461538	15.983
swarm_79_77.pdb	17.145	35.454	0	15.964
swarm_10_111.pdb	9.829	27.578	0.0153846	15.954
swarm_29_173.pdb	16.838	32.134	0	15.938
swarm_25_119.pdb	16.108	38.743	0	15.911
swarm_89_69.pdb	13.061	19.486	0	15.900
swarm_45_118.pdb	13.336	20.041	0	15.894
swarm_79_36.pdb	13.019	39.324	0	15.891
swarm_45_108.pdb	13.615	20.537	0	15.885
swarm_54_198.pdb	18.337	36.305	0	15.874
swarm_19_94.pdb	16.685	33.810	0.0153846	15.867
swarm_61_30.pdb	14.321	34.842	0	15.849
swarm_19_23.pdb	13.816	30.415	0.0153846	15.849
swarm_31_174.pdb	16.334	32.383	0.0153846	15.815
swarm_25_28.pdb	13.894	31.400	0	15.773
swarm_73_162.pdb	15.159	27.114	0	15.765
swarm_70_91.pdb	18.478	42.862	0.0153846	15.753
swarm_47_63.pdb	10.214	34.920	0	15.744
swarm_10_138.pdb	14.499	29.587	0.0153846	15.716
swarm_36_161.pdb	15.741	31.405	0	15.695
swarm_37_138.pdb	15.641	34.842	0	15.659
swarm_36_117.pdb	16.252	30.389	0	15.652
swarm_50_93.pdb	16.783	36.580	0	15.650
swarm_35_1.pdb	15.123	27.031	0	15.625
swarm_31_152.pdb	10.074	18.335	0	15.623
swarm_68_59.pdb	16.427	24.586	0.0461538	15.611
swarm_52_66.pdb	16.633	27.948	0	15.598
swarm_41_150.pdb	13.215	25.887	0	15.597
swarm_43_60.pdb	15.515	34.250	0	15.568
swarm_55_175.pdb	15.782	29.462	0	15.559
swarm_57_184.pdb	14.143	37.805	0.0307692	15.554
swarm_21_158.pdb	12.203	25.981	0.0307692	15.531
swarm_57_98.pdb	11.920	36.955	0	15.511
swarm_57_197.pdb	17.837	41.417	0	15.489
swarm_26_138.pdb	13.066	35.937	0	15.488
swarm_13_97.pdb	16.233	38.866	0	15.474
swarm_46_143.pdb	16.130	30.710	0	15.437
swarm_8_106.pdb	15.585	27.816	0	15.346
swarm_59_47.pdb	13.275	23.183	0	15.339
swarm_6_19.pdb	14.239	19.652	0.0153846	15.293
swarm_50_27.pdb	8.421	21.995	0.0307692	15.263
swarm_14_63.pdb	17.070	37.932	0	15.261
swarm_46_166.pdb	17.492	39.061	0	15.260
swarm_35_67.pdb	14.104	26.050	0.0153846	15.238
swarm_16_154.pdb	11.521	42.458	0	15.217
swarm_18_150.pdb	12.421	17.243	0.0307692	15.200
swarm_13_0.pdb	15.181	32.999	0.0307692	15.196
swarm_34_77.pdb	15.434	37.092	0	15.195
swarm_48_186.pdb	15.834	32.805	0	15.176
swarm_20_128.pdb	14.238	35.945	0	15.116
swarm_16_153.pdb	14.737	33.083	0	15.115
swarm_30_197.pdb	14.585	23.857	0	15.081
swarm_32_133.pdb	13.092	19.728	0	15.077
swarm_9_85.pdb	16.327	27.050	0	15.073
swarm_47_22.pdb	16.143	33.110	0	15.039
swarm_38_88.pdb	14.696	37.194	0	15.017
swarm_20_132.pdb	15.458	44.622	0	14.957
swarm_9_192.pdb	17.971	37.962	0	14.909
swarm_46_59.pdb	14.260	34.439	0.0461538	14.862
swarm_45_46.pdb	14.551	23.540	0	14.828
swarm_8_47.pdb	9.895	23.444	0	14.822
swarm_4_123.pdb	11.711	27.070	0	14.801
swarm_17_124.pdb	11.179	22.172	0	14.782
swarm_50_51.pdb	14.023	31.611	0	14.741
swarm_28_196.pdb	7.444	19.897	0.0461538	14.689
swarm_11_194.pdb	16.862	33.373	0	14.688
swarm_38_19.pdb	16.393	37.720	0	14.683
swarm_23_94.pdb	17.187	43.600	0	14.657
swarm_43_113.pdb	17.628	43.588	0	14.649
swarm_46_102.pdb	18.067	43.481	0	14.620
swarm_29_113.pdb	10.621	28.315	0.0307692	14.620
swarm_17_53.pdb	15.832	27.157	0	14.611
swarm_43_174.pdb	15.503	36.563	0	14.604
swarm_18_176.pdb	14.599	20.718	0.0153846	14.568
swarm_56_89.pdb	10.449	35.826	0	14.563
swarm_20_54.pdb	11.741	37.770	0	14.563
swarm_56_75.pdb	16.846	33.396	0	14.553
swarm_29_114.pdb	11.037	22.478	0.0153846	14.535
swarm_6_15.pdb	13.154	34.615	0	14.522
swarm_39_134.pdb	15.109	42.514	0	14.499
swarm_72_78.pdb	14.953	28.880	0	14.460
swarm_12_39.pdb	11.791	19.201	0.0461538	14.447
swarm_11_72.pdb	16.017	33.666	0	14.445
swarm_34_32.pdb	15.784	36.693	0	14.437
swarm_57_125.pdb	16.661	39.095	0.0153846	14.434
swarm_78_112.pdb	14.820	21.497	0	14.397
swarm_67_108.pdb	13.302	21.375	0	14.331
swarm_57_158.pdb	16.822	32.894	0	14.307
swarm_28_10.pdb	15.752	34.588	0	14.274
swarm_58_109.pdb	16.065	40.239	0	14.239
swarm_1_69.pdb	17.348	39.601	0	14.217
swarm_28_119.pdb	12.671	18.548	0	14.172
swarm_32_117.pdb	11.271	37.517	0	14.150
swarm_18_144.pdb	15.684	28.867	0	14.143
swarm_25_131.pdb	15.802	35.766	0	14.123
swarm_16_167.pdb	16.907	35.859	0	14.096
swarm_38_159.pdb	18.614	39.830	0	14.095
swarm_63_111.pdb	11.935	30.308	0.0307692	14.071
swarm_79_106.pdb	15.995	39.056	0	14.013
swarm_59_52.pdb	15.964	34.564	0	13.990
swarm_59_95.pdb	14.641	37.889	0	13.977
swarm_30_11.pdb	15.122	34.449	0	13.959
swarm_60_157.pdb	14.111	41.146	0	13.928
swarm_11_180.pdb	18.097	38.627	0	13.885
swarm_14_72.pdb	15.895	30.771	0	13.875
swarm_72_170.pdb	17.732	33.698	0.0307692	13.854
swarm_18_63.pdb	10.372	29.058	0	13.834
swarm_46_63.pdb	15.720	33.004	0	13.819
swarm_58_172.pdb	13.765	36.879	0	13.791
swarm_46_55.pdb	16.101	29.645	0.0153846	13.728
swarm_32_35.pdb	15.274	29.981	0	13.724
swarm_63_112.pdb	9.904	25.507	0	13.718
swarm_10_139.pdb	11.655	31.673	0	13.678
swarm_46_196.pdb	16.240	31.438	0	13.677
swarm_29_6.pdb	14.856	30.267	0	13.604
swarm_11_105.pdb	16.850	31.456	0	13.577
swarm_29_191.pdb	16.267	33.288	0	13.576
swarm_47_164.pdb	14.650	43.123	0	13.562
swarm_17_197.pdb	17.601	37.920	0	13.540
swarm_25_86.pdb	17.640	39.888	0	13.508
swarm_25_90.pdb	15.776	41.017	0	13.483
swarm_63_190.pdb	14.643	43.278	0	13.476
swarm_38_14.pdb	16.041	37.952	0	13.359
swarm_13_28.pdb	14.520	32.880	0.0461538	13.339
swarm_59_169.pdb	18.440	38.835	0	13.328
swarm_8_77.pdb	15.569	31.018	0.0461538	13.304
swarm_33_51.pdb	13.696	28.198	0.0153846	13.294
swarm_26_132.pdb	16.844	35.204	0	13.290
swarm_5_175.pdb	14.572	35.184	0	13.167
swarm_38_193.pdb	14.131	37.877	0	13.166
swarm_3_160.pdb	13.982	24.249	0.0461538	13.160
swarm_49_21.pdb	18.082	40.288	0	13.144
swarm_59_156.pdb	17.918	42.386	0	13.094
swarm_5_123.pdb	16.701	29.393	0	13.083
swarm_78_181.pdb	11.708	18.385	0.169231	13.056
swarm_4_100.pdb	10.498	29.883	0	12.976
swarm_78_186.pdb	12.466	18.301	0	12.938
swarm_63_177.pdb	14.632	43.213	0	12.934
swarm_18_57.pdb	17.137	33.543	0	12.844
swarm_57_132.pdb	11.719	17.990	0.0461538	12.829
swarm_55_126.pdb	13.270	36.975	0.0461538	12.800
swarm_50_72.pdb	9.484	28.827	0	12.795
swarm_22_83.pdb	15.717	38.586	0	12.675
swarm_78_74.pdb	16.488	37.670	0	12.666
swarm_20_134.pdb	15.745	36.966	0	12.525
swarm_5_179.pdb	16.665	37.302	0	12.517
swarm_23_159.pdb	14.171	38.728	0	12.394
swarm_53_118.pdb	13.172	31.243	0	12.275
swarm_50_89.pdb	17.707	34.245	0	12.240
swarm_13_164.pdb	11.560	30.718	0	12.164
swarm_6_170.pdb	17.559	39.937	0	12.046
swarm_58_29.pdb	16.182	39.510	0	12.015
swarm_50_138.pdb	13.850	31.982	0	11.979
swarm_61_97.pdb	15.778	28.547	0	11.959
swarm_26_58.pdb	13.214	29.449	0	11.946
swarm_61_151.pdb	12.832	36.588	0	11.836
swarm_41_90.pdb	15.942	29.602	0	11.783
swarm_22_150.pdb	12.213	38.004	0	11.779
swarm_57_160.pdb	13.864	32.537	0.0307692	11.740
swarm_50_182.pdb	8.556	31.341	0.0615385	11.736
swarm_66_89.pdb	16.256	40.868	0	11.728
swarm_2_25.pdb	18.399	35.640	0	11.682
swarm_79_3.pdb	13.300	36.840	0	11.529
swarm_29_190.pdb	11.715	31.014	0	11.511
swarm_68_66.pdb	14.740	23.161	0	11.498
swarm_49_74.pdb	16.026	35.414	0	11.471
swarm_15_128.pdb	15.328	25.300	0	11.468
swarm_4_30.pdb	14.236	43.596	0	11.400
swarm_4_40.pdb	17.896	45.158	0	11.393
swarm_33_77.pdb	13.696	26.180	0	11.302
swarm_66_192.pdb	16.701	39.714	0	11.291
swarm_16_127.pdb	15.637	33.648	0	11.226
swarm_38_194.pdb	12.778	39.965	0	11.213
swarm_57_33.pdb	16.485	35.355	0	11.182
swarm_43_44.pdb	14.942	42.432	0	11.179
swarm_43_21.pdb	17.915	42.083	0	11.149
swarm_9_142.pdb	13.491	19.980	0	11.024
swarm_66_199.pdb	15.769	39.696	0	10.926
swarm_14_175.pdb	10.380	27.907	0	10.830
swarm_50_169.pdb	16.100	33.074	0	10.739
swarm_5_120.pdb	10.776	31.379	0.0153846	10.720
swarm_32_195.pdb	14.964	32.609	0	10.630
swarm_47_101.pdb	17.378	36.048	0	10.577
swarm_7_169.pdb	16.633	37.865	0	10.567
swarm_35_199.pdb	12.644	30.854	0.0461538	10.537
swarm_15_120.pdb	10.660	30.015	0.0615385	10.458
swarm_57_107.pdb	14.638	42.041	0	10.455
swarm_2_151.pdb	15.459	35.290	0	10.432
swarm_45_4.pdb	15.063	24.119	0	10.272
swarm_67_8.pdb	13.089	40.287	0	10.152
swarm_43_125.pdb	16.257	42.304	0	10.100
swarm_29_144.pdb	16.947	32.340	0	9.731
swarm_69_45.pdb	14.276	39.927	0	9.547
swarm_17_34.pdb	14.908	26.428	0	9.478
swarm_80_0.pdb	17.518	38.021	0	9.141
swarm_9_162.pdb	15.881	37.383	0	9.068
swarm_5_123.pdb	11.405	28.076	0.123077	8.846
swarm_19_190.pdb	16.948	37.917	0	8.274
swarm_40_108.pdb	15.802	37.746	0	8.130
swarm_1_111.pdb	16.587	38.101	0	7.895
swarm_9_157.pdb	18.213	38.456	0	7.672
swarm_28_54.pdb	17.786	38.588	0	7.593
swarm_50_198.pdb	12.868	37.216	0	7.196
swarm_40_2.pdb	16.332	36.579	0	7.102
swarm_47_60.pdb	17.384	42.779	0	7.055
swarm_23_195.pdb	12.196	38.499	0.0615385	6.775
swarm_50_192.pdb	13.163	35.882	0.0307692	6.575
swarm_9_56.pdb	18.587	43.822	0	6.020
swarm_28_123.pdb	13.628	19.899	0.0769231	5.774
swarm_28_5.pdb	8.888	16.833	0.0307692	5.041
swarm_10_199.pdb	10.908	31.709	0	5.030
swarm_0_79.pdb	14.072	38.012	0	4.976
swarm_38_150.pdb	15.731	33.586	0	4.636
swarm_40_172.pdb	16.370	32.086	0.0307692	3.476
swarm_17_30.pdb	17.418	38.754	0	3.198
swarm_50_85.pdb	12.320	29.511	0	2.965
swarm_9_12.pdb	12.011	22.621	0.0307692	2.778
swarm_44_190.pdb	15.036	29.296	0	2.377
swarm_18_182.pdb	16.479	24.797	0.0307692	2.266
swarm_89_104.pdb	11.843	22.553	0	1.909
swarm_16_100.pdb	14.798	34.590	0	1.738
swarm_34_166.pdb	16.871	35.619	0	1.598
swarm_13_85.pdb	13.837	36.155	0.0153846	1.542
swarm_71_42.pdb	12.735	19.180	0	1.521
swarm_0_11.pdb	14.835	24.012	0	1.488
swarm_68_116.pdb	14.795	30.862	0	1.110
swarm_13_6.pdb	13.723	35.367	0	0.574
swarm_64_68.pdb	13.529	33.050	0	0.529
swarm_13_128.pdb	9.872	31.197	0	0.219
