swarm_38_106.pdb	4.913	12.248	0.323077	37.801
swarm_19_146.pdb	4.941	12.289	0.292308	37.282
swarm_27_160.pdb	6.490	17.443	0.0923077	35.807
swarm_38_168.pdb	6.939	17.250	0.0923077	35.383
swarm_25_197.pdb	5.266	13.063	0.215385	35.084
swarm_26_131.pdb	8.424	22.114	0.0461538	34.735
swarm_6_99.pdb	6.904	17.178	0.0923077	34.615
swarm_25_159.pdb	7.477	21.069	0.0769231	34.534
swarm_35_173.pdb	10.329	31.492	0	34.016
swarm_4_16.pdb	4.517	6.105	0.415385	33.366
swarm_44_189.pdb	4.698	9.723	0.323077	33.359
swarm_37_35.pdb	6.937	19.063	0.107692	33.356
swarm_39_91.pdb	4.465	8.258	0.384615	33.306
swarm_26_174.pdb	7.919	21.816	0.0769231	32.541
swarm_6_122.pdb	4.784	8.223	0.384615	32.493
swarm_57_130.pdb	7.163	18.378	0.0461538	32.046
swarm_57_129.pdb	5.552	13.761	0.2	31.797
swarm_51_46.pdb	6.406	17.750	0.0461538	31.524
swarm_3_105.pdb	5.248	12.103	0.246154	31.348
swarm_10_12.pdb	10.432	30.849	0	31.330
swarm_53_28.pdb	4.542	7.100	0.4	30.913
swarm_11_33.pdb	9.263	28.015	0	30.743
swarm_20_19.pdb	5.412	14.370	0.169231	30.697
swarm_42_155.pdb	5.125	13.363	0.230769	30.624
swarm_17_157.pdb	7.188	21.023	0.0769231	30.478
swarm_36_135.pdb	10.258	29.546	0	30.398
swarm_7_28.pdb	5.725	11.460	0.215385	30.195
swarm_46_104.pdb	10.216	27.749	0	30.133
swarm_60_9.pdb	9.253	31.618	0	30.130
swarm_15_92.pdb	8.040	24.355	0.0153846	30.092
swarm_29_105.pdb	5.566	14.096	0.169231	29.698
swarm_59_124.pdb	5.110	15.039	0.184615	29.571
swarm_47_68.pdb	8.249	24.220	0	29.494
swarm_1_134.pdb	9.294	25.224	0	29.361
swarm_3_104.pdb	9.748	29.021	0	29.351
swarm_11_6.pdb	8.320	23.767	0.0153846	29.331
swarm_38_83.pdb	5.894	13.722	0.138462	29.294
swarm_31_188.pdb	8.544	23.168	0	29.233
swarm_21_170.pdb	6.017	16.566	0.0769231	28.891
swarm_27_60.pdb	8.527	24.640	0	28.772
swarm_36_93.pdb	8.990	27.949	0	28.550
swarm_39_136.pdb	6.943	15.702	0.0769231	28.436
swarm_8_7.pdb	9.546	31.077	0	28.349
swarm_19_199.pdb	4.146	5.295	0.384615	28.325
swarm_12_151.pdb	8.904	32.329	0	27.880
swarm_29_68.pdb	8.639	25.979	0	27.866
swarm_13_155.pdb	6.201	13.020	0.169231	27.756
swarm_46_6.pdb	10.489	33.683	0	27.718
swarm_58_132.pdb	5.662	17.369	0.0923077	27.673
swarm_30_36.pdb	8.082	22.860	0	27.659
swarm_4_177.pdb	6.871	13.162	0.169231	27.638
swarm_3_199.pdb	7.066	17.518	0.0923077	27.611
swarm_63_99.pdb	5.035	11.435	0.307692	27.588
swarm_21_77.pdb	4.171	7.338	0.461538	27.266
swarm_32_101.pdb	8.239	23.163	0	27.253
swarm_20_104.pdb	6.566	12.784	0.123077	27.088
swarm_17_161.pdb	7.688	16.180	0	26.982
swarm_37_24.pdb	5.090	10.572	0.276923	26.874
swarm_16_64.pdb	5.713	11.610	0.123077	26.872
swarm_0_152.pdb	9.125	29.672	0	26.861
swarm_54_93.pdb	9.691	31.072	0	26.813
swarm_29_55.pdb	8.373	22.476	0.0461538	26.740
swarm_55_145.pdb	8.934	25.924	0.0153846	26.604
swarm_39_130.pdb	6.740	20.488	0.0615385	26.458
swarm_28_4.pdb	6.830	19.971	0.0461538	26.226
swarm_29_38.pdb	10.312	28.103	0	26.193
swarm_27_14.pdb	9.726	27.141	0.0153846	25.874
swarm_10_1.pdb	8.129	22.858	0.0307692	25.850
swarm_43_87.pdb	6.922	12.215	0.107692	25.604
swarm_52_140.pdb	4.752	10.007	0.292308	25.457
swarm_44_177.pdb	4.335	6.823	0.384615	25.435
swarm_43_163.pdb	8.474	23.263	0.0153846	25.000
swarm_59_33.pdb	7.297	16.316	0	24.892
swarm_26_171.pdb	10.456	28.232	0	24.841
swarm_20_144.pdb	4.075	5.576	0.2	24.662
swarm_21_23.pdb	6.386	16.782	0.2	24.646
swarm_44_110.pdb	7.999	15.966	0.123077	24.643
swarm_21_99.pdb	8.325	23.838	0	24.614
swarm_37_160.pdb	4.302	10.067	0.230769	24.570
swarm_18_131.pdb	8.005	15.436	0.107692	24.548
swarm_43_185.pdb	5.980	17.125	0.0615385	24.516
swarm_36_109.pdb	7.858	19.064	0.0307692	24.182
swarm_39_55.pdb	6.540	20.016	0.0769231	23.947
swarm_2_115.pdb	7.213	14.581	0.0153846	23.857
swarm_27_193.pdb	6.691	14.340	0.153846	23.803
swarm_32_122.pdb	7.782	16.871	0.0153846	23.772
swarm_25_135.pdb	7.609	19.635	0.0153846	23.765
swarm_16_58.pdb	6.505	16.020	0.184615	23.537
swarm_22_170.pdb	6.675	10.327	0.246154	23.536
swarm_48_58.pdb	6.454	14.137	0.153846	23.371
swarm_9_114.pdb	7.146	17.093	0.0307692	23.315
swarm_33_120.pdb	7.342	19.055	0.0769231	23.272
swarm_6_35.pdb	9.025	13.899	0	23.214
swarm_7_15.pdb	6.442	10.769	0.153846	23.201
swarm_63_1.pdb	7.919	16.696	0.0153846	23.143
swarm_39_48.pdb	8.719	22.999	0	23.063
swarm_58_71.pdb	8.244	22.242	0	22.844
swarm_33_97.pdb	6.244	17.700	0.0923077	22.762
swarm_49_123.pdb	7.673	16.872	0.0307692	22.754
swarm_14_92.pdb	6.338	13.608	0.0307692	22.521
swarm_52_116.pdb	7.775	16.717	0.123077	22.468
swarm_22_180.pdb	6.463	16.096	0.0307692	22.097
swarm_1_0.pdb	7.943	28.481	0	21.957
swarm_42_33.pdb	7.435	13.442	0.123077	21.930
swarm_33_52.pdb	9.690	13.617	0	21.267
swarm_52_191.pdb	4.667	9.044	0.169231	21.136
swarm_6_8.pdb	4.957	12.050	0.138462	21.054
swarm_28_76.pdb	11.557	28.714	0.107692	20.933
swarm_44_94.pdb	6.952	15.092	0.0923077	20.740
swarm_59_123.pdb	7.521	22.932	0.0153846	20.732
swarm_18_67.pdb	6.346	13.215	0.0307692	20.628
swarm_59_191.pdb	8.037	23.955	0.0153846	20.604
swarm_47_60.pdb	8.049	22.067	0.0461538	20.442
swarm_58_73.pdb	5.519	13.036	0.0769231	20.422
swarm_10_144.pdb	11.539	27.514	0.123077	20.421
swarm_33_91.pdb	5.671	11.333	0.184615	20.183
swarm_36_125.pdb	11.039	28.626	0	19.973
swarm_52_42.pdb	9.453	13.163	0	19.881
swarm_6_176.pdb	7.291	20.207	0.0307692	19.659
swarm_14_52.pdb	7.010	11.157	0.323077	19.647
swarm_33_74.pdb	8.841	14.552	0	19.579
swarm_22_95.pdb	10.585	16.438	0	19.462
swarm_37_28.pdb	7.695	12.100	0.0153846	19.317
swarm_63_10.pdb	7.665	21.754	0.0153846	19.242
swarm_47_67.pdb	9.665	18.919	0	19.240
swarm_38_167.pdb	7.414	17.622	0.0153846	19.064
swarm_19_14.pdb	9.711	13.588	0	18.901
swarm_20_18.pdb	5.210	11.139	0.0769231	18.550
swarm_57_125.pdb	7.170	15.213	0.169231	18.279
swarm_13_60.pdb	7.763	22.937	0	18.278
swarm_35_154.pdb	9.437	24.715	0	18.119
swarm_49_154.pdb	10.297	20.117	0.0153846	18.068
swarm_17_111.pdb	10.499	14.873	0	18.039
swarm_10_19.pdb	11.464	24.406	0	17.338
swarm_29_165.pdb	7.702	21.737	0.0461538	17.333
swarm_14_27.pdb	8.006	15.411	0.0923077	17.292
swarm_27_1.pdb	8.264	22.398	0.0615385	16.938
swarm_10_26.pdb	7.670	20.594	0.0307692	16.810
swarm_50_157.pdb	7.149	18.036	0.0153846	16.803
swarm_19_178.pdb	6.338	11.558	0.153846	16.483
swarm_16_185.pdb	8.868	21.935	0.0615385	16.377
swarm_12_164.pdb	12.350	39.348	0	16.367
swarm_20_116.pdb	7.668	12.313	0.0923077	16.258
swarm_11_7.pdb	12.302	33.075	0	16.170
swarm_18_156.pdb	7.983	25.545	0.0153846	15.968
swarm_25_46.pdb	9.835	27.485	0	15.821
swarm_6_125.pdb	8.554	23.997	0	15.727
swarm_9_176.pdb	8.450	12.862	0.0153846	15.637
swarm_44_166.pdb	10.355	15.362	0	15.603
swarm_58_70.pdb	7.820	15.448	0.0153846	15.475
swarm_9_135.pdb	8.457	21.048	0.107692	15.435
swarm_17_175.pdb	6.122	14.945	0.0923077	15.315
swarm_33_191.pdb	8.106	18.134	0.0769231	15.103
swarm_63_51.pdb	4.387	6.753	0.2	15.043
swarm_26_54.pdb	8.474	23.767	0.0307692	14.914
swarm_49_6.pdb	7.910	18.740	0.0461538	14.788
swarm_47_158.pdb	6.959	15.649	0.184615	14.734
swarm_51_99.pdb	7.712	17.436	0.0615385	14.552
swarm_31_64.pdb	8.739	22.458	0	14.475
swarm_19_26.pdb	10.667	17.645	0	14.429
swarm_56_156.pdb	6.886	16.098	0.0153846	14.349
swarm_48_27.pdb	9.966	19.012	0.0153846	14.142
swarm_63_27.pdb	7.058	14.979	0.153846	14.071
swarm_14_178.pdb	8.393	14.379	0.0307692	14.045
swarm_14_70.pdb	10.614	20.215	0.0461538	13.760
swarm_33_33.pdb	7.692	20.402	0.0153846	13.323
swarm_9_183.pdb	12.836	23.667	0.0307692	13.232
swarm_33_199.pdb	5.838	13.370	0.107692	13.229
swarm_45_61.pdb	11.899	22.677	0.0307692	13.187
swarm_49_103.pdb	7.284	23.643	0.0153846	11.238
swarm_62_168.pdb	9.304	17.352	0.0307692	11.213
swarm_49_76.pdb	6.268	16.191	0.107692	10.723
swarm_7_152.pdb	6.820	11.407	0.153846	9.079
swarm_50_133.pdb	8.032	23.182	0.0153846	9.028
swarm_37_43.pdb	8.306	12.816	0	4.530
swarm_9_110.pdb	6.177	11.904	0.246154	4.211
swarm_9_90.pdb	6.429	17.117	0.153846	2.580
