run0-swarm_6_28.pdb	7.505	21.583	0.138462	36.190
run0-swarm_47_56.pdb	7.740	21.551	0.138462	36.038
run0-swarm_71_35.pdb	6.400	16.276	0.107692	35.874
run0-swarm_29_110.pdb	6.654	17.270	0.0923077	35.727
run0-swarm_58_75.pdb	5.231	13.228	0.307692	35.335
run0-swarm_75_142.pdb	5.471	14.873	0.138462	34.105
run0-swarm_8_85.pdb	6.906	18.534	0.0615385	33.895
run0-swarm_25_109.pdb	5.878	16.357	0.138462	33.457
run0-swarm_48_47.pdb	4.336	8.207	0.4	33.428
run0-swarm_69_31.pdb	7.051	18.158	0.0615385	33.259
run0-swarm_22_179.pdb	8.434	23.018	0.107692	32.951
run0-swarm_40_154.pdb	9.269	24.180	0.0461538	32.911
run0-swarm_28_67.pdb	6.623	16.550	0.184615	32.648
run0-swarm_69_57.pdb	5.560	15.598	0.107692	32.559
run0-swarm_71_117.pdb	6.420	17.773	0.184615	32.335
run0-swarm_7_82.pdb	6.327	12.581	0.169231	31.891
run0-swarm_44_112.pdb	5.276	12.877	0.338462	31.709
run0-swarm_28_72.pdb	5.787	11.308	0.169231	30.845
run0-swarm_17_191.pdb	10.300	28.410	0	30.454
run0-swarm_22_96.pdb	5.974	17.446	0.169231	30.440
run0-swarm_47_33.pdb	6.015	15.869	0.0923077	30.403
run0-swarm_31_35.pdb	6.533	9.858	0.0769231	30.381
run0-swarm_39_66.pdb	9.066	26.381	0	30.242
run0-swarm_70_68.pdb	6.509	19.501	0.0923077	30.146
run0-swarm_50_44.pdb	5.106	11.948	0.230769	29.448
run0-swarm_78_159.pdb	10.408	28.312	0	29.445
run0-swarm_79_95.pdb	8.793	25.467	0	29.321
run0-swarm_38_10.pdb	6.998	20.633	0.107692	29.229
run0-swarm_74_64.pdb	6.731	16.807	0.0461538	29.042
run0-swarm_45_184.pdb	10.409	28.113	0	28.919
run0-swarm_5_169.pdb	7.601	23.257	0.0307692	28.864
run0-swarm_38_64.pdb	8.789	24.425	0.0153846	27.762
run0-swarm_73_128.pdb	7.443	21.619	0.107692	27.734
run0-swarm_48_157.pdb	7.068	18.926	0.107692	27.491
run0-swarm_74_0.pdb	7.243	21.715	0.0769231	27.490
run0-swarm_3_161.pdb	6.896	10.463	0.0615385	27.353
run0-swarm_18_156.pdb	10.472	27.966	0	27.314
run0-swarm_18_51.pdb	11.044	27.789	0.0307692	26.995
run0-swarm_13_69.pdb	10.251	30.179	0	26.686
run0-swarm_65_24.pdb	9.744	26.584	0	26.591
run0-swarm_75_11.pdb	6.930	19.888	0.0461538	26.535
run0-swarm_39_148.pdb	7.023	19.412	0.0615385	26.425
run0-swarm_42_125.pdb	7.704	21.330	0.0461538	26.395
run0-swarm_6_181.pdb	8.505	26.170	0.0461538	26.294
run0-swarm_27_133.pdb	10.519	29.981	0	25.950
run0-swarm_24_19.pdb	8.343	26.554	0.0307692	25.849
run0-swarm_40_168.pdb	8.362	22.351	0.0461538	25.773
run0-swarm_37_27.pdb	10.306	28.742	0	25.716
run0-swarm_4_165.pdb	8.337	21.538	0.0461538	25.611
run0-swarm_19_13.pdb	8.587	24.576	0	25.438
run0-swarm_2_89.pdb	9.107	28.221	0	25.422
run0-swarm_26_145.pdb	11.469	35.025	0	25.401
run0-swarm_39_13.pdb	8.425	21.637	0.0461538	25.223
run0-swarm_11_109.pdb	5.720	10.051	0.184615	25.084
run0-swarm_13_52.pdb	6.310	19.726	0.0615385	24.976
run0-swarm_30_2.pdb	5.947	14.457	0.107692	24.964
run0-swarm_37_72.pdb	7.938	19.268	0.0923077	24.832
run0-swarm_36_148.pdb	10.806	29.736	0	24.764
run0-swarm_19_111.pdb	11.104	28.760	0.0153846	24.286
run0-swarm_25_75.pdb	8.136	23.203	0	24.025
run0-swarm_52_106.pdb	11.607	32.218	0	23.825
run0-swarm_55_140.pdb	11.369	32.187	0.0153846	23.793
run0-swarm_20_113.pdb	8.122	23.021	0	23.723
run0-swarm_49_49.pdb	4.928	9.679	0.169231	23.701
run0-swarm_47_190.pdb	8.819	22.779	0.0153846	23.483
run0-swarm_57_186.pdb	14.213	43.662	0	23.310
run0-swarm_44_144.pdb	6.477	12.243	0.0769231	23.240
run0-swarm_36_107.pdb	10.465	27.642	0	23.205
run0-swarm_43_127.pdb	11.358	34.083	0	23.080
run0-swarm_72_166.pdb	11.131	32.608	0.0153846	23.037
run0-swarm_34_82.pdb	11.328	32.687	0	22.955
run0-swarm_36_171.pdb	7.410	21.195	0.0615385	22.860
run0-swarm_73_143.pdb	8.240	26.535	0	22.754
run0-swarm_61_167.pdb	11.417	33.205	0	22.548
run0-swarm_4_178.pdb	5.920	16.871	0.0923077	22.519
run0-swarm_3_160.pdb	7.543	19.564	0.0615385	22.501
run0-swarm_4_103.pdb	8.064	22.381	0.0461538	22.408
run0-swarm_37_142.pdb	7.999	21.314	0.0461538	22.264
run0-swarm_0_116.pdb	13.123	40.123	0	22.155
run0-swarm_44_123.pdb	7.710	20.456	0.0615385	22.016
run0-swarm_24_27.pdb	13.245	37.364	0.0461538	22.004
run0-swarm_43_196.pdb	12.796	40.809	0	21.877
run0-swarm_50_32.pdb	8.297	21.341	0	21.857
run0-swarm_28_166.pdb	5.882	13.902	0.2	21.784
run0-swarm_37_5.pdb	9.859	27.822	0	21.696
run0-swarm_17_91.pdb	8.385	23.879	0.0307692	21.640
run0-swarm_14_116.pdb	12.699	39.770	0	21.503
run0-swarm_6_86.pdb	7.682	19.081	0.0461538	21.460
run0-swarm_71_101.pdb	5.269	10.773	0.184615	21.411
run0-swarm_58_142.pdb	6.635	13.029	0.0307692	21.222
run0-swarm_10_78.pdb	8.682	29.094	0.0153846	21.138
run0-swarm_34_18.pdb	11.971	34.840	0	21.069
run0-swarm_42_129.pdb	7.906	18.674	0.0615385	20.982
run0-swarm_5_31.pdb	10.726	26.166	0	20.691
run0-swarm_79_81.pdb	7.370	20.197	0.0461538	20.688
run0-swarm_30_42.pdb	9.725	23.608	0	20.625
run0-swarm_77_80.pdb	13.006	37.459	0	20.443
run0-swarm_35_148.pdb	7.601	20.621	0.0307692	20.422
run0-swarm_64_82.pdb	11.816	32.338	0	20.205
run0-swarm_70_154.pdb	10.551	28.039	0.0307692	20.141
run0-swarm_13_31.pdb	10.106	24.136	0	20.069
run0-swarm_74_27.pdb	5.879	13.521	0.138462	20.063
run0-swarm_11_24.pdb	9.139	18.922	0.0461538	19.946
run0-swarm_40_193.pdb	6.732	18.249	0.0615385	19.942
run0-swarm_41_98.pdb	12.677	37.093	0	19.877
run0-swarm_51_92.pdb	11.148	30.484	0	19.591
run0-swarm_6_75.pdb	11.383	27.677	0.138462	19.577
run0-swarm_3_169.pdb	6.613	13.793	0.0461538	19.326
run0-swarm_56_123.pdb	11.010	33.985	0	19.254
run0-swarm_37_108.pdb	6.134	17.274	0.107692	19.093
run0-swarm_73_24.pdb	10.929	26.300	0	18.874
run0-swarm_4_108.pdb	7.943	18.009	0.0153846	18.766
run0-swarm_72_58.pdb	8.311	26.565	0.0307692	18.693
run0-swarm_46_89.pdb	12.159	36.954	0	18.509
run0-swarm_48_58.pdb	6.059	14.374	0.0923077	18.497
run0-swarm_59_64.pdb	14.727	44.586	0	18.483
run0-swarm_44_156.pdb	9.217	17.698	0	18.242
run0-swarm_31_9.pdb	8.897	16.014	0.0615385	18.188
run0-swarm_19_130.pdb	8.987	26.624	0.0307692	17.987
run0-swarm_40_123.pdb	11.369	27.863	0	17.911
run0-swarm_28_2.pdb	6.686	14.070	0.0923077	17.898
run0-swarm_50_71.pdb	9.986	20.337	0.0153846	17.669
run0-swarm_71_9.pdb	9.218	22.174	0.107692	17.650
run0-swarm_16_119.pdb	11.473	34.322	0	17.543
run0-swarm_3_3.pdb	6.336	15.105	0.169231	17.448
run0-swarm_8_158.pdb	7.443	17.398	0.138462	17.397
run0-swarm_53_101.pdb	3.976	6.158	0.430769	17.175
run0-swarm_79_121.pdb	10.153	31.201	0	17.073
run0-swarm_1_194.pdb	7.662	16.208	0.0923077	16.929
run0-swarm_76_105.pdb	7.714	16.908	0.0923077	16.806
run0-swarm_48_34.pdb	7.977	20.394	0.107692	16.540
run0-swarm_66_197.pdb	7.338	15.511	0.123077	16.344
run0-swarm_11_38.pdb	7.170	15.131	0	15.880
run0-swarm_37_84.pdb	9.655	27.028	0.0153846	15.879
run0-swarm_30_128.pdb	7.642	16.101	0.0923077	15.865
run0-swarm_73_10.pdb	7.178	18.311	0.0923077	15.792
run0-swarm_40_195.pdb	7.772	19.194	0.0615385	14.875
run0-swarm_71_186.pdb	9.497	21.724	0.123077	14.696
run0-swarm_26_81.pdb	13.766	37.585	0	14.657
run0-swarm_2_192.pdb	14.406	37.323	0	14.640
run0-swarm_13_6.pdb	9.012	25.462	0.0461538	14.178
run0-swarm_70_127.pdb	11.303	25.261	0.0769231	14.044
run0-swarm_7_71.pdb	7.825	12.049	0.0307692	14.018
run0-swarm_2_160.pdb	12.669	29.510	0	13.463
run0-swarm_41_44.pdb	13.925	36.464	0	12.844
run0-swarm_69_158.pdb	9.937	21.605	0.0461538	12.828
run0-swarm_31_45.pdb	9.383	22.542	0.0615385	12.735
run0-swarm_52_178.pdb	13.474	37.362	0	4.714
run0-swarm_16_43.pdb	13.513	33.129	0	0.770
