swarm_66_138.pdb	14.191	26.393	0.0923077	26.482
swarm_30_11.pdb	14.455	21.697	0	23.986
swarm_52_172.pdb	14.012	21.128	0	23.950
swarm_9_197.pdb	9.229	31.246	0	23.893
swarm_28_119.pdb	16.518	37.548	0	23.519
swarm_30_150.pdb	11.017	16.394	0.0769231	22.768
swarm_31_64.pdb	14.507	24.300	0.0769231	22.580
swarm_78_191.pdb	11.342	37.958	0	22.566
swarm_74_39.pdb	15.010	23.379	0	22.467
swarm_51_185.pdb	13.353	20.730	0	22.119
swarm_50_79.pdb	10.294	16.480	0.0153846	22.110
swarm_0_183.pdb	10.282	18.889	0.0769231	22.104
swarm_14_10.pdb	12.905	30.997	0.0923077	21.998
swarm_69_154.pdb	17.850	36.936	0	21.960
swarm_0_15.pdb	14.008	21.060	0	21.825
swarm_22_101.pdb	16.977	35.517	0	21.790
swarm_78_30.pdb	13.747	35.293	0	21.748
swarm_72_187.pdb	14.686	28.702	0.0769231	21.516
swarm_78_78.pdb	16.037	36.514	0	21.502
swarm_64_141.pdb	15.925	32.207	0	21.431
swarm_64_87.pdb	16.044	35.077	0	21.304
swarm_59_1.pdb	13.699	22.186	0.0615385	21.264
swarm_53_113.pdb	13.972	27.909	0.0461538	21.258
swarm_66_139.pdb	10.762	17.660	0	21.247
swarm_61_49.pdb	15.034	25.834	0	21.185
swarm_63_59.pdb	16.202	39.213	0	21.060
swarm_32_84.pdb	15.632	24.888	0.0461538	20.966
swarm_37_60.pdb	15.735	34.474	0	20.840
swarm_52_59.pdb	14.722	20.800	0	20.839
swarm_78_183.pdb	14.647	40.550	0	20.770
swarm_38_81.pdb	10.454	35.412	0.0307692	20.687
swarm_26_74.pdb	15.871	25.690	0.0153846	20.628
swarm_60_105.pdb	16.856	35.857	0	20.334
swarm_77_128.pdb	17.615	41.701	0	20.197
swarm_63_30.pdb	16.159	33.619	0	20.070
swarm_35_74.pdb	15.745	31.273	0	20.027
swarm_54_187.pdb	17.506	36.111	0	19.989
swarm_32_60.pdb	14.797	28.293	0.0615385	19.858
swarm_22_85.pdb	16.106	35.272	0	19.857
swarm_66_176.pdb	15.288	28.338	0.107692	19.738
swarm_75_165.pdb	14.048	24.244	0.0307692	19.733
swarm_14_167.pdb	15.118	29.000	0	19.704
swarm_10_46.pdb	14.933	20.564	0	19.688
swarm_77_90.pdb	15.489	32.342	0	19.674
swarm_66_34.pdb	14.559	28.341	0.0615385	19.623
swarm_79_156.pdb	16.201	33.208	0	19.604
swarm_9_118.pdb	15.639	35.233	0	19.514
swarm_12_49.pdb	14.134	40.850	0	19.481
swarm_33_50.pdb	16.435	29.711	0	19.352
swarm_77_22.pdb	14.948	39.618	0	19.232
swarm_78_73.pdb	13.050	32.922	0.0769231	19.195
swarm_9_31.pdb	14.996	40.888	0	19.144
swarm_63_23.pdb	15.576	34.370	0	19.112
swarm_26_18.pdb	8.858	22.560	0	19.051
swarm_77_192.pdb	10.199	36.464	0.0307692	19.050
swarm_61_11.pdb	15.794	32.500	0	18.984
swarm_72_139.pdb	16.633	30.993	0.0769231	18.807
swarm_13_58.pdb	10.874	28.716	0.0307692	18.784
swarm_64_14.pdb	16.594	38.379	0	18.732
swarm_38_147.pdb	16.937	36.592	0	18.711
swarm_73_160.pdb	13.968	27.618	0	18.640
swarm_67_27.pdb	15.877	31.767	0	18.636
swarm_64_98.pdb	15.747	37.902	0	18.551
swarm_68_178.pdb	15.255	31.852	0	18.507
swarm_16_93.pdb	14.479	24.830	0	18.442
swarm_35_35.pdb	17.077	31.301	0	18.205
swarm_37_185.pdb	16.807	36.025	0	18.077
swarm_43_146.pdb	14.001	37.703	0.0153846	18.035
swarm_19_157.pdb	17.350	35.679	0	17.996
swarm_43_35.pdb	14.831	39.072	0	17.906
swarm_37_14.pdb	16.100	35.274	0	17.894
swarm_25_11.pdb	16.371	37.331	0	17.861
swarm_66_59.pdb	14.993	22.218	0	17.799
swarm_19_132.pdb	17.015	36.868	0	17.796
swarm_32_78.pdb	7.656	21.779	0.2	17.607
swarm_15_8.pdb	13.398	29.334	0	17.269
swarm_61_189.pdb	11.848	30.174	0	17.240
swarm_19_5.pdb	17.585	41.646	0	17.239
swarm_13_48.pdb	11.907	31.477	0.0153846	17.233
swarm_4_170.pdb	18.475	38.047	0	17.168
swarm_4_69.pdb	16.109	39.466	0	17.162
swarm_55_10.pdb	16.854	34.598	0	16.989
swarm_25_20.pdb	17.207	37.044	0	16.973
swarm_32_91.pdb	12.302	19.478	0	16.966
swarm_64_176.pdb	16.977	37.501	0	16.930
swarm_79_162.pdb	15.793	32.675	0	16.738
swarm_23_165.pdb	12.827	31.778	0	16.627
swarm_10_151.pdb	15.863	21.555	0.0461538	16.614
swarm_43_42.pdb	17.042	35.730	0	16.276
swarm_59_101.pdb	15.521	29.857	0	16.248
swarm_58_3.pdb	14.281	26.027	0.0461538	16.169
swarm_54_172.pdb	15.691	37.864	0	16.033
swarm_79_77.pdb	17.145	35.454	0	15.964
swarm_79_36.pdb	13.019	39.324	0	15.891
swarm_73_162.pdb	15.159	27.114	0	15.765
swarm_36_161.pdb	15.741	31.405	0	15.695
swarm_35_1.pdb	15.123	27.031	0	15.625
swarm_31_152.pdb	10.074	18.335	0	15.623
swarm_43_60.pdb	15.515	34.250	0	15.568
swarm_59_47.pdb	13.275	23.183	0	15.339
swarm_6_19.pdb	14.239	19.652	0.0153846	15.293
swarm_35_67.pdb	14.104	26.050	0.0153846	15.238
swarm_18_150.pdb	12.421	17.243	0.0307692	15.200
swarm_32_133.pdb	13.092	19.728	0	15.077
swarm_18_176.pdb	14.599	20.718	0.0153846	14.568
swarm_72_78.pdb	14.953	28.880	0	14.460
swarm_57_158.pdb	16.822	32.894	0	14.307
swarm_79_106.pdb	15.995	39.056	0	14.013
swarm_72_170.pdb	17.732	33.698	0.0307692	13.854
swarm_25_86.pdb	17.640	39.888	0	13.508
swarm_25_90.pdb	15.776	41.017	0	13.483
swarm_38_14.pdb	16.041	37.952	0	13.359
swarm_63_177.pdb	14.632	43.213	0	12.934
swarm_55_126.pdb	13.270	36.975	0.0461538	12.800
swarm_78_74.pdb	16.488	37.670	0	12.666
swarm_57_160.pdb	13.864	32.537	0.0307692	11.740
swarm_79_3.pdb	13.300	36.840	0	11.529
swarm_4_40.pdb	17.896	45.158	0	11.393
swarm_14_175.pdb	10.380	27.907	0	10.830
swarm_7_169.pdb	16.633	37.865	0	10.567
swarm_67_8.pdb	13.089	40.287	0	10.152
swarm_69_45.pdb	14.276	39.927	0	9.547
swarm_19_190.pdb	16.948	37.917	0	8.274
swarm_1_111.pdb	16.587	38.101	0	7.895
swarm_9_157.pdb	18.213	38.456	0	7.672
swarm_28_54.pdb	17.786	38.588	0	7.593
swarm_71_42.pdb	12.735	19.180	0	1.521
swarm_68_116.pdb	14.795	30.862	0	1.110
