run0-swarm_6_28.pdb	7.505	21.583	0.138462	36.190
run0-swarm_47_56.pdb	7.740	21.551	0.138462	36.038
run0-swarm_71_35.pdb	6.400	16.276	0.107692	35.874
run0-swarm_29_110.pdb	6.654	17.270	0.0923077	35.727
run0-swarm_58_75.pdb	5.231	13.228	0.307692	35.335
run0-swarm_75_142.pdb	5.471	14.873	0.138462	34.105
run0-swarm_8_85.pdb	6.906	18.534	0.0615385	33.895
run0-swarm_25_109.pdb	5.878	16.357	0.138462	33.457
run0-swarm_48_47.pdb	4.336	8.207	0.4	33.428
run0-swarm_69_31.pdb	7.051	18.158	0.0615385	33.259
run1-swarm_8_130.pdb	4.416	9.726	0.292308	33.027
run0-swarm_22_179.pdb	8.434	23.018	0.107692	32.951
run0-swarm_40_154.pdb	9.269	24.180	0.0461538	32.911
run0-swarm_28_67.pdb	6.623	16.550	0.184615	32.648
run0-swarm_69_57.pdb	5.560	15.598	0.107692	32.559
run0-swarm_71_117.pdb	6.420	17.773	0.184615	32.335
run0-swarm_7_82.pdb	6.327	12.581	0.169231	31.891
run0-swarm_44_112.pdb	5.276	12.877	0.338462	31.709
run1-swarm_12_123.pdb	9.889	32.052	0	31.592
run1-swarm_16_181.pdb	9.143	32.556	0	31.557
run1-swarm_55_185.pdb	4.887	10.376	0.2	31.398
run1-swarm_64_88.pdb	10.351	29.693	0	31.268
run1-swarm_0_147.pdb	10.918	34.448	0	31.155
run0-swarm_28_72.pdb	5.787	11.308	0.169231	30.845
run0-swarm_17_191.pdb	10.300	28.410	0	30.454
run1-swarm_22_180.pdb	9.930	28.383	0	30.449
run0-swarm_22_96.pdb	5.974	17.446	0.169231	30.440
run1-swarm_63_23.pdb	4.208	7.392	0.261538	30.431
run0-swarm_47_33.pdb	6.015	15.869	0.0923077	30.403
run0-swarm_31_35.pdb	6.533	9.858	0.0769231	30.381
run0-swarm_39_66.pdb	9.066	26.381	0	30.242
run0-swarm_70_68.pdb	6.509	19.501	0.0923077	30.146
run1-swarm_74_85.pdb	10.117	29.160	0	29.905
run1-swarm_35_195.pdb	4.628	6.503	0.507692	29.632
run0-swarm_50_44.pdb	5.106	11.948	0.230769	29.448
run0-swarm_78_159.pdb	10.408	28.312	0	29.445
run1-swarm_53_154.pdb	10.679	34.114	0	29.409
run1-swarm_5_44.pdb	8.295	26.041	0.0153846	29.386
run0-swarm_79_95.pdb	8.793	25.467	0	29.321
run1-swarm_1_16.pdb	9.268	30.930	0	29.303
run0-swarm_38_10.pdb	6.998	20.633	0.107692	29.229
run1-swarm_32_136.pdb	4.343	9.191	0.338462	29.175
run1-swarm_77_174.pdb	4.975	11.691	0.184615	29.087
run0-swarm_74_64.pdb	6.731	16.807	0.0461538	29.042
run1-swarm_73_99.pdb	10.304	33.501	0	28.959
run0-swarm_45_184.pdb	10.409	28.113	0	28.919
run0-swarm_5_169.pdb	7.601	23.257	0.0307692	28.864
run1-swarm_51_190.pdb	9.868	33.933	0	28.713
run1-swarm_61_100.pdb	4.866	7.156	0.461538	28.308
run1-swarm_17_3.pdb	9.846	34.964	0	28.139
run1-swarm_31_97.pdb	6.508	17.108	0.0615385	28.068
run1-swarm_20_40.pdb	12.925	31.073	0	28.050
run1-swarm_33_106.pdb	4.870	12.316	0.230769	27.901
run1-swarm_13_166.pdb	4.637	6.476	0.4	27.895
run0-swarm_38_64.pdb	8.789	24.425	0.0153846	27.762
run0-swarm_73_128.pdb	7.443	21.619	0.107692	27.734
run0-swarm_48_157.pdb	7.068	18.926	0.107692	27.491
run0-swarm_74_0.pdb	7.243	21.715	0.0769231	27.490
run0-swarm_3_161.pdb	6.896	10.463	0.0615385	27.353
run1-swarm_74_171.pdb	8.398	30.936	0	27.347
run1-swarm_77_37.pdb	6.465	17.389	0.138462	27.346
run0-swarm_18_156.pdb	10.472	27.966	0	27.314
run1-swarm_8_140.pdb	4.595	6.979	0.507692	27.264
run1-swarm_48_54.pdb	6.216	11.436	0.2	27.119
run1-swarm_63_149.pdb	5.833	13.297	0.276923	27.070
run0-swarm_18_51.pdb	11.044	27.789	0.0307692	26.995
run1-swarm_54_44.pdb	10.400	29.094	0	26.959
run0-swarm_13_69.pdb	10.251	30.179	0	26.686
run1-swarm_15_103.pdb	11.729	32.534	0	26.660
run0-swarm_65_24.pdb	9.744	26.584	0	26.591
run0-swarm_75_11.pdb	6.930	19.888	0.0461538	26.535
run0-swarm_39_148.pdb	7.023	19.412	0.0615385	26.425
run0-swarm_42_125.pdb	7.704	21.330	0.0461538	26.395
run0-swarm_6_181.pdb	8.505	26.170	0.0461538	26.294
run1-swarm_62_197.pdb	5.784	15.660	0.2	25.955
run0-swarm_27_133.pdb	10.519	29.981	0	25.950
run1-swarm_37_75.pdb	6.420	16.705	0.0461538	25.856
run0-swarm_24_19.pdb	8.343	26.554	0.0307692	25.849
run0-swarm_40_168.pdb	8.362	22.351	0.0461538	25.773
run0-swarm_37_27.pdb	10.306	28.742	0	25.716
run0-swarm_4_165.pdb	8.337	21.538	0.0461538	25.611
run1-swarm_61_5.pdb	6.055	16.503	0.0461538	25.591
run1-swarm_25_33.pdb	6.147	9.348	0.169231	25.580
run0-swarm_19_13.pdb	8.587	24.576	0	25.438
run0-swarm_2_89.pdb	9.107	28.221	0	25.422
run0-swarm_26_145.pdb	11.469	35.025	0	25.401
run0-swarm_39_13.pdb	8.425	21.637	0.0461538	25.223
run1-swarm_60_146.pdb	10.771	27.607	0.0769231	25.203
run1-swarm_48_9.pdb	6.520	16.713	0.0923077	25.151
run0-swarm_11_109.pdb	5.720	10.051	0.184615	25.084
run0-swarm_13_52.pdb	6.310	19.726	0.0615385	24.976
run0-swarm_30_2.pdb	5.947	14.457	0.107692	24.964
run1-swarm_65_85.pdb	8.362	24.803	0.0153846	24.936
run0-swarm_37_72.pdb	7.938	19.268	0.0923077	24.832
run0-swarm_36_148.pdb	10.806	29.736	0	24.764
run1-swarm_25_4.pdb	7.475	12.490	0.184615	24.586
run1-swarm_75_194.pdb	4.785	7.673	0.384615	24.396
run0-swarm_19_111.pdb	11.104	28.760	0.0153846	24.286
run1-swarm_30_152.pdb	11.299	33.571	0	24.279
run0-swarm_25_75.pdb	8.136	23.203	0	24.025
run1-swarm_24_71.pdb	10.874	30.437	0	23.922
run1-swarm_63_101.pdb	6.800	10.388	0.246154	23.857
run1-swarm_22_29.pdb	12.623	32.082	0	23.842
run0-swarm_52_106.pdb	11.607	32.218	0	23.825
run0-swarm_55_140.pdb	11.369	32.187	0.0153846	23.793
run1-swarm_31_33.pdb	3.997	6.120	0.215385	23.760
run0-swarm_20_113.pdb	8.122	23.021	0	23.723
run0-swarm_49_49.pdb	4.928	9.679	0.169231	23.701
run1-swarm_66_198.pdb	11.037	31.903	0	23.666
run1-swarm_29_198.pdb	5.206	11.665	0.153846	23.655
run1-swarm_57_87.pdb	11.103	31.218	0	23.561
run0-swarm_47_190.pdb	8.819	22.779	0.0153846	23.483
run0-swarm_57_186.pdb	14.213	43.662	0	23.310
run0-swarm_44_144.pdb	6.477	12.243	0.0769231	23.240
run0-swarm_36_107.pdb	10.465	27.642	0	23.205
run1-swarm_16_49.pdb	10.834	30.491	0	23.127
run0-swarm_43_127.pdb	11.358	34.083	0	23.080
run0-swarm_72_166.pdb	11.131	32.608	0.0153846	23.037
run1-swarm_36_170.pdb	8.280	30.094	0	23.013
run0-swarm_34_82.pdb	11.328	32.687	0	22.955
run0-swarm_36_171.pdb	7.410	21.195	0.0615385	22.860
run0-swarm_73_143.pdb	8.240	26.535	0	22.754
run0-swarm_61_167.pdb	11.417	33.205	0	22.548
run0-swarm_4_178.pdb	5.920	16.871	0.0923077	22.519
run1-swarm_76_26.pdb	7.953	28.634	0.0153846	22.518
run0-swarm_3_160.pdb	7.543	19.564	0.0615385	22.501
run1-swarm_47_45.pdb	11.118	32.202	0	22.434
run0-swarm_4_103.pdb	8.064	22.381	0.0461538	22.408
run0-swarm_37_142.pdb	7.999	21.314	0.0461538	22.264
run0-swarm_0_116.pdb	13.123	40.123	0	22.155
run1-swarm_68_125.pdb	13.629	39.597	0	22.146
run1-swarm_29_86.pdb	5.666	10.192	0.184615	22.070
run1-swarm_31_93.pdb	4.896	8.402	0.215385	22.041
run1-swarm_35_190.pdb	7.684	14.581	0.184615	22.021
run0-swarm_44_123.pdb	7.710	20.456	0.0615385	22.016
run0-swarm_24_27.pdb	13.245	37.364	0.0461538	22.004
run0-swarm_43_196.pdb	12.796	40.809	0	21.877
run0-swarm_50_32.pdb	8.297	21.341	0	21.857
run0-swarm_28_166.pdb	5.882	13.902	0.2	21.784
run0-swarm_37_5.pdb	9.859	27.822	0	21.696
run0-swarm_17_91.pdb	8.385	23.879	0.0307692	21.640
run0-swarm_14_116.pdb	12.699	39.770	0	21.503
run1-swarm_29_133.pdb	6.027	18.120	0.169231	21.478
run1-swarm_42_24.pdb	7.440	20.192	0.0923077	21.477
run0-swarm_6_86.pdb	7.682	19.081	0.0461538	21.460
run0-swarm_71_101.pdb	5.269	10.773	0.184615	21.411
run1-swarm_39_90.pdb	7.314	25.999	0.0615385	21.383
run1-swarm_14_132.pdb	6.328	20.346	0.0615385	21.298
run0-swarm_58_142.pdb	6.635	13.029	0.0307692	21.222
run1-swarm_54_148.pdb	7.496	17.344	0.0307692	21.218
run1-swarm_61_111.pdb	6.743	12.334	0.0769231	21.206
run0-swarm_10_78.pdb	8.682	29.094	0.0153846	21.138
run0-swarm_34_18.pdb	11.971	34.840	0	21.069
run0-swarm_42_129.pdb	7.906	18.674	0.0615385	20.982
run1-swarm_57_89.pdb	11.438	33.391	0	20.762
run0-swarm_5_31.pdb	10.726	26.166	0	20.691
run0-swarm_79_81.pdb	7.370	20.197	0.0461538	20.688
run0-swarm_30_42.pdb	9.725	23.608	0	20.625
run1-swarm_76_185.pdb	7.853	19.170	0.0461538	20.613
run1-swarm_43_169.pdb	7.867	18.178	0.0461538	20.612
run1-swarm_39_19.pdb	10.693	30.258	0.0153846	20.468
run0-swarm_77_80.pdb	13.006	37.459	0	20.443
run0-swarm_35_148.pdb	7.601	20.621	0.0307692	20.422
run0-swarm_64_82.pdb	11.816	32.338	0	20.205
run0-swarm_70_154.pdb	10.551	28.039	0.0307692	20.141
run1-swarm_58_194.pdb	10.334	29.200	0	20.115
run0-swarm_13_31.pdb	10.106	24.136	0	20.069
run0-swarm_74_27.pdb	5.879	13.521	0.138462	20.063
run0-swarm_11_24.pdb	9.139	18.922	0.0461538	19.946
run0-swarm_40_193.pdb	6.732	18.249	0.0615385	19.942
run0-swarm_41_98.pdb	12.677	37.093	0	19.877
run0-swarm_51_92.pdb	11.148	30.484	0	19.591
run0-swarm_6_75.pdb	11.383	27.677	0.138462	19.577
run1-swarm_32_103.pdb	6.015	15.241	0.246154	19.526
run1-swarm_25_76.pdb	4.309	6.880	0.2	19.449
run0-swarm_3_169.pdb	6.613	13.793	0.0461538	19.326
run0-swarm_56_123.pdb	11.010	33.985	0	19.254
run1-swarm_10_74.pdb	8.773	30.711	0.0153846	19.208
run1-swarm_63_122.pdb	10.412	16.322	0	19.144
run0-swarm_37_108.pdb	6.134	17.274	0.107692	19.093
run1-swarm_40_97.pdb	9.962	28.491	0	19.038
run1-swarm_18_75.pdb	4.954	7.480	0.0769231	18.955
run0-swarm_73_24.pdb	10.929	26.300	0	18.874
run1-swarm_31_43.pdb	7.455	11.744	0.0923077	18.811
run0-swarm_4_108.pdb	7.943	18.009	0.0153846	18.766
run0-swarm_72_58.pdb	8.311	26.565	0.0307692	18.693
run1-swarm_62_8.pdb	7.119	13.272	0.107692	18.621
run0-swarm_46_89.pdb	12.159	36.954	0	18.509
run0-swarm_48_58.pdb	6.059	14.374	0.0923077	18.497
run0-swarm_59_64.pdb	14.727	44.586	0	18.483
run0-swarm_44_156.pdb	9.217	17.698	0	18.242
run0-swarm_31_9.pdb	8.897	16.014	0.0615385	18.188
run1-swarm_11_189.pdb	6.117	20.125	0.0307692	17.997
run0-swarm_19_130.pdb	8.987	26.624	0.0307692	17.987
run0-swarm_40_123.pdb	11.369	27.863	0	17.911
run0-swarm_28_2.pdb	6.686	14.070	0.0923077	17.898
run1-swarm_18_70.pdb	9.002	16.377	0.0153846	17.670
run0-swarm_50_71.pdb	9.986	20.337	0.0153846	17.669
run0-swarm_71_9.pdb	9.218	22.174	0.107692	17.650
run0-swarm_16_119.pdb	11.473	34.322	0	17.543
run0-swarm_3_3.pdb	6.336	15.105	0.169231	17.448
run1-swarm_71_0.pdb	6.545	16.930	0.0461538	17.426
run0-swarm_8_158.pdb	7.443	17.398	0.138462	17.397
run1-swarm_60_117.pdb	12.031	32.653	0	17.350
run0-swarm_53_101.pdb	3.976	6.158	0.430769	17.175
run0-swarm_79_121.pdb	10.153	31.201	0	17.073
run1-swarm_10_53.pdb	8.056	27.755	0	16.981
run0-swarm_1_194.pdb	7.662	16.208	0.0923077	16.929
run1-swarm_69_81.pdb	8.091	19.866	0.0307692	16.911
run1-swarm_75_48.pdb	8.347	15.626	0.0769231	16.903
run0-swarm_76_105.pdb	7.714	16.908	0.0923077	16.806
run1-swarm_10_44.pdb	8.504	23.052	0.0307692	16.803
run1-swarm_66_97.pdb	12.375	35.979	0	16.713
run0-swarm_48_34.pdb	7.977	20.394	0.107692	16.540
run0-swarm_66_197.pdb	7.338	15.511	0.123077	16.344
run1-swarm_63_153.pdb	7.362	13.938	0.0769231	16.343
run1-swarm_4_103.pdb	8.588	16.349	0	16.224
run1-swarm_44_161.pdb	11.752	31.414	0	16.080
run1-swarm_80_176.pdb	12.180	29.769	0.0153846	16.045
run1-swarm_68_149.pdb	10.644	33.331	0	15.945
run0-swarm_11_38.pdb	7.170	15.131	0	15.880
run0-swarm_37_84.pdb	9.655	27.028	0.0153846	15.879
run1-swarm_27_193.pdb	8.567	17.953	0	15.874
run0-swarm_30_128.pdb	7.642	16.101	0.0923077	15.865
run0-swarm_73_10.pdb	7.178	18.311	0.0923077	15.792
run1-swarm_65_105.pdb	4.146	8.952	0.292308	15.672
run1-swarm_38_43.pdb	10.629	28.522	0	15.449
run1-swarm_69_132.pdb	7.723	25.527	0.0153846	15.387
run0-swarm_40_195.pdb	7.772	19.194	0.0615385	14.875
run1-swarm_58_136.pdb	11.610	31.804	0.0153846	14.832
run0-swarm_71_186.pdb	9.497	21.724	0.123077	14.696
run0-swarm_26_81.pdb	13.766	37.585	0	14.657
run0-swarm_2_192.pdb	14.406	37.323	0	14.640
run0-swarm_13_6.pdb	9.012	25.462	0.0461538	14.178
run0-swarm_70_127.pdb	11.303	25.261	0.0769231	14.044
run0-swarm_7_71.pdb	7.825	12.049	0.0307692	14.018
run0-swarm_2_160.pdb	12.669	29.510	0	13.463
run0-swarm_41_44.pdb	13.925	36.464	0	12.844
run0-swarm_69_158.pdb	9.937	21.605	0.0461538	12.828
run0-swarm_31_45.pdb	9.383	22.542	0.0615385	12.735
run1-swarm_29_103.pdb	8.363	27.179	0.0307692	12.379
run1-swarm_39_183.pdb	8.178	25.748	0	10.049
run1-swarm_3_189.pdb	10.054	25.107	0.0153846	9.959
run1-swarm_77_95.pdb	5.060	11.398	0.276923	9.390
run1-swarm_42_127.pdb	11.329	34.773	0	9.092
run1-swarm_68_11.pdb	8.644	25.787	0	8.823
run1-swarm_35_18.pdb	6.901	16.802	0.0923077	8.722
run1-swarm_6_158.pdb	8.024	24.017	0.0461538	7.760
run0-swarm_52_178.pdb	13.474	37.362	0	4.714
run1-swarm_68_50.pdb	9.581	27.562	0	3.477
run1-swarm_31_96.pdb	5.951	14.205	0.169231	0.942
run0-swarm_16_43.pdb	13.513	33.129	0	0.770
run1-swarm_39_188.pdb	10.772	33.864	0	0.651
