run1-swarm_8_130.pdb	4.416	9.726	0.292308	33.027
run1-swarm_12_123.pdb	9.889	32.052	0	31.592
run1-swarm_16_181.pdb	9.143	32.556	0	31.557
run1-swarm_55_185.pdb	4.887	10.376	0.2	31.398
run1-swarm_64_88.pdb	10.351	29.693	0	31.268
run1-swarm_0_147.pdb	10.918	34.448	0	31.155
run1-swarm_22_180.pdb	9.930	28.383	0	30.449
run1-swarm_63_23.pdb	4.208	7.392	0.261538	30.431
run1-swarm_74_85.pdb	10.117	29.160	0	29.905
run1-swarm_35_195.pdb	4.628	6.503	0.507692	29.632
run1-swarm_53_154.pdb	10.679	34.114	0	29.409
run1-swarm_5_44.pdb	8.295	26.041	0.0153846	29.386
run1-swarm_1_16.pdb	9.268	30.930	0	29.303
run1-swarm_32_136.pdb	4.343	9.191	0.338462	29.175
run1-swarm_77_174.pdb	4.975	11.691	0.184615	29.087
run1-swarm_73_99.pdb	10.304	33.501	0	28.959
run1-swarm_51_190.pdb	9.868	33.933	0	28.713
run1-swarm_61_100.pdb	4.866	7.156	0.461538	28.308
run1-swarm_17_3.pdb	9.846	34.964	0	28.139
run1-swarm_31_97.pdb	6.508	17.108	0.0615385	28.068
run1-swarm_20_40.pdb	12.925	31.073	0	28.050
run1-swarm_33_106.pdb	4.870	12.316	0.230769	27.901
run1-swarm_13_166.pdb	4.637	6.476	0.4	27.895
run1-swarm_74_171.pdb	8.398	30.936	0	27.347
run1-swarm_77_37.pdb	6.465	17.389	0.138462	27.346
run1-swarm_8_140.pdb	4.595	6.979	0.507692	27.264
run1-swarm_48_54.pdb	6.216	11.436	0.2	27.119
run1-swarm_63_149.pdb	5.833	13.297	0.276923	27.070
run1-swarm_54_44.pdb	10.400	29.094	0	26.959
run1-swarm_15_103.pdb	11.729	32.534	0	26.660
run1-swarm_62_197.pdb	5.784	15.660	0.2	25.955
run1-swarm_37_75.pdb	6.420	16.705	0.0461538	25.856
run1-swarm_61_5.pdb	6.055	16.503	0.0461538	25.591
run1-swarm_25_33.pdb	6.147	9.348	0.169231	25.580
run1-swarm_60_146.pdb	10.771	27.607	0.0769231	25.203
run1-swarm_48_9.pdb	6.520	16.713	0.0923077	25.151
run1-swarm_65_85.pdb	8.362	24.803	0.0153846	24.936
run1-swarm_25_4.pdb	7.475	12.490	0.184615	24.586
run1-swarm_75_194.pdb	4.785	7.673	0.384615	24.396
run1-swarm_30_152.pdb	11.299	33.571	0	24.279
run1-swarm_24_71.pdb	10.874	30.437	0	23.922
run1-swarm_63_101.pdb	6.800	10.388	0.246154	23.857
run1-swarm_22_29.pdb	12.623	32.082	0	23.842
run1-swarm_31_33.pdb	3.997	6.120	0.215385	23.760
run1-swarm_66_198.pdb	11.037	31.903	0	23.666
run1-swarm_29_198.pdb	5.206	11.665	0.153846	23.655
run1-swarm_57_87.pdb	11.103	31.218	0	23.561
run1-swarm_16_49.pdb	10.834	30.491	0	23.127
run1-swarm_36_170.pdb	8.280	30.094	0	23.013
run1-swarm_76_26.pdb	7.953	28.634	0.0153846	22.518
run1-swarm_47_45.pdb	11.118	32.202	0	22.434
run1-swarm_68_125.pdb	13.629	39.597	0	22.146
run1-swarm_29_86.pdb	5.666	10.192	0.184615	22.070
run1-swarm_31_93.pdb	4.896	8.402	0.215385	22.041
run1-swarm_35_190.pdb	7.684	14.581	0.184615	22.021
run1-swarm_29_133.pdb	6.027	18.120	0.169231	21.478
run1-swarm_42_24.pdb	7.440	20.192	0.0923077	21.477
run1-swarm_39_90.pdb	7.314	25.999	0.0615385	21.383
run1-swarm_14_132.pdb	6.328	20.346	0.0615385	21.298
run1-swarm_54_148.pdb	7.496	17.344	0.0307692	21.218
run1-swarm_61_111.pdb	6.743	12.334	0.0769231	21.206
run1-swarm_57_89.pdb	11.438	33.391	0	20.762
run1-swarm_76_185.pdb	7.853	19.170	0.0461538	20.613
run1-swarm_43_169.pdb	7.867	18.178	0.0461538	20.612
run1-swarm_39_19.pdb	10.693	30.258	0.0153846	20.468
run1-swarm_58_194.pdb	10.334	29.200	0	20.115
run1-swarm_32_103.pdb	6.015	15.241	0.246154	19.526
run1-swarm_25_76.pdb	4.309	6.880	0.2	19.449
run1-swarm_10_74.pdb	8.773	30.711	0.0153846	19.208
run1-swarm_63_122.pdb	10.412	16.322	0	19.144
run1-swarm_40_97.pdb	9.962	28.491	0	19.038
run1-swarm_18_75.pdb	4.954	7.480	0.0769231	18.955
run1-swarm_31_43.pdb	7.455	11.744	0.0923077	18.811
run1-swarm_62_8.pdb	7.119	13.272	0.107692	18.621
run1-swarm_11_189.pdb	6.117	20.125	0.0307692	17.997
run1-swarm_18_70.pdb	9.002	16.377	0.0153846	17.670
run1-swarm_71_0.pdb	6.545	16.930	0.0461538	17.426
run1-swarm_60_117.pdb	12.031	32.653	0	17.350
run1-swarm_10_53.pdb	8.056	27.755	0	16.981
run1-swarm_69_81.pdb	8.091	19.866	0.0307692	16.911
run1-swarm_75_48.pdb	8.347	15.626	0.0769231	16.903
run1-swarm_10_44.pdb	8.504	23.052	0.0307692	16.803
run1-swarm_66_97.pdb	12.375	35.979	0	16.713
run1-swarm_63_153.pdb	7.362	13.938	0.0769231	16.343
run1-swarm_4_103.pdb	8.588	16.349	0	16.224
run1-swarm_44_161.pdb	11.752	31.414	0	16.080
run1-swarm_80_176.pdb	12.180	29.769	0.0153846	16.045
run1-swarm_68_149.pdb	10.644	33.331	0	15.945
run1-swarm_27_193.pdb	8.567	17.953	0	15.874
run1-swarm_65_105.pdb	4.146	8.952	0.292308	15.672
run1-swarm_38_43.pdb	10.629	28.522	0	15.449
run1-swarm_69_132.pdb	7.723	25.527	0.0153846	15.387
run1-swarm_58_136.pdb	11.610	31.804	0.0153846	14.832
run1-swarm_29_103.pdb	8.363	27.179	0.0307692	12.379
run1-swarm_39_183.pdb	8.178	25.748	0	10.049
run1-swarm_3_189.pdb	10.054	25.107	0.0153846	9.959
run1-swarm_77_95.pdb	5.060	11.398	0.276923	9.390
run1-swarm_42_127.pdb	11.329	34.773	0	9.092
run1-swarm_68_11.pdb	8.644	25.787	0	8.823
run1-swarm_35_18.pdb	6.901	16.802	0.0923077	8.722
run1-swarm_6_158.pdb	8.024	24.017	0.0461538	7.760
run1-swarm_68_50.pdb	9.581	27.562	0	3.477
run1-swarm_31_96.pdb	5.951	14.205	0.169231	0.942
run1-swarm_39_188.pdb	10.772	33.864	0	0.651
