swarm_55_194.pdb	6.369	9.577	0.0192308	35.826
swarm_64_4.pdb	5.635	7.445	0.0384615	35.558
swarm_55_179.pdb	4.605	9.594	0.0961538	34.551
swarm_55_58.pdb	4.910	13.462	0.115385	34.547
swarm_30_74.pdb	4.893	8.502	0.0769231	32.866
swarm_47_179.pdb	2.607	12.825	0.596154	32.078
swarm_55_124.pdb	2.719	11.750	0.557692	31.945
swarm_49_16.pdb	3.015	14.792	0.480769	31.435
swarm_28_44.pdb	5.114	9.102	0.0576923	31.324
swarm_42_193.pdb	5.708	6.563	0	29.511
swarm_30_139.pdb	2.299	17.384	0.75	28.644
swarm_42_124.pdb	3.534	9.213	0.365385	28.574
swarm_41_34.pdb	8.931	11.827	0	28.493
swarm_36_149.pdb	2.774	22.040	0.576923	28.080
swarm_0_176.pdb	6.305	9.138	0.0192308	28.021
swarm_4_79.pdb	9.113	12.186	0	27.481
swarm_67_179.pdb	11.863	16.991	0	27.249
swarm_10_161.pdb	3.048	14.927	0.480769	26.185
swarm_41_182.pdb	8.264	9.720	0	24.093
swarm_37_25.pdb	6.959	35.179	0.0384615	23.770
swarm_53_85.pdb	7.196	32.687	0.0192308	23.617
swarm_5_165.pdb	5.872	10.642	0.0192308	23.455
swarm_20_92.pdb	8.619	13.536	0	22.242
swarm_0_179.pdb	7.774	9.779	0	21.635
swarm_41_120.pdb	11.977	24.569	0	17.145
swarm_26_150.pdb	8.940	30.174	0	16.216
swarm_36_143.pdb	9.403	32.064	0	15.275
