swarm_20_109.pdb	2.554	12.260	0.596154	35.000
swarm_16_150.pdb	4.767	7.223	0.0769231	33.205
swarm_12_37.pdb	10.278	35.440	0	32.424
swarm_18_182.pdb	4.485	6.969	0.115385	32.376
swarm_28_15.pdb	4.528	4.771	0.115385	32.291
swarm_0_180.pdb	9.436	11.875	0	32.214
swarm_38_11.pdb	3.453	8.046	0.269231	31.788
swarm_18_8.pdb	2.103	18.419	0.615385	31.617
swarm_16_81.pdb	9.443	11.752	0	31.422
swarm_31_97.pdb	4.196	13.917	0.173077	30.560
swarm_21_49.pdb	4.323	24.703	0.211538	30.446
swarm_20_92.pdb	3.980	24.861	0.326923	30.359
swarm_17_31.pdb	3.983	10.891	0.173077	28.798
swarm_13_196.pdb	2.136	18.076	0.576923	28.783
swarm_7_188.pdb	9.714	33.200	0	27.915
swarm_44_145.pdb	9.306	12.225	0	27.879
swarm_2_157.pdb	6.966	9.338	0	26.939
swarm_41_107.pdb	5.313	9.272	0.0384615	26.921
swarm_0_198.pdb	7.100	8.874	0	26.670
swarm_11_170.pdb	8.305	10.329	0	26.299
swarm_25_16.pdb	7.864	8.819	0	25.922
swarm_12_56.pdb	5.088	30.417	0.307692	25.763
swarm_4_107.pdb	4.079	15.528	0.192308	25.554
swarm_4_177.pdb	3.317	21.835	0.403846	25.430
swarm_32_165.pdb	4.278	21.884	0.384615	25.297
swarm_37_179.pdb	8.392	11.623	0	25.145
swarm_41_134.pdb	8.241	8.847	0	24.153
swarm_31_49.pdb	4.209	20.490	0.442308	23.940
swarm_14_160.pdb	5.530	31.549	0.134615	21.432
swarm_3_58.pdb	10.442	26.659	0	19.763
swarm_14_83.pdb	9.236	35.522	0.0192308	12.448
swarm_18_89.pdb	7.049	19.674	0	11.445
