swarm_50_27.pdb	10.266	18.346	0	36.190
swarm_30_56.pdb	17.695	55.432	0	33.976
swarm_56_176.pdb	14.811	52.913	0	33.697
swarm_19_17.pdb	11.477	29.255	0	31.736
swarm_15_136.pdb	14.563	52.139	0	30.465
swarm_28_109.pdb	9.781	26.055	0.0192308	30.295
swarm_56_125.pdb	14.185	53.831	0	29.037
swarm_12_92.pdb	14.217	39.969	0	29.002
swarm_30_113.pdb	14.646	52.854	0	28.790
swarm_32_14.pdb	14.405	40.941	0	27.335
swarm_50_46.pdb	12.073	22.577	0	27.314
swarm_29_21.pdb	10.438	27.861	0	26.970
swarm_52_62.pdb	15.918	49.047	0	26.722
swarm_32_50.pdb	19.003	46.800	0	26.635
swarm_60_154.pdb	18.042	52.037	0	26.308
swarm_27_71.pdb	12.387	29.997	0	26.191
swarm_44_150.pdb	14.316	37.988	0	26.109
swarm_11_173.pdb	17.976	46.245	0	26.013
swarm_26_172.pdb	15.287	31.397	0	25.853
swarm_16_17.pdb	19.309	56.171	0	25.450
swarm_52_148.pdb	18.077	51.250	0	25.381
swarm_57_172.pdb	17.256	52.700	0	25.378
swarm_7_128.pdb	17.687	45.555	0	24.637
swarm_40_44.pdb	11.995	21.408	0.0192308	24.611
swarm_57_151.pdb	17.424	52.775	0	24.553
swarm_8_61.pdb	14.842	49.312	0	24.279
swarm_36_8.pdb	16.306	50.004	0	24.254
swarm_18_154.pdb	14.619	28.518	0	24.172
swarm_62_13.pdb	14.607	32.814	0	24.103
swarm_1_182.pdb	14.498	38.733	0	24.088
swarm_28_111.pdb	10.319	19.741	0	24.038
swarm_40_21.pdb	15.253	27.483	0	24.029
swarm_44_178.pdb	13.775	34.925	0	23.925
swarm_48_128.pdb	14.663	35.753	0	23.900
swarm_59_107.pdb	19.713	53.083	0	23.858
swarm_34_89.pdb	14.845	45.168	0	23.831
swarm_44_122.pdb	12.193	34.760	0	23.760
swarm_23_71.pdb	13.138	39.643	0	23.625
swarm_28_9.pdb	13.230	28.370	0	23.546
swarm_31_42.pdb	16.512	51.879	0	23.467
swarm_7_54.pdb	13.773	44.744	0	23.373
swarm_60_20.pdb	16.714	51.347	0	23.167
swarm_39_86.pdb	17.603	51.322	0	23.123
swarm_38_8.pdb	9.514	26.026	0	23.016
swarm_48_199.pdb	12.114	35.645	0	22.985
swarm_42_106.pdb	13.189	29.940	0	22.931
swarm_48_100.pdb	14.885	32.684	0	22.852
swarm_59_165.pdb	15.266	48.839	0	22.645
swarm_17_54.pdb	9.678	23.480	0.0384615	22.568
swarm_58_154.pdb	14.495	51.242	0	22.553
swarm_51_14.pdb	11.747	26.731	0	22.479
swarm_3_158.pdb	14.286	30.986	0	22.284
swarm_27_25.pdb	13.492	30.659	0.0576923	22.267
swarm_34_61.pdb	16.778	48.131	0	22.237
swarm_7_174.pdb	20.554	53.823	0	22.218
swarm_60_2.pdb	15.313	53.258	0	22.217
swarm_47_199.pdb	13.911	37.001	0	22.214
swarm_26_52.pdb	9.673	23.130	0	22.199
swarm_47_40.pdb	14.731	39.787	0	22.183
swarm_31_125.pdb	19.176	45.921	0	22.063
swarm_56_157.pdb	18.286	52.905	0	21.964
swarm_39_43.pdb	14.358	55.879	0	21.917
swarm_44_57.pdb	14.034	37.206	0	21.823
swarm_48_172.pdb	13.537	32.554	0	21.739
swarm_31_52.pdb	13.255	45.352	0	21.699
swarm_17_169.pdb	12.760	30.657	0	21.657
swarm_8_49.pdb	13.294	50.747	0	21.615
swarm_58_98.pdb	16.517	52.211	0	21.592
swarm_30_176.pdb	13.533	52.421	0.0192308	21.536
swarm_43_106.pdb	12.925	37.357	0.0384615	21.509
swarm_42_123.pdb	12.240	28.368	0	21.415
swarm_13_85.pdb	12.869	32.457	0	21.406
swarm_7_26.pdb	15.050	45.858	0	21.368
swarm_17_189.pdb	10.040	30.574	0	21.336
swarm_53_164.pdb	9.997	33.156	0.0192308	21.271
swarm_46_48.pdb	12.679	40.101	0	21.237
swarm_12_155.pdb	12.620	38.705	0	21.148
swarm_28_134.pdb	13.845	28.859	0	21.134
swarm_30_98.pdb	17.915	49.073	0	21.035
swarm_30_144.pdb	13.152	54.806	0	20.838
swarm_15_7.pdb	14.688	48.290	0	20.805
swarm_44_174.pdb	15.499	38.103	0	20.730
swarm_24_57.pdb	9.401	22.029	0.0576923	20.711
swarm_46_154.pdb	14.491	41.040	0	20.708
swarm_54_154.pdb	17.102	35.666	0	20.702
swarm_26_30.pdb	12.158	28.336	0	20.678
swarm_60_23.pdb	13.639	49.267	0	20.602
swarm_51_158.pdb	12.684	34.113	0	20.489
swarm_23_74.pdb	12.778	38.596	0	20.423
swarm_54_34.pdb	15.550	39.319	0	20.364
swarm_57_4.pdb	17.082	53.001	0	20.331
swarm_60_196.pdb	17.891	51.855	0	20.324
swarm_52_26.pdb	13.619	49.697	0	20.225
swarm_16_141.pdb	14.290	51.541	0	20.179
swarm_4_62.pdb	18.594	46.511	0	20.178
swarm_52_137.pdb	20.983	54.486	0	20.175
swarm_53_84.pdb	15.829	32.658	0	20.110
swarm_3_105.pdb	15.552	35.477	0	20.003
swarm_3_62.pdb	16.513	37.973	0	19.969
swarm_48_29.pdb	8.245	30.579	0	19.967
swarm_26_185.pdb	12.118	21.171	0	19.931
swarm_36_44.pdb	16.354	46.484	0	19.923
swarm_19_90.pdb	10.627	32.422	0	19.909
swarm_26_38.pdb	14.597	28.894	0	19.891
swarm_54_35.pdb	10.766	33.748	0	19.851
swarm_18_27.pdb	13.758	31.259	0	19.809
swarm_59_6.pdb	15.793	55.954	0	19.670
swarm_9_42.pdb	13.357	41.844	0	19.601
swarm_24_99.pdb	13.762	28.158	0	19.571
swarm_20_191.pdb	14.247	36.190	0	19.534
swarm_4_150.pdb	14.132	47.984	0	19.479
swarm_32_197.pdb	18.178	44.179	0	19.411
swarm_57_117.pdb	12.135	51.457	0	19.353
swarm_25_101.pdb	10.661	18.826	0	19.314
swarm_32_135.pdb	19.992	48.770	0	19.281
swarm_20_8.pdb	14.775	36.228	0	19.280
swarm_12_25.pdb	11.647	40.349	0	19.267
swarm_57_184.pdb	14.759	52.424	0	19.125
swarm_46_199.pdb	12.269	33.536	0	19.122
swarm_46_125.pdb	18.430	43.330	0	19.085
swarm_4_46.pdb	13.810	43.322	0	19.045
swarm_18_142.pdb	15.480	31.378	0	19.037
swarm_35_123.pdb	14.059	47.834	0	18.776
swarm_47_157.pdb	10.524	39.996	0	18.764
swarm_42_154.pdb	14.666	29.832	0	18.725
swarm_29_140.pdb	10.157	28.282	0.0576923	18.705
swarm_21_178.pdb	20.208	53.017	0	18.578
swarm_52_54.pdb	16.469	54.762	0	18.545
swarm_30_63.pdb	13.959	47.820	0	18.540
swarm_35_7.pdb	16.188	49.631	0	18.492
swarm_7_20.pdb	18.909	52.767	0	18.489
swarm_32_61.pdb	13.588	48.764	0	18.475
swarm_24_159.pdb	9.246	22.711	0	18.463
swarm_32_67.pdb	17.137	41.103	0	18.459
swarm_41_1.pdb	16.592	37.763	0	18.434
swarm_33_21.pdb	14.380	43.608	0	18.409
swarm_41_40.pdb	15.753	33.078	0	18.362
swarm_28_147.pdb	13.543	36.232	0	18.303
swarm_1_99.pdb	13.803	40.523	0	18.273
swarm_18_100.pdb	16.026	35.763	0	18.219
swarm_41_196.pdb	18.332	41.798	0	18.155
swarm_58_85.pdb	19.753	53.772	0	18.051
swarm_7_60.pdb	16.508	48.704	0	18.017
swarm_23_91.pdb	14.330	38.724	0.0769231	17.996
swarm_51_31.pdb	17.366	33.463	0	17.945
swarm_55_135.pdb	13.245	41.182	0	17.891
swarm_23_80.pdb	11.939	36.304	0	17.884
swarm_4_120.pdb	16.451	44.911	0	17.813
swarm_23_90.pdb	15.503	42.434	0	17.798
swarm_29_108.pdb	14.634	29.755	0	17.701
swarm_26_174.pdb	13.334	24.757	0	17.530
swarm_54_49.pdb	16.524	40.581	0	17.526
swarm_48_30.pdb	15.119	34.312	0	17.526
swarm_7_38.pdb	14.425	47.421	0.0192308	17.481
swarm_49_182.pdb	17.382	50.562	0	17.386
swarm_28_46.pdb	14.674	30.604	0.0192308	17.338
swarm_41_199.pdb	16.677	33.858	0	17.298
swarm_1_92.pdb	11.340	36.901	0	17.284
swarm_17_130.pdb	8.036	27.063	0.0384615	17.237
swarm_17_49.pdb	14.189	30.149	0	17.229
swarm_20_174.pdb	13.769	33.504	0.0192308	17.167
swarm_12_189.pdb	16.334	45.934	0	17.137
swarm_47_135.pdb	13.813	37.238	0	17.100
swarm_44_189.pdb	14.907	36.107	0.0192308	17.094
swarm_4_135.pdb	16.849	41.259	0	17.058
swarm_30_84.pdb	15.937	50.407	0	17.045
swarm_54_0.pdb	17.284	39.697	0	17.023
swarm_54_116.pdb	12.363	34.637	0	16.930
swarm_4_196.pdb	17.373	43.191	0	16.871
swarm_23_185.pdb	17.209	44.972	0	16.804
swarm_54_161.pdb	15.913	43.596	0	16.800
swarm_11_13.pdb	18.950	51.018	0	16.741
swarm_3_73.pdb	15.835	42.125	0	16.728
swarm_40_94.pdb	14.003	27.284	0	16.644
swarm_32_98.pdb	18.935	45.797	0	16.597
swarm_45_192.pdb	17.171	46.326	0	16.596
swarm_39_47.pdb	17.038	50.282	0	16.595
swarm_45_25.pdb	12.408	39.459	0	16.565
swarm_55_100.pdb	16.420	41.947	0	16.525
swarm_29_28.pdb	15.236	34.039	0	16.512
swarm_46_71.pdb	15.284	40.818	0	16.424
swarm_11_46.pdb	13.315	50.324	0	16.379
swarm_15_130.pdb	18.239	52.225	0	16.296
swarm_47_61.pdb	15.659	39.030	0	16.275
swarm_41_148.pdb	12.390	32.690	0	16.157
swarm_12_12.pdb	13.758	42.433	0.0576923	16.020
swarm_36_142.pdb	14.795	50.803	0	15.998
swarm_20_40.pdb	15.059	36.210	0	15.990
swarm_21_6.pdb	18.896	46.554	0	15.951
swarm_5_37.pdb	14.149	38.763	0	15.932
swarm_45_131.pdb	12.966	48.073	0	15.902
swarm_28_123.pdb	13.547	32.610	0.0384615	15.891
swarm_7_148.pdb	20.297	49.669	0	15.858
swarm_45_44.pdb	10.382	37.950	0	15.820
swarm_49_88.pdb	14.344	52.166	0.0192308	15.804
swarm_29_164.pdb	10.798	35.885	0.0384615	15.592
swarm_42_83.pdb	14.607	29.610	0	15.564
swarm_55_119.pdb	16.253	44.887	0	15.534
swarm_49_33.pdb	17.151	47.133	0	15.490
swarm_46_11.pdb	13.857	42.074	0	15.437
swarm_31_62.pdb	18.532	43.529	0	15.371
swarm_34_195.pdb	15.167	40.314	0	15.230
swarm_46_81.pdb	18.005	47.109	0	15.136
swarm_45_154.pdb	13.606	46.953	0	15.120
swarm_26_104.pdb	12.732	29.693	0	15.067
swarm_29_171.pdb	12.276	39.028	0	15.036
swarm_54_12.pdb	12.621	41.904	0	15.029
swarm_7_132.pdb	20.647	54.618	0	15.007
swarm_55_103.pdb	12.469	46.581	0.0192308	14.999
swarm_42_136.pdb	9.215	20.763	0	14.923
swarm_20_39.pdb	14.214	37.041	0	14.864
swarm_54_13.pdb	13.524	35.641	0	14.839
swarm_47_171.pdb	14.075	39.980	0	14.801
swarm_54_71.pdb	16.509	40.951	0	14.766
swarm_19_54.pdb	14.794	33.646	0	14.765
swarm_35_173.pdb	12.385	40.232	0	14.749
swarm_55_13.pdb	11.742	39.602	0	14.655
swarm_20_144.pdb	12.236	32.550	0	14.617
swarm_18_104.pdb	16.585	38.881	0	14.469
swarm_54_126.pdb	15.349	35.136	0	14.453
swarm_42_6.pdb	14.907	34.394	0	14.382
swarm_49_0.pdb	18.698	50.236	0	14.378
swarm_14_56.pdb	18.117	48.377	0	14.373
swarm_11_110.pdb	14.014	46.113	0	14.370
swarm_20_89.pdb	9.008	31.589	0	14.348
swarm_30_174.pdb	18.583	52.386	0	14.326
swarm_23_51.pdb	15.841	40.661	0	14.309
swarm_4_26.pdb	11.286	47.596	0	14.301
swarm_29_18.pdb	15.777	34.972	0	14.283
swarm_20_151.pdb	9.365	32.050	0	14.236
swarm_16_44.pdb	18.021	52.302	0	14.205
swarm_45_64.pdb	17.681	48.389	0	14.183
swarm_15_83.pdb	14.475	52.071	0	14.102
swarm_42_15.pdb	5.399	26.410	0.134615	14.055
swarm_36_170.pdb	12.790	48.584	0	13.943
swarm_26_190.pdb	10.913	35.175	0	13.917
swarm_18_97.pdb	17.338	38.856	0	13.890
swarm_29_74.pdb	15.296	35.132	0	13.830
swarm_55_194.pdb	16.709	43.049	0	13.768
swarm_57_33.pdb	19.809	55.173	0	13.750
swarm_46_172.pdb	17.233	42.333	0	13.518
swarm_36_74.pdb	17.708	48.091	0	13.511
swarm_47_154.pdb	8.921	35.555	0.0384615	13.418
swarm_45_81.pdb	15.209	51.217	0.0192308	13.365
swarm_19_188.pdb	9.993	32.708	0	13.157
swarm_36_86.pdb	16.595	49.536	0	13.138
swarm_55_147.pdb	17.046	45.470	0	13.089
swarm_42_59.pdb	11.673	24.912	0	13.071
swarm_33_175.pdb	15.708	44.319	0	12.980
swarm_27_101.pdb	13.717	25.103	0	12.961
swarm_11_83.pdb	15.006	49.228	0	12.781
swarm_35_10.pdb	19.159	51.866	0	12.771
swarm_26_53.pdb	14.496	28.911	0	12.765
swarm_48_170.pdb	15.882	38.579	0	12.658
swarm_47_65.pdb	15.337	42.005	0	12.573
swarm_49_117.pdb	17.345	47.511	0	12.538
swarm_4_103.pdb	17.091	49.530	0	12.427
swarm_34_176.pdb	17.613	46.067	0	12.382
swarm_7_136.pdb	15.631	49.535	0	12.358
swarm_36_101.pdb	18.143	50.491	0	12.348
swarm_47_59.pdb	12.883	46.152	0.0192308	11.799
swarm_23_166.pdb	15.508	48.195	0.0192308	11.722
swarm_55_25.pdb	12.711	46.284	0	11.560
swarm_48_178.pdb	12.813	29.516	0	11.504
swarm_10_189.pdb	14.968	41.047	0	11.309
swarm_36_143.pdb	14.003	46.850	0	11.073
swarm_21_50.pdb	15.247	46.060	0	10.957
swarm_47_161.pdb	12.949	42.216	0.173077	10.444
swarm_29_57.pdb	17.643	39.263	0	10.144
swarm_11_86.pdb	12.942	45.379	0	9.880
swarm_30_158.pdb	18.974	56.546	0	9.747
swarm_29_82.pdb	16.187	35.062	0	9.555
swarm_36_194.pdb	15.120	52.803	0.0192308	9.358
swarm_50_61.pdb	13.303	22.908	0.0192308	9.329
swarm_39_195.pdb	15.484	50.832	0	9.262
swarm_3_39.pdb	16.502	36.125	0	9.259
swarm_44_62.pdb	14.146	39.894	0	9.202
swarm_29_91.pdb	13.967	41.516	0	8.651
swarm_34_162.pdb	13.742	47.343	0	8.508
swarm_7_68.pdb	18.404	50.881	0	8.489
swarm_46_145.pdb	21.071	48.955	0	8.155
swarm_54_183.pdb	13.247	33.704	0	6.613
swarm_27_150.pdb	13.031	28.398	0	6.121
swarm_23_109.pdb	10.365	38.977	0	5.981
swarm_47_170.pdb	16.577	47.145	0	5.633
swarm_15_102.pdb	15.956	47.713	0	4.788
swarm_32_38.pdb	14.057	45.061	0	3.047
swarm_24_84.pdb	11.574	23.166	0.0192308	2.757
swarm_36_33.pdb	16.653	52.826	0.0192308	2.586
swarm_12_84.pdb	12.450	41.237	0	1.970
