swarm_3_82.pdb	3.506	10.112	0.326923	47.852
swarm_17_26.pdb	2.834	17.502	0.480769	46.914
swarm_6_18.pdb	2.068	17.994	0.653846	45.551
swarm_16_3.pdb	3.306	10.356	0.384615	45.171
swarm_4_108.pdb	3.391	9.682	0.346154	43.782
swarm_7_157.pdb	2.522	18.920	0.673077	43.013
swarm_21_180.pdb	3.579	11.210	0.346154	42.834
swarm_22_104.pdb	6.397	6.477	0	42.307
swarm_9_144.pdb	2.880	23.613	0.538462	42.049
swarm_13_177.pdb	5.602	8.846	0.0192308	40.572
swarm_11_51.pdb	5.917	8.259	0.0192308	39.964
swarm_5_129.pdb	4.166	17.686	0.346154	39.778
swarm_19_180.pdb	3.596	27.529	0.403846	37.810
swarm_0_168.pdb	7.167	11.216	0	37.416
swarm_27_66.pdb	3.918	27.869	0.461538	34.888
swarm_14_11.pdb	5.381	14.909	0.115385	34.504
swarm_0_190.pdb	3.873	5.002	0.192308	33.754
swarm_2_139.pdb	6.132	6.185	0	33.650
swarm_8_144.pdb	4.322	26.783	0.403846	33.647
swarm_1_22.pdb	8.515	39.240	0.0192308	33.284
swarm_15_184.pdb	8.490	26.853	0.0576923	32.355
swarm_28_87.pdb	3.011	25.497	0.423077	32.332
swarm_25_89.pdb	7.770	35.738	0.0192308	32.189
swarm_12_175.pdb	8.163	37.816	0.0192308	32.183
swarm_26_69.pdb	8.995	16.166	0.134615	32.171
swarm_20_41.pdb	5.079	32.764	0.0769231	31.798
swarm_21_51.pdb	6.858	11.285	0.211538	31.291
swarm_9_14.pdb	5.430	28.434	0.0576923	31.269
swarm_13_119.pdb	6.761	10.954	0.192308	31.176
swarm_0_80.pdb	7.723	12.250	0.230769	30.134
swarm_23_153.pdb	8.689	15.545	0	30.100
swarm_10_118.pdb	8.962	16.862	0	29.661
swarm_2_84.pdb	7.843	12.483	0.230769	29.660
swarm_10_26.pdb	6.663	5.832	0	29.517
swarm_14_160.pdb	9.848	26.326	0	29.473
swarm_5_50.pdb	7.805	22.285	0.0576923	28.766
swarm_27_29.pdb	3.420	21.414	0.326923	27.917
swarm_22_32.pdb	9.699	19.470	0	27.862
swarm_29_161.pdb	5.575	34.762	0.115385	27.805
swarm_3_130.pdb	6.999	23.510	0.0961538	27.785
swarm_16_16.pdb	6.405	21.745	0.115385	27.451
swarm_19_59.pdb	9.545	36.370	0	27.199
swarm_18_77.pdb	7.491	29.363	0.0769231	27.080
swarm_4_156.pdb	7.008	10.716	0	26.629
swarm_19_51.pdb	7.680	36.699	0.0192308	25.998
swarm_16_69.pdb	9.824	16.698	0	25.754
swarm_17_175.pdb	5.832	31.148	0.307692	25.710
swarm_27_65.pdb	6.801	23.926	0.0576923	25.337
swarm_4_121.pdb	4.225	20.010	0.384615	25.138
swarm_29_129.pdb	4.488	26.421	0.346154	24.908
swarm_1_41.pdb	6.938	31.835	0.0769231	24.885
swarm_7_18.pdb	5.402	31.589	0.269231	24.652
swarm_14_8.pdb	7.527	15.726	0	24.621
swarm_13_5.pdb	7.389	20.353	0.0192308	24.613
swarm_28_4.pdb	10.036	36.826	0	24.499
swarm_11_181.pdb	7.373	18.360	0.0192308	24.174
swarm_5_157.pdb	7.789	31.578	0.115385	22.330
swarm_11_151.pdb	9.793	20.020	0	21.335
swarm_9_69.pdb	6.182	36.257	0.0576923	20.817
swarm_20_81.pdb	7.298	37.401	0.0769231	20.549
swarm_4_116.pdb	10.680	20.579	0	20.368
swarm_20_60.pdb	8.254	39.347	0	20.220
swarm_5_29.pdb	7.643	30.359	0.173077	19.758
swarm_12_90.pdb	7.440	35.882	0.0192308	19.732
swarm_28_17.pdb	7.072	33.753	0.0192308	19.136
swarm_2_27.pdb	9.999	16.170	0	18.638
swarm_8_42.pdb	9.810	36.970	0.0961538	18.634
swarm_15_77.pdb	5.247	17.800	0.173077	18.566
swarm_17_9.pdb	7.854	30.003	0.173077	17.643
swarm_20_44.pdb	10.893	37.704	0	15.176
swarm_8_114.pdb	7.845	37.157	0.0192308	12.658
swarm_16_1.pdb	6.134	11.678	0.230769	12.549
swarm_9_1.pdb	7.777	38.364	0	12.317
swarm_17_193.pdb	7.329	22.293	0.0384615	12.019
swarm_21_133.pdb	9.866	18.454	0	10.735
swarm_28_2.pdb	6.433	26.901	0.0576923	10.423
swarm_0_154.pdb	8.788	15.660	0	9.473
