swarm_52_10.pdb	16.807	50.895	0	41.525
swarm_50_188.pdb	10.429	13.802	0	40.456
swarm_60_181.pdb	16.894	52.142	0	40.443
swarm_24_30.pdb	3.026	13.674	0.442308	38.013
swarm_59_103.pdb	16.507	50.920	0	37.520
swarm_42_161.pdb	3.154	15.583	0.423077	36.691
swarm_55_194.pdb	6.369	9.577	0.0192308	35.826
swarm_4_190.pdb	10.434	23.646	0	35.677
swarm_64_4.pdb	5.635	7.445	0.0384615	35.558
swarm_20_109.pdb	2.554	12.260	0.596154	35.000
swarm_55_179.pdb	4.605	9.594	0.0961538	34.551
swarm_55_58.pdb	4.910	13.462	0.115385	34.547
swarm_27_6.pdb	2.468	13.760	0.653846	33.933
swarm_26_136.pdb	8.865	15.781	0	33.329
swarm_14_130.pdb	10.141	22.167	0	33.324
swarm_16_150.pdb	4.767	7.223	0.0769231	33.205
swarm_17_99.pdb	4.446	10.534	0.115385	33.127
swarm_30_74.pdb	4.893	8.502	0.0769231	32.866
swarm_43_46.pdb	10.259	21.581	0	32.513
swarm_12_37.pdb	10.278	35.440	0	32.424
swarm_18_182.pdb	4.485	6.969	0.115385	32.376
swarm_61_140.pdb	10.981	15.897	0	32.303
swarm_28_15.pdb	4.528	4.771	0.115385	32.291
swarm_0_180.pdb	9.436	11.875	0	32.214
swarm_47_179.pdb	2.607	12.825	0.596154	32.078
swarm_55_124.pdb	2.719	11.750	0.557692	31.945
swarm_38_11.pdb	3.453	8.046	0.269231	31.788
swarm_24_24.pdb	9.057	15.559	0.0384615	31.637
swarm_18_8.pdb	2.103	18.419	0.615385	31.617
swarm_49_16.pdb	3.015	14.792	0.480769	31.435
swarm_16_81.pdb	9.443	11.752	0	31.422
swarm_28_111.pdb	9.720	25.770	0	31.415
swarm_42_100.pdb	9.258	15.765	0.0192308	31.329
swarm_28_44.pdb	5.114	9.102	0.0576923	31.324
swarm_43_160.pdb	9.590	32.860	0	31.115
swarm_40_36.pdb	6.608	12.925	0.0384615	31.105
swarm_10_157.pdb	11.303	38.020	0	31.031
swarm_0_169.pdb	8.063	13.567	0.173077	30.953
swarm_9_139.pdb	11.450	37.428	0	30.728
swarm_28_144.pdb	5.567	24.855	0.0576923	30.680
swarm_10_103.pdb	9.726	33.770	0	30.662
swarm_31_97.pdb	4.196	13.917	0.173077	30.560
swarm_21_49.pdb	4.323	24.703	0.211538	30.446
swarm_20_92.pdb	3.980	24.861	0.326923	30.359
swarm_36_145.pdb	6.799	13.480	0	30.230
swarm_56_159.pdb	16.715	49.907	0	30.169
swarm_27_141.pdb	5.469	22.914	0.0576923	29.860
swarm_42_193.pdb	5.708	6.563	0	29.511
swarm_24_68.pdb	7.681	25.331	0.0576923	29.480
swarm_31_161.pdb	16.945	44.983	0	29.366
swarm_8_185.pdb	6.109	7.311	0	29.314
swarm_44_67.pdb	8.997	31.378	0	28.948
swarm_0_166.pdb	7.756	10.091	0	28.931
swarm_48_183.pdb	6.505	24.169	0	28.913
swarm_35_36.pdb	11.184	25.200	0	28.899
swarm_17_31.pdb	3.983	10.891	0.173077	28.798
swarm_13_196.pdb	2.136	18.076	0.576923	28.783
swarm_30_139.pdb	2.299	17.384	0.75	28.644
swarm_42_124.pdb	3.534	9.213	0.365385	28.574
swarm_41_34.pdb	8.931	11.827	0	28.493
swarm_44_21.pdb	10.079	28.948	0	28.465
swarm_59_122.pdb	16.513	49.574	0	28.387
swarm_25_1.pdb	9.377	19.507	0	28.247
swarm_40_22.pdb	5.861	17.894	0.0384615	28.107
swarm_36_149.pdb	2.774	22.040	0.576923	28.080
swarm_0_176.pdb	6.305	9.138	0.0192308	28.021
swarm_7_188.pdb	9.714	33.200	0	27.915
swarm_44_145.pdb	9.306	12.225	0	27.879
swarm_43_88.pdb	11.210	37.637	0	27.773
swarm_17_178.pdb	5.859	16.740	0.0192308	27.571
swarm_4_79.pdb	9.113	12.186	0	27.481
swarm_21_81.pdb	17.331	47.470	0	27.424
swarm_39_172.pdb	14.829	41.468	0	27.387
swarm_42_29.pdb	6.287	23.040	0.0576923	27.333
swarm_67_179.pdb	11.863	16.991	0	27.249
swarm_6_32.pdb	6.944	11.811	0	27.009
swarm_2_157.pdb	6.966	9.338	0	26.939
swarm_41_107.pdb	5.313	9.272	0.0384615	26.921
swarm_53_198.pdb	9.582	31.811	0.0384615	26.821
swarm_19_85.pdb	6.901	27.132	0	26.732
swarm_0_198.pdb	7.100	8.874	0	26.670
swarm_16_47.pdb	9.807	21.376	0	26.633
swarm_26_181.pdb	5.809	18.538	0.0576923	26.596
swarm_8_66.pdb	9.488	17.486	0.153846	26.386
swarm_18_183.pdb	5.536	24.445	0.0961538	26.369
swarm_25_49.pdb	6.649	18.715	0	26.307
swarm_11_170.pdb	8.305	10.329	0	26.299
swarm_10_161.pdb	3.048	14.927	0.480769	26.185
swarm_25_16.pdb	7.864	8.819	0	25.922
swarm_41_178.pdb	6.737	27.002	0.0576923	25.880
swarm_32_156.pdb	11.288	32.229	0	25.776
swarm_12_56.pdb	5.088	30.417	0.307692	25.763
swarm_62_135.pdb	7.910	28.356	0.0192308	25.738
swarm_42_76.pdb	9.710	18.850	0	25.716
swarm_9_0.pdb	11.189	38.315	0	25.658
swarm_17_7.pdb	7.106	28.071	0	25.647
swarm_4_107.pdb	4.079	15.528	0.192308	25.554
swarm_36_153.pdb	9.666	18.193	0	25.552
swarm_1_3.pdb	11.358	37.600	0	25.488
swarm_4_177.pdb	3.317	21.835	0.403846	25.430
swarm_18_55.pdb	8.648	33.264	0.134615	25.408
swarm_46_39.pdb	11.284	34.893	0	25.400
swarm_30_99.pdb	10.992	30.933	0	25.383
swarm_12_15.pdb	10.805	36.960	0	25.369
swarm_37_161.pdb	14.107	34.103	0	25.342
swarm_32_165.pdb	4.278	21.884	0.384615	25.297
swarm_37_179.pdb	8.392	11.623	0	25.145
swarm_48_146.pdb	11.248	33.023	0	25.137
swarm_44_0.pdb	10.458	36.835	0	25.038
swarm_18_4.pdb	11.434	26.376	0	25.036
swarm_37_16.pdb	10.007	29.015	0	24.833
swarm_19_159.pdb	9.737	25.211	0	24.757
swarm_1_195.pdb	13.841	35.705	0	24.455
swarm_28_181.pdb	9.947	21.171	0	24.410
swarm_28_103.pdb	7.516	25.188	0	24.257
swarm_35_69.pdb	10.600	38.635	0	24.182
swarm_41_134.pdb	8.241	8.847	0	24.153
swarm_36_180.pdb	14.148	46.267	0	24.143
swarm_4_32.pdb	16.438	43.582	0	24.133
swarm_41_182.pdb	8.264	9.720	0	24.093
swarm_33_194.pdb	10.399	38.426	0	24.039
swarm_38_143.pdb	13.941	34.845	0	23.979
swarm_42_101.pdb	9.507	23.436	0	23.960
swarm_31_49.pdb	4.209	20.490	0.442308	23.940
swarm_4_101.pdb	12.806	35.291	0	23.905
swarm_20_102.pdb	7.765	30.398	0	23.887
swarm_1_4.pdb	9.980	28.948	0	23.809
swarm_37_25.pdb	6.959	35.179	0.0384615	23.770
swarm_3_156.pdb	8.593	35.067	0.0192308	23.756
swarm_26_109.pdb	7.865	31.868	0.134615	23.748
swarm_16_16.pdb	16.133	49.259	0	23.671
swarm_53_85.pdb	7.196	32.687	0.0192308	23.617
swarm_33_94.pdb	9.121	23.043	0.0192308	23.478
swarm_5_165.pdb	5.872	10.642	0.0192308	23.455
swarm_26_36.pdb	7.400	27.903	0	23.407
swarm_7_53.pdb	15.813	44.090	0	23.383
swarm_3_69.pdb	12.121	27.810	0	23.372
swarm_49_4.pdb	14.022	47.959	0	23.101
swarm_8_7.pdb	13.341	46.088	0	23.075
swarm_12_171.pdb	8.978	35.297	0	23.031
swarm_15_28.pdb	14.376	46.738	0	22.983
swarm_29_41.pdb	6.774	26.105	0	22.977
swarm_24_117.pdb	5.204	21.102	0.0961538	22.919
swarm_19_4.pdb	7.314	14.052	0.0961538	22.919
swarm_38_34.pdb	7.810	25.942	0.0384615	22.827
swarm_27_167.pdb	10.050	27.841	0	22.802
swarm_30_79.pdb	13.228	45.473	0	22.793
swarm_28_95.pdb	6.548	14.763	0	22.507
swarm_34_158.pdb	14.863	44.668	0	22.493
swarm_41_157.pdb	8.481	35.341	0.0769231	22.335
swarm_45_126.pdb	8.834	14.870	0	22.309
swarm_13_184.pdb	11.641	34.452	0	22.244
swarm_20_92.pdb	8.619	13.536	0	22.242
swarm_29_84.pdb	8.371	34.800	0.0192308	22.204
swarm_23_44.pdb	12.244	40.936	0	22.202
swarm_30_80.pdb	10.930	23.171	0	22.085
swarm_51_46.pdb	7.878	29.605	0.115385	21.983
swarm_31_1.pdb	7.462	14.329	0.0576923	21.969
swarm_27_4.pdb	14.373	34.691	0	21.943
swarm_29_67.pdb	10.858	28.260	0	21.831
swarm_57_67.pdb	14.300	47.767	0	21.809
swarm_16_149.pdb	8.317	13.710	0	21.767
swarm_30_185.pdb	9.942	26.167	0	21.761
swarm_52_5.pdb	14.080	47.877	0	21.757
swarm_45_154.pdb	11.494	39.972	0	21.739
swarm_18_123.pdb	8.849	22.081	0	21.712
swarm_0_179.pdb	7.774	9.779	0	21.635
swarm_38_36.pdb	6.057	21.146	0.0384615	21.562
swarm_50_113.pdb	9.164	17.721	0	21.543
swarm_12_120.pdb	12.428	44.621	0	21.505
swarm_42_33.pdb	7.500	30.903	0	21.439
swarm_14_160.pdb	5.530	31.549	0.134615	21.432
swarm_5_154.pdb	10.933	32.869	0	21.429
swarm_26_112.pdb	9.135	13.938	0	21.328
swarm_26_187.pdb	6.892	13.596	0	21.324
swarm_32_33.pdb	9.726	26.795	0	21.223
swarm_44_188.pdb	7.979	35.677	0.0192308	20.914
swarm_31_54.pdb	7.035	18.174	0	20.910
swarm_47_147.pdb	7.449	31.833	0	20.863
swarm_35_173.pdb	12.589	21.872	0	20.846
swarm_6_137.pdb	6.629	20.519	0.0769231	20.823
swarm_40_56.pdb	4.466	20.412	0.288462	20.751
swarm_47_120.pdb	11.121	39.924	0	20.631
swarm_33_186.pdb	12.969	45.997	0	20.456
swarm_35_114.pdb	13.571	43.871	0	20.230
swarm_16_9.pdb	6.853	12.512	0	20.118
swarm_55_165.pdb	9.943	36.428	0	20.034
swarm_39_151.pdb	12.580	33.508	0	20.028
swarm_54_168.pdb	9.057	36.415	0	19.773
swarm_3_58.pdb	10.442	26.659	0	19.763
swarm_45_57.pdb	8.638	37.293	0	19.652
swarm_55_196.pdb	12.688	39.438	0	19.560
swarm_36_182.pdb	10.931	43.183	0	19.379
swarm_19_63.pdb	7.245	27.643	0	19.322
swarm_46_179.pdb	9.263	36.873	0	19.316
swarm_37_74.pdb	9.534	22.865	0	18.961
swarm_42_49.pdb	6.954	30.534	0.211538	18.834
swarm_18_105.pdb	12.110	31.246	0	18.583
swarm_40_78.pdb	12.197	26.973	0	18.548
swarm_23_30.pdb	12.914	39.468	0	18.527
swarm_10_171.pdb	11.782	42.422	0	18.455
swarm_8_118.pdb	12.307	45.435	0	18.306
swarm_52_16.pdb	16.717	45.506	0	18.261
swarm_38_196.pdb	10.148	24.917	0	18.079
swarm_22_187.pdb	11.784	25.940	0	18.032
swarm_49_172.pdb	11.632	44.666	0	17.835
swarm_13_73.pdb	9.863	28.567	0	17.811
swarm_1_16.pdb	9.286	30.692	0	17.766
swarm_36_79.pdb	8.642	11.643	0	17.681
swarm_38_128.pdb	9.905	28.794	0	17.646
swarm_27_111.pdb	7.247	24.487	0	17.596
swarm_49_95.pdb	14.558	44.958	0	17.216
swarm_41_120.pdb	11.977	24.569	0	17.145
swarm_27_88.pdb	7.408	16.396	0.0192308	17.074
swarm_29_119.pdb	10.164	37.201	0	17.011
swarm_20_90.pdb	9.270	33.920	0.0192308	16.914
swarm_2_42.pdb	5.131	11.710	0.0192308	16.868
swarm_24_70.pdb	11.447	22.867	0	16.838
swarm_28_75.pdb	5.798	32.661	0.0576923	16.469
swarm_4_65.pdb	13.389	38.746	0	16.439
swarm_42_124.pdb	5.082	28.575	0.192308	16.226
swarm_19_107.pdb	7.122	14.468	0	16.224
swarm_26_150.pdb	8.940	30.174	0	16.216
swarm_3_119.pdb	14.141	33.819	0	16.203
swarm_55_33.pdb	8.867	35.681	0	16.091
swarm_48_195.pdb	7.900	33.793	0	15.885
swarm_32_157.pdb	15.345	42.379	0	15.672
swarm_46_82.pdb	8.380	34.424	0	15.408
swarm_36_143.pdb	9.403	32.064	0	15.275
swarm_3_37.pdb	15.549	42.792	0	15.167
swarm_29_187.pdb	6.330	32.620	0.173077	14.901
swarm_34_167.pdb	11.071	42.560	0	14.851
swarm_35_2.pdb	13.591	45.431	0	14.814
swarm_24_86.pdb	11.773	20.405	0	14.079
swarm_11_160.pdb	13.401	46.978	0	13.864
swarm_28_51.pdb	8.839	33.823	0	13.126
swarm_4_180.pdb	13.088	44.738	0	12.591
swarm_14_83.pdb	9.236	35.522	0.0192308	12.448
swarm_46_40.pdb	12.473	33.688	0	12.357
swarm_17_27.pdb	6.918	21.021	0	12.106
swarm_18_89.pdb	7.049	19.674	0	11.445
swarm_9_0.pdb	8.487	14.414	0	11.057
swarm_35_85.pdb	10.106	40.937	0	10.472
swarm_8_35.pdb	8.825	17.434	0	9.739
swarm_36_178.pdb	8.260	14.119	0	9.387
swarm_26_128.pdb	8.157	14.633	0	9.111
swarm_13_37.pdb	8.971	31.012	0.0576923	8.843
swarm_0_94.pdb	8.962	15.799	0	8.832
swarm_36_22.pdb	13.466	39.872	0	8.074
swarm_23_140.pdb	13.508	29.233	0	7.487
swarm_4_2.pdb	11.281	27.001	0	6.252
swarm_30_136.pdb	11.788	25.949	0	5.237
swarm_2_36.pdb	8.485	16.643	0	4.211
swarm_42_4.pdb	12.136	24.730	0	3.671
swarm_31_103.pdb	11.950	20.393	0	0.769
swarm_31_132.pdb	13.930	39.874	0	0.655
