swarm_76_0.pdb	4.867	7.710	0.636364	51.127
swarm_82_108.pdb	4.528	6.738	0.659091	48.294
swarm_87_11.pdb	4.108	2.111	0.715909	47.532
swarm_81_86.pdb	4.233	3.454	0.693182	45.719
swarm_63_193.pdb	4.230	3.401	0.579545	43.108
swarm_64_180.pdb	4.044	2.171	0.704545	42.991
swarm_58_135.pdb	13.037	17.861	0	42.850
swarm_70_107.pdb	4.343	6.244	0.670455	42.047
swarm_84_95.pdb	4.740	8.351	0.556818	41.718
swarm_82_194.pdb	5.678	9.267	0.386364	39.408
swarm_57_38.pdb	4.749	7.052	0.352273	37.686
swarm_5_153.pdb	11.764	15.393	0	37.508
swarm_57_134.pdb	12.732	16.882	0	37.281
swarm_12_91.pdb	5.320	10.428	0.420455	36.874
swarm_75_133.pdb	4.839	10.035	0.420455	35.417
swarm_78_53.pdb	5.686	8.368	0.170455	34.456
swarm_75_187.pdb	10.288	19.618	0	32.198
swarm_95_118.pdb	7.815	10.585	0.0113636	32.052
swarm_99_9.pdb	12.872	17.561	0	31.870
swarm_5_56.pdb	5.868	9.293	0.136364	31.804
swarm_29_39.pdb	11.990	15.831	0	31.747
swarm_86_67.pdb	5.571	12.400	0.204545	31.638
swarm_105_11.pdb	12.626	19.743	0	31.140
swarm_58_120.pdb	6.833	12.150	0.0454545	30.455
swarm_70_69.pdb	5.134	12.066	0.238636	30.398
swarm_83_157.pdb	5.785	9.146	0.227273	29.973
swarm_21_59.pdb	11.770	15.165	0	29.962
swarm_40_34.pdb	10.658	33.417	0	29.421
swarm_1_108.pdb	12.283	16.376	0	29.357
swarm_85_148.pdb	8.284	19.607	0.0795455	29.230
swarm_61_6.pdb	10.624	25.576	0.0113636	28.638
swarm_61_28.pdb	10.827	31.811	0	28.396
swarm_77_115.pdb	7.808	18.573	0	28.368
swarm_13_76.pdb	9.862	24.885	0.0227273	27.464
swarm_44_79.pdb	11.632	35.893	0	27.221
swarm_61_143.pdb	9.516	29.410	0	27.219
swarm_46_101.pdb	7.449	17.892	0.0227273	27.088
swarm_52_148.pdb	9.234	27.348	0	26.601
swarm_72_83.pdb	7.092	11.045	0.0227273	26.546
swarm_49_100.pdb	10.676	16.659	0	25.857
swarm_6_166.pdb	6.090	9.413	0.329545	25.832
swarm_13_197.pdb	7.786	26.378	0.0227273	25.770
swarm_106_117.pdb	12.314	17.227	0	25.751
swarm_19_15.pdb	8.013	14.904	0.0113636	25.537
swarm_60_133.pdb	10.281	32.759	0	25.447
swarm_79_176.pdb	12.172	19.677	0	25.335
swarm_72_124.pdb	11.075	19.548	0	25.315
swarm_2_111.pdb	15.692	26.571	0	25.132
swarm_56_68.pdb	14.417	20.620	0	25.062
swarm_51_13.pdb	12.919	26.600	0	24.977
swarm_1_29.pdb	5.734	7.744	0.181818	24.961
swarm_60_12.pdb	7.919	27.845	0.0227273	24.738
swarm_25_73.pdb	16.587	27.306	0	24.500
swarm_64_47.pdb	10.683	17.525	0	24.251
swarm_70_147.pdb	13.202	20.266	0	24.200
swarm_0_139.pdb	15.304	24.640	0	24.110
swarm_23_75.pdb	14.647	21.285	0	23.864
swarm_8_99.pdb	7.807	13.099	0.0113636	23.628
swarm_56_40.pdb	11.814	18.588	0	23.495
swarm_83_105.pdb	11.727	17.844	0	23.276
swarm_12_86.pdb	12.245	19.545	0	22.976
swarm_60_171.pdb	11.437	29.373	0	22.818
swarm_45_45.pdb	7.330	13.392	0.0909091	22.619
swarm_78_118.pdb	7.734	13.132	0.136364	22.605
swarm_29_131.pdb	7.642	9.956	0.0227273	22.532
swarm_48_80.pdb	10.579	26.579	0.0113636	22.263
swarm_82_23.pdb	13.148	22.891	0.0340909	22.125
swarm_58_113.pdb	11.347	22.914	0	21.822
swarm_34_195.pdb	11.783	18.641	0	21.804
swarm_76_107.pdb	12.165	20.509	0	21.734
swarm_0_179.pdb	12.654	22.133	0.0227273	21.584
swarm_79_32.pdb	14.212	21.345	0	21.498
swarm_75_147.pdb	14.098	21.587	0	21.104
swarm_51_191.pdb	6.860	20.256	0.0454545	20.835
swarm_29_104.pdb	14.432	30.741	0	20.614
swarm_29_140.pdb	11.558	30.196	0	20.573
swarm_4_137.pdb	20.245	60.570	0	20.315
swarm_32_146.pdb	12.970	45.966	0	19.618
swarm_27_156.pdb	14.253	45.672	0	19.439
swarm_106_35.pdb	11.923	16.032	0	19.041
swarm_53_175.pdb	11.596	26.381	0	19.035
swarm_6_195.pdb	12.432	19.781	0	18.869
swarm_28_184.pdb	10.969	25.085	0	18.850
swarm_8_94.pdb	21.033	56.518	0	18.750
swarm_6_141.pdb	11.881	19.301	0	18.512
swarm_62_58.pdb	11.933	24.502	0	17.956
swarm_84_82.pdb	6.236	14.025	0.227273	17.822
swarm_5_157.pdb	12.139	21.058	0	17.552
swarm_32_20.pdb	16.227	52.033	0	17.532
swarm_2_128.pdb	11.977	21.629	0	17.523
swarm_11_110.pdb	10.788	22.988	0.0909091	17.513
swarm_12_170.pdb	12.785	17.859	0	17.073
swarm_3_70.pdb	6.151	13.586	0.272727	16.550
swarm_7_178.pdb	20.196	52.395	0	16.456
swarm_36_84.pdb	20.988	50.389	0	16.376
swarm_37_71.pdb	20.398	59.998	0	16.278
swarm_41_55.pdb	16.717	50.815	0	15.979
swarm_58_13.pdb	11.033	25.254	0	15.832
swarm_68_116.pdb	9.016	18.816	0.0113636	14.904
swarm_41_13.pdb	19.473	49.968	0	14.538
swarm_4_118.pdb	12.212	18.734	0	14.248
swarm_41_121.pdb	13.047	46.393	0	13.873
swarm_21_111.pdb	13.540	20.613	0	13.744
swarm_1_193.pdb	12.508	21.572	0	13.685
swarm_59_36.pdb	20.639	53.349	0	12.971
swarm_7_32.pdb	13.621	45.300	0	12.752
swarm_23_167.pdb	13.192	41.363	0.0113636	12.462
swarm_70_94.pdb	7.105	10.400	0.0795455	12.370
swarm_20_39.pdb	21.276	60.539	0	12.036
swarm_75_57.pdb	11.967	20.558	0	11.570
swarm_75_98.pdb	8.390	16.505	0.0681818	11.123
swarm_70_43.pdb	7.628	11.290	0.0909091	10.873
swarm_5_167.pdb	9.590	13.621	0	10.744
swarm_59_82.pdb	7.427	10.501	0.0568182	10.301
swarm_14_193.pdb	16.724	36.233	0	10.210
swarm_14_77.pdb	15.605	36.335	0	10.142
swarm_18_9.pdb	20.968	52.719	0	10.071
swarm_3_187.pdb	8.700	13.999	0.0454545	9.209
swarm_58_142.pdb	11.426	42.771	0	9.085
swarm_95_165.pdb	11.982	20.750	0.0113636	8.399
swarm_10_28.pdb	11.114	24.134	0.0909091	7.463
swarm_26_80.pdb	17.689	53.322	0	7.371
swarm_88_23.pdb	9.918	29.104	0	7.128
swarm_51_86.pdb	10.429	31.517	0	5.891
swarm_95_182.pdb	9.240	13.732	0	5.706
swarm_36_69.pdb	15.643	50.128	0	5.008
swarm_39_124.pdb	12.520	40.496	0	2.432
swarm_6_8.pdb	8.822	32.486	0	1.292
swarm_41_152.pdb	15.227	47.493	0	0.805
swarm_1_85.pdb	8.629	11.632	0	0.295
