swarm_82_161.pdb	4.328	4.473	0.704545	83.249
swarm_55_194.pdb	4.384	5.670	0.659091	80.514
swarm_12_114.pdb	4.173	4.158	0.704545	78.806
swarm_56_77.pdb	4.352	4.970	0.681818	76.829
swarm_25_97.pdb	4.437	5.041	0.670455	76.075
swarm_80_146.pdb	4.442	7.498	0.681818	75.641
swarm_78_167.pdb	4.143	3.302	0.715909	75.239
swarm_3_55.pdb	4.200	4.406	0.75	67.936
swarm_77_71.pdb	4.296	6.586	0.704545	65.904
swarm_2_62.pdb	4.787	6.993	0.579545	65.129
swarm_70_145.pdb	5.074	7.768	0.386364	59.521
swarm_5_78.pdb	4.343	4.935	0.409091	51.424
swarm_49_190.pdb	4.469	5.108	0.488636	49.359
swarm_73_97.pdb	4.075	2.626	0.443182	45.456
swarm_4_86.pdb	4.744	6.860	0.420455	45.371
swarm_34_108.pdb	5.588	9.071	0.181818	44.739
swarm_80_131.pdb	5.531	9.439	0.170455	44.678
swarm_23_101.pdb	4.750	9.153	0.306818	43.977
swarm_71_122.pdb	4.294	2.656	0.488636	43.460
swarm_48_162.pdb	5.288	6.589	0.147727	42.895
swarm_22_139.pdb	8.161	16.160	0.0227273	42.781
swarm_0_62.pdb	5.408	10.970	0.238636	42.490
swarm_16_78.pdb	6.181	11.154	0.0909091	41.610
swarm_74_128.pdb	7.300	14.615	0.0454545	40.947
swarm_67_38.pdb	4.624	6.984	0.477273	40.680
swarm_71_31.pdb	6.131	9.572	0.102273	40.599
swarm_6_146.pdb	5.767	9.581	0.352273	39.870
swarm_38_91.pdb	10.480	20.549	0	38.952
swarm_4_129.pdb	5.332	10.600	0.204545	37.989
swarm_0_53.pdb	8.608	17.626	0.0113636	37.050
swarm_3_194.pdb	6.230	11.309	0.102273	35.998
swarm_47_103.pdb	10.199	21.115	0	35.099
swarm_69_171.pdb	6.019	13.635	0.25	35.014
swarm_82_126.pdb	6.582	12.015	0.0681818	34.905
swarm_54_123.pdb	8.012	18.625	0.0113636	34.824
swarm_19_140.pdb	11.443	26.948	0	34.352
swarm_0_143.pdb	7.458	17.567	0.0340909	34.294
swarm_24_152.pdb	8.093	12.531	0	34.136
swarm_27_5.pdb	5.826	8.059	0.0681818	33.524
swarm_56_112.pdb	9.457	17.440	0	33.262
swarm_41_14.pdb	9.128	19.221	0	33.260
swarm_1_125.pdb	7.086	15.793	0.0454545	33.177
swarm_52_66.pdb	8.023	17.153	0	32.743
swarm_72_164.pdb	8.154	18.337	0.0113636	32.222
swarm_65_199.pdb	6.076	11.746	0.170455	31.606
swarm_25_128.pdb	6.527	15.109	0.0568182	31.353
swarm_14_136.pdb	12.846	38.590	0	31.276
swarm_41_37.pdb	7.368	11.266	0.0227273	31.254
swarm_32_67.pdb	8.802	21.611	0.0113636	31.226
swarm_35_139.pdb	10.267	23.612	0	31.129
swarm_54_62.pdb	5.300	11.245	0.136364	30.878
swarm_23_92.pdb	8.445	19.571	0.0113636	30.875
swarm_24_68.pdb	7.317	12.483	0.0340909	30.800
swarm_25_142.pdb	8.030	19.240	0.0340909	30.792
swarm_30_33.pdb	8.369	19.825	0	30.729
swarm_10_69.pdb	10.012	24.166	0.0340909	30.532
swarm_23_108.pdb	9.068	24.615	0.0113636	30.453
swarm_6_25.pdb	9.274	14.846	0	29.959
swarm_12_75.pdb	11.150	16.637	0	29.791
swarm_80_20.pdb	12.495	18.065	0	29.790
swarm_6_137.pdb	13.172	22.870	0.0113636	29.756
swarm_60_14.pdb	9.538	26.549	0	29.740
swarm_15_116.pdb	8.174	19.808	0.0568182	29.723
swarm_36_140.pdb	8.764	24.721	0.0227273	29.382
swarm_27_84.pdb	11.877	20.439	0	29.219
swarm_36_179.pdb	11.175	31.551	0	28.916
swarm_22_93.pdb	11.294	24.820	0	28.852
swarm_55_20.pdb	6.498	15.846	0.0454545	28.849
swarm_22_101.pdb	7.674	18.015	0.0227273	28.670
swarm_25_145.pdb	12.527	21.639	0	28.602
swarm_78_27.pdb	13.083	20.401	0	28.372
swarm_6_62.pdb	11.945	19.062	0	28.305
swarm_3_64.pdb	6.974	10.115	0.0568182	28.276
swarm_55_108.pdb	6.143	11.511	0.0795455	28.275
swarm_75_34.pdb	11.951	23.339	0	28.249
swarm_67_30.pdb	5.222	11.482	0.272727	28.003
swarm_82_166.pdb	9.489	16.047	0	27.439
swarm_36_5.pdb	7.402	18.488	0.0568182	27.385
swarm_64_168.pdb	7.834	21.306	0.113636	27.137
swarm_49_188.pdb	9.192	20.490	0.0795455	27.087
swarm_70_94.pdb	6.687	14.313	0.0568182	27.034
swarm_74_99.pdb	6.874	14.960	0.0681818	27.001
swarm_69_26.pdb	12.988	26.913	0	26.582
swarm_81_154.pdb	10.548	30.473	0.0454545	26.499
swarm_56_75.pdb	11.735	21.309	0	26.490
swarm_52_139.pdb	8.785	25.365	0	26.104
swarm_29_134.pdb	8.884	21.720	0.0909091	26.075
swarm_4_162.pdb	7.958	22.429	0.0681818	25.878
swarm_16_44.pdb	12.160	17.898	0	25.863
swarm_65_167.pdb	6.291	11.228	0.0454545	25.794
swarm_77_87.pdb	6.766	13.418	0.0340909	25.701
swarm_74_138.pdb	13.764	23.225	0	25.591
swarm_64_65.pdb	12.440	25.136	0	25.501
swarm_48_133.pdb	7.137	15.045	0.0454545	25.393
swarm_32_52.pdb	10.786	31.460	0	25.060
swarm_12_96.pdb	6.280	9.065	0.0227273	24.948
swarm_69_20.pdb	10.051	26.702	0.0227273	24.866
swarm_32_2.pdb	11.044	37.881	0	24.856
swarm_67_137.pdb	9.376	13.494	0.0113636	24.855
swarm_34_80.pdb	7.071	9.756	0.0454545	24.834
swarm_65_174.pdb	7.489	15.776	0.0227273	24.708
swarm_66_94.pdb	7.219	11.979	0.0227273	24.571
swarm_68_89.pdb	6.624	14.007	0.0454545	24.465
swarm_29_163.pdb	12.537	23.810	0	24.307
swarm_7_129.pdb	11.884	41.286	0	24.120
swarm_23_59.pdb	11.675	20.540	0	24.004
swarm_15_72.pdb	8.414	22.412	0	23.911
swarm_29_94.pdb	9.090	15.798	0	23.770
swarm_68_78.pdb	7.652	23.467	0	23.747
swarm_77_60.pdb	12.311	21.873	0	23.431
swarm_1_144.pdb	11.184	25.370	0	23.414
swarm_67_149.pdb	11.234	18.561	0	23.231
swarm_27_98.pdb	7.959	18.228	0.0113636	22.833
swarm_49_90.pdb	9.537	23.796	0.0454545	22.762
swarm_39_136.pdb	10.284	20.844	0.0113636	22.528
swarm_32_90.pdb	11.531	29.480	0	22.515
swarm_79_4.pdb	7.493	26.850	0.0113636	22.206
swarm_77_94.pdb	11.187	22.326	0.0340909	22.178
swarm_27_2.pdb	7.341	18.592	0.0454545	21.978
swarm_80_53.pdb	7.095	14.216	0.0454545	21.872
swarm_74_109.pdb	10.314	25.300	0	21.784
swarm_2_96.pdb	6.700	15.151	0.0909091	21.764
swarm_83_169.pdb	12.707	36.135	0	21.692
swarm_52_100.pdb	10.174	30.021	0	21.228
swarm_29_49.pdb	11.501	20.530	0	20.991
swarm_78_41.pdb	7.539	10.817	0	20.899
swarm_60_39.pdb	11.129	26.354	0	20.760
swarm_80_188.pdb	12.700	18.301	0	20.101
swarm_64_159.pdb	7.312	24.600	0.0227273	19.705
swarm_24_37.pdb	6.955	13.518	0.181818	19.540
swarm_71_129.pdb	12.246	17.199	0	19.232
swarm_61_26.pdb	7.581	19.180	0.0340909	18.745
swarm_30_81.pdb	12.426	32.590	0	18.665
swarm_51_24.pdb	10.412	22.739	0.0113636	17.661
swarm_41_73.pdb	10.147	21.480	0	16.830
swarm_66_32.pdb	6.990	15.725	0.0340909	15.738
swarm_24_163.pdb	13.954	23.641	0	14.763
swarm_66_138.pdb	9.340	25.862	0.0454545	14.413
swarm_8_76.pdb	9.241	26.453	0.0795455	13.267
swarm_61_50.pdb	10.065	28.510	0.0568182	13.232
swarm_6_32.pdb	9.969	19.558	0	12.499
swarm_78_45.pdb	11.402	17.281	0	11.486
swarm_57_83.pdb	10.801	31.496	0.0454545	11.304
swarm_9_108.pdb	11.242	33.158	0.0340909	11.166
swarm_38_189.pdb	8.543	15.083	0.0113636	9.564
swarm_42_107.pdb	9.262	29.296	0.0568182	7.408
swarm_80_196.pdb	6.832	15.197	0.0454545	6.123
swarm_45_161.pdb	12.870	38.179	0.0113636	0.193
