swarm_1_44.pdb	4.335	3.889	0.659091	45.181
swarm_63_150.pdb	15.424	28.566	0.0227273	35.900
swarm_51_29.pdb	14.275	29.206	0.0568182	34.914
swarm_63_126.pdb	16.661	23.757	0	34.526
swarm_3_51.pdb	7.073	11.549	0.238636	33.954
swarm_63_67.pdb	9.784	18.811	0.0113636	33.452
swarm_45_184.pdb	13.741	25.097	0.0909091	33.088
swarm_55_110.pdb	12.566	23.478	0.0795455	33.012
swarm_52_94.pdb	17.039	29.324	0	32.736
swarm_51_194.pdb	10.963	22.037	0.0681818	32.611
swarm_64_103.pdb	21.769	49.808	0	32.459
swarm_19_157.pdb	18.455	53.740	0	31.167
swarm_63_196.pdb	13.935	21.091	0	30.714
swarm_52_67.pdb	17.048	25.045	0	30.438
swarm_63_88.pdb	11.845	21.526	0.102273	29.762
swarm_4_16.pdb	19.027	54.555	0	29.512
swarm_25_119.pdb	14.430	36.871	0.0681818	29.224
swarm_37_135.pdb	19.329	55.964	0.0113636	29.088
swarm_51_138.pdb	14.799	34.944	0.0340909	27.824
swarm_51_178.pdb	9.424	19.296	0.0454545	27.766
swarm_12_8.pdb	7.518	15.604	0.125	27.462
swarm_55_96.pdb	15.181	22.956	0	27.340
swarm_4_89.pdb	17.054	52.855	0	27.258
swarm_56_139.pdb	16.404	49.677	0	27.255
swarm_18_185.pdb	14.644	50.888	0	26.726
swarm_20_76.pdb	19.750	53.260	0	26.438
swarm_32_85.pdb	21.276	49.436	0	26.404
swarm_42_130.pdb	20.704	52.020	0	26.339
swarm_22_104.pdb	18.279	54.403	0	26.290
swarm_20_162.pdb	18.844	53.387	0	26.100
swarm_63_53.pdb	12.849	23.854	0.0227273	26.002
swarm_57_89.pdb	15.895	24.918	0	25.775
swarm_60_45.pdb	13.942	31.254	0.0340909	25.183
swarm_13_166.pdb	16.887	31.776	0	25.123
swarm_40_193.pdb	19.675	53.702	0	25.029
swarm_18_64.pdb	21.011	51.200	0	24.993
swarm_59_132.pdb	22.250	51.159	0	24.808
swarm_16_9.pdb	24.064	54.080	0	24.617
swarm_4_2.pdb	18.304	53.685	0.0227273	24.425
swarm_18_191.pdb	13.022	47.227	0	24.319
swarm_7_128.pdb	13.921	48.088	0	24.030
swarm_56_109.pdb	23.450	53.311	0	24.023
swarm_13_94.pdb	17.106	30.368	0.0568182	24.023
swarm_60_79.pdb	19.382	35.998	0	24.005
swarm_36_179.pdb	19.291	51.714	0.0113636	23.725
swarm_4_137.pdb	22.555	53.987	0	23.701
swarm_21_186.pdb	16.392	26.691	0	23.411
swarm_11_18.pdb	16.133	55.086	0.0227273	23.364
swarm_47_47.pdb	19.651	47.090	0	23.232
swarm_48_121.pdb	14.297	29.321	0	23.184
swarm_48_122.pdb	18.438	38.212	0.0340909	22.860
swarm_15_162.pdb	20.262	50.240	0	22.668
swarm_13_0.pdb	6.287	16.456	0.0454545	22.629
swarm_55_54.pdb	9.565	20.724	0.0568182	22.540
swarm_44_78.pdb	20.586	51.181	0	22.392
swarm_9_197.pdb	16.801	27.712	0	22.079
swarm_42_170.pdb	18.240	51.919	0	22.043
swarm_4_119.pdb	20.904	53.348	0	21.955
swarm_26_192.pdb	16.386	52.236	0.0113636	21.581
swarm_7_173.pdb	15.827	53.353	0	21.504
swarm_21_71.pdb	16.413	30.768	0.0113636	21.435
swarm_22_121.pdb	22.012	51.479	0	21.282
swarm_19_35.pdb	18.217	55.940	0	21.106
swarm_42_88.pdb	21.632	48.168	0	21.073
swarm_9_133.pdb	18.284	31.555	0	21.038
swarm_52_148.pdb	18.252	30.004	0	20.909
swarm_32_18.pdb	19.273	54.123	0.0113636	20.863
swarm_56_28.pdb	13.838	48.379	0	20.831
swarm_59_156.pdb	14.685	51.322	0.0113636	20.629
swarm_36_4.pdb	22.423	54.701	0	20.386
swarm_26_5.pdb	17.050	53.084	0	20.371
swarm_48_21.pdb	18.026	38.009	0	20.283
swarm_7_152.pdb	16.976	53.531	0	20.195
swarm_41_100.pdb	16.414	48.035	0	19.894
swarm_42_156.pdb	20.715	52.270	0	19.815
swarm_42_149.pdb	21.048	58.204	0	19.781
swarm_60_55.pdb	20.382	35.259	0	19.737
swarm_7_14.pdb	21.780	54.975	0	19.663
swarm_8_128.pdb	21.541	54.636	0	19.410
swarm_55_141.pdb	19.001	31.204	0	19.371
swarm_18_16.pdb	22.495	47.692	0	19.069
swarm_4_188.pdb	24.467	57.713	0	19.041
swarm_36_65.pdb	17.754	52.293	0	19.029
swarm_4_38.pdb	21.660	48.472	0	18.750
swarm_9_0.pdb	18.638	38.640	0.0113636	18.735
swarm_4_12.pdb	24.317	54.711	0	18.426
swarm_24_90.pdb	14.092	40.673	0	18.393
swarm_8_198.pdb	23.261	49.556	0	18.377
swarm_36_101.pdb	19.055	53.206	0	18.056
swarm_4_106.pdb	24.868	57.384	0	18.019
swarm_13_195.pdb	19.628	36.740	0	17.839
swarm_7_115.pdb	23.349	53.359	0	17.756
swarm_44_39.pdb	13.656	48.787	0.0113636	17.622
swarm_18_127.pdb	18.953	55.212	0	17.403
swarm_55_179.pdb	18.906	30.107	0	17.203
swarm_35_43.pdb	18.942	56.669	0.0340909	17.143
swarm_22_89.pdb	18.840	56.149	0	16.904
swarm_7_15.pdb	23.876	53.351	0	16.590
swarm_7_125.pdb	20.723	46.007	0	16.277
swarm_41_82.pdb	21.736	54.152	0	16.033
swarm_59_28.pdb	19.482	50.749	0	15.884
swarm_41_189.pdb	14.033	44.382	0	15.845
swarm_6_131.pdb	18.387	44.815	0	15.226
swarm_44_99.pdb	20.253	51.078	0	15.176
swarm_9_148.pdb	19.776	35.282	0	15.087
swarm_55_0.pdb	9.459	16.488	0.0227273	15.029
swarm_64_172.pdb	22.324	53.239	0	14.730
swarm_45_61.pdb	17.521	25.434	0	14.364
swarm_56_24.pdb	23.244	51.973	0	14.245
swarm_27_26.pdb	10.291	32.167	0.0681818	14.191
swarm_26_55.pdb	16.257	50.253	0	12.676
swarm_32_100.pdb	16.553	52.504	0	11.610
swarm_44_111.pdb	20.974	50.815	0	10.971
swarm_15_10.pdb	22.146	48.904	0	10.489
swarm_24_137.pdb	20.818	49.920	0	10.173
swarm_59_174.pdb	22.296	54.577	0	10.044
swarm_41_151.pdb	18.878	42.520	0	9.520
swarm_58_147.pdb	17.890	43.291	0	9.451
swarm_5_166.pdb	8.755	19.406	0	8.556
swarm_14_63.pdb	21.164	53.358	0	7.957
swarm_4_125.pdb	19.501	57.835	0.0113636	7.864
swarm_42_69.pdb	14.480	53.293	0	6.357
swarm_43_121.pdb	21.350	44.818	0	6.145
swarm_7_0.pdb	14.097	45.677	0	5.487
swarm_59_192.pdb	19.562	50.215	0	4.864
swarm_9_37.pdb	9.676	30.237	0.0681818	4.721
swarm_58_164.pdb	17.949	38.864	0	4.428
swarm_33_115.pdb	21.028	51.225	0.0113636	1.482
swarm_43_21.pdb	21.672	53.231	0	0.333
