swarm_79_135.pdb	10.830	20.907	0.136364	43.305
swarm_0_154.pdb	14.017	26.080	0.0340909	41.394
swarm_1_133.pdb	5.373	7.164	0.375	41.173
swarm_6_65.pdb	16.142	27.498	0.0795455	40.374
swarm_12_43.pdb	13.836	23.948	0.0795455	40.344
swarm_68_177.pdb	11.011	20.426	0.0795455	39.971
swarm_76_199.pdb	13.823	25.213	0.102273	39.898
swarm_82_131.pdb	17.245	25.186	0	39.123
swarm_2_58.pdb	10.637	20.820	0.0681818	37.873
swarm_1_185.pdb	10.321	18.115	0.0795455	37.854
swarm_83_133.pdb	11.719	20.517	0.0227273	37.305
swarm_79_107.pdb	12.083	22.228	0.102273	37.176
swarm_70_45.pdb	13.731	26.310	0.0568182	36.700
swarm_4_21.pdb	14.171	24.629	0.0227273	36.673
swarm_75_173.pdb	16.818	25.087	0	36.592
swarm_70_91.pdb	10.223	18.525	0.113636	36.546
swarm_66_33.pdb	15.905	27.482	0	36.331
swarm_83_176.pdb	16.575	23.682	0	35.429
swarm_76_195.pdb	13.244	23.510	0.0909091	35.370
swarm_79_159.pdb	18.627	28.344	0	34.585
swarm_83_85.pdb	15.838	24.951	0	34.225
swarm_4_120.pdb	16.454	23.572	0	33.847
swarm_3_187.pdb	16.279	23.457	0	33.797
swarm_29_158.pdb	17.366	27.791	0	33.389
swarm_76_74.pdb	16.703	23.402	0	33.209
swarm_68_106.pdb	18.172	30.001	0	32.547
swarm_78_106.pdb	7.241	12.199	0.227273	32.373
swarm_3_186.pdb	12.699	22.787	0.102273	32.323
swarm_56_133.pdb	17.198	26.941	0	32.169
swarm_12_129.pdb	13.516	24.764	0.0681818	32.138
swarm_68_50.pdb	8.902	16.954	0.0340909	32.115
swarm_49_153.pdb	20.204	31.331	0.0227273	32.062
swarm_78_33.pdb	18.017	27.004	0	31.678
swarm_68_66.pdb	13.536	19.543	0	31.619
swarm_57_198.pdb	7.165	15.461	0.136364	31.510
swarm_76_19.pdb	16.666	30.115	0.0340909	31.316
swarm_34_174.pdb	18.342	29.318	0	31.056
swarm_79_53.pdb	16.838	27.096	0	31.008
swarm_70_194.pdb	18.020	28.841	0	30.334
swarm_6_1.pdb	8.313	13.839	0.147727	30.160
swarm_6_10.pdb	17.336	28.904	0	29.752
swarm_56_169.pdb	16.428	26.743	0	29.671
swarm_5_79.pdb	9.524	16.590	0.147727	29.407
swarm_78_167.pdb	16.318	25.752	0	29.278
swarm_69_65.pdb	15.472	24.459	0	29.180
swarm_76_149.pdb	16.439	24.547	0	29.006
swarm_76_187.pdb	16.126	23.391	0	28.828
swarm_12_65.pdb	10.088	15.686	0.0340909	28.517
swarm_1_43.pdb	9.305	14.167	0	28.436
swarm_75_171.pdb	14.870	25.771	0	28.356
swarm_70_30.pdb	14.573	23.665	0	28.220
swarm_23_5.pdb	14.094	25.538	0.0681818	27.862
swarm_70_56.pdb	16.888	28.295	0	27.410
swarm_60_36.pdb	13.144	28.684	0.0568182	27.237
swarm_66_50.pdb	13.089	22.931	0	26.952
swarm_4_82.pdb	10.534	17.636	0.0454545	26.710
swarm_76_11.pdb	13.578	24.122	0.0909091	26.581
swarm_68_53.pdb	14.421	25.866	0.0909091	26.326
swarm_72_96.pdb	20.275	32.123	0.0340909	26.107
swarm_18_77.pdb	15.812	29.699	0	24.999
swarm_66_146.pdb	17.158	28.819	0.0227273	24.727
swarm_72_42.pdb	15.359	23.426	0	24.195
swarm_34_65.pdb	18.153	28.822	0.0227273	24.157
swarm_57_181.pdb	8.556	20.924	0.0454545	23.390
swarm_0_3.pdb	8.112	11.472	0.0454545	22.428
swarm_72_177.pdb	18.122	29.727	0.0909091	21.936
swarm_29_50.pdb	15.446	27.007	0	21.908
swarm_2_157.pdb	16.795	26.859	0	21.798
swarm_23_184.pdb	13.967	19.970	0	21.702
swarm_6_58.pdb	19.748	30.714	0	20.926
swarm_64_119.pdb	18.855	28.639	0	19.983
swarm_34_31.pdb	9.173	17.012	0.0681818	19.674
swarm_14_4.pdb	14.170	28.194	0.0568182	19.246
swarm_3_131.pdb	19.215	30.123	0.0340909	14.267
swarm_75_89.pdb	16.442	26.417	0	13.194
swarm_57_184.pdb	16.871	29.164	0	12.845
swarm_2_161.pdb	16.388	25.270	0	12.669
swarm_68_143.pdb	19.211	29.526	0	12.153
swarm_68_160.pdb	18.356	29.119	0	11.242
swarm_5_75.pdb	19.568	35.173	0.0113636	4.280
swarm_57_39.pdb	11.695	24.457	0	1.507
