swarm_72_196.pdb	13.976	27.235	0	41.611
swarm_82_65.pdb	13.640	25.659	0.0340909	40.574
swarm_87_3.pdb	14.202	26.530	0.0227273	38.710
swarm_71_21.pdb	12.492	22.720	0.0795455	37.439
swarm_72_57.pdb	6.689	15.552	0.238636	37.297
swarm_61_51.pdb	12.353	28.277	0	36.833
swarm_24_177.pdb	13.959	25.274	0.0568182	35.992
swarm_75_122.pdb	19.108	34.113	0	35.930
swarm_74_20.pdb	14.165	24.407	0.0795455	34.913
swarm_63_32.pdb	12.573	23.576	0.0340909	34.882
swarm_66_18.pdb	18.662	28.146	0	34.448
swarm_87_18.pdb	16.901	29.371	0.0795455	33.905
swarm_64_158.pdb	18.553	29.104	0.0454545	33.561
swarm_82_190.pdb	17.516	29.245	0.0568182	33.313
swarm_61_168.pdb	17.016	37.017	0.0227273	32.887
swarm_55_86.pdb	14.056	27.633	0.102273	32.329
swarm_79_179.pdb	18.617	27.601	0	32.199
swarm_83_129.pdb	10.017	19.615	0.0454545	31.808
swarm_66_61.pdb	7.717	15.790	0.170455	31.654
swarm_55_49.pdb	16.414	33.317	0	31.435
swarm_77_125.pdb	11.721	24.471	0	31.212
swarm_76_133.pdb	5.015	6.899	0.272727	30.976
swarm_72_72.pdb	18.972	28.480	0	30.870
swarm_62_122.pdb	14.372	32.010	0	30.820
swarm_77_21.pdb	19.433	29.659	0	30.400
swarm_86_42.pdb	19.696	30.752	0	30.102
swarm_57_121.pdb	8.161	18.458	0.0795455	30.063
swarm_76_69.pdb	18.241	26.755	0	30.027
swarm_75_23.pdb	9.856	21.734	0.0340909	29.889
swarm_47_81.pdb	11.446	20.448	0.0340909	29.801
swarm_77_37.pdb	17.538	28.365	0.0227273	29.750
swarm_68_189.pdb	18.745	35.028	0	29.649
swarm_58_50.pdb	18.310	33.295	0	29.606
swarm_66_123.pdb	17.073	27.958	0	29.346
swarm_63_109.pdb	16.160	27.621	0.0454545	29.267
swarm_75_10.pdb	7.314	17.517	0.125	29.248
swarm_86_175.pdb	17.892	33.479	0	29.104
swarm_75_63.pdb	18.469	30.877	0	29.080
swarm_28_43.pdb	15.614	42.029	0.0454545	29.064
swarm_75_33.pdb	14.836	26.803	0	28.789
swarm_83_186.pdb	11.223	28.043	0.0227273	28.760
swarm_59_120.pdb	14.142	35.579	0.0113636	28.669
swarm_87_19.pdb	15.614	23.609	0	28.564
swarm_62_157.pdb	17.433	30.036	0	28.449
swarm_57_28.pdb	14.303	32.373	0	28.430
swarm_76_92.pdb	7.403	16.348	0.147727	28.422
swarm_82_49.pdb	16.083	28.336	0.0454545	28.365
swarm_40_29.pdb	15.849	39.526	0.0113636	28.308
swarm_63_52.pdb	15.558	23.105	0	28.282
swarm_87_125.pdb	14.796	20.995	0	28.188
swarm_62_152.pdb	17.790	38.481	0.0113636	28.121
swarm_52_38.pdb	12.425	33.141	0.0113636	27.976
swarm_44_62.pdb	18.363	39.352	0.0227273	27.894
swarm_80_154.pdb	5.994	16.141	0.25	27.724
swarm_50_184.pdb	12.222	39.131	0	27.629
swarm_37_179.pdb	16.147	37.881	0.0340909	27.561
swarm_80_172.pdb	19.402	38.022	0	27.433
swarm_55_53.pdb	15.426	24.459	0	27.374
swarm_48_143.pdb	8.726	28.680	0.0227273	27.312
swarm_73_98.pdb	16.411	26.632	0	27.220
swarm_77_170.pdb	17.185	27.918	0	27.218
swarm_55_189.pdb	16.121	24.572	0	26.966
swarm_75_153.pdb	17.130	26.141	0	26.962
swarm_55_183.pdb	16.316	25.454	0	26.937
swarm_40_106.pdb	19.313	37.593	0	26.790
swarm_42_32.pdb	18.487	37.710	0	26.761
swarm_76_116.pdb	15.133	23.013	0	26.737
swarm_57_89.pdb	19.126	27.970	0	26.691
swarm_42_151.pdb	10.344	28.479	0	26.144
swarm_62_92.pdb	7.672	21.499	0.0340909	25.942
swarm_75_172.pdb	14.465	27.632	0	25.919
swarm_80_10.pdb	17.219	33.348	0	25.876
swarm_83_189.pdb	17.435	29.895	0	25.824
swarm_65_79.pdb	11.374	21.273	0.0909091	25.789
swarm_46_174.pdb	18.346	33.977	0	25.660
swarm_62_113.pdb	8.434	20.440	0.0568182	25.618
swarm_29_75.pdb	14.114	42.099	0.0454545	25.617
swarm_60_174.pdb	20.818	42.814	0	25.584
swarm_86_182.pdb	13.836	23.974	0	25.552
swarm_60_142.pdb	13.479	35.899	0.0227273	25.493
swarm_66_2.pdb	18.354	26.177	0	25.298
swarm_66_41.pdb	18.957	28.755	0	25.296
swarm_58_173.pdb	18.141	31.150	0	25.231
swarm_85_14.pdb	17.462	24.380	0	25.174
swarm_36_98.pdb	15.045	43.870	0.0340909	25.019
swarm_40_58.pdb	13.176	35.491	0	24.883
swarm_14_131.pdb	14.814	25.540	0	24.874
swarm_86_33.pdb	14.702	22.165	0	24.847
swarm_20_126.pdb	11.794	26.439	0.0113636	24.828
swarm_71_186.pdb	17.351	29.492	0	24.814
swarm_48_175.pdb	20.168	37.326	0	24.742
swarm_82_127.pdb	18.129	27.947	0	24.625
swarm_42_58.pdb	18.870	38.980	0	24.620
swarm_77_1.pdb	15.527	30.688	0.0568182	24.575
swarm_42_25.pdb	21.074	44.588	0	24.537
swarm_37_28.pdb	10.821	36.348	0	24.197
swarm_68_147.pdb	20.563	42.202	0	23.998
swarm_30_163.pdb	9.900	24.380	0.0454545	23.976
swarm_62_46.pdb	19.409	36.441	0	23.929
swarm_75_115.pdb	17.997	32.811	0	23.760
swarm_80_24.pdb	18.118	30.102	0	23.696
swarm_46_99.pdb	10.353	29.768	0	23.643
swarm_58_91.pdb	13.868	29.921	0.0113636	23.629
swarm_62_112.pdb	9.509	28.498	0	23.451
swarm_80_197.pdb	17.643	31.118	0	23.365
swarm_38_41.pdb	16.464	31.628	0.0454545	23.327
swarm_80_57.pdb	18.994	33.460	0	23.308
swarm_79_18.pdb	18.993	30.830	0.0340909	23.281
swarm_52_12.pdb	12.422	34.850	0	23.240
swarm_86_180.pdb	17.677	29.962	0	23.073
swarm_76_123.pdb	10.635	25.545	0.0454545	22.821
swarm_62_189.pdb	18.413	32.901	0	22.749
swarm_80_87.pdb	17.520	29.721	0	22.624
swarm_24_157.pdb	17.859	30.471	0.0568182	22.575
swarm_86_49.pdb	8.021	18.805	0.0113636	22.566
swarm_16_42.pdb	18.538	43.282	0.0340909	22.498
swarm_44_57.pdb	18.943	31.936	0	22.434
swarm_86_5.pdb	17.473	30.583	0	22.303
swarm_42_106.pdb	21.142	41.213	0	22.229
swarm_70_86.pdb	16.225	28.115	0.0681818	22.031
swarm_42_66.pdb	20.196	37.329	0	21.962
swarm_49_130.pdb	17.111	45.927	0	21.898
swarm_48_192.pdb	19.314	42.411	0	21.841
swarm_61_28.pdb	19.190	32.932	0	21.785
swarm_61_139.pdb	20.107	40.881	0	21.637
swarm_86_94.pdb	17.372	30.195	0	21.591
swarm_50_142.pdb	20.747	41.137	0	21.552
swarm_50_154.pdb	16.991	40.844	0	21.518
swarm_62_38.pdb	21.980	37.092	0	21.496
swarm_83_92.pdb	18.235	33.727	0	21.450
swarm_22_149.pdb	18.616	49.361	0.0227273	21.219
swarm_30_160.pdb	20.182	39.522	0.0795455	21.145
swarm_43_85.pdb	20.856	40.187	0	20.705
swarm_30_167.pdb	17.611	30.704	0	20.674
swarm_57_7.pdb	15.638	24.122	0	20.573
swarm_42_29.pdb	20.978	37.605	0	20.303
swarm_37_40.pdb	11.427	34.487	0	20.124
swarm_42_87.pdb	20.130	38.195	0	19.596
swarm_44_91.pdb	14.347	33.849	0	19.546
swarm_21_35.pdb	20.096	40.415	0.0227273	19.067
swarm_59_176.pdb	12.355	37.831	0	18.972
swarm_37_11.pdb	9.671	30.674	0.0227273	18.968
swarm_80_173.pdb	18.520	29.294	0	18.874
swarm_85_147.pdb	10.745	22.402	0.0909091	18.690
swarm_29_194.pdb	12.881	43.974	0	18.064
swarm_52_177.pdb	19.613	44.284	0	17.914
swarm_63_182.pdb	17.860	29.305	0.0454545	17.737
swarm_44_131.pdb	17.376	39.041	0	17.598
swarm_62_79.pdb	19.990	35.755	0	17.594
swarm_59_0.pdb	18.456	38.279	0	17.452
swarm_40_138.pdb	8.532	29.489	0.0568182	17.189
swarm_44_176.pdb	18.503	35.194	0	16.348
swarm_52_85.pdb	17.926	41.526	0	16.327
swarm_39_159.pdb	17.572	30.341	0	16.177
swarm_28_46.pdb	22.474	51.263	0	15.622
swarm_61_140.pdb	17.121	34.381	0	15.448
swarm_52_6.pdb	9.986	31.549	0.0340909	15.130
swarm_62_5.pdb	21.145	36.226	0	14.820
swarm_30_156.pdb	14.649	27.493	0	14.526
swarm_77_113.pdb	16.449	27.314	0	12.490
swarm_58_138.pdb	18.815	39.422	0.0113636	12.097
swarm_41_94.pdb	12.672	38.174	0	11.898
swarm_61_117.pdb	19.322	35.174	0	11.679
swarm_79_165.pdb	16.924	29.191	0	11.251
swarm_58_80.pdb	14.396	31.398	0	10.987
swarm_83_168.pdb	15.623	26.763	0	9.809
swarm_55_129.pdb	14.439	30.119	0.0113636	8.199
swarm_68_64.pdb	17.686	41.233	0	7.802
swarm_76_136.pdb	6.794	14.150	0.0681818	7.173
swarm_48_115.pdb	21.148	42.522	0	6.589
swarm_79_7.pdb	14.188	25.471	0.0568182	6.168
swarm_66_127.pdb	18.474	30.911	0	5.390
swarm_79_93.pdb	17.130	28.782	0.0568182	4.134
swarm_66_79.pdb	20.744	36.420	0	3.817
swarm_88_27.pdb	11.193	27.376	0.0340909	3.265
swarm_20_49.pdb	19.234	37.398	0	1.811
swarm_31_131.pdb	18.749	29.346	0	1.491
swarm_80_167.pdb	9.379	22.440	0.0340909	0.065
