swarm_20_129.pdb	12.085	22.305	0.0454545	43.603
swarm_25_191.pdb	9.844	17.400	0.0795455	42.262
swarm_51_3.pdb	19.465	30.238	0.0340909	42.005
swarm_54_1.pdb	10.347	18.435	0.147727	42.001
swarm_87_41.pdb	5.065	7.897	0.431818	41.442
swarm_19_54.pdb	4.242	3.925	0.727273	40.404
swarm_72_103.pdb	16.836	28.507	0.0568182	40.250
swarm_71_88.pdb	17.071	28.048	0.0568182	39.933
swarm_70_186.pdb	11.005	21.707	0.0681818	39.552
swarm_6_124.pdb	12.957	23.411	0.0795455	39.387
swarm_81_80.pdb	9.365	15.046	0.0568182	39.303
swarm_12_166.pdb	4.137	2.406	0.613636	39.274
swarm_63_27.pdb	14.709	26.176	0.0795455	38.994
swarm_59_70.pdb	4.884	9.663	0.511364	38.797
swarm_53_8.pdb	9.815	18.169	0.159091	38.788
swarm_75_133.pdb	4.255	5.201	0.681818	38.481
swarm_91_196.pdb	4.874	7.326	0.352273	38.302
swarm_60_18.pdb	4.693	7.907	0.534091	38.292
swarm_43_133.pdb	15.403	28.438	0.0681818	38.211
swarm_60_56.pdb	15.341	21.235	0	38.118
swarm_30_191.pdb	16.563	27.146	0	37.734
swarm_74_165.pdb	4.747	9.172	0.363636	37.558
swarm_12_10.pdb	12.608	22.439	0	37.525
swarm_94_126.pdb	17.644	28.981	0.0340909	37.452
swarm_87_138.pdb	18.445	27.440	0	37.441
swarm_28_98.pdb	10.337	18.713	0.125	37.253
swarm_50_168.pdb	15.666	28.723	0.0568182	37.149
swarm_49_57.pdb	16.721	27.452	0	36.722
swarm_12_32.pdb	15.944	24.616	0	36.695
swarm_1_155.pdb	5.844	8.357	0.420455	36.641
swarm_50_190.pdb	10.015	23.156	0.147727	36.504
swarm_3_100.pdb	15.901	23.557	0	36.045
swarm_85_105.pdb	17.042	27.955	0.0681818	35.914
swarm_46_70.pdb	18.737	29.299	0.0340909	35.906
swarm_92_139.pdb	9.261	15.497	0.0568182	35.812
swarm_46_26.pdb	4.409	4.662	0.386364	35.731
swarm_47_51.pdb	18.192	28.888	0.0454545	35.560
swarm_60_163.pdb	14.371	25.485	0.0909091	35.481
swarm_3_196.pdb	13.766	26.626	0.0113636	35.464
swarm_31_197.pdb	12.195	21.812	0	35.433
swarm_66_49.pdb	13.225	24.031	0.0227273	35.338
swarm_66_72.pdb	13.085	24.581	0.102273	35.210
swarm_3_30.pdb	9.076	16.878	0.181818	34.918
swarm_92_114.pdb	16.075	26.022	0	34.474
swarm_66_63.pdb	17.232	28.513	0	34.175
swarm_29_92.pdb	16.185	25.415	0	34.153
swarm_70_10.pdb	18.635	28.405	0	33.871
swarm_25_77.pdb	12.049	24.161	0.0568182	33.836
swarm_59_149.pdb	9.105	15.516	0.102273	33.795
swarm_31_162.pdb	11.311	20.755	0.0795455	33.781
swarm_51_18.pdb	17.210	28.146	0	33.776
swarm_51_48.pdb	15.573	24.330	0	33.682
swarm_19_11.pdb	16.636	27.482	0	33.263
swarm_65_114.pdb	16.855	27.597	0	33.111
swarm_47_179.pdb	7.537	13.950	0.159091	32.925
swarm_81_192.pdb	5.377	9.717	0.397727	32.919
swarm_70_30.pdb	16.576	23.948	0	32.695
swarm_76_73.pdb	18.451	27.149	0	32.648
swarm_52_27.pdb	7.376	14.345	0.0454545	32.594
swarm_42_82.pdb	17.497	28.348	0	32.532
swarm_87_161.pdb	14.794	22.794	0	32.234
swarm_62_113.pdb	10.249	17.437	0.0340909	32.200
swarm_31_131.pdb	10.770	22.895	0	32.069
swarm_41_173.pdb	8.109	16.902	0.181818	31.981
swarm_90_63.pdb	16.791	24.906	0	31.980
swarm_74_161.pdb	15.461	27.223	0.0454545	31.859
swarm_83_171.pdb	16.941	26.240	0	31.850
swarm_60_183.pdb	17.873	27.519	0	31.829
swarm_81_32.pdb	12.733	21.299	0.0113636	31.759
swarm_80_6.pdb	16.124	26.395	0	31.716
swarm_81_48.pdb	16.131	25.663	0	31.654
swarm_66_144.pdb	17.540	27.206	0	31.605
swarm_66_51.pdb	15.681	24.245	0	31.488
swarm_88_91.pdb	9.912	17.248	0.102273	31.389
swarm_34_189.pdb	16.963	28.620	0	31.347
swarm_75_57.pdb	15.742	24.292	0	31.309
swarm_79_84.pdb	11.501	20.903	0.0113636	31.250
swarm_57_197.pdb	8.709	16.720	0.0227273	31.070
swarm_62_141.pdb	18.570	30.711	0.0340909	30.962
swarm_6_0.pdb	11.437	20.494	0.0113636	30.863
swarm_87_90.pdb	7.557	10.562	0.0340909	30.854
swarm_0_121.pdb	16.741	27.828	0.0340909	30.826
swarm_57_35.pdb	10.749	21.905	0.0340909	30.778
swarm_92_35.pdb	10.401	17.205	0.0909091	30.776
swarm_85_65.pdb	16.385	27.005	0	30.774
swarm_88_100.pdb	6.938	13.692	0.159091	30.753
swarm_61_159.pdb	18.400	31.600	0	30.625
swarm_70_15.pdb	19.959	31.665	0.0454545	30.547
swarm_1_144.pdb	13.416	23.893	0.0909091	30.516
swarm_44_19.pdb	14.841	27.577	0.0681818	30.500
swarm_69_44.pdb	19.161	29.914	0.0454545	30.466
swarm_25_146.pdb	15.005	23.443	0	30.446
swarm_76_164.pdb	9.980	15.072	0.0340909	30.262
swarm_83_154.pdb	18.351	27.018	0	30.251
swarm_75_164.pdb	16.938	26.284	0	30.221
swarm_88_133.pdb	15.902	25.411	0	30.109
swarm_1_145.pdb	9.429	15.967	0.0681818	29.960
swarm_28_130.pdb	16.150	24.791	0	29.841
swarm_94_24.pdb	12.534	19.406	0	29.814
swarm_66_108.pdb	15.734	24.741	0	29.741
swarm_76_155.pdb	8.790	15.916	0.102273	29.687
swarm_70_122.pdb	17.562	28.661	0	29.683
swarm_91_143.pdb	11.458	20.086	0.113636	29.638
swarm_80_75.pdb	10.089	16.582	0.0795455	29.597
swarm_43_167.pdb	7.312	13.062	0.170455	29.427
swarm_76_102.pdb	16.511	28.227	0.0340909	29.401
swarm_83_192.pdb	13.495	24.040	0.0568182	29.346
swarm_61_23.pdb	18.688	31.561	0.0340909	29.305
swarm_63_183.pdb	15.700	24.685	0	29.284
swarm_79_121.pdb	18.669	28.126	0	29.281
swarm_24_4.pdb	17.219	28.912	0	29.224
swarm_43_5.pdb	7.768	11.797	0.0340909	29.215
swarm_76_77.pdb	17.364	25.078	0	29.084
swarm_70_126.pdb	17.979	25.311	0	29.020
swarm_25_149.pdb	8.798	15.955	0.136364	29.020
swarm_79_1.pdb	6.825	10.506	0.204545	28.993
swarm_75_179.pdb	9.267	16.468	0	28.944
swarm_87_176.pdb	14.022	22.275	0	28.809
swarm_51_111.pdb	18.426	27.255	0	28.787
swarm_85_57.pdb	18.018	26.837	0	28.707
swarm_61_125.pdb	8.416	15.920	0.0227273	28.566
swarm_66_73.pdb	18.780	29.210	0.0568182	28.461
swarm_6_141.pdb	10.585	20.723	0.0454545	28.440
swarm_50_115.pdb	8.434	18.017	0.0340909	28.301
swarm_79_99.pdb	17.344	30.071	0	28.247
swarm_66_151.pdb	17.338	27.614	0.0340909	28.215
swarm_40_72.pdb	18.489	29.173	0	28.160
swarm_47_100.pdb	13.821	25.376	0.0909091	28.121
swarm_31_129.pdb	18.647	29.829	0.0454545	28.102
swarm_41_118.pdb	17.926	28.591	0	28.079
swarm_84_0.pdb	18.452	29.525	0	28.071
swarm_58_144.pdb	16.446	27.598	0	28.042
swarm_74_149.pdb	15.179	21.892	0	27.950
swarm_83_4.pdb	5.293	12.122	0.159091	27.901
swarm_52_159.pdb	18.845	30.137	0	27.784
swarm_63_44.pdb	9.387	17.650	0.0340909	27.777
swarm_92_26.pdb	17.953	26.607	0	27.625
swarm_62_49.pdb	18.513	29.655	0	27.621
swarm_54_84.pdb	5.636	6.344	0.0795455	27.584
swarm_0_185.pdb	17.106	25.062	0	27.521
swarm_1_154.pdb	18.078	27.898	0	27.423
swarm_76_16.pdb	16.347	23.884	0	27.371
swarm_52_106.pdb	8.672	16.426	0.147727	27.344
swarm_63_23.pdb	16.518	27.793	0	27.244
swarm_11_42.pdb	16.666	31.093	0	27.198
swarm_93_97.pdb	15.296	26.965	0.0681818	27.137
swarm_72_99.pdb	18.648	31.505	0.0795455	27.079
swarm_41_101.pdb	20.079	31.261	0.0568182	27.050
swarm_34_15.pdb	12.725	25.465	0.0227273	27.008
swarm_72_138.pdb	20.239	32.251	0.0340909	26.996
swarm_25_125.pdb	14.108	26.124	0.102273	26.992
swarm_54_51.pdb	6.675	9.751	0.215909	26.990
swarm_63_150.pdb	16.311	25.584	0	26.893
swarm_31_49.pdb	15.559	33.127	0.0909091	26.882
swarm_46_26.pdb	16.264	27.037	0.0795455	26.870
swarm_75_194.pdb	18.078	29.137	0	26.867
swarm_46_163.pdb	15.180	27.511	0.0454545	26.822
swarm_69_117.pdb	18.481	31.777	0.0113636	26.801
swarm_66_99.pdb	10.713	28.163	0.0227273	26.773
swarm_57_161.pdb	19.222	30.659	0	26.681
swarm_76_43.pdb	15.874	23.344	0	26.672
swarm_34_185.pdb	6.208	13.250	0.0909091	26.642
swarm_3_40.pdb	16.387	26.391	0	26.617
swarm_25_135.pdb	16.330	25.183	0	26.582
swarm_80_157.pdb	17.810	29.206	0.0113636	26.557
swarm_24_98.pdb	13.512	25.148	0.0909091	26.470
swarm_46_94.pdb	6.624	11.644	0.0909091	26.457
swarm_34_195.pdb	13.241	21.632	0	26.319
swarm_52_17.pdb	14.607	21.981	0	26.273
swarm_0_0.pdb	14.099	25.161	0	26.247
swarm_25_126.pdb	17.890	26.955	0	26.232
swarm_83_176.pdb	16.756	29.075	0.0454545	26.184
swarm_82_144.pdb	17.493	29.872	0	26.162
swarm_94_164.pdb	19.003	31.857	0	26.150
swarm_41_72.pdb	18.399	33.690	0.0454545	26.143
swarm_81_159.pdb	16.696	26.309	0	26.104
swarm_93_163.pdb	17.498	27.545	0	25.873
swarm_20_149.pdb	16.430	27.860	0	25.764
swarm_70_58.pdb	18.422	29.668	0	25.655
swarm_94_199.pdb	14.676	24.250	0	25.644
swarm_70_104.pdb	19.230	29.099	0	25.623
swarm_46_108.pdb	19.439	29.293	0	25.494
swarm_91_65.pdb	12.409	21.597	0.0454545	25.368
swarm_79_175.pdb	14.881	28.571	0.0227273	25.324
swarm_62_137.pdb	6.571	15.747	0.102273	25.250
swarm_52_109.pdb	20.314	31.950	0.0113636	25.148
swarm_93_146.pdb	11.197	21.410	0	25.103
swarm_72_92.pdb	15.789	26.696	0.0340909	24.971
swarm_85_124.pdb	18.987	27.807	0	24.941
swarm_0_17.pdb	9.558	17.960	0.0681818	24.846
swarm_86_42.pdb	16.953	28.383	0	24.797
swarm_42_18.pdb	16.829	27.367	0	24.742
swarm_41_169.pdb	15.488	23.894	0	24.717
swarm_52_84.pdb	19.243	29.167	0	24.715
swarm_41_134.pdb	8.141	18.445	0.0454545	24.687
swarm_82_28.pdb	16.644	25.241	0	24.668
swarm_40_122.pdb	7.535	10.841	0.0113636	24.663
swarm_46_85.pdb	13.837	23.788	0.0227273	24.637
swarm_72_145.pdb	19.002	29.570	0	24.540
swarm_82_131.pdb	16.376	25.116	0	24.496
swarm_83_174.pdb	15.916	26.199	0	24.326
swarm_87_140.pdb	10.003	15.731	0.0227273	24.315
swarm_59_121.pdb	17.570	29.958	0.0340909	24.241
swarm_52_88.pdb	13.148	26.405	0.0113636	24.202
swarm_94_125.pdb	16.407	24.942	0	24.199
swarm_57_11.pdb	12.334	25.952	0.0454545	24.087
swarm_52_11.pdb	19.691	28.927	0	24.079
swarm_51_64.pdb	13.363	24.173	0	23.911
swarm_94_112.pdb	8.205	16.817	0.125	23.845
swarm_85_64.pdb	17.516	27.252	0	23.606
swarm_52_162.pdb	17.488	27.321	0	23.570
swarm_82_90.pdb	18.332	28.690	0	23.482
swarm_59_90.pdb	7.673	17.996	0.0795455	23.403
swarm_51_1.pdb	15.964	28.528	0.0340909	23.392
swarm_66_4.pdb	8.282	25.962	0.0454545	23.384
swarm_55_41.pdb	11.108	27.275	0	23.379
swarm_82_162.pdb	16.031	26.340	0.0113636	23.132
swarm_70_152.pdb	13.358	22.926	0.0227273	23.092
swarm_69_35.pdb	18.670	30.603	0	23.009
swarm_82_182.pdb	18.514	32.618	0.0340909	23.008
swarm_28_190.pdb	14.043	22.416	0	22.861
swarm_44_132.pdb	8.549	17.525	0	22.787
swarm_9_187.pdb	13.734	26.620	0	22.682
swarm_42_5.pdb	7.127	16.113	0.102273	22.589
swarm_61_6.pdb	19.254	30.620	0	22.523
swarm_12_92.pdb	6.933	11.401	0.284091	22.288
swarm_43_87.pdb	15.622	22.948	0	22.259
swarm_16_167.pdb	13.343	25.924	0.0568182	22.233
swarm_42_170.pdb	19.954	31.631	0.0227273	22.197
swarm_1_111.pdb	17.282	27.072	0	21.988
swarm_30_133.pdb	11.696	23.889	0.0909091	21.793
swarm_94_43.pdb	15.481	29.699	0.0113636	21.694
swarm_40_54.pdb	9.365	16.638	0.0454545	21.676
swarm_61_118.pdb	17.788	29.347	0.0113636	21.667
swarm_43_123.pdb	17.174	25.404	0	21.463
swarm_72_29.pdb	12.890	20.446	0.0113636	21.317
swarm_46_167.pdb	13.252	22.909	0.0113636	21.192
swarm_58_97.pdb	16.217	27.933	0.0454545	21.025
swarm_28_2.pdb	17.380	26.712	0	20.936
swarm_6_59.pdb	17.210	28.955	0.0113636	20.905
swarm_85_143.pdb	10.185	18.274	0.102273	20.865
swarm_0_155.pdb	16.274	27.401	0	20.759
swarm_16_165.pdb	9.567	21.561	0.147727	20.734
swarm_72_94.pdb	14.851	23.190	0	20.556
swarm_31_44.pdb	17.874	29.062	0	20.555
swarm_52_4.pdb	19.998	36.659	0.0340909	20.534
swarm_41_2.pdb	18.510	31.137	0	20.355
swarm_80_122.pdb	17.856	26.819	0	20.348
swarm_12_101.pdb	16.563	25.851	0	20.269
swarm_11_83.pdb	16.166	29.274	0	20.116
swarm_50_75.pdb	17.924	33.439	0.0340909	20.103
swarm_32_145.pdb	11.716	26.760	0.0681818	20.075
swarm_10_14.pdb	16.858	27.980	0	20.011
swarm_75_141.pdb	12.925	22.713	0.0909091	19.915
swarm_74_186.pdb	13.513	19.003	0	19.877
swarm_51_124.pdb	14.474	19.725	0	19.816
swarm_28_64.pdb	17.135	28.792	0.0113636	19.583
swarm_72_148.pdb	18.649	27.561	0	19.561
swarm_60_104.pdb	18.322	29.604	0.0454545	19.418
swarm_3_76.pdb	17.605	32.960	0.0113636	19.326
swarm_10_115.pdb	16.968	32.520	0.0568182	19.242
swarm_31_137.pdb	21.058	33.627	0	19.193
swarm_59_50.pdb	18.736	28.914	0	19.169
swarm_82_123.pdb	10.358	17.841	0.0340909	19.157
swarm_6_79.pdb	15.903	26.811	0.0113636	19.145
swarm_16_175.pdb	19.965	32.612	0	19.125
swarm_65_128.pdb	17.411	32.491	0	18.985
swarm_83_113.pdb	13.990	26.858	0.0568182	18.932
swarm_41_85.pdb	17.088	26.229	0	18.751
swarm_10_77.pdb	9.331	18.078	0.0340909	18.690
swarm_42_99.pdb	21.350	36.252	0.0454545	18.541
swarm_17_113.pdb	17.812	30.584	0	18.468
swarm_66_87.pdb	18.767	30.909	0.0454545	18.407
swarm_10_92.pdb	18.843	32.031	0	18.367
swarm_31_89.pdb	13.329	25.532	0.0227273	18.286
swarm_1_176.pdb	18.024	31.431	0.0681818	17.876
swarm_5_61.pdb	18.573	47.419	0	17.850
swarm_71_24.pdb	9.880	19.987	0.0681818	17.801
swarm_40_143.pdb	12.918	27.219	0	17.730
swarm_66_0.pdb	10.424	18.444	0	17.278
swarm_16_48.pdb	16.662	28.619	0	17.271
swarm_31_132.pdb	18.644	31.218	0	17.130
swarm_41_124.pdb	19.168	30.618	0	17.078
swarm_76_39.pdb	12.898	18.090	0	17.050
swarm_11_174.pdb	18.473	31.738	0	16.989
swarm_42_21.pdb	9.327	16.753	0.0227273	16.885
swarm_59_38.pdb	9.681	21.007	0	16.791
swarm_52_72.pdb	18.818	31.540	0	16.407
swarm_12_37.pdb	15.728	24.922	0	16.194
swarm_56_58.pdb	15.201	33.479	0	15.426
swarm_75_26.pdb	17.224	28.974	0.0113636	15.382
swarm_40_153.pdb	13.777	26.791	0.113636	15.280
swarm_87_173.pdb	15.405	23.059	0	15.243
swarm_44_61.pdb	20.531	36.159	0	15.218
swarm_26_4.pdb	13.271	42.104	0.0454545	15.199
swarm_13_141.pdb	20.527	52.916	0	14.974
swarm_29_170.pdb	10.497	19.903	0.0795455	14.635
swarm_46_41.pdb	19.874	28.918	0	14.459
swarm_76_135.pdb	16.541	27.030	0	14.353
swarm_50_93.pdb	13.613	36.978	0.0113636	14.322
swarm_55_174.pdb	15.748	28.770	0	14.109
swarm_11_28.pdb	7.570	22.692	0.0113636	13.954
swarm_86_125.pdb	18.427	30.685	0	13.947
swarm_10_25.pdb	10.439	29.070	0.0568182	13.669
swarm_46_193.pdb	17.649	30.041	0	13.257
swarm_28_82.pdb	18.956	28.751	0.0227273	13.148
swarm_62_54.pdb	13.162	24.990	0	12.784
swarm_82_89.pdb	18.418	30.664	0.0227273	12.621
swarm_44_50.pdb	19.731	36.306	0.0113636	12.242
swarm_10_96.pdb	19.239	36.420	0	11.860
swarm_75_181.pdb	18.221	27.249	0	11.677
swarm_66_115.pdb	6.986	19.368	0.204545	11.669
swarm_46_183.pdb	19.066	32.257	0	11.162
swarm_17_194.pdb	20.372	37.687	0	10.675
swarm_71_87.pdb	18.510	29.423	0	10.335
swarm_16_91.pdb	8.046	21.622	0.0454545	10.164
swarm_84_197.pdb	16.241	27.103	0	9.203
swarm_31_3.pdb	7.544	18.277	0.0568182	8.933
swarm_92_157.pdb	16.029	26.155	0.0681818	8.794
swarm_42_8.pdb	10.169	27.954	0.0681818	8.270
swarm_19_124.pdb	10.174	21.522	0	6.048
swarm_94_190.pdb	18.824	29.876	0.0454545	5.367
swarm_78_191.pdb	20.203	44.942	0	4.631
swarm_66_7.pdb	17.143	27.271	0	2.112
swarm_37_89.pdb	17.848	43.309	0.0227273	0.654
swarm_66_50.pdb	16.427	28.565	0.0113636	0.532
swarm_86_23.pdb	16.578	28.077	0	0.193
