swarm_25_54.pdb	4.533	4.421	0.693182	58.344
swarm_73_140.pdb	4.367	6.315	0.670455	51.151
swarm_78_86.pdb	10.946	19.483	0.159091	49.309
swarm_6_57.pdb	10.531	18.889	0.102273	46.381
swarm_56_47.pdb	9.600	17.484	0.159091	46.092
swarm_2_40.pdb	9.217	17.443	0.136364	45.927
swarm_55_106.pdb	11.009	19.472	0.136364	44.935
swarm_2_102.pdb	15.282	25.069	0	44.283
swarm_2_163.pdb	9.213	15.129	0.0340909	43.517
swarm_82_117.pdb	17.067	25.277	0	42.730
swarm_70_14.pdb	13.164	26.226	0.0681818	42.678
swarm_12_195.pdb	12.332	22.188	0.0454545	42.602
swarm_5_20.pdb	11.542	20.517	0.0454545	41.930
swarm_6_118.pdb	12.969	23.651	0.102273	41.530
swarm_77_183.pdb	13.009	24.197	0.113636	41.405
swarm_78_95.pdb	16.635	24.575	0	40.315
swarm_4_186.pdb	6.496	10.515	0.215909	40.116
swarm_65_82.pdb	13.434	24.250	0.0568182	39.702
swarm_6_152.pdb	10.701	18.843	0.0113636	39.519
swarm_56_175.pdb	17.119	29.496	0.0454545	39.448
swarm_29_195.pdb	10.620	20.040	0.0909091	39.420
swarm_67_137.pdb	12.477	23.027	0.0795455	39.382
swarm_77_150.pdb	9.715	17.715	0.113636	38.869
swarm_73_185.pdb	17.557	28.061	0.0340909	38.786
swarm_78_165.pdb	13.755	19.360	0	38.634
swarm_4_13.pdb	15.219	26.292	0	38.267
swarm_5_30.pdb	13.674	23.805	0.0909091	38.166
swarm_27_189.pdb	17.148	27.737	0	37.939
swarm_55_110.pdb	16.277	28.737	0.0568182	37.709
swarm_80_115.pdb	14.082	24.663	0.102273	37.531
swarm_80_141.pdb	19.037	29.142	0.0340909	37.276
swarm_54_57.pdb	9.604	20.288	0.0909091	37.213
swarm_70_163.pdb	19.048	28.103	0	36.952
swarm_3_7.pdb	17.684	28.269	0.0340909	36.613
swarm_80_13.pdb	17.023	27.342	0	36.195
swarm_25_70.pdb	16.754	28.317	0	36.169
swarm_12_78.pdb	15.794	24.093	0	36.073
swarm_55_12.pdb	10.947	17.893	0.0681818	35.913
swarm_70_109.pdb	15.348	26.512	0.0795455	35.693
swarm_41_72.pdb	16.485	28.020	0	35.635
swarm_5_116.pdb	17.085	23.671	0	35.536
swarm_77_140.pdb	18.761	28.917	0.0227273	35.369
swarm_67_141.pdb	18.303	28.737	0	35.184
swarm_78_177.pdb	13.759	23.846	0.0568182	34.967
swarm_78_4.pdb	18.084	27.708	0	34.930
swarm_3_4.pdb	17.256	24.940	0	34.824
swarm_27_35.pdb	19.368	30.676	0.0340909	34.689
swarm_27_37.pdb	18.592	30.524	0	34.613
swarm_56_152.pdb	16.762	26.273	0	34.295
swarm_3_151.pdb	17.576	28.252	0.0340909	34.235
swarm_73_132.pdb	14.748	20.835	0	34.227
swarm_3_175.pdb	4.411	4.751	0.375	34.114
swarm_2_57.pdb	17.244	25.501	0	34.007
swarm_70_27.pdb	18.126	29.639	0	33.653
swarm_82_185.pdb	12.198	25.324	0.0681818	33.434
swarm_12_146.pdb	6.703	8.774	0.0454545	33.363
swarm_64_184.pdb	18.930	30.181	0	33.357
swarm_67_177.pdb	16.053	26.725	0	33.296
swarm_56_92.pdb	15.079	24.196	0	33.290
swarm_34_119.pdb	19.904	31.972	0	32.933
swarm_23_43.pdb	19.387	29.891	0	32.877
swarm_56_177.pdb	16.200	25.631	0	32.871
swarm_49_0.pdb	14.853	25.295	0.0681818	32.866
swarm_2_198.pdb	17.818	26.214	0	32.654
swarm_12_127.pdb	6.543	9.976	0.215909	32.592
swarm_29_26.pdb	16.054	26.461	0	32.429
swarm_23_20.pdb	9.234	20.129	0.0454545	32.279
swarm_12_39.pdb	15.468	23.445	0	32.261
swarm_34_115.pdb	17.167	26.848	0	32.205
swarm_80_64.pdb	17.000	26.629	0	32.054
swarm_49_198.pdb	13.637	27.340	0.0454545	32.026
swarm_80_99.pdb	18.760	28.503	0	32.021
swarm_12_96.pdb	13.942	25.366	0.0568182	32.015
swarm_55_125.pdb	14.158	19.374	0	31.982
swarm_24_104.pdb	17.340	29.132	0	31.864
swarm_77_53.pdb	16.622	24.882	0	31.716
swarm_54_49.pdb	16.170	27.426	0	31.673
swarm_0_100.pdb	16.731	27.788	0.0340909	31.665
swarm_15_165.pdb	16.617	31.887	0.0227273	31.647
swarm_70_36.pdb	18.672	28.632	0	31.556
swarm_77_86.pdb	15.976	22.739	0	31.463
swarm_69_31.pdb	17.908	27.303	0	31.455
swarm_82_36.pdb	12.245	22.400	0.0909091	31.431
swarm_5_148.pdb	18.021	28.978	0	31.166
swarm_48_183.pdb	18.620	29.287	0.0454545	31.118
swarm_48_113.pdb	15.610	27.647	0.0568182	30.983
swarm_55_83.pdb	17.960	28.644	0.0568182	30.877
swarm_71_101.pdb	18.534	29.718	0.0454545	30.874
swarm_52_195.pdb	10.284	22.876	0.0681818	30.819
swarm_2_21.pdb	18.620	28.851	0	30.446
swarm_25_199.pdb	5.727	7.215	0.0909091	30.440
swarm_49_68.pdb	15.377	27.823	0.0340909	30.422
swarm_55_64.pdb	16.033	25.186	0	30.386
swarm_56_162.pdb	20.466	33.159	0.0340909	30.268
swarm_49_84.pdb	18.282	28.435	0	30.263
swarm_54_162.pdb	17.194	26.987	0	30.182
swarm_34_122.pdb	18.017	28.600	0.0227273	30.133
swarm_71_90.pdb	17.382	24.738	0	29.382
swarm_16_1.pdb	13.198	25.842	0.113636	29.377
swarm_69_60.pdb	19.712	32.300	0.0454545	29.278
swarm_29_139.pdb	16.336	23.759	0	29.126
swarm_77_74.pdb	17.727	26.534	0	29.120
swarm_3_27.pdb	13.301	23.002	0.0454545	28.960
swarm_67_83.pdb	16.125	25.820	0	28.814
swarm_10_52.pdb	16.701	33.803	0.0568182	28.780
swarm_80_180.pdb	18.548	28.157	0	28.611
swarm_24_163.pdb	18.360	28.993	0	28.575
swarm_78_137.pdb	17.463	26.641	0.0113636	28.550
swarm_3_47.pdb	15.721	23.149	0	28.515
swarm_67_21.pdb	10.583	18.618	0.0227273	28.447
swarm_25_73.pdb	13.433	17.791	0	28.381
swarm_55_28.pdb	14.588	21.949	0	28.330
swarm_24_36.pdb	16.386	25.317	0	28.268
swarm_29_35.pdb	16.899	26.208	0	28.096
swarm_49_143.pdb	17.320	27.419	0	28.072
swarm_48_143.pdb	18.728	29.625	0	28.068
swarm_67_172.pdb	5.905	12.117	0.306818	27.960
swarm_70_196.pdb	16.904	26.963	0	27.915
swarm_80_111.pdb	13.794	24.621	0.0909091	27.787
swarm_6_109.pdb	12.824	21.827	0.0227273	27.690
swarm_25_6.pdb	15.682	22.597	0	27.645
swarm_34_183.pdb	12.333	22.754	0.0227273	27.500
swarm_73_158.pdb	19.320	29.757	0	27.463
swarm_71_91.pdb	14.363	24.746	0.0227273	27.439
swarm_6_87.pdb	10.317	16.316	0	27.404
swarm_3_80.pdb	18.887	29.656	0.0227273	27.208
swarm_71_125.pdb	16.931	27.816	0.0454545	27.142
swarm_78_121.pdb	18.427	28.429	0.0227273	27.102
swarm_24_76.pdb	10.404	20.691	0.136364	27.019
swarm_66_65.pdb	9.188	18.299	0.0568182	26.949
swarm_77_58.pdb	15.732	23.586	0	26.901
swarm_80_40.pdb	10.197	13.625	0	26.774
swarm_78_115.pdb	15.015	27.177	0.0795455	26.562
swarm_34_142.pdb	16.888	28.293	0.0113636	26.422
swarm_5_153.pdb	14.604	21.781	0	26.305
swarm_34_23.pdb	16.068	22.936	0	26.223
swarm_74_121.pdb	15.046	29.585	0	26.128
swarm_25_178.pdb	16.097	25.488	0	26.110
swarm_73_133.pdb	16.832	27.656	0.0454545	26.097
swarm_56_147.pdb	13.547	23.654	0.102273	26.080
swarm_82_137.pdb	17.652	27.732	0	25.984
swarm_67_155.pdb	10.302	18.759	0.0795455	25.983
swarm_49_157.pdb	16.394	29.714	0.0568182	25.980
swarm_25_107.pdb	15.218	26.017	0.0113636	25.957
swarm_71_35.pdb	13.838	19.228	0	25.881
swarm_69_122.pdb	15.437	30.304	0	25.818
swarm_23_170.pdb	14.051	25.443	0.0795455	25.732
swarm_16_120.pdb	14.285	23.640	0	25.635
swarm_34_193.pdb	19.938	30.456	0.0227273	25.629
swarm_67_187.pdb	17.118	24.769	0	25.607
swarm_3_157.pdb	10.517	14.664	0	25.444
swarm_29_31.pdb	10.718	17.140	0	25.439
swarm_5_198.pdb	19.176	32.411	0	25.392
swarm_48_99.pdb	17.833	28.067	0	25.367
swarm_25_94.pdb	9.328	17.115	0.0454545	25.288
swarm_0_68.pdb	17.837	26.961	0	25.164
swarm_0_126.pdb	13.586	24.844	0	25.141
swarm_55_99.pdb	14.963	24.203	0	25.130
swarm_22_71.pdb	12.718	25.452	0.0113636	25.125
swarm_41_186.pdb	9.269	18.944	0	25.075
swarm_77_152.pdb	13.831	20.763	0	25.071
swarm_27_151.pdb	18.802	29.151	0	25.038
swarm_23_175.pdb	17.773	29.787	0.0227273	24.965
swarm_24_191.pdb	16.766	27.502	0	24.905
swarm_78_93.pdb	15.945	24.340	0	24.702
swarm_38_124.pdb	18.228	32.793	0	24.571
swarm_3_155.pdb	16.605	25.381	0	24.560
swarm_65_88.pdb	16.422	23.222	0	24.515
swarm_4_109.pdb	11.622	21.225	0.0340909	24.468
swarm_6_150.pdb	9.692	19.181	0.102273	24.453
swarm_34_156.pdb	14.799	21.020	0	24.256
swarm_27_50.pdb	7.119	19.296	0.136364	24.245
swarm_82_163.pdb	17.683	29.644	0	24.240
swarm_54_75.pdb	15.113	24.678	0	24.195
swarm_49_91.pdb	18.429	28.870	0	24.176
swarm_16_182.pdb	6.986	14.231	0.0340909	24.066
swarm_78_2.pdb	17.407	27.131	0	24.035
swarm_79_126.pdb	13.452	34.039	0.0454545	24.013
swarm_41_124.pdb	16.500	27.645	0	23.994
swarm_68_192.pdb	19.185	30.812	0	23.930
swarm_65_83.pdb	17.477	31.301	0.0568182	23.877
swarm_10_50.pdb	16.621	30.528	0	23.732
swarm_3_24.pdb	17.498	26.485	0	23.638
swarm_68_70.pdb	15.117	27.250	0	23.626
swarm_77_45.pdb	9.561	23.715	0.102273	23.601
swarm_48_36.pdb	15.052	27.253	0.113636	23.472
swarm_24_128.pdb	19.326	36.282	0.0681818	23.174
swarm_70_111.pdb	18.152	28.037	0	23.129
swarm_65_107.pdb	14.163	23.517	0.0113636	23.128
swarm_61_26.pdb	18.298	31.128	0.0227273	22.951
swarm_69_35.pdb	13.105	23.510	0	22.929
swarm_4_95.pdb	7.589	14.370	0.0568182	22.795
swarm_2_38.pdb	17.543	28.043	0	22.738
swarm_56_156.pdb	18.475	29.873	0.0227273	22.691
swarm_10_79.pdb	18.267	37.351	0.0681818	22.631
swarm_73_68.pdb	14.066	20.053	0	22.474
swarm_6_86.pdb	13.853	21.104	0	22.447
swarm_16_50.pdb	16.802	28.987	0	22.386
swarm_61_7.pdb	19.805	34.744	0.0113636	22.332
swarm_23_136.pdb	13.793	19.315	0	22.147
swarm_4_52.pdb	17.313	28.777	0	22.041
swarm_69_40.pdb	12.413	22.370	0	21.772
swarm_49_89.pdb	15.628	25.126	0	21.678
swarm_4_117.pdb	14.480	19.756	0	21.673
swarm_77_63.pdb	11.384	16.976	0	21.489
swarm_1_7.pdb	7.339	17.299	0.0454545	21.423
swarm_12_38.pdb	16.534	25.821	0	21.348
swarm_41_189.pdb	17.817	28.937	0	21.295
swarm_56_165.pdb	17.031	27.116	0	21.278
swarm_29_183.pdb	17.318	29.844	0	21.255
swarm_10_195.pdb	19.411	34.653	0	21.066
swarm_51_20.pdb	19.721	33.654	0.0340909	21.024
swarm_67_2.pdb	18.932	28.981	0	20.831
swarm_70_3.pdb	17.557	26.476	0	20.705
swarm_6_42.pdb	15.974	26.451	0.0227273	20.446
swarm_12_122.pdb	17.121	25.388	0	20.004
swarm_73_137.pdb	17.629	26.224	0	19.720
swarm_34_61.pdb	7.136	11.627	0.0795455	19.613
swarm_1_157.pdb	16.239	30.127	0	19.599
swarm_66_9.pdb	18.321	31.216	0	19.509
swarm_23_154.pdb	17.468	25.314	0	19.467
swarm_6_59.pdb	16.899	28.517	0.0113636	19.268
swarm_51_60.pdb	18.677	31.027	0.0568182	19.195
swarm_80_31.pdb	16.560	24.771	0	18.832
swarm_65_151.pdb	16.220	25.288	0	18.773
swarm_68_67.pdb	19.454	30.072	0	18.305
swarm_78_158.pdb	15.175	26.868	0.0227273	18.275
swarm_3_123.pdb	19.126	30.696	0.0113636	18.171
swarm_52_52.pdb	17.778	28.098	0	17.828
swarm_78_142.pdb	18.350	27.650	0	17.820
swarm_74_181.pdb	17.206	27.639	0	16.971
swarm_12_9.pdb	16.400	25.559	0	16.925
swarm_66_95.pdb	14.912	28.619	0.0454545	16.310
swarm_78_173.pdb	16.761	27.444	0.0568182	15.788
swarm_78_195.pdb	18.336	30.691	0.0454545	14.789
swarm_55_138.pdb	18.542	28.677	0	14.163
swarm_15_126.pdb	19.209	36.272	0.0454545	11.657
swarm_69_71.pdb	14.082	21.703	0	11.578
swarm_67_20.pdb	19.201	28.956	0	10.680
swarm_55_45.pdb	9.578	16.693	0.0909091	7.850
swarm_55_113.pdb	20.082	31.547	0	6.559
swarm_1_8.pdb	15.926	31.842	0.113636	5.803
swarm_12_169.pdb	16.083	26.226	0	2.977
swarm_48_118.pdb	7.805	19.593	0.0909091	0.179
