swarm_39_121.pdb	4.554	5.154	0.647727	88.442
swarm_3_86.pdb	4.306	4.632	0.727273	81.524
swarm_28_59.pdb	4.148	2.337	0.636364	75.732
swarm_4_191.pdb	4.046	3.253	0.738636	74.232
swarm_0_189.pdb	4.360	3.651	0.511364	70.790
swarm_45_79.pdb	4.305	4.701	0.511364	69.963
swarm_42_102.pdb	4.190	4.858	0.704545	69.290
swarm_48_37.pdb	4.256	5.177	0.659091	65.533
swarm_41_79.pdb	4.170	4.430	0.636364	64.996
swarm_47_165.pdb	4.019	1.695	0.556818	63.719
swarm_44_112.pdb	4.434	4.898	0.511364	63.307
swarm_37_31.pdb	4.426	5.175	0.511364	62.945
swarm_26_58.pdb	4.241	4.065	0.590909	60.219
swarm_2_38.pdb	4.360	3.202	0.318182	60.000
swarm_49_87.pdb	4.493	6.281	0.5	57.975
swarm_25_154.pdb	4.386	5.442	0.590909	55.884
swarm_35_37.pdb	4.395	6.222	0.693182	54.312
swarm_1_196.pdb	5.558	7.127	0.102273	49.775
swarm_8_86.pdb	6.378	11.646	0.0681818	49.400
swarm_34_99.pdb	8.190	19.741	0.0113636	47.934
swarm_28_96.pdb	5.919	14.485	0.227273	46.885
swarm_14_82.pdb	5.254	9.053	0.386364	45.398
swarm_33_86.pdb	6.913	18.429	0.0909091	45.201
swarm_16_169.pdb	5.292	9.892	0.465909	44.903
swarm_11_157.pdb	9.802	21.772	0	44.559
swarm_25_64.pdb	6.590	15.779	0.0568182	43.738
swarm_4_57.pdb	5.471	11.006	0.227273	43.193
swarm_24_181.pdb	10.843	24.834	0	42.772
swarm_14_28.pdb	9.294	17.109	0	42.131
swarm_4_119.pdb	6.351	12.475	0.0681818	41.688
swarm_44_182.pdb	10.313	21.575	0	41.487
swarm_35_10.pdb	6.995	19.137	0.125	41.073
swarm_31_68.pdb	5.647	9.485	0.0795455	40.048
swarm_2_85.pdb	5.650	12.261	0.215909	39.923
swarm_11_143.pdb	11.185	25.570	0	38.997
swarm_38_150.pdb	7.105	21.646	0.147727	38.425
swarm_21_192.pdb	9.300	16.030	0	37.804
swarm_39_153.pdb	6.525	9.426	0.0568182	37.698
swarm_13_146.pdb	8.295	17.332	0.0113636	37.694
swarm_38_113.pdb	10.178	21.495	0	37.494
swarm_30_141.pdb	6.580	17.617	0.0227273	37.440
swarm_37_71.pdb	6.979	11.630	0.0340909	36.626
swarm_45_161.pdb	5.687	11.683	0.113636	36.350
swarm_38_75.pdb	6.041	13.624	0.0909091	36.128
swarm_39_162.pdb	7.564	18.890	0.136364	35.951
swarm_31_67.pdb	6.483	16.025	0.147727	35.859
swarm_49_91.pdb	7.904	20.321	0.0113636	35.410
swarm_19_62.pdb	10.228	23.177	0	35.052
swarm_9_89.pdb	11.056	27.651	0	34.417
swarm_1_34.pdb	10.018	21.081	0.0113636	33.504
swarm_45_130.pdb	9.404	15.965	0	32.675
swarm_11_194.pdb	6.840	15.863	0.102273	32.517
swarm_30_161.pdb	6.790	17.829	0.193182	32.375
swarm_36_96.pdb	11.502	29.338	0	32.234
swarm_21_17.pdb	5.677	11.628	0.261364	32.076
swarm_34_107.pdb	5.894	11.626	0.113636	31.747
swarm_0_169.pdb	9.149	15.792	0	30.593
swarm_29_82.pdb	7.110	14.807	0.0454545	30.548
swarm_7_31.pdb	14.593	46.558	0	30.342
swarm_17_128.pdb	10.510	25.666	0	29.915
swarm_18_117.pdb	9.067	23.622	0	29.855
swarm_34_116.pdb	10.900	28.523	0	29.531
swarm_42_138.pdb	5.895	12.246	0.136364	28.856
swarm_32_187.pdb	7.231	15.636	0.0340909	28.363
swarm_18_118.pdb	11.433	29.522	0	27.864
swarm_2_133.pdb	7.036	13.979	0.0227273	27.461
swarm_43_143.pdb	13.117	41.352	0.0113636	27.305
swarm_13_140.pdb	10.968	24.523	0.0113636	27.294
swarm_33_166.pdb	7.491	25.960	0.0227273	26.967
swarm_30_108.pdb	8.243	17.409	0.0340909	26.687
swarm_43_183.pdb	12.793	36.438	0	26.369
swarm_1_22.pdb	7.397	15.472	0.0340909	26.208
swarm_8_69.pdb	10.008	23.597	0.0113636	25.226
swarm_38_174.pdb	10.364	28.689	0	25.078
swarm_16_129.pdb	10.472	19.053	0	24.821
swarm_33_183.pdb	8.160	19.566	0.0227273	24.809
swarm_27_140.pdb	8.236	16.600	0.0454545	24.678
swarm_37_91.pdb	6.011	15.605	0.215909	24.349
swarm_31_11.pdb	6.250	12.929	0.0681818	24.292
swarm_20_156.pdb	11.328	27.833	0	24.125
swarm_7_148.pdb	12.640	36.329	0	23.562
swarm_21_36.pdb	10.059	24.372	0	23.175
swarm_12_75.pdb	11.419	35.608	0.0454545	22.830
swarm_12_174.pdb	12.260	40.231	0	22.795
swarm_4_198.pdb	8.350	13.387	0	22.151
swarm_9_124.pdb	13.868	41.641	0	22.132
swarm_31_93.pdb	9.922	21.363	0.0340909	21.425
swarm_9_152.pdb	12.178	32.687	0	20.687
swarm_43_64.pdb	12.827	42.195	0	20.239
swarm_32_111.pdb	9.883	24.985	0.0681818	20.199
swarm_2_78.pdb	7.083	10.890	0.0340909	20.072
swarm_17_79.pdb	12.077	34.289	0.0113636	19.156
swarm_5_79.pdb	12.994	29.941	0.0113636	19.030
swarm_27_111.pdb	11.824	26.183	0.0113636	18.282
swarm_40_192.pdb	12.286	43.092	0	18.006
swarm_6_194.pdb	12.319	21.445	0.0113636	17.922
swarm_40_37.pdb	12.942	44.517	0	17.131
swarm_12_99.pdb	14.214	43.800	0	17.082
swarm_15_104.pdb	14.386	32.627	0.0113636	16.572
swarm_47_150.pdb	6.064	16.703	0.0681818	15.806
swarm_6_76.pdb	10.013	26.564	0.0227273	15.560
swarm_20_91.pdb	11.919	31.500	0.0113636	15.469
swarm_29_103.pdb	8.772	26.297	0.0227273	15.407
swarm_6_178.pdb	11.751	30.940	0	15.036
swarm_15_39.pdb	12.345	32.961	0.0113636	14.928
swarm_6_97.pdb	10.950	31.991	0.0113636	14.820
swarm_37_108.pdb	8.771	17.506	0.0454545	14.378
swarm_29_119.pdb	10.531	27.583	0.0227273	13.555
swarm_10_101.pdb	13.928	40.093	0	13.527
swarm_27_130.pdb	12.127	33.150	0.0113636	13.347
swarm_15_25.pdb	12.378	35.547	0.0454545	13.024
swarm_46_149.pdb	13.174	44.533	0	12.684
swarm_6_174.pdb	14.757	36.856	0	12.590
swarm_6_197.pdb	13.379	38.412	0	12.471
swarm_33_2.pdb	11.210	30.889	0	12.459
swarm_15_134.pdb	13.538	39.338	0	11.828
swarm_23_188.pdb	15.239	44.309	0.0113636	10.871
swarm_23_2.pdb	12.821	40.989	0.0113636	10.319
swarm_18_172.pdb	14.307	39.186	0	9.319
swarm_10_13.pdb	12.437	39.263	0.0113636	7.929
swarm_20_6.pdb	10.451	31.442	0	7.371
swarm_23_132.pdb	11.697	35.999	0	6.884
swarm_27_116.pdb	9.854	29.035	0.0454545	6.349
swarm_23_134.pdb	11.480	33.845	0.0681818	6.118
swarm_5_15.pdb	10.105	29.796	0.0227273	4.964
swarm_27_128.pdb	10.704	31.969	0.0454545	2.632
swarm_3_8.pdb	9.083	20.721	0.0113636	2.482
swarm_17_59.pdb	9.303	27.464	0.0113636	0.015
