swarm_76_0.pdb	4.867	7.710	0.636364	51.127
swarm_82_194.pdb	5.678	9.267	0.386364	39.408
swarm_12_91.pdb	5.320	10.428	0.420455	36.874
swarm_75_133.pdb	4.839	10.035	0.420455	35.417
swarm_78_53.pdb	5.686	8.368	0.170455	34.456
swarm_5_56.pdb	5.868	9.293	0.136364	31.804
swarm_58_120.pdb	6.833	12.150	0.0454545	30.455
swarm_70_69.pdb	5.134	12.066	0.238636	30.398
swarm_83_157.pdb	5.785	9.146	0.227273	29.973
swarm_72_83.pdb	7.092	11.045	0.0227273	26.546
swarm_49_100.pdb	10.676	16.659	0	25.857
swarm_6_166.pdb	6.090	9.413	0.329545	25.832
swarm_19_15.pdb	8.013	14.904	0.0113636	25.537
swarm_79_176.pdb	12.172	19.677	0	25.335
swarm_72_124.pdb	11.075	19.548	0	25.315
swarm_2_111.pdb	15.692	26.571	0	25.132
swarm_56_68.pdb	14.417	20.620	0	25.062
swarm_64_47.pdb	10.683	17.525	0	24.251
swarm_70_147.pdb	13.202	20.266	0	24.200
swarm_0_139.pdb	15.304	24.640	0	24.110
swarm_23_75.pdb	14.647	21.285	0	23.864
swarm_8_99.pdb	7.807	13.099	0.0113636	23.628
swarm_56_40.pdb	11.814	18.588	0	23.495
swarm_83_105.pdb	11.727	17.844	0	23.276
swarm_12_86.pdb	12.245	19.545	0	22.976
swarm_78_118.pdb	7.734	13.132	0.136364	22.605
swarm_82_23.pdb	13.148	22.891	0.0340909	22.125
swarm_34_195.pdb	11.783	18.641	0	21.804
swarm_76_107.pdb	12.165	20.509	0	21.734
swarm_0_179.pdb	12.654	22.133	0.0227273	21.584
swarm_79_32.pdb	14.212	21.345	0	21.498
swarm_29_104.pdb	14.432	30.741	0	20.614
swarm_29_140.pdb	11.558	30.196	0	20.573
swarm_53_175.pdb	11.596	26.381	0	19.035
swarm_6_195.pdb	12.432	19.781	0	18.869
swarm_28_184.pdb	10.969	25.085	0	18.850
swarm_6_141.pdb	11.881	19.301	0	18.512
swarm_62_58.pdb	11.933	24.502	0	17.956
swarm_5_157.pdb	12.139	21.058	0	17.552
swarm_2_128.pdb	11.977	21.629	0	17.523
swarm_3_70.pdb	6.151	13.586	0.272727	16.550
swarm_58_13.pdb	11.033	25.254	0	15.832
swarm_68_116.pdb	9.016	18.816	0.0113636	14.904
swarm_4_118.pdb	12.212	18.734	0	14.248
swarm_1_193.pdb	12.508	21.572	0	13.685
swarm_70_94.pdb	7.105	10.400	0.0795455	12.370
swarm_75_98.pdb	8.390	16.505	0.0681818	11.123
swarm_70_43.pdb	7.628	11.290	0.0909091	10.873
swarm_3_187.pdb	8.700	13.999	0.0454545	9.209
swarm_1_85.pdb	8.629	11.632	0	0.295
