swarm_13_115.pdb	7.435	16.449	0	31.885
swarm_13_95.pdb	10.276	18.952	0	31.082
swarm_17_150.pdb	9.934	18.762	0	30.794
swarm_29_28.pdb	7.935	19.833	0.0588235	30.680
swarm_28_59.pdb	7.421	15.539	0.0294118	30.372
swarm_11_154.pdb	8.139	16.537	0.117647	29.805
swarm_38_195.pdb	7.854	19.787	0	29.701
swarm_27_80.pdb	9.016	18.160	0	29.419
swarm_33_20.pdb	6.664	12.621	0	29.121
swarm_41_30.pdb	8.598	15.640	0	28.928
swarm_33_81.pdb	9.540	17.841	0	28.274
swarm_3_93.pdb	7.564	17.735	0	27.691
swarm_2_37.pdb	7.226	16.048	0	27.472
swarm_16_119.pdb	7.367	17.356	0	27.244
swarm_17_50.pdb	6.619	15.517	0.0588235	26.859
swarm_4_183.pdb	8.205	18.722	0	26.808
swarm_3_37.pdb	10.096	19.847	0	26.630
swarm_13_73.pdb	8.318	17.754	0.0294118	26.291
swarm_35_70.pdb	8.704	17.151	0.0882353	26.101
swarm_9_1.pdb	7.544	14.709	0	25.995
swarm_36_163.pdb	8.941	18.688	0	25.876
swarm_27_195.pdb	6.717	13.950	0	25.863
swarm_24_28.pdb	10.966	23.797	0.0882353	25.840
swarm_22_58.pdb	5.038	14.049	0.0294118	25.653
swarm_38_53.pdb	9.885	17.989	0	25.469
swarm_24_21.pdb	7.759	19.963	0	25.447
swarm_4_54.pdb	9.521	21.956	0	25.425
swarm_2_139.pdb	10.677	20.768	0.0882353	25.341
swarm_2_154.pdb	12.245	25.007	0	25.256
swarm_21_42.pdb	8.404	17.497	0.0294118	25.212
swarm_9_26.pdb	8.743	15.899	0.0294118	25.169
swarm_31_197.pdb	8.844	17.806	0.0588235	25.123
swarm_31_125.pdb	8.476	14.689	0	25.097
swarm_30_17.pdb	7.375	17.350	0	24.844
swarm_41_157.pdb	9.977	17.291	0	24.776
swarm_21_162.pdb	8.175	15.089	0	24.655
swarm_29_158.pdb	7.624	17.996	0.0882353	24.613
swarm_13_50.pdb	6.752	15.846	0.0294118	24.473
swarm_7_59.pdb	8.572	19.491	0.0588235	24.430
swarm_28_136.pdb	7.013	18.136	0.0882353	24.357
swarm_17_145.pdb	8.183	19.681	0	24.177
swarm_27_93.pdb	6.154	15.283	0.0882353	24.130
swarm_35_99.pdb	8.787	19.050	0.0882353	23.956
swarm_10_92.pdb	10.304	20.394	0	23.921
swarm_30_21.pdb	6.472	13.325	0	23.908
swarm_31_91.pdb	6.585	12.254	0	23.813
swarm_3_84.pdb	8.389	22.195	0.0882353	23.766
swarm_14_141.pdb	8.504	21.233	0	23.565
swarm_28_74.pdb	10.404	19.379	0	23.525
swarm_28_184.pdb	9.579	17.374	0	23.364
swarm_0_61.pdb	13.064	34.023	0	23.305
swarm_27_11.pdb	10.083	18.944	0	23.184
swarm_13_97.pdb	7.366	13.658	0	23.102
swarm_31_194.pdb	8.102	17.589	0	23.070
swarm_10_90.pdb	10.286	24.407	0	23.065
swarm_41_173.pdb	8.912	16.149	0.147059	22.948
swarm_27_82.pdb	9.256	17.628	0	22.928
swarm_14_73.pdb	8.261	20.595	0	22.909
swarm_38_101.pdb	9.508	22.917	0	22.857
swarm_35_131.pdb	9.443	17.265	0.117647	22.850
swarm_5_89.pdb	9.562	16.580	0	22.845
swarm_17_127.pdb	10.225	20.076	0	22.798
swarm_35_23.pdb	8.096	16.467	0	22.784
swarm_8_58.pdb	10.064	18.320	0	22.725
swarm_14_79.pdb	6.994	19.394	0.0588235	22.602
swarm_16_36.pdb	7.538	20.034	0	22.598
swarm_22_149.pdb	9.755	17.065	0	22.555
swarm_35_97.pdb	10.426	18.018	0	22.547
swarm_9_58.pdb	8.516	19.922	0	22.392
swarm_9_42.pdb	11.411	19.588	0	22.388
swarm_3_14.pdb	7.290	18.341	0	22.379
swarm_30_120.pdb	10.982	21.173	0	22.371
swarm_9_50.pdb	8.849	18.894	0.0588235	22.348
swarm_21_65.pdb	10.820	18.543	0	22.314
swarm_27_22.pdb	9.647	17.153	0	22.242
swarm_8_158.pdb	11.206	17.340	0	22.162
swarm_8_123.pdb	9.396	17.954	0	22.147
swarm_38_7.pdb	11.722	20.099	0	22.045
swarm_9_136.pdb	8.012	17.394	0.0294118	22.006
swarm_13_155.pdb	1.856	8.447	0.588235	21.969
swarm_21_71.pdb	12.881	23.626	0	21.951
swarm_36_35.pdb	12.259	22.362	0	21.845
swarm_27_155.pdb	9.170	16.434	0	21.779
swarm_8_157.pdb	8.721	18.996	0.0882353	21.721
swarm_24_88.pdb	8.424	23.905	0.0294118	21.495
swarm_14_20.pdb	7.907	14.135	0	21.479
swarm_33_19.pdb	8.351	21.503	0	21.386
swarm_7_117.pdb	9.516	15.191	0	21.343
swarm_36_48.pdb	7.909	20.394	0	21.233
swarm_29_38.pdb	8.994	21.494	0	21.227
swarm_4_138.pdb	10.168	18.347	0	21.194
swarm_13_67.pdb	5.114	16.406	0	21.190
swarm_5_61.pdb	8.358	16.376	0	21.004
swarm_10_153.pdb	8.673	20.355	0	20.961
swarm_4_53.pdb	8.382	19.135	0.0294118	20.930
swarm_9_172.pdb	9.493	17.498	0	20.928
swarm_22_10.pdb	9.364	18.913	0	20.891
swarm_40_40.pdb	10.002	30.915	0	20.823
swarm_38_139.pdb	6.973	12.733	0.264706	20.774
swarm_30_182.pdb	9.640	18.056	0	20.629
swarm_16_49.pdb	9.480	16.873	0	20.585
swarm_41_29.pdb	9.943	17.649	0	20.557
swarm_7_137.pdb	6.727	17.291	0.0882353	20.277
swarm_36_124.pdb	10.786	26.581	0	20.261
swarm_7_2.pdb	9.752	22.940	0	20.235
swarm_14_25.pdb	9.041	24.121	0	20.234
swarm_31_29.pdb	9.342	17.422	0	20.206
swarm_29_108.pdb	3.062	7.491	0.294118	20.165
swarm_16_111.pdb	10.541	21.978	0	20.137
swarm_21_150.pdb	9.107	19.076	0.0294118	20.087
swarm_28_43.pdb	10.774	17.854	0	19.999
swarm_24_130.pdb	10.850	25.771	0	19.996
swarm_33_17.pdb	10.711	18.658	0	19.990
swarm_29_126.pdb	8.037	18.337	0	19.976
swarm_29_20.pdb	9.739	18.264	0	19.928
swarm_22_73.pdb	9.459	27.097	0	19.819
swarm_17_94.pdb	9.132	20.675	0	19.806
swarm_21_69.pdb	9.396	19.756	0	19.793
swarm_22_72.pdb	9.905	20.390	0.0294118	19.702
swarm_10_85.pdb	8.670	28.510	0.147059	19.667
swarm_30_102.pdb	10.953	19.048	0	19.616
swarm_30_101.pdb	8.951	18.490	0.117647	19.607
swarm_37_44.pdb	10.075	29.735	0	19.595
swarm_31_20.pdb	9.935	19.966	0	19.575
swarm_30_133.pdb	9.156	16.908	0	19.547
swarm_4_9.pdb	9.504	18.153	0	19.500
swarm_36_50.pdb	8.884	19.094	0.0294118	19.454
swarm_38_48.pdb	7.062	17.423	0	19.418
swarm_33_3.pdb	8.588	15.062	0.176471	19.260
swarm_35_168.pdb	6.345	19.056	0.0294118	19.253
swarm_16_10.pdb	11.216	20.509	0	19.145
swarm_7_189.pdb	7.951	18.443	0	19.055
swarm_11_112.pdb	3.576	9.722	0.294118	18.905
swarm_13_185.pdb	9.054	16.936	0	18.902
swarm_21_76.pdb	9.103	18.307	0	18.853
swarm_13_165.pdb	5.928	18.137	0.147059	18.829
swarm_11_41.pdb	9.615	21.838	0	18.758
swarm_39_130.pdb	11.270	25.586	0.0588235	18.728
swarm_4_78.pdb	11.471	20.053	0	18.590
swarm_39_180.pdb	12.043	24.532	0	18.545
swarm_29_71.pdb	5.665	10.734	0.0294118	18.521
swarm_22_28.pdb	10.790	22.876	0	18.502
swarm_41_124.pdb	4.684	12.543	0.0294118	18.480
swarm_17_78.pdb	7.128	18.919	0.0882353	18.407
swarm_44_82.pdb	8.997	20.380	0	18.338
swarm_7_182.pdb	11.763	21.581	0	18.325
swarm_32_70.pdb	12.167	21.856	0	18.325
swarm_7_158.pdb	9.151	19.126	0.0294118	18.298
swarm_35_170.pdb	10.925	19.580	0	18.111
swarm_32_193.pdb	7.960	24.805	0	18.087
swarm_21_50.pdb	9.596	16.673	0	18.061
swarm_30_104.pdb	8.917	17.936	0	18.037
swarm_14_24.pdb	9.456	23.477	0	17.934
swarm_5_76.pdb	8.492	16.993	0.0588235	17.877
swarm_11_187.pdb	6.066	10.305	0.117647	17.847
swarm_7_141.pdb	10.238	24.357	0	17.793
swarm_16_34.pdb	9.051	23.194	0.117647	17.771
swarm_32_131.pdb	5.414	11.694	0.235294	17.750
swarm_38_175.pdb	2.193	5.409	0.441176	17.697
swarm_16_24.pdb	10.279	22.077	0	17.625
swarm_21_39.pdb	11.185	19.126	0	17.594
swarm_16_71.pdb	10.061	20.835	0	17.585
swarm_8_1.pdb	9.988	18.282	0	17.511
swarm_7_111.pdb	8.773	16.010	0	17.489
swarm_12_75.pdb	14.557	34.635	0	17.488
swarm_17_99.pdb	11.309	18.690	0	17.416
swarm_24_169.pdb	8.698	25.938	0	17.402
swarm_16_86.pdb	4.460	9.516	0.264706	17.383
swarm_10_33.pdb	9.098	20.275	0	17.382
swarm_37_16.pdb	11.132	26.796	0.0588235	17.255
swarm_9_17.pdb	9.926	21.450	0	17.245
swarm_22_103.pdb	10.362	21.183	0.0294118	17.240
swarm_38_187.pdb	11.489	19.139	0	17.218
swarm_32_156.pdb	8.489	22.055	0.0294118	17.213
swarm_4_58.pdb	7.320	16.933	0.0588235	17.200
swarm_36_97.pdb	9.143	20.239	0	17.188
swarm_14_113.pdb	7.413	15.338	0.0588235	17.033
swarm_44_171.pdb	8.782	17.550	0	16.924
swarm_27_87.pdb	9.496	16.676	0	16.848
swarm_18_31.pdb	11.237	22.706	0	16.844
swarm_14_147.pdb	10.794	23.793	0	16.792
swarm_30_115.pdb	6.276	19.337	0.0882353	16.775
swarm_41_2.pdb	8.250	18.003	0.0588235	16.767
swarm_15_154.pdb	9.788	19.927	0	16.707
swarm_4_94.pdb	7.116	21.373	0.0588235	16.626
swarm_17_46.pdb	4.525	11.247	0.352941	16.566
swarm_13_16.pdb	10.447	16.345	0	16.555
swarm_13_75.pdb	9.773	17.783	0.147059	16.407
swarm_2_116.pdb	10.072	28.223	0.0294118	16.401
swarm_35_182.pdb	10.207	17.628	0	16.396
swarm_0_55.pdb	12.452	28.111	0	16.380
swarm_19_54.pdb	10.818	21.225	0	16.275
swarm_32_152.pdb	10.324	24.872	0.0882353	16.133
swarm_36_88.pdb	8.337	24.674	0	16.075
swarm_5_35.pdb	9.546	18.458	0	16.072
swarm_26_48.pdb	8.633	31.545	0.0294118	15.982
swarm_32_45.pdb	9.562	17.244	0	15.952
swarm_35_120.pdb	10.275	18.615	0	15.861
swarm_26_137.pdb	11.018	28.766	0	15.683
swarm_29_113.pdb	8.312	14.361	0.0294118	15.682
swarm_11_38.pdb	10.379	18.464	0	15.666
swarm_29_116.pdb	9.543	19.831	0	15.614
swarm_11_123.pdb	11.151	19.500	0.0294118	15.581
swarm_14_44.pdb	5.332	13.457	0.264706	15.533
swarm_31_193.pdb	7.318	12.996	0.176471	15.522
swarm_29_96.pdb	8.131	19.390	0	15.521
swarm_7_94.pdb	6.902	22.228	0	15.448
swarm_10_191.pdb	10.231	25.388	0.176471	15.373
swarm_16_9.pdb	13.782	26.775	0	15.342
swarm_7_85.pdb	10.638	25.770	0	15.338
swarm_11_132.pdb	9.664	19.319	0	15.316
swarm_11_46.pdb	7.018	11.778	0	15.244
swarm_33_63.pdb	6.284	20.553	0.0588235	15.209
swarm_36_122.pdb	8.613	24.901	0	15.181
swarm_2_129.pdb	4.728	16.149	0.0588235	15.164
swarm_0_21.pdb	12.574	26.387	0	15.146
swarm_22_137.pdb	8.838	16.396	0	15.127
swarm_5_12.pdb	7.565	13.273	0.147059	15.101
swarm_24_7.pdb	8.050	25.681	0	15.042
swarm_32_33.pdb	11.224	19.153	0	14.966
swarm_7_115.pdb	10.177	18.980	0	14.947
swarm_19_30.pdb	11.558	25.033	0	14.879
swarm_8_184.pdb	10.583	22.093	0	14.838
swarm_28_156.pdb	7.504	23.655	0.0294118	14.725
swarm_10_154.pdb	13.140	29.745	0	14.609
swarm_19_109.pdb	10.419	22.243	0	14.600
swarm_20_7.pdb	12.911	29.058	0	14.562
swarm_26_53.pdb	10.146	31.654	0.0588235	14.559
swarm_17_5.pdb	6.401	21.078	0	14.250
swarm_26_131.pdb	8.843	31.048	0.0882353	14.227
swarm_12_136.pdb	9.595	28.771	0	14.206
swarm_40_43.pdb	14.355	40.170	0	14.019
swarm_12_58.pdb	11.478	29.456	0	13.963
swarm_39_27.pdb	9.788	25.281	0	13.836
swarm_2_123.pdb	6.995	17.595	0	13.836
swarm_15_48.pdb	13.331	28.259	0	13.788
swarm_15_118.pdb	9.505	22.116	0	13.784
swarm_39_158.pdb	12.176	29.627	0	13.782
swarm_4_91.pdb	11.381	22.356	0	13.750
swarm_38_114.pdb	4.124	9.115	0.147059	13.641
swarm_13_59.pdb	10.998	22.113	0.0588235	13.587
swarm_43_25.pdb	13.892	36.614	0	13.559
swarm_3_127.pdb	6.832	21.585	0	13.497
swarm_0_26.pdb	14.341	28.691	0	13.440
swarm_32_142.pdb	8.908	21.001	0	13.273
swarm_4_189.pdb	10.733	21.908	0	13.271
swarm_10_79.pdb	10.008	28.033	0.0294118	13.185
swarm_29_193.pdb	12.728	20.721	0	13.097
swarm_36_63.pdb	10.995	19.878	0	13.086
swarm_9_135.pdb	8.329	15.277	0.176471	13.023
swarm_9_151.pdb	8.060	19.748	0	12.980
swarm_8_85.pdb	9.687	22.229	0.0294118	12.938
swarm_7_66.pdb	6.917	20.496	0.0882353	12.909
swarm_39_28.pdb	10.635	26.545	0	12.898
swarm_19_159.pdb	9.253	27.262	0.0294118	12.861
swarm_20_172.pdb	12.485	31.912	0	12.751
swarm_18_199.pdb	14.612	24.308	0	12.539
swarm_32_0.pdb	8.720	24.235	0	12.448
swarm_22_84.pdb	4.366	10.647	0.147059	12.259
swarm_11_134.pdb	12.924	19.738	0	12.126
swarm_5_48.pdb	10.372	21.388	0	12.011
swarm_35_65.pdb	10.776	19.211	0	12.003
swarm_17_168.pdb	9.626	22.644	0	11.986
swarm_10_84.pdb	11.967	29.728	0	11.873
swarm_37_48.pdb	11.251	34.615	0.0882353	11.860
swarm_35_52.pdb	5.828	10.778	0.176471	11.860
swarm_22_42.pdb	12.037	21.113	0	11.768
swarm_44_3.pdb	13.424	23.700	0	11.734
swarm_11_15.pdb	8.962	18.615	0	11.696
swarm_18_36.pdb	14.422	27.930	0	11.397
swarm_34_36.pdb	8.373	32.168	0	11.350
swarm_7_196.pdb	9.515	23.183	0.0882353	11.166
swarm_18_103.pdb	15.285	30.757	0	10.953
swarm_43_109.pdb	11.858	38.072	0	10.825
swarm_3_182.pdb	9.475	24.541	0.0882353	10.797
swarm_38_161.pdb	6.429	12.800	0.0294118	10.746
swarm_23_5.pdb	12.945	44.612	0	10.729
swarm_37_64.pdb	9.906	28.198	0	10.688
swarm_44_56.pdb	9.400	22.849	0.0294118	10.658
swarm_32_120.pdb	8.398	21.435	0.0588235	10.583
swarm_9_20.pdb	8.751	19.025	0.0882353	10.094
swarm_21_154.pdb	10.819	23.725	0	9.906
swarm_35_27.pdb	5.286	11.506	0.117647	9.852
swarm_18_171.pdb	12.657	29.823	0	9.832
swarm_35_21.pdb	6.567	11.511	0.0588235	9.417
swarm_15_104.pdb	8.163	24.166	0.0294118	8.554
swarm_30_103.pdb	8.656	16.261	0	7.060
swarm_31_121.pdb	9.898	21.561	0	6.838
swarm_24_199.pdb	14.247	34.429	0	6.220
swarm_38_55.pdb	8.751	18.438	0	5.259
swarm_2_85.pdb	10.130	20.783	0	4.808
swarm_31_168.pdb	12.704	22.899	0	4.753
swarm_18_67.pdb	7.237	25.377	0.0294118	2.275
swarm_14_173.pdb	8.685	18.801	0.0588235	0.633
swarm_25_123.pdb	15.232	39.103	0	0.002
