swarm_10_57.pdb	1.570	6.962	0.617647	49.365
swarm_7_122.pdb	1.422	6.593	0.558824	49.301
swarm_17_35.pdb	1.379	5.864	0.647059	48.914
swarm_4_146.pdb	1.425	5.822	0.647059	47.624
swarm_1_98.pdb	1.622	7.180	0.617647	47.129
swarm_2_176.pdb	1.490	6.088	0.617647	46.824
swarm_11_138.pdb	1.923	10.012	0.5	46.304
swarm_8_108.pdb	1.877	8.457	0.558824	43.848
swarm_15_172.pdb	2.044	9.559	0.529412	41.828
swarm_9_134.pdb	1.597	4.841	0.558824	41.070
swarm_13_50.pdb	1.650	7.488	0.617647	40.625
swarm_6_155.pdb	2.202	10.987	0.529412	38.367
swarm_17_86.pdb	4.048	16.431	0.323529	35.420
swarm_12_68.pdb	2.775	11.681	0.352941	34.176
swarm_1_153.pdb	2.907	12.148	0.294118	34.075
swarm_5_44.pdb	1.256	4.524	0.558824	33.303
swarm_16_106.pdb	7.617	13.066	0	33.230
swarm_4_176.pdb	3.793	14.766	0.323529	33.021
swarm_2_177.pdb	3.492	13.788	0.323529	30.839
swarm_3_107.pdb	1.649	5.841	0.676471	30.359
swarm_9_63.pdb	3.426	13.545	0.323529	29.703
swarm_0_72.pdb	1.333	3.176	0.558824	29.271
swarm_0_113.pdb	2.947	10.167	0.352941	28.894
swarm_14_190.pdb	1.620	7.148	0.558824	28.277
swarm_18_81.pdb	3.640	15.033	0.352941	27.262
swarm_11_141.pdb	3.634	11.094	0.147059	26.323
swarm_8_19.pdb	5.047	23.527	0.0882353	24.804
swarm_3_147.pdb	4.068	17.238	0.294118	23.857
swarm_4_93.pdb	5.048	8.312	0.0882353	23.259
swarm_5_87.pdb	3.898	16.766	0.0882353	22.686
swarm_13_83.pdb	5.973	11.851	0.0588235	22.431
swarm_1_72.pdb	5.308	10.010	0.0882353	22.338
swarm_13_19.pdb	4.742	18.033	0.205882	21.435
swarm_16_146.pdb	4.077	16.624	0.205882	21.196
swarm_16_86.pdb	2.046	9.658	0.352941	20.431
swarm_5_92.pdb	5.569	16.530	0.0588235	20.145
swarm_14_74.pdb	5.618	10.311	0.0882353	19.006
swarm_7_146.pdb	6.121	13.903	0.147059	18.842
swarm_9_33.pdb	5.943	10.497	0.0294118	18.641
swarm_16_69.pdb	5.170	16.036	0.117647	17.788
swarm_0_56.pdb	5.429	8.780	0.0588235	17.739
swarm_18_120.pdb	1.731	5.995	0.294118	17.651
swarm_15_153.pdb	2.029	8.181	0.294118	17.413
swarm_17_51.pdb	4.957	8.687	0.0294118	16.806
swarm_10_83.pdb	5.695	11.638	0.117647	16.776
swarm_11_92.pdb	4.767	16.190	0.0882353	16.671
swarm_18_195.pdb	5.313	13.182	0.176471	16.349
swarm_3_34.pdb	4.881	14.514	0.117647	15.748
swarm_0_184.pdb	5.652	13.450	0.0294118	15.188
swarm_12_171.pdb	6.591	24.169	0	14.110
swarm_11_30.pdb	6.003	20.585	0.0882353	13.943
swarm_12_22.pdb	9.054	21.653	0	13.903
swarm_0_74.pdb	4.703	16.037	0.117647	13.719
swarm_6_194.pdb	7.291	18.521	0.117647	12.156
swarm_5_150.pdb	5.500	11.194	0.117647	12.109
swarm_7_144.pdb	6.405	16.118	0.0588235	11.449
swarm_7_36.pdb	6.792	11.393	0	8.915
swarm_0_48.pdb	7.574	19.135	0.0588235	7.117
swarm_5_195.pdb	7.169	16.223	0	6.139
swarm_14_161.pdb	8.723	15.803	0	3.351
swarm_5_96.pdb	4.193	15.760	0.205882	2.342
swarm_1_198.pdb	5.520	11.305	0.0588235	2.151
swarm_12_183.pdb	9.786	28.911	0	2.055
