swarm_100_176.pdb	9.083	17.496	0.0294118	29.893
swarm_100_172.pdb	7.364	16.972	0.0294118	28.104
swarm_84_196.pdb	7.621	14.359	0.0588235	27.072
swarm_79_114.pdb	9.394	18.116	0.0294118	26.573
swarm_44_45.pdb	10.985	20.230	0	26.086
swarm_98_128.pdb	9.401	19.063	0	26.058
swarm_68_142.pdb	6.985	16.693	0	25.760
swarm_42_46.pdb	8.648	17.616	0.0588235	25.294
swarm_87_184.pdb	9.860	19.199	0	24.993
swarm_101_171.pdb	9.720	17.446	0	24.376
swarm_103_47.pdb	7.715	15.328	0.0294118	23.975
swarm_103_54.pdb	9.546	19.614	0	23.805
swarm_61_170.pdb	8.122	20.986	0.0588235	23.688
swarm_80_39.pdb	10.725	19.451	0	23.590
swarm_65_159.pdb	8.372	22.930	0.0588235	23.525
swarm_103_193.pdb	7.295	15.391	0	23.453
swarm_66_53.pdb	7.395	22.491	0.0294118	23.447
swarm_103_126.pdb	8.285	15.509	0	23.043
swarm_95_163.pdb	10.261	18.538	0	22.747
swarm_69_169.pdb	9.349	18.991	0	22.609
swarm_64_135.pdb	9.597	18.630	0.0294118	22.364
swarm_95_172.pdb	8.685	19.189	0	22.326
swarm_59_12.pdb	7.669	18.246	0	22.191
swarm_98_22.pdb	8.098	14.206	0	22.148
swarm_95_121.pdb	9.016	20.641	0.0882353	21.953
swarm_69_184.pdb	9.885	19.212	0	21.800
swarm_59_116.pdb	9.213	16.450	0	21.510
swarm_79_55.pdb	10.236	23.686	0.0882353	21.359
swarm_68_154.pdb	12.180	21.473	0	21.172
swarm_44_177.pdb	9.054	15.653	0	21.141
swarm_29_65.pdb	8.663	18.096	0.0588235	21.010
swarm_97_141.pdb	9.825	24.917	0	20.975
swarm_103_31.pdb	13.044	26.708	0	20.949
swarm_66_140.pdb	8.760	22.341	0	20.757
swarm_89_13.pdb	9.444	21.397	0	20.703
swarm_76_37.pdb	10.727	21.008	0	20.699
swarm_40_72.pdb	11.695	29.208	0	20.420
swarm_102_91.pdb	10.154	22.755	0	20.208
swarm_27_97.pdb	12.099	23.581	0	20.202
swarm_84_30.pdb	7.722	16.267	0	20.016
swarm_80_25.pdb	11.252	24.739	0	19.906
swarm_103_171.pdb	8.443	16.952	0	19.856
swarm_84_68.pdb	7.915	17.732	0	19.704
swarm_84_168.pdb	8.545	25.306	0.0294118	19.674
swarm_101_132.pdb	8.116	20.136	0.0588235	19.584
swarm_93_111.pdb	12.352	35.252	0	19.528
swarm_102_77.pdb	9.420	23.055	0	19.435
swarm_64_55.pdb	9.127	20.718	0	19.267
swarm_88_38.pdb	8.134	23.300	0.0588235	19.251
swarm_69_6.pdb	11.009	21.534	0	19.239
swarm_37_7.pdb	14.423	40.233	0	18.784
swarm_88_70.pdb	8.226	16.268	0	18.718
swarm_100_71.pdb	9.315	20.811	0	18.548
swarm_17_128.pdb	12.708	29.255	0	18.194
swarm_98_177.pdb	9.724	21.749	0	18.070
swarm_98_35.pdb	4.674	11.548	0.294118	18.007
swarm_97_108.pdb	7.810	18.453	0	18.004
swarm_90_113.pdb	9.605	22.154	0	17.968
swarm_68_141.pdb	9.274	19.630	0.117647	17.938
swarm_78_193.pdb	9.365	18.955	0	17.656
swarm_70_110.pdb	12.642	26.525	0	17.611
swarm_103_39.pdb	5.093	12.943	0.117647	17.603
swarm_54_139.pdb	11.711	27.839	0	17.566
swarm_64_46.pdb	8.712	17.358	0	17.487
swarm_97_153.pdb	9.669	20.512	0	17.459
swarm_68_153.pdb	8.926	22.195	0	17.406
swarm_101_40.pdb	8.564	23.653	0.0588235	17.148
swarm_44_156.pdb	8.627	20.931	0	16.881
swarm_78_0.pdb	6.900	19.270	0.0294118	16.796
swarm_84_172.pdb	10.558	23.036	0	16.701
swarm_76_181.pdb	10.055	18.704	0	16.675
swarm_54_125.pdb	15.691	34.325	0	16.578
swarm_71_25.pdb	9.030	18.540	0	16.464
swarm_101_185.pdb	8.204	21.994	0	16.454
swarm_82_80.pdb	9.715	23.743	0.0588235	16.449
swarm_71_54.pdb	12.483	24.434	0	16.397
swarm_62_119.pdb	9.839	23.193	0	16.388
swarm_78_118.pdb	11.575	19.208	0	16.285
swarm_93_57.pdb	10.463	28.412	0	16.192
swarm_97_116.pdb	7.411	13.169	0	16.184
swarm_54_34.pdb	11.415	22.780	0	16.182
swarm_27_63.pdb	8.134	23.725	0.0294118	16.169
swarm_89_3.pdb	10.989	31.641	0	16.037
swarm_60_81.pdb	7.729	27.251	0	15.935
swarm_14_167.pdb	8.554	14.148	0	15.926
swarm_33_141.pdb	8.879	26.651	0.147059	15.924
swarm_67_132.pdb	9.937	22.441	0.0294118	15.798
swarm_10_142.pdb	12.204	24.957	0	15.297
swarm_84_158.pdb	10.478	20.820	0.0294118	15.262
swarm_90_100.pdb	9.429	25.852	0.0588235	15.260
swarm_44_98.pdb	5.830	16.845	0.352941	15.224
swarm_87_86.pdb	8.233	21.363	0.0882353	15.220
swarm_32_92.pdb	9.033	22.239	0	14.669
swarm_32_117.pdb	9.084	22.886	0.0588235	14.505
swarm_88_193.pdb	4.386	15.841	0.0882353	14.394
swarm_98_189.pdb	8.645	20.808	0	14.293
swarm_10_16.pdb	8.655	23.586	0.0588235	14.189
swarm_9_61.pdb	15.924	46.890	0	14.163
swarm_64_41.pdb	12.163	24.714	0	14.011
swarm_101_176.pdb	11.830	22.352	0.0294118	13.818
swarm_95_43.pdb	9.701	17.036	0	13.695
swarm_67_145.pdb	9.957	20.416	0	13.657
swarm_26_137.pdb	17.175	46.211	0	13.421
swarm_59_107.pdb	8.691	17.258	0.0882353	12.736
swarm_57_142.pdb	17.573	46.208	0	12.382
swarm_42_65.pdb	10.742	19.097	0	12.318
swarm_103_22.pdb	6.794	23.424	0.0882353	11.906
swarm_76_112.pdb	11.321	18.927	0	11.904
swarm_100_58.pdb	9.833	21.912	0	11.638
swarm_27_22.pdb	9.106	18.334	0	11.498
swarm_43_19.pdb	10.999	27.225	0.0588235	11.426
swarm_102_112.pdb	9.336	19.804	0	10.867
swarm_88_13.pdb	10.743	28.253	0	10.132
swarm_27_83.pdb	13.126	27.875	0	9.480
swarm_87_44.pdb	9.557	20.506	0	9.448
swarm_64_13.pdb	9.667	24.956	0	7.672
swarm_32_67.pdb	14.067	32.106	0	7.577
swarm_95_138.pdb	11.531	21.330	0	7.470
swarm_98_37.pdb	5.690	16.953	0.0294118	6.416
swarm_33_40.pdb	12.507	26.920	0	5.691
swarm_22_92.pdb	12.540	23.986	0	5.365
swarm_101_93.pdb	10.268	18.296	0	4.797
swarm_101_75.pdb	10.523	22.540	0.0294118	4.485
swarm_100_137.pdb	10.520	22.802	0	2.984
swarm_28_100.pdb	9.865	35.769	0	2.571
swarm_89_162.pdb	10.896	29.071	0	2.318
swarm_48_139.pdb	18.533	47.749	0	1.739
swarm_88_198.pdb	8.096	26.832	0.0294118	0.882
swarm_100_173.pdb	10.393	19.950	0	0.642
