swarm_22_71.pdb	8.769	18.111	0.0588235	30.020
swarm_100_176.pdb	9.083	17.496	0.0294118	29.893
swarm_16_120.pdb	8.845	17.723	0.0588235	29.406
swarm_22_54.pdb	9.491	17.838	0	28.727
swarm_100_172.pdb	7.364	16.972	0.0294118	28.104
swarm_41_136.pdb	9.981	25.408	0.0294118	27.815
swarm_46_52.pdb	10.327	18.628	0	27.705
swarm_2_152.pdb	9.980	18.016	0.0294118	27.308
swarm_33_100.pdb	8.427	15.122	0	27.246
swarm_84_196.pdb	7.621	14.359	0.0588235	27.072
swarm_35_193.pdb	8.911	18.190	0	26.747
swarm_7_56.pdb	9.471	18.974	0	26.694
swarm_79_114.pdb	9.394	18.116	0.0294118	26.573
swarm_40_123.pdb	7.533	14.437	0.0294118	26.554
swarm_28_11.pdb	11.384	42.741	0	26.504
swarm_33_68.pdb	9.451	17.521	0	26.445
swarm_29_130.pdb	7.029	13.600	0.0882353	26.439
swarm_32_152.pdb	7.765	18.658	0.0588235	26.366
swarm_17_90.pdb	9.239	18.113	0	26.343
swarm_37_119.pdb	7.296	15.855	0.0294118	26.271
swarm_44_45.pdb	10.985	20.230	0	26.086
swarm_98_128.pdb	9.401	19.063	0	26.058
swarm_68_142.pdb	6.985	16.693	0	25.760
swarm_10_101.pdb	10.881	19.591	0	25.743
swarm_13_41.pdb	11.526	43.256	0	25.678
swarm_33_46.pdb	8.673	17.719	0.0588235	25.467
swarm_29_161.pdb	7.508	16.325	0.0294118	25.454
swarm_42_46.pdb	8.648	17.616	0.0588235	25.294
swarm_7_64.pdb	8.336	19.235	0	25.122
swarm_50_41.pdb	7.143	15.317	0.0294118	25.003
swarm_87_184.pdb	9.860	19.199	0	24.993
swarm_4_127.pdb	8.001	20.355	0.0588235	24.970
swarm_6_130.pdb	9.581	15.222	0	24.556
swarm_33_192.pdb	6.517	13.643	0	24.434
swarm_13_9.pdb	7.430	18.952	0.0294118	24.379
swarm_101_171.pdb	9.720	17.446	0	24.376
swarm_9_54.pdb	12.271	29.933	0	24.229
swarm_23_188.pdb	13.804	42.712	0	24.152
swarm_16_33.pdb	7.203	15.970	0.0882353	24.010
swarm_103_47.pdb	7.715	15.328	0.0294118	23.975
swarm_38_11.pdb	12.290	43.136	0	23.851
swarm_16_65.pdb	9.194	20.205	0.0294118	23.818
swarm_103_54.pdb	9.546	19.614	0	23.805
swarm_61_170.pdb	8.122	20.986	0.0588235	23.688
swarm_20_42.pdb	16.396	42.513	0	23.688
swarm_17_49.pdb	8.923	17.476	0	23.688
swarm_10_76.pdb	7.915	14.746	0	23.651
swarm_80_39.pdb	10.725	19.451	0	23.590
swarm_17_11.pdb	11.757	28.796	0	23.572
swarm_65_159.pdb	8.372	22.930	0.0588235	23.525
swarm_10_82.pdb	11.930	18.949	0	23.456
swarm_103_193.pdb	7.295	15.391	0	23.453
swarm_66_53.pdb	7.395	22.491	0.0294118	23.447
swarm_16_156.pdb	9.420	27.631	0	23.444
swarm_3_20.pdb	8.159	19.166	0.117647	23.424
swarm_19_13.pdb	9.390	19.803	0	23.418
swarm_29_147.pdb	10.827	19.955	0	23.364
swarm_24_167.pdb	13.676	32.485	0	23.318
swarm_3_198.pdb	8.424	15.608	0	23.309
swarm_31_31.pdb	13.297	36.332	0	23.222
swarm_28_24.pdb	11.020	22.121	0.0294118	23.206
swarm_16_28.pdb	8.568	15.586	0	23.204
swarm_42_170.pdb	10.054	16.268	0	23.134
swarm_36_92.pdb	15.080	43.125	0	23.129
swarm_103_126.pdb	8.285	15.509	0	23.043
swarm_16_149.pdb	12.008	22.536	0	23.034
swarm_38_152.pdb	11.162	32.177	0	22.996
swarm_13_173.pdb	11.349	33.346	0.0294118	22.898
swarm_42_123.pdb	9.465	16.155	0	22.892
swarm_29_166.pdb	6.120	14.581	0	22.809
swarm_7_12.pdb	10.080	17.811	0	22.794
swarm_16_125.pdb	12.636	27.308	0	22.778
swarm_95_163.pdb	10.261	18.538	0	22.747
swarm_36_128.pdb	14.068	33.379	0	22.694
swarm_1_128.pdb	16.457	48.385	0	22.669
swarm_8_73.pdb	13.881	43.115	0	22.630
swarm_69_169.pdb	9.349	18.991	0	22.609
swarm_9_76.pdb	13.034	45.254	0	22.606
swarm_22_174.pdb	11.760	22.811	0	22.597
swarm_12_169.pdb	13.047	44.487	0	22.533
swarm_18_19.pdb	7.016	14.814	0.0294118	22.524
swarm_2_26.pdb	12.601	23.688	0	22.502
swarm_7_98.pdb	8.477	15.014	0.0294118	22.434
swarm_32_91.pdb	8.856	15.534	0	22.434
swarm_5_11.pdb	10.000	17.686	0	22.424
swarm_6_57.pdb	11.562	42.758	0	22.367
swarm_64_135.pdb	9.597	18.630	0.0294118	22.364
swarm_50_187.pdb	6.326	17.993	0.0294118	22.340
swarm_95_172.pdb	8.685	19.189	0	22.326
swarm_26_71.pdb	11.142	28.514	0.0588235	22.322
swarm_35_53.pdb	10.164	23.737	0	22.319
swarm_46_199.pdb	7.715	15.296	0	22.313
swarm_20_39.pdb	11.411	19.508	0	22.292
swarm_16_104.pdb	5.616	13.201	0.117647	22.287
swarm_10_195.pdb	10.494	18.853	0	22.280
swarm_42_122.pdb	10.842	16.766	0	22.259
swarm_41_33.pdb	8.771	18.506	0	22.253
swarm_59_12.pdb	7.669	18.246	0	22.191
swarm_35_163.pdb	12.974	30.507	0	22.150
swarm_98_22.pdb	8.098	14.206	0	22.148
swarm_9_23.pdb	13.706	34.630	0	22.147
swarm_33_23.pdb	8.054	14.031	0.0294118	22.080
swarm_24_102.pdb	13.600	33.425	0	22.037
swarm_21_181.pdb	12.416	31.487	0	21.970
swarm_95_121.pdb	9.016	20.641	0.0882353	21.953
swarm_32_10.pdb	10.491	31.780	0	21.939
swarm_9_198.pdb	7.707	30.940	0.0294118	21.917
swarm_4_64.pdb	17.369	47.848	0	21.913
swarm_42_66.pdb	9.040	19.148	0	21.865
swarm_18_162.pdb	9.784	17.182	0	21.857
swarm_24_10.pdb	11.047	25.862	0	21.801
swarm_69_184.pdb	9.885	19.212	0	21.800
swarm_9_162.pdb	14.295	43.218	0	21.793
swarm_27_157.pdb	7.300	18.842	0	21.764
swarm_33_74.pdb	9.558	17.068	0.0294118	21.758
swarm_14_70.pdb	13.511	47.791	0	21.743
swarm_49_127.pdb	14.311	42.892	0	21.710
swarm_3_49.pdb	11.201	17.880	0	21.710
swarm_11_65.pdb	9.667	17.640	0	21.675
swarm_19_15.pdb	11.683	21.075	0	21.665
swarm_3_159.pdb	10.329	23.086	0.0588235	21.610
swarm_36_41.pdb	15.037	44.727	0	21.593
swarm_44_156.pdb	13.886	29.431	0	21.576
swarm_26_71.pdb	5.475	13.462	0	21.547
swarm_27_141.pdb	13.850	40.125	0	21.513
swarm_25_61.pdb	11.077	29.182	0	21.513
swarm_59_116.pdb	9.213	16.450	0	21.510
swarm_50_59.pdb	10.175	17.751	0	21.477
swarm_11_193.pdb	11.665	35.557	0	21.452
swarm_11_153.pdb	10.490	19.058	0	21.372
swarm_79_55.pdb	10.236	23.686	0.0882353	21.359
swarm_17_62.pdb	12.047	30.327	0.0588235	21.320
swarm_30_88.pdb	13.006	26.744	0	21.308
swarm_27_137.pdb	12.345	31.121	0	21.265
swarm_40_46.pdb	9.756	17.471	0	21.243
swarm_7_126.pdb	9.880	19.442	0.0882353	21.208
swarm_32_70.pdb	10.827	30.280	0.0294118	21.196
swarm_68_154.pdb	12.180	21.473	0	21.172
swarm_36_102.pdb	14.604	45.305	0	21.167
swarm_44_177.pdb	9.054	15.653	0	21.141
swarm_42_173.pdb	8.455	19.062	0.0294118	21.127
swarm_14_147.pdb	14.904	44.671	0	21.104
swarm_11_5.pdb	7.893	15.263	0.176471	21.091
swarm_18_155.pdb	7.032	15.178	0.205882	21.073
swarm_10_69.pdb	8.203	16.323	0	21.041
swarm_19_185.pdb	8.446	14.801	0	21.023
swarm_43_138.pdb	10.233	22.221	0	21.012
swarm_29_65.pdb	8.663	18.096	0.0588235	21.010
swarm_12_155.pdb	12.610	33.142	0	21.010
swarm_44_82.pdb	10.894	33.354	0	20.997
swarm_97_141.pdb	9.825	24.917	0	20.975
swarm_40_194.pdb	9.729	16.789	0	20.972
swarm_5_1.pdb	9.272	19.660	0	20.955
swarm_103_31.pdb	13.044	26.708	0	20.949
swarm_10_36.pdb	12.739	22.682	0	20.930
swarm_1_70.pdb	12.092	25.755	0	20.928
swarm_14_152.pdb	12.236	27.199	0	20.921
swarm_41_92.pdb	9.517	19.499	0	20.908
swarm_50_98.pdb	6.062	14.039	0	20.813
swarm_66_140.pdb	8.760	22.341	0	20.757
swarm_89_13.pdb	9.444	21.397	0	20.703
swarm_76_37.pdb	10.727	21.008	0	20.699
swarm_46_61.pdb	9.152	17.777	0.0882353	20.650
swarm_21_27.pdb	12.141	29.234	0	20.627
swarm_32_130.pdb	7.139	12.800	0	20.587
swarm_6_82.pdb	11.281	21.834	0	20.580
swarm_16_151.pdb	9.928	21.829	0	20.517
swarm_38_83.pdb	13.371	40.676	0	20.511
swarm_25_73.pdb	13.841	33.781	0	20.466
swarm_10_135.pdb	13.689	28.327	0	20.455
swarm_13_196.pdb	10.839	17.020	0	20.444
swarm_40_72.pdb	11.695	29.208	0	20.420
swarm_24_74.pdb	14.772	42.363	0	20.403
swarm_38_161.pdb	12.857	30.048	0	20.397
swarm_24_33.pdb	9.510	20.669	0.0882353	20.370
swarm_30_58.pdb	9.219	33.473	0.0294118	20.295
swarm_45_193.pdb	11.265	32.747	0	20.247
swarm_102_91.pdb	10.154	22.755	0	20.208
swarm_18_89.pdb	12.646	27.487	0	20.205
swarm_27_97.pdb	12.099	23.581	0	20.202
swarm_5_72.pdb	14.262	30.592	0	20.162
swarm_18_34.pdb	11.049	19.909	0	20.146
swarm_14_89.pdb	13.983	44.239	0	20.139
swarm_32_50.pdb	7.967	24.327	0.0882353	20.132
swarm_16_64.pdb	11.442	28.583	0.0588235	20.124
swarm_4_49.pdb	11.068	28.348	0	20.099
swarm_26_86.pdb	8.413	17.068	0	20.097
swarm_1_33.pdb	9.807	16.829	0	20.084
swarm_84_30.pdb	7.722	16.267	0	20.016
swarm_14_177.pdb	9.255	29.254	0	19.963
swarm_18_31.pdb	12.587	22.061	0	19.958
swarm_22_92.pdb	9.651	16.809	0	19.956
swarm_5_162.pdb	9.213	16.842	0	19.949
swarm_80_25.pdb	11.252	24.739	0	19.906
swarm_18_193.pdb	7.026	23.011	0.117647	19.906
swarm_46_141.pdb	8.029	15.325	0.0882353	19.903
swarm_5_83.pdb	11.153	19.780	0	19.895
swarm_27_76.pdb	9.014	16.415	0	19.883
swarm_103_171.pdb	8.443	16.952	0	19.856
swarm_25_6.pdb	12.572	30.710	0	19.834
swarm_35_156.pdb	11.487	20.907	0	19.787
swarm_13_75.pdb	15.130	42.544	0	19.761
swarm_18_9.pdb	7.109	17.685	0.176471	19.733
swarm_7_42.pdb	11.350	19.121	0	19.727
swarm_84_68.pdb	7.915	17.732	0	19.704
swarm_27_54.pdb	12.687	39.245	0	19.676
swarm_84_168.pdb	8.545	25.306	0.0294118	19.674
swarm_28_117.pdb	7.054	12.312	0.264706	19.598
swarm_26_64.pdb	8.399	15.078	0	19.596
swarm_29_111.pdb	4.613	16.485	0.0882353	19.589
swarm_101_132.pdb	8.116	20.136	0.0588235	19.584
swarm_29_47.pdb	7.069	13.079	0	19.571
swarm_93_111.pdb	12.352	35.252	0	19.528
swarm_44_15.pdb	13.381	35.995	0	19.527
swarm_45_36.pdb	14.379	34.597	0	19.481
swarm_8_156.pdb	14.747	44.600	0	19.456
swarm_3_86.pdb	9.027	22.669	0.0294118	19.455
swarm_14_101.pdb	13.743	41.643	0	19.438
swarm_102_77.pdb	9.420	23.055	0	19.435
swarm_18_5.pdb	10.446	17.972	0	19.430
swarm_26_93.pdb	11.022	35.296	0	19.424
swarm_35_25.pdb	2.976	13.377	0.382353	19.423
swarm_33_187.pdb	13.516	39.681	0	19.411
swarm_13_171.pdb	14.274	32.130	0	19.354
swarm_22_183.pdb	7.370	16.761	0	19.338
swarm_64_55.pdb	9.127	20.718	0	19.267
swarm_88_38.pdb	8.134	23.300	0.0588235	19.251
swarm_0_174.pdb	14.780	42.802	0	19.245
swarm_69_6.pdb	11.009	21.534	0	19.239
swarm_50_63.pdb	9.184	16.569	0.147059	19.228
swarm_19_68.pdb	13.961	30.536	0	19.199
swarm_13_112.pdb	12.133	30.328	0.147059	19.187
swarm_6_189.pdb	11.467	22.972	0	19.155
swarm_45_187.pdb	12.677	38.152	0	19.141
swarm_36_153.pdb	13.440	39.656	0	19.120
swarm_0_112.pdb	14.688	42.371	0	19.101
swarm_6_110.pdb	5.784	14.815	0	19.089
swarm_14_116.pdb	9.987	14.937	0	19.023
swarm_19_174.pdb	12.333	21.435	0	19.020
swarm_5_48.pdb	11.115	23.365	0	18.997
swarm_31_152.pdb	12.437	37.300	0	18.968
swarm_0_38.pdb	13.561	42.335	0	18.951
swarm_42_102.pdb	8.937	19.417	0	18.936
swarm_0_35.pdb	14.923	42.718	0	18.925
swarm_10_146.pdb	9.676	19.137	0	18.922
swarm_24_138.pdb	11.610	22.791	0	18.917
swarm_2_48.pdb	11.123	20.068	0	18.904
swarm_19_123.pdb	10.036	19.800	0	18.869
swarm_46_92.pdb	8.906	19.566	0	18.859
swarm_19_7.pdb	6.198	14.584	0	18.856
swarm_13_166.pdb	12.087	34.758	0.0588235	18.823
swarm_39_93.pdb	12.142	34.643	0	18.806
swarm_37_7.pdb	14.423	40.233	0	18.784
swarm_7_72.pdb	9.435	24.236	0.0294118	18.769
swarm_16_10.pdb	10.009	27.534	0	18.769
swarm_9_198.pdb	15.634	48.125	0	18.720
swarm_88_70.pdb	8.226	16.268	0	18.718
swarm_14_153.pdb	6.175	10.335	0.147059	18.714
swarm_14_100.pdb	6.758	11.841	0.264706	18.711
swarm_35_82.pdb	8.559	19.748	0	18.682
swarm_24_22.pdb	9.959	29.919	0	18.663
swarm_36_24.pdb	11.520	34.218	0	18.655
swarm_7_160.pdb	8.661	27.368	0.0294118	18.644
swarm_17_107.pdb	14.598	34.460	0	18.569
swarm_18_140.pdb	9.835	23.965	0.0588235	18.568
swarm_26_132.pdb	9.891	27.746	0	18.561
swarm_16_150.pdb	9.537	31.196	0.0588235	18.556
swarm_100_71.pdb	9.315	20.811	0	18.548
swarm_44_175.pdb	11.127	33.021	0	18.528
swarm_49_131.pdb	13.214	40.527	0	18.507
swarm_47_134.pdb	14.294	43.030	0	18.484
swarm_16_29.pdb	14.630	35.694	0	18.479
swarm_29_193.pdb	13.516	34.863	0	18.442
swarm_18_178.pdb	15.056	27.290	0	18.430
swarm_21_148.pdb	11.075	23.556	0.0294118	18.409
swarm_10_62.pdb	14.042	40.103	0	18.365
swarm_19_104.pdb	6.949	27.521	0.0588235	18.359
swarm_17_118.pdb	13.687	23.514	0	18.342
swarm_34_109.pdb	11.839	34.144	0	18.339
swarm_21_65.pdb	12.843	28.698	0	18.338
swarm_31_28.pdb	10.591	28.016	0	18.329
swarm_16_79.pdb	11.494	33.387	0.0294118	18.321
swarm_3_127.pdb	9.728	17.730	0	18.317
swarm_24_50.pdb	12.317	30.221	0	18.314
swarm_36_108.pdb	14.635	45.709	0	18.291
swarm_8_177.pdb	9.686	26.544	0.0294118	18.290
swarm_28_137.pdb	8.498	23.595	0	18.260
swarm_4_42.pdb	10.645	20.737	0.0294118	18.236
swarm_11_72.pdb	7.763	20.806	0	18.233
swarm_39_76.pdb	12.395	39.108	0	18.226
swarm_23_46.pdb	13.279	43.994	0	18.194
swarm_17_128.pdb	12.708	29.255	0	18.194
swarm_7_120.pdb	9.259	18.744	0	18.143
swarm_41_56.pdb	11.944	36.162	0	18.141
swarm_50_176.pdb	8.539	18.347	0.0294118	18.125
swarm_0_191.pdb	14.388	42.260	0	18.096
swarm_10_110.pdb	12.920	39.364	0	18.095
swarm_98_177.pdb	9.724	21.749	0	18.070
swarm_14_110.pdb	13.009	22.547	0	18.047
swarm_29_79.pdb	7.879	15.715	0.0294118	18.031
swarm_37_178.pdb	5.331	9.855	0.176471	18.015
swarm_98_35.pdb	4.674	11.548	0.294118	18.007
swarm_97_108.pdb	7.810	18.453	0	18.004
swarm_20_115.pdb	11.953	33.674	0	18.000
swarm_5_79.pdb	13.751	31.263	0	17.989
swarm_31_134.pdb	12.630	33.116	0	17.979
swarm_27_41.pdb	7.331	16.512	0.0294118	17.977
swarm_40_82.pdb	11.218	21.082	0	17.973
swarm_31_89.pdb	6.076	25.341	0.0882353	17.972
swarm_90_113.pdb	9.605	22.154	0	17.968
swarm_22_106.pdb	11.549	20.816	0	17.962
swarm_22_40.pdb	10.562	20.519	0.0588235	17.951
swarm_68_141.pdb	9.274	19.630	0.117647	17.938
swarm_34_184.pdb	11.287	33.450	0.0588235	17.936
swarm_7_152.pdb	12.610	19.879	0	17.925
swarm_46_19.pdb	8.547	21.242	0	17.918
swarm_7_48.pdb	6.912	13.940	0.147059	17.907
swarm_11_56.pdb	13.018	21.625	0	17.898
swarm_25_1.pdb	13.012	37.581	0	17.892
swarm_14_70.pdb	12.348	34.629	0	17.884
swarm_3_1.pdb	9.023	18.645	0	17.870
swarm_43_21.pdb	12.806	44.397	0	17.853
swarm_6_191.pdb	13.569	27.315	0	17.847
swarm_13_138.pdb	15.125	35.810	0	17.832
swarm_7_42.pdb	10.992	19.015	0	17.822
swarm_46_173.pdb	5.039	11.529	0.0294118	17.792
swarm_24_166.pdb	8.865	34.481	0	17.745
swarm_2_35.pdb	16.446	44.929	0	17.740
swarm_47_54.pdb	14.255	37.862	0	17.723
swarm_37_93.pdb	11.139	35.239	0	17.715
swarm_40_186.pdb	9.807	25.447	0	17.710
swarm_21_18.pdb	8.716	23.900	0.0294118	17.705
swarm_22_30.pdb	9.446	17.771	0.0588235	17.667
swarm_20_88.pdb	12.508	29.577	0	17.664
swarm_78_193.pdb	9.365	18.955	0	17.656
swarm_28_115.pdb	6.005	16.126	0.0588235	17.635
swarm_22_75.pdb	9.204	23.200	0	17.627
swarm_49_123.pdb	13.354	36.088	0	17.617
swarm_11_197.pdb	8.768	20.964	0	17.612
swarm_70_110.pdb	12.642	26.525	0	17.611
swarm_49_59.pdb	12.051	33.371	0	17.607
swarm_103_39.pdb	5.093	12.943	0.117647	17.603
swarm_29_143.pdb	6.704	18.799	0	17.601
swarm_19_59.pdb	9.009	18.136	0.117647	17.580
swarm_54_139.pdb	11.711	27.839	0	17.566
swarm_39_122.pdb	13.318	36.850	0	17.565
swarm_45_26.pdb	12.887	37.630	0	17.535
swarm_34_175.pdb	13.752	35.436	0	17.508
swarm_7_56.pdb	10.484	19.308	0	17.493
swarm_45_14.pdb	9.864	27.700	0	17.491
swarm_64_46.pdb	8.712	17.358	0	17.487
swarm_97_153.pdb	9.669	20.512	0	17.459
swarm_30_170.pdb	16.231	38.622	0	17.429
swarm_45_126.pdb	11.518	41.270	0	17.409
swarm_68_153.pdb	8.926	22.195	0	17.406
swarm_44_54.pdb	12.987	33.305	0	17.404
swarm_36_110.pdb	14.469	41.149	0	17.384
swarm_3_26.pdb	9.572	24.785	0	17.377
swarm_13_129.pdb	13.646	43.613	0	17.371
swarm_42_108.pdb	9.938	19.071	0	17.352
swarm_5_172.pdb	13.323	25.939	0	17.326
swarm_35_135.pdb	10.637	20.912	0	17.262
swarm_0_150.pdb	16.190	44.122	0	17.252
swarm_18_190.pdb	10.345	31.026	0.0294118	17.248
swarm_24_52.pdb	11.749	31.154	0.0588235	17.197
swarm_4_141.pdb	12.338	22.429	0	17.191
swarm_49_40.pdb	13.904	38.266	0	17.186
swarm_47_146.pdb	13.875	43.569	0	17.186
swarm_19_85.pdb	10.504	20.485	0	17.181
swarm_36_34.pdb	13.119	40.670	0	17.175
swarm_46_110.pdb	8.521	15.506	0.0294118	17.166
swarm_101_40.pdb	8.564	23.653	0.0588235	17.148
swarm_44_112.pdb	11.739	34.411	0	17.142
swarm_41_41.pdb	14.592	32.299	0	17.138
swarm_8_197.pdb	13.760	30.685	0	17.123
swarm_31_149.pdb	15.230	42.062	0	17.123
swarm_6_188.pdb	13.481	42.261	0	17.104
swarm_18_35.pdb	8.380	25.318	0.0294118	17.070
swarm_13_75.pdb	12.411	25.199	0	17.048
swarm_5_130.pdb	11.149	19.990	0	17.043
swarm_21_6.pdb	13.374	24.119	0	17.009
swarm_25_42.pdb	11.168	29.721	0.0294118	16.986
swarm_39_47.pdb	13.679	41.902	0	16.983
swarm_34_66.pdb	11.247	31.515	0	16.965
swarm_47_65.pdb	13.109	37.766	0	16.951
swarm_17_23.pdb	13.517	31.025	0	16.904
swarm_1_139.pdb	10.024	32.808	0.0294118	16.896
swarm_22_43.pdb	9.540	19.018	0	16.895
swarm_24_107.pdb	10.533	48.144	0	16.882
swarm_44_156.pdb	8.627	20.931	0	16.881
swarm_6_92.pdb	9.979	19.148	0	16.877
swarm_5_154.pdb	13.455	29.078	0	16.833
swarm_78_0.pdb	6.900	19.270	0.0294118	16.796
swarm_16_46.pdb	5.902	15.425	0.0588235	16.793
swarm_35_48.pdb	14.469	41.464	0	16.787
swarm_9_158.pdb	16.003	44.152	0	16.778
swarm_16_137.pdb	13.333	35.151	0	16.750
swarm_13_12.pdb	9.317	18.298	0	16.748
swarm_10_185.pdb	10.954	30.009	0	16.734
swarm_35_32.pdb	12.527	28.691	0	16.730
swarm_84_172.pdb	10.558	23.036	0	16.701
swarm_11_91.pdb	9.853	17.624	0	16.700
swarm_76_181.pdb	10.055	18.704	0	16.675
swarm_49_198.pdb	12.476	34.059	0	16.661
swarm_17_9.pdb	12.372	29.644	0	16.646
swarm_1_135.pdb	10.675	21.079	0	16.637
swarm_47_133.pdb	14.051	42.525	0	16.598
swarm_28_67.pdb	10.219	19.870	0	16.594
swarm_54_125.pdb	15.691	34.325	0	16.578
swarm_39_66.pdb	14.284	32.931	0	16.576
swarm_7_168.pdb	7.265	20.446	0.0588235	16.564
swarm_26_56.pdb	12.916	28.916	0	16.558
swarm_7_124.pdb	10.249	29.645	0	16.557
swarm_48_27.pdb	12.169	30.504	0	16.549
swarm_30_40.pdb	12.470	28.895	0	16.547
swarm_24_178.pdb	10.548	27.205	0	16.529
swarm_30_136.pdb	7.918	24.369	0.0588235	16.484
swarm_10_65.pdb	10.123	22.862	0	16.470
swarm_71_25.pdb	9.030	18.540	0	16.464
swarm_16_187.pdb	12.316	29.804	0	16.456
swarm_101_185.pdb	8.204	21.994	0	16.454
swarm_40_140.pdb	13.549	39.356	0	16.450
swarm_82_80.pdb	9.715	23.743	0.0588235	16.449
swarm_5_190.pdb	6.546	19.639	0	16.449
swarm_17_67.pdb	13.621	27.608	0	16.449
swarm_15_90.pdb	13.689	35.862	0	16.423
swarm_3_175.pdb	13.841	37.747	0	16.418
swarm_71_54.pdb	12.483	24.434	0	16.397
swarm_62_119.pdb	9.839	23.193	0	16.388
swarm_14_98.pdb	9.634	19.258	0.147059	16.382
swarm_28_22.pdb	6.455	20.725	0.0294118	16.371
swarm_6_197.pdb	9.385	23.100	0	16.359
swarm_40_30.pdb	9.287	16.422	0	16.356
swarm_35_164.pdb	8.113	20.208	0.0294118	16.350
swarm_40_84.pdb	12.685	22.506	0	16.324
swarm_2_50.pdb	13.275	38.806	0	16.312
swarm_24_58.pdb	11.890	36.460	0	16.302
swarm_78_118.pdb	11.575	19.208	0	16.285
swarm_27_15.pdb	9.692	28.422	0	16.266
swarm_2_66.pdb	13.028	33.752	0	16.238
swarm_11_33.pdb	2.700	8.648	0.411765	16.217
swarm_93_57.pdb	10.463	28.412	0	16.192
swarm_29_68.pdb	9.184	15.943	0	16.190
swarm_11_170.pdb	8.205	22.577	0.0294118	16.186
swarm_97_116.pdb	7.411	13.169	0	16.184
swarm_54_34.pdb	11.415	22.780	0	16.182
swarm_22_118.pdb	11.507	20.676	0	16.182
swarm_16_77.pdb	11.821	30.335	0	16.174
swarm_27_63.pdb	8.134	23.725	0.0294118	16.169
swarm_9_180.pdb	13.878	47.584	0	16.168
swarm_1_59.pdb	11.283	22.215	0	16.167
swarm_7_166.pdb	8.656	18.460	0	16.113
swarm_2_184.pdb	15.001	43.069	0	16.095
swarm_18_114.pdb	10.656	25.508	0	16.079
swarm_41_87.pdb	11.889	38.442	0.0294118	16.073
swarm_16_19.pdb	9.710	28.493	0	16.067
swarm_17_69.pdb	10.444	27.751	0	16.066
swarm_6_171.pdb	7.697	23.815	0.147059	16.059
swarm_89_3.pdb	10.989	31.641	0	16.037
swarm_45_24.pdb	12.487	38.903	0	16.037
swarm_10_170.pdb	10.866	17.343	0	15.987
swarm_36_61.pdb	9.051	43.021	0	15.967
swarm_16_76.pdb	10.767	28.921	0	15.952
swarm_10_21.pdb	7.347	18.881	0	15.936
swarm_60_81.pdb	7.729	27.251	0	15.935
swarm_14_167.pdb	8.554	14.148	0	15.926
swarm_45_82.pdb	13.070	35.089	0	15.924
swarm_33_141.pdb	8.879	26.651	0.147059	15.924
swarm_2_185.pdb	8.403	22.241	0.0294118	15.922
swarm_36_117.pdb	13.188	38.290	0	15.879
swarm_30_186.pdb	13.227	35.968	0	15.864
swarm_5_94.pdb	9.413	21.136	0	15.853
swarm_2_181.pdb	11.615	30.117	0	15.848
swarm_48_124.pdb	10.778	38.818	0	15.847
swarm_24_110.pdb	17.972	38.774	0	15.846
swarm_3_42.pdb	13.856	27.672	0	15.811
swarm_43_117.pdb	13.251	40.135	0	15.805
swarm_67_132.pdb	9.937	22.441	0.0294118	15.798
swarm_19_99.pdb	12.262	24.566	0	15.798
swarm_45_60.pdb	10.831	39.658	0	15.796
swarm_17_126.pdb	14.923	31.878	0	15.776
swarm_7_125.pdb	10.636	18.763	0	15.769
swarm_29_159.pdb	16.600	39.776	0	15.769
swarm_16_149.pdb	6.628	12.341	0.0882353	15.742
swarm_18_102.pdb	7.286	15.614	0.0294118	15.731
swarm_20_145.pdb	14.194	29.760	0	15.691
swarm_33_9.pdb	14.245	43.536	0	15.663
swarm_19_76.pdb	8.245	30.530	0.0294118	15.662
swarm_30_60.pdb	14.202	43.017	0	15.658
swarm_20_37.pdb	11.990	23.437	0	15.658
swarm_12_103.pdb	12.711	34.813	0	15.652
swarm_10_155.pdb	13.623	39.572	0	15.650
swarm_25_92.pdb	16.960	37.508	0	15.649
swarm_22_197.pdb	8.899	24.611	0.0588235	15.638
swarm_14_40.pdb	10.942	27.916	0	15.607
swarm_12_48.pdb	13.012	33.748	0	15.581
swarm_5_86.pdb	11.618	20.202	0	15.580
swarm_21_33.pdb	9.994	25.574	0.0294118	15.577
swarm_36_146.pdb	15.372	43.184	0	15.565
swarm_25_150.pdb	12.679	30.364	0	15.544
swarm_34_95.pdb	11.591	34.738	0	15.542
swarm_23_166.pdb	12.712	36.259	0	15.536
swarm_35_77.pdb	7.813	18.384	0	15.494
swarm_49_106.pdb	11.548	36.173	0.0294118	15.490
swarm_31_108.pdb	7.863	33.319	0.0294118	15.483
swarm_45_147.pdb	11.599	38.924	0	15.477
swarm_34_6.pdb	9.091	42.699	0	15.442
swarm_27_175.pdb	11.284	18.574	0	15.441
swarm_47_106.pdb	12.815	40.617	0	15.440
swarm_24_145.pdb	13.858	37.133	0	15.423
swarm_35_159.pdb	10.493	21.197	0	15.408
swarm_13_18.pdb	9.959	16.822	0	15.404
swarm_25_35.pdb	13.760	37.574	0	15.390
swarm_3_186.pdb	11.176	22.488	0	15.381
swarm_2_82.pdb	8.311	18.491	0.0588235	15.373
swarm_47_157.pdb	11.850	38.900	0	15.364
swarm_21_126.pdb	11.817	27.329	0	15.355
swarm_19_126.pdb	11.035	28.814	0	15.347
swarm_19_117.pdb	10.730	28.256	0	15.337
swarm_16_100.pdb	9.044	17.215	0	15.329
swarm_10_57.pdb	8.684	18.453	0.205882	15.308
swarm_4_13.pdb	11.226	25.239	0	15.304
swarm_10_142.pdb	12.204	24.957	0	15.297
swarm_21_95.pdb	11.264	19.679	0	15.264
swarm_84_158.pdb	10.478	20.820	0.0294118	15.262
swarm_90_100.pdb	9.429	25.852	0.0588235	15.260
swarm_49_24.pdb	12.195	40.546	0	15.258
swarm_2_158.pdb	9.310	46.413	0	15.247
swarm_32_27.pdb	11.928	29.584	0	15.242
swarm_48_18.pdb	14.194	34.610	0	15.234
swarm_9_23.pdb	14.400	34.069	0	15.228
swarm_44_98.pdb	5.830	16.845	0.352941	15.224
swarm_31_40.pdb	11.094	30.729	0	15.221
swarm_87_86.pdb	8.233	21.363	0.0882353	15.220
swarm_9_101.pdb	13.012	35.013	0	15.205
swarm_8_44.pdb	9.383	26.624	0	15.203
swarm_11_150.pdb	10.513	18.262	0	15.199
swarm_23_190.pdb	14.995	42.543	0	15.189
swarm_42_131.pdb	9.184	19.149	0	15.169
swarm_5_162.pdb	9.298	17.454	0	15.164
swarm_47_180.pdb	13.252	38.502	0	15.158
swarm_26_111.pdb	10.171	23.285	0	15.144
swarm_13_146.pdb	11.180	19.854	0	15.086
swarm_34_198.pdb	13.060	34.863	0	15.070
swarm_45_135.pdb	14.847	40.192	0	15.051
swarm_28_161.pdb	16.609	35.975	0	15.047
swarm_37_46.pdb	14.214	34.782	0	15.045
swarm_43_67.pdb	12.339	35.377	0	14.998
swarm_9_35.pdb	8.133	35.751	0	14.961
swarm_38_127.pdb	11.503	35.490	0	14.948
swarm_17_64.pdb	11.030	28.799	0	14.948
swarm_43_183.pdb	12.830	43.800	0	14.942
swarm_12_152.pdb	11.858	40.877	0	14.939
swarm_16_9.pdb	9.513	29.648	0.0294118	14.930
swarm_30_18.pdb	8.439	40.330	0	14.924
swarm_17_35.pdb	8.967	20.465	0	14.923
swarm_17_3.pdb	11.851	36.228	0	14.918
swarm_23_70.pdb	12.443	39.677	0	14.899
swarm_47_28.pdb	13.978	41.340	0	14.869
swarm_13_96.pdb	11.123	27.422	0	14.851
swarm_7_135.pdb	5.975	13.625	0.147059	14.840
swarm_27_114.pdb	13.281	33.414	0	14.801
swarm_26_104.pdb	13.296	30.849	0	14.776
swarm_44_69.pdb	12.548	39.396	0	14.768
swarm_35_181.pdb	7.305	23.165	0.0588235	14.754
swarm_34_112.pdb	8.554	40.379	0	14.745
swarm_34_95.pdb	12.371	39.632	0	14.739
swarm_31_199.pdb	12.019	35.636	0	14.728
swarm_26_158.pdb	11.461	27.354	0	14.723
swarm_44_160.pdb	8.796	40.882	0	14.695
swarm_33_175.pdb	4.473	12.965	0.0588235	14.686
swarm_21_141.pdb	11.214	22.853	0	14.674
swarm_32_92.pdb	9.033	22.239	0	14.669
swarm_12_17.pdb	17.427	47.268	0	14.663
swarm_34_28.pdb	12.447	37.239	0	14.647
swarm_29_146.pdb	8.446	21.855	0	14.594
swarm_7_82.pdb	9.345	18.467	0	14.583
swarm_47_20.pdb	15.412	40.517	0	14.577
swarm_40_45.pdb	7.957	17.767	0.176471	14.567
swarm_34_199.pdb	17.447	44.351	0	14.554
swarm_24_94.pdb	15.017	51.977	0	14.532
swarm_22_81.pdb	10.496	29.412	0	14.520
swarm_32_117.pdb	9.084	22.886	0.0588235	14.505
swarm_21_10.pdb	9.960	29.032	0	14.498
swarm_2_66.pdb	10.986	24.059	0	14.497
swarm_2_165.pdb	14.393	37.998	0	14.486
swarm_4_69.pdb	19.475	48.848	0	14.438
swarm_88_193.pdb	4.386	15.841	0.0882353	14.394
swarm_38_178.pdb	12.218	38.131	0	14.393
swarm_6_10.pdb	5.422	13.523	0.264706	14.351
swarm_24_122.pdb	9.602	18.177	0	14.341
swarm_7_126.pdb	8.100	12.965	0	14.338
swarm_47_58.pdb	14.003	41.917	0	14.335
swarm_35_15.pdb	9.853	25.449	0.0588235	14.319
swarm_3_182.pdb	11.353	37.953	0	14.306
swarm_21_61.pdb	8.389	20.922	0.0294118	14.300
swarm_30_123.pdb	14.662	31.867	0	14.297
swarm_98_189.pdb	8.645	20.808	0	14.293
swarm_3_2.pdb	12.078	35.608	0	14.292
swarm_29_164.pdb	7.724	12.057	0.0294118	14.287
swarm_27_120.pdb	11.355	22.004	0	14.274
swarm_4_2.pdb	10.954	28.759	0	14.273
swarm_5_109.pdb	9.656	19.442	0	14.255
swarm_20_32.pdb	9.382	27.235	0	14.240
swarm_2_199.pdb	10.616	26.093	0	14.227
swarm_10_16.pdb	8.655	23.586	0.0588235	14.189
swarm_47_55.pdb	16.384	48.013	0	14.187
swarm_25_9.pdb	9.479	37.069	0	14.182
swarm_9_61.pdb	15.924	46.890	0	14.163
swarm_27_60.pdb	15.148	32.727	0	14.162
swarm_39_92.pdb	14.526	29.408	0	14.161
swarm_36_167.pdb	10.576	41.612	0	14.154
swarm_27_2.pdb	8.045	16.710	0	14.154
swarm_2_28.pdb	12.171	37.390	0	14.148
swarm_22_135.pdb	8.028	21.137	0	14.128
swarm_25_116.pdb	15.927	35.995	0	14.127
swarm_34_141.pdb	11.746	29.934	0	14.058
swarm_22_50.pdb	11.785	20.536	0	14.047
swarm_64_41.pdb	12.163	24.714	0	14.011
swarm_36_143.pdb	11.919	41.322	0	14.005
swarm_19_186.pdb	10.132	25.986	0	14.000
swarm_32_0.pdb	9.505	17.125	0	13.980
swarm_29_178.pdb	7.295	34.551	0	13.980
swarm_10_62.pdb	9.870	22.941	0	13.958
swarm_11_6.pdb	10.003	19.742	0	13.938
swarm_11_39.pdb	6.952	25.507	0	13.906
swarm_27_131.pdb	10.893	43.644	0	13.902
swarm_47_61.pdb	13.734	43.757	0	13.877
swarm_21_197.pdb	8.260	26.721	0.0294118	13.856
swarm_13_13.pdb	12.176	19.821	0	13.854
swarm_10_84.pdb	6.994	15.598	0	13.854
swarm_34_90.pdb	11.604	30.963	0	13.841
swarm_39_167.pdb	11.183	28.693	0	13.836
swarm_13_11.pdb	14.017	45.036	0	13.826
swarm_101_176.pdb	11.830	22.352	0.0294118	13.818
swarm_27_47.pdb	11.605	39.092	0	13.801
swarm_7_14.pdb	9.975	21.879	0	13.799
swarm_9_194.pdb	14.588	32.717	0	13.783
swarm_16_82.pdb	10.405	26.234	0	13.766
swarm_5_53.pdb	11.999	20.398	0	13.741
swarm_7_103.pdb	13.119	22.093	0	13.730
swarm_2_73.pdb	14.404	34.942	0	13.720
swarm_2_45.pdb	10.954	23.119	0	13.697
swarm_95_43.pdb	9.701	17.036	0	13.695
swarm_16_135.pdb	13.239	25.176	0	13.659
swarm_67_145.pdb	9.957	20.416	0	13.657
swarm_5_5.pdb	10.777	26.954	0	13.640
swarm_20_199.pdb	8.970	20.403	0	13.636
swarm_2_140.pdb	13.453	23.178	0	13.635
swarm_11_106.pdb	4.272	12.235	0.264706	13.632
swarm_13_71.pdb	15.848	35.686	0	13.631
swarm_32_129.pdb	14.736	29.088	0	13.593
swarm_29_184.pdb	17.431	46.255	0	13.590
swarm_16_45.pdb	15.032	32.692	0	13.586
swarm_27_192.pdb	12.196	19.939	0	13.559
swarm_11_68.pdb	15.374	33.097	0	13.556
swarm_14_180.pdb	8.993	17.520	0	13.540
swarm_18_16.pdb	11.063	23.182	0	13.532
swarm_25_7.pdb	10.495	28.121	0	13.526
swarm_14_68.pdb	14.433	29.820	0	13.503
swarm_3_113.pdb	12.377	27.379	0	13.440
swarm_26_137.pdb	17.175	46.211	0	13.421
swarm_14_65.pdb	16.999	32.450	0	13.392
swarm_25_52.pdb	15.617	44.831	0	13.374
swarm_1_187.pdb	8.676	14.920	0	13.374
swarm_7_6.pdb	9.043	25.503	0	13.348
swarm_30_35.pdb	13.041	43.373	0	13.347
swarm_39_134.pdb	8.707	40.488	0	13.343
swarm_9_128.pdb	14.441	33.376	0	13.300
swarm_18_182.pdb	12.573	23.081	0	13.283
swarm_23_144.pdb	13.245	34.567	0	13.281
swarm_31_118.pdb	12.872	31.960	0	13.260
swarm_21_130.pdb	9.411	24.001	0	13.251
swarm_5_62.pdb	12.012	30.571	0	13.249
swarm_17_66.pdb	11.034	27.620	0.0294118	13.202
swarm_6_37.pdb	10.312	18.170	0.0588235	13.192
swarm_2_149.pdb	11.939	29.202	0	13.151
swarm_47_110.pdb	15.961	43.001	0	13.150
swarm_28_91.pdb	10.061	17.685	0	13.137
swarm_43_89.pdb	13.261	33.503	0	13.136
swarm_18_11.pdb	7.881	23.467	0	13.082
swarm_48_16.pdb	15.683	36.309	0	13.079
swarm_10_22.pdb	10.334	20.198	0.0588235	13.064
swarm_21_70.pdb	6.761	22.552	0.0588235	13.034
swarm_33_130.pdb	12.350	47.876	0	13.021
swarm_10_93.pdb	14.909	41.060	0	12.985
swarm_22_0.pdb	5.488	20.263	0.0588235	12.955
swarm_48_169.pdb	14.230	36.772	0	12.927
swarm_2_190.pdb	14.648	39.042	0	12.910
swarm_2_56.pdb	8.231	16.514	0.0294118	12.846
swarm_5_41.pdb	17.840	35.829	0	12.839
swarm_19_96.pdb	11.194	30.470	0	12.818
swarm_9_124.pdb	18.375	40.271	0	12.794
swarm_7_35.pdb	9.588	20.294	0	12.784
swarm_14_52.pdb	14.817	28.399	0	12.784
swarm_19_184.pdb	8.066	29.762	0.0294118	12.769
swarm_33_154.pdb	15.111	44.940	0	12.739
swarm_59_107.pdb	8.691	17.258	0.0882353	12.736
swarm_5_108.pdb	12.007	24.028	0	12.734
swarm_18_152.pdb	10.890	26.578	0.0294118	12.726
swarm_24_56.pdb	9.221	20.206	0.0294118	12.718
swarm_29_51.pdb	7.720	14.040	0.0588235	12.712
swarm_5_128.pdb	13.881	28.960	0	12.708
swarm_16_105.pdb	11.003	33.518	0	12.705
swarm_8_39.pdb	11.625	51.193	0	12.697
swarm_31_92.pdb	9.646	30.182	0	12.675
swarm_22_50.pdb	11.076	23.158	0	12.664
swarm_24_179.pdb	10.047	20.963	0	12.620
swarm_23_145.pdb	13.423	35.312	0	12.618
swarm_45_118.pdb	10.635	34.696	0	12.613
swarm_43_154.pdb	10.848	44.979	0	12.591
swarm_4_3.pdb	9.645	22.729	0.0294118	12.580
swarm_5_109.pdb	10.625	19.466	0	12.551
swarm_31_87.pdb	10.227	24.603	0.0588235	12.535
swarm_11_110.pdb	7.580	19.326	0.0294118	12.532
swarm_14_93.pdb	14.892	32.077	0	12.530
swarm_19_5.pdb	10.083	28.778	0	12.490
swarm_7_80.pdb	4.792	14.787	0.117647	12.464
swarm_34_140.pdb	11.804	33.091	0.0294118	12.453
swarm_43_76.pdb	14.731	36.914	0	12.405
swarm_23_191.pdb	12.775	35.723	0.147059	12.393
swarm_57_142.pdb	17.573	46.208	0	12.382
swarm_22_75.pdb	12.354	21.872	0	12.335
swarm_8_108.pdb	10.390	25.669	0.0294118	12.331
swarm_31_12.pdb	8.900	32.177	0	12.322
swarm_42_65.pdb	10.742	19.097	0	12.318
swarm_18_67.pdb	7.794	22.205	0	12.295
swarm_13_45.pdb	13.084	35.656	0	12.246
swarm_30_179.pdb	13.724	38.166	0	12.232
swarm_35_50.pdb	10.372	22.385	0.0294118	12.216
swarm_32_97.pdb	9.631	29.717	0	12.207
swarm_46_75.pdb	6.829	13.012	0.117647	12.206
swarm_23_1.pdb	10.805	42.407	0	12.179
swarm_36_115.pdb	13.432	36.203	0.0588235	12.156
swarm_19_101.pdb	11.190	23.347	0	12.137
swarm_1_167.pdb	7.380	22.429	0.0294118	12.117
swarm_24_91.pdb	11.380	36.441	0	12.100
swarm_26_55.pdb	10.130	26.217	0.0294118	12.098
swarm_31_71.pdb	13.689	34.551	0	12.066
swarm_26_46.pdb	6.090	23.243	0	12.044
swarm_41_100.pdb	9.095	30.635	0	11.969
swarm_20_12.pdb	13.645	33.599	0	11.966
swarm_13_186.pdb	6.582	15.790	0.0294118	11.956
swarm_26_9.pdb	9.639	29.597	0	11.937
swarm_2_88.pdb	12.895	36.481	0	11.923
swarm_3_179.pdb	8.121	14.271	0.0588235	11.920
swarm_2_175.pdb	12.914	36.490	0	11.919
swarm_6_17.pdb	9.679	24.249	0.0294118	11.917
swarm_103_22.pdb	6.794	23.424	0.0882353	11.906
swarm_76_112.pdb	11.321	18.927	0	11.904
swarm_30_16.pdb	12.153	39.067	0	11.893
swarm_10_199.pdb	6.095	10.340	0	11.875
swarm_30_128.pdb	8.496	33.030	0	11.863
swarm_0_42.pdb	17.108	46.223	0	11.847
swarm_26_150.pdb	8.722	21.377	0	11.839
swarm_1_97.pdb	14.202	28.859	0	11.806
swarm_27_130.pdb	2.948	7.203	0.176471	11.792
swarm_28_20.pdb	19.005	43.830	0	11.780
swarm_20_180.pdb	11.519	28.151	0	11.780
swarm_48_139.pdb	11.649	32.461	0	11.761
swarm_29_104.pdb	14.272	34.301	0	11.704
swarm_25_43.pdb	14.783	43.990	0	11.702
swarm_34_24.pdb	14.785	41.856	0	11.679
swarm_34_68.pdb	14.517	35.892	0	11.658
swarm_14_72.pdb	8.907	23.314	0.0294118	11.639
swarm_100_58.pdb	9.833	21.912	0	11.638
swarm_25_50.pdb	9.582	27.732	0	11.621
swarm_14_148.pdb	12.524	22.271	0	11.586
swarm_2_157.pdb	13.867	35.618	0	11.578
swarm_1_14.pdb	9.914	23.395	0	11.539
swarm_47_175.pdb	13.038	46.311	0	11.534
swarm_27_22.pdb	9.106	18.334	0	11.498
swarm_34_44.pdb	12.018	40.625	0	11.475
swarm_32_88.pdb	13.428	24.738	0	11.460
swarm_43_19.pdb	10.999	27.225	0.0588235	11.426
swarm_7_178.pdb	12.559	24.254	0	11.404
swarm_13_193.pdb	14.944	25.328	0	11.390
swarm_22_136.pdb	6.267	23.230	0.0588235	11.373
swarm_12_134.pdb	14.064	45.350	0	11.320
swarm_26_55.pdb	10.065	20.385	0.0294118	11.266
swarm_19_179.pdb	9.390	26.990	0.0588235	11.238
swarm_5_147.pdb	7.175	14.019	0.0294118	11.235
swarm_26_92.pdb	12.857	30.445	0	11.229
swarm_1_153.pdb	7.405	21.648	0.0588235	11.204
swarm_25_138.pdb	11.007	32.450	0	11.155
swarm_29_88.pdb	10.937	19.148	0	11.147
swarm_23_136.pdb	14.979	41.578	0	11.035
swarm_3_74.pdb	9.165	38.431	0	11.001
swarm_43_100.pdb	11.736	46.787	0	10.998
swarm_10_175.pdb	10.682	39.057	0	10.986
swarm_29_198.pdb	11.501	36.425	0.0294118	10.966
swarm_43_14.pdb	12.610	38.903	0	10.926
swarm_12_102.pdb	12.566	31.002	0	10.926
swarm_102_112.pdb	9.336	19.804	0	10.867
swarm_5_120.pdb	10.778	28.873	0.0294118	10.757
swarm_35_48.pdb	9.863	30.405	0.0588235	10.696
swarm_43_158.pdb	12.218	44.426	0	10.691
swarm_12_107.pdb	10.389	31.234	0	10.681
swarm_24_6.pdb	16.979	36.174	0	10.651
swarm_0_148.pdb	19.562	45.514	0	10.618
swarm_13_1.pdb	11.114	25.142	0.0294118	10.560
swarm_22_110.pdb	9.454	18.219	0.0588235	10.504
swarm_45_199.pdb	10.222	34.567	0	10.497
swarm_29_119.pdb	6.644	15.180	0	10.490
swarm_35_38.pdb	5.206	16.960	0.147059	10.372
swarm_18_191.pdb	8.698	22.458	0	10.319
swarm_26_25.pdb	7.355	30.799	0.0294118	10.306
swarm_45_72.pdb	13.445	43.685	0	10.288
swarm_32_110.pdb	10.432	34.493	0.0294118	10.280
swarm_17_172.pdb	9.708	31.610	0	10.269
swarm_22_193.pdb	14.132	29.641	0	10.151
swarm_44_147.pdb	14.062	37.756	0	10.144
swarm_88_13.pdb	10.743	28.253	0	10.132
swarm_45_165.pdb	13.136	36.730	0	10.123
swarm_25_190.pdb	11.702	24.320	0	10.110
swarm_7_65.pdb	10.604	19.002	0.0588235	10.097
swarm_16_102.pdb	11.217	25.878	0	10.052
swarm_21_146.pdb	7.499	19.991	0.0294118	10.013
swarm_19_157.pdb	9.103	23.490	0.0588235	10.008
swarm_2_28.pdb	12.166	47.530	0	9.936
swarm_43_29.pdb	11.174	39.373	0	9.929
swarm_22_157.pdb	10.550	21.760	0.0294118	9.915
swarm_32_59.pdb	6.131	11.441	0.0588235	9.890
swarm_9_196.pdb	12.566	39.841	0	9.725
swarm_2_42.pdb	10.077	23.894	0	9.624
swarm_26_93.pdb	8.631	28.060	0	9.622
swarm_27_83.pdb	13.126	27.875	0	9.480
swarm_87_44.pdb	9.557	20.506	0	9.448
swarm_9_15.pdb	16.731	37.685	0	9.443
swarm_7_15.pdb	7.266	15.999	0	9.256
swarm_27_118.pdb	9.254	23.206	0	9.122
swarm_22_102.pdb	12.210	23.011	0	9.039
swarm_3_66.pdb	8.978	19.515	0	8.981
swarm_42_114.pdb	10.429	22.330	0	8.929
swarm_18_158.pdb	11.330	21.141	0	8.927
swarm_18_48.pdb	11.679	28.275	0	8.876
swarm_36_113.pdb	12.515	41.638	0	8.749
swarm_45_22.pdb	15.395	36.420	0	8.699
swarm_41_108.pdb	9.422	25.035	0.117647	8.667
swarm_24_118.pdb	11.223	21.322	0	8.496
swarm_5_112.pdb	7.776	21.796	0.0588235	8.397
swarm_22_66.pdb	9.866	20.967	0.0294118	8.388
swarm_28_2.pdb	13.741	42.670	0	8.334
swarm_19_72.pdb	10.928	23.022	0	8.293
swarm_17_58.pdb	13.553	31.264	0	8.189
swarm_24_77.pdb	13.100	29.853	0	8.067
swarm_5_112.pdb	9.247	29.733	0.0294118	8.053
swarm_21_195.pdb	8.697	23.525	0	7.949
swarm_44_149.pdb	10.800	40.624	0	7.857
swarm_16_77.pdb	11.628	20.706	0	7.783
swarm_7_182.pdb	7.281	14.551	0	7.684
swarm_64_13.pdb	9.667	24.956	0	7.672
swarm_32_67.pdb	14.067	32.106	0	7.577
swarm_95_138.pdb	11.531	21.330	0	7.470
swarm_0_170.pdb	15.631	48.461	0	7.429
swarm_2_86.pdb	5.874	24.236	0.0882353	7.094
swarm_44_58.pdb	11.867	40.660	0	6.851
swarm_6_152.pdb	8.179	25.150	0.0588235	6.691
swarm_26_42.pdb	9.175	28.106	0	6.682
swarm_11_80.pdb	7.539	14.676	0.0588235	6.657
swarm_4_12.pdb	9.474	24.436	0	6.596
swarm_98_37.pdb	5.690	16.953	0.0294118	6.416
swarm_14_142.pdb	11.858	31.425	0	6.369
swarm_11_147.pdb	7.571	19.750	0.0588235	6.334
swarm_2_127.pdb	13.775	39.693	0	6.326
swarm_22_148.pdb	10.230	20.992	0.147059	6.051
swarm_3_74.pdb	8.239	28.763	0	5.738
swarm_33_40.pdb	12.507	26.920	0	5.691
swarm_3_183.pdb	9.412	30.197	0	5.598
swarm_9_46.pdb	15.492	32.172	0	5.374
swarm_22_92.pdb	12.540	23.986	0	5.365
swarm_11_186.pdb	11.060	23.234	0.0294118	5.274
swarm_5_86.pdb	10.759	27.903	0.117647	5.063
swarm_101_93.pdb	10.268	18.296	0	4.797
swarm_15_18.pdb	17.265	49.896	0	4.660
swarm_31_193.pdb	12.766	33.188	0	4.526
swarm_44_35.pdb	9.955	28.605	0	4.516
swarm_101_75.pdb	10.523	22.540	0.0294118	4.485
swarm_36_134.pdb	10.867	42.794	0	4.332
swarm_13_110.pdb	14.159	29.318	0	4.308
swarm_16_115.pdb	10.436	31.640	0	3.592
swarm_8_179.pdb	11.714	28.352	0	3.380
swarm_37_181.pdb	12.664	30.059	0	3.218
swarm_25_177.pdb	14.238	30.964	0	3.173
swarm_100_137.pdb	10.520	22.802	0	2.984
swarm_28_100.pdb	9.865	35.769	0	2.571
swarm_27_182.pdb	13.054	31.752	0	2.564
swarm_5_23.pdb	8.870	18.078	0	2.528
swarm_89_162.pdb	10.896	29.071	0	2.318
swarm_30_152.pdb	14.316	38.054	0	1.803
swarm_48_139.pdb	18.533	47.749	0	1.739
swarm_88_198.pdb	8.096	26.832	0.0294118	0.882
swarm_100_173.pdb	10.393	19.950	0	0.642
swarm_43_194.pdb	9.555	34.412	0	0.503
swarm_13_59.pdb	12.700	24.697	0	0.066
