swarm_0_124.pdb	17.748	33.114	0	36.905
swarm_1_194.pdb	9.508	23.891	0.0517241	36.793
swarm_18_94.pdb	13.786	31.342	0	36.788
swarm_4_62.pdb	14.317	27.461	0	35.750
swarm_33_130.pdb	9.915	22.529	0	34.728
swarm_24_55.pdb	15.974	49.192	0	34.442
swarm_22_190.pdb	9.739	24.673	0.0172414	34.374
swarm_21_74.pdb	9.507	30.479	0	33.503
swarm_17_126.pdb	12.920	27.275	0	33.333
swarm_24_96.pdb	15.719	49.472	0	33.217
swarm_32_183.pdb	12.250	30.889	0.103448	33.028
swarm_16_189.pdb	13.796	27.903	0.0517241	32.693
swarm_32_76.pdb	13.590	30.289	0.0172414	32.683
swarm_0_181.pdb	16.606	29.249	0	32.665
swarm_25_101.pdb	12.386	27.565	0.0172414	32.400
swarm_10_45.pdb	14.772	28.391	0	32.364
swarm_41_7.pdb	11.376	37.162	0	32.329
swarm_8_58.pdb	9.327	28.160	0	32.294
swarm_22_190.pdb	20.504	50.963	0	32.086
swarm_11_109.pdb	12.327	28.825	0	32.017
swarm_9_112.pdb	13.754	30.243	0	31.921
swarm_22_103.pdb	15.007	27.744	0.0172414	31.910
swarm_26_171.pdb	16.719	55.421	0	31.786
swarm_18_144.pdb	14.087	27.526	0	31.765
swarm_34_156.pdb	16.605	45.271	0.0344828	31.743
swarm_23_74.pdb	15.353	30.436	0	31.631
swarm_33_162.pdb	12.060	27.171	0.137931	31.349
swarm_33_153.pdb	13.011	28.878	0	31.117
swarm_0_33.pdb	12.716	25.431	0	31.024
swarm_8_189.pdb	12.348	31.629	0	30.866
swarm_30_192.pdb	19.844	38.814	0	30.796
swarm_16_153.pdb	13.842	32.231	0	30.752
swarm_23_174.pdb	16.368	29.912	0	30.661
swarm_33_126.pdb	16.519	35.597	0	30.503
swarm_5_64.pdb	11.496	22.237	0	30.461
swarm_1_177.pdb	13.524	26.084	0	30.362
swarm_22_51.pdb	12.710	32.056	0	30.355
swarm_25_146.pdb	7.809	23.131	0.0172414	30.285
swarm_22_165.pdb	13.319	34.256	0	30.263
swarm_24_72.pdb	17.194	30.905	0	30.178
swarm_12_100.pdb	11.228	27.958	0	30.085
swarm_1_198.pdb	11.227	27.879	0.0689655	29.991
swarm_23_188.pdb	16.053	49.113	0	29.841
swarm_28_109.pdb	9.740	32.430	0	29.781
swarm_19_98.pdb	11.542	37.115	0	29.771
swarm_9_73.pdb	12.622	23.422	0	29.734
swarm_1_132.pdb	9.651	24.138	0.0517241	29.556
swarm_13_97.pdb	15.337	27.177	0	29.485
swarm_22_87.pdb	11.015	27.459	0	29.483
swarm_22_155.pdb	12.344	30.101	0	29.455
swarm_21_117.pdb	7.881	23.540	0	29.431
swarm_28_80.pdb	14.956	42.298	0	29.287
swarm_13_85.pdb	16.096	51.689	0	29.219
swarm_38_175.pdb	12.412	39.047	0	29.058
swarm_21_152.pdb	12.197	27.753	0.0344828	28.895
swarm_0_195.pdb	9.261	28.127	0	28.884
swarm_13_138.pdb	8.836	37.543	0.103448	28.816
swarm_10_4.pdb	15.866	34.224	0	28.769
swarm_11_108.pdb	15.848	46.746	0.0172414	28.761
swarm_1_121.pdb	17.963	30.795	0	28.672
swarm_17_41.pdb	10.051	27.263	0	28.507
swarm_14_118.pdb	13.152	29.518	0	28.487
swarm_33_85.pdb	13.513	27.351	0	28.449
swarm_4_30.pdb	9.279	21.997	0	28.433
swarm_33_171.pdb	15.355	30.408	0.0172414	28.309
swarm_2_105.pdb	11.132	28.076	0	28.240
swarm_33_159.pdb	9.014	21.461	0	28.209
swarm_19_83.pdb	12.526	36.019	0.0172414	28.161
swarm_21_160.pdb	14.910	31.923	0	28.149
swarm_30_158.pdb	8.411	31.610	0.103448	28.035
swarm_19_159.pdb	14.746	40.924	0	28.009
swarm_4_44.pdb	11.109	21.861	0	27.925
swarm_26_135.pdb	15.344	27.620	0	27.902
swarm_32_160.pdb	21.375	41.286	0	27.857
swarm_8_183.pdb	16.934	33.180	0	27.846
swarm_10_144.pdb	8.688	32.815	0	27.827
swarm_15_79.pdb	13.705	27.936	0	27.812
swarm_23_157.pdb	15.799	26.595	0	27.800
swarm_1_108.pdb	13.456	26.820	0	27.668
swarm_15_46.pdb	12.235	28.895	0	27.615
swarm_22_32.pdb	11.416	26.167	0.0517241	27.594
swarm_20_161.pdb	7.826	24.732	0	27.495
swarm_42_95.pdb	10.903	33.293	0	27.457
swarm_37_58.pdb	16.882	33.804	0	27.361
swarm_19_0.pdb	11.462	26.046	0.0172414	27.336
swarm_38_58.pdb	13.839	41.201	0	27.261
swarm_37_156.pdb	15.423	49.157	0	27.257
swarm_10_56.pdb	12.449	25.859	0.0689655	27.250
swarm_7_36.pdb	16.761	45.189	0	27.216
swarm_13_62.pdb	19.459	50.958	0	27.211
swarm_6_104.pdb	11.421	22.650	0	27.125
swarm_13_50.pdb	14.165	26.166	0	27.113
swarm_11_28.pdb	12.761	27.907	0.0172414	27.107
swarm_18_176.pdb	8.771	21.470	0	27.034
swarm_32_100.pdb	17.178	37.644	0	26.973
swarm_17_121.pdb	10.647	21.587	0.0344828	26.907
swarm_16_183.pdb	16.706	36.342	0	26.888
swarm_25_31.pdb	9.098	17.584	0	26.755
swarm_23_156.pdb	19.178	50.930	0.0517241	26.732
swarm_3_143.pdb	16.594	35.174	0	26.724
swarm_9_62.pdb	13.905	48.219	0.0172414	26.723
swarm_1_126.pdb	8.551	28.713	0.0517241	26.715
swarm_7_141.pdb	13.691	36.987	0	26.706
swarm_2_119.pdb	17.461	36.463	0	26.689
swarm_1_121.pdb	18.077	31.711	0	26.681
swarm_41_17.pdb	15.931	30.129	0	26.675
swarm_39_16.pdb	9.881	34.867	0.0689655	26.660
swarm_22_110.pdb	13.552	32.374	0	26.623
swarm_32_164.pdb	18.703	47.315	0	26.607
swarm_27_178.pdb	9.607	27.074	0	26.602
swarm_23_88.pdb	15.453	28.555	0	26.592
swarm_37_155.pdb	14.518	42.855	0	26.565
swarm_37_139.pdb	20.447	38.151	0	26.564
swarm_12_152.pdb	11.275	34.243	0	26.558
swarm_11_81.pdb	14.010	38.844	0	26.537
swarm_24_119.pdb	13.423	25.995	0	26.453
swarm_17_85.pdb	17.110	39.887	0	26.447
swarm_34_25.pdb	15.514	34.706	0	26.425
swarm_14_101.pdb	16.833	39.174	0	26.331
swarm_16_141.pdb	18.639	32.141	0	26.317
swarm_34_54.pdb	17.931	38.083	0	26.238
swarm_41_191.pdb	14.322	33.708	0	26.232
swarm_0_145.pdb	8.711	28.690	0.0862069	26.227
swarm_28_149.pdb	17.156	32.399	0	26.202
swarm_15_138.pdb	11.686	22.224	0.0517241	26.151
swarm_15_47.pdb	12.405	23.698	0	26.118
swarm_43_64.pdb	15.817	35.435	0	26.087
swarm_20_88.pdb	18.334	40.103	0	26.082
swarm_28_24.pdb	16.317	35.423	0	26.046
swarm_17_94.pdb	16.137	30.698	0	25.972
swarm_10_1.pdb	9.453	28.570	0	25.957
swarm_23_107.pdb	20.316	50.254	0	25.954
swarm_41_161.pdb	15.988	31.254	0	25.898
swarm_31_36.pdb	21.441	42.939	0	25.885
swarm_27_80.pdb	14.631	27.054	0	25.881
swarm_12_184.pdb	17.496	35.398	0	25.810
swarm_2_140.pdb	15.855	32.682	0	25.750
swarm_29_84.pdb	15.872	41.444	0	25.727
swarm_19_39.pdb	13.141	31.634	0	25.705
swarm_2_119.pdb	8.609	17.161	0	25.701
swarm_34_13.pdb	11.787	24.075	0	25.680
swarm_28_30.pdb	19.041	37.345	0	25.674
swarm_0_173.pdb	13.255	36.994	0	25.655
swarm_4_13.pdb	14.029	23.709	0	25.624
swarm_31_194.pdb	15.472	33.099	0.0172414	25.595
swarm_31_33.pdb	18.404	39.449	0	25.551
swarm_21_163.pdb	12.483	33.319	0	25.546
swarm_32_23.pdb	18.873	34.602	0	25.545
swarm_18_1.pdb	16.931	52.994	0	25.403
swarm_2_32.pdb	15.738	34.279	0	25.390
swarm_10_92.pdb	15.383	33.878	0	25.219
swarm_16_178.pdb	17.337	42.148	0	25.140
swarm_2_135.pdb	12.927	31.546	0.0862069	25.114
swarm_29_128.pdb	16.991	37.469	0	25.054
swarm_18_75.pdb	13.255	26.309	0.0517241	25.012
swarm_13_65.pdb	15.451	34.046	0	24.972
swarm_12_74.pdb	9.637	31.516	0	24.966
swarm_14_37.pdb	9.542	30.335	0	24.964
swarm_31_43.pdb	18.402	45.550	0	24.954
swarm_0_32.pdb	17.490	33.262	0	24.943
swarm_21_139.pdb	15.709	36.056	0	24.933
swarm_31_183.pdb	11.458	31.168	0.0344828	24.927
swarm_15_87.pdb	13.456	38.377	0	24.926
swarm_30_150.pdb	15.770	32.648	0	24.907
swarm_25_72.pdb	13.144	26.516	0.0344828	24.873
swarm_26_136.pdb	13.425	23.308	0	24.855
swarm_24_152.pdb	16.866	28.847	0	24.792
swarm_43_114.pdb	12.651	38.195	0	24.698
swarm_30_189.pdb	17.052	32.153	0	24.662
swarm_19_89.pdb	14.872	27.592	0	24.648
swarm_5_125.pdb	17.958	37.405	0	24.522
swarm_15_176.pdb	18.064	36.839	0	24.460
swarm_23_59.pdb	17.408	49.035	0	24.420
swarm_21_1.pdb	16.730	33.828	0	24.412
swarm_33_140.pdb	13.063	25.279	0	24.392
swarm_0_73.pdb	9.655	30.345	0	24.366
swarm_15_32.pdb	15.511	33.793	0	24.365
swarm_1_160.pdb	13.789	28.892	0	24.350
swarm_10_136.pdb	15.606	34.039	0	24.343
swarm_21_169.pdb	6.989	21.457	0.0172414	24.327
swarm_5_192.pdb	11.050	24.407	0	24.295
swarm_41_177.pdb	9.142	31.428	0.0689655	24.276
swarm_2_107.pdb	5.605	14.627	0.0862069	24.248
swarm_34_68.pdb	15.197	33.517	0	24.246
swarm_19_102.pdb	7.109	18.175	0.0172414	24.180
swarm_39_110.pdb	15.675	52.493	0	24.137
swarm_15_102.pdb	14.825	30.774	0	24.130
swarm_31_37.pdb	17.251	47.683	0	24.123
swarm_32_19.pdb	13.843	34.905	0	24.116
swarm_8_87.pdb	17.069	39.084	0	24.097
swarm_14_163.pdb	10.073	34.914	0	24.057
swarm_37_181.pdb	14.246	40.153	0	24.052
swarm_22_100.pdb	18.718	49.101	0	24.010
swarm_15_34.pdb	18.508	32.780	0	23.996
swarm_16_83.pdb	10.036	31.354	0.0172414	23.987
swarm_3_99.pdb	13.419	30.750	0	23.942
swarm_15_86.pdb	15.918	31.771	0	23.934
swarm_25_41.pdb	10.475	21.001	0.0344828	23.925
swarm_10_66.pdb	15.360	31.480	0	23.822
swarm_25_58.pdb	13.925	47.840	0	23.760
swarm_18_55.pdb	18.833	56.568	0	23.745
swarm_10_24.pdb	14.543	34.195	0	23.745
swarm_5_97.pdb	18.136	35.451	0	23.714
swarm_14_197.pdb	16.682	36.229	0	23.703
swarm_25_68.pdb	15.278	25.352	0	23.698
swarm_5_118.pdb	13.778	26.947	0	23.695
swarm_15_61.pdb	14.487	35.762	0.0344828	23.690
swarm_0_145.pdb	8.373	27.081	0.103448	23.685
swarm_28_31.pdb	15.293	37.335	0	23.683
swarm_19_26.pdb	11.307	30.219	0.12069	23.666
swarm_39_32.pdb	18.754	46.461	0	23.637
swarm_1_119.pdb	13.860	31.285	0.0517241	23.582
swarm_19_52.pdb	8.282	22.530	0.0689655	23.538
swarm_28_38.pdb	18.098	35.706	0	23.532
swarm_31_11.pdb	20.115	37.167	0	23.526
swarm_14_3.pdb	13.893	30.085	0	23.483
swarm_6_0.pdb	15.041	25.343	0.0517241	23.469
swarm_3_30.pdb	13.856	37.587	0	23.451
swarm_30_60.pdb	15.850	49.570	0	23.408
swarm_15_124.pdb	15.475	30.361	0	23.389
swarm_13_158.pdb	17.137	35.979	0	23.369
swarm_22_70.pdb	15.856	39.427	0	23.300
swarm_17_1.pdb	16.459	42.363	0	23.292
swarm_6_160.pdb	15.236	24.939	0	23.289
swarm_10_75.pdb	14.717	31.802	0	23.272
swarm_23_110.pdb	17.858	57.521	0	23.241
swarm_23_145.pdb	13.616	31.713	0	23.235
swarm_22_124.pdb	12.215	28.490	0	23.217
swarm_7_184.pdb	13.585	30.536	0	23.153
swarm_32_3.pdb	18.182	38.955	0	23.126
swarm_30_40.pdb	18.558	36.298	0	23.037
swarm_24_60.pdb	14.153	49.501	0	23.031
swarm_42_0.pdb	15.774	39.008	0	23.008
swarm_33_52.pdb	14.010	27.032	0	22.960
swarm_31_121.pdb	7.920	28.822	0.0689655	22.950
swarm_43_108.pdb	7.190	34.081	0	22.906
swarm_16_84.pdb	10.508	25.939	0.0344828	22.890
swarm_0_37.pdb	18.276	34.508	0	22.858
swarm_21_51.pdb	7.908	18.062	0	22.854
swarm_37_170.pdb	17.824	46.144	0	22.803
swarm_2_54.pdb	13.689	27.276	0	22.801
swarm_0_62.pdb	14.729	30.406	0	22.794
swarm_38_103.pdb	20.748	39.634	0	22.777
swarm_26_157.pdb	11.819	18.905	0	22.760
swarm_0_134.pdb	16.221	38.362	0	22.744
swarm_22_142.pdb	17.858	35.236	0	22.717
swarm_39_184.pdb	16.069	48.431	0	22.688
swarm_2_1.pdb	11.460	27.730	0	22.639
swarm_20_43.pdb	18.735	45.079	0	22.636
swarm_7_90.pdb	17.463	41.414	0	22.601
swarm_7_115.pdb	18.160	49.464	0.0172414	22.600
swarm_14_124.pdb	16.200	34.984	0	22.567
swarm_42_185.pdb	13.581	38.733	0	22.556
swarm_34_69.pdb	14.877	30.581	0.0172414	22.549
swarm_19_166.pdb	14.636	23.641	0	22.515
swarm_2_123.pdb	11.968	32.536	0	22.514
swarm_41_68.pdb	11.030	43.332	0	22.503
swarm_43_25.pdb	14.348	43.845	0	22.495
swarm_9_92.pdb	16.168	53.571	0	22.486
swarm_11_126.pdb	15.332	30.415	0	22.467
swarm_38_190.pdb	16.050	33.610	0	22.406
swarm_30_15.pdb	17.987	44.972	0.0172414	22.403
swarm_15_84.pdb	15.365	29.168	0	22.313
swarm_19_146.pdb	6.895	18.838	0	22.308
swarm_1_64.pdb	11.856	19.208	0	22.266
swarm_34_55.pdb	11.006	29.453	0	22.264
swarm_17_148.pdb	15.939	26.485	0	22.246
swarm_5_127.pdb	14.638	36.814	0	22.240
swarm_1_13.pdb	12.043	32.426	0.0689655	22.224
swarm_16_172.pdb	6.145	21.683	0	22.208
swarm_20_82.pdb	13.113	33.283	0	22.170
swarm_2_167.pdb	13.977	33.373	0.0344828	22.125
swarm_24_53.pdb	14.684	46.723	0.0172414	22.101
swarm_32_161.pdb	16.757	40.711	0	22.097
swarm_6_66.pdb	12.483	21.513	0	22.085
swarm_2_193.pdb	16.098	32.430	0	22.074
swarm_17_194.pdb	12.471	38.350	0.0862069	22.035
swarm_32_162.pdb	14.449	41.545	0.0517241	21.954
swarm_16_169.pdb	11.977	32.438	0	21.939
swarm_7_46.pdb	18.167	48.489	0	21.874
swarm_14_30.pdb	14.561	28.240	0	21.872
swarm_2_97.pdb	10.566	26.433	0	21.837
swarm_9_137.pdb	16.460	33.304	0	21.812
swarm_42_17.pdb	13.792	30.859	0	21.755
swarm_12_104.pdb	18.076	43.779	0	21.696
swarm_4_67.pdb	11.747	24.032	0	21.639
swarm_19_184.pdb	6.906	19.474	0.258621	21.633
swarm_0_125.pdb	14.551	30.087	0.0172414	21.532
swarm_31_184.pdb	18.525	42.026	0	21.518
swarm_32_132.pdb	17.447	37.487	0	21.484
swarm_19_176.pdb	18.240	35.552	0	21.449
swarm_31_132.pdb	17.771	43.427	0	21.424
swarm_30_157.pdb	13.848	31.134	0	21.424
swarm_14_7.pdb	12.367	43.513	0	21.405
swarm_13_23.pdb	21.066	56.310	0	21.328
swarm_19_18.pdb	14.131	25.808	0	21.317
swarm_29_126.pdb	17.438	49.760	0	21.293
swarm_4_9.pdb	11.449	23.086	0	21.206
swarm_27_26.pdb	10.389	45.687	0	21.184
swarm_37_41.pdb	16.927	45.457	0	21.060
swarm_41_128.pdb	16.068	37.446	0	21.025
swarm_19_113.pdb	9.878	22.632	0	20.998
swarm_24_20.pdb	13.182	27.046	0	20.979
swarm_16_12.pdb	9.905	28.393	0	20.911
swarm_24_63.pdb	15.116	51.510	0	20.892
swarm_15_13.pdb	16.292	32.873	0	20.891
swarm_37_82.pdb	15.873	51.929	0	20.874
swarm_4_146.pdb	15.257	27.675	0	20.832
swarm_41_109.pdb	15.425	30.657	0	20.832
swarm_13_26.pdb	4.131	13.073	0.0862069	20.824
swarm_10_17.pdb	13.209	29.745	0.0172414	20.779
swarm_15_64.pdb	16.558	30.700	0	20.765
swarm_36_3.pdb	8.130	35.323	0	20.719
swarm_36_123.pdb	12.151	27.135	0	20.719
swarm_30_185.pdb	16.745	51.612	0	20.697
swarm_22_37.pdb	14.798	38.189	0	20.691
swarm_17_18.pdb	10.292	35.510	0	20.689
swarm_4_168.pdb	15.235	27.858	0	20.681
swarm_26_133.pdb	15.500	43.977	0	20.671
swarm_22_131.pdb	16.476	40.537	0	20.617
swarm_3_160.pdb	10.595	35.668	0.0689655	20.527
swarm_0_171.pdb	10.211	26.422	0	20.523
swarm_21_51.pdb	19.138	39.494	0	20.419
swarm_37_98.pdb	21.572	52.738	0	20.387
swarm_32_165.pdb	14.075	35.145	0.0172414	20.348
swarm_32_109.pdb	19.636	40.208	0	20.334
swarm_15_43.pdb	16.571	41.832	0	20.322
swarm_0_88.pdb	8.885	22.216	0	20.306
swarm_5_104.pdb	9.634	34.916	0.0172414	20.299
swarm_33_61.pdb	15.660	27.997	0	20.251
swarm_8_123.pdb	15.791	30.407	0	20.232
swarm_6_122.pdb	13.970	26.122	0.0344828	20.232
swarm_4_182.pdb	14.445	25.402	0	20.195
swarm_3_97.pdb	20.167	42.800	0	20.187
swarm_13_40.pdb	16.339	33.259	0	20.175
swarm_14_173.pdb	13.362	33.364	0	20.168
swarm_22_86.pdb	17.079	37.316	0	20.081
swarm_36_103.pdb	12.959	32.107	0	20.043
swarm_28_159.pdb	10.486	31.711	0.0344828	20.041
swarm_16_45.pdb	10.483	28.671	0.0172414	20.026
swarm_15_135.pdb	18.318	37.798	0	20.026
swarm_22_108.pdb	14.020	32.185	0	20.000
swarm_36_147.pdb	14.040	27.600	0	19.987
swarm_14_192.pdb	9.248	31.690	0.137931	19.980
swarm_6_61.pdb	12.943	22.130	0	19.967
swarm_15_174.pdb	18.522	39.295	0.0344828	19.907
swarm_10_170.pdb	16.625	42.994	0	19.872
swarm_26_54.pdb	13.189	44.522	0	19.869
swarm_6_150.pdb	14.720	50.675	0	19.867
swarm_33_128.pdb	7.023	18.240	0.0862069	19.852
swarm_35_151.pdb	13.580	41.896	0.0517241	19.851
swarm_5_15.pdb	17.218	43.190	0	19.836
swarm_34_184.pdb	14.136	41.984	0	19.814
swarm_35_141.pdb	16.385	40.914	0	19.764
swarm_18_67.pdb	4.913	14.211	0.103448	19.700
swarm_0_22.pdb	15.952	35.576	0	19.609
swarm_26_166.pdb	15.331	47.350	0	19.603
swarm_15_2.pdb	22.035	43.559	0	19.566
swarm_34_92.pdb	12.487	23.453	0	19.562
swarm_16_150.pdb	16.489	37.970	0	19.559
swarm_31_98.pdb	19.141	46.692	0	19.546
swarm_31_155.pdb	14.938	33.382	0	19.527
swarm_18_25.pdb	18.176	57.122	0	19.504
swarm_1_0.pdb	8.013	20.361	0	19.501
swarm_27_17.pdb	13.489	42.472	0	19.490
swarm_21_157.pdb	15.244	27.593	0	19.482
swarm_29_80.pdb	14.557	42.117	0	19.475
swarm_34_21.pdb	17.584	36.274	0	19.460
swarm_13_91.pdb	17.040	53.091	0	19.444
swarm_21_143.pdb	12.902	44.721	0	19.417
swarm_23_189.pdb	17.382	29.633	0	19.390
swarm_43_145.pdb	10.966	40.901	0	19.285
swarm_11_4.pdb	13.203	48.602	0	19.253
swarm_11_122.pdb	14.224	40.645	0	19.223
swarm_38_125.pdb	8.629	32.965	0.0172414	19.191
swarm_26_113.pdb	20.400	48.939	0	19.143
swarm_38_92.pdb	12.352	41.172	0.0172414	19.107
swarm_0_153.pdb	18.251	34.765	0	19.091
swarm_37_98.pdb	14.425	33.297	0	19.068
swarm_29_14.pdb	18.365	43.892	0.0172414	19.032
swarm_21_43.pdb	14.228	46.101	0.0172414	19.029
swarm_34_65.pdb	16.630	33.001	0	19.028
swarm_15_71.pdb	17.399	40.245	0	18.989
swarm_35_2.pdb	19.096	45.595	0	18.965
swarm_1_106.pdb	12.001	18.718	0	18.939
swarm_38_49.pdb	16.459	39.192	0	18.927
swarm_13_126.pdb	18.245	34.953	0	18.896
swarm_9_123.pdb	18.358	50.838	0	18.863
swarm_7_90.pdb	15.731	53.342	0	18.861
swarm_7_2.pdb	18.719	43.877	0	18.829
swarm_17_22.pdb	19.125	38.877	0	18.824
swarm_29_99.pdb	17.676	34.735	0	18.811
swarm_8_65.pdb	17.613	35.073	0	18.760
swarm_9_120.pdb	18.021	49.169	0	18.755
swarm_9_199.pdb	21.991	50.491	0	18.724
swarm_0_76.pdb	20.645	40.210	0	18.667
swarm_33_97.pdb	16.965	34.684	0	18.631
swarm_17_152.pdb	18.922	36.395	0	18.615
swarm_15_135.pdb	16.026	31.098	0	18.609
swarm_5_150.pdb	8.565	23.711	0.0862069	18.570
swarm_32_59.pdb	20.198	43.227	0	18.553
swarm_17_112.pdb	11.589	34.174	0	18.502
swarm_13_179.pdb	12.035	25.349	0	18.500
swarm_13_89.pdb	7.141	18.531	0.0172414	18.485
swarm_2_74.pdb	13.895	39.523	0	18.478
swarm_2_180.pdb	17.100	39.006	0	18.468
swarm_25_23.pdb	14.981	23.655	0	18.452
swarm_29_194.pdb	12.357	37.775	0	18.369
swarm_0_121.pdb	14.260	30.175	0.0344828	18.362
swarm_3_1.pdb	14.845	42.224	0	18.335
swarm_33_156.pdb	16.309	28.801	0	18.328
swarm_2_104.pdb	10.055	32.171	0	18.317
swarm_31_177.pdb	22.335	48.732	0	18.311
swarm_16_22.pdb	16.122	38.800	0	18.254
swarm_25_32.pdb	13.872	26.364	0	18.237
swarm_42_47.pdb	14.594	38.989	0	18.212
swarm_3_10.pdb	17.055	42.151	0	18.171
swarm_34_177.pdb	22.747	49.004	0	18.166
swarm_38_128.pdb	14.937	33.774	0	18.145
swarm_37_50.pdb	17.422	36.673	0	18.142
swarm_1_191.pdb	18.183	32.067	0	18.117
swarm_6_38.pdb	18.774	49.764	0	18.062
swarm_37_162.pdb	19.839	45.991	0	18.057
swarm_35_22.pdb	17.663	35.121	0	17.969
swarm_2_170.pdb	16.118	37.812	0	17.911
swarm_13_103.pdb	15.157	24.451	0	17.905
swarm_17_89.pdb	16.203	42.609	0	17.863
swarm_4_163.pdb	21.817	50.877	0	17.794
swarm_2_160.pdb	16.595	36.573	0	17.737
swarm_19_86.pdb	20.494	38.401	0	17.715
swarm_8_15.pdb	16.251	36.436	0	17.652
swarm_26_109.pdb	18.431	44.872	0	17.651
swarm_29_20.pdb	18.538	48.069	0	17.624
swarm_14_68.pdb	13.263	41.105	0	17.616
swarm_32_71.pdb	14.538	44.153	0	17.568
swarm_26_9.pdb	13.156	22.437	0	17.527
swarm_34_149.pdb	12.531	25.914	0	17.467
swarm_14_16.pdb	15.436	42.223	0	17.458
swarm_29_122.pdb	14.516	48.038	0	17.452
swarm_24_68.pdb	16.636	46.704	0	17.403
swarm_1_158.pdb	13.403	24.038	0.0172414	17.394
swarm_34_87.pdb	12.788	30.863	0	17.329
swarm_26_0.pdb	13.266	44.527	0	17.296
swarm_12_154.pdb	17.403	51.813	0	17.140
swarm_1_136.pdb	10.665	22.343	0	17.111
swarm_3_127.pdb	15.128	44.273	0	17.061
swarm_17_21.pdb	15.114	46.954	0.0172414	17.049
swarm_5_169.pdb	19.517	38.061	0	17.030
swarm_16_112.pdb	12.712	37.752	0	17.023
swarm_37_97.pdb	17.316	37.765	0	16.992
swarm_2_97.pdb	15.084	37.779	0	16.974
swarm_9_75.pdb	20.048	45.689	0	16.948
swarm_8_83.pdb	18.543	36.023	0	16.938
swarm_14_66.pdb	14.719	32.082	0	16.931
swarm_0_174.pdb	18.144	33.464	0	16.929
swarm_15_65.pdb	11.657	29.660	0	16.896
swarm_35_161.pdb	13.846	41.466	0.0344828	16.860
swarm_1_0.pdb	6.000	14.197	0.103448	16.839
swarm_27_11.pdb	21.132	56.346	0	16.833
swarm_35_95.pdb	14.929	39.654	0	16.825
swarm_32_164.pdb	15.054	35.041	0	16.779
swarm_32_50.pdb	16.126	40.155	0	16.728
swarm_36_182.pdb	14.138	37.124	0	16.717
swarm_10_178.pdb	19.402	47.760	0	16.707
swarm_14_30.pdb	13.118	34.657	0	16.685
swarm_33_196.pdb	13.814	22.223	0	16.650
swarm_38_185.pdb	14.285	29.425	0	16.648
swarm_8_51.pdb	16.387	37.515	0	16.587
swarm_20_94.pdb	12.812	42.623	0	16.542
swarm_2_24.pdb	12.821	26.367	0	16.521
swarm_5_78.pdb	13.406	44.063	0	16.440
swarm_31_4.pdb	18.431	44.026	0	16.300
swarm_6_159.pdb	14.280	24.475	0	16.287
swarm_32_103.pdb	18.786	50.198	0	16.279
swarm_30_119.pdb	20.211	47.988	0	16.270
swarm_3_183.pdb	21.455	41.140	0	16.254
swarm_10_4.pdb	16.351	33.085	0	16.241
swarm_15_39.pdb	11.095	35.258	0	16.034
swarm_3_120.pdb	21.945	45.364	0	16.021
swarm_41_6.pdb	17.922	34.224	0	16.000
swarm_5_19.pdb	11.111	29.017	0	15.968
swarm_0_21.pdb	12.708	34.850	0	15.896
swarm_10_145.pdb	21.168	47.441	0	15.891
swarm_21_64.pdb	18.387	48.823	0	15.818
swarm_5_8.pdb	17.428	37.908	0	15.788
swarm_30_124.pdb	16.508	50.984	0	15.759
swarm_42_198.pdb	15.786	40.266	0	15.756
swarm_36_104.pdb	15.051	42.723	0	15.721
swarm_29_123.pdb	15.484	37.908	0	15.691
swarm_9_59.pdb	15.236	47.409	0	15.649
swarm_6_101.pdb	21.283	54.849	0	15.615
swarm_6_6.pdb	23.212	52.389	0	15.539
swarm_7_54.pdb	19.786	47.081	0	15.501
swarm_26_182.pdb	19.395	49.238	0	15.432
swarm_16_191.pdb	15.549	34.167	0	15.426
swarm_35_194.pdb	13.969	39.598	0	15.380
swarm_7_121.pdb	22.745	47.395	0	15.325
swarm_10_63.pdb	17.644	48.704	0	15.294
swarm_29_26.pdb	14.284	48.092	0	15.219
swarm_10_141.pdb	22.607	48.332	0	15.042
swarm_32_94.pdb	11.998	33.052	0	15.036
swarm_35_78.pdb	14.235	37.603	0	14.850
swarm_13_120.pdb	21.083	52.730	0	14.818
swarm_39_86.pdb	21.942	52.769	0	14.799
swarm_0_18.pdb	19.321	35.216	0	14.776
swarm_17_40.pdb	11.681	33.775	0	14.726
swarm_10_193.pdb	17.973	47.428	0	14.725
swarm_1_122.pdb	17.745	29.356	0	14.638
swarm_19_94.pdb	16.765	31.530	0	14.537
swarm_2_90.pdb	14.852	34.789	0	14.458
swarm_29_140.pdb	16.849	41.928	0	14.370
swarm_10_57.pdb	11.797	22.646	0	14.353
swarm_25_124.pdb	12.976	23.125	0	14.337
swarm_19_26.pdb	14.549	27.835	0	14.337
swarm_29_175.pdb	10.399	38.052	0.0344828	14.248
swarm_34_119.pdb	20.449	34.729	0	14.232
swarm_27_56.pdb	17.705	48.632	0	14.232
swarm_36_89.pdb	11.339	34.353	0	14.194
swarm_34_94.pdb	17.128	33.397	0	14.182
swarm_2_56.pdb	16.312	34.055	0	14.029
swarm_2_192.pdb	17.732	36.033	0	13.828
swarm_10_184.pdb	15.978	48.167	0	13.689
swarm_9_107.pdb	18.294	45.638	0	13.663
swarm_26_173.pdb	18.907	53.811	0	13.620
swarm_30_81.pdb	18.681	52.552	0	13.614
swarm_34_188.pdb	13.363	34.192	0.0172414	13.591
swarm_9_86.pdb	21.248	46.420	0	13.324
swarm_34_25.pdb	21.848	50.653	0	13.101
swarm_27_55.pdb	20.921	51.564	0	13.069
swarm_7_63.pdb	16.024	53.655	0	13.031
swarm_3_80.pdb	17.923	46.296	0	13.011
swarm_29_130.pdb	15.773	32.469	0	12.600
swarm_36_16.pdb	11.207	30.134	0.0172414	12.499
swarm_1_138.pdb	12.273	24.137	0	12.487
swarm_37_179.pdb	23.828	56.544	0	12.392
swarm_24_197.pdb	8.500	19.155	0.172414	12.203
swarm_5_126.pdb	14.337	28.817	0	11.999
swarm_3_81.pdb	20.023	46.200	0	11.916
swarm_1_172.pdb	11.293	20.713	0	11.865
swarm_9_29.pdb	24.009	53.274	0	11.720
swarm_7_72.pdb	16.954	42.879	0	11.399
swarm_7_191.pdb	16.020	46.338	0	10.992
swarm_1_75.pdb	15.621	26.451	0	10.915
swarm_13_150.pdb	11.295	21.089	0	10.755
swarm_28_94.pdb	18.654	39.008	0	10.551
swarm_2_49.pdb	17.431	42.017	0	9.992
swarm_24_112.pdb	16.542	46.266	0	9.772
swarm_1_149.pdb	15.031	27.399	0	9.376
swarm_18_185.pdb	18.241	51.566	0	9.314
swarm_35_30.pdb	13.429	21.688	0	9.153
swarm_38_166.pdb	16.277	42.308	0	9.109
swarm_21_83.pdb	17.047	38.650	0	9.003
swarm_1_134.pdb	10.935	33.549	0.0172414	8.168
swarm_18_74.pdb	14.375	24.514	0	7.846
swarm_4_39.pdb	10.923	18.262	0	7.613
swarm_38_65.pdb	12.581	46.151	0	7.572
swarm_24_137.pdb	13.725	33.345	0	7.453
swarm_23_46.pdb	19.823	50.964	0	7.354
swarm_25_17.pdb	18.876	52.867	0	7.157
swarm_25_147.pdb	14.299	27.252	0	6.968
swarm_37_18.pdb	19.332	54.506	0	6.334
swarm_15_70.pdb	17.280	33.679	0	6.280
swarm_15_26.pdb	13.004	35.231	0	4.370
swarm_22_176.pdb	16.422	49.942	0	4.129
swarm_41_47.pdb	12.636	39.769	0.0172414	3.974
swarm_22_77.pdb	17.681	34.615	0	3.667
swarm_1_195.pdb	15.454	35.173	0	3.334
swarm_1_61.pdb	13.512	26.704	0	3.132
swarm_15_149.pdb	18.787	39.026	0	2.920
swarm_24_46.pdb	13.666	24.796	0.0172414	2.876
swarm_31_137.pdb	15.062	33.940	0	2.587
swarm_15_166.pdb	18.343	38.766	0	2.340
swarm_18_96.pdb	14.587	24.333	0	1.945
swarm_23_18.pdb	15.774	26.532	0	0.870
