swarm_22_190.pdb	9.739	24.673	0.0172414	34.374
swarm_0_181.pdb	16.606	29.249	0	32.665
swarm_25_101.pdb	12.386	27.565	0.0172414	32.400
swarm_41_7.pdb	11.376	37.162	0	32.329
swarm_22_103.pdb	15.007	27.744	0.0172414	31.910
swarm_18_144.pdb	14.087	27.526	0	31.765
swarm_23_74.pdb	15.353	30.436	0	31.631
swarm_23_174.pdb	16.368	29.912	0	30.661
swarm_22_51.pdb	12.710	32.056	0	30.355
swarm_25_146.pdb	7.809	23.131	0.0172414	30.285
swarm_12_100.pdb	11.228	27.958	0	30.085
swarm_1_198.pdb	11.227	27.879	0.0689655	29.991
swarm_1_132.pdb	9.651	24.138	0.0517241	29.556
swarm_38_175.pdb	12.412	39.047	0	29.058
swarm_13_138.pdb	8.836	37.543	0.103448	28.816
swarm_1_121.pdb	17.963	30.795	0	28.672
swarm_30_158.pdb	8.411	31.610	0.103448	28.035
swarm_26_135.pdb	15.344	27.620	0	27.902
swarm_23_157.pdb	15.799	26.595	0	27.800
swarm_1_108.pdb	13.456	26.820	0	27.668
swarm_42_95.pdb	10.903	33.293	0	27.457
swarm_37_58.pdb	16.882	33.804	0	27.361
swarm_18_176.pdb	8.771	21.470	0	27.034
swarm_3_143.pdb	16.594	35.174	0	26.724
swarm_1_126.pdb	8.551	28.713	0.0517241	26.715
swarm_2_119.pdb	17.461	36.463	0	26.689
swarm_41_17.pdb	15.931	30.129	0	26.675
swarm_39_16.pdb	9.881	34.867	0.0689655	26.660
swarm_22_110.pdb	13.552	32.374	0	26.623
swarm_27_178.pdb	9.607	27.074	0	26.602
swarm_23_88.pdb	15.453	28.555	0	26.592
swarm_37_139.pdb	20.447	38.151	0	26.564
swarm_12_152.pdb	11.275	34.243	0	26.558
swarm_34_25.pdb	15.514	34.706	0	26.425
swarm_41_191.pdb	14.322	33.708	0	26.232
swarm_41_161.pdb	15.988	31.254	0	25.898
swarm_27_80.pdb	14.631	27.054	0	25.881
swarm_12_184.pdb	17.496	35.398	0	25.810
swarm_29_84.pdb	15.872	41.444	0	25.727
swarm_34_13.pdb	11.787	24.075	0	25.680
swarm_4_13.pdb	14.029	23.709	0	25.624
swarm_31_194.pdb	15.472	33.099	0.0172414	25.595
swarm_21_163.pdb	12.483	33.319	0	25.546
swarm_32_23.pdb	18.873	34.602	0	25.545
swarm_16_178.pdb	17.337	42.148	0	25.140
swarm_29_128.pdb	16.991	37.469	0	25.054
swarm_18_75.pdb	13.255	26.309	0.0517241	25.012
swarm_13_65.pdb	15.451	34.046	0	24.972
swarm_12_74.pdb	9.637	31.516	0	24.966
swarm_14_37.pdb	9.542	30.335	0	24.964
swarm_31_183.pdb	11.458	31.168	0.0344828	24.927
swarm_30_150.pdb	15.770	32.648	0	24.907
swarm_25_72.pdb	13.144	26.516	0.0344828	24.873
swarm_26_136.pdb	13.425	23.308	0	24.855
swarm_30_189.pdb	17.052	32.153	0	24.662
swarm_21_1.pdb	16.730	33.828	0	24.412
swarm_0_73.pdb	9.655	30.345	0	24.366
swarm_41_177.pdb	9.142	31.428	0.0689655	24.276
swarm_34_68.pdb	15.197	33.517	0	24.246
swarm_25_41.pdb	10.475	21.001	0.0344828	23.925
swarm_14_197.pdb	16.682	36.229	0	23.703
swarm_0_145.pdb	8.373	27.081	0.103448	23.685
swarm_19_52.pdb	8.282	22.530	0.0689655	23.538
swarm_31_11.pdb	20.115	37.167	0	23.526
swarm_14_3.pdb	13.893	30.085	0	23.483
swarm_6_0.pdb	15.041	25.343	0.0517241	23.469
swarm_13_158.pdb	17.137	35.979	0	23.369
swarm_23_145.pdb	13.616	31.713	0	23.235
swarm_32_3.pdb	18.182	38.955	0	23.126
swarm_30_40.pdb	18.558	36.298	0	23.037
swarm_42_0.pdb	15.774	39.008	0	23.008
swarm_31_121.pdb	7.920	28.822	0.0689655	22.950
swarm_0_37.pdb	18.276	34.508	0	22.858
swarm_0_62.pdb	14.729	30.406	0	22.794
swarm_26_157.pdb	11.819	18.905	0	22.760
swarm_0_134.pdb	16.221	38.362	0	22.744
swarm_22_142.pdb	17.858	35.236	0	22.717
swarm_42_185.pdb	13.581	38.733	0	22.556
swarm_19_166.pdb	14.636	23.641	0	22.515
swarm_15_84.pdb	15.365	29.168	0	22.313
swarm_1_64.pdb	11.856	19.208	0	22.266
swarm_34_55.pdb	11.006	29.453	0	22.264
swarm_2_167.pdb	13.977	33.373	0.0344828	22.125
swarm_6_66.pdb	12.483	21.513	0	22.085
swarm_42_17.pdb	13.792	30.859	0	21.755
swarm_32_132.pdb	17.447	37.487	0	21.484
swarm_30_157.pdb	13.848	31.134	0	21.424
swarm_19_18.pdb	14.131	25.808	0	21.317
swarm_41_128.pdb	16.068	37.446	0	21.025
swarm_19_113.pdb	9.878	22.632	0	20.998
swarm_41_109.pdb	15.425	30.657	0	20.832
swarm_3_160.pdb	10.595	35.668	0.0689655	20.527
swarm_13_40.pdb	16.339	33.259	0	20.175
swarm_18_67.pdb	4.913	14.211	0.103448	19.700
swarm_34_92.pdb	12.487	23.453	0	19.562
swarm_31_155.pdb	14.938	33.382	0	19.527
swarm_23_189.pdb	17.382	29.633	0	19.390
swarm_37_98.pdb	14.425	33.297	0	19.068
swarm_34_65.pdb	16.630	33.001	0	19.028
swarm_13_126.pdb	18.245	34.953	0	18.896
swarm_15_135.pdb	16.026	31.098	0	18.609
swarm_0_121.pdb	14.260	30.175	0.0344828	18.362
swarm_42_47.pdb	14.594	38.989	0	18.212
swarm_37_50.pdb	17.422	36.673	0	18.142
swarm_26_9.pdb	13.156	22.437	0	17.527
swarm_32_164.pdb	15.054	35.041	0	16.779
swarm_32_50.pdb	16.126	40.155	0	16.728
swarm_6_159.pdb	14.280	24.475	0	16.287
swarm_41_6.pdb	17.922	34.224	0	16.000
swarm_42_198.pdb	15.786	40.266	0	15.756
swarm_32_94.pdb	11.998	33.052	0	15.036
swarm_19_94.pdb	16.765	31.530	0	14.537
swarm_34_94.pdb	17.128	33.397	0	14.182
swarm_24_197.pdb	8.500	19.155	0.172414	12.203
swarm_1_149.pdb	15.031	27.399	0	9.376
swarm_1_134.pdb	10.935	33.549	0.0172414	8.168
swarm_18_74.pdb	14.375	24.514	0	7.846
swarm_25_147.pdb	14.299	27.252	0	6.968
swarm_22_77.pdb	17.681	34.615	0	3.667
swarm_18_96.pdb	14.587	24.333	0	1.945
swarm_23_18.pdb	15.774	26.532	0	0.870
