run1-swarm_8_46.pdb	5.092	16.966	0.0517241	40.225
run1-swarm_7_133.pdb	5.162	15.823	0.0172414	40.196
run1-swarm_22_170.pdb	4.895	17.294	0.0517241	39.841
run1-swarm_36_139.pdb	4.833	15.018	0.0689655	39.456
run1-swarm_13_159.pdb	7.018	17.229	0	36.999
run1-swarm_5_8.pdb	6.048	31.104	0.0517241	36.033
run1-swarm_13_31.pdb	9.078	27.943	0.0172414	35.135
run1-swarm_3_190.pdb	4.808	21.507	0.0689655	34.676
run1-swarm_20_89.pdb	4.965	26.357	0.0689655	34.491
run1-swarm_30_115.pdb	8.976	32.803	0.0344828	34.381
run1-swarm_15_95.pdb	3.906	13.198	0.241379	34.372
run1-swarm_15_113.pdb	6.274	16.768	0	34.066
run1-swarm_8_160.pdb	2.946	7.794	0.275862	33.605
run1-swarm_15_104.pdb	5.968	23.160	0.344828	32.967
run1-swarm_7_17.pdb	5.350	17.389	0.103448	32.788
run1-swarm_21_28.pdb	4.030	14.415	0.275862	32.694
run1-swarm_21_59.pdb	7.362	27.455	0.258621	32.299
run1-swarm_29_48.pdb	9.170	30.198	0	31.910
run1-swarm_13_129.pdb	6.157	23.589	0.327586	31.809
run1-swarm_0_116.pdb	7.080	24.502	0.206897	31.779
run1-swarm_8_98.pdb	5.843	12.017	0.0344828	31.709
run1-swarm_15_8.pdb	7.331	20.723	0	31.399
run1-swarm_0_39.pdb	7.973	28.287	0.189655	31.381
run1-swarm_33_78.pdb	10.007	29.835	0.0172414	31.375
run1-swarm_21_148.pdb	7.806	29.097	0.155172	30.658
run1-swarm_24_113.pdb	5.955	17.661	0	30.553
run1-swarm_36_172.pdb	5.945	10.035	0.0344828	30.022
run1-swarm_19_70.pdb	8.428	30.127	0.189655	29.842
run1-swarm_21_152.pdb	6.206	20.054	0.0689655	29.181
run1-swarm_11_69.pdb	9.617	31.870	0.0344828	28.923
run1-swarm_6_101.pdb	5.035	19.145	0.327586	28.914
run1-swarm_37_140.pdb	8.461	22.058	0.0517241	28.865
run1-swarm_23_162.pdb	5.843	23.844	0.12069	28.771
run1-swarm_22_139.pdb	5.614	23.997	0.0172414	28.632
run1-swarm_23_6.pdb	8.027	22.346	0.0344828	28.500
run1-swarm_12_134.pdb	7.018	25.196	0.0689655	28.004
run1-swarm_35_124.pdb	8.374	33.542	0.0689655	27.871
run1-swarm_19_52.pdb	7.367	26.124	0.0689655	27.594
run1-swarm_17_31.pdb	10.079	45.559	0	27.447
run1-swarm_34_181.pdb	6.222	29.069	0.0344828	26.552
run1-swarm_24_38.pdb	4.183	15.596	0.241379	26.535
run1-swarm_1_119.pdb	5.796	20.351	0.103448	26.131
run1-swarm_24_0.pdb	6.180	20.670	0.0689655	26.128
run1-swarm_1_142.pdb	7.897	27.168	0.12069	26.041
run1-swarm_3_4.pdb	5.805	20.794	0.0862069	25.937
run1-swarm_37_84.pdb	10.638	26.485	0.0172414	25.827
run1-swarm_37_183.pdb	7.378	32.879	0.172414	25.587
run1-swarm_37_182.pdb	6.193	22.565	0.0517241	25.051
run1-swarm_34_12.pdb	8.645	41.161	0	24.896
run1-swarm_0_158.pdb	9.076	34.599	0.0689655	24.850
run1-swarm_8_187.pdb	6.628	17.097	0	24.667
run1-swarm_25_135.pdb	6.365	21.929	0.155172	23.575
run1-swarm_7_64.pdb	5.562	23.851	0.327586	22.633
run1-swarm_13_68.pdb	7.537	23.965	0.0172414	22.481
run1-swarm_14_39.pdb	8.736	39.461	0.0344828	22.276
run1-swarm_35_157.pdb	8.953	40.264	0.0344828	21.107
run1-swarm_12_165.pdb	8.946	35.017	0.0344828	20.913
run1-swarm_29_53.pdb	11.269	36.472	0	20.901
run1-swarm_1_23.pdb	6.917	18.145	0	20.686
run1-swarm_19_59.pdb	11.878	36.477	0	20.679
run1-swarm_12_37.pdb	7.046	27.505	0.103448	20.486
run1-swarm_10_168.pdb	9.062	27.802	0.0172414	20.388
run1-swarm_11_125.pdb	8.563	31.953	0.0517241	20.112
run1-swarm_13_188.pdb	10.339	29.093	0	19.998
run1-swarm_6_10.pdb	5.692	25.239	0.0862069	19.573
run1-swarm_19_69.pdb	9.224	27.810	0.0172414	19.238
run1-swarm_13_140.pdb	8.683	29.691	0	19.156
run1-swarm_17_149.pdb	11.303	48.803	0	18.598
run1-swarm_16_2.pdb	9.477	42.742	0	18.499
run1-swarm_0_44.pdb	7.446	28.516	0.137931	17.903
run1-swarm_32_164.pdb	11.113	39.910	0	17.828
run1-swarm_6_88.pdb	11.142	36.545	0	16.545
run1-swarm_27_59.pdb	9.074	40.370	0	16.433
run1-swarm_12_22.pdb	9.940	21.976	0.0172414	16.100
run1-swarm_10_18.pdb	11.927	39.198	0	15.952
run1-swarm_28_57.pdb	6.543	32.132	0.0517241	14.965
run1-swarm_29_75.pdb	10.403	38.847	0	14.369
run1-swarm_25_133.pdb	7.727	14.406	0	12.592
run1-swarm_19_93.pdb	11.328	40.600	0	12.052
run1-swarm_6_182.pdb	6.235	20.927	0.0344828	7.028
run1-swarm_24_63.pdb	8.589	27.806	0.0517241	0.947
