run0-swarm_14_101.pdb	8.721	61.794	0.0810811	36.318
run0-swarm_34_172.pdb	3.073	9.960	0.310811	34.347
run0-swarm_17_131.pdb	6.498	57.195	0.0540541	34.009
run0-swarm_39_135.pdb	6.510	54.482	0.0675676	33.839
run0-swarm_28_142.pdb	7.125	43.348	0.0540541	32.097
run0-swarm_21_193.pdb	5.108	24.334	0.0810811	32.071
run0-swarm_14_25.pdb	8.413	58.854	0.027027	30.112
run0-swarm_39_54.pdb	9.281	68.235	0	28.744
run0-swarm_18_171.pdb	7.683	44.010	0	28.521
run0-swarm_27_136.pdb	7.724	59.437	0.135135	28.480
run0-swarm_43_34.pdb	10.512	30.720	0	28.042
run0-swarm_3_99.pdb	9.896	30.851	0	27.773
run0-swarm_13_9.pdb	8.284	55.439	0.027027	27.313
run0-swarm_11_45.pdb	8.538	61.435	0.027027	27.301
run0-swarm_27_24.pdb	8.922	63.130	0.108108	26.946
run0-swarm_32_117.pdb	8.265	61.808	0.027027	26.714
run0-swarm_4_113.pdb	10.929	42.284	0	26.456
run0-swarm_10_94.pdb	6.624	46.353	0.0405405	25.874
run0-swarm_27_132.pdb	8.074	52.876	0.0810811	25.301
run0-swarm_38_129.pdb	5.552	31.999	0.027027	23.691
run0-swarm_13_56.pdb	6.835	48.592	0.175676	23.561
run0-swarm_3_40.pdb	10.892	42.294	0	22.836
run0-swarm_4_95.pdb	10.487	31.289	0	22.644
run0-swarm_24_129.pdb	9.848	23.425	0	21.990
run0-swarm_24_197.pdb	10.692	29.329	0	21.635
run0-swarm_48_44.pdb	8.449	64.493	0	21.280
run0-swarm_44_61.pdb	10.513	26.618	0	20.995
run0-swarm_47_88.pdb	9.766	64.739	0	20.407
run0-swarm_48_86.pdb	16.724	67.666	0	20.257
run0-swarm_21_110.pdb	2.672	15.425	0.324324	19.629
run0-swarm_26_88.pdb	6.963	45.436	0.0675676	19.203
run0-swarm_17_44.pdb	6.660	41.361	0.0405405	18.805
run0-swarm_32_77.pdb	9.497	66.993	0	18.567
run0-swarm_8_20.pdb	9.478	66.594	0	18.193
run0-swarm_13_86.pdb	6.789	50.302	0.108108	17.698
run0-swarm_50_72.pdb	10.794	54.730	0.0405405	16.724
run0-swarm_14_24.pdb	7.872	63.242	0.0945946	16.629
run0-swarm_5_195.pdb	7.552	44.500	0.027027	16.522
run0-swarm_13_181.pdb	12.951	49.431	0	16.454
run0-swarm_34_25.pdb	10.028	21.707	0	15.946
run0-swarm_4_123.pdb	8.530	31.543	0.0135135	15.881
run0-swarm_8_1.pdb	14.840	73.094	0	14.569
run0-swarm_19_12.pdb	10.354	35.949	0	13.987
run0-swarm_20_32.pdb	9.604	19.505	0	12.824
run0-swarm_29_134.pdb	12.117	75.105	0	12.714
run0-swarm_49_5.pdb	8.611	58.867	0.0675676	11.362
run0-swarm_37_19.pdb	10.120	67.007	0.0810811	11.347
run0-swarm_31_29.pdb	8.749	51.552	0	10.720
run0-swarm_2_173.pdb	6.393	37.529	0.0675676	9.474
run0-swarm_48_143.pdb	9.100	69.367	0	8.951
run0-swarm_4_119.pdb	9.611	41.237	0	7.414
run0-swarm_12_186.pdb	4.801	25.066	0.202703	5.424
run0-swarm_31_198.pdb	7.660	45.539	0.0135135	5.009
run0-swarm_34_116.pdb	5.847	19.008	0.0540541	3.380
run0-swarm_42_79.pdb	6.735	19.854	0	1.861
run0-swarm_20_38.pdb	7.017	12.514	0	0.803
