swarm_33_33.pdb	7.280	41.370	0.027027	43.724
swarm_36_183.pdb	5.452	53.708	0.216216	42.967
swarm_26_123.pdb	8.696	43.080	0.0135135	42.572
swarm_8_152.pdb	8.637	53.664	0.0135135	42.227
swarm_33_79.pdb	3.671	37.233	0.256757	42.161
swarm_36_108.pdb	7.150	55.430	0.0810811	41.909
swarm_9_73.pdb	8.594	38.886	0.0135135	40.407
swarm_25_172.pdb	7.162	61.087	0.0540541	38.641
swarm_9_153.pdb	3.983	27.441	0.189189	37.974
swarm_8_144.pdb	8.882	56.912	0	37.009
swarm_25_137.pdb	9.876	55.042	0	36.122
swarm_8_5.pdb	6.514	52.314	0.0405405	35.863
swarm_32_20.pdb	9.971	71.153	0	35.515
swarm_0_89.pdb	9.137	52.221	0	35.464
swarm_25_6.pdb	8.159	53.895	0	34.451
swarm_36_131.pdb	6.702	50.501	0.0405405	32.714
swarm_25_30.pdb	11.311	70.387	0	31.706
swarm_34_130.pdb	10.924	66.572	0	29.770
swarm_34_29.pdb	12.704	66.352	0	29.323
swarm_26_61.pdb	8.625	39.384	0	29.322
swarm_29_119.pdb	6.946	21.229	0.0135135	27.641
swarm_16_107.pdb	8.441	54.009	0.0135135	27.590
swarm_29_62.pdb	7.378	32.730	0.0135135	27.482
swarm_10_27.pdb	9.059	21.116	0	26.857
swarm_5_79.pdb	9.714	57.932	0	26.704
swarm_5_157.pdb	8.247	51.998	0.027027	26.689
swarm_3_157.pdb	8.871	60.536	0.0135135	25.754
swarm_27_63.pdb	6.411	50.344	0.027027	25.664
swarm_31_162.pdb	10.932	42.360	0	25.201
swarm_14_102.pdb	11.929	63.485	0	24.974
swarm_5_174.pdb	10.050	57.879	0	24.806
swarm_29_4.pdb	9.805	31.485	0	24.760
swarm_30_197.pdb	11.195	26.129	0	24.358
swarm_3_103.pdb	9.357	54.130	0	23.306
swarm_31_13.pdb	9.877	26.924	0	23.172
swarm_10_36.pdb	8.826	20.632	0	23.169
swarm_35_135.pdb	9.985	76.899	0	23.110
swarm_6_182.pdb	9.484	72.394	0	22.917
swarm_23_173.pdb	10.704	67.835	0	21.882
swarm_16_174.pdb	10.599	50.962	0	21.872
swarm_19_23.pdb	7.886	37.054	0	21.853
swarm_4_104.pdb	7.090	45.575	0.0405405	21.653
swarm_32_163.pdb	13.108	68.156	0	21.653
swarm_19_66.pdb	12.673	53.180	0	21.566
swarm_5_57.pdb	8.632	63.987	0.0540541	20.719
swarm_21_40.pdb	8.791	66.806	0.0135135	20.579
swarm_1_122.pdb	9.820	70.511	0	20.340
swarm_11_124.pdb	9.567	18.468	0	20.307
swarm_32_136.pdb	9.968	68.539	0	20.157
swarm_35_145.pdb	12.721	80.412	0	19.907
swarm_0_127.pdb	10.904	59.838	0	19.892
swarm_17_162.pdb	8.001	44.801	0.0405405	19.720
swarm_20_170.pdb	8.607	55.761	0	19.299
swarm_23_118.pdb	9.650	72.276	0	19.002
swarm_12_57.pdb	9.305	58.448	0	18.894
swarm_12_110.pdb	9.441	70.875	0	18.836
swarm_5_74.pdb	8.404	53.505	0.027027	18.698
swarm_27_14.pdb	8.982	57.513	0	18.319
swarm_11_194.pdb	6.736	27.253	0.027027	18.012
swarm_30_93.pdb	8.435	31.911	0.027027	17.994
swarm_9_23.pdb	13.957	35.128	0	17.934
swarm_16_130.pdb	8.632	43.392	0.0135135	17.656
swarm_31_15.pdb	9.325	39.675	0.0135135	17.409
swarm_13_194.pdb	7.021	12.537	0.0135135	17.365
swarm_26_31.pdb	15.214	47.407	0	16.523
swarm_17_10.pdb	8.131	29.367	0.0135135	16.502
swarm_13_64.pdb	10.069	25.250	0	16.310
swarm_3_117.pdb	8.771	52.975	0	16.055
swarm_20_138.pdb	9.556	46.543	0	15.919
swarm_13_179.pdb	7.638	22.374	0.0135135	15.729
swarm_8_97.pdb	12.499	56.315	0	15.530
swarm_22_188.pdb	10.866	34.169	0	14.476
swarm_0_71.pdb	13.122	48.399	0	14.450
swarm_2_152.pdb	7.407	34.508	0.0135135	13.827
swarm_28_122.pdb	12.594	29.903	0	13.612
swarm_10_33.pdb	9.921	25.349	0	13.473
swarm_28_158.pdb	12.926	37.560	0	13.135
swarm_28_103.pdb	11.086	30.717	0	13.125
swarm_19_53.pdb	7.427	30.592	0	12.264
swarm_14_115.pdb	13.782	74.188	0	11.712
swarm_22_77.pdb	11.073	32.394	0	10.910
swarm_10_60.pdb	7.363	18.595	0	10.401
swarm_19_64.pdb	10.629	38.003	0	3.250
swarm_12_138.pdb	12.227	55.404	0	2.708
swarm_10_50.pdb	8.061	14.564	0	2.526
swarm_18_132.pdb	10.148	74.367	0	2.183
swarm_28_14.pdb	10.295	34.357	0	1.756
