swarm_5_179.pdb	4.620	36.337	0.243243	40.737
swarm_39_123.pdb	3.345	34.732	0.337838	38.369
swarm_44_21.pdb	8.230	69.872	0.027027	38.014
swarm_8_24.pdb	2.717	12.134	0.432432	37.841
swarm_20_28.pdb	2.866	20.972	0.378378	35.937
swarm_38_168.pdb	6.903	62.290	0.0405405	35.033
swarm_14_121.pdb	8.588	60.424	0.0675676	34.351
swarm_37_188.pdb	7.456	59.550	0.027027	34.174
swarm_29_113.pdb	6.796	50.674	0.0810811	34.137
swarm_17_188.pdb	5.871	48.112	0.0945946	33.253
swarm_1_159.pdb	16.642	87.583	0	33.079
swarm_9_179.pdb	7.193	55.564	0.0405405	31.560
swarm_4_158.pdb	9.623	71.552	0	31.559
swarm_14_122.pdb	8.661	61.420	0.027027	31.253
swarm_34_85.pdb	7.979	70.010	0.027027	30.479
swarm_11_105.pdb	8.450	63.732	0.0675676	30.274
swarm_5_2.pdb	4.405	32.982	0.162162	30.135
swarm_13_37.pdb	7.445	46.266	0.0945946	30.062
swarm_13_101.pdb	8.215	56.958	0.027027	29.504
swarm_9_145.pdb	4.303	50.526	0.243243	29.001
swarm_12_151.pdb	6.607	39.766	0.0405405	28.709
swarm_26_32.pdb	7.764	58.253	0.121622	28.621
swarm_29_31.pdb	8.314	66.373	0.0405405	27.933
swarm_12_172.pdb	9.975	34.474	0	27.449
swarm_37_86.pdb	8.995	73.340	0.0135135	26.174
swarm_26_24.pdb	9.384	59.133	0.0135135	26.162
swarm_44_14.pdb	9.333	76.875	0	25.816
swarm_32_87.pdb	9.907	63.275	0	25.141
swarm_31_153.pdb	7.573	55.816	0.027027	24.853
swarm_24_73.pdb	19.056	68.207	0	24.736
swarm_17_108.pdb	6.330	44.425	0.027027	24.669
swarm_21_10.pdb	6.899	31.146	0.0135135	24.563
swarm_9_178.pdb	5.632	43.592	0.0540541	24.441
swarm_32_22.pdb	8.308	63.576	0.027027	23.384
swarm_11_84.pdb	7.559	52.958	0.027027	23.278
swarm_21_139.pdb	8.316	41.341	0.0135135	23.193
swarm_37_19.pdb	6.918	50.731	0.0405405	23.113
swarm_15_26.pdb	9.035	73.732	0	22.741
swarm_33_95.pdb	8.298	35.868	0.0135135	22.431
swarm_15_167.pdb	9.738	71.973	0	22.193
swarm_10_53.pdb	7.734	45.884	0.0135135	22.121
swarm_7_149.pdb	9.948	73.236	0	21.810
swarm_3_170.pdb	8.987	80.629	0.0810811	21.721
swarm_22_140.pdb	7.260	8.998	0	21.322
swarm_37_82.pdb	6.527	66.408	0.0810811	20.342
swarm_25_9.pdb	8.922	50.957	0.0135135	19.174
swarm_47_105.pdb	9.616	63.044	0	19.028
swarm_40_101.pdb	9.050	49.918	0	17.742
swarm_26_6.pdb	7.005	44.248	0.0945946	17.539
swarm_46_173.pdb	9.507	59.703	0	16.451
swarm_29_91.pdb	8.573	67.170	0.027027	14.298
swarm_20_38.pdb	6.778	20.440	0.0135135	13.201
swarm_39_1.pdb	7.989	46.978	0	13.049
swarm_4_161.pdb	8.130	70.305	0.0405405	12.224
swarm_13_148.pdb	5.851	28.843	0.148649	12.074
swarm_38_54.pdb	7.420	55.385	0.0135135	11.370
swarm_35_5.pdb	10.733	85.025	0	10.876
swarm_29_193.pdb	8.833	64.216	0.027027	10.359
swarm_38_64.pdb	8.466	62.150	0.0135135	7.835
swarm_8_35.pdb	4.488	17.758	0.202703	7.710
swarm_11_110.pdb	8.398	51.379	0.0135135	6.826
swarm_13_0.pdb	10.012	55.909	0	6.257
swarm_41_149.pdb	13.635	35.789	0	5.716
swarm_4_66.pdb	12.694	74.216	0	4.870
swarm_43_184.pdb	7.698	39.938	0.0540541	1.577
