swarm_17_129.pdb	36.724	90.353	0	37.069
swarm_6_122.pdb	18.492	65.652	0	37.016
swarm_7_6.pdb	30.181	72.522	0	36.561
swarm_30_160.pdb	10.669	30.222	0	35.875
swarm_8_138.pdb	31.756	57.823	0	35.497
swarm_3_102.pdb	31.154	64.153	0	35.442
swarm_24_105.pdb	37.537	93.290	0	35.371
swarm_22_72.pdb	16.051	81.751	0	34.114
swarm_4_52.pdb	17.294	68.169	0	33.956
swarm_9_159.pdb	36.936	91.615	0	33.867
swarm_0_52.pdb	19.918	48.129	0	33.626
swarm_35_20.pdb	25.537	63.729	0	32.661
swarm_35_176.pdb	34.716	67.964	0	32.568
swarm_27_146.pdb	15.318	61.161	0	31.284
swarm_30_6.pdb	23.913	57.053	0	31.157
swarm_30_107.pdb	24.233	58.043	0	31.026
swarm_18_170.pdb	15.123	80.603	0	31.021
swarm_36_87.pdb	19.367	65.411	0	30.255
swarm_35_27.pdb	13.951	53.479	0	29.806
swarm_34_41.pdb	15.972	101.059	0	28.616
swarm_8_170.pdb	34.090	63.268	0	28.338
swarm_18_32.pdb	16.259	82.825	0	28.140
swarm_35_117.pdb	17.787	55.832	0	27.697
swarm_0_155.pdb	32.484	66.608	0	27.535
swarm_6_189.pdb	35.396	74.128	0	27.056
swarm_37_181.pdb	13.642	73.376	0	26.884
swarm_34_110.pdb	26.949	90.613	0	26.884
swarm_15_84.pdb	33.424	75.180	0	26.548
swarm_18_121.pdb	32.594	75.841	0	26.544
swarm_30_67.pdb	13.755	37.422	0	26.468
swarm_15_168.pdb	31.476	86.876	0	26.226
swarm_18_84.pdb	31.855	72.281	0	25.886
swarm_33_146.pdb	17.425	102.733	0	25.829
swarm_0_116.pdb	33.608	59.794	0	25.419
swarm_25_19.pdb	24.039	70.586	0	24.815
swarm_28_34.pdb	29.484	65.228	0	24.285
swarm_9_121.pdb	35.684	88.350	0	24.232
swarm_23_169.pdb	31.881	72.486	0	24.024
swarm_9_74.pdb	36.218	91.610	0	23.898
swarm_3_145.pdb	29.189	63.174	0	23.562
swarm_9_178.pdb	29.073	97.962	0	23.371
swarm_37_56.pdb	34.908	74.550	0	23.334
swarm_29_27.pdb	34.094	61.907	0	23.112
swarm_34_157.pdb	39.340	95.757	0	22.872
swarm_20_75.pdb	28.869	59.649	0	22.421
swarm_31_38.pdb	16.829	101.146	0	22.400
swarm_28_6.pdb	15.656	46.689	0	22.265
swarm_25_158.pdb	14.957	77.673	0	22.134
swarm_39_121.pdb	34.852	70.580	0	21.888
swarm_30_122.pdb	24.480	55.442	0	21.882
swarm_29_172.pdb	30.433	59.102	0	21.650
swarm_18_124.pdb	36.125	75.938	0	21.647
swarm_27_199.pdb	13.853	64.889	0	21.553
swarm_27_40.pdb	31.466	74.384	0	21.269
swarm_6_21.pdb	16.163	84.253	0	21.138
swarm_39_24.pdb	28.539	65.230	0	21.080
swarm_7_25.pdb	31.326	76.804	0	20.762
swarm_36_10.pdb	26.271	63.999	0	20.467
swarm_6_75.pdb	33.655	69.148	0	20.459
swarm_10_44.pdb	24.511	62.219	0	20.412
swarm_29_146.pdb	26.582	65.899	0	20.184
swarm_36_198.pdb	14.868	60.996	0	19.840
swarm_39_85.pdb	31.209	72.349	0	19.764
swarm_36_79.pdb	20.468	68.192	0	19.439
swarm_22_137.pdb	15.431	84.022	0	19.304
swarm_24_65.pdb	34.506	89.656	0	19.218
swarm_0_26.pdb	30.059	67.080	0	18.811
swarm_39_93.pdb	29.985	74.918	0	17.349
swarm_13_123.pdb	29.447	73.949	0	17.345
swarm_8_28.pdb	26.794	57.404	0	17.319
swarm_8_147.pdb	28.347	55.952	0	17.220
swarm_25_141.pdb	36.637	85.662	0	16.714
swarm_17_9.pdb	15.500	104.113	0	16.216
swarm_6_172.pdb	32.499	72.314	0	15.863
swarm_6_148.pdb	34.737	71.837	0	15.836
swarm_23_19.pdb	29.051	87.527	0	15.750
swarm_35_14.pdb	27.015	59.730	0	15.376
swarm_6_139.pdb	22.997	64.599	0	14.562
swarm_24_68.pdb	34.065	92.158	0	14.524
swarm_19_151.pdb	23.495	62.808	0	14.412
swarm_1_134.pdb	17.579	111.694	0	14.399
swarm_3_42.pdb	14.956	69.758	0	14.259
swarm_9_40.pdb	33.778	86.993	0	14.171
swarm_24_81.pdb	31.079	87.467	0	13.855
swarm_39_51.pdb	15.335	75.056	0	7.194
swarm_18_151.pdb	16.282	76.376	0	5.204
swarm_11_1.pdb	26.333	51.553	0	4.364
