swarm_5_54.pdb	9.132	14.764	0	32.064
swarm_20_156.pdb	11.902	22.519	0	31.991
swarm_9_135.pdb	7.479	51.131	0.0540541	30.455
swarm_14_171.pdb	17.330	42.796	0	30.247
swarm_4_124.pdb	11.281	29.275	0	26.700
swarm_16_67.pdb	12.490	26.279	0	26.469
swarm_1_123.pdb	17.870	54.313	0	26.201
swarm_22_51.pdb	11.790	30.884	0	25.742
swarm_7_151.pdb	12.132	20.974	0	25.414
swarm_13_130.pdb	15.309	41.435	0	23.937
swarm_20_5.pdb	7.299	24.892	0	22.551
swarm_28_122.pdb	7.498	63.069	0.0945946	21.756
swarm_21_178.pdb	11.620	32.987	0	20.425
swarm_6_107.pdb	12.376	26.485	0	20.133
swarm_5_95.pdb	12.811	23.608	0	18.846
swarm_21_131.pdb	12.086	20.892	0	18.671
swarm_25_51.pdb	14.942	44.669	0	17.063
swarm_18_111.pdb	13.043	48.460	0	16.556
swarm_4_74.pdb	9.242	41.172	0	16.387
swarm_21_34.pdb	9.697	19.184	0	15.370
swarm_15_77.pdb	8.936	75.814	0	15.110
swarm_7_116.pdb	8.511	22.645	0	13.897
swarm_5_82.pdb	10.303	23.493	0	13.109
swarm_16_2.pdb	13.989	23.237	0	12.919
swarm_25_76.pdb	17.697	42.962	0	12.786
swarm_13_128.pdb	13.315	36.195	0	12.656
swarm_9_58.pdb	9.767	55.592	0.0405405	11.836
swarm_22_120.pdb	7.906	42.454	0	11.563
swarm_22_107.pdb	6.458	19.397	0.0540541	11.395
swarm_22_172.pdb	8.794	23.874	0	11.034
swarm_19_146.pdb	15.206	38.968	0	10.930
swarm_26_187.pdb	7.392	60.648	0.0540541	10.514
swarm_19_175.pdb	6.516	29.691	0.0675676	10.283
swarm_8_144.pdb	13.107	43.498	0	9.101
swarm_8_173.pdb	12.573	37.673	0	4.062
swarm_13_143.pdb	16.231	50.650	0	3.720
swarm_25_2.pdb	8.319	38.301	0	2.864
swarm_19_84.pdb	8.632	18.507	0	2.331
swarm_6_143.pdb	8.739	28.986	0	2.226
