swarm_60_166.pdb	23.875	90.171	0	40.601
swarm_37_40.pdb	15.250	58.522	0	38.693
swarm_17_129.pdb	36.724	90.353	0	37.069
swarm_6_122.pdb	18.492	65.652	0	37.016
swarm_7_6.pdb	30.181	72.522	0	36.561
swarm_47_172.pdb	14.083	87.212	0	36.367
swarm_42_40.pdb	21.237	59.427	0	36.007
swarm_30_160.pdb	10.669	30.222	0	35.875
swarm_8_138.pdb	31.756	57.823	0	35.497
swarm_3_102.pdb	31.154	64.153	0	35.442
swarm_18_91.pdb	24.455	57.020	0	35.392
swarm_24_105.pdb	37.537	93.290	0	35.371
swarm_61_30.pdb	12.425	75.527	0	34.757
swarm_66_193.pdb	19.134	62.946	0	34.414
swarm_43_78.pdb	28.172	80.803	0	34.172
swarm_22_72.pdb	16.051	81.751	0	34.114
swarm_4_52.pdb	17.294	68.169	0	33.956
swarm_9_159.pdb	36.936	91.615	0	33.867
swarm_0_52.pdb	19.918	48.129	0	33.626
swarm_9_39.pdb	31.985	57.027	0	33.345
swarm_9_42.pdb	22.731	55.909	0	33.270
swarm_13_41.pdb	14.466	80.356	0	33.259
swarm_33_17.pdb	30.337	64.138	0	32.974
swarm_26_49.pdb	19.377	38.384	0	32.882
swarm_40_1.pdb	10.797	47.281	0	32.697
swarm_35_20.pdb	25.537	63.729	0	32.661
swarm_35_176.pdb	34.716	67.964	0	32.568
swarm_34_55.pdb	14.632	56.685	0	32.237
swarm_20_40.pdb	37.026	63.365	0	32.237
swarm_10_188.pdb	16.482	73.282	0	32.034
swarm_27_146.pdb	15.318	61.161	0	31.284
swarm_15_117.pdb	35.578	61.480	0	31.261
swarm_30_6.pdb	23.913	57.053	0	31.157
swarm_32_160.pdb	8.863	25.200	0	31.142
swarm_40_191.pdb	33.080	68.421	0	31.140
swarm_30_107.pdb	24.233	58.043	0	31.026
swarm_18_170.pdb	15.123	80.603	0	31.021
swarm_16_60.pdb	19.549	44.890	0	30.986
swarm_32_148.pdb	23.242	55.878	0	30.821
swarm_49_23.pdb	12.654	70.852	0.027027	30.788
swarm_54_184.pdb	24.485	53.581	0	30.743
swarm_59_51.pdb	12.625	45.600	0	30.629
swarm_36_87.pdb	19.367	65.411	0	30.255
swarm_11_111.pdb	28.735	68.330	0	30.146
swarm_59_142.pdb	17.574	67.556	0	29.959
swarm_2_87.pdb	17.179	60.739	0	29.955
swarm_23_167.pdb	33.887	79.433	0	29.944
swarm_28_61.pdb	15.604	50.585	0	29.936
swarm_36_194.pdb	14.622	44.640	0	29.858
swarm_35_27.pdb	13.951	53.479	0	29.806
swarm_41_40.pdb	14.532	89.221	0	29.786
swarm_47_174.pdb	29.629	78.354	0	29.734
swarm_66_29.pdb	21.282	63.663	0	29.697
swarm_25_152.pdb	16.503	77.101	0	29.637
swarm_3_160.pdb	29.832	69.550	0	29.609
swarm_48_186.pdb	21.383	67.307	0	29.589
swarm_19_127.pdb	34.341	71.080	0	29.576
swarm_21_184.pdb	32.475	59.291	0	29.525
swarm_8_138.pdb	13.767	79.211	0	29.435
swarm_21_172.pdb	14.374	97.269	0.0405405	29.412
swarm_20_32.pdb	33.684	57.947	0	29.399
swarm_11_183.pdb	15.624	77.732	0	29.386
swarm_22_125.pdb	10.779	60.268	0	29.367
swarm_24_67.pdb	32.537	63.294	0	29.238
swarm_12_132.pdb	25.090	70.820	0	29.225
swarm_11_163.pdb	14.943	77.494	0	29.193
swarm_40_174.pdb	32.528	79.939	0	29.063
swarm_54_35.pdb	11.041	75.397	0	28.957
swarm_20_12.pdb	10.134	39.589	0.027027	28.801
swarm_59_116.pdb	16.634	56.264	0	28.752
swarm_0_10.pdb	23.464	62.428	0	28.704
swarm_49_110.pdb	14.502	78.195	0	28.640
swarm_55_102.pdb	16.269	61.621	0	28.629
swarm_15_26.pdb	36.558	66.370	0	28.620
swarm_34_41.pdb	15.972	101.059	0	28.616
swarm_26_137.pdb	12.035	88.789	0	28.604
swarm_51_93.pdb	42.501	93.789	0	28.554
swarm_6_126.pdb	11.822	57.335	0	28.503
swarm_47_13.pdb	17.942	69.561	0	28.482
swarm_44_102.pdb	16.711	68.898	0.0405405	28.459
swarm_59_110.pdb	33.957	63.101	0	28.395
swarm_19_47.pdb	32.075	69.813	0	28.360
swarm_50_81.pdb	11.940	70.070	0.0405405	28.343
swarm_8_170.pdb	34.090	63.268	0	28.338
swarm_20_114.pdb	33.267	56.940	0	28.314
swarm_62_110.pdb	15.630	79.352	0	28.201
swarm_30_121.pdb	16.441	43.793	0	28.181
swarm_5_46.pdb	27.414	51.216	0	28.141
swarm_18_32.pdb	16.259	82.825	0	28.140
swarm_4_130.pdb	29.071	72.556	0	28.135
swarm_4_63.pdb	38.628	83.293	0	28.089
swarm_19_86.pdb	22.420	55.108	0	28.057
swarm_23_185.pdb	32.034	83.272	0	27.973
swarm_35_152.pdb	24.103	52.345	0	27.918
swarm_4_83.pdb	15.764	86.366	0	27.901
swarm_36_157.pdb	32.404	62.232	0	27.785
swarm_19_74.pdb	33.417	70.104	0	27.745
swarm_26_63.pdb	15.027	88.150	0	27.706
swarm_35_117.pdb	17.787	55.832	0	27.697
swarm_47_135.pdb	33.636	85.939	0	27.665
swarm_11_185.pdb	30.472	54.056	0	27.661
swarm_20_25.pdb	35.223	61.428	0	27.658
swarm_20_54.pdb	12.288	81.940	0	27.651
swarm_33_192.pdb	10.874	67.638	0	27.627
swarm_32_158.pdb	32.731	46.881	0	27.600
swarm_0_155.pdb	32.484	66.608	0	27.535
swarm_48_74.pdb	29.762	55.251	0	27.496
swarm_35_160.pdb	30.462	68.324	0	27.446
swarm_24_14.pdb	29.455	75.302	0	27.440
swarm_33_196.pdb	31.166	73.610	0	27.399
swarm_3_37.pdb	18.311	81.366	0.0135135	27.397
swarm_44_17.pdb	35.737	78.650	0	27.346
swarm_17_37.pdb	32.397	50.250	0	27.346
swarm_62_192.pdb	18.737	85.743	0	27.339
swarm_44_80.pdb	15.169	44.707	0	27.321
swarm_14_74.pdb	39.006	65.079	0	27.295
swarm_3_48.pdb	26.969	76.086	0	27.287
swarm_47_116.pdb	16.805	80.141	0	27.286
swarm_24_52.pdb	30.135	63.975	0	27.278
swarm_34_42.pdb	19.079	58.904	0	27.224
swarm_25_29.pdb	18.317	83.570	0	27.208
swarm_35_87.pdb	25.414	68.023	0	27.134
swarm_44_25.pdb	34.199	82.624	0	27.130
swarm_2_56.pdb	22.181	64.993	0	27.120
swarm_26_157.pdb	35.003	85.975	0	27.099
swarm_28_66.pdb	8.751	46.143	0	27.076
swarm_6_189.pdb	35.396	74.128	0	27.056
swarm_24_41.pdb	27.423	68.179	0	27.053
swarm_35_156.pdb	13.859	69.942	0	27.011
swarm_42_165.pdb	19.160	46.126	0	26.977
swarm_22_107.pdb	34.622	70.941	0	26.976
swarm_1_56.pdb	14.168	82.385	0	26.934
swarm_37_181.pdb	13.642	73.376	0	26.884
swarm_34_110.pdb	26.949	90.613	0	26.884
swarm_59_56.pdb	26.099	69.861	0	26.832
swarm_62_78.pdb	13.511	81.489	0	26.778
swarm_40_1.pdb	15.755	87.770	0	26.778
swarm_44_62.pdb	27.336	73.985	0	26.745
swarm_6_5.pdb	13.878	35.903	0	26.735
swarm_61_7.pdb	28.605	76.324	0	26.705
swarm_64_161.pdb	17.742	82.502	0	26.696
swarm_12_139.pdb	37.764	78.695	0	26.673
swarm_43_195.pdb	34.298	85.045	0	26.672
swarm_41_145.pdb	27.487	58.475	0	26.652
swarm_7_38.pdb	26.646	74.422	0	26.594
swarm_5_112.pdb	19.588	75.489	0	26.560
swarm_16_83.pdb	30.128	49.279	0	26.558
swarm_15_84.pdb	33.424	75.180	0	26.548
swarm_18_121.pdb	32.594	75.841	0	26.544
swarm_7_92.pdb	28.402	49.840	0	26.499
swarm_24_28.pdb	24.520	49.966	0	26.497
swarm_34_39.pdb	16.951	82.529	0	26.496
swarm_4_45.pdb	11.815	70.522	0.0135135	26.489
swarm_50_139.pdb	37.292	71.786	0	26.483
swarm_30_67.pdb	13.755	37.422	0	26.468
swarm_42_36.pdb	16.646	43.455	0	26.431
swarm_7_60.pdb	13.571	79.046	0	26.374
swarm_42_39.pdb	34.269	57.419	0	26.346
swarm_39_16.pdb	10.446	52.762	0.0135135	26.346
swarm_21_8.pdb	18.316	97.383	0	26.333
swarm_31_99.pdb	20.835	60.203	0	26.312
swarm_26_127.pdb	30.336	76.848	0	26.309
swarm_44_177.pdb	16.309	49.688	0	26.291
swarm_47_167.pdb	12.933	87.877	0	26.274
swarm_60_150.pdb	16.969	100.616	0.0405405	26.227
swarm_15_168.pdb	31.476	86.876	0	26.226
swarm_40_148.pdb	18.370	72.722	0	26.199
swarm_39_133.pdb	9.694	41.898	0.0135135	26.199
swarm_5_6.pdb	24.149	61.674	0	26.147
swarm_39_196.pdb	30.448	61.358	0	26.144
swarm_26_168.pdb	31.800	80.079	0	26.129
swarm_59_16.pdb	21.139	51.564	0	26.099
swarm_21_115.pdb	30.596	55.614	0	26.090
swarm_20_38.pdb	14.803	61.214	0.0135135	26.040
swarm_52_53.pdb	14.775	45.958	0	26.030
swarm_51_90.pdb	37.704	84.533	0	26.016
swarm_49_25.pdb	23.083	58.182	0	25.989
swarm_3_39.pdb	15.227	75.559	0.027027	25.989
swarm_20_88.pdb	11.403	48.407	0.148649	25.925
swarm_14_60.pdb	38.410	61.133	0	25.895
swarm_18_84.pdb	31.855	72.281	0	25.886
swarm_39_54.pdb	38.805	99.015	0	25.834
swarm_33_146.pdb	17.425	102.733	0	25.829
swarm_0_19.pdb	30.209	68.215	0	25.774
swarm_17_44.pdb	40.796	84.682	0	25.718
swarm_20_168.pdb	32.177	61.596	0	25.667
swarm_14_97.pdb	38.468	62.002	0	25.543
swarm_30_90.pdb	17.402	55.849	0	25.515
swarm_35_86.pdb	26.799	50.670	0	25.513
swarm_37_81.pdb	27.806	64.810	0	25.473
swarm_58_121.pdb	23.177	58.094	0	25.436
swarm_0_116.pdb	33.608	59.794	0	25.419
swarm_36_193.pdb	31.140	59.075	0	25.414
swarm_49_192.pdb	31.850	71.005	0	25.322
swarm_5_75.pdb	33.663	71.864	0	25.298
swarm_17_185.pdb	11.941	84.671	0.0540541	25.250
swarm_51_187.pdb	35.863	69.492	0	25.213
swarm_40_60.pdb	12.839	93.236	0.0135135	25.177
swarm_7_19.pdb	14.095	59.388	0	25.157
swarm_60_70.pdb	13.182	27.852	0	25.112
swarm_46_41.pdb	17.820	77.211	0.0135135	25.082
swarm_25_83.pdb	33.618	61.473	0	25.078
swarm_2_167.pdb	23.968	57.130	0	25.059
swarm_14_170.pdb	33.251	64.986	0	25.034
swarm_18_18.pdb	20.166	39.922	0	24.974
swarm_57_5.pdb	31.611	80.743	0	24.972
swarm_39_122.pdb	12.063	46.554	0	24.904
swarm_25_19.pdb	24.039	70.586	0	24.815
swarm_48_2.pdb	11.247	32.125	0	24.806
swarm_32_9.pdb	34.881	55.662	0	24.762
swarm_26_45.pdb	24.200	58.688	0	24.760
swarm_12_9.pdb	23.940	74.342	0	24.715
swarm_4_21.pdb	27.372	70.219	0	24.702
swarm_55_188.pdb	14.294	92.355	0	24.646
swarm_44_21.pdb	23.737	59.365	0	24.642
swarm_22_92.pdb	13.644	60.661	0	24.615
swarm_17_107.pdb	36.376	61.509	0	24.580
swarm_41_64.pdb	25.787	85.612	0	24.561
swarm_6_55.pdb	33.572	50.975	0	24.519
swarm_46_69.pdb	35.889	70.493	0	24.494
swarm_11_48.pdb	35.046	67.236	0	24.488
swarm_45_74.pdb	37.970	74.047	0	24.474
swarm_17_17.pdb	32.171	47.612	0	24.456
swarm_40_182.pdb	40.183	87.329	0	24.430
swarm_37_157.pdb	11.352	50.166	0	24.428
swarm_16_95.pdb	14.815	51.450	0	24.423
swarm_14_9.pdb	24.484	73.459	0	24.412
swarm_51_96.pdb	34.616	87.691	0	24.378
swarm_28_34.pdb	29.484	65.228	0	24.285
swarm_0_71.pdb	33.581	59.894	0	24.276
swarm_37_76.pdb	14.332	60.026	0	24.260
swarm_35_163.pdb	16.216	81.357	0	24.244
swarm_9_121.pdb	35.684	88.350	0	24.232
swarm_38_51.pdb	29.731	58.246	0	24.230
swarm_61_105.pdb	37.589	85.581	0	24.172
swarm_11_154.pdb	28.772	69.813	0	24.163
swarm_20_76.pdb	33.039	73.631	0	24.161
swarm_55_163.pdb	33.474	63.989	0	24.123
swarm_2_177.pdb	9.886	45.505	0.0135135	24.050
swarm_23_169.pdb	31.881	72.486	0	24.024
swarm_22_199.pdb	16.620	66.191	0	24.021
swarm_24_62.pdb	22.566	70.999	0	23.982
swarm_12_65.pdb	36.064	69.669	0	23.976
swarm_45_79.pdb	12.791	75.561	0.0405405	23.938
swarm_17_161.pdb	6.529	21.742	0.0945946	23.911
swarm_9_74.pdb	36.218	91.610	0	23.898
swarm_0_136.pdb	23.014	61.572	0	23.894
swarm_12_20.pdb	18.305	79.744	0	23.880
swarm_2_149.pdb	21.152	63.570	0	23.764
swarm_37_142.pdb	26.049	66.140	0	23.710
swarm_57_189.pdb	11.807	85.990	0	23.703
swarm_66_103.pdb	23.582	57.727	0	23.656
swarm_14_162.pdb	35.467	55.571	0	23.652
swarm_40_39.pdb	37.187	80.388	0	23.638
swarm_18_130.pdb	31.834	53.720	0	23.620
swarm_45_175.pdb	28.558	64.052	0	23.617
swarm_12_123.pdb	34.320	85.111	0	23.600
swarm_36_148.pdb	21.206	61.319	0	23.595
swarm_49_112.pdb	35.968	75.386	0	23.592
swarm_61_101.pdb	32.044	77.273	0	23.577
swarm_1_133.pdb	15.359	85.913	0	23.576
swarm_3_145.pdb	29.189	63.174	0	23.562
swarm_0_159.pdb	19.772	68.678	0	23.556
swarm_18_177.pdb	35.031	58.516	0	23.537
swarm_2_154.pdb	32.805	63.991	0	23.531
swarm_4_154.pdb	30.692	84.667	0	23.483
swarm_46_105.pdb	30.803	58.116	0	23.463
swarm_45_9.pdb	32.916	77.816	0	23.461
swarm_21_15.pdb	33.585	55.419	0	23.418
swarm_19_12.pdb	33.340	48.401	0	23.402
swarm_10_118.pdb	32.570	59.446	0	23.382
swarm_9_178.pdb	29.073	97.962	0	23.371
swarm_24_115.pdb	8.021	44.571	0	23.355
swarm_37_56.pdb	34.908	74.550	0	23.334
swarm_37_191.pdb	14.351	47.355	0	23.317
swarm_5_37.pdb	38.815	79.138	0	23.300
swarm_49_122.pdb	10.620	77.742	0	23.206
swarm_49_155.pdb	15.112	79.042	0	23.202
swarm_0_126.pdb	29.970	66.453	0	23.198
swarm_40_87.pdb	24.571	54.229	0	23.171
swarm_40_53.pdb	16.736	90.632	0	23.144
swarm_1_120.pdb	18.828	88.093	0	23.143
swarm_28_61.pdb	24.677	69.409	0	23.142
swarm_29_27.pdb	34.094	61.907	0	23.112
swarm_46_58.pdb	32.498	95.082	0	23.097
swarm_37_180.pdb	15.627	69.978	0.0405405	23.093
swarm_50_176.pdb	18.924	63.299	0	23.052
swarm_17_106.pdb	36.919	52.080	0	23.029
swarm_1_133.pdb	37.294	59.299	0	23.023
swarm_0_179.pdb	19.008	63.306	0	22.984
swarm_21_3.pdb	36.410	83.449	0	22.954
swarm_21_67.pdb	26.360	59.265	0	22.940
swarm_34_157.pdb	39.340	95.757	0	22.872
swarm_60_162.pdb	15.351	35.649	0	22.832
swarm_63_9.pdb	13.097	75.628	0	22.787
swarm_22_63.pdb	25.114	70.702	0	22.763
swarm_37_19.pdb	9.996	50.256	0.0135135	22.717
swarm_22_160.pdb	33.326	63.932	0	22.707
swarm_19_95.pdb	15.209	81.424	0	22.694
swarm_64_181.pdb	32.615	85.723	0	22.690
swarm_0_116.pdb	28.445	53.326	0	22.671
swarm_20_196.pdb	20.232	40.833	0	22.610
swarm_24_149.pdb	16.658	72.944	0.0135135	22.584
swarm_11_184.pdb	33.198	63.608	0	22.564
swarm_37_174.pdb	33.507	57.868	0	22.551
swarm_34_157.pdb	12.499	61.704	0	22.541
swarm_63_111.pdb	30.825	65.090	0	22.538
swarm_49_54.pdb	8.995	57.367	0.0135135	22.532
swarm_56_94.pdb	28.517	71.683	0	22.485
swarm_18_18.pdb	16.913	41.876	0	22.436
swarm_34_120.pdb	10.207	69.069	0.027027	22.424
swarm_20_75.pdb	28.869	59.649	0	22.421
swarm_31_38.pdb	16.829	101.146	0	22.400
swarm_22_49.pdb	35.975	55.256	0	22.379
swarm_30_143.pdb	21.278	49.025	0	22.365
swarm_50_148.pdb	39.093	74.824	0	22.332
swarm_12_184.pdb	14.509	82.371	0.027027	22.325
swarm_49_151.pdb	28.193	65.767	0	22.282
swarm_28_6.pdb	15.656	46.689	0	22.265
swarm_39_164.pdb	35.348	59.558	0	22.250
swarm_51_44.pdb	31.482	73.190	0	22.248
swarm_33_181.pdb	15.762	58.672	0	22.243
swarm_14_173.pdb	14.390	54.582	0	22.217
swarm_36_95.pdb	38.533	68.321	0	22.215
swarm_48_7.pdb	17.355	37.126	0	22.182
swarm_20_87.pdb	25.918	63.656	0	22.152
swarm_25_158.pdb	14.957	77.673	0	22.134
swarm_1_134.pdb	19.438	51.146	0	22.073
swarm_3_21.pdb	26.962	62.220	0	22.068
swarm_65_32.pdb	29.659	67.173	0	22.063
swarm_4_53.pdb	36.231	79.868	0	22.051
swarm_19_165.pdb	23.956	50.022	0	22.049
swarm_61_99.pdb	36.042	83.445	0	22.047
swarm_9_160.pdb	33.611	71.417	0	22.045
swarm_49_152.pdb	33.964	72.607	0	21.988
swarm_23_92.pdb	38.520	80.508	0	21.985
swarm_36_1.pdb	29.655	60.971	0	21.970
swarm_8_183.pdb	12.678	38.435	0	21.936
swarm_54_190.pdb	24.894	56.227	0	21.919
swarm_39_121.pdb	34.852	70.580	0	21.888
swarm_30_122.pdb	24.480	55.442	0	21.882
swarm_46_171.pdb	18.658	69.982	0	21.876
swarm_29_30.pdb	39.255	75.195	0	21.875
swarm_34_154.pdb	13.997	76.225	0	21.874
swarm_16_185.pdb	17.376	42.276	0	21.824
swarm_64_146.pdb	36.249	87.992	0	21.800
swarm_35_62.pdb	35.242	56.878	0	21.756
swarm_51_133.pdb	24.612	75.548	0	21.718
swarm_7_15.pdb	34.829	55.779	0	21.712
swarm_52_130.pdb	38.208	62.041	0	21.697
swarm_13_38.pdb	25.630	74.049	0	21.662
swarm_40_164.pdb	11.093	45.696	0	21.657
swarm_29_172.pdb	30.433	59.102	0	21.650
swarm_18_124.pdb	36.125	75.938	0	21.647
swarm_22_171.pdb	38.005	68.374	0	21.631
swarm_10_154.pdb	10.635	42.403	0	21.572
swarm_27_199.pdb	13.853	64.889	0	21.553
swarm_60_2.pdb	24.783	56.470	0	21.536
swarm_46_119.pdb	19.296	60.795	0	21.519
swarm_21_14.pdb	22.632	72.889	0	21.505
swarm_5_132.pdb	37.715	83.193	0	21.500
swarm_28_4.pdb	13.303	74.372	0	21.496
swarm_66_155.pdb	32.551	69.446	0	21.485
swarm_41_155.pdb	38.068	84.968	0	21.448
swarm_21_41.pdb	34.976	77.170	0	21.394
swarm_28_195.pdb	16.433	65.125	0	21.371
swarm_63_145.pdb	15.220	74.541	0	21.280
swarm_0_53.pdb	26.535	61.722	0	21.270
swarm_27_40.pdb	31.466	74.384	0	21.269
swarm_19_61.pdb	17.249	34.796	0	21.267
swarm_49_23.pdb	31.418	69.154	0	21.252
swarm_38_124.pdb	9.708	44.489	0	21.249
swarm_28_28.pdb	21.121	72.818	0	21.217
swarm_34_55.pdb	30.345	68.725	0	21.213
swarm_10_187.pdb	28.887	68.977	0	21.208
swarm_6_21.pdb	16.163	84.253	0	21.138
swarm_5_131.pdb	15.892	88.728	0	21.114
swarm_58_46.pdb	23.478	44.825	0	21.089
swarm_12_150.pdb	37.491	85.982	0	21.082
swarm_39_24.pdb	28.539	65.230	0	21.080
swarm_52_88.pdb	33.539	59.539	0	21.053
swarm_55_71.pdb	17.542	97.790	0	21.037
swarm_61_199.pdb	40.922	90.206	0	21.036
swarm_43_173.pdb	40.920	97.674	0	20.965
swarm_18_126.pdb	23.728	61.257	0	20.956
swarm_3_114.pdb	15.302	60.540	0.027027	20.954
swarm_19_104.pdb	29.181	57.406	0	20.920
swarm_50_38.pdb	14.206	76.973	0	20.919
swarm_58_110.pdb	22.325	55.022	0	20.909
swarm_61_174.pdb	15.072	90.530	0	20.901
swarm_35_135.pdb	19.176	64.034	0	20.891
swarm_60_71.pdb	16.190	47.305	0	20.874
swarm_45_191.pdb	29.577	83.239	0	20.814
swarm_44_19.pdb	30.343	70.657	0	20.813
swarm_49_72.pdb	20.011	65.145	0	20.788
swarm_24_110.pdb	31.430	62.888	0	20.787
swarm_10_191.pdb	35.734	61.669	0	20.766
swarm_7_25.pdb	31.326	76.804	0	20.762
swarm_64_197.pdb	14.589	85.795	0	20.712
swarm_60_199.pdb	16.288	43.182	0	20.663
swarm_22_19.pdb	30.894	51.815	0	20.654
swarm_14_100.pdb	35.545	67.279	0	20.644
swarm_49_95.pdb	31.501	72.100	0	20.635
swarm_33_151.pdb	15.114	63.295	0	20.612
swarm_26_56.pdb	32.770	74.144	0	20.600
swarm_63_53.pdb	19.754	74.324	0	20.588
swarm_42_31.pdb	16.328	81.004	0	20.583
swarm_17_152.pdb	31.573	51.906	0	20.573
swarm_15_81.pdb	36.388	56.889	0	20.542
swarm_53_72.pdb	25.642	73.903	0	20.529
swarm_37_60.pdb	31.965	63.751	0	20.519
swarm_51_163.pdb	15.466	70.194	0	20.495
swarm_60_8.pdb	30.257	83.529	0	20.489
swarm_31_33.pdb	15.864	92.106	0	20.469
swarm_36_10.pdb	26.271	63.999	0	20.467
swarm_6_75.pdb	33.655	69.148	0	20.459
swarm_60_45.pdb	22.157	52.713	0	20.416
swarm_10_44.pdb	24.511	62.219	0	20.412
swarm_35_26.pdb	24.967	60.899	0	20.380
swarm_47_97.pdb	32.049	79.923	0	20.372
swarm_51_166.pdb	32.164	66.623	0	20.366
swarm_38_84.pdb	16.206	30.779	0	20.321
swarm_38_59.pdb	34.441	51.309	0	20.318
swarm_62_173.pdb	40.733	79.969	0	20.304
swarm_62_67.pdb	38.263	90.871	0	20.223
swarm_48_65.pdb	14.973	68.068	0	20.220
swarm_29_146.pdb	26.582	65.899	0	20.184
swarm_13_165.pdb	15.364	58.209	0	20.182
swarm_11_158.pdb	13.875	31.851	0	20.181
swarm_38_182.pdb	32.667	58.539	0	20.170
swarm_22_34.pdb	21.049	58.685	0	20.111
swarm_38_104.pdb	37.737	85.078	0	20.054
swarm_48_120.pdb	29.972	57.023	0	20.053
swarm_50_123.pdb	38.833	66.285	0	20.025
swarm_59_66.pdb	31.929	67.300	0	19.983
swarm_45_64.pdb	41.534	73.767	0	19.981
swarm_49_118.pdb	15.138	52.331	0	19.960
swarm_37_64.pdb	35.273	61.809	0	19.952
swarm_32_97.pdb	16.947	41.394	0	19.948
swarm_25_114.pdb	16.611	87.298	0.0405405	19.941
swarm_26_32.pdb	16.999	37.837	0	19.939
swarm_37_172.pdb	12.510	51.764	0	19.925
swarm_26_50.pdb	15.080	30.638	0	19.911
swarm_43_33.pdb	17.255	90.821	0	19.891
swarm_35_84.pdb	32.599	72.108	0	19.874
swarm_40_102.pdb	9.937	45.245	0.0540541	19.862
swarm_52_72.pdb	13.109	49.508	0	19.859
swarm_17_150.pdb	30.885	72.558	0	19.841
swarm_36_198.pdb	14.868	60.996	0	19.840
swarm_21_142.pdb	23.250	68.669	0	19.828
swarm_58_129.pdb	17.819	58.907	0	19.799
swarm_2_101.pdb	32.321	61.919	0	19.786
swarm_22_9.pdb	34.988	60.184	0	19.770
swarm_39_85.pdb	31.209	72.349	0	19.764
swarm_19_57.pdb	31.709	60.939	0	19.715
swarm_1_186.pdb	38.412	84.465	0	19.644
swarm_33_40.pdb	33.460	62.945	0	19.636
swarm_8_61.pdb	18.502	45.491	0	19.632
swarm_33_155.pdb	30.162	75.969	0	19.615
swarm_4_83.pdb	30.609	70.351	0	19.607
swarm_13_104.pdb	16.509	85.975	0	19.578
swarm_31_120.pdb	38.124	76.946	0	19.550
swarm_7_53.pdb	16.664	72.952	0	19.547
swarm_20_135.pdb	11.650	88.448	0.0540541	19.538
swarm_0_174.pdb	18.752	63.222	0	19.533
swarm_22_6.pdb	30.074	47.655	0	19.501
swarm_61_159.pdb	33.038	82.678	0	19.492
swarm_22_14.pdb	32.134	54.514	0	19.468
swarm_1_196.pdb	35.956	55.779	0	19.456
swarm_36_79.pdb	20.468	68.192	0	19.439
swarm_25_177.pdb	39.535	81.281	0	19.405
swarm_37_60.pdb	31.679	57.285	0	19.398
swarm_53_46.pdb	23.575	62.404	0	19.375
swarm_34_176.pdb	38.537	77.138	0	19.370
swarm_22_137.pdb	15.431	84.022	0	19.304
swarm_1_12.pdb	15.495	30.885	0	19.278
swarm_59_87.pdb	25.571	65.053	0	19.219
swarm_24_65.pdb	34.506	89.656	0	19.218
swarm_64_34.pdb	30.950	78.863	0	19.214
swarm_25_35.pdb	16.325	85.413	0	19.210
swarm_34_135.pdb	34.527	87.847	0	19.192
swarm_62_109.pdb	36.996	72.456	0	19.187
swarm_32_178.pdb	22.118	40.910	0	19.157
swarm_3_71.pdb	20.462	74.783	0	19.154
swarm_48_117.pdb	14.217	83.389	0.0135135	19.096
swarm_36_165.pdb	36.273	58.276	0	19.049
swarm_33_28.pdb	25.409	40.909	0	19.047
swarm_7_103.pdb	15.313	78.964	0.027027	19.046
swarm_44_17.pdb	10.908	43.976	0	19.046
swarm_30_152.pdb	14.992	58.961	0	19.034
swarm_41_163.pdb	31.800	55.878	0	19.019
swarm_43_189.pdb	34.585	80.049	0	18.992
swarm_36_74.pdb	14.482	50.588	0	18.972
swarm_7_118.pdb	31.398	74.608	0	18.944
swarm_10_157.pdb	36.707	63.295	0	18.911
swarm_0_26.pdb	30.059	67.080	0	18.811
swarm_20_84.pdb	32.528	62.550	0	18.805
swarm_6_37.pdb	14.716	58.453	0	18.803
swarm_36_94.pdb	18.468	43.464	0	18.799
swarm_49_187.pdb	37.186	78.599	0	18.775
swarm_39_128.pdb	17.170	101.698	0.0135135	18.770
swarm_51_59.pdb	12.588	63.106	0	18.765
swarm_24_123.pdb	24.280	65.621	0	18.762
swarm_56_9.pdb	29.475	62.572	0	18.761
swarm_50_27.pdb	39.735	76.125	0	18.760
swarm_47_152.pdb	28.230	77.961	0	18.729
swarm_23_171.pdb	31.574	78.268	0	18.658
swarm_44_68.pdb	17.457	61.368	0	18.649
swarm_4_103.pdb	36.134	65.793	0	18.649
swarm_28_96.pdb	16.649	67.279	0	18.634
swarm_62_90.pdb	21.851	85.683	0	18.620
swarm_17_46.pdb	28.227	52.009	0	18.618
swarm_5_96.pdb	40.006	82.258	0	18.617
swarm_8_158.pdb	29.241	78.530	0	18.606
swarm_8_64.pdb	29.938	54.362	0	18.605
swarm_28_48.pdb	17.882	83.043	0	18.580
swarm_21_71.pdb	40.166	86.251	0	18.571
swarm_56_152.pdb	11.842	66.295	0	18.524
swarm_50_21.pdb	23.094	70.799	0	18.439
swarm_23_73.pdb	27.512	57.833	0	18.387
swarm_26_52.pdb	13.576	33.987	0	18.383
swarm_24_107.pdb	32.217	69.156	0	18.337
swarm_5_51.pdb	22.617	60.818	0	18.332
swarm_52_82.pdb	28.469	59.389	0	18.332
swarm_36_0.pdb	29.509	50.868	0	18.329
swarm_11_167.pdb	26.577	61.944	0	18.329
swarm_49_32.pdb	13.989	73.189	0	18.305
swarm_33_75.pdb	38.030	72.864	0	18.258
swarm_2_4.pdb	17.108	59.025	0	18.245
swarm_39_152.pdb	30.742	68.701	0	18.225
swarm_32_80.pdb	23.938	39.327	0	18.186
swarm_26_114.pdb	33.674	54.195	0	18.160
swarm_36_126.pdb	19.408	39.459	0	18.154
swarm_37_143.pdb	29.526	66.757	0	18.123
swarm_44_162.pdb	12.968	59.911	0	18.115
swarm_36_29.pdb	23.966	61.348	0	18.111
swarm_11_128.pdb	17.308	68.607	0	18.040
swarm_59_92.pdb	18.975	64.509	0	18.006
swarm_17_92.pdb	12.365	54.286	0	17.996
swarm_19_85.pdb	37.097	67.778	0	17.965
swarm_26_143.pdb	14.431	39.699	0	17.942
swarm_12_107.pdb	27.256	87.974	0	17.899
swarm_51_144.pdb	16.603	58.702	0	17.885
swarm_39_84.pdb	29.752	59.785	0	17.857
swarm_32_10.pdb	32.006	73.868	0	17.770
swarm_23_199.pdb	33.743	88.520	0	17.755
swarm_35_36.pdb	29.556	75.635	0	17.753
swarm_36_180.pdb	9.069	52.851	0	17.738
swarm_25_42.pdb	26.276	73.708	0	17.736
swarm_43_178.pdb	33.918	85.752	0	17.734
swarm_48_97.pdb	38.701	80.802	0	17.691
swarm_22_191.pdb	16.219	51.901	0	17.609
swarm_3_82.pdb	30.837	72.954	0	17.573
swarm_3_168.pdb	20.019	74.948	0	17.551
swarm_6_19.pdb	28.747	46.095	0	17.520
swarm_28_184.pdb	32.024	59.450	0	17.516
swarm_5_38.pdb	17.899	70.120	0	17.500
swarm_9_95.pdb	36.613	72.162	0	17.499
swarm_44_111.pdb	19.844	64.659	0	17.486
swarm_20_141.pdb	38.253	80.306	0	17.477
swarm_37_101.pdb	27.292	61.023	0	17.460
swarm_32_167.pdb	30.970	80.540	0	17.430
swarm_37_90.pdb	30.650	70.814	0	17.392
swarm_39_93.pdb	29.985	74.918	0	17.349
swarm_13_123.pdb	29.447	73.949	0	17.345
swarm_33_100.pdb	25.108	61.186	0	17.329
swarm_8_28.pdb	26.794	57.404	0	17.319
swarm_36_17.pdb	20.981	62.694	0	17.297
swarm_6_121.pdb	28.778	57.572	0	17.278
swarm_20_96.pdb	21.517	47.237	0	17.270
swarm_35_120.pdb	14.315	63.628	0	17.261
swarm_2_199.pdb	16.803	70.831	0	17.239
swarm_8_40.pdb	20.048	79.304	0	17.234
swarm_8_147.pdb	28.347	55.952	0	17.220
swarm_58_39.pdb	36.572	94.275	0	17.207
swarm_64_167.pdb	27.431	77.453	0	17.159
swarm_18_55.pdb	31.198	62.185	0	17.158
swarm_26_62.pdb	34.400	87.313	0	17.105
swarm_48_101.pdb	26.689	61.370	0	17.096
swarm_43_198.pdb	15.785	90.699	0	17.095
swarm_20_33.pdb	35.576	78.036	0	17.081
swarm_34_77.pdb	15.801	75.429	0	17.048
swarm_35_35.pdb	20.130	39.796	0	17.045
swarm_34_93.pdb	20.490	73.909	0	17.044
swarm_4_17.pdb	11.216	65.425	0	17.043
swarm_32_166.pdb	25.929	49.248	0	16.973
swarm_1_27.pdb	33.148	75.495	0	16.959
swarm_59_88.pdb	19.710	75.329	0	16.945
swarm_2_78.pdb	17.613	72.272	0	16.902
swarm_3_121.pdb	18.558	74.140	0	16.879
swarm_35_39.pdb	20.145	44.978	0	16.862
swarm_62_87.pdb	11.286	83.808	0	16.808
swarm_50_64.pdb	33.872	60.206	0	16.801
swarm_62_117.pdb	41.353	82.776	0	16.761
swarm_59_160.pdb	14.401	71.925	0	16.733
swarm_25_141.pdb	36.637	85.662	0	16.714
swarm_52_168.pdb	28.128	65.041	0	16.685
swarm_3_164.pdb	21.439	62.506	0	16.677
swarm_18_158.pdb	19.768	46.768	0	16.655
swarm_8_139.pdb	19.350	89.193	0	16.651
swarm_2_90.pdb	18.945	53.314	0	16.601
swarm_3_49.pdb	35.260	71.830	0	16.558
swarm_4_96.pdb	32.673	65.536	0	16.507
swarm_38_139.pdb	25.787	60.500	0	16.496
swarm_9_113.pdb	24.591	80.404	0	16.472
swarm_2_2.pdb	15.205	64.916	0	16.452
swarm_30_153.pdb	33.523	64.921	0	16.435
swarm_52_198.pdb	32.113	58.955	0	16.422
swarm_39_26.pdb	31.588	87.335	0	16.414
swarm_18_108.pdb	15.892	56.253	0	16.414
swarm_33_67.pdb	33.506	47.509	0	16.379
swarm_28_197.pdb	14.987	53.656	0	16.328
swarm_26_17.pdb	12.884	96.123	0.0405405	16.312
swarm_33_17.pdb	33.423	53.857	0	16.296
swarm_5_85.pdb	18.121	79.670	0	16.282
swarm_2_186.pdb	22.364	70.511	0	16.261
swarm_63_46.pdb	21.430	77.970	0	16.223
swarm_44_67.pdb	27.145	69.426	0	16.217
swarm_17_9.pdb	15.500	104.113	0	16.216
swarm_18_45.pdb	25.599	63.798	0	16.175
swarm_26_86.pdb	35.892	86.366	0	16.150
swarm_50_163.pdb	26.460	63.086	0	16.142
swarm_3_179.pdb	13.396	80.320	0.0405405	16.136
swarm_59_11.pdb	29.414	60.809	0	16.109
swarm_14_41.pdb	35.469	56.006	0	16.061
swarm_42_92.pdb	10.602	87.089	0	16.022
swarm_20_171.pdb	27.647	69.943	0	15.989
swarm_9_140.pdb	16.879	71.345	0	15.952
swarm_58_146.pdb	15.573	107.409	0	15.945
swarm_24_148.pdb	17.078	63.452	0	15.936
swarm_27_49.pdb	22.193	59.939	0	15.875
swarm_24_111.pdb	15.131	72.545	0	15.872
swarm_49_66.pdb	23.622	62.346	0	15.864
swarm_6_172.pdb	32.499	72.314	0	15.863
swarm_6_148.pdb	34.737	71.837	0	15.836
swarm_13_76.pdb	35.590	74.776	0	15.811
swarm_20_100.pdb	19.668	51.045	0	15.803
swarm_23_19.pdb	29.051	87.527	0	15.750
swarm_42_199.pdb	20.150	85.821	0	15.596
swarm_11_108.pdb	27.894	74.671	0	15.541
swarm_58_43.pdb	16.433	56.469	0	15.520
swarm_3_122.pdb	30.951	72.948	0	15.471
swarm_4_140.pdb	34.055	60.033	0	15.462
swarm_37_83.pdb	36.814	68.991	0	15.428
swarm_46_165.pdb	24.423	62.004	0	15.415
swarm_62_98.pdb	33.895	72.342	0	15.399
swarm_35_14.pdb	27.015	59.730	0	15.376
swarm_55_53.pdb	29.420	68.415	0	15.330
swarm_62_162.pdb	38.008	85.139	0	15.303
swarm_34_106.pdb	36.513	71.665	0	15.286
swarm_3_26.pdb	29.810	70.627	0	15.281
swarm_43_10.pdb	19.956	80.735	0	15.231
swarm_17_39.pdb	32.638	72.378	0	15.207
swarm_63_92.pdb	15.532	70.936	0	15.157
swarm_19_163.pdb	16.414	44.605	0	15.155
swarm_63_98.pdb	18.417	72.814	0	15.112
swarm_23_153.pdb	16.856	92.007	0	15.051
swarm_39_7.pdb	13.014	102.171	0.027027	15.027
swarm_39_19.pdb	19.083	39.325	0	14.920
swarm_53_124.pdb	27.864	76.919	0	14.914
swarm_62_22.pdb	25.735	79.750	0	14.899
swarm_19_65.pdb	30.116	52.278	0	14.870
swarm_49_154.pdb	25.150	71.041	0	14.860
swarm_58_14.pdb	25.741	63.711	0	14.828
swarm_40_148.pdb	34.853	81.318	0	14.749
swarm_32_14.pdb	26.219	57.536	0	14.615
swarm_5_111.pdb	36.501	74.053	0	14.603
swarm_17_30.pdb	15.896	76.234	0	14.593
swarm_6_139.pdb	22.997	64.599	0	14.562
swarm_62_38.pdb	16.420	80.395	0	14.561
swarm_39_111.pdb	38.710	62.633	0	14.548
swarm_24_68.pdb	34.065	92.158	0	14.524
swarm_24_177.pdb	18.612	63.169	0	14.511
swarm_8_54.pdb	31.290	78.261	0	14.503
swarm_50_153.pdb	15.587	73.676	0	14.474
swarm_19_151.pdb	23.495	62.808	0	14.412
swarm_1_134.pdb	17.579	111.694	0	14.399
swarm_50_172.pdb	16.407	64.658	0	14.392
swarm_37_72.pdb	27.539	52.625	0	14.340
swarm_33_169.pdb	33.027	66.563	0	14.309
swarm_11_58.pdb	22.988	76.519	0	14.294
swarm_3_42.pdb	14.956	69.758	0	14.259
swarm_9_40.pdb	33.778	86.993	0	14.171
swarm_27_126.pdb	31.652	63.311	0	14.117
swarm_66_57.pdb	25.262	71.521	0	14.115
swarm_58_187.pdb	29.093	89.512	0	14.061
swarm_25_58.pdb	18.831	78.890	0	14.054
swarm_4_134.pdb	30.273	85.289	0	13.996
swarm_58_165.pdb	32.666	89.711	0	13.915
swarm_8_162.pdb	34.838	86.632	0	13.901
swarm_5_168.pdb	13.398	33.979	0	13.889
swarm_28_94.pdb	19.395	80.460	0	13.887
swarm_24_81.pdb	31.079	87.467	0	13.855
swarm_39_111.pdb	34.382	93.922	0	13.779
swarm_10_106.pdb	24.954	73.838	0	13.756
swarm_0_66.pdb	24.587	63.630	0	13.719
swarm_55_93.pdb	15.661	60.546	0	13.694
swarm_62_60.pdb	35.029	83.331	0	13.687
swarm_10_7.pdb	26.636	62.647	0	13.686
swarm_1_117.pdb	33.101	50.237	0	13.636
swarm_8_48.pdb	27.122	44.290	0	13.537
swarm_2_193.pdb	22.967	66.166	0	13.528
swarm_41_88.pdb	36.118	84.471	0	13.469
swarm_12_39.pdb	19.883	71.914	0	13.464
swarm_15_186.pdb	35.899	64.626	0	13.436
swarm_31_183.pdb	32.192	79.607	0	13.412
swarm_3_73.pdb	18.453	84.080	0	13.360
swarm_20_108.pdb	22.711	47.466	0	13.360
swarm_56_113.pdb	34.385	72.833	0	13.354
swarm_47_2.pdb	28.516	83.284	0	13.327
swarm_0_27.pdb	22.129	61.946	0	13.310
swarm_4_60.pdb	32.169	63.577	0	13.271
swarm_53_19.pdb	17.760	87.275	0	13.266
swarm_59_186.pdb	34.303	67.444	0	13.239
swarm_19_73.pdb	30.398	70.017	0	13.145
swarm_26_165.pdb	11.002	23.524	0	12.968
swarm_28_62.pdb	12.596	46.361	0	12.935
swarm_6_53.pdb	30.020	56.112	0	12.918
swarm_48_60.pdb	33.475	69.832	0	12.799
swarm_13_101.pdb	16.785	66.970	0	12.769
swarm_8_30.pdb	19.688	86.396	0	12.670
swarm_19_38.pdb	18.880	56.929	0	12.643
swarm_12_75.pdb	22.410	92.626	0	12.550
swarm_14_122.pdb	32.874	51.711	0	12.453
swarm_33_187.pdb	19.035	61.169	0	12.287
swarm_42_95.pdb	16.811	79.803	0	12.230
swarm_38_111.pdb	19.170	94.762	0	12.227
swarm_21_140.pdb	26.378	68.861	0	12.190
swarm_39_119.pdb	34.249	95.239	0	11.715
swarm_57_123.pdb	36.794	95.873	0	11.676
swarm_19_154.pdb	33.706	67.400	0	11.661
swarm_11_1.pdb	18.475	74.932	0	11.515
swarm_11_178.pdb	15.574	47.330	0	11.463
swarm_35_155.pdb	26.406	77.141	0	11.414
swarm_36_57.pdb	36.099	57.806	0	11.087
swarm_62_88.pdb	31.125	83.996	0	10.912
swarm_18_173.pdb	19.781	57.160	0	10.910
swarm_48_77.pdb	26.225	58.073	0	10.559
swarm_49_37.pdb	17.335	54.172	0	10.145
swarm_51_199.pdb	37.423	67.790	0	10.115
swarm_36_137.pdb	29.490	55.340	0	10.082
swarm_16_3.pdb	26.088	70.278	0	9.860
swarm_34_183.pdb	34.638	73.881	0	9.460
swarm_19_80.pdb	11.323	85.841	0	9.083
swarm_57_67.pdb	16.218	102.025	0.0405405	8.973
swarm_36_145.pdb	25.528	59.797	0	8.641
swarm_40_145.pdb	30.768	88.968	0	8.335
swarm_40_71.pdb	21.542	82.991	0	8.226
swarm_36_161.pdb	10.285	31.044	0	8.000
swarm_39_51.pdb	15.335	75.056	0	7.194
swarm_21_15.pdb	34.136	70.792	0	7.107
swarm_28_15.pdb	25.677	49.621	0	6.538
swarm_18_128.pdb	26.593	65.036	0	6.044
swarm_9_123.pdb	11.942	71.097	0.027027	5.289
swarm_18_151.pdb	16.282	76.376	0	5.204
swarm_55_172.pdb	30.591	90.978	0	4.915
swarm_20_197.pdb	29.554	63.003	0	4.813
swarm_11_1.pdb	26.333	51.553	0	4.364
swarm_0_109.pdb	26.680	64.678	0	3.282
swarm_38_178.pdb	27.718	51.307	0	1.557
