swarm_37_40.pdb	15.250	58.522	0	38.693
swarm_47_172.pdb	14.083	87.212	0	36.367
swarm_42_40.pdb	21.237	59.427	0	36.007
swarm_66_193.pdb	19.134	62.946	0	34.414
swarm_43_78.pdb	28.172	80.803	0	34.172
swarm_13_41.pdb	14.466	80.356	0	33.259
swarm_33_17.pdb	30.337	64.138	0	32.974
swarm_20_40.pdb	37.026	63.365	0	32.237
swarm_10_188.pdb	16.482	73.282	0	32.034
swarm_32_160.pdb	8.863	25.200	0	31.142
swarm_40_191.pdb	33.080	68.421	0	31.140
swarm_32_148.pdb	23.242	55.878	0	30.821
swarm_49_23.pdb	12.654	70.852	0.027027	30.788
swarm_59_51.pdb	12.625	45.600	0	30.629
swarm_11_111.pdb	28.735	68.330	0	30.146
swarm_59_142.pdb	17.574	67.556	0	29.959
swarm_2_87.pdb	17.179	60.739	0	29.955
swarm_28_61.pdb	15.604	50.585	0	29.936
swarm_47_174.pdb	29.629	78.354	0	29.734
swarm_66_29.pdb	21.282	63.663	0	29.697
swarm_25_152.pdb	16.503	77.101	0	29.637
swarm_19_127.pdb	34.341	71.080	0	29.576
swarm_21_172.pdb	14.374	97.269	0.0405405	29.412
swarm_11_183.pdb	15.624	77.732	0	29.386
swarm_12_132.pdb	25.090	70.820	0	29.225
swarm_40_174.pdb	32.528	79.939	0	29.063
swarm_54_35.pdb	11.041	75.397	0	28.957
swarm_20_12.pdb	10.134	39.589	0.027027	28.801
swarm_59_116.pdb	16.634	56.264	0	28.752
swarm_0_10.pdb	23.464	62.428	0	28.704
swarm_49_110.pdb	14.502	78.195	0	28.640
swarm_55_102.pdb	16.269	61.621	0	28.629
swarm_26_137.pdb	12.035	88.789	0	28.604
swarm_6_126.pdb	11.822	57.335	0	28.503
swarm_44_102.pdb	16.711	68.898	0.0405405	28.459
swarm_59_110.pdb	33.957	63.101	0	28.395
swarm_19_47.pdb	32.075	69.813	0	28.360
swarm_20_114.pdb	33.267	56.940	0	28.314
swarm_62_110.pdb	15.630	79.352	0	28.201
swarm_30_121.pdb	16.441	43.793	0	28.181
swarm_4_130.pdb	29.071	72.556	0	28.135
swarm_4_63.pdb	38.628	83.293	0	28.089
swarm_19_86.pdb	22.420	55.108	0	28.057
swarm_23_185.pdb	32.034	83.272	0	27.973
swarm_4_83.pdb	15.764	86.366	0	27.901
swarm_19_74.pdb	33.417	70.104	0	27.745
swarm_26_63.pdb	15.027	88.150	0	27.706
swarm_47_135.pdb	33.636	85.939	0	27.665
swarm_20_25.pdb	35.223	61.428	0	27.658
swarm_33_192.pdb	10.874	67.638	0	27.627
swarm_48_74.pdb	29.762	55.251	0	27.496
swarm_24_14.pdb	29.455	75.302	0	27.440
swarm_33_196.pdb	31.166	73.610	0	27.399
swarm_3_37.pdb	18.311	81.366	0.0135135	27.397
swarm_62_192.pdb	18.737	85.743	0	27.339
swarm_44_80.pdb	15.169	44.707	0	27.321
swarm_3_48.pdb	26.969	76.086	0	27.287
swarm_25_29.pdb	18.317	83.570	0	27.208
swarm_35_87.pdb	25.414	68.023	0	27.134
swarm_2_56.pdb	22.181	64.993	0	27.120
swarm_26_157.pdb	35.003	85.975	0	27.099
swarm_28_66.pdb	8.751	46.143	0	27.076
swarm_24_41.pdb	27.423	68.179	0	27.053
swarm_35_156.pdb	13.859	69.942	0	27.011
swarm_42_165.pdb	19.160	46.126	0	26.977
swarm_22_107.pdb	34.622	70.941	0	26.976
swarm_1_56.pdb	14.168	82.385	0	26.934
swarm_62_78.pdb	13.511	81.489	0	26.778
swarm_40_1.pdb	15.755	87.770	0	26.778
swarm_61_7.pdb	28.605	76.324	0	26.705
swarm_64_161.pdb	17.742	82.502	0	26.696
swarm_12_139.pdb	37.764	78.695	0	26.673
swarm_43_195.pdb	34.298	85.045	0	26.672
swarm_41_145.pdb	27.487	58.475	0	26.652
swarm_7_38.pdb	26.646	74.422	0	26.594
swarm_5_112.pdb	19.588	75.489	0	26.560
swarm_34_39.pdb	16.951	82.529	0	26.496
swarm_50_139.pdb	37.292	71.786	0	26.483
swarm_42_36.pdb	16.646	43.455	0	26.431
swarm_7_60.pdb	13.571	79.046	0	26.374
swarm_42_39.pdb	34.269	57.419	0	26.346
swarm_39_16.pdb	10.446	52.762	0.0135135	26.346
swarm_21_8.pdb	18.316	97.383	0	26.333
swarm_26_127.pdb	30.336	76.848	0	26.309
swarm_44_177.pdb	16.309	49.688	0	26.291
swarm_47_167.pdb	12.933	87.877	0	26.274
swarm_40_148.pdb	18.370	72.722	0	26.199
swarm_39_196.pdb	30.448	61.358	0	26.144
swarm_26_168.pdb	31.800	80.079	0	26.129
swarm_59_16.pdb	21.139	51.564	0	26.099
swarm_20_38.pdb	14.803	61.214	0.0135135	26.040
swarm_49_25.pdb	23.083	58.182	0	25.989
swarm_3_39.pdb	15.227	75.559	0.027027	25.989
swarm_20_88.pdb	11.403	48.407	0.148649	25.925
swarm_17_44.pdb	40.796	84.682	0	25.718
swarm_20_168.pdb	32.177	61.596	0	25.667
swarm_30_90.pdb	17.402	55.849	0	25.515
swarm_37_81.pdb	27.806	64.810	0	25.473
swarm_58_121.pdb	23.177	58.094	0	25.436
swarm_36_193.pdb	31.140	59.075	0	25.414
swarm_49_192.pdb	31.850	71.005	0	25.322
swarm_5_75.pdb	33.663	71.864	0	25.298
swarm_17_185.pdb	11.941	84.671	0.0540541	25.250
swarm_51_187.pdb	35.863	69.492	0	25.213
swarm_60_70.pdb	13.182	27.852	0	25.112
swarm_46_41.pdb	17.820	77.211	0.0135135	25.082
swarm_2_167.pdb	23.968	57.130	0	25.059
swarm_14_170.pdb	33.251	64.986	0	25.034
swarm_48_2.pdb	11.247	32.125	0	24.806
swarm_32_9.pdb	34.881	55.662	0	24.762
swarm_12_9.pdb	23.940	74.342	0	24.715
swarm_44_21.pdb	23.737	59.365	0	24.642
swarm_22_92.pdb	13.644	60.661	0	24.615
swarm_46_69.pdb	35.889	70.493	0	24.494
swarm_11_48.pdb	35.046	67.236	0	24.488
swarm_45_74.pdb	37.970	74.047	0	24.474
swarm_37_157.pdb	11.352	50.166	0	24.428
swarm_0_71.pdb	33.581	59.894	0	24.276
swarm_37_76.pdb	14.332	60.026	0	24.260
swarm_35_163.pdb	16.216	81.357	0	24.244
swarm_11_154.pdb	28.772	69.813	0	24.163
swarm_55_163.pdb	33.474	63.989	0	24.123
swarm_22_199.pdb	16.620	66.191	0	24.021
swarm_24_62.pdb	22.566	70.999	0	23.982
swarm_12_65.pdb	36.064	69.669	0	23.976
swarm_45_79.pdb	12.791	75.561	0.0405405	23.938
swarm_0_136.pdb	23.014	61.572	0	23.894
swarm_12_20.pdb	18.305	79.744	0	23.880
swarm_2_149.pdb	21.152	63.570	0	23.764
swarm_57_189.pdb	11.807	85.990	0	23.703
swarm_66_103.pdb	23.582	57.727	0	23.656
swarm_40_39.pdb	37.187	80.388	0	23.638
swarm_18_130.pdb	31.834	53.720	0	23.620
swarm_45_175.pdb	28.558	64.052	0	23.617
swarm_36_148.pdb	21.206	61.319	0	23.595
swarm_49_112.pdb	35.968	75.386	0	23.592
swarm_1_133.pdb	15.359	85.913	0	23.576
swarm_18_177.pdb	35.031	58.516	0	23.537
swarm_4_154.pdb	30.692	84.667	0	23.483
swarm_46_105.pdb	30.803	58.116	0	23.463
swarm_45_9.pdb	32.916	77.816	0	23.461
swarm_5_37.pdb	38.815	79.138	0	23.300
swarm_49_122.pdb	10.620	77.742	0	23.206
swarm_49_155.pdb	15.112	79.042	0	23.202
swarm_0_126.pdb	29.970	66.453	0	23.198
swarm_40_53.pdb	16.736	90.632	0	23.144
swarm_1_120.pdb	18.828	88.093	0	23.143
swarm_37_180.pdb	15.627	69.978	0.0405405	23.093
swarm_21_3.pdb	36.410	83.449	0	22.954
swarm_60_162.pdb	15.351	35.649	0	22.832
swarm_63_9.pdb	13.097	75.628	0	22.787
swarm_22_63.pdb	25.114	70.702	0	22.763
swarm_37_19.pdb	9.996	50.256	0.0135135	22.717
swarm_64_181.pdb	32.615	85.723	0	22.690
swarm_20_196.pdb	20.232	40.833	0	22.610
swarm_24_149.pdb	16.658	72.944	0.0135135	22.584
swarm_63_111.pdb	30.825	65.090	0	22.538
swarm_56_94.pdb	28.517	71.683	0	22.485
swarm_18_18.pdb	16.913	41.876	0	22.436
swarm_34_120.pdb	10.207	69.069	0.027027	22.424
swarm_30_143.pdb	21.278	49.025	0	22.365
swarm_50_148.pdb	39.093	74.824	0	22.332
swarm_12_184.pdb	14.509	82.371	0.027027	22.325
swarm_39_164.pdb	35.348	59.558	0	22.250
swarm_51_44.pdb	31.482	73.190	0	22.248
swarm_33_181.pdb	15.762	58.672	0	22.243
swarm_14_173.pdb	14.390	54.582	0	22.217
swarm_48_7.pdb	17.355	37.126	0	22.182
swarm_20_87.pdb	25.918	63.656	0	22.152
swarm_3_21.pdb	26.962	62.220	0	22.068
swarm_65_32.pdb	29.659	67.173	0	22.063
swarm_4_53.pdb	36.231	79.868	0	22.051
swarm_8_183.pdb	12.678	38.435	0	21.936
swarm_46_171.pdb	18.658	69.982	0	21.876
swarm_64_146.pdb	36.249	87.992	0	21.800
swarm_51_133.pdb	24.612	75.548	0	21.718
swarm_52_130.pdb	38.208	62.041	0	21.697
swarm_13_38.pdb	25.630	74.049	0	21.662
swarm_22_171.pdb	38.005	68.374	0	21.631
swarm_60_2.pdb	24.783	56.470	0	21.536
swarm_46_119.pdb	19.296	60.795	0	21.519
swarm_5_132.pdb	37.715	83.193	0	21.500
swarm_66_155.pdb	32.551	69.446	0	21.485
swarm_0_53.pdb	26.535	61.722	0	21.270
swarm_38_124.pdb	9.708	44.489	0	21.249
swarm_34_55.pdb	30.345	68.725	0	21.213
swarm_10_187.pdb	28.887	68.977	0	21.208
swarm_5_131.pdb	15.892	88.728	0	21.114
swarm_58_46.pdb	23.478	44.825	0	21.089
swarm_52_88.pdb	33.539	59.539	0	21.053
swarm_61_199.pdb	40.922	90.206	0	21.036
swarm_18_126.pdb	23.728	61.257	0	20.956
swarm_19_104.pdb	29.181	57.406	0	20.920
swarm_50_38.pdb	14.206	76.973	0	20.919
swarm_58_110.pdb	22.325	55.022	0	20.909
swarm_35_135.pdb	19.176	64.034	0	20.891
swarm_60_71.pdb	16.190	47.305	0	20.874
swarm_44_19.pdb	30.343	70.657	0	20.813
swarm_64_197.pdb	14.589	85.795	0	20.712
swarm_60_199.pdb	16.288	43.182	0	20.663
swarm_49_95.pdb	31.501	72.100	0	20.635
swarm_33_151.pdb	15.114	63.295	0	20.612
swarm_26_56.pdb	32.770	74.144	0	20.600
swarm_53_72.pdb	25.642	73.903	0	20.529
swarm_37_60.pdb	31.965	63.751	0	20.519
swarm_51_163.pdb	15.466	70.194	0	20.495
swarm_60_45.pdb	22.157	52.713	0	20.416
swarm_47_97.pdb	32.049	79.923	0	20.372
swarm_51_166.pdb	32.164	66.623	0	20.366
swarm_38_84.pdb	16.206	30.779	0	20.321
swarm_62_67.pdb	38.263	90.871	0	20.223
swarm_22_34.pdb	21.049	58.685	0	20.111
swarm_48_120.pdb	29.972	57.023	0	20.053
swarm_50_123.pdb	38.833	66.285	0	20.025
swarm_59_66.pdb	31.929	67.300	0	19.983
swarm_45_64.pdb	41.534	73.767	0	19.981
swarm_32_97.pdb	16.947	41.394	0	19.948
swarm_25_114.pdb	16.611	87.298	0.0405405	19.941
swarm_37_172.pdb	12.510	51.764	0	19.925
swarm_35_84.pdb	32.599	72.108	0	19.874
swarm_52_72.pdb	13.109	49.508	0	19.859
swarm_17_150.pdb	30.885	72.558	0	19.841
swarm_58_129.pdb	17.819	58.907	0	19.799
swarm_22_9.pdb	34.988	60.184	0	19.770
swarm_19_57.pdb	31.709	60.939	0	19.715
swarm_1_186.pdb	38.412	84.465	0	19.644
swarm_33_40.pdb	33.460	62.945	0	19.636
swarm_33_155.pdb	30.162	75.969	0	19.615
swarm_13_104.pdb	16.509	85.975	0	19.578
swarm_31_120.pdb	38.124	76.946	0	19.550
swarm_7_53.pdb	16.664	72.952	0	19.547
swarm_0_174.pdb	18.752	63.222	0	19.533
swarm_61_159.pdb	33.038	82.678	0	19.492
swarm_25_177.pdb	39.535	81.281	0	19.405
swarm_34_176.pdb	38.537	77.138	0	19.370
swarm_59_87.pdb	25.571	65.053	0	19.219
swarm_64_34.pdb	30.950	78.863	0	19.214
swarm_25_35.pdb	16.325	85.413	0	19.210
swarm_62_109.pdb	36.996	72.456	0	19.187
swarm_3_71.pdb	20.462	74.783	0	19.154
swarm_36_165.pdb	36.273	58.276	0	19.049
swarm_7_103.pdb	15.313	78.964	0.027027	19.046
swarm_44_17.pdb	10.908	43.976	0	19.046
swarm_36_74.pdb	14.482	50.588	0	18.972
swarm_7_118.pdb	31.398	74.608	0	18.944
swarm_20_84.pdb	32.528	62.550	0	18.805
swarm_6_37.pdb	14.716	58.453	0	18.803
swarm_36_94.pdb	18.468	43.464	0	18.799
swarm_49_187.pdb	37.186	78.599	0	18.775
swarm_51_59.pdb	12.588	63.106	0	18.765
swarm_24_123.pdb	24.280	65.621	0	18.762
swarm_56_9.pdb	29.475	62.572	0	18.761
swarm_50_27.pdb	39.735	76.125	0	18.760
swarm_47_152.pdb	28.230	77.961	0	18.729
swarm_23_171.pdb	31.574	78.268	0	18.658
swarm_44_68.pdb	17.457	61.368	0	18.649
swarm_62_90.pdb	21.851	85.683	0	18.620
swarm_5_96.pdb	40.006	82.258	0	18.617
swarm_8_64.pdb	29.938	54.362	0	18.605
swarm_21_71.pdb	40.166	86.251	0	18.571
swarm_56_152.pdb	11.842	66.295	0	18.524
swarm_49_32.pdb	13.989	73.189	0	18.305
swarm_33_75.pdb	38.030	72.864	0	18.258
swarm_2_4.pdb	17.108	59.025	0	18.245
swarm_39_152.pdb	30.742	68.701	0	18.225
swarm_36_126.pdb	19.408	39.459	0	18.154
swarm_37_143.pdb	29.526	66.757	0	18.123
swarm_44_162.pdb	12.968	59.911	0	18.115
swarm_11_128.pdb	17.308	68.607	0	18.040
swarm_59_92.pdb	18.975	64.509	0	18.006
swarm_19_85.pdb	37.097	67.778	0	17.965
swarm_51_144.pdb	16.603	58.702	0	17.885
swarm_39_84.pdb	29.752	59.785	0	17.857
swarm_23_199.pdb	33.743	88.520	0	17.755
swarm_35_36.pdb	29.556	75.635	0	17.753
swarm_25_42.pdb	26.276	73.708	0	17.736
swarm_43_178.pdb	33.918	85.752	0	17.734
swarm_22_191.pdb	16.219	51.901	0	17.609
swarm_3_82.pdb	30.837	72.954	0	17.573
swarm_3_168.pdb	20.019	74.948	0	17.551
swarm_28_184.pdb	32.024	59.450	0	17.516
swarm_5_38.pdb	17.899	70.120	0	17.500
swarm_44_111.pdb	19.844	64.659	0	17.486
swarm_37_101.pdb	27.292	61.023	0	17.460
swarm_37_90.pdb	30.650	70.814	0	17.392
swarm_33_100.pdb	25.108	61.186	0	17.329
swarm_36_17.pdb	20.981	62.694	0	17.297
swarm_20_96.pdb	21.517	47.237	0	17.270
swarm_2_199.pdb	16.803	70.831	0	17.239
swarm_64_167.pdb	27.431	77.453	0	17.159
swarm_18_55.pdb	31.198	62.185	0	17.158
swarm_26_62.pdb	34.400	87.313	0	17.105
swarm_43_198.pdb	15.785	90.699	0	17.095
swarm_34_77.pdb	15.801	75.429	0	17.048
swarm_34_93.pdb	20.490	73.909	0	17.044
swarm_32_166.pdb	25.929	49.248	0	16.973
swarm_1_27.pdb	33.148	75.495	0	16.959
swarm_2_78.pdb	17.613	72.272	0	16.902
swarm_3_121.pdb	18.558	74.140	0	16.879
swarm_50_64.pdb	33.872	60.206	0	16.801
swarm_52_168.pdb	28.128	65.041	0	16.685
swarm_3_164.pdb	21.439	62.506	0	16.677
swarm_18_158.pdb	19.768	46.768	0	16.655
swarm_2_90.pdb	18.945	53.314	0	16.601
swarm_3_49.pdb	35.260	71.830	0	16.558
swarm_38_139.pdb	25.787	60.500	0	16.496
swarm_2_2.pdb	15.205	64.916	0	16.452
swarm_52_198.pdb	32.113	58.955	0	16.422
swarm_18_108.pdb	15.892	56.253	0	16.414
swarm_28_197.pdb	14.987	53.656	0	16.328
swarm_26_17.pdb	12.884	96.123	0.0405405	16.312
swarm_5_85.pdb	18.121	79.670	0	16.282
swarm_2_186.pdb	22.364	70.511	0	16.261
swarm_18_45.pdb	25.599	63.798	0	16.175
swarm_26_86.pdb	35.892	86.366	0	16.150
swarm_50_163.pdb	26.460	63.086	0	16.142
swarm_59_11.pdb	29.414	60.809	0	16.109
swarm_24_148.pdb	17.078	63.452	0	15.936
swarm_24_111.pdb	15.131	72.545	0	15.872
swarm_13_76.pdb	35.590	74.776	0	15.811
swarm_11_108.pdb	27.894	74.671	0	15.541
swarm_58_43.pdb	16.433	56.469	0	15.520
swarm_3_122.pdb	30.951	72.948	0	15.471
swarm_37_83.pdb	36.814	68.991	0	15.428
swarm_46_165.pdb	24.423	62.004	0	15.415
swarm_55_53.pdb	29.420	68.415	0	15.330
swarm_34_106.pdb	36.513	71.665	0	15.286
swarm_17_39.pdb	32.638	72.378	0	15.207
swarm_19_163.pdb	16.414	44.605	0	15.155
swarm_53_124.pdb	27.864	76.919	0	14.914
swarm_62_22.pdb	25.735	79.750	0	14.899
swarm_58_14.pdb	25.741	63.711	0	14.828
swarm_32_14.pdb	26.219	57.536	0	14.615
swarm_5_111.pdb	36.501	74.053	0	14.603
swarm_17_30.pdb	15.896	76.234	0	14.593
swarm_39_111.pdb	38.710	62.633	0	14.548
swarm_50_153.pdb	15.587	73.676	0	14.474
swarm_50_172.pdb	16.407	64.658	0	14.392
swarm_33_169.pdb	33.027	66.563	0	14.309
swarm_11_58.pdb	22.988	76.519	0	14.294
swarm_66_57.pdb	25.262	71.521	0	14.115
swarm_25_58.pdb	18.831	78.890	0	14.054
swarm_4_134.pdb	30.273	85.289	0	13.996
swarm_10_106.pdb	24.954	73.838	0	13.756
swarm_55_93.pdb	15.661	60.546	0	13.694
swarm_62_60.pdb	35.029	83.331	0	13.687
swarm_12_39.pdb	19.883	71.914	0	13.464
swarm_31_183.pdb	32.192	79.607	0	13.412
swarm_3_73.pdb	18.453	84.080	0	13.360
swarm_20_108.pdb	22.711	47.466	0	13.360
swarm_56_113.pdb	34.385	72.833	0	13.354
swarm_47_2.pdb	28.516	83.284	0	13.327
swarm_0_27.pdb	22.129	61.946	0	13.310
swarm_53_19.pdb	17.760	87.275	0	13.266
swarm_19_73.pdb	30.398	70.017	0	13.145
swarm_28_62.pdb	12.596	46.361	0	12.935
swarm_19_38.pdb	18.880	56.929	0	12.643
swarm_19_154.pdb	33.706	67.400	0	11.661
swarm_11_1.pdb	18.475	74.932	0	11.515
swarm_36_57.pdb	36.099	57.806	0	11.087
swarm_62_88.pdb	31.125	83.996	0	10.912
swarm_18_173.pdb	19.781	57.160	0	10.910
swarm_48_77.pdb	26.225	58.073	0	10.559
swarm_51_199.pdb	37.423	67.790	0	10.115
swarm_34_183.pdb	34.638	73.881	0	9.460
swarm_40_71.pdb	21.542	82.991	0	8.226
swarm_28_15.pdb	25.677	49.621	0	6.538
swarm_18_128.pdb	26.593	65.036	0	6.044
swarm_20_197.pdb	29.554	63.003	0	4.813
swarm_38_178.pdb	27.718	51.307	0	1.557
