swarm_54_16.pdb	7.576	61.596	0.0675676	37.177
swarm_6_146.pdb	5.004	40.639	0.162162	36.976
swarm_37_47.pdb	13.852	40.607	0	35.997
swarm_4_140.pdb	17.213	63.881	0	34.496
swarm_65_135.pdb	8.291	67.860	0.0675676	34.136
swarm_6_174.pdb	3.043	14.002	0.283784	33.991
swarm_55_90.pdb	9.845	56.870	0	33.935
swarm_63_31.pdb	8.003	69.865	0.0810811	33.750
swarm_58_66.pdb	10.040	46.663	0	33.743
swarm_25_35.pdb	16.771	81.678	0	33.373
swarm_8_144.pdb	7.086	58.598	0.027027	33.331
swarm_0_158.pdb	9.897	44.103	0	33.178
swarm_56_177.pdb	13.508	51.457	0	33.129
swarm_27_59.pdb	6.972	57.533	0.0945946	32.472
swarm_39_19.pdb	7.918	67.501	0.0135135	32.394
swarm_51_148.pdb	13.652	51.784	0	31.957
swarm_17_82.pdb	4.035	22.250	0.189189	31.606
swarm_51_93.pdb	12.773	62.360	0	31.162
swarm_10_4.pdb	11.538	62.516	0	30.966
swarm_3_62.pdb	17.628	67.105	0	30.787
swarm_63_96.pdb	11.385	61.003	0	30.168
swarm_41_109.pdb	8.114	69.555	0.0540541	30.004
swarm_28_135.pdb	10.406	53.503	0	29.967
swarm_50_109.pdb	12.788	63.155	0	29.939
swarm_19_136.pdb	15.565	79.494	0	29.936
swarm_8_64.pdb	8.747	37.805	0	29.856
swarm_21_130.pdb	8.312	56.340	0.0540541	29.660
swarm_14_161.pdb	7.739	62.953	0.0540541	29.171
swarm_8_83.pdb	4.840	44.632	0.175676	29.162
swarm_42_27.pdb	13.605	34.229	0	28.665
swarm_39_103.pdb	13.068	49.530	0	28.578
swarm_15_191.pdb	18.187	86.083	0	28.502
swarm_31_140.pdb	13.241	77.195	0	28.218
swarm_27_126.pdb	8.072	65.625	0.027027	28.027
swarm_45_46.pdb	14.194	67.908	0	27.710
swarm_30_30.pdb	11.287	34.497	0	27.538
swarm_7_105.pdb	10.341	67.203	0	27.388
swarm_39_59.pdb	9.935	33.673	0	27.313
swarm_28_75.pdb	8.807	39.366	0.0135135	26.933
swarm_42_84.pdb	9.810	42.271	0	26.517
swarm_22_188.pdb	16.358	80.971	0	26.175
swarm_1_39.pdb	7.010	37.589	0.108108	26.123
swarm_45_190.pdb	13.670	63.735	0	25.952
swarm_1_93.pdb	6.643	38.773	0.0405405	25.825
swarm_60_42.pdb	11.434	26.833	0	25.669
swarm_13_36.pdb	15.366	72.792	0	25.597
swarm_2_110.pdb	16.933	57.481	0	25.549
swarm_0_45.pdb	11.087	62.948	0	25.476
swarm_48_86.pdb	11.140	15.948	0	25.427
swarm_19_68.pdb	3.334	13.923	0.216216	25.410
swarm_19_195.pdb	18.104	61.076	0	24.998
swarm_43_31.pdb	16.258	85.774	0	24.855
swarm_39_35.pdb	12.860	44.278	0	24.833
swarm_37_181.pdb	19.899	54.474	0	24.596
swarm_0_118.pdb	14.889	60.455	0	24.340
swarm_34_2.pdb	14.330	71.445	0	24.300
swarm_3_162.pdb	15.146	68.170	0	24.250
swarm_36_16.pdb	10.280	56.157	0.0540541	24.146
swarm_9_157.pdb	7.491	50.711	0.0540541	23.931
swarm_13_138.pdb	15.874	69.176	0	23.642
swarm_60_67.pdb	12.265	19.929	0	23.570
swarm_26_93.pdb	2.985	15.465	0.351351	23.168
swarm_22_37.pdb	15.138	75.235	0	23.095
swarm_27_172.pdb	14.848	65.572	0	23.068
swarm_22_175.pdb	6.864	46.120	0.108108	23.048
swarm_39_1.pdb	10.494	44.842	0.0135135	22.978
swarm_28_118.pdb	8.778	58.147	0	22.892
swarm_13_156.pdb	11.006	74.357	0	22.878
swarm_46_106.pdb	17.682	59.930	0	22.675
swarm_2_123.pdb	6.109	42.049	0.027027	22.254
swarm_32_117.pdb	11.806	19.408	0	22.045
swarm_35_78.pdb	13.070	77.034	0	21.562
swarm_18_72.pdb	6.430	35.640	0.0675676	21.364
swarm_33_28.pdb	5.320	22.506	0.0675676	21.288
swarm_35_37.pdb	10.321	26.955	0	21.109
swarm_0_140.pdb	14.009	41.592	0	21.025
swarm_31_45.pdb	14.748	58.642	0	20.979
swarm_55_23.pdb	10.347	64.369	0	20.839
swarm_10_93.pdb	6.813	51.094	0.0405405	20.764
swarm_2_27.pdb	7.061	47.630	0.108108	20.752
swarm_34_198.pdb	10.246	56.594	0.0405405	20.723
swarm_16_183.pdb	5.582	57.884	0.202703	20.723
swarm_15_49.pdb	15.615	82.971	0	20.480
swarm_14_8.pdb	9.510	41.097	0.0135135	20.186
swarm_38_98.pdb	13.226	41.976	0	20.173
swarm_48_95.pdb	12.284	23.619	0	20.078
swarm_60_125.pdb	13.922	38.935	0	19.960
swarm_37_66.pdb	9.852	67.115	0	19.881
swarm_32_120.pdb	11.896	31.404	0	19.836
swarm_15_132.pdb	10.183	52.302	0.027027	19.823
swarm_4_33.pdb	9.652	56.873	0	19.820
swarm_14_76.pdb	10.708	46.480	0	19.820
swarm_37_108.pdb	9.599	69.746	0	19.509
swarm_59_46.pdb	12.988	47.412	0	19.492
swarm_14_166.pdb	11.172	53.296	0.0135135	19.377
swarm_18_2.pdb	16.352	48.584	0	19.165
swarm_2_20.pdb	7.708	34.873	0.0135135	19.117
swarm_29_195.pdb	10.803	70.317	0	19.097
swarm_15_179.pdb	10.733	53.929	0.0405405	19.056
swarm_32_119.pdb	16.881	37.950	0	19.032
swarm_4_130.pdb	11.188	68.764	0	18.854
swarm_10_6.pdb	9.915	70.091	0.0135135	18.802
swarm_37_52.pdb	10.829	54.567	0.027027	18.579
swarm_66_127.pdb	12.374	59.838	0	18.371
swarm_34_156.pdb	10.710	50.924	0.027027	18.281
swarm_66_148.pdb	15.393	54.849	0	18.009
swarm_17_110.pdb	6.295	17.782	0.027027	17.945
swarm_4_59.pdb	10.876	54.415	0.0405405	17.841
swarm_52_40.pdb	12.546	46.076	0	17.586
swarm_39_171.pdb	7.632	27.658	0.027027	17.574
swarm_42_68.pdb	15.482	42.568	0	17.549
swarm_36_179.pdb	15.802	52.268	0	17.503
swarm_8_74.pdb	11.052	43.622	0	17.502
swarm_32_77.pdb	4.249	32.920	0.432432	17.395
swarm_6_74.pdb	4.529	24.324	0.148649	17.265
swarm_24_54.pdb	6.115	40.296	0.0405405	16.991
swarm_37_166.pdb	14.579	59.241	0	16.974
swarm_39_76.pdb	6.994	47.156	0.216216	16.755
swarm_19_125.pdb	15.876	49.580	0	16.523
swarm_20_126.pdb	7.391	55.987	0.0675676	16.464
swarm_20_131.pdb	6.430	33.788	0.0675676	16.431
swarm_1_26.pdb	4.669	25.312	0.148649	16.347
swarm_30_187.pdb	12.159	25.855	0	16.297
swarm_48_67.pdb	11.554	22.910	0	16.176
swarm_59_9.pdb	12.510	54.200	0	16.155
swarm_18_94.pdb	16.200	54.451	0	16.038
swarm_40_169.pdb	9.245	38.647	0.027027	15.832
swarm_35_5.pdb	10.588	30.488	0	15.752
swarm_41_178.pdb	8.627	34.541	0.0135135	15.658
swarm_21_169.pdb	7.533	57.007	0.108108	15.633
swarm_19_133.pdb	13.278	35.326	0	15.525
swarm_36_21.pdb	14.920	30.201	0	15.440
swarm_37_3.pdb	11.165	61.092	0.0675676	15.257
swarm_32_131.pdb	13.349	29.669	0	14.755
swarm_20_105.pdb	6.899	49.976	0.027027	14.583
swarm_28_183.pdb	12.426	40.575	0	14.241
swarm_48_109.pdb	13.921	25.495	0	14.240
swarm_44_199.pdb	15.466	61.515	0	13.960
swarm_30_138.pdb	12.096	45.852	0	13.691
swarm_3_198.pdb	11.191	76.805	0	13.686
swarm_10_30.pdb	12.189	26.118	0	13.544
swarm_41_154.pdb	9.736	58.593	0.0405405	13.333
swarm_58_164.pdb	13.296	55.847	0	12.859
swarm_38_199.pdb	7.036	38.234	0.0540541	12.606
swarm_20_150.pdb	12.337	39.649	0	12.353
swarm_44_32.pdb	15.346	57.722	0	11.450
swarm_6_166.pdb	11.879	74.203	0	11.436
swarm_29_116.pdb	10.322	70.372	0.0135135	11.407
swarm_3_13.pdb	10.403	67.724	0.027027	11.378
swarm_30_105.pdb	13.472	42.224	0	11.375
swarm_40_110.pdb	9.980	34.718	0	11.088
swarm_8_28.pdb	10.868	52.925	0	9.483
swarm_0_170.pdb	13.227	52.821	0	8.884
swarm_19_43.pdb	13.987	46.060	0	8.832
swarm_6_165.pdb	6.930	18.516	0	8.576
swarm_34_101.pdb	10.125	48.977	0.0405405	8.328
swarm_28_30.pdb	9.760	63.361	0.0945946	7.320
swarm_26_37.pdb	7.176	34.089	0.0135135	7.123
swarm_53_88.pdb	10.383	59.530	0	6.921
swarm_17_74.pdb	16.655	53.732	0	6.752
swarm_59_141.pdb	16.697	52.983	0	6.034
swarm_10_174.pdb	11.180	57.190	0.027027	5.185
swarm_7_23.pdb	9.034	75.435	0.0540541	4.924
swarm_10_105.pdb	10.704	46.570	0	4.894
swarm_0_101.pdb	13.342	61.008	0	4.582
swarm_54_169.pdb	6.866	41.427	0.0540541	4.376
swarm_30_74.pdb	12.108	29.108	0	4.061
swarm_12_38.pdb	13.094	72.518	0	3.582
swarm_0_37.pdb	11.564	62.035	0	3.460
swarm_22_0.pdb	14.263	60.652	0	2.163
swarm_1_103.pdb	3.227	23.975	0.378378	1.811
swarm_8_108.pdb	6.349	20.965	0	1.638
swarm_32_162.pdb	6.104	24.496	0.0135135	1.625
swarm_59_43.pdb	13.918	60.342	0	1.527
swarm_36_1.pdb	8.635	55.052	0.108108	1.196
swarm_23_133.pdb	11.993	55.317	0	0.749
