swarm_48_108.pdb	1.549	5.496	0.74359	37.228
swarm_35_27.pdb	5.272	15.156	0.025641	35.850
swarm_11_22.pdb	1.831	6.507	0.74359	34.886
swarm_40_135.pdb	5.378	17.724	0.0512821	34.191
swarm_39_3.pdb	6.280	21.556	0	33.823
swarm_5_86.pdb	6.581	22.950	0.128205	33.746
swarm_11_74.pdb	6.465	14.824	0.179487	33.133
swarm_28_134.pdb	9.857	34.003	0	32.364
swarm_2_104.pdb	4.918	15.906	0.102564	32.012
swarm_29_173.pdb	14.862	25.111	0.025641	31.446
swarm_30_152.pdb	12.454	34.081	0.0769231	30.958
swarm_17_79.pdb	10.644	19.179	0	30.649
swarm_10_122.pdb	12.560	26.465	0.153846	30.584
swarm_40_196.pdb	7.105	22.009	0.205128	30.566
swarm_17_131.pdb	13.503	26.625	0	30.477
swarm_41_149.pdb	7.692	23.525	0	30.311
swarm_9_58.pdb	9.578	17.631	0	30.132
swarm_36_98.pdb	10.199	26.052	0.128205	30.104
swarm_35_45.pdb	8.348	27.141	0.025641	29.967
swarm_45_86.pdb	6.886	31.869	0.0769231	29.733
swarm_36_33.pdb	15.018	31.558	0	29.617
swarm_4_74.pdb	12.229	33.073	0.128205	29.524
swarm_26_31.pdb	11.624	25.464	0.128205	29.432
swarm_35_124.pdb	6.479	15.050	0.0769231	29.408
swarm_9_175.pdb	11.835	32.509	0.128205	29.210
swarm_5_158.pdb	9.275	18.532	0.128205	29.163
swarm_40_8.pdb	9.638	28.376	0.025641	29.031
swarm_46_187.pdb	9.164	28.586	0.0769231	28.982
swarm_25_103.pdb	7.475	22.226	0.179487	28.980
swarm_25_97.pdb	8.281	14.784	0	28.784
swarm_47_18.pdb	12.348	35.818	0.0769231	28.753
swarm_35_89.pdb	6.804	17.987	0	28.689
swarm_30_184.pdb	11.936	30.328	0.0769231	28.681
swarm_35_28.pdb	7.418	23.881	0.205128	28.577
swarm_16_157.pdb	7.348	32.102	0.102564	28.488
swarm_17_126.pdb	11.752	23.816	0	28.407
swarm_17_159.pdb	12.669	26.692	0	28.358
swarm_24_32.pdb	7.794	36.716	0	28.176
swarm_44_132.pdb	2.511	7.086	0.461538	28.030
swarm_13_101.pdb	14.330	32.175	0	27.944
swarm_17_190.pdb	7.835	23.640	0	27.731
swarm_36_44.pdb	10.561	22.478	0	27.643
swarm_26_20.pdb	7.376	16.563	0.0512821	27.517
swarm_25_117.pdb	12.926	27.202	0.128205	27.505
swarm_11_123.pdb	11.721	18.623	0	27.469
swarm_2_92.pdb	14.698	27.976	0	27.203
swarm_46_60.pdb	13.624	27.259	0.0512821	27.013
swarm_43_97.pdb	14.891	29.894	0	27.011
swarm_5_181.pdb	7.701	26.114	0.153846	26.922
swarm_6_71.pdb	8.761	28.418	0.102564	26.742
swarm_2_96.pdb	7.526	27.689	0	26.716
swarm_33_188.pdb	12.287	32.660	0	26.677
swarm_46_175.pdb	9.398	24.704	0.0769231	26.532
swarm_21_182.pdb	8.504	35.330	0.0512821	26.496
swarm_4_154.pdb	11.083	26.550	0.025641	26.361
swarm_29_52.pdb	10.662	22.672	0	26.213
swarm_26_16.pdb	10.849	25.135	0.102564	26.190
swarm_27_150.pdb	10.801	28.708	0.102564	25.844
swarm_36_84.pdb	8.716	23.600	0.153846	25.812
swarm_36_70.pdb	11.696	32.519	0.102564	25.796
swarm_45_24.pdb	9.609	33.317	0.0769231	25.734
swarm_2_134.pdb	10.669	34.129	0.102564	25.709
swarm_37_4.pdb	10.877	34.396	0.102564	25.677
swarm_29_197.pdb	9.616	20.431	0	25.653
swarm_44_125.pdb	6.127	11.129	0.025641	25.619
swarm_9_75.pdb	3.410	13.956	0.358974	25.512
swarm_26_90.pdb	13.839	25.605	0.0512821	25.416
swarm_20_52.pdb	15.448	36.945	0	25.268
swarm_40_92.pdb	10.627	24.789	0	25.140
swarm_44_68.pdb	10.929	23.928	0.179487	25.114
swarm_3_101.pdb	8.753	30.196	0.0769231	25.094
swarm_40_138.pdb	11.880	37.290	0.0769231	24.884
swarm_32_47.pdb	5.862	26.156	0	24.771
swarm_25_63.pdb	4.633	11.000	0.179487	24.709
swarm_41_45.pdb	15.558	36.685	0	24.647
swarm_20_24.pdb	12.877	29.176	0	24.569
swarm_15_172.pdb	15.796	31.665	0	24.563
swarm_26_152.pdb	14.345	26.394	0.0512821	24.420
swarm_8_94.pdb	12.971	37.324	0.025641	24.413
swarm_29_199.pdb	10.700	25.728	0.025641	24.385
swarm_33_128.pdb	12.374	26.307	0.025641	24.176
swarm_35_60.pdb	11.474	25.877	0.128205	24.082
swarm_20_34.pdb	12.270	27.820	0	23.979
swarm_18_45.pdb	7.184	31.469	0.025641	23.929
swarm_29_111.pdb	11.709	26.349	0.128205	23.749
swarm_24_145.pdb	9.199	34.449	0.0512821	23.690
swarm_45_199.pdb	13.325	36.092	0	23.662
swarm_45_60.pdb	15.819	34.417	0	23.583
swarm_10_168.pdb	9.903	16.137	0	23.439
swarm_44_194.pdb	11.519	21.868	0	23.393
swarm_7_111.pdb	11.555	37.096	0	23.292
swarm_20_16.pdb	10.748	31.867	0.128205	23.268
swarm_25_10.pdb	7.501	15.786	0	23.242
swarm_15_178.pdb	10.959	28.388	0.025641	23.118
swarm_10_10.pdb	11.471	25.068	0.153846	23.025
swarm_27_198.pdb	9.021	16.630	0	23.018
swarm_6_23.pdb	9.732	27.066	0	22.936
swarm_6_169.pdb	14.574	29.506	0	22.889
swarm_41_37.pdb	15.098	30.712	0	22.844
swarm_5_5.pdb	12.238	28.884	0	22.834
swarm_35_106.pdb	13.483	26.599	0	22.745
swarm_37_64.pdb	11.779	28.215	0	22.539
swarm_27_89.pdb	5.045	13.617	0.128205	22.530
swarm_41_123.pdb	11.557	24.688	0	22.463
swarm_5_48.pdb	7.895	13.149	0	22.387
swarm_17_103.pdb	12.147	27.366	0	22.346
swarm_6_149.pdb	12.091	23.938	0	22.311
swarm_48_121.pdb	4.517	16.874	0.102564	22.279
swarm_30_5.pdb	14.641	27.796	0	22.206
swarm_29_57.pdb	14.919	26.839	0	22.170
swarm_2_117.pdb	17.150	32.725	0	22.145
swarm_33_113.pdb	5.979	14.888	0.128205	22.114
swarm_33_155.pdb	11.553	27.364	0	22.082
swarm_46_135.pdb	6.887	24.889	0.153846	22.051
swarm_2_94.pdb	11.048	31.070	0.025641	21.993
swarm_33_90.pdb	13.990	24.643	0	21.851
swarm_24_168.pdb	10.889	40.487	0	21.790
swarm_27_53.pdb	9.145	26.765	0.0769231	21.480
swarm_13_55.pdb	7.640	24.275	0	21.430
swarm_11_183.pdb	17.371	26.306	0	21.414
swarm_26_185.pdb	12.113	30.749	0.0769231	21.402
swarm_17_134.pdb	12.719	28.184	0.025641	21.298
swarm_32_26.pdb	4.509	16.205	0.384615	21.223
swarm_1_125.pdb	16.257	27.430	0	21.104
swarm_6_145.pdb	7.903	26.853	0	21.065
swarm_3_159.pdb	17.254	34.600	0	20.990
swarm_45_150.pdb	17.282	31.046	0	20.887
swarm_1_110.pdb	11.739	24.651	0.153846	20.759
swarm_7_148.pdb	15.037	30.005	0	20.686
swarm_11_150.pdb	13.542	25.403	0	20.602
swarm_5_104.pdb	11.582	26.542	0.0769231	20.512
swarm_1_70.pdb	8.393	25.243	0.0512821	20.495
swarm_44_61.pdb	10.421	22.424	0.0769231	20.260
swarm_26_172.pdb	13.422	21.941	0.025641	20.152
swarm_19_178.pdb	11.615	31.752	0.179487	20.059
swarm_38_159.pdb	10.682	18.128	0	20.057
swarm_44_101.pdb	6.489	16.135	0.230769	20.012
swarm_2_1.pdb	16.055	31.820	0	19.988
swarm_18_59.pdb	14.213	30.932	0	19.879
swarm_38_52.pdb	5.529	19.541	0.230769	19.829
swarm_13_94.pdb	7.829	27.718	0	19.745
swarm_30_110.pdb	12.271	34.878	0	19.496
swarm_3_80.pdb	13.797	28.081	0	19.480
swarm_3_139.pdb	16.428	30.660	0	19.305
swarm_11_89.pdb	4.211	10.457	0.179487	19.013
swarm_25_5.pdb	13.170	21.509	0	19.011
swarm_43_128.pdb	11.885	34.801	0.0769231	18.921
swarm_36_134.pdb	14.621	34.144	0	18.640
swarm_6_82.pdb	15.835	29.611	0	18.595
swarm_6_69.pdb	14.966	29.540	0	18.587
swarm_2_3.pdb	10.979	28.664	0.0769231	18.561
swarm_48_84.pdb	11.315	25.141	0.230769	18.529
swarm_22_42.pdb	4.423	16.309	0.333333	18.455
swarm_10_78.pdb	14.626	25.525	0	18.422
swarm_29_124.pdb	13.876	26.823	0	18.337
swarm_9_87.pdb	13.240	28.060	0	18.245
swarm_13_52.pdb	9.723	23.116	0	18.237
swarm_39_133.pdb	11.522	32.456	0.0512821	18.230
swarm_26_179.pdb	11.545	22.736	0	18.224
swarm_37_18.pdb	14.333	30.853	0	18.170
swarm_31_130.pdb	15.010	40.293	0	18.135
swarm_39_24.pdb	13.816	36.765	0	18.049
swarm_38_162.pdb	13.810	30.032	0	18.035
swarm_41_48.pdb	17.753	33.984	0	17.995
swarm_1_120.pdb	15.837	27.240	0.0512821	17.980
swarm_29_53.pdb	5.831	14.523	0.102564	17.969
swarm_19_63.pdb	15.401	31.086	0	17.819
swarm_22_157.pdb	6.431	22.343	0.25641	17.811
swarm_27_56.pdb	9.929	25.977	0	17.787
swarm_27_178.pdb	12.874	27.379	0	17.783
swarm_46_182.pdb	11.075	33.963	0.025641	17.742
swarm_38_145.pdb	12.212	19.515	0	17.606
swarm_4_2.pdb	16.093	30.600	0	17.586
swarm_26_17.pdb	14.865	24.813	0	17.503
swarm_22_116.pdb	11.607	34.310	0	17.413
swarm_43_72.pdb	14.026	35.212	0.025641	17.390
swarm_24_104.pdb	15.761	41.466	0	17.189
swarm_44_96.pdb	15.604	26.868	0	16.955
swarm_46_131.pdb	11.087	19.702	0	16.816
swarm_46_171.pdb	14.515	24.416	0	16.774
swarm_3_100.pdb	15.906	32.284	0	16.753
swarm_34_104.pdb	13.643	40.868	0	16.748
swarm_20_157.pdb	13.978	28.617	0.102564	16.747
swarm_11_139.pdb	13.880	27.051	0	16.741
swarm_37_79.pdb	6.694	30.732	0.025641	16.577
swarm_39_150.pdb	14.199	26.171	0	16.404
swarm_1_63.pdb	4.843	14.921	0.128205	16.275
swarm_40_82.pdb	12.929	30.105	0	16.219
swarm_26_184.pdb	6.495	18.235	0.102564	16.218
swarm_39_164.pdb	16.015	31.456	0	16.174
swarm_27_7.pdb	10.338	15.183	0	15.980
swarm_27_141.pdb	11.607	23.251	0.128205	15.820
swarm_8_57.pdb	7.238	28.425	0.230769	15.746
swarm_27_72.pdb	6.752	15.256	0.205128	15.715
swarm_19_110.pdb	16.618	31.684	0	15.693
swarm_44_51.pdb	16.850	27.120	0	15.492
swarm_4_68.pdb	11.733	28.620	0.102564	15.491
swarm_16_64.pdb	7.343	23.818	0.128205	15.449
swarm_32_134.pdb	12.496	26.562	0	15.417
swarm_17_14.pdb	14.449	30.203	0	15.417
swarm_38_157.pdb	7.220	19.052	0	15.407
swarm_1_57.pdb	17.648	28.469	0	15.404
swarm_1_173.pdb	17.935	28.962	0	15.398
swarm_19_43.pdb	14.820	27.934	0	15.394
swarm_24_174.pdb	12.293	32.673	0	15.271
swarm_16_71.pdb	16.949	28.604	0	15.158
swarm_18_47.pdb	11.248	28.964	0.128205	15.115
swarm_22_13.pdb	11.987	32.289	0.025641	15.103
swarm_38_65.pdb	11.313	27.308	0.153846	15.089
swarm_20_142.pdb	10.803	27.028	0.0512821	15.087
swarm_28_25.pdb	12.590	43.831	0.179487	15.081
swarm_15_149.pdb	15.098	31.321	0	15.055
swarm_32_14.pdb	14.000	29.294	0	14.982
swarm_22_35.pdb	13.461	30.883	0	14.804
swarm_25_34.pdb	12.369	26.929	0.0769231	14.766
swarm_0_109.pdb	10.721	23.927	0	14.712
swarm_37_155.pdb	17.060	33.471	0	14.676
swarm_17_109.pdb	7.977	20.250	0	14.674
swarm_0_92.pdb	11.609	19.779	0	14.552
swarm_16_16.pdb	13.684	28.751	0	14.545
swarm_34_65.pdb	14.214	34.116	0	14.471
swarm_27_181.pdb	14.707	27.478	0	14.470
swarm_48_183.pdb	13.507	28.636	0.025641	14.404
swarm_35_155.pdb	14.831	28.471	0	14.338
swarm_26_91.pdb	5.232	11.820	0.153846	14.302
swarm_32_150.pdb	5.480	15.172	0.0512821	14.293
swarm_45_0.pdb	19.159	35.669	0	14.191
swarm_32_3.pdb	14.727	26.136	0	14.118
swarm_48_165.pdb	13.200	26.875	0.0769231	13.959
swarm_25_80.pdb	11.265	27.219	0.128205	13.863
swarm_27_16.pdb	14.615	29.206	0	13.691
swarm_12_35.pdb	11.283	24.874	0.102564	13.549
swarm_45_120.pdb	10.969	33.448	0.0512821	13.429
swarm_17_105.pdb	11.815	24.909	0	13.419
swarm_0_94.pdb	14.507	24.015	0	13.382
swarm_17_154.pdb	12.911	23.481	0	13.374
swarm_23_134.pdb	12.334	29.224	0.0769231	13.356
swarm_31_120.pdb	13.608	30.431	0	13.287
swarm_33_17.pdb	16.211	25.912	0	13.198
swarm_45_130.pdb	10.932	32.546	0.0512821	13.147
swarm_0_96.pdb	10.630	24.524	0.0512821	13.132
swarm_7_103.pdb	8.682	27.256	0.282051	13.102
swarm_23_41.pdb	8.470	24.150	0	13.094
swarm_23_78.pdb	14.140	24.308	0	12.975
swarm_32_165.pdb	11.482	23.940	0.025641	12.887
swarm_32_137.pdb	7.402	22.241	0.0512821	12.863
swarm_16_128.pdb	8.321	22.154	0.179487	12.654
swarm_0_31.pdb	12.799	28.103	0.0512821	12.540
swarm_0_166.pdb	12.742	25.588	0	12.509
swarm_10_144.pdb	12.699	24.170	0	12.480
swarm_16_196.pdb	11.731	30.131	0.102564	12.478
swarm_23_173.pdb	13.984	29.994	0	12.441
swarm_16_96.pdb	9.694	25.527	0.25641	12.420
swarm_16_82.pdb	13.045	28.392	0.102564	12.370
swarm_25_138.pdb	8.815	22.011	0.102564	11.900
swarm_18_139.pdb	17.490	30.262	0	11.887
swarm_46_158.pdb	14.711	24.957	0	11.752
swarm_0_3.pdb	7.673	18.264	0.0512821	11.689
swarm_10_155.pdb	11.568	26.075	0	11.328
swarm_23_1.pdb	10.030	32.131	0	11.107
swarm_23_72.pdb	6.930	26.219	0.179487	10.578
swarm_2_175.pdb	13.235	33.176	0	10.556
swarm_23_54.pdb	17.309	32.990	0	10.143
swarm_12_135.pdb	13.934	32.657	0	9.084
swarm_10_57.pdb	15.378	27.307	0	9.084
swarm_33_51.pdb	16.940	26.745	0	8.901
swarm_12_96.pdb	12.970	23.932	0.025641	8.292
swarm_17_90.pdb	13.664	31.957	0	7.504
swarm_21_4.pdb	9.830	38.534	0.025641	6.596
swarm_23_19.pdb	7.436	23.717	0.205128	6.156
swarm_12_45.pdb	11.644	29.863	0.102564	5.668
swarm_0_35.pdb	12.589	25.815	0.025641	5.262
swarm_5_122.pdb	10.775	26.144	0.128205	5.192
swarm_21_25.pdb	11.067	38.042	0.0512821	4.864
swarm_10_106.pdb	14.850	25.654	0	4.572
