swarm_54_34.pdb	9.595	35.469	0	45.962
swarm_37_194.pdb	11.824	42.680	0	40.713
swarm_5_187.pdb	8.331	33.065	0	40.540
swarm_44_55.pdb	8.980	37.521	0	40.200
swarm_40_10.pdb	9.863	37.280	0	39.481
swarm_8_49.pdb	5.745	18.745	0	38.544
swarm_3_170.pdb	5.873	18.324	0	38.349
swarm_33_50.pdb	6.613	22.195	0	36.586
swarm_43_137.pdb	7.493	26.521	0	35.915
swarm_34_37.pdb	7.410	25.994	0	35.734
swarm_31_91.pdb	9.783	34.774	0	35.657
swarm_26_160.pdb	8.513	33.189	0	35.518
swarm_48_181.pdb	9.256	38.401	0	35.162
swarm_28_31.pdb	11.072	42.818	0	34.490
swarm_49_107.pdb	10.804	43.187	0	34.081
swarm_48_63.pdb	14.173	47.145	0	34.032
swarm_3_49.pdb	6.177	22.287	0.128205	33.545
swarm_19_40.pdb	6.720	25.435	0	33.081
swarm_44_62.pdb	9.778	32.648	0	32.603
swarm_42_170.pdb	7.418	23.179	0	32.533
swarm_39_185.pdb	7.254	28.039	0	31.921
swarm_9_51.pdb	4.070	14.541	0.153846	31.804
swarm_42_196.pdb	8.994	28.113	0	31.627
swarm_14_46.pdb	7.919	30.695	0	31.236
swarm_39_5.pdb	6.469	23.696	0	31.016
swarm_39_171.pdb	6.769	25.434	0	30.929
swarm_33_139.pdb	8.600	30.554	0	30.923
swarm_32_194.pdb	9.658	30.608	0	30.900
swarm_4_196.pdb	6.353	23.619	0.025641	30.873
swarm_19_14.pdb	4.859	16.554	0.0769231	30.759
swarm_44_66.pdb	7.610	29.335	0	30.164
swarm_43_117.pdb	8.788	39.050	0	30.163
swarm_31_70.pdb	15.314	48.601	0	30.150
swarm_42_103.pdb	6.787	28.196	0	29.739
swarm_36_108.pdb	6.573	28.786	0.179487	29.712
swarm_5_166.pdb	6.398	27.489	0.025641	29.598
swarm_14_172.pdb	6.260	23.311	0.025641	29.428
swarm_45_128.pdb	5.883	23.109	0.179487	29.413
swarm_36_54.pdb	9.672	30.240	0	29.220
swarm_6_124.pdb	5.782	23.589	0.205128	28.972
swarm_21_125.pdb	6.421	25.314	0.205128	28.948
swarm_47_185.pdb	10.325	38.106	0	28.639
swarm_6_102.pdb	8.661	29.321	0	28.600
swarm_38_93.pdb	6.342	16.805	0.0512821	28.458
swarm_26_90.pdb	11.110	39.134	0	28.382
swarm_0_13.pdb	2.639	8.646	0.461538	28.263
swarm_48_190.pdb	9.980	37.736	0	28.124
swarm_36_99.pdb	8.624	36.140	0	28.011
swarm_34_190.pdb	6.775	19.014	0	27.883
swarm_38_109.pdb	6.694	19.454	0	27.666
swarm_42_158.pdb	6.499	27.701	0.205128	27.587
swarm_40_24.pdb	9.241	30.034	0	27.554
swarm_42_47.pdb	3.777	15.306	0.230769	27.546
swarm_32_180.pdb	6.549	28.608	0.205128	27.462
swarm_46_102.pdb	9.541	33.548	0	27.375
swarm_26_14.pdb	10.278	40.429	0	27.006
swarm_46_107.pdb	7.117	29.851	0	26.955
swarm_52_57.pdb	5.501	22.321	0.230769	26.697
swarm_34_13.pdb	5.298	19.004	0.025641	26.655
swarm_1_177.pdb	5.324	21.519	0.25641	26.511
swarm_34_152.pdb	9.108	32.980	0	26.337
swarm_9_80.pdb	5.932	24.882	0.128205	25.694
swarm_46_36.pdb	9.838	38.176	0	25.487
swarm_33_74.pdb	9.439	34.381	0	25.433
swarm_36_125.pdb	10.502	39.064	0	25.023
swarm_37_198.pdb	12.106	40.649	0	24.934
swarm_6_114.pdb	6.834	17.533	0	24.850
swarm_40_128.pdb	9.864	28.234	0	24.802
swarm_10_64.pdb	9.960	37.285	0	24.752
swarm_3_138.pdb	7.775	29.177	0	24.730
swarm_43_1.pdb	7.833	33.035	0	24.222
swarm_16_57.pdb	7.258	28.094	0	23.845
swarm_36_87.pdb	12.681	38.521	0	23.641
swarm_30_177.pdb	10.973	37.761	0	23.589
swarm_54_128.pdb	8.434	35.116	0	23.162
swarm_4_142.pdb	8.377	34.004	0	23.114
swarm_2_61.pdb	3.907	6.927	0.0769231	22.908
swarm_31_2.pdb	11.488	42.442	0	22.490
swarm_38_162.pdb	3.740	10.413	0.153846	22.410
swarm_40_11.pdb	11.343	41.344	0.0512821	22.192
swarm_26_176.pdb	10.254	30.803	0	22.067
swarm_54_151.pdb	11.836	42.980	0	21.841
swarm_26_124.pdb	9.432	37.491	0	21.161
swarm_11_153.pdb	12.591	45.014	0	20.141
swarm_46_146.pdb	8.468	30.651	0	19.036
swarm_5_20.pdb	12.225	36.197	0	17.452
swarm_24_107.pdb	6.576	26.224	0	17.301
swarm_10_157.pdb	12.772	42.358	0	16.887
swarm_36_112.pdb	10.365	26.287	0	16.131
swarm_6_77.pdb	7.946	29.487	0.025641	15.889
swarm_49_125.pdb	11.169	37.630	0	15.809
swarm_43_162.pdb	8.179	37.005	0.025641	15.796
swarm_39_199.pdb	7.790	20.213	0	15.388
swarm_3_45.pdb	6.835	28.977	0.0512821	14.677
swarm_34_96.pdb	7.063	27.808	0.128205	12.951
swarm_24_174.pdb	11.551	39.386	0	2.930
swarm_23_20.pdb	5.796	22.964	0.153846	1.555
swarm_27_60.pdb	5.469	26.879	0.205128	0.489
