run0-swarm_28_63.pdb	1.380	4.650	0.794872	45.375
run0-swarm_11_155.pdb	2.096	5.525	0.589744	43.736
run0-swarm_47_27.pdb	6.466	21.300	0	42.825
run1-swarm_52_86.pdb	8.761	34.527	0	42.648
run1-swarm_34_182.pdb	7.286	27.279	0	42.147
run1-swarm_22_152.pdb	5.035	16.924	0.0769231	41.824
run1-swarm_33_193.pdb	1.440	3.638	0.794872	41.805
run1-swarm_3_39.pdb	11.936	44.460	0	41.655
run1-swarm_15_142.pdb	1.349	3.355	0.871795	41.442
run0-swarm_0_166.pdb	2.114	5.895	0.641026	41.332
run1-swarm_16_73.pdb	1.449	4.309	0.692308	41.090
run0-swarm_7_171.pdb	5.826	18.017	0.0769231	40.913
run0-swarm_45_119.pdb	2.194	6.127	0.615385	40.675
run1-swarm_51_83.pdb	7.561	28.845	0	40.646
run0-swarm_42_35.pdb	6.565	25.285	0.0512821	40.435
run0-swarm_13_54.pdb	2.193	7.566	0.512821	40.051
run1-swarm_46_149.pdb	5.663	18.441	0	39.684
run1-swarm_38_157.pdb	1.503	5.170	0.641026	39.479
run1-swarm_53_121.pdb	9.929	36.762	0	39.241
run0-swarm_24_39.pdb	6.117	26.494	0.102564	38.552
run1-swarm_5_3.pdb	5.456	18.048	0	38.548
run0-swarm_3_122.pdb	1.067	3.631	0.871795	38.489
run0-swarm_38_20.pdb	6.634	20.824	0	38.461
run1-swarm_32_185.pdb	3.185	10.244	0.538462	38.136
run1-swarm_24_155.pdb	1.516	5.040	0.692308	36.805
run1-swarm_50_0.pdb	4.317	16.464	0.179487	36.660
run0-swarm_8_102.pdb	6.196	17.686	0	36.405
run1-swarm_22_160.pdb	6.208	19.999	0	36.396
run0-swarm_27_157.pdb	2.915	9.593	0.538462	36.309
run1-swarm_42_59.pdb	4.830	19.886	0.230769	36.199
run1-swarm_44_131.pdb	1.917	5.463	0.589744	36.183
run0-swarm_15_190.pdb	7.305	25.645	0	36.150
run0-swarm_38_183.pdb	4.682	18.801	0.102564	35.853
run0-swarm_31_158.pdb	5.806	16.828	0.025641	35.793
run1-swarm_44_78.pdb	4.691	15.250	0.0769231	35.787
run0-swarm_14_199.pdb	7.478	23.898	0	35.775
run0-swarm_4_85.pdb	4.634	18.529	0.179487	35.568
run1-swarm_39_101.pdb	6.074	22.902	0	35.183
run0-swarm_17_16.pdb	3.938	10.085	0.153846	34.836
run1-swarm_39_61.pdb	9.048	33.884	0	34.822
run1-swarm_34_169.pdb	5.111	19.997	0.153846	34.780
run0-swarm_7_193.pdb	1.971	6.474	0.666667	34.733
run0-swarm_37_119.pdb	4.122	13.290	0.153846	34.670
run1-swarm_53_7.pdb	7.077	24.905	0	34.547
run0-swarm_43_143.pdb	8.477	30.165	0	34.546
run0-swarm_16_148.pdb	6.549	25.019	0.102564	34.539
run0-swarm_13_52.pdb	2.740	8.212	0.512821	34.516
run1-swarm_43_184.pdb	4.938	20.624	0.153846	34.434
run0-swarm_18_98.pdb	5.667	29.161	0.179487	34.045
run0-swarm_43_178.pdb	5.535	20.581	0.0769231	33.986
run1-swarm_7_107.pdb	6.972	28.302	0	33.957
run1-swarm_44_149.pdb	5.682	21.370	0.0512821	33.370
run1-swarm_10_135.pdb	6.287	21.768	0	33.356
run0-swarm_31_148.pdb	3.369	9.783	0.512821	33.292
run1-swarm_46_126.pdb	6.820	26.938	0	33.175
run1-swarm_25_102.pdb	5.618	23.754	0.282051	33.070
run0-swarm_28_170.pdb	4.226	14.339	0.307692	33.016
run1-swarm_1_12.pdb	5.081	21.355	0.282051	32.938
run1-swarm_3_57.pdb	9.634	33.799	0	32.888
run1-swarm_33_123.pdb	4.908	14.389	0.102564	32.757
run1-swarm_9_174.pdb	2.109	6.658	0.641026	32.696
run1-swarm_16_185.pdb	2.054	9.278	0.615385	32.691
run0-swarm_13_108.pdb	2.585	11.619	0.666667	32.524
run1-swarm_43_116.pdb	4.611	16.925	0.153846	32.507
run0-swarm_26_131.pdb	10.915	36.355	0	32.449
run1-swarm_30_14.pdb	8.811	30.723	0	32.372
run0-swarm_33_109.pdb	5.841	23.013	0.025641	32.229
run1-swarm_15_39.pdb	3.614	14.257	0.461538	31.838
run1-swarm_46_153.pdb	5.165	17.720	0.128205	31.828
run1-swarm_0_122.pdb	1.446	4.590	0.846154	31.750
run0-swarm_17_181.pdb	7.058	23.120	0	31.679
run0-swarm_45_120.pdb	3.131	9.013	0.282051	31.364
run0-swarm_3_98.pdb	2.961	13.051	0.564103	31.238
run0-swarm_31_102.pdb	3.408	9.802	0.230769	31.215
run0-swarm_28_197.pdb	4.153	13.732	0.153846	30.985
run0-swarm_36_185.pdb	4.942	17.648	0.0769231	30.965
run1-swarm_7_85.pdb	9.964	33.877	0	30.898
run1-swarm_57_144.pdb	4.625	19.722	0.307692	30.885
run0-swarm_15_62.pdb	5.592	21.610	0.025641	30.824
run1-swarm_35_44.pdb	1.368	5.950	0.871795	30.738
run0-swarm_29_114.pdb	3.588	13.299	0.384615	30.433
run0-swarm_37_152.pdb	5.623	21.399	0.0769231	30.317
run1-swarm_41_26.pdb	9.085	38.268	0	30.306
run0-swarm_1_70.pdb	2.774	9.757	0.384615	30.282
run1-swarm_54_28.pdb	9.468	34.330	0	30.273
run1-swarm_4_50.pdb	1.645	3.377	0.615385	30.192
run1-swarm_22_179.pdb	3.833	12.460	0.282051	30.165
run0-swarm_37_56.pdb	9.008	21.681	0	29.907
run0-swarm_33_188.pdb	3.058	11.914	0.410256	29.758
run1-swarm_5_108.pdb	5.196	20.615	0.102564	29.756
run1-swarm_28_192.pdb	5.955	24.876	0.230769	29.584
run1-swarm_22_35.pdb	1.664	6.950	0.487179	29.513
run1-swarm_17_101.pdb	8.457	30.152	0	29.478
run1-swarm_48_54.pdb	3.554	13.957	0.384615	29.159
run0-swarm_9_126.pdb	5.319	19.617	0.0512821	29.046
run1-swarm_11_124.pdb	4.880	21.264	0.307692	28.623
run0-swarm_41_117.pdb	3.929	16.410	0.384615	28.588
run0-swarm_36_133.pdb	7.471	25.465	0	28.501
run0-swarm_11_46.pdb	3.270	16.162	0.487179	28.462
run1-swarm_42_192.pdb	6.640	27.269	0.0769231	28.364
run0-swarm_29_178.pdb	3.302	15.490	0.358974	28.290
run0-swarm_22_124.pdb	10.301	36.338	0	28.133
run1-swarm_36_177.pdb	7.704	37.980	0	27.931
run1-swarm_10_77.pdb	3.485	14.010	0.25641	27.909
run0-swarm_36_197.pdb	5.752	24.568	0.102564	27.841
run1-swarm_33_8.pdb	4.604	15.810	0.230769	27.715
run1-swarm_3_177.pdb	10.000	37.813	0	27.573
run1-swarm_53_91.pdb	9.834	40.472	0	27.566
run0-swarm_40_80.pdb	5.731	29.157	0.0512821	27.252
run0-swarm_35_79.pdb	3.139	15.330	0.487179	27.208
run1-swarm_37_18.pdb	6.818	31.439	0.0769231	27.168
run1-swarm_7_106.pdb	5.916	22.531	0.025641	27.161
run0-swarm_17_164.pdb	6.023	22.072	0.025641	26.870
run1-swarm_17_70.pdb	8.108	28.341	0	26.717
run1-swarm_18_115.pdb	9.543	33.975	0	26.661
run0-swarm_42_27.pdb	5.179	28.231	0.153846	26.596
run1-swarm_30_86.pdb	7.831	30.625	0	26.550
run1-swarm_6_188.pdb	7.804	31.043	0	26.524
run0-swarm_29_22.pdb	3.595	17.794	0.282051	26.429
run0-swarm_41_177.pdb	7.262	19.098	0.102564	26.385
run1-swarm_19_186.pdb	7.986	28.739	0	26.362
run1-swarm_1_120.pdb	2.352	9.498	0.384615	26.307
run1-swarm_15_134.pdb	2.376	11.405	0.641026	26.139
run1-swarm_51_5.pdb	6.881	23.582	0	25.966
run0-swarm_22_165.pdb	10.933	32.739	0	25.833
run1-swarm_52_53.pdb	8.800	32.235	0	25.818
run1-swarm_3_6.pdb	11.002	41.175	0	25.787
run1-swarm_54_83.pdb	9.549	39.235	0	25.762
run0-swarm_19_188.pdb	8.121	33.351	0	25.714
run1-swarm_42_49.pdb	3.453	12.185	0.282051	25.708
run1-swarm_4_104.pdb	2.726	12.185	0.538462	25.704
run1-swarm_32_176.pdb	3.595	15.548	0.333333	25.614
run0-swarm_21_25.pdb	8.609	35.872	0	25.590
run0-swarm_5_15.pdb	10.789	35.534	0	25.558
run1-swarm_41_81.pdb	8.470	32.922	0	25.447
run1-swarm_34_174.pdb	8.277	30.775	0	25.350
run1-swarm_52_125.pdb	9.861	40.005	0	25.335
run1-swarm_25_183.pdb	8.863	33.793	0	25.310
run1-swarm_26_20.pdb	10.257	38.832	0	25.293
run0-swarm_16_3.pdb	4.391	14.492	0.153846	25.214
run1-swarm_30_19.pdb	10.278	38.892	0	25.115
run0-swarm_47_173.pdb	5.027	26.586	0.205128	25.098
run1-swarm_48_21.pdb	4.772	19.962	0.153846	25.070
run1-swarm_43_12.pdb	1.593	6.170	0.384615	25.038
run1-swarm_9_160.pdb	4.901	19.141	0.25641	24.786
run1-swarm_50_6.pdb	5.880	23.603	0.153846	24.554
run1-swarm_13_104.pdb	10.639	33.944	0	24.522
run1-swarm_21_81.pdb	5.667	23.630	0.410256	24.486
run0-swarm_48_145.pdb	7.078	21.742	0.025641	24.418
run1-swarm_43_80.pdb	6.182	19.587	0.025641	24.407
run1-swarm_19_39.pdb	9.109	33.204	0	24.243
run0-swarm_27_5.pdb	7.224	19.102	0.102564	24.193
run1-swarm_27_123.pdb	7.851	28.421	0	24.134
run1-swarm_39_126.pdb	6.173	22.587	0.025641	24.077
run1-swarm_13_59.pdb	9.342	39.082	0	23.909
run1-swarm_14_156.pdb	10.287	37.208	0	23.851
run0-swarm_24_44.pdb	4.698	22.719	0.282051	23.638
run1-swarm_28_12.pdb	9.150	37.032	0	23.629
run0-swarm_43_27.pdb	4.404	18.293	0.25641	23.480
run1-swarm_11_194.pdb	4.864	22.077	0.25641	23.247
run1-swarm_17_74.pdb	8.403	34.512	0	23.200
run0-swarm_28_27.pdb	7.302	16.525	0.0512821	23.176
run1-swarm_33_65.pdb	4.675	17.082	0.205128	23.059
run1-swarm_41_23.pdb	7.500	34.469	0	22.969
run1-swarm_6_75.pdb	7.581	28.000	0	22.822
run1-swarm_25_160.pdb	5.242	24.184	0.128205	22.761
run0-swarm_36_21.pdb	9.321	16.112	0	22.671
run0-swarm_32_71.pdb	5.827	27.359	0.128205	22.659
run0-swarm_3_136.pdb	4.298	11.930	0.153846	22.384
run0-swarm_25_108.pdb	8.734	30.102	0.025641	22.324
run1-swarm_48_187.pdb	8.230	27.972	0	22.313
run0-swarm_20_175.pdb	6.755	23.823	0.025641	22.306
run0-swarm_19_157.pdb	6.809	31.653	0.025641	22.272
run0-swarm_34_196.pdb	10.990	35.836	0	22.247
run1-swarm_4_181.pdb	4.710	18.784	0.384615	22.160
run0-swarm_41_28.pdb	6.171	18.908	0	22.107
run1-swarm_11_50.pdb	7.499	33.653	0	22.013
run0-swarm_25_185.pdb	4.925	17.151	0	22.011
run1-swarm_47_66.pdb	6.097	25.237	0.230769	21.949
run1-swarm_40_80.pdb	8.475	28.928	0	21.880
run0-swarm_47_64.pdb	2.578	14.695	0.487179	21.841
run1-swarm_0_63.pdb	5.201	16.376	0.205128	21.787
run0-swarm_48_41.pdb	5.333	17.964	0.0512821	21.695
run0-swarm_47_175.pdb	5.051	23.353	0.358974	21.658
run1-swarm_45_68.pdb	7.516	26.911	0	21.623
run1-swarm_55_101.pdb	6.960	33.217	0.025641	21.588
run1-swarm_56_118.pdb	10.472	38.585	0	21.511
run1-swarm_24_73.pdb	4.138	14.139	0.205128	21.415
run1-swarm_23_193.pdb	7.021	24.946	0.205128	21.295
run0-swarm_27_33.pdb	4.912	18.397	0.0512821	20.959
run0-swarm_12_22.pdb	12.755	37.451	0	20.908
run1-swarm_24_69.pdb	3.465	9.346	0.487179	20.851
run1-swarm_43_153.pdb	4.738	17.728	0.205128	20.819
run0-swarm_49_70.pdb	7.077	32.616	0.0512821	20.788
run0-swarm_37_137.pdb	6.518	14.494	0	20.735
run1-swarm_57_56.pdb	5.103	16.090	0.0512821	20.637
run1-swarm_32_152.pdb	4.980	18.358	0.102564	20.600
run1-swarm_24_75.pdb	4.317	14.953	0.384615	20.514
run1-swarm_8_164.pdb	6.582	28.714	0.0512821	20.422
run0-swarm_36_64.pdb	6.984	17.224	0.0512821	20.385
run0-swarm_7_14.pdb	5.117	20.598	0.128205	20.375
run1-swarm_33_116.pdb	2.843	7.284	0.205128	20.295
run0-swarm_16_51.pdb	12.106	27.638	0	20.212
run1-swarm_11_35.pdb	8.651	29.447	0	20.154
run1-swarm_40_87.pdb	7.625	29.527	0	20.077
run1-swarm_12_23.pdb	4.671	15.073	0.102564	19.954
run0-swarm_42_106.pdb	5.295	20.168	0	19.777
run1-swarm_11_179.pdb	9.029	35.387	0	19.368
run0-swarm_14_102.pdb	6.256	20.431	0	19.323
run0-swarm_19_23.pdb	5.448	20.743	0.410256	19.272
run1-swarm_36_115.pdb	5.161	27.805	0.0512821	19.075
run1-swarm_2_43.pdb	5.563	28.961	0.025641	18.975
run0-swarm_20_22.pdb	8.055	30.588	0	18.964
run0-swarm_46_28.pdb	5.610	19.457	0.153846	18.864
run1-swarm_11_134.pdb	7.902	29.230	0	18.808
run0-swarm_24_153.pdb	13.431	31.308	0	18.795
run1-swarm_23_181.pdb	4.672	13.276	0.025641	18.787
run0-swarm_9_156.pdb	4.597	20.383	0.25641	18.720
run0-swarm_45_187.pdb	8.686	16.474	0	18.659
run0-swarm_32_113.pdb	6.659	30.174	0.0512821	18.638
run1-swarm_10_80.pdb	7.557	28.085	0	18.636
run1-swarm_2_177.pdb	10.242	39.832	0	18.611
run1-swarm_21_145.pdb	4.238	15.041	0.205128	18.518
run0-swarm_35_102.pdb	8.102	20.442	0.0512821	18.374
run1-swarm_8_171.pdb	7.572	34.365	0.025641	18.267
run0-swarm_35_125.pdb	6.302	20.550	0.0512821	18.226
run0-swarm_10_40.pdb	3.831	13.865	0.307692	18.155
run1-swarm_28_136.pdb	9.016	32.938	0	18.033
run1-swarm_9_138.pdb	4.404	11.904	0.128205	17.977
run0-swarm_42_53.pdb	7.177	28.285	0.025641	17.772
run1-swarm_21_60.pdb	4.959	22.162	0.179487	17.253
run1-swarm_16_151.pdb	4.592	8.462	0.025641	17.235
run0-swarm_0_23.pdb	5.136	21.463	0.205128	17.227
run1-swarm_13_86.pdb	8.807	36.612	0	16.947
run1-swarm_38_98.pdb	5.301	23.412	0.0512821	16.734
run1-swarm_35_145.pdb	5.403	13.625	0	16.699
run0-swarm_13_0.pdb	6.499	15.399	0.153846	16.619
run0-swarm_24_179.pdb	8.394	25.904	0.0512821	16.487
run1-swarm_25_23.pdb	7.563	29.579	0	16.364
run1-swarm_18_106.pdb	8.833	34.903	0	16.309
run1-swarm_57_5.pdb	8.663	29.499	0	16.210
run1-swarm_5_178.pdb	6.727	29.768	0.153846	16.137
run0-swarm_11_43.pdb	5.678	20.051	0.025641	16.054
run0-swarm_6_26.pdb	5.713	24.523	0.358974	15.570
run0-swarm_27_166.pdb	3.148	12.025	0.641026	15.553
run0-swarm_13_168.pdb	4.972	16.487	0.538462	15.523
run1-swarm_15_34.pdb	5.555	15.754	0.025641	15.333
run0-swarm_48_174.pdb	5.635	13.212	0.102564	15.131
run1-swarm_1_6.pdb	6.005	23.201	0	15.053
run1-swarm_49_134.pdb	5.500	24.902	0	14.967
run1-swarm_26_105.pdb	8.955	35.448	0	14.772
run1-swarm_31_189.pdb	5.915	25.339	0.282051	14.504
run0-swarm_29_51.pdb	6.041	20.247	0	14.124
run1-swarm_35_80.pdb	6.589	19.598	0	14.060
run1-swarm_46_39.pdb	7.083	29.282	0.025641	14.041
run1-swarm_57_89.pdb	5.825	24.623	0.102564	13.968
run1-swarm_42_155.pdb	9.397	27.922	0.025641	13.733
run0-swarm_19_71.pdb	8.881	33.813	0	13.010
run1-swarm_12_35.pdb	7.170	23.616	0	12.962
run0-swarm_16_169.pdb	5.009	22.425	0.384615	12.692
run1-swarm_1_195.pdb	4.831	18.148	0.230769	12.609
run1-swarm_21_28.pdb	8.291	24.523	0	12.155
run0-swarm_40_104.pdb	5.263	26.339	0.205128	11.369
run1-swarm_10_171.pdb	5.543	20.110	0.0512821	10.974
run0-swarm_46_110.pdb	4.354	19.213	0.589744	10.577
run0-swarm_48_167.pdb	4.378	16.710	0.461538	10.494
run1-swarm_23_66.pdb	4.770	20.053	0.179487	10.009
run1-swarm_45_130.pdb	4.558	19.656	0.358974	9.944
run1-swarm_12_61.pdb	6.174	26.008	0.0512821	9.915
run0-swarm_3_26.pdb	4.329	13.619	0.358974	8.015
run1-swarm_9_151.pdb	4.826	18.903	0.333333	7.402
run0-swarm_16_143.pdb	5.830	22.414	0.179487	7.183
run1-swarm_58_111.pdb	5.493	22.428	0.282051	7.103
run1-swarm_8_102.pdb	5.399	24.419	0.282051	6.985
run0-swarm_26_7.pdb	6.367	28.370	0.25641	6.721
run0-swarm_9_179.pdb	4.957	19.804	0.384615	6.530
run1-swarm_12_191.pdb	6.434	26.228	0.230769	5.687
run0-swarm_45_116.pdb	10.630	16.086	0	5.470
run0-swarm_2_192.pdb	5.973	24.231	0.384615	5.224
run1-swarm_37_131.pdb	6.080	26.464	0.179487	4.548
run0-swarm_17_38.pdb	9.075	17.391	0.025641	4.098
run0-swarm_37_104.pdb	9.444	26.510	0	4.049
run0-swarm_26_121.pdb	10.999	27.060	0	3.966
run0-swarm_28_5.pdb	3.469	15.056	0.358974	1.848
run1-swarm_47_75.pdb	6.032	22.953	0.128205	1.732
run0-swarm_6_166.pdb	8.837	26.779	0	1.432
run1-swarm_24_104.pdb	4.908	16.472	0.282051	0.431
