swarm_7_7.pdb	11.000	26.629	0	37.113
swarm_24_193.pdb	6.007	21.481	0	33.877
swarm_14_147.pdb	11.989	24.331	0	33.774
swarm_7_103.pdb	7.646	14.675	0	32.255
swarm_20_179.pdb	8.700	23.219	0	31.127
swarm_13_183.pdb	11.238	30.604	0	30.119
swarm_28_156.pdb	10.767	30.437	0	29.841
swarm_11_1.pdb	10.194	30.400	0.0689655	29.569
swarm_25_27.pdb	8.945	35.989	0	29.484
swarm_32_120.pdb	10.129	22.230	0	29.115
swarm_26_157.pdb	9.597	20.090	0	29.087
swarm_0_19.pdb	13.456	33.746	0	28.995
swarm_29_102.pdb	11.287	37.989	0	28.801
swarm_8_172.pdb	9.264	20.291	0.0344828	28.624
swarm_32_49.pdb	10.625	24.982	0	28.531
swarm_10_67.pdb	9.671	19.794	0	27.816
swarm_0_133.pdb	8.036	30.134	0	27.731
swarm_0_108.pdb	11.481	31.231	0	27.653
swarm_4_187.pdb	8.360	30.305	0	27.591
swarm_26_52.pdb	9.042	18.977	0	27.519
swarm_29_0.pdb	6.974	33.908	0.172414	27.418
swarm_19_84.pdb	9.967	27.985	0	27.267
swarm_8_116.pdb	10.873	21.561	0	27.222
swarm_31_60.pdb	7.834	20.725	0	27.091
swarm_10_105.pdb	8.572	23.975	0	26.899
swarm_29_89.pdb	10.665	29.899	0	26.266
swarm_22_192.pdb	12.949	38.914	0	26.173
swarm_33_174.pdb	11.625	24.718	0	26.061
swarm_3_16.pdb	8.030	29.482	0	26.029
swarm_28_60.pdb	12.528	29.698	0	25.904
swarm_8_27.pdb	10.224	24.793	0	25.483
swarm_9_40.pdb	8.752	20.722	0	25.391
swarm_21_25.pdb	11.974	43.700	0	25.287
swarm_33_175.pdb	8.554	24.425	0.0344828	24.993
swarm_7_117.pdb	8.991	26.148	0.103448	24.766
swarm_20_143.pdb	11.081	22.787	0	24.761
swarm_0_193.pdb	14.204	31.394	0	24.676
swarm_32_119.pdb	11.594	21.852	0	24.622
swarm_3_27.pdb	11.873	27.639	0	24.578
swarm_21_18.pdb	13.567	30.361	0	24.322
swarm_33_142.pdb	13.025	28.547	0	24.167
swarm_25_12.pdb	13.678	37.975	0	24.158
swarm_26_88.pdb	11.521	25.399	0	23.974
swarm_22_19.pdb	10.263	35.866	0	23.695
swarm_20_114.pdb	8.096	19.925	0	23.567
swarm_33_116.pdb	9.090	27.084	0	23.537
swarm_8_112.pdb	8.746	21.172	0	23.524
swarm_32_104.pdb	14.133	31.886	0	23.224
swarm_28_66.pdb	9.304	23.565	0	23.157
swarm_19_53.pdb	11.321	25.074	0	23.145
swarm_22_169.pdb	10.847	38.028	0	23.141
swarm_19_115.pdb	12.702	24.804	0	22.918
swarm_0_106.pdb	7.998	36.182	0.0344828	22.762
swarm_17_28.pdb	14.483	30.926	0	22.700
swarm_6_157.pdb	16.266	38.167	0	22.645
swarm_10_199.pdb	6.086	24.506	0.206897	22.553
swarm_2_135.pdb	12.318	28.925	0	22.399
swarm_7_45.pdb	12.003	29.451	0	22.383
swarm_14_98.pdb	12.908	31.365	0	22.178
swarm_2_63.pdb	11.643	24.524	0	22.146
swarm_19_131.pdb	10.579	23.209	0	21.995
swarm_32_159.pdb	15.589	34.400	0	21.930
swarm_11_17.pdb	9.039	29.859	0	21.916
swarm_14_112.pdb	14.855	31.892	0	21.843
swarm_8_174.pdb	11.791	25.178	0	21.749
swarm_28_117.pdb	10.381	39.248	0	21.718
swarm_6_3.pdb	10.912	31.050	0	21.712
swarm_4_37.pdb	13.055	26.738	0	21.656
swarm_8_118.pdb	8.323	21.712	0	21.592
swarm_20_84.pdb	10.057	21.399	0	21.524
swarm_28_108.pdb	9.407	32.284	0.0344828	21.466
swarm_19_12.pdb	11.932	28.973	0	21.286
swarm_19_94.pdb	9.537	19.626	0	21.254
swarm_22_6.pdb	17.953	43.707	0	21.152
swarm_24_136.pdb	8.658	24.838	0	21.132
swarm_26_107.pdb	9.135	21.807	0	21.047
swarm_16_72.pdb	12.604	25.101	0	21.041
swarm_27_49.pdb	7.888	31.126	0	20.979
swarm_3_153.pdb	14.387	32.125	0	20.937
swarm_33_95.pdb	10.635	22.097	0	20.729
swarm_16_168.pdb	7.520	22.559	0.0689655	20.723
swarm_2_61.pdb	14.659	28.514	0	20.713
swarm_20_122.pdb	8.116	20.126	0.0344828	20.713
swarm_32_29.pdb	13.433	29.963	0	20.667
swarm_33_69.pdb	9.552	32.381	0	20.665
swarm_5_55.pdb	15.407	34.508	0	20.641
swarm_30_61.pdb	15.085	39.922	0	20.608
swarm_15_16.pdb	10.343	24.441	0	20.596
swarm_17_174.pdb	14.738	34.142	0	20.564
swarm_23_40.pdb	11.791	41.622	0	20.331
swarm_4_86.pdb	11.935	22.349	0	20.311
swarm_6_101.pdb	14.263	32.858	0	20.297
swarm_2_192.pdb	5.162	18.762	0.0689655	20.290
swarm_32_72.pdb	15.409	32.736	0	20.249
swarm_23_85.pdb	15.020	44.256	0	20.122
swarm_18_111.pdb	9.998	32.883	0	20.106
swarm_29_98.pdb	13.851	34.303	0	20.056
swarm_7_141.pdb	8.451	17.081	0	19.914
swarm_3_50.pdb	12.136	27.824	0	19.869
swarm_2_152.pdb	13.473	28.113	0	19.798
swarm_26_16.pdb	10.244	22.883	0	19.700
swarm_0_145.pdb	13.947	34.832	0	19.648
swarm_2_3.pdb	13.320	25.780	0	19.638
swarm_9_116.pdb	8.733	23.471	0.172414	19.586
swarm_8_182.pdb	7.584	15.280	0	19.572
swarm_28_179.pdb	10.221	30.666	0	19.512
swarm_33_108.pdb	8.749	22.224	0.241379	19.482
swarm_29_105.pdb	16.062	36.773	0	19.450
swarm_25_140.pdb	14.570	34.601	0	19.257
swarm_5_191.pdb	9.274	29.544	0.0344828	19.123
swarm_24_126.pdb	10.726	33.118	0	18.946
swarm_18_41.pdb	14.058	32.766	0	18.931
swarm_2_87.pdb	12.470	25.769	0	18.927
swarm_17_193.pdb	10.425	34.484	0	18.886
swarm_8_75.pdb	12.382	23.833	0	18.709
swarm_5_38.pdb	12.588	27.793	0	18.596
swarm_2_62.pdb	8.483	25.484	0	18.415
swarm_5_150.pdb	12.589	31.104	0	18.413
swarm_4_127.pdb	15.370	32.846	0	18.409
swarm_16_64.pdb	13.204	27.162	0	18.343
swarm_7_30.pdb	11.714	21.288	0	18.336
swarm_32_0.pdb	7.546	31.140	0.0689655	18.327
swarm_4_193.pdb	14.027	28.939	0	18.279
swarm_14_64.pdb	14.590	34.583	0	18.231
swarm_33_98.pdb	12.614	23.784	0	18.223
swarm_18_33.pdb	13.478	30.435	0	18.192
swarm_2_72.pdb	5.280	22.546	0.103448	18.085
swarm_7_148.pdb	12.589	24.083	0	17.947
swarm_31_159.pdb	11.533	22.815	0	17.747
swarm_0_3.pdb	10.066	36.922	0.0344828	17.599
swarm_20_94.pdb	9.689	23.294	0	17.555
swarm_2_12.pdb	11.280	22.434	0	17.415
swarm_5_153.pdb	8.902	25.195	0	17.291
swarm_16_105.pdb	11.864	26.303	0	17.278
swarm_4_131.pdb	16.088	36.169	0	17.210
swarm_19_15.pdb	11.827	30.623	0	17.107
swarm_31_42.pdb	7.047	17.659	0	16.986
swarm_4_69.pdb	14.780	28.373	0	16.869
swarm_30_89.pdb	8.249	36.867	0	16.778
swarm_25_95.pdb	15.118	38.061	0	16.747
swarm_14_181.pdb	15.063	33.360	0	16.557
swarm_11_60.pdb	9.861	27.126	0	16.515
swarm_10_161.pdb	13.628	31.744	0	16.488
swarm_32_174.pdb	15.236	28.848	0	16.352
swarm_29_43.pdb	13.335	37.476	0	16.265
swarm_3_193.pdb	12.658	25.912	0	16.207
swarm_17_56.pdb	17.324	40.888	0	16.123
swarm_4_89.pdb	14.108	27.811	0	16.082
swarm_30_9.pdb	11.493	44.791	0	16.041
swarm_33_127.pdb	14.320	30.927	0	16.006
swarm_14_25.pdb	16.532	37.662	0	15.999
swarm_14_125.pdb	15.510	32.064	0	15.992
swarm_6_94.pdb	13.814	40.919	0	15.889
swarm_20_70.pdb	11.953	22.248	0	15.867
swarm_3_136.pdb	11.013	22.651	0	15.780
swarm_6_156.pdb	10.609	31.374	0	15.778
swarm_24_93.pdb	7.538	22.368	0	15.753
swarm_2_190.pdb	13.371	26.624	0	15.703
swarm_21_7.pdb	17.621	43.671	0	15.633
swarm_5_147.pdb	14.874	36.637	0	15.465
swarm_17_137.pdb	18.484	41.782	0	15.308
swarm_18_106.pdb	19.301	44.033	0	15.163
swarm_22_23.pdb	11.172	33.998	0.0689655	15.114
swarm_32_24.pdb	11.568	21.317	0	14.962
swarm_1_130.pdb	14.204	40.408	0	14.903
swarm_14_61.pdb	10.849	30.809	0	14.696
swarm_15_76.pdb	8.819	34.641	0	14.666
swarm_17_9.pdb	12.223	38.342	0.103448	14.614
swarm_4_108.pdb	9.055	31.938	0	14.514
swarm_7_87.pdb	11.565	23.946	0	14.428
swarm_4_8.pdb	11.509	33.188	0	14.387
swarm_10_175.pdb	11.173	30.498	0	14.186
swarm_22_55.pdb	9.500	34.964	0	14.035
swarm_19_54.pdb	10.311	21.014	0	13.597
swarm_3_41.pdb	15.547	27.332	0	13.473
swarm_12_30.pdb	12.647	39.797	0	13.469
swarm_3_177.pdb	11.624	34.178	0	13.286
swarm_1_57.pdb	11.621	39.743	0	11.551
swarm_10_198.pdb	12.122	28.714	0	11.496
swarm_16_102.pdb	11.231	35.581	0	11.271
swarm_7_182.pdb	4.175	9.455	0.206897	11.224
swarm_31_6.pdb	9.440	22.190	0	10.100
swarm_3_101.pdb	18.386	35.027	0	9.432
swarm_10_189.pdb	13.132	25.561	0	9.025
swarm_21_77.pdb	12.904	38.694	0	8.860
swarm_7_98.pdb	11.949	25.655	0	8.579
swarm_20_32.pdb	9.102	21.879	0	7.820
swarm_2_139.pdb	8.206	25.236	0	7.470
swarm_14_19.pdb	14.920	35.466	0	7.470
swarm_25_135.pdb	10.477	36.354	0	6.834
swarm_27_132.pdb	8.999	27.610	0.0689655	6.485
swarm_20_135.pdb	7.015	19.260	0.0344828	5.177
swarm_11_57.pdb	13.248	30.768	0	4.770
