swarm_7_174.pdb	6.431	30.651	0	47.903
swarm_3_132.pdb	3.156	7.796	0.103448	44.649
swarm_5_144.pdb	4.123	16.155	0.0689655	44.409
swarm_8_121.pdb	3.115	7.723	0.0689655	44.338
swarm_0_55.pdb	3.066	6.862	0.137931	43.548
swarm_2_21.pdb	3.474	11.873	0.0689655	43.479
swarm_5_59.pdb	3.053	6.325	0.137931	43.385
swarm_1_107.pdb	2.738	5.809	0.137931	42.963
swarm_9_18.pdb	5.559	24.069	0	41.734
swarm_4_49.pdb	3.442	5.792	0.0344828	41.568
swarm_0_77.pdb	2.955	12.298	0.310345	40.391
swarm_7_76.pdb	5.036	23.737	0.103448	38.882
swarm_6_170.pdb	3.979	16.007	0.206897	38.853
swarm_6_161.pdb	4.205	14.573	0.0689655	37.975
swarm_9_121.pdb	4.278	14.432	0.0344828	37.879
swarm_0_64.pdb	4.484	16.853	0.103448	37.231
swarm_8_158.pdb	4.783	20.446	0.241379	36.295
swarm_4_34.pdb	4.344	18.097	0.103448	35.002
swarm_9_137.pdb	3.297	9.078	0.206897	22.725
