swarm_8_185.pdb	7.910	36.436	0	41.303
swarm_19_146.pdb	7.765	35.415	0	38.741
swarm_33_167.pdb	6.389	28.131	0	38.542
swarm_4_6.pdb	15.243	47.668	0	37.289
swarm_25_132.pdb	8.519	37.290	0	36.719
swarm_32_179.pdb	7.612	34.435	0	35.590
swarm_2_174.pdb	7.079	30.807	0	35.431
swarm_19_53.pdb	7.042	29.934	0	35.303
swarm_9_16.pdb	15.488	48.154	0	34.954
swarm_32_75.pdb	7.507	32.251	0	34.918
swarm_17_79.pdb	8.857	38.522	0	34.858
swarm_24_61.pdb	7.103	33.249	0	34.300
swarm_18_165.pdb	8.611	37.634	0	34.070
swarm_20_23.pdb	8.738	37.346	0	33.757
swarm_26_81.pdb	15.542	48.059	0	32.944
swarm_13_45.pdb	6.213	23.150	0	31.930
swarm_4_111.pdb	8.985	39.820	0	31.635
swarm_27_109.pdb	6.762	24.524	0.0344828	31.531
swarm_25_43.pdb	6.897	32.301	0	31.420
swarm_33_61.pdb	7.127	20.143	0	30.762
swarm_34_33.pdb	4.616	12.919	0	30.039
swarm_19_33.pdb	6.236	25.283	0.0689655	29.853
swarm_21_9.pdb	15.518	48.274	0	27.939
swarm_32_32.pdb	5.344	21.458	0	27.858
swarm_18_129.pdb	7.175	32.421	0	27.293
swarm_43_145.pdb	5.120	19.199	0	27.161
swarm_43_173.pdb	7.207	19.629	0	27.092
swarm_12_160.pdb	7.887	36.324	0	26.658
swarm_38_36.pdb	15.916	49.370	0	26.283
swarm_26_122.pdb	12.467	39.097	0	26.103
swarm_7_79.pdb	16.271	46.483	0	25.536
swarm_31_178.pdb	9.536	34.762	0	25.103
swarm_10_109.pdb	11.974	38.519	0	25.010
swarm_17_192.pdb	12.900	41.078	0	24.981
swarm_22_85.pdb	8.384	36.565	0	24.363
swarm_38_127.pdb	12.972	52.036	0	24.022
swarm_17_25.pdb	6.335	32.866	0.103448	24.018
swarm_26_73.pdb	12.925	52.169	0	23.969
swarm_24_69.pdb	8.997	41.693	0	23.826
swarm_21_132.pdb	12.548	39.546	0	23.114
swarm_2_118.pdb	8.745	25.440	0	22.248
swarm_11_72.pdb	10.044	33.113	0	22.129
swarm_30_142.pdb	13.478	52.099	0	21.796
swarm_12_102.pdb	6.668	28.335	0	21.572
swarm_12_16.pdb	8.949	39.550	0	21.445
swarm_41_199.pdb	5.447	17.683	0	20.415
swarm_42_14.pdb	6.330	20.308	0	20.296
swarm_33_104.pdb	7.811	24.443	0	19.947
swarm_33_147.pdb	6.945	22.635	0	19.488
swarm_13_128.pdb	5.543	16.607	0	19.015
swarm_34_125.pdb	6.366	23.592	0	18.925
swarm_26_6.pdb	10.873	49.011	0	18.872
swarm_43_156.pdb	7.855	24.273	0	18.782
swarm_12_187.pdb	10.028	30.193	0	18.688
swarm_43_54.pdb	3.929	13.253	0.0344828	18.610
swarm_24_110.pdb	10.714	40.939	0	18.454
swarm_9_182.pdb	11.793	49.962	0	18.107
swarm_38_83.pdb	11.351	52.451	0	18.011
swarm_2_139.pdb	4.492	21.269	0.103448	17.430
swarm_8_93.pdb	13.580	43.279	0	16.995
swarm_25_186.pdb	12.450	38.050	0	16.189
swarm_43_38.pdb	10.410	30.096	0	14.726
swarm_10_166.pdb	10.095	30.663	0	14.270
swarm_27_94.pdb	9.659	29.271	0	13.279
swarm_1_5.pdb	8.245	36.257	0.0344828	12.623
swarm_16_29.pdb	5.084	21.431	0.103448	11.057
swarm_12_25.pdb	12.640	40.074	0	9.235
swarm_42_80.pdb	8.475	26.752	0	7.512
swarm_29_154.pdb	14.997	49.328	0	2.378
