swarm_35_81.pdb	7.808	19.648	0	37.786
swarm_3_147.pdb	7.609	22.038	0	35.714
swarm_21_188.pdb	9.022	25.550	0.206897	31.981
swarm_18_50.pdb	8.513	16.890	0	30.961
swarm_39_32.pdb	7.839	26.466	0	30.902
swarm_23_81.pdb	8.015	18.788	0	30.532
swarm_19_33.pdb	7.856	24.121	0	30.483
swarm_6_61.pdb	7.791	18.862	0	30.218
swarm_7_19.pdb	9.376	18.170	0	30.072
swarm_41_104.pdb	6.517	26.239	0	29.747
swarm_12_181.pdb	8.775	21.324	0	29.310
swarm_7_18.pdb	12.536	27.672	0	29.150
swarm_7_14.pdb	7.739	24.568	0	28.868
swarm_3_81.pdb	7.643	15.428	0	28.575
swarm_15_157.pdb	11.496	31.246	0	28.485
swarm_25_95.pdb	7.803	25.535	0	28.474
swarm_24_75.pdb	13.023	27.203	0	27.875
swarm_38_96.pdb	7.980	30.059	0	27.607
swarm_19_57.pdb	7.422	21.730	0.0344828	27.441
swarm_18_171.pdb	10.674	22.434	0	27.277
swarm_27_134.pdb	6.433	24.413	0	26.901
swarm_3_134.pdb	8.995	22.226	0	26.873
swarm_16_34.pdb	7.917	22.049	0	26.633
swarm_32_15.pdb	7.504	25.095	0	26.144
swarm_6_70.pdb	8.874	20.942	0	25.872
swarm_6_189.pdb	7.248	24.373	0	25.769
swarm_39_93.pdb	11.266	30.861	0	25.675
swarm_6_100.pdb	6.845	12.743	0	25.600
swarm_6_167.pdb	9.129	20.524	0	25.280
swarm_3_6.pdb	7.109	18.238	0	25.041
swarm_18_158.pdb	11.592	24.121	0	24.877
swarm_32_104.pdb	10.253	23.974	0	24.762
swarm_8_125.pdb	8.782	22.981	0	24.684
swarm_14_53.pdb	11.704	27.112	0	24.655
swarm_19_87.pdb	11.218	23.150	0	24.538
swarm_35_154.pdb	7.080	19.011	0	24.500
swarm_20_159.pdb	8.971	20.628	0	24.425
swarm_41_97.pdb	10.645	27.229	0.0689655	24.309
swarm_29_60.pdb	12.434	26.008	0	24.305
swarm_8_195.pdb	7.468	26.278	0.0344828	24.246
swarm_6_31.pdb	9.752	23.120	0.0344828	24.110
swarm_42_125.pdb	11.642	29.171	0	24.091
swarm_38_144.pdb	11.940	29.350	0	24.051
swarm_41_21.pdb	7.360	20.729	0.172414	24.000
swarm_20_40.pdb	10.765	23.526	0	23.883
swarm_16_108.pdb	11.798	23.246	0	23.667
swarm_10_149.pdb	7.132	27.931	0	23.644
swarm_29_147.pdb	9.158	26.718	0.137931	23.495
swarm_19_151.pdb	7.501	19.136	0	23.434
swarm_24_63.pdb	9.039	25.513	0	23.336
swarm_35_131.pdb	10.577	21.563	0	23.278
swarm_3_112.pdb	8.683	20.450	0.0689655	23.145
swarm_23_70.pdb	11.132	23.031	0.0344828	22.866
swarm_20_46.pdb	9.044	20.220	0	22.699
swarm_23_58.pdb	6.523	22.407	0	22.674
swarm_27_152.pdb	9.090	22.356	0	22.454
swarm_38_120.pdb	10.721	31.242	0	22.395
swarm_6_147.pdb	8.894	24.183	0	22.352
swarm_3_64.pdb	12.365	22.100	0	22.141
swarm_39_97.pdb	8.781	24.552	0	22.005
swarm_20_99.pdb	12.081	25.323	0	22.000
swarm_3_183.pdb	7.415	18.042	0	21.912
swarm_20_61.pdb	9.974	19.967	0	21.591
swarm_43_188.pdb	14.341	30.978	0	21.440
swarm_5_25.pdb	13.732	29.794	0	21.187
swarm_23_185.pdb	8.095	20.783	0	21.170
swarm_23_89.pdb	7.022	21.112	0	21.030
swarm_23_127.pdb	8.927	21.538	0.172414	21.014
swarm_35_100.pdb	7.689	18.318	0.137931	20.972
swarm_1_192.pdb	6.204	31.457	0	20.960
swarm_5_134.pdb	7.262	14.679	0.0344828	20.950
swarm_44_40.pdb	11.338	23.190	0.0344828	20.902
swarm_6_18.pdb	11.535	20.498	0	20.886
swarm_5_131.pdb	10.692	26.004	0	20.810
swarm_5_125.pdb	7.054	21.973	0	20.705
swarm_41_157.pdb	11.286	25.127	0	20.535
swarm_42_114.pdb	6.792	27.512	0	20.513
swarm_3_117.pdb	12.231	23.133	0	20.473
swarm_5_85.pdb	7.781	26.971	0	20.392
swarm_29_139.pdb	9.837	23.241	0	20.271
swarm_41_98.pdb	7.876	25.486	0	20.198
swarm_16_187.pdb	8.715	20.124	0.0344828	20.119
swarm_24_106.pdb	5.338	26.733	0.275862	19.985
swarm_35_168.pdb	11.840	22.269	0	19.950
swarm_35_58.pdb	11.929	24.377	0	19.895
swarm_21_54.pdb	8.595	16.843	0	19.792
swarm_7_137.pdb	8.702	29.145	0.0689655	19.730
swarm_46_117.pdb	14.970	31.548	0	19.399
swarm_12_87.pdb	10.730	20.499	0	19.383
swarm_44_55.pdb	7.916	24.824	0.0689655	19.376
swarm_21_169.pdb	12.773	28.997	0	19.316
swarm_35_128.pdb	12.228	22.202	0	19.241
swarm_19_74.pdb	7.870	20.998	0	18.649
swarm_32_9.pdb	12.713	30.736	0	18.604
swarm_19_157.pdb	8.635	24.330	0.0344828	18.540
swarm_20_32.pdb	11.692	25.140	0	18.456
swarm_16_194.pdb	9.562	21.370	0	18.450
swarm_24_74.pdb	7.468	26.351	0	18.361
swarm_9_102.pdb	12.005	22.468	0	18.304
swarm_19_47.pdb	9.732	19.627	0	18.208
swarm_41_38.pdb	7.952	19.147	0	18.079
swarm_16_54.pdb	8.846	16.514	0	18.074
swarm_41_89.pdb	4.069	18.296	0.206897	17.968
swarm_16_65.pdb	7.755	20.313	0.172414	17.866
swarm_6_97.pdb	11.281	23.214	0	17.748
swarm_7_89.pdb	12.433	22.127	0	17.684
swarm_3_153.pdb	5.170	10.174	0	17.402
swarm_46_54.pdb	4.167	16.465	0.0344828	17.333
swarm_34_20.pdb	8.794	31.605	0	17.317
swarm_9_162.pdb	10.879	27.099	0	17.230
swarm_42_163.pdb	12.220	29.131	0	17.007
swarm_46_134.pdb	6.396	17.295	0	16.930
swarm_45_91.pdb	6.208	24.721	0.206897	16.746
swarm_18_26.pdb	10.308	21.278	0	16.656
swarm_46_44.pdb	12.314	25.137	0	16.593
swarm_10_173.pdb	9.806	29.671	0	16.537
swarm_5_188.pdb	9.011	20.261	0	16.511
swarm_27_112.pdb	8.423	29.668	0	16.418
swarm_47_5.pdb	8.157	25.602	0	16.325
swarm_3_63.pdb	11.091	20.686	0	15.812
swarm_35_139.pdb	8.984	19.587	0.0689655	15.784
swarm_19_144.pdb	10.528	22.918	0	15.637
swarm_8_35.pdb	9.615	24.286	0	15.522
swarm_47_54.pdb	11.806	25.364	0	15.158
swarm_7_11.pdb	9.043	22.560	0	14.725
swarm_24_192.pdb	8.060	29.906	0	14.382
swarm_3_195.pdb	10.001	22.172	0.0689655	14.207
swarm_11_48.pdb	10.594	19.823	0	13.670
swarm_19_85.pdb	8.215	20.806	0.103448	13.653
swarm_10_69.pdb	8.926	29.324	0	13.621
swarm_20_77.pdb	9.097	21.015	0	13.503
swarm_24_50.pdb	9.534	30.055	0	13.268
swarm_29_171.pdb	12.042	27.419	0	13.133
swarm_19_177.pdb	12.664	20.706	0	13.124
swarm_8_136.pdb	13.799	28.803	0	13.114
swarm_41_159.pdb	9.666	22.077	0	12.604
swarm_23_8.pdb	10.906	18.142	0	11.950
swarm_31_145.pdb	9.186	36.228	0.0344828	9.707
swarm_32_199.pdb	7.235	28.760	0	6.288
swarm_20_80.pdb	9.059	18.016	0	1.341
