swarm_9_175.pdb	2.804	6.288	0.508475	81.419
swarm_2_121.pdb	3.187	7.558	0.355932	73.911
swarm_6_142.pdb	4.424	13.220	0.338983	60.907
swarm_3_94.pdb	5.512	16.800	0.288136	58.794
swarm_0_30.pdb	4.917	13.880	0.372881	55.607
swarm_6_50.pdb	7.477	22.543	0.20339	54.713
swarm_7_25.pdb	7.161	22.289	0.288136	51.985
swarm_2_154.pdb	7.689	20.307	0.101695	51.326
swarm_2_131.pdb	5.816	17.621	0.288136	50.396
swarm_5_90.pdb	9.684	26.228	0.0677966	48.540
swarm_1_38.pdb	7.624	23.075	0.322034	47.293
swarm_9_87.pdb	7.229	22.331	0.355932	47.174
swarm_3_146.pdb	9.431	25.445	0.0677966	46.786
swarm_0_31.pdb	7.211	21.517	0.355932	46.568
swarm_6_69.pdb	6.835	20.007	0.305085	46.132
swarm_7_38.pdb	11.350	35.437	0.220339	42.592
swarm_5_43.pdb	11.035	34.332	0.152542	40.709
swarm_4_148.pdb	10.976	34.391	0.152542	40.624
swarm_3_82.pdb	10.434	31.867	0.220339	39.764
swarm_8_38.pdb	11.321	34.390	0.186441	34.741
swarm_7_97.pdb	10.032	30.516	0.271186	33.887
swarm_4_116.pdb	11.858	36.856	0.169492	31.615
swarm_8_23.pdb	9.870	32.434	0.0847458	28.473
swarm_9_4.pdb	7.203	20.768	0.220339	26.214
swarm_6_46.pdb	10.653	31.814	0.271186	25.794
swarm_0_151.pdb	11.260	32.636	0.169492	24.151
swarm_5_30.pdb	7.991	22.167	0.152542	20.566
