swarm_12_199.pdb	19.003	47.181	0	34.080
swarm_23_73.pdb	12.318	39.309	0	30.386
swarm_31_95.pdb	15.867	36.093	0	28.393
swarm_21_162.pdb	19.716	43.031	0.0338983	27.848
swarm_16_30.pdb	17.416	36.207	0.0169492	27.480
swarm_9_142.pdb	19.329	39.168	0	26.688
swarm_13_182.pdb	21.002	49.820	0	25.369
swarm_37_66.pdb	15.480	33.993	0	24.102
swarm_27_40.pdb	17.313	35.023	0	24.031
swarm_30_93.pdb	16.937	31.776	0	23.784
swarm_14_77.pdb	11.115	23.235	0	23.488
swarm_30_124.pdb	22.193	45.903	0	23.433
swarm_24_47.pdb	13.791	33.720	0.0508475	23.205
swarm_15_88.pdb	16.737	35.604	0.0169492	23.158
swarm_39_147.pdb	13.141	26.218	0	22.935
swarm_19_7.pdb	17.410	40.567	0.0169492	22.542
swarm_7_173.pdb	15.321	41.152	0	22.398
swarm_17_40.pdb	9.661	29.745	0.0338983	22.366
swarm_3_79.pdb	10.742	26.677	0.0169492	22.359
swarm_5_116.pdb	14.072	38.045	0	21.999
swarm_1_2.pdb	17.240	47.734	0	21.644
swarm_26_73.pdb	18.396	38.273	0.0169492	21.564
swarm_36_83.pdb	17.705	39.848	0	21.381
swarm_35_83.pdb	17.428	46.348	0	20.810
swarm_30_169.pdb	18.335	38.383	0.0338983	20.613
swarm_29_98.pdb	15.789	28.737	0	20.512
swarm_38_100.pdb	16.775	37.737	0	20.501
swarm_38_37.pdb	18.658	41.064	0	20.259
swarm_14_89.pdb	10.374	24.460	0.0169492	20.208
swarm_27_37.pdb	14.338	27.060	0	20.154
swarm_25_173.pdb	19.336	40.555	0	20.045
swarm_31_45.pdb	10.191	31.429	0	19.934
swarm_30_35.pdb	15.757	31.370	0	19.769
swarm_25_121.pdb	19.449	43.254	0	19.441
swarm_39_74.pdb	17.938	34.178	0	19.390
swarm_24_96.pdb	15.572	36.294	0	19.162
swarm_16_16.pdb	8.636	18.844	0.0508475	19.128
swarm_17_130.pdb	22.804	45.918	0.0508475	19.087
swarm_16_117.pdb	22.495	41.225	0.0169492	18.854
swarm_31_146.pdb	11.229	36.254	0	18.717
swarm_32_2.pdb	22.756	47.145	0	18.659
swarm_27_194.pdb	17.429	32.457	0	18.410
swarm_28_176.pdb	23.047	45.760	0	17.814
swarm_24_30.pdb	15.740	38.838	0.0338983	17.655
swarm_39_191.pdb	16.623	31.994	0	17.046
swarm_0_120.pdb	20.720	46.094	0.0338983	16.544
swarm_22_41.pdb	12.729	23.162	0	16.208
swarm_13_146.pdb	24.588	53.937	0	16.108
swarm_35_110.pdb	24.628	55.397	0	15.777
swarm_21_58.pdb	19.058	35.821	0	15.752
swarm_2_51.pdb	19.618	39.089	0	15.322
swarm_9_164.pdb	24.685	46.276	0	15.253
swarm_17_19.pdb	11.264	27.912	0	15.228
swarm_38_24.pdb	21.227	41.351	0	15.143
swarm_2_107.pdb	12.930	27.460	0.0169492	13.522
swarm_34_169.pdb	25.613	47.663	0	13.036
swarm_12_107.pdb	22.110	49.510	0	12.743
swarm_2_168.pdb	14.346	32.265	0.0169492	12.253
swarm_0_128.pdb	18.584	44.717	0	11.951
swarm_36_21.pdb	19.019	38.215	0	11.117
swarm_16_144.pdb	10.666	24.640	0.0169492	11.034
swarm_16_33.pdb	16.511	32.697	0	10.474
swarm_18_81.pdb	24.484	51.894	0	8.498
swarm_12_138.pdb	17.316	46.929	0	0.509
