swarm_14_152.pdb	8.034	19.104	0.0169492	33.838
swarm_17_39.pdb	9.649	27.128	0	33.376
swarm_37_40.pdb	9.565	24.014	0.0338983	32.973
swarm_37_49.pdb	8.276	19.422	0.0338983	32.932
swarm_21_37.pdb	11.942	24.040	0	32.476
swarm_9_129.pdb	9.864	25.391	0.0508475	31.942
swarm_3_74.pdb	6.872	15.801	0.101695	31.613
swarm_34_18.pdb	6.867	16.021	0.135593	31.385
swarm_13_89.pdb	11.871	32.828	0	31.338
swarm_16_55.pdb	9.236	22.725	0.0508475	30.524
swarm_0_187.pdb	13.172	31.843	0	30.328
swarm_7_165.pdb	13.467	30.260	0	29.890
swarm_21_79.pdb	12.612	29.162	0	28.712
swarm_23_140.pdb	10.115	28.879	0	28.130
swarm_10_117.pdb	9.836	23.127	0.0169492	27.121
swarm_1_176.pdb	10.133	33.413	0	26.958
swarm_8_63.pdb	12.785	31.370	0	26.109
swarm_15_131.pdb	9.846	24.749	0.0508475	25.480
swarm_31_127.pdb	10.862	28.942	0	25.421
swarm_8_93.pdb	11.690	23.716	0	25.288
swarm_20_59.pdb	12.349	33.819	0	24.621
swarm_5_21.pdb	10.951	34.716	0	24.274
swarm_18_81.pdb	10.775	28.293	0	24.149
swarm_11_85.pdb	10.318	25.904	0.0169492	23.660
swarm_15_20.pdb	12.575	30.663	0	23.340
swarm_31_60.pdb	10.959	23.624	0	23.217
swarm_37_163.pdb	5.430	11.812	0.186441	23.147
swarm_14_108.pdb	4.469	9.410	0.169492	22.576
swarm_16_116.pdb	4.729	11.444	0.20339	22.109
swarm_38_107.pdb	8.254	16.731	0	21.717
swarm_36_42.pdb	10.588	25.544	0	21.644
swarm_19_110.pdb	12.735	31.649	0.0677966	21.139
swarm_6_173.pdb	13.504	33.813	0	20.888
swarm_3_151.pdb	12.118	30.060	0.0677966	20.646
swarm_12_65.pdb	10.807	30.177	0	20.630
swarm_12_25.pdb	9.932	26.006	0	19.802
swarm_22_61.pdb	7.583	16.942	0.0508475	19.631
swarm_35_182.pdb	17.631	43.648	0	19.232
swarm_4_5.pdb	8.408	18.432	0	19.180
swarm_6_154.pdb	17.703	44.308	0	18.598
swarm_26_130.pdb	7.446	17.132	0.0338983	18.492
swarm_21_54.pdb	9.941	26.524	0	17.514
swarm_14_154.pdb	7.115	14.190	0.0338983	16.835
swarm_25_108.pdb	9.022	19.988	0	13.693
