run0-swarm_18_152.pdb	12.853	34.315	0	33.171
run0-swarm_0_50.pdb	12.413	38.011	0.0169492	33.114
run0-swarm_45_131.pdb	9.124	22.208	0.0169492	33.078
run0-swarm_1_40.pdb	11.969	34.992	0	30.348
run0-swarm_22_71.pdb	7.224	16.781	0.0508475	30.256
run0-swarm_36_133.pdb	8.713	20.179	0.0169492	29.539
run0-swarm_0_188.pdb	13.184	36.419	0	29.536
run0-swarm_17_125.pdb	8.575	19.206	0.0169492	29.501
run0-swarm_7_81.pdb	11.804	37.156	0	28.903
run0-swarm_35_73.pdb	15.149	42.337	0	28.704
run0-swarm_7_17.pdb	15.590	43.499	0	28.655
run0-swarm_44_65.pdb	11.495	31.202	0	28.563
run0-swarm_20_11.pdb	8.798	20.279	0.0169492	28.529
run0-swarm_54_16.pdb	11.539	35.943	0	28.483
run0-swarm_5_4.pdb	9.456	23.329	0.0169492	27.878
run0-swarm_4_138.pdb	16.735	38.585	0	27.798
run0-swarm_31_34.pdb	15.048	41.979	0	27.448
run0-swarm_56_85.pdb	9.881	24.743	0.0338983	27.437
run0-swarm_14_170.pdb	18.450	49.933	0	26.949
run0-swarm_41_102.pdb	17.193	41.279	0	26.677
run0-swarm_46_63.pdb	10.118	19.549	0	26.329
run0-swarm_12_63.pdb	12.321	28.037	0.0169492	26.319
run0-swarm_42_32.pdb	6.161	13.324	0.101695	26.284
run0-swarm_51_125.pdb	16.235	37.394	0	26.000
run0-swarm_32_181.pdb	17.041	40.700	0	25.821
run0-swarm_15_15.pdb	12.467	29.522	0	25.526
run0-swarm_24_99.pdb	16.293	40.545	0	25.411
run0-swarm_33_161.pdb	15.919	42.446	0	25.366
run0-swarm_39_106.pdb	17.278	40.360	0	25.300
run0-swarm_1_169.pdb	9.917	32.546	0.0169492	25.140
run0-swarm_9_10.pdb	16.050	34.124	0	25.096
run0-swarm_44_193.pdb	12.093	30.609	0	24.990
run0-swarm_43_154.pdb	11.020	24.634	0	24.973
run0-swarm_59_22.pdb	16.997	39.111	0	24.970
run0-swarm_28_12.pdb	12.589	29.003	0	24.885
run0-swarm_37_106.pdb	11.503	32.308	0	24.475
run0-swarm_2_47.pdb	14.171	32.213	0	24.465
run0-swarm_12_45.pdb	9.448	19.223	0	24.234
run0-swarm_36_72.pdb	7.753	18.349	0.0338983	24.048
run0-swarm_56_164.pdb	7.081	21.761	0.237288	23.460
run0-swarm_57_143.pdb	13.994	40.961	0	23.377
run0-swarm_40_34.pdb	16.808	39.441	0	23.345
run0-swarm_16_118.pdb	19.480	50.268	0	23.248
run0-swarm_31_17.pdb	18.211	48.695	0	23.247
run0-swarm_2_11.pdb	16.636	34.965	0	23.200
run0-swarm_28_117.pdb	14.946	34.985	0	23.195
run0-swarm_47_16.pdb	7.381	15.067	0.0169492	23.155
run0-swarm_30_180.pdb	17.513	47.081	0	23.131
run0-swarm_27_0.pdb	17.956	44.652	0	22.951
run0-swarm_26_173.pdb	12.546	25.859	0	22.874
run0-swarm_24_182.pdb	16.820	38.695	0	22.848
run0-swarm_57_54.pdb	14.595	37.987	0	22.725
run0-swarm_29_56.pdb	16.543	33.166	0	22.603
run0-swarm_40_9.pdb	16.225	39.253	0	22.591
run0-swarm_17_182.pdb	10.036	20.252	0	22.521
run0-swarm_10_99.pdb	15.373	40.828	0	22.501
run0-swarm_10_146.pdb	15.262	30.678	0	22.434
run0-swarm_58_116.pdb	16.405	44.399	0	22.404
run0-swarm_18_175.pdb	15.068	35.096	0	22.318
run0-swarm_50_88.pdb	11.259	22.857	0	22.208
run0-swarm_18_122.pdb	12.644	32.549	0	22.162
run0-swarm_32_52.pdb	17.146	46.768	0	22.034
run0-swarm_11_144.pdb	13.963	29.635	0	21.954
run0-swarm_45_2.pdb	7.109	16.202	0.0677966	21.790
run0-swarm_23_71.pdb	9.922	25.883	0	21.753
run0-swarm_8_116.pdb	16.919	35.074	0	21.322
run0-swarm_42_88.pdb	14.219	30.225	0	21.227
run0-swarm_16_34.pdb	17.062	43.878	0	21.070
run0-swarm_35_185.pdb	21.924	55.464	0	20.835
run0-swarm_58_97.pdb	16.546	42.581	0	20.788
run0-swarm_14_110.pdb	16.497	41.965	0	20.787
run0-swarm_42_64.pdb	10.169	19.992	0	20.690
run0-swarm_55_10.pdb	16.488	34.353	0	20.676
run0-swarm_42_96.pdb	11.047	24.310	0	20.528
run0-swarm_15_112.pdb	13.130	32.209	0	20.439
run0-swarm_2_66.pdb	15.121	29.051	0	20.255
run0-swarm_29_162.pdb	8.802	18.115	0	20.233
run0-swarm_45_68.pdb	8.200	23.869	0.0508475	20.074
run0-swarm_10_166.pdb	14.867	37.322	0	19.762
run0-swarm_26_162.pdb	16.808	32.902	0	19.586
run0-swarm_3_168.pdb	14.304	29.732	0	19.577
run0-swarm_59_91.pdb	16.541	34.729	0	19.551
run0-swarm_54_122.pdb	11.910	30.011	0	19.456
run0-swarm_31_122.pdb	19.187	48.450	0	19.362
run0-swarm_35_126.pdb	16.890	40.994	0	19.259
run0-swarm_3_90.pdb	15.825	29.263	0	18.816
run0-swarm_12_189.pdb	11.017	25.878	0	18.724
run0-swarm_36_55.pdb	5.105	10.412	0.0847458	18.712
run0-swarm_24_181.pdb	16.321	41.495	0	18.353
run0-swarm_36_47.pdb	11.497	27.457	0.0169492	18.238
run0-swarm_10_58.pdb	17.650	39.757	0	18.027
run0-swarm_47_29.pdb	5.561	13.633	0.118644	17.816
run0-swarm_12_5.pdb	17.561	37.254	0	17.785
run0-swarm_29_37.pdb	13.686	30.164	0	17.270
run0-swarm_8_165.pdb	13.407	26.612	0	17.105
run0-swarm_46_166.pdb	7.388	18.126	0.0169492	16.680
run0-swarm_8_74.pdb	10.871	23.554	0	16.533
run0-swarm_26_74.pdb	16.995	33.414	0	16.485
run0-swarm_58_19.pdb	9.543	29.168	0	16.483
run0-swarm_15_35.pdb	9.916	21.891	0	14.421
run0-swarm_18_76.pdb	9.046	27.366	0.0169492	14.185
run0-swarm_38_139.pdb	11.269	32.290	0.0338983	13.706
run0-swarm_8_169.pdb	13.776	30.415	0	13.573
run0-swarm_5_73.pdb	6.965	12.101	0.0847458	7.472
