swarm_13_18.pdb	2.770	6.194	0.491525	59.355
swarm_4_118.pdb	2.661	5.911	0.491525	59.112
swarm_15_92.pdb	12.698	35.258	0	41.057
swarm_1_178.pdb	3.068	7.580	0.355932	40.887
swarm_13_170.pdb	5.915	12.560	0.152542	39.598
swarm_15_58.pdb	10.088	28.704	0	39.515
swarm_12_97.pdb	6.967	19.306	0.135593	37.953
swarm_34_138.pdb	7.778	17.045	0.0338983	35.787
swarm_1_148.pdb	10.209	24.902	0.0677966	35.211
swarm_24_133.pdb	10.072	19.579	0	34.604
swarm_1_168.pdb	6.322	14.082	0.0677966	33.982
swarm_22_124.pdb	9.432	19.298	0	33.957
swarm_34_68.pdb	5.442	15.396	0.305085	32.861
swarm_31_42.pdb	11.347	26.406	0	32.185
swarm_33_26.pdb	7.043	18.861	0.0508475	31.937
swarm_12_44.pdb	4.636	13.796	0.237288	31.156
swarm_25_167.pdb	11.625	33.711	0.0169492	30.826
swarm_23_171.pdb	10.135	25.179	0.0508475	30.748
swarm_20_12.pdb	11.929	32.396	0.0169492	30.420
swarm_12_117.pdb	11.356	30.481	0.152542	30.039
swarm_21_101.pdb	4.663	12.952	0.305085	29.880
swarm_4_148.pdb	8.882	16.159	0	29.708
swarm_23_135.pdb	5.976	12.656	0.135593	28.803
swarm_31_9.pdb	7.595	20.065	0.0169492	28.660
swarm_21_110.pdb	8.803	16.305	0	28.568
swarm_31_3.pdb	8.131	15.747	0.0169492	28.537
swarm_2_151.pdb	11.122	33.400	0	28.395
swarm_26_149.pdb	14.130	26.885	0	26.441
swarm_27_197.pdb	12.415	33.138	0	25.979
swarm_20_130.pdb	9.296	19.635	0.0338983	25.400
swarm_27_146.pdb	12.711	35.877	0.0847458	25.247
swarm_11_190.pdb	11.523	25.287	0	25.110
swarm_0_148.pdb	13.174	33.760	0	24.825
swarm_26_8.pdb	12.853	36.872	0.101695	24.801
swarm_29_73.pdb	12.579	35.619	0.101695	24.777
swarm_13_155.pdb	8.953	20.002	0.0338983	24.457
swarm_34_141.pdb	11.618	25.207	0.0169492	24.295
swarm_3_98.pdb	16.216	33.478	0	24.240
swarm_16_147.pdb	19.878	39.250	0	23.974
swarm_30_109.pdb	18.884	42.111	0	23.792
swarm_5_183.pdb	13.508	38.658	0.118644	23.639
swarm_23_42.pdb	8.795	26.241	0.254237	23.453
swarm_33_19.pdb	7.486	20.313	0.152542	23.413
swarm_23_75.pdb	6.647	18.744	0.220339	23.402
swarm_12_21.pdb	4.355	9.730	0.20339	23.357
swarm_27_154.pdb	14.078	41.274	0.135593	23.247
swarm_25_124.pdb	10.749	30.777	0.101695	23.202
swarm_1_92.pdb	6.913	19.091	0.220339	23.138
swarm_11_50.pdb	14.356	40.298	0.0677966	23.071
swarm_20_104.pdb	8.731	25.409	0.0169492	23.026
swarm_24_12.pdb	11.053	31.521	0.0847458	22.999
swarm_29_16.pdb	12.497	34.417	0	22.893
swarm_2_96.pdb	14.993	32.575	0	22.680
swarm_20_67.pdb	9.660	24.983	0	22.557
swarm_15_115.pdb	9.438	23.302	0.0169492	22.549
swarm_34_115.pdb	7.072	12.658	0.152542	22.431
swarm_2_135.pdb	13.438	30.908	0	22.188
swarm_26_197.pdb	8.762	20.369	0	22.145
swarm_10_65.pdb	18.185	45.218	0	22.115
swarm_0_156.pdb	11.547	30.756	0.0338983	22.047
swarm_16_30.pdb	12.568	36.118	0	22.009
swarm_31_104.pdb	10.529	27.708	0.0508475	21.855
swarm_32_55.pdb	13.715	38.836	0.0677966	21.439
swarm_24_191.pdb	8.881	25.284	0.0338983	21.303
swarm_18_43.pdb	18.564	44.386	0	21.148
swarm_11_15.pdb	12.647	36.849	0.101695	21.119
swarm_24_15.pdb	11.833	33.581	0.101695	21.091
swarm_11_91.pdb	18.835	37.272	0	20.935
swarm_26_15.pdb	9.491	26.266	0.0338983	20.857
swarm_4_56.pdb	11.541	25.801	0.0338983	20.834
swarm_3_25.pdb	15.230	43.415	0.101695	20.575
swarm_20_97.pdb	10.702	29.105	0.0847458	20.502
swarm_12_156.pdb	11.531	29.015	0.0677966	20.496
swarm_21_100.pdb	10.410	27.606	0.101695	20.441
swarm_12_101.pdb	8.839	21.945	0.0677966	20.338
swarm_25_77.pdb	17.133	34.531	0	20.200
swarm_16_177.pdb	14.417	43.464	0.0677966	20.175
swarm_26_46.pdb	16.305	32.581	0	19.956
swarm_17_60.pdb	17.239	48.324	0	19.946
swarm_12_98.pdb	9.648	26.956	0.0508475	19.899
swarm_32_33.pdb	13.575	33.208	0	19.793
swarm_15_116.pdb	12.166	32.008	0.0169492	19.786
swarm_4_136.pdb	8.753	20.247	0.0677966	19.732
swarm_21_99.pdb	7.958	21.201	0.0169492	19.538
swarm_16_8.pdb	18.504	42.051	0	19.506
swarm_24_99.pdb	8.683	22.590	0.101695	19.176
swarm_29_17.pdb	14.392	42.818	0.101695	19.105
swarm_7_158.pdb	14.839	36.897	0	18.883
swarm_33_140.pdb	8.575	15.932	0.0508475	18.699
swarm_33_176.pdb	10.052	28.044	0.101695	18.328
swarm_5_34.pdb	15.276	41.702	0	18.214
swarm_3_121.pdb	15.433	41.418	0	18.146
swarm_7_13.pdb	14.500	31.269	0	17.845
swarm_2_66.pdb	12.320	34.155	0.0338983	17.793
swarm_34_45.pdb	11.041	26.513	0.0847458	17.740
swarm_7_21.pdb	14.330	37.608	0	17.699
swarm_4_40.pdb	11.847	28.715	0.0169492	17.406
swarm_17_1.pdb	15.538	42.813	0	17.175
swarm_8_186.pdb	15.387	43.275	0	17.138
swarm_18_42.pdb	14.480	36.195	0	16.981
swarm_14_115.pdb	20.355	41.702	0	16.778
swarm_0_176.pdb	9.516	24.147	0.0338983	16.676
swarm_30_164.pdb	15.516	40.897	0	16.645
swarm_16_155.pdb	14.691	39.652	0	16.133
swarm_7_128.pdb	19.050	41.693	0	16.010
swarm_17_98.pdb	17.328	48.604	0.0338983	15.668
swarm_6_87.pdb	17.648	49.857	0.0338983	15.198
swarm_26_76.pdb	12.131	35.956	0	15.008
swarm_7_104.pdb	12.734	36.302	0	14.974
swarm_29_182.pdb	12.936	39.368	0	14.931
swarm_18_54.pdb	13.230	38.539	0	14.862
swarm_27_104.pdb	10.964	28.978	0	14.827
swarm_29_148.pdb	12.944	29.723	0	14.660
swarm_5_58.pdb	14.021	40.070	0	14.242
swarm_30_44.pdb	18.129	51.923	0	13.517
swarm_3_103.pdb	17.496	46.461	0.0677966	13.453
swarm_11_126.pdb	12.092	35.853	0	13.058
swarm_26_77.pdb	11.991	33.669	0.0508475	12.751
swarm_6_101.pdb	17.674	45.912	0	12.540
swarm_22_103.pdb	11.510	31.561	0.0677966	11.427
swarm_13_91.pdb	7.655	15.835	0	11.326
swarm_5_60.pdb	17.808	50.226	0	9.630
swarm_27_25.pdb	13.812	40.998	0	8.757
swarm_24_161.pdb	10.816	22.601	0	5.171
swarm_20_152.pdb	14.705	40.532	0.101695	1.793
