run1-swarm_4_33.pdb	4.714	10.188	0.0652174	37.357
run0-swarm_38_0.pdb	4.841	12.612	0.173913	36.494
run1-swarm_8_12.pdb	2.513	6.789	0.369565	36.438
run1-swarm_20_191.pdb	8.528	26.622	0	36.305
run1-swarm_39_145.pdb	8.407	25.778	0	36.108
run1-swarm_26_12.pdb	4.303	12.810	0.130435	35.711
run1-swarm_18_97.pdb	8.685	26.487	0.0217391	35.669
run1-swarm_23_184.pdb	8.424	26.542	0.0217391	34.399
run1-swarm_34_42.pdb	3.426	8.738	0.326087	34.370
run1-swarm_3_119.pdb	4.343	13.204	0.23913	34.090
run0-swarm_36_98.pdb	4.139	12.391	0.282609	33.256
run1-swarm_24_91.pdb	6.111	14.158	0.0869565	33.094
run1-swarm_0_79.pdb	11.484	36.624	0	32.902
run1-swarm_16_17.pdb	5.104	10.191	0.0217391	32.555
run1-swarm_5_118.pdb	8.683	24.731	0.0652174	32.328
run1-swarm_9_36.pdb	4.776	9.612	0.0217391	31.973
run1-swarm_14_144.pdb	6.953	24.702	0.0652174	31.893
run0-swarm_5_136.pdb	7.933	26.393	0.0434783	31.655
run1-swarm_10_63.pdb	6.113	13.673	0	31.602
run1-swarm_25_12.pdb	4.281	12.941	0.23913	31.547
run1-swarm_17_197.pdb	8.501	26.777	0.0217391	31.353
run1-swarm_5_111.pdb	5.897	13.340	0.0217391	31.335
run0-swarm_27_179.pdb	4.496	12.451	0.304348	31.061
run1-swarm_30_100.pdb	8.293	22.970	0.0652174	30.776
run1-swarm_31_59.pdb	11.863	26.802	0	30.697
run1-swarm_19_130.pdb	8.710	27.933	0.0434783	30.527
run1-swarm_6_88.pdb	10.778	32.774	0	30.364
run1-swarm_21_189.pdb	3.843	11.890	0.217391	30.112
run0-swarm_2_53.pdb	2.894	7.167	0.369565	29.869
run0-swarm_31_125.pdb	4.375	13.616	0.195652	29.743
run0-swarm_23_195.pdb	3.450	9.131	0.347826	29.492
run1-swarm_28_108.pdb	10.558	28.772	0	29.478
run1-swarm_24_55.pdb	10.985	30.129	0	29.463
run1-swarm_32_72.pdb	8.836	24.099	0	29.408
run1-swarm_37_160.pdb	6.253	19.358	0.0217391	29.385
run1-swarm_35_110.pdb	6.915	23.725	0.0652174	29.187
run0-swarm_11_26.pdb	3.968	12.590	0.369565	28.979
run0-swarm_29_91.pdb	1.626	3.125	0.478261	28.731
run1-swarm_8_86.pdb	7.100	16.445	0.108696	28.578
run1-swarm_13_190.pdb	3.662	10.307	0.23913	28.537
run1-swarm_31_42.pdb	12.935	34.677	0	28.477
run1-swarm_36_40.pdb	3.071	7.845	0.282609	28.294
run0-swarm_1_86.pdb	4.936	15.881	0.152174	28.095
run1-swarm_38_11.pdb	6.872	19.306	0.0217391	28.082
run1-swarm_7_34.pdb	9.367	23.617	0.0217391	27.825
run1-swarm_12_76.pdb	6.951	19.515	0.0217391	27.591
run0-swarm_34_198.pdb	3.699	8.204	0.173913	27.514
run1-swarm_15_83.pdb	10.768	30.349	0	27.479
run0-swarm_19_38.pdb	5.360	18.056	0.130435	27.386
run0-swarm_17_66.pdb	4.603	13.754	0.0652174	27.376
run1-swarm_29_67.pdb	7.334	21.091	0.0434783	27.266
run1-swarm_1_78.pdb	6.081	16.869	0.108696	26.955
run0-swarm_1_162.pdb	6.635	19.990	0.152174	26.665
run0-swarm_29_102.pdb	5.109	16.206	0.0652174	26.642
run1-swarm_9_79.pdb	5.490	19.225	0.108696	26.620
run0-swarm_25_70.pdb	7.260	21.528	0.0217391	26.443
run0-swarm_13_146.pdb	5.155	10.559	0.217391	26.412
run1-swarm_4_197.pdb	7.577	21.167	0.0434783	26.289
run0-swarm_20_22.pdb	8.138	26.265	0.0217391	26.183
run0-swarm_24_77.pdb	9.415	29.583	0	25.974
run0-swarm_4_0.pdb	9.344	25.705	0	25.798
run1-swarm_27_144.pdb	6.107	14.859	0.0217391	25.759
run1-swarm_40_59.pdb	8.032	19.758	0.0434783	25.645
run1-swarm_8_184.pdb	8.994	18.366	0.0217391	25.640
run0-swarm_17_65.pdb	2.961	5.458	0.152174	25.584
run1-swarm_22_130.pdb	8.915	29.115	0	25.377
run0-swarm_22_54.pdb	11.315	26.818	0	25.298
run1-swarm_27_176.pdb	3.129	6.930	0.391304	25.234
run0-swarm_28_153.pdb	2.245	3.918	0.23913	24.776
run0-swarm_3_163.pdb	7.989	21.962	0.282609	24.725
run1-swarm_7_102.pdb	9.165	27.981	0.0217391	24.509
run1-swarm_32_171.pdb	7.200	21.377	0.0434783	24.310
run1-swarm_10_6.pdb	7.966	26.968	0.0434783	24.197
run0-swarm_18_37.pdb	6.346	20.964	0.0217391	24.192
run0-swarm_27_104.pdb	1.756	4.201	0.543478	23.960
run0-swarm_30_108.pdb	4.984	16.521	0.130435	23.950
run0-swarm_35_45.pdb	10.385	23.662	0	23.418
run0-swarm_0_4.pdb	6.167	18.280	0.152174	23.231
run0-swarm_5_64.pdb	4.249	13.244	0.217391	23.211
run0-swarm_15_62.pdb	9.721	23.854	0	22.943
run0-swarm_28_146.pdb	6.255	18.429	0.0652174	22.417
run0-swarm_6_33.pdb	10.799	24.169	0	22.170
run0-swarm_13_8.pdb	3.673	10.429	0.0869565	22.161
run0-swarm_37_8.pdb	3.876	10.524	0.0869565	22.158
run0-swarm_11_43.pdb	2.467	6.690	0.456522	21.881
run0-swarm_33_159.pdb	10.869	27.501	0	21.525
run0-swarm_28_40.pdb	8.213	17.872	0.0217391	21.203
run0-swarm_16_185.pdb	5.644	17.693	0.130435	20.822
run0-swarm_40_40.pdb	10.599	28.998	0	20.704
run0-swarm_16_195.pdb	9.178	19.846	0	20.422
run0-swarm_10_148.pdb	4.645	14.543	0.217391	20.389
run1-swarm_4_125.pdb	5.347	12.778	0.173913	20.372
run0-swarm_36_114.pdb	9.069	24.858	0	20.258
run0-swarm_41_113.pdb	5.687	12.842	0.0652174	19.397
run0-swarm_8_58.pdb	11.637	28.159	0	19.316
run1-swarm_15_76.pdb	8.186	21.182	0.0434783	19.074
run0-swarm_3_55.pdb	10.335	24.973	0	18.812
run0-swarm_16_45.pdb	9.050	22.746	0.0869565	17.828
run0-swarm_15_182.pdb	7.936	20.174	0.282609	17.818
run0-swarm_37_160.pdb	8.596	17.005	0	17.663
run0-swarm_0_68.pdb	4.130	7.101	0.0434783	17.266
run0-swarm_3_168.pdb	4.016	9.612	0.391304	17.238
run1-swarm_26_31.pdb	2.362	4.842	0.434783	16.375
run0-swarm_29_89.pdb	8.189	15.548	0	16.347
run0-swarm_29_4.pdb	3.986	13.063	0.217391	15.971
run0-swarm_14_195.pdb	7.021	19.353	0.195652	15.797
run0-swarm_34_80.pdb	7.342	18.891	0.26087	15.134
run0-swarm_12_10.pdb	9.202	25.511	0.108696	13.394
run0-swarm_13_180.pdb	9.214	21.135	0	12.888
run0-swarm_18_138.pdb	10.488	23.828	0	12.588
run0-swarm_6_125.pdb	5.662	14.807	0	12.550
run0-swarm_30_55.pdb	9.735	20.801	0	11.385
