swarm_15_138.pdb	6.813	21.579	0.0652174	38.575
swarm_39_77.pdb	8.877	24.264	0	35.615
swarm_45_100.pdb	9.874	26.091	0	35.240
swarm_12_126.pdb	7.559	15.616	0.0217391	34.429
swarm_28_150.pdb	10.318	23.307	0	32.256
swarm_41_190.pdb	7.023	19.896	0.0217391	32.045
swarm_38_189.pdb	9.169	25.739	0	31.931
swarm_29_124.pdb	7.422	14.363	0.0217391	30.746
swarm_44_147.pdb	11.275	29.867	0	30.546
swarm_10_18.pdb	6.599	12.961	0.0217391	30.208
swarm_8_141.pdb	7.106	20.043	0.108696	30.191
swarm_18_121.pdb	10.645	25.076	0	29.683
swarm_30_86.pdb	7.983	17.366	0	28.810
swarm_17_16.pdb	11.228	29.108	0	28.732
swarm_32_60.pdb	9.618	22.642	0	28.533
swarm_24_197.pdb	4.245	12.423	0.217391	27.675
swarm_27_3.pdb	10.423	29.496	0	27.386
swarm_19_110.pdb	5.824	13.494	0	27.289
swarm_6_6.pdb	3.905	11.463	0.195652	26.619
swarm_35_122.pdb	15.011	34.390	0	26.606
swarm_27_56.pdb	14.754	33.704	0	26.601
swarm_30_177.pdb	5.323	16.656	0.152174	26.495
swarm_9_150.pdb	9.487	20.496	0	26.369
swarm_40_129.pdb	7.284	15.906	0	26.242
swarm_8_24.pdb	11.577	28.639	0	26.000
swarm_36_52.pdb	15.105	34.210	0	25.751
swarm_41_24.pdb	5.080	16.811	0.108696	24.910
swarm_37_134.pdb	15.455	31.909	0	24.131
swarm_12_173.pdb	2.387	7.222	0.326087	23.978
swarm_4_60.pdb	5.403	12.157	0.0434783	23.726
swarm_20_172.pdb	14.841	32.140	0	21.465
swarm_13_194.pdb	14.637	28.236	0	21.207
swarm_22_72.pdb	12.172	22.674	0	20.240
swarm_43_27.pdb	15.150	31.899	0	20.055
swarm_7_59.pdb	15.556	30.785	0	19.606
swarm_12_49.pdb	6.217	10.284	0.0434783	19.104
swarm_21_194.pdb	14.811	30.829	0	18.586
swarm_5_22.pdb	13.599	24.512	0	17.395
swarm_37_191.pdb	14.427	27.824	0	16.480
