swarm_18_105.pdb	7.893	22.877	0	43.279
swarm_20_14.pdb	4.172	12.376	0.130435	41.803
swarm_5_14.pdb	5.622	20.913	0.0869565	40.162
swarm_19_49.pdb	4.431	15.499	0.282609	38.418
swarm_17_81.pdb	4.471	13.598	0.304348	37.966
swarm_11_5.pdb	5.351	12.446	0.0652174	37.392
swarm_28_61.pdb	11.143	27.546	0	37.350
swarm_14_18.pdb	6.197	17.994	0.0434783	37.251
swarm_4_187.pdb	9.787	20.892	0	36.393
swarm_26_128.pdb	6.565	23.803	0.0652174	35.451
swarm_27_177.pdb	6.949	18.930	0.0434783	35.061
swarm_6_187.pdb	9.707	26.354	0	34.859
swarm_27_145.pdb	5.115	17.982	0.0652174	34.451
swarm_4_125.pdb	5.468	12.129	0.108696	34.199
swarm_23_150.pdb	5.237	11.919	0.108696	34.149
swarm_25_14.pdb	10.348	21.703	0.0217391	34.081
swarm_8_92.pdb	5.194	10.441	0.0652174	32.577
swarm_22_73.pdb	5.406	10.425	0.0217391	32.456
swarm_29_28.pdb	10.998	26.991	0	32.049
swarm_0_62.pdb	10.446	22.382	0	31.996
swarm_21_181.pdb	5.761	10.646	0	31.848
swarm_24_9.pdb	10.431	23.535	0	31.265
swarm_34_196.pdb	10.315	28.805	0	30.343
swarm_32_54.pdb	7.400	22.804	0.0217391	29.802
swarm_24_145.pdb	5.108	9.915	0.0434783	29.609
swarm_16_73.pdb	8.822	27.776	0.0217391	28.923
swarm_17_67.pdb	6.441	18.706	0.0434783	27.534
swarm_19_55.pdb	7.813	22.124	0	26.535
swarm_9_170.pdb	7.490	15.491	0	25.462
swarm_16_1.pdb	11.490	37.249	0	25.462
swarm_14_118.pdb	9.974	30.159	0	23.681
swarm_8_173.pdb	4.109	9.278	0.217391	23.313
swarm_29_195.pdb	4.570	15.501	0.173913	23.114
swarm_5_187.pdb	7.919	21.747	0.0217391	23.056
swarm_20_119.pdb	5.996	15.216	0.0217391	22.640
swarm_25_33.pdb	7.000	15.479	0	22.557
swarm_2_21.pdb	12.151	24.971	0	21.269
swarm_3_63.pdb	10.534	20.242	0	19.001
swarm_14_14.pdb	9.048	30.005	0	17.586
swarm_5_57.pdb	8.728	25.615	0	13.637
swarm_6_142.pdb	8.455	26.212	0.0434783	12.589
swarm_17_85.pdb	6.711	21.258	0	9.518
