run0-swarm_38_0.pdb	4.841	12.612	0.173913	36.494
run0-swarm_36_98.pdb	4.139	12.391	0.282609	33.256
run0-swarm_5_136.pdb	7.933	26.393	0.0434783	31.655
run0-swarm_27_179.pdb	4.496	12.451	0.304348	31.061
run0-swarm_2_53.pdb	2.894	7.167	0.369565	29.869
run0-swarm_31_125.pdb	4.375	13.616	0.195652	29.743
run0-swarm_23_195.pdb	3.450	9.131	0.347826	29.492
run0-swarm_11_26.pdb	3.968	12.590	0.369565	28.979
run0-swarm_29_91.pdb	1.626	3.125	0.478261	28.731
run0-swarm_1_86.pdb	4.936	15.881	0.152174	28.095
run0-swarm_34_198.pdb	3.699	8.204	0.173913	27.514
run0-swarm_19_38.pdb	5.360	18.056	0.130435	27.386
run0-swarm_17_66.pdb	4.603	13.754	0.0652174	27.376
run0-swarm_1_162.pdb	6.635	19.990	0.152174	26.665
run0-swarm_29_102.pdb	5.109	16.206	0.0652174	26.642
run0-swarm_25_70.pdb	7.260	21.528	0.0217391	26.443
run0-swarm_13_146.pdb	5.155	10.559	0.217391	26.412
run0-swarm_20_22.pdb	8.138	26.265	0.0217391	26.183
run0-swarm_24_77.pdb	9.415	29.583	0	25.974
run0-swarm_4_0.pdb	9.344	25.705	0	25.798
run0-swarm_17_65.pdb	2.961	5.458	0.152174	25.584
run0-swarm_22_54.pdb	11.315	26.818	0	25.298
run0-swarm_28_153.pdb	2.245	3.918	0.23913	24.776
run0-swarm_3_163.pdb	7.989	21.962	0.282609	24.725
run0-swarm_18_37.pdb	6.346	20.964	0.0217391	24.192
run0-swarm_27_104.pdb	1.756	4.201	0.543478	23.960
run0-swarm_30_108.pdb	4.984	16.521	0.130435	23.950
run0-swarm_35_45.pdb	10.385	23.662	0	23.418
run0-swarm_0_4.pdb	6.167	18.280	0.152174	23.231
run0-swarm_5_64.pdb	4.249	13.244	0.217391	23.211
run0-swarm_15_62.pdb	9.721	23.854	0	22.943
run0-swarm_28_146.pdb	6.255	18.429	0.0652174	22.417
run0-swarm_6_33.pdb	10.799	24.169	0	22.170
run0-swarm_13_8.pdb	3.673	10.429	0.0869565	22.161
run0-swarm_37_8.pdb	3.876	10.524	0.0869565	22.158
run0-swarm_11_43.pdb	2.467	6.690	0.456522	21.881
run0-swarm_33_159.pdb	10.869	27.501	0	21.525
run0-swarm_28_40.pdb	8.213	17.872	0.0217391	21.203
run0-swarm_16_185.pdb	5.644	17.693	0.130435	20.822
run0-swarm_40_40.pdb	10.599	28.998	0	20.704
run0-swarm_16_195.pdb	9.178	19.846	0	20.422
run0-swarm_10_148.pdb	4.645	14.543	0.217391	20.389
run0-swarm_36_114.pdb	9.069	24.858	0	20.258
run0-swarm_41_113.pdb	5.687	12.842	0.0652174	19.397
run0-swarm_8_58.pdb	11.637	28.159	0	19.316
run0-swarm_3_55.pdb	10.335	24.973	0	18.812
run0-swarm_16_45.pdb	9.050	22.746	0.0869565	17.828
run0-swarm_15_182.pdb	7.936	20.174	0.282609	17.818
run0-swarm_37_160.pdb	8.596	17.005	0	17.663
run0-swarm_0_68.pdb	4.130	7.101	0.0434783	17.266
run0-swarm_3_168.pdb	4.016	9.612	0.391304	17.238
run0-swarm_29_89.pdb	8.189	15.548	0	16.347
run0-swarm_29_4.pdb	3.986	13.063	0.217391	15.971
run0-swarm_14_195.pdb	7.021	19.353	0.195652	15.797
run0-swarm_34_80.pdb	7.342	18.891	0.26087	15.134
run0-swarm_12_10.pdb	9.202	25.511	0.108696	13.394
run0-swarm_13_180.pdb	9.214	21.135	0	12.888
run0-swarm_18_138.pdb	10.488	23.828	0	12.588
run0-swarm_6_125.pdb	5.662	14.807	0	12.550
run0-swarm_30_55.pdb	9.735	20.801	0	11.385
