swarm_37_77.pdb	2.412	6.655	0.391304	44.478
swarm_21_2.pdb	6.723	21.370	0.0652174	39.938
swarm_9_179.pdb	5.639	11.816	0.0869565	38.949
swarm_38_11.pdb	6.081	14.422	0	38.543
swarm_13_142.pdb	2.714	7.764	0.304348	38.150
swarm_23_45.pdb	2.991	8.343	0.282609	37.421
swarm_39_116.pdb	6.017	14.848	0	37.346
swarm_47_83.pdb	2.811	8.308	0.391304	37.116
swarm_0_104.pdb	5.910	14.059	0	36.994
swarm_15_75.pdb	6.657	14.339	0	36.912
swarm_2_58.pdb	2.743	7.771	0.282609	36.884
swarm_34_26.pdb	5.746	12.729	0	36.856
swarm_16_134.pdb	6.138	14.166	0	36.523
swarm_40_36.pdb	5.949	12.753	0	36.521
swarm_48_173.pdb	7.674	22.525	0	36.058
swarm_44_50.pdb	7.310	25.374	0.0652174	35.938
swarm_29_182.pdb	6.281	14.214	0	35.240
swarm_17_44.pdb	7.429	25.953	0.0652174	34.710
swarm_22_199.pdb	2.890	7.561	0.391304	34.209
swarm_18_76.pdb	2.418	5.702	0.369565	33.818
swarm_36_65.pdb	2.743	8.540	0.369565	33.758
swarm_44_121.pdb	3.898	9.218	0.195652	33.233
swarm_19_163.pdb	4.217	13.733	0.282609	33.035
swarm_31_170.pdb	9.763	32.315	0	32.887
swarm_41_154.pdb	6.677	17.081	0	32.832
swarm_12_38.pdb	5.747	20.146	0.0869565	32.737
swarm_46_81.pdb	7.745	24.464	0.0869565	32.404
swarm_1_11.pdb	6.599	14.518	0	32.236
swarm_17_175.pdb	7.294	20.721	0.0217391	32.079
swarm_34_135.pdb	2.759	6.788	0.369565	31.805
swarm_24_142.pdb	5.975	12.622	0.0217391	31.575
swarm_35_171.pdb	5.887	21.749	0.108696	31.123
swarm_18_158.pdb	5.459	19.162	0.130435	31.115
swarm_14_122.pdb	7.772	16.250	0	31.058
swarm_16_185.pdb	8.214	26.771	0.0434783	30.825
swarm_20_113.pdb	7.069	22.583	0.0434783	30.379
swarm_27_10.pdb	5.552	20.557	0.130435	30.221
swarm_22_16.pdb	5.427	15.551	0.108696	30.122
swarm_24_185.pdb	5.861	12.157	0	30.034
swarm_40_152.pdb	8.106	24.726	0.0434783	28.596
swarm_44_199.pdb	7.001	19.768	0	28.428
swarm_26_139.pdb	6.898	16.625	0.0217391	28.351
swarm_5_29.pdb	6.743	19.394	0	28.118
swarm_13_66.pdb	4.947	12.594	0.0434783	27.986
swarm_47_47.pdb	7.574	22.462	0	27.920
swarm_1_152.pdb	6.426	17.011	0.0217391	27.859
swarm_6_36.pdb	3.188	9.872	0.217391	27.803
swarm_6_172.pdb	7.694	22.721	0	27.647
swarm_43_148.pdb	8.698	26.959	0	27.581
swarm_38_102.pdb	7.160	17.093	0	26.910
swarm_39_162.pdb	5.816	12.178	0.0217391	26.873
swarm_10_86.pdb	12.113	32.574	0	26.813
swarm_33_173.pdb	8.499	25.793	0.0217391	26.540
swarm_4_106.pdb	3.596	10.355	0.173913	26.456
swarm_24_9.pdb	5.440	10.472	0.0217391	26.165
swarm_31_1.pdb	7.072	24.711	0.0869565	26.065
swarm_9_194.pdb	8.040	23.643	0.0652174	25.995
swarm_10_192.pdb	5.909	18.069	0.152174	25.960
swarm_0_127.pdb	5.921	11.415	0	25.756
swarm_28_177.pdb	5.863	15.221	0.0217391	25.660
swarm_30_128.pdb	6.554	21.942	0.0217391	25.575
swarm_39_171.pdb	6.805	14.651	0.0869565	24.536
swarm_22_135.pdb	4.057	9.621	0.108696	24.531
swarm_20_52.pdb	9.909	32.399	0.0217391	24.311
swarm_8_114.pdb	11.607	27.831	0	23.855
swarm_11_182.pdb	8.807	26.110	0	23.213
swarm_40_160.pdb	5.870	15.164	0.0217391	22.487
swarm_45_79.pdb	4.820	11.626	0.282609	22.165
swarm_50_142.pdb	10.055	28.191	0	22.131
swarm_4_146.pdb	8.769	20.029	0.0217391	21.873
swarm_14_95.pdb	7.914	23.739	0	21.239
swarm_0_96.pdb	6.852	22.215	0.0217391	20.855
swarm_15_63.pdb	2.966	4.999	0.23913	20.755
swarm_30_161.pdb	10.593	27.324	0	20.476
swarm_29_138.pdb	6.138	11.702	0.0434783	20.103
swarm_25_178.pdb	12.967	31.894	0	20.074
swarm_32_142.pdb	12.403	32.063	0	18.967
swarm_34_180.pdb	6.047	12.048	0	18.943
swarm_3_30.pdb	12.459	31.024	0	18.878
swarm_28_191.pdb	7.367	15.417	0	18.378
swarm_33_120.pdb	11.489	31.979	0	17.175
swarm_29_81.pdb	6.425	17.708	0.0434783	16.027
swarm_9_132.pdb	6.653	18.441	0.0217391	15.347
swarm_13_111.pdb	6.324	11.205	0.0217391	15.250
swarm_45_163.pdb	6.887	13.287	0	14.853
swarm_5_12.pdb	10.071	23.833	0	14.553
swarm_36_158.pdb	5.856	20.357	0.130435	14.221
swarm_7_118.pdb	8.084	14.485	0	13.987
swarm_12_175.pdb	5.880	16.278	0.108696	13.915
swarm_9_117.pdb	7.740	12.329	0	10.166
swarm_39_155.pdb	6.589	14.130	0.0217391	9.757
swarm_4_98.pdb	8.727	21.500	0.130435	5.392
