swarm_41_171.pdb	12.576	27.915	0	28.403
swarm_9_182.pdb	11.403	25.791	0	28.207
swarm_16_14.pdb	14.622	34.106	0	28.155
swarm_27_42.pdb	10.719	29.745	0.0217391	27.500
swarm_29_145.pdb	10.598	23.973	0	26.756
swarm_38_160.pdb	10.678	32.171	0.0217391	25.548
swarm_12_86.pdb	9.834	20.765	0.0434783	25.505
swarm_28_158.pdb	9.705	29.106	0	25.145
swarm_18_139.pdb	13.196	31.652	0	25.044
swarm_29_82.pdb	6.460	23.166	0.0434783	24.571
swarm_9_57.pdb	8.301	23.902	0	24.570
swarm_18_197.pdb	10.568	23.954	0	24.289
swarm_45_103.pdb	11.800	26.808	0	24.193
swarm_28_119.pdb	6.007	21.967	0.108696	23.948
swarm_38_115.pdb	12.036	31.780	0	23.741
swarm_29_111.pdb	9.521	25.354	0.0217391	23.188
swarm_27_162.pdb	11.789	26.567	0	22.823
swarm_38_192.pdb	9.739	30.846	0	22.790
swarm_28_61.pdb	10.161	20.193	0	22.771
swarm_28_40.pdb	12.464	28.594	0	22.054
swarm_18_75.pdb	11.007	27.862	0	21.851
swarm_12_147.pdb	8.736	20.299	0	21.555
swarm_4_97.pdb	9.668	18.898	0.0217391	21.437
swarm_17_52.pdb	8.918	20.014	0	21.269
swarm_27_33.pdb	12.355	27.068	0	21.239
swarm_29_130.pdb	9.179	16.383	0	21.004
swarm_41_141.pdb	10.008	24.009	0.0434783	20.773
swarm_40_112.pdb	11.584	25.342	0	20.733
swarm_41_175.pdb	10.269	24.430	0	20.487
swarm_41_101.pdb	10.778	22.354	0	20.191
swarm_40_15.pdb	5.501	18.899	0.0652174	19.868
swarm_45_142.pdb	11.220	31.556	0	19.417
swarm_9_22.pdb	11.347	30.370	0	19.122
swarm_45_158.pdb	12.209	26.768	0	18.994
swarm_17_1.pdb	12.925	29.792	0	18.623
swarm_11_20.pdb	12.880	27.742	0	18.248
swarm_45_98.pdb	12.433	29.740	0	17.943
swarm_30_11.pdb	9.640	19.174	0.0652174	17.911
swarm_4_77.pdb	6.591	21.196	0.0869565	17.567
swarm_45_13.pdb	13.556	28.857	0	17.511
swarm_20_189.pdb	15.494	32.573	0	16.540
swarm_37_31.pdb	10.611	18.689	0	16.093
swarm_22_49.pdb	12.444	22.137	0	15.430
swarm_11_181.pdb	13.093	26.704	0	13.675
swarm_11_114.pdb	13.097	31.867	0	12.696
swarm_31_128.pdb	11.337	25.194	0	11.748
swarm_3_10.pdb	11.230	23.325	0	11.251
swarm_4_125.pdb	10.703	21.228	0.0434783	10.833
swarm_10_34.pdb	9.429	18.389	0.152174	9.201
swarm_7_24.pdb	10.725	19.855	0	8.691
swarm_40_184.pdb	11.979	25.521	0.0217391	7.656
swarm_29_24.pdb	9.590	23.453	0	7.625
swarm_21_146.pdb	9.680	21.555	0	6.140
swarm_15_146.pdb	8.388	26.781	0.0217391	4.430
