swarm_18_105.pdb	7.893	22.877	0	43.279
swarm_20_14.pdb	4.172	12.376	0.130435	41.803
swarm_5_14.pdb	5.622	20.913	0.0869565	40.162
swarm_15_138.pdb	6.813	21.579	0.0652174	38.575
swarm_19_49.pdb	4.431	15.499	0.282609	38.418
swarm_17_81.pdb	4.471	13.598	0.304348	37.966
swarm_11_5.pdb	5.351	12.446	0.0652174	37.392
swarm_28_61.pdb	11.143	27.546	0	37.350
swarm_14_18.pdb	6.197	17.994	0.0434783	37.251
swarm_4_187.pdb	9.787	20.892	0	36.393
swarm_39_77.pdb	8.877	24.264	0	35.615
swarm_26_128.pdb	6.565	23.803	0.0652174	35.451
swarm_45_100.pdb	9.874	26.091	0	35.240
swarm_27_177.pdb	6.949	18.930	0.0434783	35.061
swarm_6_187.pdb	9.707	26.354	0	34.859
swarm_27_145.pdb	5.115	17.982	0.0652174	34.451
swarm_12_126.pdb	7.559	15.616	0.0217391	34.429
swarm_4_125.pdb	5.468	12.129	0.108696	34.199
swarm_23_150.pdb	5.237	11.919	0.108696	34.149
swarm_25_14.pdb	10.348	21.703	0.0217391	34.081
swarm_8_92.pdb	5.194	10.441	0.0652174	32.577
swarm_17_4.pdb	5.711	10.881	0.0217391	32.457
swarm_22_73.pdb	5.406	10.425	0.0217391	32.456
swarm_28_150.pdb	10.318	23.307	0	32.256
swarm_29_28.pdb	10.998	26.991	0	32.049
swarm_41_190.pdb	7.023	19.896	0.0217391	32.045
swarm_0_62.pdb	10.446	22.382	0	31.996
swarm_38_189.pdb	9.169	25.739	0	31.931
swarm_21_181.pdb	5.761	10.646	0	31.848
swarm_9_100.pdb	5.321	11.604	0.0434783	31.594
swarm_13_43.pdb	5.893	15.023	0.0434783	31.352
swarm_24_9.pdb	10.431	23.535	0	31.265
swarm_14_28.pdb	6.509	17.916	0.0217391	31.228
swarm_23_125.pdb	4.768	10.651	0.173913	31.174
swarm_16_123.pdb	7.132	15.933	0	30.792
swarm_29_5.pdb	6.073	13.067	0	30.748
swarm_29_124.pdb	7.422	14.363	0.0217391	30.746
swarm_44_147.pdb	11.275	29.867	0	30.546
swarm_33_176.pdb	4.804	15.153	0.0869565	30.522
swarm_28_194.pdb	5.083	10.104	0.0652174	30.347
swarm_34_196.pdb	10.315	28.805	0	30.343
swarm_10_18.pdb	6.599	12.961	0.0217391	30.208
swarm_8_141.pdb	7.106	20.043	0.108696	30.191
swarm_14_85.pdb	9.103	16.301	0	30.027
swarm_14_26.pdb	3.770	10.933	0.173913	29.957
swarm_32_54.pdb	7.400	22.804	0.0217391	29.802
swarm_13_178.pdb	4.116	11.458	0.282609	29.748
swarm_18_121.pdb	10.645	25.076	0	29.683
swarm_24_145.pdb	5.108	9.915	0.0434783	29.609
swarm_0_176.pdb	7.030	15.266	0	29.492
swarm_11_66.pdb	9.225	24.439	0	28.967
swarm_34_134.pdb	5.695	11.759	0	28.957
swarm_16_73.pdb	8.822	27.776	0.0217391	28.923
swarm_3_159.pdb	4.677	13.657	0.130435	28.882
swarm_30_86.pdb	7.983	17.366	0	28.810
swarm_17_16.pdb	11.228	29.108	0	28.732
swarm_22_77.pdb	9.992	30.450	0	28.663
swarm_6_65.pdb	9.744	21.268	0	28.632
swarm_32_60.pdb	9.618	22.642	0	28.533
swarm_12_198.pdb	10.251	21.779	0	28.374
swarm_10_10.pdb	4.060	9.453	0.304348	28.213
swarm_19_90.pdb	10.004	20.006	0	27.688
swarm_24_197.pdb	4.245	12.423	0.217391	27.675
swarm_29_19.pdb	10.247	23.004	0	27.595
swarm_17_67.pdb	6.441	18.706	0.0434783	27.534
swarm_10_38.pdb	10.650	22.377	0.0217391	27.531
swarm_27_3.pdb	10.423	29.496	0	27.386
swarm_19_110.pdb	5.824	13.494	0	27.289
swarm_10_190.pdb	6.870	15.076	0	26.797
swarm_6_6.pdb	3.905	11.463	0.195652	26.619
swarm_35_122.pdb	15.011	34.390	0	26.606
swarm_27_56.pdb	14.754	33.704	0	26.601
swarm_27_75.pdb	7.332	13.942	0	26.586
swarm_19_55.pdb	7.813	22.124	0	26.535
swarm_30_177.pdb	5.323	16.656	0.152174	26.495
swarm_9_150.pdb	9.487	20.496	0	26.369
swarm_30_110.pdb	10.356	22.854	0	26.314
swarm_12_29.pdb	9.400	27.932	0	26.284
swarm_12_120.pdb	6.044	17.088	0.0434783	26.254
swarm_40_129.pdb	7.284	15.906	0	26.242
swarm_30_83.pdb	7.735	18.903	0	26.209
swarm_8_24.pdb	11.577	28.639	0	26.000
swarm_36_52.pdb	15.105	34.210	0	25.751
swarm_9_170.pdb	7.490	15.491	0	25.462
swarm_16_1.pdb	11.490	37.249	0	25.462
swarm_41_24.pdb	5.080	16.811	0.108696	24.910
swarm_34_16.pdb	4.631	13.224	0.217391	24.637
swarm_1_116.pdb	10.156	19.946	0	24.503
swarm_26_150.pdb	8.668	20.118	0	24.227
swarm_37_134.pdb	15.455	31.909	0	24.131
swarm_12_173.pdb	2.387	7.222	0.326087	23.978
swarm_4_60.pdb	5.403	12.157	0.0434783	23.726
swarm_14_118.pdb	9.974	30.159	0	23.681
swarm_3_107.pdb	5.556	17.081	0.0652174	23.318
swarm_8_173.pdb	4.109	9.278	0.217391	23.313
swarm_29_195.pdb	4.570	15.501	0.173913	23.114
swarm_5_187.pdb	7.919	21.747	0.0217391	23.056
swarm_24_18.pdb	13.755	28.569	0	22.813
swarm_8_110.pdb	2.669	7.252	0.26087	22.715
swarm_20_119.pdb	5.996	15.216	0.0217391	22.640
swarm_39_33.pdb	11.044	28.139	0	22.622
swarm_25_33.pdb	7.000	15.479	0	22.557
swarm_13_153.pdb	4.703	16.596	0.0869565	22.510
swarm_8_32.pdb	7.475	17.791	0	22.453
swarm_32_70.pdb	9.169	21.489	0	21.968
swarm_20_172.pdb	14.841	32.140	0	21.465
swarm_2_21.pdb	12.151	24.971	0	21.269
swarm_13_194.pdb	14.637	28.236	0	21.207
swarm_20_58.pdb	10.760	24.305	0	20.851
swarm_27_121.pdb	8.595	18.476	0	20.535
swarm_22_72.pdb	12.172	22.674	0	20.240
swarm_26_133.pdb	11.639	24.532	0	20.232
swarm_5_52.pdb	10.106	19.395	0	20.196
swarm_43_27.pdb	15.150	31.899	0	20.055
swarm_29_8.pdb	10.128	19.554	0	19.990
swarm_16_165.pdb	8.874	18.882	0	19.922
swarm_5_183.pdb	10.932	22.491	0	19.919
swarm_1_101.pdb	10.691	19.250	0	19.755
swarm_13_59.pdb	7.569	12.872	0	19.640
swarm_7_59.pdb	15.556	30.785	0	19.606
swarm_28_88.pdb	8.381	14.798	0	19.590
swarm_30_41.pdb	12.046	26.798	0	19.497
swarm_15_196.pdb	10.909	20.973	0	19.336
swarm_12_49.pdb	6.217	10.284	0.0434783	19.104
swarm_3_63.pdb	10.534	20.242	0	19.001
swarm_21_194.pdb	14.811	30.829	0	18.586
swarm_15_39.pdb	10.873	26.374	0	17.834
swarm_4_81.pdb	12.060	23.018	0	17.611
swarm_14_14.pdb	9.048	30.005	0	17.586
swarm_14_84.pdb	9.152	18.299	0	17.465
swarm_5_22.pdb	13.599	24.512	0	17.395
swarm_18_113.pdb	9.812	19.531	0	17.068
swarm_9_131.pdb	8.637	19.211	0	16.602
swarm_37_191.pdb	14.427	27.824	0	16.480
swarm_35_19.pdb	6.988	12.082	0	16.324
swarm_15_140.pdb	11.375	24.610	0	15.076
swarm_5_57.pdb	8.728	25.615	0	13.637
swarm_6_142.pdb	8.455	26.212	0.0434783	12.589
swarm_17_85.pdb	6.711	21.258	0	9.518
swarm_34_154.pdb	6.279	12.857	0	6.564
