swarm_0_81.pdb	1.860	4.421	0.625	35.729
swarm_26_47.pdb	1.022	2.123	0.859375	35.098
swarm_22_185.pdb	1.294	5.381	0.703125	32.689
swarm_22_54.pdb	11.001	22.301	0	30.598
swarm_25_147.pdb	1.621	3.932	0.765625	29.889
swarm_28_142.pdb	7.476	25.361	0.015625	28.581
swarm_29_116.pdb	8.168	25.097	0	26.452
swarm_0_29.pdb	10.674	20.762	0	23.671
swarm_4_52.pdb	6.940	27.299	0	21.906
swarm_28_93.pdb	9.245	23.428	0	20.301
swarm_20_190.pdb	8.909	30.709	0	20.031
swarm_24_25.pdb	9.116	36.766	0	17.446
swarm_20_97.pdb	12.742	38.971	0	16.660
swarm_21_116.pdb	13.608	35.682	0	16.495
swarm_34_125.pdb	7.035	22.228	0.015625	15.151
swarm_35_31.pdb	9.158	20.557	0	9.007
swarm_6_179.pdb	9.253	26.177	0	7.711
