swarm_43_76.pdb	12.895	26.201	0	31.709
swarm_0_168.pdb	13.748	25.981	0	31.555
swarm_56_78.pdb	18.137	42.416	0	29.794
swarm_74_44.pdb	14.096	30.444	0	29.170
swarm_61_101.pdb	14.161	28.161	0	29.007
swarm_42_145.pdb	13.684	24.577	0	28.909
swarm_61_149.pdb	14.085	26.345	0.078125	28.455
swarm_16_124.pdb	13.524	25.146	0	27.549
swarm_74_114.pdb	13.921	30.080	0	27.309
swarm_0_86.pdb	5.894	21.407	0.078125	26.572
swarm_54_197.pdb	15.264	28.035	0	25.896
swarm_6_92.pdb	18.916	43.042	0	25.584
swarm_24_7.pdb	15.072	26.404	0	25.501
swarm_22_97.pdb	18.511	41.095	0	25.313
swarm_61_163.pdb	13.651	26.835	0	25.092
swarm_28_61.pdb	14.848	32.976	0	24.744
swarm_4_159.pdb	18.889	42.709	0	24.392
swarm_74_19.pdb	14.320	27.589	0	23.649
swarm_37_197.pdb	13.673	22.806	0	23.585
swarm_71_15.pdb	19.179	43.597	0	23.159
swarm_48_39.pdb	14.762	26.491	0	22.919
swarm_61_25.pdb	13.142	25.682	0.078125	22.863
swarm_45_92.pdb	16.925	36.480	0	22.858
swarm_68_85.pdb	14.787	30.532	0	22.491
swarm_75_137.pdb	12.228	19.490	0	22.113
swarm_64_45.pdb	9.822	19.839	0.03125	21.842
swarm_42_55.pdb	13.643	23.571	0	21.678
swarm_67_8.pdb	13.092	21.986	0	21.555
swarm_20_33.pdb	12.362	22.455	0	21.509
swarm_74_5.pdb	13.098	24.892	0	21.367
swarm_17_148.pdb	15.538	27.287	0	21.048
swarm_75_42.pdb	13.445	23.670	0	21.010
swarm_39_197.pdb	14.164	23.286	0	20.853
swarm_41_93.pdb	6.919	11.504	0	20.721
swarm_54_122.pdb	16.490	37.871	0	20.498
swarm_36_29.pdb	18.842	44.825	0	20.349
swarm_33_198.pdb	17.347	38.916	0	19.903
swarm_74_75.pdb	9.852	23.440	0	19.544
swarm_76_68.pdb	14.081	28.986	0.015625	19.309
swarm_65_56.pdb	11.617	20.157	0.078125	19.205
swarm_24_61.pdb	9.052	24.041	0	18.420
swarm_41_177.pdb	11.973	23.039	0.046875	18.406
swarm_18_41.pdb	15.548	30.467	0	17.982
swarm_58_16.pdb	12.272	23.087	0	17.304
swarm_58_61.pdb	12.344	22.516	0	16.690
swarm_42_164.pdb	12.925	26.017	0	16.486
swarm_61_47.pdb	14.301	26.274	0	15.071
swarm_61_191.pdb	13.760	26.460	0.078125	14.995
swarm_13_69.pdb	16.556	43.673	0	13.723
swarm_56_124.pdb	16.901	35.804	0	12.818
swarm_27_54.pdb	9.928	21.568	0	11.246
swarm_65_13.pdb	8.517	19.367	0.03125	9.418
swarm_14_180.pdb	14.482	29.668	0.046875	5.019
swarm_74_85.pdb	13.608	25.480	0.015625	4.665
swarm_14_36.pdb	15.432	28.761	0.046875	3.544
swarm_75_116.pdb	13.200	23.573	0	0.925
