swarm_38_46.pdb	16.791	43.643	0	37.514
swarm_0_16.pdb	6.350	20.758	0.171875	30.646
swarm_45_55.pdb	12.634	33.973	0	29.947
swarm_1_127.pdb	12.769	31.989	0	29.693
swarm_36_172.pdb	13.285	37.196	0	29.348
swarm_20_108.pdb	11.340	22.177	0	29.319
swarm_50_6.pdb	10.701	17.463	0	29.108
swarm_4_91.pdb	13.413	30.726	0	28.990
swarm_46_103.pdb	12.684	31.238	0	28.726
swarm_12_134.pdb	13.142	32.133	0	28.543
swarm_17_20.pdb	16.275	35.824	0	28.310
swarm_25_122.pdb	12.746	29.980	0	28.255
swarm_5_147.pdb	13.122	32.845	0	27.573
swarm_47_1.pdb	9.069	30.915	0	27.560
swarm_33_72.pdb	14.736	29.744	0	27.484
swarm_53_154.pdb	13.584	30.503	0	27.443
swarm_53_82.pdb	12.547	24.619	0	26.972
swarm_3_187.pdb	15.510	32.880	0	26.731
swarm_26_88.pdb	12.201	24.033	0	26.627
swarm_33_103.pdb	12.617	31.207	0	26.422
swarm_4_160.pdb	13.761	29.195	0	26.316
swarm_16_162.pdb	13.805	31.237	0	26.270
swarm_20_188.pdb	13.098	25.807	0	26.056
swarm_17_93.pdb	13.302	31.325	0	26.017
swarm_2_30.pdb	11.331	22.785	0	25.973
swarm_30_114.pdb	7.815	14.585	0.015625	25.972
swarm_48_143.pdb	7.752	25.378	0.015625	25.971
swarm_15_138.pdb	12.716	25.724	0	25.901
swarm_33_12.pdb	11.834	21.767	0	25.692
swarm_17_6.pdb	17.013	43.606	0	25.636
swarm_2_90.pdb	14.759	30.737	0	25.211
swarm_47_14.pdb	12.280	25.311	0	25.067
swarm_52_106.pdb	11.057	19.669	0	25.060
swarm_45_128.pdb	16.746	45.518	0	24.856
swarm_17_36.pdb	13.418	27.747	0	24.747
swarm_52_187.pdb	12.568	27.718	0	24.442
swarm_36_40.pdb	16.172	34.890	0	24.366
swarm_46_97.pdb	11.562	23.483	0	24.083
swarm_5_67.pdb	14.248	31.470	0	24.054
swarm_5_27.pdb	17.389	41.035	0	23.956
swarm_34_56.pdb	13.183	33.669	0	23.374
swarm_6_83.pdb	15.929	36.056	0	23.357
swarm_53_66.pdb	11.583	21.089	0	23.248
swarm_13_71.pdb	7.242	22.750	0.015625	23.187
swarm_23_45.pdb	16.752	45.457	0	23.182
swarm_38_91.pdb	14.241	34.239	0	23.168
swarm_18_37.pdb	15.161	34.608	0	23.106
swarm_32_72.pdb	17.086	46.771	0	23.103
swarm_35_14.pdb	17.054	38.959	0	23.073
swarm_7_22.pdb	15.861	37.045	0	22.964
swarm_2_182.pdb	14.344	25.523	0	21.730
swarm_12_1.pdb	9.360	29.972	0	21.546
swarm_44_71.pdb	14.265	36.248	0	21.518
swarm_1_25.pdb	12.768	28.522	0	21.363
swarm_44_159.pdb	15.730	44.087	0	21.311
swarm_18_171.pdb	17.741	42.983	0	20.961
swarm_26_10.pdb	7.719	20.819	0	20.529
swarm_8_94.pdb	15.992	38.641	0	20.515
swarm_3_134.pdb	12.160	34.483	0	20.110
swarm_31_190.pdb	17.519	49.460	0	19.693
swarm_16_196.pdb	10.667	28.233	0	19.673
swarm_53_39.pdb	12.953	26.560	0	19.400
swarm_25_186.pdb	11.075	27.675	0	19.090
swarm_53_163.pdb	11.732	28.300	0	18.825
swarm_7_143.pdb	18.974	47.092	0	18.753
swarm_46_111.pdb	13.135	27.003	0	18.698
swarm_8_174.pdb	16.115	40.694	0	18.468
swarm_11_27.pdb	13.012	28.429	0	18.430
swarm_17_12.pdb	11.872	37.236	0	18.409
swarm_43_61.pdb	9.250	20.425	0	18.405
swarm_2_19.pdb	11.053	30.051	0	18.281
swarm_52_33.pdb	13.335	34.085	0	17.870
swarm_5_169.pdb	13.624	40.085	0	17.296
swarm_16_164.pdb	16.857	38.117	0	16.936
swarm_8_7.pdb	14.512	43.087	0	14.961
swarm_47_112.pdb	15.410	32.937	0	12.881
swarm_12_118.pdb	15.989	38.952	0	7.485
swarm_20_132.pdb	9.517	22.979	0	5.798
swarm_42_86.pdb	7.768	17.699	0.03125	1.438
