swarm_53_34.pdb	15.293	27.460	0	37.862
swarm_19_42.pdb	19.223	45.380	0	36.136
swarm_6_6.pdb	16.890	38.175	0	32.864
swarm_36_140.pdb	14.846	34.738	0	32.584
swarm_47_35.pdb	15.108	29.280	0	31.764
swarm_43_178.pdb	14.566	26.030	0	31.480
swarm_6_140.pdb	16.311	38.839	0	30.433
swarm_3_112.pdb	16.157	34.092	0	30.150
swarm_6_46.pdb	18.001	40.204	0	29.721
swarm_4_136.pdb	16.088	30.937	0	29.431
swarm_7_190.pdb	18.909	43.247	0	28.988
swarm_18_99.pdb	16.704	38.373	0	28.804
swarm_17_41.pdb	17.049	36.093	0	28.580
swarm_23_187.pdb	20.257	48.421	0	28.248
swarm_47_33.pdb	14.271	28.203	0	27.931
swarm_51_130.pdb	14.706	27.092	0	27.915
swarm_2_117.pdb	16.007	31.965	0	27.717
swarm_36_23.pdb	12.496	27.495	0	27.706
swarm_16_71.pdb	17.995	37.931	0	27.630
swarm_3_61.pdb	15.367	30.578	0	27.510
swarm_18_63.pdb	19.208	44.822	0	27.462
swarm_27_193.pdb	17.105	31.961	0	27.110
swarm_2_193.pdb	14.139	31.563	0	26.819
swarm_33_126.pdb	12.289	21.978	0	26.719
swarm_53_166.pdb	14.556	27.987	0	26.408
swarm_3_186.pdb	12.058	32.094	0	26.408
swarm_7_173.pdb	16.938	34.692	0	26.382
swarm_53_85.pdb	8.573	24.711	0.015625	26.239
swarm_44_177.pdb	16.055	37.559	0	25.758
swarm_27_107.pdb	12.910	23.636	0	25.521
swarm_17_183.pdb	16.854	36.721	0	25.347
swarm_33_34.pdb	14.376	24.346	0	25.287
swarm_43_46.pdb	12.790	22.841	0	25.274
swarm_7_42.pdb	12.558	33.562	0	25.250
swarm_27_53.pdb	8.689	26.336	0	24.938
swarm_3_144.pdb	11.386	24.619	0	24.771
swarm_6_104.pdb	17.956	39.340	0	24.652
swarm_53_73.pdb	15.217	28.509	0	24.325
swarm_2_36.pdb	14.264	28.789	0	24.223
swarm_42_115.pdb	13.306	21.820	0	23.998
swarm_20_51.pdb	14.132	26.618	0	23.799
swarm_20_67.pdb	13.292	25.899	0	23.747
swarm_3_117.pdb	17.184	34.804	0	23.727
swarm_2_72.pdb	16.269	31.399	0	23.708
swarm_4_63.pdb	15.710	33.993	0	23.706
swarm_7_21.pdb	19.596	46.362	0	23.632
swarm_28_140.pdb	20.590	53.465	0	23.553
swarm_33_100.pdb	15.029	33.217	0	23.495
swarm_51_187.pdb	13.699	23.632	0	23.445
swarm_17_103.pdb	16.827	35.310	0	23.324
swarm_16_121.pdb	17.349	38.778	0	23.280
swarm_36_72.pdb	15.535	37.408	0	22.902
swarm_5_168.pdb	16.925	37.876	0	22.795
swarm_33_171.pdb	15.850	32.109	0	22.761
swarm_20_52.pdb	14.592	27.174	0	22.638
swarm_53_42.pdb	13.806	27.834	0.046875	22.554
swarm_51_84.pdb	13.112	23.480	0	22.537
swarm_5_4.pdb	15.091	37.931	0	22.520
swarm_53_23.pdb	9.211	15.931	0	22.452
swarm_19_124.pdb	18.405	43.182	0	22.439
swarm_17_78.pdb	18.686	41.956	0	22.198
swarm_4_138.pdb	16.046	31.660	0	22.191
swarm_5_95.pdb	14.064	32.795	0	22.189
swarm_3_97.pdb	16.322	34.986	0	22.179
swarm_20_11.pdb	13.937	25.394	0	22.169
swarm_6_74.pdb	17.754	44.298	0	22.097
swarm_17_166.pdb	14.977	38.509	0	22.010
swarm_33_11.pdb	11.750	26.698	0	21.923
swarm_5_29.pdb	17.441	33.938	0	21.922
swarm_17_80.pdb	14.264	33.790	0.015625	21.880
swarm_7_166.pdb	16.111	43.070	0	21.817
swarm_50_131.pdb	13.924	25.687	0	21.779
swarm_36_186.pdb	17.217	35.998	0	21.776
swarm_50_182.pdb	11.949	23.743	0	21.737
swarm_31_80.pdb	19.164	47.148	0	21.735
swarm_17_114.pdb	12.409	39.546	0	21.389
swarm_20_175.pdb	14.767	26.497	0	21.330
swarm_3_153.pdb	15.124	32.778	0	21.315
swarm_33_28.pdb	14.331	29.280	0	21.208
swarm_43_111.pdb	9.699	22.934	0	21.147
swarm_7_47.pdb	12.159	36.261	0	21.107
swarm_18_138.pdb	16.573	36.092	0	20.959
swarm_2_47.pdb	16.981	36.733	0	20.936
swarm_19_34.pdb	18.107	37.713	0	20.861
swarm_46_68.pdb	10.653	21.978	0	20.745
swarm_3_116.pdb	13.669	29.056	0	20.678
swarm_43_147.pdb	15.212	28.815	0	20.668
swarm_7_89.pdb	14.352	42.933	0	20.643
swarm_33_93.pdb	9.733	27.609	0.015625	20.609
swarm_43_78.pdb	13.824	22.058	0	20.605
swarm_15_190.pdb	14.891	28.222	0	20.548
swarm_15_74.pdb	15.818	30.223	0	20.544
swarm_53_33.pdb	8.833	21.202	0.046875	20.413
swarm_19_25.pdb	15.160	37.041	0	20.353
swarm_18_129.pdb	18.457	38.684	0	20.343
swarm_5_37.pdb	13.447	33.747	0	20.312
swarm_4_126.pdb	13.087	33.528	0	20.142
swarm_53_180.pdb	16.005	30.985	0	20.116
swarm_8_77.pdb	19.050	43.013	0	20.083
swarm_23_55.pdb	18.427	40.386	0	19.869
swarm_5_109.pdb	17.919	37.220	0	19.822
swarm_15_145.pdb	15.818	28.058	0	19.821
swarm_43_154.pdb	14.361	26.060	0.03125	19.747
swarm_51_96.pdb	10.263	22.184	0.046875	19.528
swarm_50_174.pdb	13.816	25.102	0	19.483
swarm_17_63.pdb	17.908	38.887	0	19.410
swarm_51_183.pdb	14.683	27.980	0	19.365
swarm_5_166.pdb	17.021	33.877	0	19.310
swarm_6_166.pdb	10.590	31.156	0	19.298
swarm_4_85.pdb	12.400	26.078	0	19.260
swarm_5_57.pdb	13.793	32.028	0	19.243
swarm_6_4.pdb	19.275	44.830	0	19.183
swarm_50_61.pdb	13.123	23.399	0	19.137
swarm_15_150.pdb	14.208	30.873	0	19.076
swarm_53_80.pdb	10.468	24.806	0	18.890
swarm_4_23.pdb	17.638	35.226	0	18.880
swarm_42_109.pdb	2.943	9.513	0.296875	18.850
swarm_17_194.pdb	15.173	37.844	0	18.838
swarm_23_48.pdb	17.824	38.196	0	18.775
swarm_17_169.pdb	16.944	38.111	0.078125	18.775
swarm_7_72.pdb	18.048	38.645	0	18.477
swarm_17_175.pdb	17.420	37.254	0	18.353
swarm_2_154.pdb	18.064	35.299	0	18.216
swarm_43_155.pdb	14.704	28.015	0	18.202
swarm_27_180.pdb	14.987	31.162	0	18.200
swarm_43_66.pdb	15.788	32.588	0	18.182
swarm_15_180.pdb	13.985	27.713	0	18.164
swarm_43_168.pdb	13.402	28.666	0.03125	18.018
swarm_36_187.pdb	15.270	37.785	0.046875	17.993
swarm_15_43.pdb	17.163	34.967	0.109375	17.990
swarm_19_14.pdb	15.394	47.370	0	17.976
swarm_46_77.pdb	14.698	27.704	0	17.975
swarm_50_5.pdb	7.963	14.885	0.03125	17.958
swarm_16_42.pdb	15.762	38.908	0	17.928
swarm_16_93.pdb	15.127	32.500	0	17.729
swarm_4_94.pdb	17.255	35.803	0	17.680
swarm_6_147.pdb	16.570	40.587	0	17.413
swarm_7_54.pdb	18.112	43.209	0.03125	17.394
swarm_50_180.pdb	12.897	24.751	0.015625	17.341
swarm_2_61.pdb	14.454	30.742	0	17.334
swarm_8_130.pdb	17.850	39.845	0	17.329
swarm_35_134.pdb	18.140	43.101	0	17.302
swarm_5_38.pdb	16.636	32.684	0	17.217
swarm_47_140.pdb	14.902	37.841	0	17.212
swarm_7_116.pdb	14.662	37.413	0	17.173
swarm_51_60.pdb	8.765	17.185	0	17.038
swarm_5_176.pdb	16.689	37.491	0	16.825
swarm_8_8.pdb	15.078	41.574	0	16.760
swarm_17_94.pdb	17.102	37.132	0	16.680
swarm_4_130.pdb	17.603	36.482	0.015625	16.677
swarm_20_101.pdb	15.877	30.973	0	16.656
swarm_2_123.pdb	18.103	35.306	0	16.566
swarm_3_180.pdb	14.509	33.920	0	16.414
swarm_8_175.pdb	16.331	43.771	0	16.384
swarm_33_101.pdb	11.784	27.740	0.015625	16.314
swarm_19_199.pdb	19.023	43.359	0	16.308
swarm_47_59.pdb	15.294	29.200	0	16.302
swarm_16_63.pdb	17.533	38.763	0	16.196
swarm_17_73.pdb	17.074	38.153	0	16.161
swarm_36_134.pdb	19.080	38.801	0	16.156
swarm_15_80.pdb	16.096	34.764	0.03125	15.628
swarm_3_109.pdb	17.285	37.025	0.03125	15.611
swarm_32_108.pdb	19.306	49.372	0	15.468
swarm_33_187.pdb	9.370	30.344	0.046875	15.396
swarm_6_170.pdb	18.583	44.609	0	15.327
swarm_4_162.pdb	12.093	33.914	0	15.216
swarm_53_157.pdb	17.193	33.518	0	15.066
swarm_7_117.pdb	15.777	41.954	0	15.043
swarm_1_86.pdb	18.143	39.372	0	14.989
swarm_19_196.pdb	18.540	38.617	0	14.911
swarm_1_135.pdb	17.420	36.035	0	14.483
swarm_6_160.pdb	17.920	38.753	0	14.280
swarm_7_119.pdb	18.619	39.609	0	14.266
swarm_18_131.pdb	18.602	45.060	0	14.098
swarm_8_155.pdb	20.872	46.898	0	13.827
swarm_23_145.pdb	19.079	50.008	0	13.384
swarm_43_62.pdb	15.723	31.806	0.078125	13.260
swarm_35_56.pdb	18.733	40.646	0	13.252
swarm_7_24.pdb	15.173	44.356	0	13.092
swarm_17_122.pdb	19.117	41.938	0	12.709
swarm_2_98.pdb	17.543	37.662	0.0625	12.503
swarm_1_75.pdb	15.702	34.630	0	12.138
swarm_2_90.pdb	16.620	30.065	0	12.112
swarm_31_79.pdb	19.716	46.890	0	11.803
swarm_36_185.pdb	14.977	31.586	0	11.647
swarm_15_116.pdb	16.548	31.493	0.078125	11.635
swarm_25_188.pdb	14.744	26.464	0	9.792
swarm_7_19.pdb	19.697	47.634	0	8.623
swarm_32_39.pdb	19.387	43.734	0	5.666
