run0-swarm_34_104.pdb	4.156	16.888	0.314286	36.075
run0-swarm_45_17.pdb	3.622	13.825	0.342857	35.065
run0-swarm_28_127.pdb	3.439	17.819	0.428571	31.784
run1-swarm_34_152.pdb	2.990	12.524	0.485714	31.310
run0-swarm_10_141.pdb	5.237	24.359	0.2	31.127
run0-swarm_25_57.pdb	3.713	18.435	0.4	30.758
run1-swarm_47_166.pdb	3.997	13.834	0.314286	30.410
run0-swarm_13_106.pdb	6.753	34.577	0.0857143	29.903
run0-swarm_31_79.pdb	3.067	11.036	0.371429	29.680
run0-swarm_31_56.pdb	2.764	9.582	0.542857	29.443
run0-swarm_30_173.pdb	3.221	15.722	0.485714	29.346
run1-swarm_14_174.pdb	4.506	17.604	0.171429	29.274
run0-swarm_41_101.pdb	3.672	8.596	0.2	29.238
run1-swarm_47_167.pdb	3.107	16.234	0.628571	28.986
run1-swarm_3_150.pdb	3.997	13.968	0.342857	28.977
run1-swarm_46_136.pdb	8.274	34.354	0	28.729
run0-swarm_26_88.pdb	3.393	15.444	0.314286	28.080
run1-swarm_21_88.pdb	4.380	17.470	0.142857	28.027
run0-swarm_42_96.pdb	3.769	20.166	0.257143	27.853
run1-swarm_35_2.pdb	8.204	34.731	0	27.639
run1-swarm_13_138.pdb	8.269	39.398	0.0571429	27.341
run0-swarm_40_118.pdb	3.685	11.367	0.142857	27.211
run1-swarm_21_193.pdb	3.546	18.703	0.428571	26.992
run1-swarm_15_62.pdb	8.436	38.965	0.0285714	26.658
run1-swarm_30_91.pdb	4.353	19.852	0.314286	26.297
run1-swarm_36_169.pdb	8.102	39.445	0	26.221
run1-swarm_41_123.pdb	3.250	17.834	0.542857	25.822
run1-swarm_52_55.pdb	10.348	41.573	0	25.786
run1-swarm_32_143.pdb	10.665	39.643	0	25.683
run1-swarm_50_99.pdb	8.149	33.648	0	25.477
run1-swarm_9_140.pdb	10.694	41.669	0	25.441
run0-swarm_9_164.pdb	5.299	26.986	0.285714	25.423
run0-swarm_34_8.pdb	3.344	6.854	0.285714	25.325
run0-swarm_1_156.pdb	7.921	34.682	0	25.325
run0-swarm_45_67.pdb	4.070	21.925	0.228571	25.213
run0-swarm_26_47.pdb	1.180	4.516	0.714286	25.187
run1-swarm_53_11.pdb	10.293	39.742	0	25.115
run1-swarm_39_161.pdb	9.593	41.097	0	24.938
run1-swarm_18_21.pdb	10.127	39.424	0	24.859
run0-swarm_10_154.pdb	4.521	24.806	0.4	24.811
run1-swarm_2_43.pdb	10.272	39.490	0	24.491
run0-swarm_42_11.pdb	4.495	15.677	0.0857143	24.378
run1-swarm_5_132.pdb	8.243	35.703	0	24.142
run0-swarm_45_182.pdb	3.992	10.259	0.142857	24.017
run1-swarm_43_100.pdb	3.520	7.267	0.314286	23.903
run1-swarm_20_92.pdb	8.096	37.258	0	23.846
run1-swarm_45_190.pdb	4.011	21.383	0.371429	23.833
run1-swarm_54_151.pdb	3.387	14.733	0.342857	23.832
run1-swarm_22_10.pdb	8.333	39.207	0	23.819
run1-swarm_25_93.pdb	8.837	37.813	0	23.784
run1-swarm_41_149.pdb	3.746	13.684	0.314286	23.737
run1-swarm_22_48.pdb	10.842	40.850	0	23.545
run0-swarm_12_74.pdb	10.215	45.902	0	23.470
run1-swarm_33_37.pdb	9.740	39.040	0	23.436
run1-swarm_37_180.pdb	8.971	39.709	0	23.399
run1-swarm_46_137.pdb	8.854	43.489	0	23.326
run1-swarm_23_187.pdb	3.097	14.316	0.485714	23.318
run1-swarm_59_108.pdb	7.345	30.073	0	23.315
run0-swarm_10_192.pdb	7.074	35.258	0.2	23.282
run0-swarm_9_21.pdb	4.799	21.393	0.2	23.098
run1-swarm_5_73.pdb	9.409	41.416	0	22.989
run1-swarm_11_77.pdb	9.292	43.204	0.0857143	22.861
run1-swarm_20_195.pdb	9.887	38.801	0	22.853
run0-swarm_19_151.pdb	8.080	31.797	0	22.765
run0-swarm_46_25.pdb	5.035	22.492	0.228571	22.754
run0-swarm_23_58.pdb	3.844	17.458	0.2	22.514
run0-swarm_2_120.pdb	7.172	33.133	0	22.495
run1-swarm_4_13.pdb	3.523	14.980	0.4	22.435
run1-swarm_24_142.pdb	5.332	28.853	0.114286	22.430
run1-swarm_46_145.pdb	7.910	39.537	0.0285714	22.389
run0-swarm_21_191.pdb	4.147	17.091	0.228571	22.369
run1-swarm_16_44.pdb	8.499	34.054	0	22.358
run0-swarm_44_142.pdb	7.789	37.326	0.0285714	22.304
run0-swarm_36_174.pdb	7.521	38.032	0.0285714	22.276
run0-swarm_8_194.pdb	4.579	15.102	0.171429	22.254
run1-swarm_1_29.pdb	10.222	44.119	0	22.233
run0-swarm_5_29.pdb	7.725	37.053	0.142857	22.149
run0-swarm_2_172.pdb	6.287	34.328	0.228571	22.040
run1-swarm_43_35.pdb	4.648	22.188	0.257143	21.966
run1-swarm_6_85.pdb	8.025	33.324	0	21.817
run1-swarm_40_120.pdb	8.148	33.594	0	21.803
run1-swarm_3_170.pdb	4.571	13.093	0.2	21.752
run1-swarm_31_91.pdb	7.639	31.917	0	21.744
run1-swarm_8_186.pdb	7.986	39.834	0.0571429	21.662
run1-swarm_45_83.pdb	8.154	21.962	0	21.613
run1-swarm_40_87.pdb	8.146	38.739	0	21.576
run1-swarm_28_124.pdb	8.328	32.453	0	21.342
run0-swarm_27_91.pdb	4.574	15.967	0.114286	21.260
run1-swarm_55_170.pdb	8.447	31.558	0	21.208
run0-swarm_29_15.pdb	4.701	17.484	0.114286	21.207
run0-swarm_43_160.pdb	6.909	33.779	0.228571	21.188
run0-swarm_21_141.pdb	6.580	30.295	0.171429	21.108
run0-swarm_6_22.pdb	2.900	15.571	0.428571	20.998
run1-swarm_41_62.pdb	5.374	27.383	0.0857143	20.929
run0-swarm_8_191.pdb	5.583	24.226	0.171429	20.913
run0-swarm_41_22.pdb	5.036	17.463	0.114286	20.757
run1-swarm_34_74.pdb	1.786	8.685	0.6	20.729
run1-swarm_31_182.pdb	9.230	41.930	0.0857143	20.632
run1-swarm_7_127.pdb	8.730	39.390	0	20.568
run1-swarm_39_51.pdb	8.042	32.887	0	20.556
run0-swarm_7_82.pdb	7.177	36.778	0.142857	20.549
run0-swarm_24_98.pdb	4.746	20.390	0.228571	20.375
run1-swarm_32_81.pdb	10.181	45.208	0	20.374
run0-swarm_44_53.pdb	9.131	39.153	0	20.271
run1-swarm_7_186.pdb	7.451	37.488	0.142857	20.237
run1-swarm_10_138.pdb	7.603	38.956	0.114286	20.233
run0-swarm_24_100.pdb	6.634	26.947	0.0857143	20.198
run0-swarm_37_131.pdb	8.435	41.387	0.114286	20.129
run1-swarm_48_149.pdb	8.299	41.427	0.0285714	20.014
run0-swarm_20_148.pdb	9.792	36.955	0	19.972
run0-swarm_29_95.pdb	4.956	18.920	0.114286	19.971
run1-swarm_23_69.pdb	7.772	33.975	0	19.795
run0-swarm_9_43.pdb	9.851	32.395	0	19.667
run1-swarm_30_6.pdb	8.591	25.058	0	19.631
run0-swarm_5_198.pdb	5.249	24.555	0.171429	19.561
run1-swarm_49_81.pdb	7.069	24.832	0	19.556
run0-swarm_20_150.pdb	7.150	35.470	0.0285714	19.457
run0-swarm_29_129.pdb	1.508	5.971	0.4	19.431
run1-swarm_22_124.pdb	8.271	39.048	0	19.429
run0-swarm_33_72.pdb	8.253	41.162	0.0285714	19.418
run1-swarm_28_192.pdb	4.640	19.818	0.257143	19.417
run1-swarm_50_7.pdb	10.420	37.028	0	19.325
run0-swarm_44_71.pdb	4.839	27.065	0.171429	19.312
run1-swarm_15_152.pdb	8.210	31.477	0	19.291
run0-swarm_12_30.pdb	7.524	33.338	0	19.275
run0-swarm_5_197.pdb	8.928	26.529	0	19.244
run1-swarm_11_193.pdb	10.120	43.211	0	19.218
run1-swarm_9_7.pdb	9.625	43.178	0.0857143	19.187
run0-swarm_6_71.pdb	7.834	36.071	0.114286	19.135
run0-swarm_33_158.pdb	7.608	37.078	0.0571429	19.088
run1-swarm_51_28.pdb	15.746	40.426	0	19.087
run1-swarm_26_69.pdb	9.862	42.932	0	19.067
run0-swarm_1_15.pdb	8.146	34.671	0	19.033
run0-swarm_36_122.pdb	10.033	35.489	0	19.007
run0-swarm_19_191.pdb	6.676	34.994	0.142857	18.912
run0-swarm_11_168.pdb	3.567	14.911	0.228571	18.912
run1-swarm_57_145.pdb	13.482	43.435	0	18.903
run0-swarm_0_123.pdb	8.313	42.256	0.0571429	18.738
run1-swarm_27_59.pdb	7.306	17.766	0	18.681
run1-swarm_44_100.pdb	8.522	36.009	0.0285714	18.669
run0-swarm_11_76.pdb	4.981	16.587	0.171429	18.614
run1-swarm_55_86.pdb	10.508	32.702	0	18.468
run1-swarm_4_94.pdb	5.167	22.264	0.342857	18.328
run1-swarm_17_108.pdb	3.779	7.993	0.228571	18.274
run1-swarm_19_42.pdb	8.400	32.195	0.0285714	18.273
run1-swarm_42_42.pdb	8.600	19.045	0	18.259
run1-swarm_49_148.pdb	7.581	32.909	0.114286	18.237
run1-swarm_28_194.pdb	5.963	19.580	0.0571429	18.142
run1-swarm_25_51.pdb	9.532	41.216	0	18.122
run0-swarm_39_181.pdb	7.907	36.073	0	18.081
run1-swarm_10_5.pdb	8.690	29.843	0	17.991
run1-swarm_10_52.pdb	9.212	43.588	0.0857143	17.884
run1-swarm_4_11.pdb	9.962	25.266	0	17.698
run0-swarm_39_125.pdb	8.797	43.779	0.142857	17.677
run0-swarm_44_139.pdb	7.279	26.749	0	17.667
run1-swarm_36_126.pdb	6.845	34.280	0.142857	17.641
run0-swarm_9_23.pdb	6.663	34.815	0.142857	17.599
run1-swarm_5_17.pdb	8.983	33.323	0	17.567
run0-swarm_12_96.pdb	7.635	35.278	0.0571429	17.520
run0-swarm_4_1.pdb	5.972	26.590	0.142857	17.516
run1-swarm_42_152.pdb	6.989	25.585	0	17.419
run1-swarm_5_140.pdb	11.191	43.215	0	17.383
run0-swarm_46_54.pdb	5.264	13.331	0.0857143	17.316
run1-swarm_54_25.pdb	2.562	10.179	0.371429	17.236
run0-swarm_17_81.pdb	8.228	38.116	0.114286	17.217
run0-swarm_33_37.pdb	8.423	39.880	0.142857	17.152
run0-swarm_13_133.pdb	8.921	42.980	0.0857143	17.048
run0-swarm_8_4.pdb	6.022	25.904	0.171429	17.033
run0-swarm_5_3.pdb	7.656	35.576	0.0285714	17.010
run1-swarm_24_41.pdb	4.641	21.287	0.142857	17.002
run0-swarm_35_9.pdb	8.257	41.377	0.0857143	16.954
run1-swarm_23_102.pdb	6.384	23.040	0	16.953
run1-swarm_37_33.pdb	16.151	40.931	0	16.629
run1-swarm_18_26.pdb	15.903	42.008	0	16.545
run1-swarm_18_7.pdb	10.535	44.522	0	16.448
run1-swarm_59_173.pdb	5.824	24.818	0.257143	16.439
run0-swarm_34_149.pdb	5.843	11.808	0	16.410
run1-swarm_44_122.pdb	7.242	26.051	0	16.408
run0-swarm_0_139.pdb	9.090	43.502	0.142857	16.391
run0-swarm_38_79.pdb	4.684	18.743	0.0857143	16.382
run1-swarm_32_2.pdb	8.192	40.496	0.2	16.301
run1-swarm_42_29.pdb	5.986	26.397	0.171429	16.019
run1-swarm_10_93.pdb	6.060	30.756	0.257143	15.952
run1-swarm_24_128.pdb	8.371	34.827	0.0285714	15.933
run1-swarm_17_102.pdb	6.508	20.684	0.0571429	15.929
run0-swarm_38_58.pdb	7.037	28.564	0.0857143	15.929
run1-swarm_15_140.pdb	10.931	38.159	0	15.871
run0-swarm_17_157.pdb	4.955	25.655	0.257143	15.837
run0-swarm_40_41.pdb	6.964	24.182	0.0285714	15.747
run0-swarm_4_65.pdb	6.702	34.625	0.114286	15.713
run0-swarm_43_193.pdb	8.341	38.799	0.0571429	15.701
run1-swarm_17_96.pdb	9.326	18.496	0	15.693
run1-swarm_14_112.pdb	8.323	17.800	0	15.651
run1-swarm_42_5.pdb	8.439	29.442	0	15.635
run1-swarm_6_38.pdb	9.384	34.128	0	15.563
run0-swarm_23_188.pdb	6.898	32.436	0.0285714	15.550
run1-swarm_55_33.pdb	9.902	27.233	0	15.490
run1-swarm_49_11.pdb	5.109	27.207	0.114286	15.472
run0-swarm_0_106.pdb	8.203	38.464	0.0571429	15.449
run0-swarm_38_131.pdb	4.835	26.895	0.257143	15.352
run0-swarm_22_67.pdb	5.203	22.688	0.114286	15.243
run0-swarm_21_11.pdb	5.963	24.767	0.171429	14.965
run1-swarm_9_10.pdb	7.688	38.081	0.2	14.936
run0-swarm_2_99.pdb	9.909	34.978	0	14.833
run1-swarm_29_131.pdb	7.838	36.096	0.0285714	14.608
run1-swarm_28_70.pdb	9.028	29.241	0	14.102
run1-swarm_27_146.pdb	7.364	25.398	0	14.098
run1-swarm_6_166.pdb	7.520	35.302	0.171429	14.095
run0-swarm_11_16.pdb	7.612	23.015	0	13.958
run0-swarm_3_119.pdb	12.562	41.576	0	13.894
run0-swarm_7_63.pdb	7.986	31.565	0.142857	13.861
run1-swarm_29_62.pdb	5.200	23.249	0.0857143	13.787
run1-swarm_47_46.pdb	5.473	21.228	0.0285714	13.768
run1-swarm_30_2.pdb	8.313	29.560	0	13.457
run0-swarm_0_174.pdb	11.783	45.695	0	13.391
run0-swarm_21_40.pdb	4.450	18.053	0.171429	13.347
run0-swarm_41_149.pdb	4.332	17.035	0.114286	13.244
run0-swarm_9_52.pdb	11.484	28.019	0	13.220
run0-swarm_31_5.pdb	4.729	11.192	0.0857143	13.140
run0-swarm_27_37.pdb	6.378	23.956	0.0285714	13.137
run0-swarm_7_25.pdb	9.106	33.649	0	13.052
run0-swarm_26_178.pdb	6.310	17.771	0.0285714	12.858
run0-swarm_17_51.pdb	8.663	41.440	0.0857143	12.817
run0-swarm_42_188.pdb	5.494	18.385	0.0571429	12.592
run0-swarm_6_36.pdb	7.373	29.172	0.142857	12.523
run1-swarm_16_94.pdb	7.910	28.003	0	12.324
run0-swarm_23_3.pdb	10.281	29.703	0	12.248
run0-swarm_22_118.pdb	8.421	35.736	0.0285714	12.235
run1-swarm_17_103.pdb	7.976	15.359	0	12.163
run0-swarm_33_175.pdb	11.702	44.588	0	12.072
run0-swarm_43_188.pdb	8.923	41.474	0.0857143	11.937
run1-swarm_21_94.pdb	5.163	12.715	0.114286	11.649
run1-swarm_47_178.pdb	9.911	32.807	0	11.606
run0-swarm_22_12.pdb	6.630	26.587	0.0285714	11.543
run0-swarm_23_131.pdb	6.946	28.977	0.0285714	11.285
run0-swarm_8_28.pdb	6.096	20.931	0.0285714	11.081
run1-swarm_28_123.pdb	6.715	23.928	0.0285714	10.497
run0-swarm_40_168.pdb	6.738	22.323	0	10.428
run0-swarm_9_177.pdb	9.422	35.737	0	10.236
run0-swarm_25_114.pdb	8.382	32.353	0	9.928
run1-swarm_31_197.pdb	8.178	31.414	0	9.726
run0-swarm_46_37.pdb	8.012	24.398	0.0285714	9.054
run0-swarm_1_157.pdb	4.187	23.640	0.371429	6.286
run1-swarm_24_16.pdb	6.719	28.335	0.0285714	0.818
