swarm_38_88.pdb	2.605	14.795	0.542857	33.924
swarm_44_97.pdb	9.432	23.999	0	28.536
swarm_62_93.pdb	12.816	46.957	0	28.357
swarm_32_140.pdb	7.917	36.057	0	28.304
swarm_15_150.pdb	7.777	31.648	0	28.281
swarm_42_58.pdb	6.074	18.803	0.0571429	27.812
swarm_46_7.pdb	4.684	15.304	0.171429	27.809
swarm_12_139.pdb	8.550	35.678	0	27.610
swarm_16_12.pdb	8.172	18.098	0	27.520
swarm_39_159.pdb	8.794	22.020	0	27.335
swarm_36_41.pdb	8.350	37.125	0	27.046
swarm_60_196.pdb	13.153	47.936	0	26.630
swarm_65_3.pdb	8.061	37.573	0.0571429	26.614
swarm_35_43.pdb	6.318	29.252	0.0857143	26.547
swarm_31_1.pdb	11.311	29.225	0	26.309
swarm_17_67.pdb	5.829	18.422	0.114286	26.265
swarm_15_185.pdb	5.754	24.940	0.114286	25.616
swarm_32_175.pdb	12.150	34.907	0	25.601
swarm_35_0.pdb	10.265	37.323	0	25.490
swarm_63_63.pdb	12.828	44.247	0	24.946
swarm_37_81.pdb	9.188	35.748	0	24.887
swarm_33_131.pdb	10.979	39.517	0	24.773
swarm_42_144.pdb	5.131	24.632	0.2	24.583
swarm_57_61.pdb	8.052	15.944	0	24.470
swarm_6_148.pdb	6.571	32.138	0.114286	24.398
swarm_57_196.pdb	2.494	14.392	0.571429	24.141
swarm_46_38.pdb	7.578	16.745	0	24.134
swarm_19_100.pdb	2.394	13.804	0.628571	24.014
swarm_64_149.pdb	6.247	21.884	0.0285714	23.844
swarm_37_163.pdb	6.562	26.252	0	23.398
swarm_38_173.pdb	2.241	12.833	0.571429	23.232
swarm_17_153.pdb	5.619	27.258	0.114286	23.211
swarm_13_163.pdb	6.087	30.689	0.114286	23.140
swarm_59_114.pdb	5.826	31.141	0.114286	22.919
swarm_9_14.pdb	5.956	17.641	0.0571429	22.896
swarm_50_150.pdb	10.861	32.238	0	22.794
swarm_18_184.pdb	8.385	19.061	0	22.782
swarm_41_183.pdb	9.020	23.666	0	22.538
swarm_55_106.pdb	7.192	36.503	0.0285714	22.210
swarm_53_56.pdb	7.291	38.515	0.0571429	22.164
swarm_25_158.pdb	12.557	45.771	0	21.775
swarm_33_63.pdb	8.237	37.378	0	21.731
swarm_65_133.pdb	11.989	35.102	0	21.714
swarm_15_88.pdb	4.881	26.835	0.371429	21.582
swarm_29_138.pdb	8.285	33.415	0	21.548
swarm_56_96.pdb	9.436	28.768	0	21.395
swarm_8_152.pdb	7.380	31.032	0	20.710
swarm_57_37.pdb	4.433	22.206	0.142857	20.614
swarm_40_164.pdb	9.012	24.897	0	20.488
swarm_34_166.pdb	12.192	36.639	0	20.425
swarm_47_34.pdb	7.423	14.988	0	20.403
swarm_1_142.pdb	12.382	38.040	0	20.192
swarm_65_198.pdb	10.010	47.883	0.0285714	20.191
swarm_64_197.pdb	7.669	37.616	0	20.007
swarm_52_190.pdb	9.532	34.279	0	19.895
swarm_29_161.pdb	12.127	34.961	0	19.875
swarm_32_106.pdb	8.825	40.618	0.0571429	19.790
swarm_52_176.pdb	16.309	45.424	0	19.479
swarm_28_44.pdb	12.316	46.395	0	19.416
swarm_29_91.pdb	8.817	44.895	0.0571429	19.152
swarm_8_38.pdb	5.411	28.362	0.285714	19.016
swarm_27_40.pdb	19.484	47.900	0	18.978
swarm_31_30.pdb	8.907	30.348	0	18.856
swarm_0_63.pdb	12.300	43.266	0	18.850
swarm_23_118.pdb	7.564	28.732	0	18.411
swarm_49_151.pdb	13.402	51.106	0	18.100
swarm_34_67.pdb	8.710	40.076	0.0857143	18.033
swarm_14_34.pdb	4.802	24.558	0.314286	17.966
swarm_48_142.pdb	12.801	46.389	0	17.786
swarm_14_60.pdb	9.964	30.974	0	17.595
swarm_3_193.pdb	7.977	38.788	0	17.567
swarm_65_39.pdb	12.226	38.905	0	17.543
swarm_1_189.pdb	10.722	38.763	0	17.284
swarm_43_40.pdb	7.287	15.820	0	17.070
swarm_3_157.pdb	14.877	41.319	0	16.989
swarm_21_2.pdb	15.769	46.415	0	16.980
swarm_62_26.pdb	11.025	51.749	0.0285714	16.874
swarm_36_178.pdb	8.089	35.650	0	16.720
swarm_26_109.pdb	16.970	47.453	0	16.711
swarm_29_17.pdb	9.261	43.087	0.0571429	16.671
swarm_3_129.pdb	10.393	43.921	0	16.359
swarm_0_12.pdb	9.665	45.964	0.0857143	16.247
swarm_32_124.pdb	8.676	34.426	0	16.210
swarm_24_96.pdb	15.523	48.280	0	16.188
swarm_38_142.pdb	6.527	17.551	0	15.898
swarm_11_166.pdb	10.832	29.055	0	15.864
swarm_62_72.pdb	14.012	47.235	0	15.857
swarm_52_154.pdb	12.054	41.189	0	15.701
swarm_12_114.pdb	7.183	29.787	0	15.671
swarm_54_12.pdb	8.272	19.297	0	15.615
swarm_51_155.pdb	8.792	45.559	0.0571429	15.489
swarm_54_107.pdb	8.038	24.367	0	15.265
swarm_40_196.pdb	3.486	19.516	0.485714	15.244
swarm_53_147.pdb	14.909	33.239	0	15.238
swarm_51_102.pdb	12.221	37.235	0	15.007
swarm_1_49.pdb	8.084	39.084	0.0285714	14.775
swarm_34_73.pdb	9.852	37.687	0	14.522
swarm_53_196.pdb	7.452	35.407	0.171429	14.142
swarm_11_14.pdb	4.976	24.116	0.114286	13.883
swarm_49_77.pdb	24.456	51.536	0	13.728
swarm_41_190.pdb	7.574	27.424	0	13.529
swarm_41_156.pdb	6.504	25.655	0	13.293
swarm_55_110.pdb	15.870	35.701	0	13.157
swarm_34_188.pdb	9.068	42.412	0.0857143	13.011
swarm_8_155.pdb	5.297	27.726	0.2	12.958
swarm_2_37.pdb	6.737	20.852	0	12.813
swarm_28_136.pdb	15.937	40.849	0	12.789
swarm_41_177.pdb	7.988	32.886	0	12.646
swarm_51_34.pdb	16.277	41.494	0	12.629
swarm_31_3.pdb	6.679	32.491	0.0571429	12.220
swarm_29_109.pdb	5.823	28.285	0.114286	11.741
swarm_55_184.pdb	10.164	34.233	0	11.566
swarm_1_74.pdb	10.398	34.274	0	11.252
swarm_41_43.pdb	6.596	17.917	0	10.675
