swarm_38_88.pdb	2.605	14.795	0.542857	33.924
swarm_52_82.pdb	10.955	38.082	0	32.500
swarm_67_138.pdb	2.923	9.747	0.485714	31.093
swarm_23_140.pdb	13.211	56.882	0	30.560
swarm_9_30.pdb	9.011	34.456	0	30.113
swarm_31_165.pdb	10.240	39.076	0	29.558
swarm_10_148.pdb	7.166	29.323	0	28.810
swarm_11_194.pdb	9.546	33.688	0	28.664
swarm_18_40.pdb	5.082	23.934	0.114286	28.603
swarm_44_97.pdb	9.432	23.999	0	28.536
swarm_32_191.pdb	10.965	38.785	0	28.497
swarm_62_93.pdb	12.816	46.957	0	28.357
swarm_32_140.pdb	7.917	36.057	0	28.304
swarm_15_150.pdb	7.777	31.648	0	28.281
swarm_27_80.pdb	6.360	32.285	0.0857143	27.896
swarm_42_58.pdb	6.074	18.803	0.0571429	27.812
swarm_24_188.pdb	8.620	44.632	0.0285714	27.812
swarm_46_7.pdb	4.684	15.304	0.171429	27.809
swarm_17_3.pdb	8.658	41.156	0	27.706
swarm_12_139.pdb	8.550	35.678	0	27.610
swarm_10_173.pdb	6.579	32.847	0.0571429	27.538
swarm_16_12.pdb	8.172	18.098	0	27.520
swarm_39_159.pdb	8.794	22.020	0	27.335
swarm_24_37.pdb	9.787	41.905	0	27.084
swarm_36_41.pdb	8.350	37.125	0	27.046
swarm_37_149.pdb	12.729	55.024	0	26.760
swarm_60_196.pdb	13.153	47.936	0	26.630
swarm_65_3.pdb	8.061	37.573	0.0571429	26.614
swarm_35_43.pdb	6.318	29.252	0.0857143	26.547
swarm_27_123.pdb	9.450	42.751	0	26.486
swarm_31_1.pdb	11.311	29.225	0	26.309
swarm_17_67.pdb	5.829	18.422	0.114286	26.265
swarm_5_126.pdb	3.664	11.466	0.314286	26.172
swarm_6_32.pdb	3.071	12.458	0.485714	25.964
swarm_34_159.pdb	4.106	9.543	0.2	25.961
swarm_0_190.pdb	11.615	46.530	0	25.848
swarm_36_77.pdb	4.048	14.100	0.285714	25.822
swarm_46_92.pdb	8.600	40.664	0	25.783
swarm_29_52.pdb	10.765	41.540	0	25.726
swarm_15_185.pdb	5.754	24.940	0.114286	25.616
swarm_51_74.pdb	9.124	38.852	0	25.614
swarm_32_175.pdb	12.150	34.907	0	25.601
swarm_11_68.pdb	8.477	39.959	0	25.507
swarm_35_0.pdb	10.265	37.323	0	25.490
swarm_19_88.pdb	11.223	48.431	0	25.345
swarm_15_142.pdb	4.441	23.180	0.2	25.284
swarm_46_72.pdb	9.279	39.107	0	25.142
swarm_32_145.pdb	8.302	39.071	0	25.119
swarm_65_0.pdb	4.811	17.634	0.171429	25.116
swarm_24_67.pdb	10.091	38.715	0	24.964
swarm_63_63.pdb	12.828	44.247	0	24.946
swarm_5_176.pdb	7.910	36.796	0	24.902
swarm_37_81.pdb	9.188	35.748	0	24.887
swarm_47_33.pdb	8.999	39.533	0	24.833
swarm_28_10.pdb	3.832	15.918	0.2	24.813
swarm_33_131.pdb	10.979	39.517	0	24.773
swarm_54_166.pdb	10.636	40.030	0	24.715
swarm_15_126.pdb	4.485	24.861	0.371429	24.699
swarm_43_193.pdb	8.619	35.679	0	24.651
swarm_33_8.pdb	5.012	23.149	0.114286	24.621
swarm_42_144.pdb	5.131	24.632	0.2	24.583
swarm_57_61.pdb	8.052	15.944	0	24.470
swarm_41_126.pdb	3.461	15.502	0.485714	24.461
swarm_6_148.pdb	6.571	32.138	0.114286	24.398
swarm_39_12.pdb	3.546	10.703	0.371429	24.340
swarm_52_141.pdb	4.175	20.029	0.2	24.243
swarm_57_196.pdb	2.494	14.392	0.571429	24.141
swarm_46_38.pdb	7.578	16.745	0	24.134
swarm_19_100.pdb	2.394	13.804	0.628571	24.014
swarm_26_138.pdb	9.510	42.419	0	23.993
swarm_32_35.pdb	10.644	41.793	0	23.977
swarm_36_79.pdb	4.327	21.019	0.257143	23.881
swarm_64_149.pdb	6.247	21.884	0.0285714	23.844
swarm_55_182.pdb	5.304	24.924	0.0857143	23.832
swarm_51_72.pdb	8.052	42.609	0	23.734
swarm_39_92.pdb	2.922	13.933	0.485714	23.591
swarm_31_180.pdb	10.314	45.195	0	23.575
swarm_20_94.pdb	10.929	40.555	0	23.427
swarm_37_163.pdb	6.562	26.252	0	23.398
swarm_42_146.pdb	9.576	43.050	0	23.396
swarm_45_3.pdb	14.105	44.900	0	23.362
swarm_22_17.pdb	10.020	39.590	0	23.354
swarm_50_96.pdb	3.998	13.990	0.171429	23.238
swarm_38_173.pdb	2.241	12.833	0.571429	23.232
swarm_17_153.pdb	5.619	27.258	0.114286	23.211
swarm_13_163.pdb	6.087	30.689	0.114286	23.140
swarm_51_128.pdb	6.744	35.484	0.0857143	23.044
swarm_59_114.pdb	5.826	31.141	0.114286	22.919
swarm_9_14.pdb	5.956	17.641	0.0571429	22.896
swarm_30_155.pdb	6.012	31.848	0.142857	22.894
swarm_10_30.pdb	5.055	27.596	0.285714	22.892
swarm_11_33.pdb	10.811	41.371	0	22.834
swarm_50_150.pdb	10.861	32.238	0	22.794
swarm_25_50.pdb	12.050	44.944	0	22.792
swarm_18_184.pdb	8.385	19.061	0	22.782
swarm_6_108.pdb	7.595	38.096	0	22.634
swarm_41_183.pdb	9.020	23.666	0	22.538
swarm_47_74.pdb	10.364	48.012	0	22.528
swarm_46_67.pdb	12.562	40.720	0	22.466
swarm_55_106.pdb	7.192	36.503	0.0285714	22.210
swarm_45_90.pdb	7.842	34.935	0	22.173
swarm_53_56.pdb	7.291	38.515	0.0571429	22.164
swarm_19_17.pdb	8.137	32.036	0	22.163
swarm_38_18.pdb	10.558	44.859	0	22.103
swarm_42_170.pdb	13.404	42.700	0	22.101
swarm_64_120.pdb	9.584	44.127	0.0571429	22.083
swarm_47_118.pdb	9.310	38.220	0	22.003
swarm_38_2.pdb	8.184	32.672	0	21.980
swarm_28_188.pdb	5.048	24.745	0.2	21.888
swarm_30_76.pdb	7.760	40.651	0	21.880
swarm_22_62.pdb	6.492	26.846	0	21.871
swarm_52_93.pdb	9.549	39.038	0	21.849
swarm_4_175.pdb	8.753	23.885	0	21.847
swarm_25_158.pdb	12.557	45.771	0	21.775
swarm_33_63.pdb	8.237	37.378	0	21.731
swarm_65_133.pdb	11.989	35.102	0	21.714
swarm_9_148.pdb	9.470	44.314	0	21.612
swarm_36_195.pdb	9.190	36.239	0	21.605
swarm_15_88.pdb	4.881	26.835	0.371429	21.582
swarm_51_108.pdb	4.098	16.607	0.114286	21.554
swarm_29_138.pdb	8.285	33.415	0	21.548
swarm_56_96.pdb	9.436	28.768	0	21.395
swarm_2_178.pdb	10.650	44.485	0.0285714	21.368
swarm_37_176.pdb	8.598	26.316	0	21.322
swarm_25_136.pdb	14.060	41.855	0	21.290
swarm_22_101.pdb	8.593	41.685	0	21.181
swarm_3_178.pdb	10.217	40.188	0	21.173
swarm_37_112.pdb	10.847	46.347	0	21.143
swarm_58_46.pdb	8.521	34.758	0	21.038
swarm_40_147.pdb	3.846	9.921	0.2	21.037
swarm_13_134.pdb	4.676	22.202	0.257143	21.011
swarm_8_23.pdb	8.823	27.044	0	20.921
swarm_69_87.pdb	8.110	25.796	0	20.837
swarm_47_158.pdb	10.955	47.715	0	20.820
swarm_49_10.pdb	14.758	46.314	0	20.725
swarm_8_152.pdb	7.380	31.032	0	20.710
swarm_7_114.pdb	8.539	35.634	0	20.705
swarm_16_53.pdb	10.815	44.782	0.0285714	20.656
swarm_57_37.pdb	4.433	22.206	0.142857	20.614
swarm_14_110.pdb	9.869	45.907	0	20.602
swarm_48_103.pdb	3.885	17.074	0.2	20.592
swarm_52_65.pdb	8.187	20.114	0	20.518
swarm_40_164.pdb	9.012	24.897	0	20.488
swarm_58_96.pdb	8.352	28.671	0	20.471
swarm_34_166.pdb	12.192	36.639	0	20.425
swarm_47_34.pdb	7.423	14.988	0	20.403
swarm_12_40.pdb	11.122	47.054	0	20.347
swarm_15_20.pdb	7.896	37.715	0	20.322
swarm_49_72.pdb	7.366	18.113	0	20.297
swarm_5_191.pdb	7.042	37.443	0.0857143	20.296
swarm_1_142.pdb	12.382	38.040	0	20.192
swarm_65_198.pdb	10.010	47.883	0.0285714	20.191
swarm_21_0.pdb	8.304	32.519	0	20.174
swarm_45_69.pdb	9.114	27.554	0	20.158
swarm_27_61.pdb	8.089	43.376	0	20.140
swarm_18_137.pdb	10.127	42.071	0	20.116
swarm_23_117.pdb	6.336	25.313	0	20.110
swarm_22_187.pdb	13.217	41.490	0	20.095
swarm_40_69.pdb	8.499	33.749	0	20.039
swarm_10_174.pdb	7.393	40.275	0	20.023
swarm_5_166.pdb	2.727	12.902	0.485714	20.015
swarm_64_197.pdb	7.669	37.616	0	20.007
swarm_5_2.pdb	8.702	40.676	0.0857143	19.967
swarm_52_190.pdb	9.532	34.279	0	19.895
swarm_29_161.pdb	12.127	34.961	0	19.875
swarm_13_62.pdb	6.114	30.215	0.285714	19.858
swarm_32_106.pdb	8.825	40.618	0.0571429	19.790
swarm_32_72.pdb	7.941	39.979	0	19.773
swarm_35_134.pdb	1.079	3.881	0.685714	19.748
swarm_35_61.pdb	7.076	20.147	0	19.711
swarm_18_174.pdb	11.233	22.460	0	19.576
swarm_34_175.pdb	1.928	9.337	0.628571	19.513
swarm_52_176.pdb	16.309	45.424	0	19.479
swarm_28_44.pdb	12.316	46.395	0	19.416
swarm_12_37.pdb	8.904	35.371	0	19.361
swarm_37_159.pdb	11.982	23.412	0	19.358
swarm_69_41.pdb	8.337	30.347	0	19.318
swarm_19_174.pdb	9.924	48.370	0.0285714	19.238
swarm_27_134.pdb	7.943	36.357	0	19.237
swarm_14_116.pdb	9.114	37.155	0	19.184
swarm_41_69.pdb	1.626	8.188	0.542857	19.165
swarm_40_45.pdb	10.225	39.526	0	19.152
swarm_29_91.pdb	8.817	44.895	0.0571429	19.152
swarm_10_47.pdb	10.497	41.417	0	19.152
swarm_4_57.pdb	8.893	35.596	0	19.147
swarm_11_12.pdb	9.950	44.041	0	19.058
swarm_8_38.pdb	5.411	28.362	0.285714	19.016
swarm_47_112.pdb	11.487	52.411	0	18.992
swarm_27_40.pdb	19.484	47.900	0	18.978
swarm_4_94.pdb	8.601	29.048	0	18.922
swarm_31_30.pdb	8.907	30.348	0	18.856
swarm_0_63.pdb	12.300	43.266	0	18.850
swarm_42_146.pdb	10.074	29.863	0.0285714	18.798
swarm_0_108.pdb	9.321	42.906	0.0857143	18.797
swarm_39_36.pdb	2.318	11.650	0.542857	18.694
swarm_6_15.pdb	6.851	36.429	0.0857143	18.647
swarm_29_90.pdb	10.128	46.412	0	18.607
swarm_5_141.pdb	7.089	39.794	0.0285714	18.583
swarm_24_169.pdb	7.655	42.044	0	18.560
swarm_3_3.pdb	8.497	42.817	0	18.507
swarm_27_178.pdb	5.442	30.767	0.0857143	18.472
swarm_38_185.pdb	9.721	47.236	0	18.460
swarm_64_128.pdb	11.676	46.136	0	18.425
swarm_23_118.pdb	7.564	28.732	0	18.411
swarm_22_160.pdb	9.022	34.801	0	18.393
swarm_38_116.pdb	5.954	32.657	0.142857	18.379
swarm_17_165.pdb	8.537	38.842	0	18.375
swarm_17_158.pdb	9.021	45.228	0.0285714	18.349
swarm_35_152.pdb	8.204	31.454	0	18.333
swarm_18_163.pdb	10.936	40.433	0	18.330
swarm_19_196.pdb	7.619	30.227	0	18.327
swarm_22_152.pdb	11.734	30.698	0	18.261
swarm_33_39.pdb	4.716	24.354	0.314286	18.230
swarm_27_106.pdb	7.585	41.877	0.0571429	18.174
swarm_19_67.pdb	8.959	42.193	0.0857143	18.146
swarm_49_151.pdb	13.402	51.106	0	18.100
swarm_34_67.pdb	8.710	40.076	0.0857143	18.033
swarm_31_168.pdb	11.158	50.842	0	18.015
swarm_14_34.pdb	4.802	24.558	0.314286	17.966
swarm_21_178.pdb	6.509	33.076	0.2	17.963
swarm_10_86.pdb	4.409	23.959	0.2	17.872
swarm_4_113.pdb	9.710	45.991	0.114286	17.828
swarm_13_184.pdb	8.776	41.308	0.0285714	17.807
swarm_19_109.pdb	9.675	45.560	0.0857143	17.798
swarm_48_142.pdb	12.801	46.389	0	17.786
swarm_6_53.pdb	8.290	42.121	0.114286	17.760
swarm_17_102.pdb	4.967	17.487	0.0857143	17.653
swarm_25_27.pdb	10.153	42.087	0	17.635
swarm_54_183.pdb	9.578	36.738	0	17.616
swarm_11_66.pdb	7.459	40.462	0.0285714	17.616
swarm_14_60.pdb	9.964	30.974	0	17.595
swarm_3_193.pdb	7.977	38.788	0	17.567
swarm_65_39.pdb	12.226	38.905	0	17.543
swarm_56_154.pdb	8.386	28.875	0	17.497
swarm_16_167.pdb	11.967	49.497	0	17.481
swarm_37_5.pdb	10.439	50.378	0	17.457
swarm_7_24.pdb	11.055	43.756	0	17.449
swarm_44_135.pdb	9.915	44.850	0	17.440
swarm_53_100.pdb	8.828	27.139	0	17.341
swarm_1_189.pdb	10.722	38.763	0	17.284
swarm_48_38.pdb	8.108	24.525	0	17.264
swarm_46_7.pdb	8.006	32.118	0	17.253
swarm_46_162.pdb	7.789	42.594	0	17.204
swarm_43_40.pdb	7.287	15.820	0	17.070
swarm_41_130.pdb	13.417	25.545	0	17.035
swarm_30_110.pdb	6.878	35.402	0	17.011
swarm_55_175.pdb	6.167	18.960	0.0285714	17.009
swarm_14_148.pdb	9.070	42.775	0.0571429	17.008
swarm_3_157.pdb	14.877	41.319	0	16.989
swarm_21_2.pdb	15.769	46.415	0	16.980
swarm_57_161.pdb	9.169	43.787	0.0571429	16.912
swarm_62_26.pdb	11.025	51.749	0.0285714	16.874
swarm_18_141.pdb	9.560	48.359	0	16.862
swarm_21_159.pdb	8.999	29.955	0	16.793
swarm_36_178.pdb	8.089	35.650	0	16.720
swarm_26_109.pdb	16.970	47.453	0	16.711
swarm_29_17.pdb	9.261	43.087	0.0571429	16.671
swarm_22_186.pdb	9.914	27.613	0	16.655
swarm_6_90.pdb	8.456	18.114	0	16.637
swarm_8_46.pdb	6.591	27.092	0.142857	16.584
swarm_68_196.pdb	9.308	35.933	0	16.546
swarm_43_55.pdb	7.805	41.159	0.0857143	16.529
swarm_7_40.pdb	4.914	26.046	0.285714	16.470
swarm_53_9.pdb	11.998	43.232	0	16.457
swarm_15_142.pdb	9.130	40.157	0.0571429	16.430
swarm_37_161.pdb	13.059	24.914	0	16.405
swarm_6_51.pdb	9.791	21.278	0	16.372
swarm_7_148.pdb	11.383	41.068	0	16.371
swarm_3_129.pdb	10.393	43.921	0	16.359
swarm_31_29.pdb	4.622	17.760	0.228571	16.320
swarm_7_197.pdb	7.793	35.536	0.142857	16.319
swarm_65_47.pdb	8.702	30.474	0	16.312
swarm_3_192.pdb	12.356	43.641	0	16.292
swarm_68_107.pdb	10.757	30.089	0	16.266
swarm_13_33.pdb	5.469	19.444	0.171429	16.261
swarm_0_12.pdb	9.665	45.964	0.0857143	16.247
swarm_32_124.pdb	8.676	34.426	0	16.210
swarm_16_172.pdb	6.069	31.278	0.342857	16.195
swarm_24_96.pdb	15.523	48.280	0	16.188
swarm_20_193.pdb	9.395	36.617	0	16.122
swarm_27_71.pdb	10.800	40.100	0	16.117
swarm_27_187.pdb	12.989	39.797	0	16.017
swarm_38_142.pdb	6.527	17.551	0	15.898
swarm_21_182.pdb	9.402	23.552	0	15.878
swarm_11_166.pdb	10.832	29.055	0	15.864
swarm_62_72.pdb	14.012	47.235	0	15.857
swarm_51_193.pdb	7.939	24.108	0.0285714	15.808
swarm_38_58.pdb	9.455	48.597	0	15.706
swarm_52_154.pdb	12.054	41.189	0	15.701
swarm_12_114.pdb	7.183	29.787	0	15.671
swarm_35_191.pdb	9.429	31.927	0	15.644
swarm_36_187.pdb	8.159	27.831	0	15.630
swarm_5_138.pdb	10.324	22.272	0	15.627
swarm_54_12.pdb	8.272	19.297	0	15.615
swarm_51_155.pdb	8.792	45.559	0.0571429	15.489
swarm_56_122.pdb	8.072	30.653	0.171429	15.477
swarm_17_12.pdb	11.209	20.320	0	15.448
swarm_65_91.pdb	10.170	22.896	0	15.404
swarm_50_56.pdb	8.899	27.376	0.0285714	15.394
swarm_57_132.pdb	7.150	24.512	0	15.327
swarm_33_198.pdb	11.171	25.164	0	15.273
swarm_54_107.pdb	8.038	24.367	0	15.265
swarm_49_156.pdb	11.322	24.721	0	15.259
swarm_40_196.pdb	3.486	19.516	0.485714	15.244
swarm_53_147.pdb	14.909	33.239	0	15.238
swarm_4_141.pdb	7.129	30.589	0	15.141
swarm_14_146.pdb	9.103	47.279	0.0285714	15.097
swarm_40_176.pdb	8.248	17.601	0	15.014
swarm_51_102.pdb	12.221	37.235	0	15.007
swarm_56_177.pdb	8.245	26.293	0	14.991
swarm_54_58.pdb	4.692	23.481	0.114286	14.927
swarm_50_178.pdb	8.803	21.358	0	14.905
swarm_42_28.pdb	10.070	45.370	0	14.896
swarm_23_160.pdb	6.439	23.344	0.142857	14.866
swarm_6_14.pdb	6.158	31.755	0.142857	14.859
swarm_45_34.pdb	8.843	33.258	0	14.810
swarm_1_49.pdb	8.084	39.084	0.0285714	14.775
swarm_30_21.pdb	8.198	33.990	0	14.751
swarm_22_64.pdb	9.528	26.150	0	14.677
swarm_48_149.pdb	15.227	48.498	0	14.594
swarm_34_73.pdb	9.852	37.687	0	14.522
swarm_3_55.pdb	6.553	25.234	0.0285714	14.440
swarm_9_164.pdb	11.399	45.585	0	14.427
swarm_25_147.pdb	8.353	39.391	0.0285714	14.407
swarm_53_41.pdb	7.713	21.799	0	14.388
swarm_31_144.pdb	12.775	37.823	0	14.384
swarm_28_142.pdb	6.868	28.798	0.0285714	14.376
swarm_68_164.pdb	9.702	27.953	0	14.343
swarm_53_196.pdb	7.452	35.407	0.171429	14.142
swarm_25_158.pdb	16.700	42.823	0	14.120
swarm_14_120.pdb	8.359	38.448	0.171429	14.058
swarm_34_21.pdb	10.032	19.015	0	14.017
swarm_11_14.pdb	4.976	24.116	0.114286	13.883
swarm_35_146.pdb	11.411	27.289	0	13.861
swarm_16_67.pdb	9.267	43.724	0.114286	13.766
swarm_19_5.pdb	8.235	40.449	0.142857	13.744
swarm_49_77.pdb	24.456	51.536	0	13.728
swarm_12_143.pdb	12.761	44.543	0	13.614
swarm_41_190.pdb	7.574	27.424	0	13.529
swarm_68_8.pdb	7.646	31.140	0.0285714	13.356
swarm_41_156.pdb	6.504	25.655	0	13.293
swarm_50_73.pdb	11.980	21.812	0	13.261
swarm_51_71.pdb	9.410	29.873	0	13.222
swarm_55_110.pdb	15.870	35.701	0	13.157
swarm_56_129.pdb	13.314	29.033	0	13.037
swarm_36_145.pdb	2.956	11.947	0.485714	13.022
swarm_34_188.pdb	9.068	42.412	0.0857143	13.011
swarm_8_155.pdb	5.297	27.726	0.2	12.958
swarm_48_16.pdb	7.062	22.070	0.0285714	12.952
swarm_47_156.pdb	9.257	30.718	0	12.876
swarm_2_37.pdb	6.737	20.852	0	12.813
swarm_28_136.pdb	15.937	40.849	0	12.789
swarm_41_177.pdb	7.988	32.886	0	12.646
swarm_51_34.pdb	16.277	41.494	0	12.629
swarm_15_184.pdb	8.263	38.355	0.171429	12.495
swarm_55_99.pdb	10.412	19.106	0	12.490
swarm_49_123.pdb	16.561	46.061	0	12.479
swarm_16_67.pdb	8.334	37.668	0.142857	12.478
swarm_6_33.pdb	6.084	24.749	0.257143	12.364
swarm_38_156.pdb	7.572	38.185	0.2	12.355
swarm_31_3.pdb	6.679	32.491	0.0571429	12.220
swarm_42_196.pdb	10.848	37.852	0	12.168
swarm_38_121.pdb	6.347	21.811	0.0571429	12.136
swarm_53_91.pdb	9.434	42.422	0.0571429	12.005
swarm_22_107.pdb	16.679	45.686	0	11.988
swarm_29_109.pdb	5.823	28.285	0.114286	11.741
swarm_8_76.pdb	8.311	37.192	0.142857	11.634
swarm_19_77.pdb	11.429	41.398	0	11.597
swarm_38_153.pdb	8.936	39.792	0.142857	11.589
swarm_55_184.pdb	10.164	34.233	0	11.566
swarm_37_25.pdb	6.322	17.286	0.142857	11.537
swarm_50_175.pdb	8.478	23.960	0	11.502
swarm_36_48.pdb	7.151	20.996	0.0285714	11.398
swarm_1_74.pdb	10.398	34.274	0	11.252
swarm_16_95.pdb	9.115	38.347	0	11.235
swarm_7_84.pdb	10.209	28.178	0	11.202
swarm_2_129.pdb	9.347	46.435	0.114286	11.075
swarm_58_37.pdb	11.559	41.653	0	11.035
swarm_35_18.pdb	6.404	23.428	0.0571429	10.888
swarm_31_68.pdb	16.311	35.644	0	10.749
swarm_41_43.pdb	6.596	17.917	0	10.675
swarm_50_171.pdb	9.873	22.263	0	10.651
swarm_3_21.pdb	5.917	30.885	0.114286	10.541
swarm_1_137.pdb	8.364	31.523	0	10.417
swarm_46_166.pdb	7.496	29.513	0.0857143	10.358
swarm_25_54.pdb	6.853	30.583	0.0857143	10.346
swarm_51_46.pdb	9.956	22.008	0	10.117
swarm_3_26.pdb	15.228	45.162	0	9.767
swarm_16_112.pdb	7.597	32.968	0.142857	9.594
swarm_28_9.pdb	4.851	13.259	0.0857143	9.515
swarm_2_115.pdb	11.235	49.541	0.0285714	9.327
swarm_31_54.pdb	8.910	29.824	0	9.204
swarm_56_10.pdb	11.090	40.801	0	8.402
swarm_66_32.pdb	7.245	25.742	0	7.864
swarm_11_157.pdb	9.969	24.099	0	7.857
swarm_55_174.pdb	10.573	18.845	0	7.382
swarm_31_21.pdb	5.928	22.426	0.257143	7.121
swarm_52_178.pdb	10.534	17.556	0	6.226
swarm_48_24.pdb	16.544	33.263	0	5.917
swarm_36_108.pdb	7.108	22.981	0	5.910
swarm_43_45.pdb	8.838	39.248	0.0857143	5.824
swarm_52_134.pdb	11.006	24.158	0	5.109
swarm_37_84.pdb	12.210	30.405	0	5.063
swarm_30_103.pdb	10.111	33.152	0	3.109
swarm_49_6.pdb	15.425	24.977	0	2.666
swarm_51_43.pdb	9.446	23.915	0	2.284
swarm_38_8.pdb	15.291	24.968	0	2.124
swarm_30_140.pdb	15.429	30.600	0	1.526
swarm_47_36.pdb	13.263	42.435	0	1.340
swarm_48_177.pdb	6.629	16.130	0	0.012
