swarm_22_155.pdb	12.629	43.974	0	32.439
swarm_20_54.pdb	20.286	56.184	0	29.700
swarm_25_53.pdb	16.805	44.593	0	27.967
swarm_49_105.pdb	21.736	52.937	0	27.149
swarm_0_118.pdb	14.373	52.721	0	26.744
swarm_38_23.pdb	9.358	33.804	0	26.443
swarm_51_78.pdb	16.276	37.960	0	26.433
swarm_12_142.pdb	14.318	51.691	0	25.666
swarm_50_181.pdb	20.448	56.884	0	25.255
swarm_49_192.pdb	13.098	49.811	0	25.205
swarm_50_25.pdb	17.339	58.872	0	25.198
swarm_18_169.pdb	18.361	44.894	0	25.178
swarm_47_21.pdb	22.493	50.603	0	24.520
swarm_10_181.pdb	14.629	37.484	0	24.150
swarm_5_37.pdb	18.610	41.531	0	24.138
swarm_22_14.pdb	18.931	44.856	0	24.053
swarm_41_170.pdb	13.296	54.729	0	23.827
swarm_12_41.pdb	18.766	49.353	0	23.790
swarm_11_120.pdb	12.787	47.517	0	23.657
swarm_41_194.pdb	14.907	67.818	0.114286	23.429
swarm_17_107.pdb	20.519	45.656	0	23.370
swarm_34_33.pdb	14.256	57.641	0.0571429	23.197
swarm_17_63.pdb	19.263	50.115	0	23.151
swarm_50_118.pdb	17.516	59.123	0	23.109
swarm_22_190.pdb	19.940	51.046	0	23.087
swarm_48_124.pdb	19.055	52.120	0	23.049
swarm_45_29.pdb	14.909	62.389	0.114286	23.032
swarm_12_80.pdb	20.666	50.639	0	22.985
swarm_20_189.pdb	19.508	50.827	0	22.902
swarm_47_108.pdb	20.668	51.849	0	22.891
swarm_1_54.pdb	12.237	49.232	0	22.772
swarm_17_157.pdb	18.256	44.926	0	22.466
swarm_14_168.pdb	18.180	50.958	0	22.447
swarm_20_176.pdb	15.483	58.426	0	22.446
swarm_50_105.pdb	22.526	57.698	0	22.424
swarm_23_129.pdb	13.546	49.904	0	22.367
swarm_32_105.pdb	18.165	44.392	0	22.267
swarm_4_138.pdb	18.510	49.308	0	22.060
swarm_48_64.pdb	19.438	49.465	0	22.059
swarm_24_67.pdb	18.227	46.172	0	21.936
swarm_27_7.pdb	9.421	35.558	0	21.911
swarm_45_1.pdb	19.608	50.476	0	21.890
swarm_14_53.pdb	11.741	46.723	0.0571429	21.810
swarm_22_81.pdb	19.591	49.758	0	21.605
swarm_46_198.pdb	11.191	47.440	0	21.544
swarm_44_126.pdb	14.048	53.324	0.114286	21.428
swarm_10_149.pdb	13.254	36.597	0	21.416
swarm_18_159.pdb	11.859	44.831	0	21.360
swarm_3_57.pdb	19.310	42.308	0	21.278
swarm_26_136.pdb	17.005	44.874	0	21.201
swarm_49_157.pdb	14.091	55.372	0.0285714	21.186
swarm_31_105.pdb	21.379	51.071	0	21.162
swarm_11_121.pdb	16.973	43.678	0	21.124
swarm_49_65.pdb	14.145	54.374	0	21.110
swarm_10_129.pdb	19.205	40.963	0	21.080
swarm_10_178.pdb	7.737	28.326	0	21.044
swarm_44_25.pdb	19.494	54.827	0	21.007
swarm_41_149.pdb	15.757	58.789	0	20.895
swarm_15_158.pdb	14.328	33.115	0	20.872
swarm_41_82.pdb	12.604	56.182	0	20.645
swarm_26_117.pdb	17.892	46.012	0	20.634
swarm_18_113.pdb	14.035	54.066	0.0571429	20.438
swarm_33_84.pdb	4.696	20.637	0.114286	20.425
swarm_22_137.pdb	19.172	50.648	0	20.416
swarm_6_29.pdb	15.970	38.442	0	20.272
swarm_0_38.pdb	15.471	50.760	0	20.261
swarm_3_13.pdb	18.451	41.758	0	20.246
swarm_46_59.pdb	16.699	45.451	0	20.237
swarm_26_179.pdb	18.693	49.027	0	20.131
swarm_47_171.pdb	15.242	47.624	0	20.085
swarm_22_80.pdb	17.809	49.823	0	19.975
swarm_5_172.pdb	17.808	44.430	0	19.738
swarm_12_14.pdb	21.922	56.576	0	19.731
swarm_26_113.pdb	15.511	46.980	0.114286	19.679
swarm_31_35.pdb	20.929	49.357	0	19.672
swarm_42_25.pdb	19.965	50.966	0	19.606
swarm_24_23.pdb	17.174	42.978	0	19.604
swarm_0_173.pdb	14.430	62.935	0	19.565
swarm_25_88.pdb	12.915	51.629	0.0285714	19.505
swarm_30_84.pdb	17.636	37.194	0	19.363
swarm_30_71.pdb	9.239	32.711	0	19.332
swarm_38_194.pdb	10.074	32.922	0	19.322
swarm_44_80.pdb	20.954	50.776	0	19.291
swarm_9_23.pdb	18.296	53.216	0	19.262
swarm_47_63.pdb	20.072	54.261	0	19.240
swarm_17_43.pdb	19.568	48.237	0	19.224
swarm_30_137.pdb	8.017	37.736	0	19.212
swarm_25_117.pdb	18.150	52.882	0	19.174
swarm_27_180.pdb	9.054	35.728	0	19.076
swarm_45_83.pdb	14.196	50.428	0	18.948
swarm_23_22.pdb	11.503	52.373	0	18.866
swarm_32_67.pdb	20.145	46.586	0	18.852
swarm_44_5.pdb	22.035	51.437	0	18.817
swarm_47_3.pdb	19.945	50.746	0	18.809
swarm_42_20.pdb	13.858	50.797	0	18.721
swarm_32_97.pdb	13.780	47.021	0.142857	18.703
swarm_45_145.pdb	20.814	51.907	0	18.679
swarm_42_59.pdb	21.106	52.526	0	18.644
swarm_49_142.pdb	14.403	55.657	0.0285714	18.603
swarm_34_89.pdb	22.048	54.824	0	18.590
swarm_1_130.pdb	13.383	59.018	0	18.586
swarm_1_55.pdb	20.810	54.296	0	18.508
swarm_26_8.pdb	20.870	43.680	0	18.493
swarm_48_55.pdb	15.634	56.872	0.0571429	18.448
swarm_22_63.pdb	17.706	47.206	0	18.444
swarm_11_54.pdb	9.832	44.974	0	18.352
swarm_42_41.pdb	20.928	49.384	0	18.349
swarm_25_56.pdb	13.426	53.968	0.0285714	18.322
swarm_9_88.pdb	17.606	51.289	0	18.309
swarm_23_154.pdb	25.669	59.699	0	18.288
swarm_12_56.pdb	16.857	53.358	0	18.280
swarm_40_187.pdb	10.644	36.749	0.0285714	18.260
swarm_22_119.pdb	11.781	48.854	0	18.243
swarm_36_157.pdb	19.970	36.825	0	18.161
swarm_49_195.pdb	19.336	52.040	0	18.027
swarm_34_149.pdb	19.272	56.184	0	18.001
swarm_27_181.pdb	19.207	46.614	0	17.991
swarm_11_7.pdb	19.995	49.009	0	17.980
swarm_10_122.pdb	17.566	34.810	0	17.939
swarm_46_191.pdb	20.094	45.637	0	17.916
swarm_24_87.pdb	19.689	49.197	0	17.916
swarm_51_34.pdb	19.891	45.080	0	17.910
swarm_15_160.pdb	5.816	31.542	0.142857	17.906
swarm_26_32.pdb	14.117	45.598	0	17.874
swarm_44_67.pdb	16.530	44.485	0	17.865
swarm_11_124.pdb	10.865	44.559	0	17.851
swarm_17_123.pdb	18.729	43.271	0	17.849
swarm_11_48.pdb	16.638	39.965	0	17.841
swarm_17_154.pdb	9.880	46.694	0	17.815
swarm_49_33.pdb	20.422	55.935	0	17.682
swarm_51_19.pdb	16.397	44.661	0	17.670
swarm_37_49.pdb	10.552	43.813	0	17.649
swarm_0_34.pdb	15.963	52.495	0	17.632
swarm_37_47.pdb	9.124	43.991	0	17.591
swarm_23_135.pdb	15.224	59.395	0	17.591
swarm_14_47.pdb	21.706	52.150	0	17.568
swarm_46_5.pdb	18.828	45.526	0	17.555
swarm_47_64.pdb	26.088	61.131	0	17.509
swarm_30_25.pdb	5.791	32.157	0.142857	17.396
swarm_23_79.pdb	18.378	60.132	0	17.364
swarm_42_52.pdb	19.652	44.111	0	17.352
swarm_34_147.pdb	15.428	57.657	0	17.329
swarm_42_69.pdb	12.721	53.292	0.0285714	17.322
swarm_31_146.pdb	15.263	55.092	0	17.317
swarm_17_197.pdb	10.275	41.448	0	17.312
swarm_9_50.pdb	15.985	42.227	0	17.261
swarm_46_47.pdb	17.738	44.650	0	17.260
swarm_38_148.pdb	14.522	48.768	0.0285714	17.257
swarm_0_31.pdb	21.308	51.743	0	17.249
swarm_42_33.pdb	14.526	46.390	0	17.248
swarm_27_198.pdb	21.523	43.778	0	17.174
swarm_20_165.pdb	21.389	57.887	0	17.155
swarm_48_161.pdb	24.414	60.636	0	17.150
swarm_0_124.pdb	18.635	52.672	0	17.129
swarm_50_119.pdb	23.614	60.476	0	17.089
swarm_9_58.pdb	12.326	45.154	0	17.038
swarm_0_93.pdb	11.300	50.769	0	16.912
swarm_47_149.pdb	22.406	51.900	0	16.903
swarm_47_20.pdb	20.592	56.019	0	16.898
swarm_18_103.pdb	9.854	40.480	0	16.874
swarm_38_170.pdb	19.430	46.614	0	16.838
swarm_37_178.pdb	18.256	52.072	0	16.832
swarm_12_153.pdb	14.577	54.932	0	16.831
swarm_30_119.pdb	19.298	39.424	0	16.810
swarm_9_97.pdb	19.584	52.322	0	16.731
swarm_49_199.pdb	13.323	58.191	0	16.714
swarm_0_185.pdb	21.848	53.818	0	16.701
swarm_50_186.pdb	13.803	63.652	0.0571429	16.689
swarm_50_103.pdb	27.285	62.802	0	16.618
swarm_4_11.pdb	19.389	47.087	0	16.614
swarm_49_121.pdb	15.807	42.604	0	16.572
swarm_31_181.pdb	15.625	50.877	0	16.572
swarm_11_106.pdb	12.840	47.692	0	16.500
swarm_42_68.pdb	15.845	50.450	0	16.449
swarm_38_75.pdb	7.282	36.024	0.0285714	16.419
swarm_24_75.pdb	16.331	42.659	0	16.413
swarm_45_121.pdb	13.163	53.677	0	16.354
swarm_12_15.pdb	18.485	54.101	0	16.297
swarm_30_182.pdb	8.414	30.549	0	16.283
swarm_11_104.pdb	21.436	44.641	0	16.266
swarm_34_195.pdb	22.485	52.984	0	16.265
swarm_30_192.pdb	6.713	37.305	0.0571429	16.243
swarm_24_109.pdb	15.627	42.613	0	16.229
swarm_37_68.pdb	18.654	51.981	0	16.110
swarm_49_156.pdb	15.337	55.811	0	16.094
swarm_3_15.pdb	20.136	44.626	0	16.072
swarm_48_78.pdb	15.096	66.493	0.0285714	16.060
swarm_19_36.pdb	24.095	51.311	0	16.028
swarm_39_1.pdb	13.869	30.136	0	16.020
swarm_44_156.pdb	23.575	53.100	0	16.019
swarm_22_179.pdb	21.581	48.760	0	16.012
swarm_51_129.pdb	16.913	40.098	0	15.989
swarm_6_19.pdb	19.459	38.770	0	15.973
swarm_51_148.pdb	21.834	44.343	0	15.973
swarm_50_127.pdb	11.677	55.548	0	15.971
swarm_18_165.pdb	21.618	51.240	0	15.962
swarm_41_184.pdb	25.041	61.535	0	15.955
swarm_1_193.pdb	22.439	56.009	0	15.949
swarm_51_47.pdb	17.818	45.617	0	15.933
swarm_51_35.pdb	19.326	43.336	0	15.874
swarm_19_193.pdb	18.270	48.085	0	15.863
swarm_49_94.pdb	21.527	58.617	0	15.844
swarm_40_62.pdb	6.201	29.373	0.142857	15.819
swarm_44_51.pdb	22.401	53.237	0	15.801
swarm_14_96.pdb	14.839	52.000	0	15.790
swarm_46_163.pdb	10.419	49.989	0.114286	15.717
swarm_37_8.pdb	20.526	46.431	0	15.696
swarm_27_111.pdb	13.029	38.159	0.0285714	15.682
swarm_26_186.pdb	19.520	43.474	0	15.673
swarm_24_93.pdb	14.185	40.097	0	15.663
swarm_4_154.pdb	8.313	29.524	0	15.653
swarm_32_82.pdb	15.977	41.501	0	15.631
swarm_23_36.pdb	19.739	57.068	0	15.588
swarm_1_127.pdb	12.715	56.224	0	15.533
swarm_17_167.pdb	11.829	47.930	0.142857	15.526
swarm_44_46.pdb	11.903	54.354	0.114286	15.484
swarm_10_171.pdb	14.293	39.393	0	15.458
swarm_32_62.pdb	19.245	43.898	0	15.439
swarm_32_19.pdb	19.813	43.198	0	15.407
swarm_44_179.pdb	17.758	54.035	0	15.402
swarm_9_29.pdb	20.380	50.298	0	15.385
swarm_27_184.pdb	19.637	41.085	0	15.368
swarm_19_98.pdb	11.412	41.419	0	15.365
swarm_23_99.pdb	26.090	62.713	0	15.330
swarm_34_128.pdb	17.977	52.329	0	15.326
swarm_18_144.pdb	14.576	48.255	0.0285714	15.320
swarm_45_74.pdb	23.164	55.441	0	15.270
swarm_20_186.pdb	21.511	56.968	0	15.254
swarm_34_191.pdb	23.261	56.665	0	15.253
swarm_14_131.pdb	20.502	49.744	0	15.252
swarm_27_49.pdb	22.240	43.685	0	15.235
swarm_41_80.pdb	16.727	55.991	0	15.226
swarm_1_161.pdb	22.020	60.324	0	15.220
swarm_44_144.pdb	12.888	56.778	0	15.177
swarm_24_198.pdb	20.291	50.032	0	15.173
swarm_46_159.pdb	20.814	48.885	0	15.171
swarm_38_10.pdb	17.496	44.031	0	15.160
swarm_40_141.pdb	8.382	33.065	0.0571429	15.124
swarm_7_189.pdb	19.909	39.057	0	15.119
swarm_48_179.pdb	18.774	55.228	0	15.081
swarm_17_163.pdb	14.391	42.631	0	15.055
swarm_48_80.pdb	13.731	62.742	0.0285714	15.051
swarm_44_52.pdb	13.876	56.347	0.0285714	15.046
swarm_41_35.pdb	25.778	59.095	0	15.030
swarm_26_50.pdb	18.195	39.102	0	15.006
swarm_23_2.pdb	22.083	57.388	0	14.991
swarm_48_195.pdb	21.244	61.890	0	14.986
swarm_46_11.pdb	14.961	48.045	0.0857143	14.970
swarm_45_22.pdb	22.600	54.023	0	14.952
swarm_25_78.pdb	22.241	54.804	0	14.916
swarm_44_14.pdb	20.847	54.039	0	14.812
swarm_15_149.pdb	5.902	21.999	0.114286	14.798
swarm_45_111.pdb	19.746	53.203	0	14.742
swarm_25_31.pdb	21.278	49.775	0	14.708
swarm_1_120.pdb	23.982	57.809	0	14.558
swarm_19_102.pdb	25.341	53.867	0	14.553
swarm_34_112.pdb	21.072	56.474	0	14.547
swarm_37_114.pdb	24.207	55.961	0	14.507
swarm_22_144.pdb	22.110	53.750	0	14.457
swarm_6_52.pdb	10.750	38.681	0	14.443
swarm_50_64.pdb	12.008	57.334	0	14.435
swarm_38_56.pdb	21.767	48.127	0	14.399
swarm_6_13.pdb	19.291	40.261	0	14.291
swarm_46_111.pdb	22.153	46.227	0	14.271
swarm_25_165.pdb	18.809	48.366	0	14.252
swarm_44_139.pdb	20.302	54.049	0	14.237
swarm_1_51.pdb	22.659	60.217	0	14.177
swarm_9_51.pdb	18.848	52.810	0	14.147
swarm_1_50.pdb	12.898	59.046	0	14.066
swarm_51_24.pdb	12.353	39.689	0	14.020
swarm_5_96.pdb	22.336	41.768	0	13.987
swarm_27_164.pdb	18.747	43.194	0	13.982
swarm_0_25.pdb	22.067	53.920	0	13.943
swarm_9_165.pdb	23.721	51.909	0	13.926
swarm_31_131.pdb	22.789	53.687	0	13.920
swarm_37_199.pdb	23.785	53.336	0	13.899
swarm_22_61.pdb	14.898	59.631	0.0285714	13.878
swarm_10_187.pdb	18.088	41.163	0	13.828
swarm_24_151.pdb	14.526	47.258	0.0571429	13.824
swarm_17_165.pdb	10.981	38.719	0	13.817
swarm_44_91.pdb	23.374	56.747	0	13.784
swarm_6_163.pdb	19.618	46.132	0	13.725
swarm_34_28.pdb	18.619	49.461	0	13.715
swarm_25_27.pdb	18.280	46.556	0	13.696
swarm_42_77.pdb	18.134	49.031	0	13.663
swarm_24_21.pdb	19.736	48.966	0	13.649
swarm_37_164.pdb	18.768	53.224	0	13.623
swarm_31_137.pdb	13.044	60.958	0.0571429	13.616
swarm_3_155.pdb	22.031	49.688	0	13.608
swarm_0_46.pdb	25.533	57.951	0	13.592
swarm_31_182.pdb	25.405	55.041	0	13.584
swarm_42_89.pdb	17.579	51.354	0	13.542
swarm_17_119.pdb	19.551	46.302	0	13.493
swarm_51_7.pdb	23.094	44.730	0	13.452
swarm_50_109.pdb	24.600	60.253	0	13.409
swarm_14_63.pdb	18.035	49.434	0	13.395
swarm_0_107.pdb	22.450	61.076	0	13.391
swarm_20_16.pdb	25.695	59.587	0	13.386
swarm_8_57.pdb	14.254	29.440	0	13.357
swarm_11_6.pdb	20.450	48.908	0	13.356
swarm_0_126.pdb	25.200	56.810	0	13.332
swarm_32_87.pdb	18.071	42.352	0	13.242
swarm_17_69.pdb	11.591	41.957	0	13.231
swarm_34_1.pdb	16.564	52.615	0	13.167
swarm_25_133.pdb	22.791	48.822	0	13.134
swarm_37_72.pdb	14.433	49.576	0	13.102
swarm_12_31.pdb	22.202	53.051	0	13.056
swarm_25_120.pdb	25.173	53.795	0	13.007
swarm_0_138.pdb	19.629	53.958	0	12.985
swarm_0_123.pdb	17.371	53.882	0	12.963
swarm_14_33.pdb	23.810	50.831	0	12.890
swarm_6_16.pdb	20.938	46.259	0	12.700
swarm_11_175.pdb	19.185	46.543	0	12.664
swarm_32_53.pdb	9.810	43.792	0	12.648
swarm_38_21.pdb	21.005	47.793	0	12.635
swarm_11_108.pdb	19.783	44.878	0	12.584
swarm_23_33.pdb	18.463	47.788	0	12.458
swarm_48_107.pdb	16.826	57.918	0	12.418
swarm_27_166.pdb	17.141	35.425	0	12.364
swarm_37_22.pdb	24.565	54.172	0	12.339
swarm_31_125.pdb	22.444	51.160	0	12.333
swarm_17_143.pdb	15.111	44.127	0	12.252
swarm_24_175.pdb	20.605	49.634	0	12.220
swarm_6_82.pdb	16.587	41.978	0	12.210
swarm_14_108.pdb	21.115	49.824	0	12.135
swarm_41_126.pdb	14.320	67.487	0	12.134
swarm_14_122.pdb	22.236	51.676	0	12.096
swarm_22_166.pdb	20.337	46.733	0	12.087
swarm_18_108.pdb	21.600	46.705	0	12.065
swarm_9_46.pdb	23.886	48.621	0	12.062
swarm_47_12.pdb	23.626	56.321	0	12.055
swarm_9_82.pdb	18.558	47.992	0	12.013
swarm_31_163.pdb	24.596	57.088	0	11.956
swarm_52_19.pdb	13.218	31.873	0	11.923
swarm_34_123.pdb	18.331	54.364	0	11.857
swarm_9_164.pdb	21.513	55.456	0	11.742
swarm_23_163.pdb	26.230	63.940	0	11.718
swarm_46_29.pdb	15.238	47.763	0	11.716
swarm_47_168.pdb	21.990	56.012	0	11.389
swarm_3_173.pdb	24.487	45.367	0	11.385
swarm_26_129.pdb	23.837	49.702	0	11.331
swarm_24_153.pdb	21.820	45.886	0	11.273
swarm_33_68.pdb	6.930	27.203	0.0285714	11.199
swarm_47_87.pdb	25.429	54.544	0	11.189
swarm_12_159.pdb	22.614	58.078	0	11.079
swarm_11_131.pdb	16.616	48.944	0	11.079
swarm_19_146.pdb	19.340	50.939	0	10.993
swarm_10_74.pdb	21.927	40.885	0	10.979
swarm_14_148.pdb	22.470	47.856	0	10.973
swarm_14_100.pdb	16.573	54.314	0	10.948
swarm_48_142.pdb	22.939	58.039	0	10.946
swarm_37_20.pdb	24.753	54.321	0	10.937
swarm_12_53.pdb	19.446	52.673	0	10.897
swarm_26_141.pdb	19.976	45.306	0	10.868
swarm_44_125.pdb	18.133	47.484	0	10.819
swarm_32_132.pdb	23.145	48.675	0	10.784
swarm_5_18.pdb	15.816	41.328	0	10.687
swarm_12_141.pdb	13.531	58.511	0.0285714	10.658
swarm_4_164.pdb	23.923	51.934	0	10.636
swarm_6_165.pdb	25.015	47.085	0	10.591
swarm_26_0.pdb	21.671	52.973	0	10.359
swarm_31_177.pdb	25.743	54.655	0	10.334
swarm_17_127.pdb	21.351	50.275	0	10.166
swarm_19_122.pdb	16.693	43.149	0	9.801
swarm_48_93.pdb	21.991	52.868	0	9.751
swarm_47_100.pdb	16.773	50.432	0	9.745
swarm_0_187.pdb	14.460	54.986	0	9.241
swarm_32_121.pdb	20.681	48.836	0	8.822
swarm_14_197.pdb	17.269	53.548	0	8.759
swarm_11_110.pdb	19.260	45.874	0	8.427
swarm_20_86.pdb	23.866	54.174	0	7.797
swarm_30_135.pdb	22.146	43.641	0	7.656
swarm_45_10.pdb	14.658	52.032	0	7.141
swarm_42_21.pdb	18.950	47.916	0	5.488
swarm_9_80.pdb	15.288	55.101	0	5.210
swarm_14_191.pdb	24.497	50.826	0	4.927
swarm_26_17.pdb	17.735	43.887	0	3.162
swarm_32_124.pdb	16.490	49.840	0	3.150
