swarm_34_159.pdb	4.106	9.543	0.2	25.961
swarm_41_126.pdb	3.461	15.502	0.485714	24.461
swarm_50_96.pdb	3.998	13.990	0.171429	23.238
swarm_10_30.pdb	5.055	27.596	0.285714	22.892
swarm_25_50.pdb	12.050	44.944	0	22.792
swarm_47_118.pdb	9.310	38.220	0	22.003
swarm_51_108.pdb	4.098	16.607	0.114286	21.554
swarm_2_178.pdb	10.650	44.485	0.0285714	21.368
swarm_40_147.pdb	3.846	9.921	0.2	21.037
swarm_16_53.pdb	10.815	44.782	0.0285714	20.656
swarm_48_103.pdb	3.885	17.074	0.2	20.592
swarm_52_65.pdb	8.187	20.114	0	20.518
swarm_15_20.pdb	7.896	37.715	0	20.322
swarm_23_117.pdb	6.336	25.313	0	20.110
swarm_34_175.pdb	1.928	9.337	0.628571	19.513
swarm_12_37.pdb	8.904	35.371	0	19.361
swarm_37_159.pdb	11.982	23.412	0	19.358
swarm_41_69.pdb	1.626	8.188	0.542857	19.165
swarm_42_146.pdb	10.074	29.863	0.0285714	18.798
swarm_18_163.pdb	10.936	40.433	0	18.330
swarm_54_183.pdb	9.578	36.738	0	17.616
swarm_46_7.pdb	8.006	32.118	0	17.253
swarm_41_130.pdb	13.417	25.545	0	17.035
swarm_55_175.pdb	6.167	18.960	0.0285714	17.009
swarm_57_161.pdb	9.169	43.787	0.0571429	16.912
swarm_53_9.pdb	11.998	43.232	0	16.457
swarm_37_161.pdb	13.059	24.914	0	16.405
swarm_31_29.pdb	4.622	17.760	0.228571	16.320
swarm_3_192.pdb	12.356	43.641	0	16.292
swarm_27_71.pdb	10.800	40.100	0	16.117
swarm_27_187.pdb	12.989	39.797	0	16.017
swarm_56_122.pdb	8.072	30.653	0.171429	15.477
swarm_33_198.pdb	11.171	25.164	0	15.273
swarm_40_176.pdb	8.248	17.601	0	15.014
swarm_54_58.pdb	4.692	23.481	0.114286	14.927
swarm_50_178.pdb	8.803	21.358	0	14.905
swarm_23_160.pdb	6.439	23.344	0.142857	14.866
swarm_6_14.pdb	6.158	31.755	0.142857	14.859
swarm_3_55.pdb	6.553	25.234	0.0285714	14.440
swarm_25_147.pdb	8.353	39.391	0.0285714	14.407
swarm_31_144.pdb	12.775	37.823	0	14.384
swarm_28_142.pdb	6.868	28.798	0.0285714	14.376
swarm_34_21.pdb	10.032	19.015	0	14.017
swarm_12_143.pdb	12.761	44.543	0	13.614
swarm_36_145.pdb	2.956	11.947	0.485714	13.022
swarm_48_16.pdb	7.062	22.070	0.0285714	12.952
swarm_47_156.pdb	9.257	30.718	0	12.876
swarm_55_99.pdb	10.412	19.106	0	12.490
swarm_16_67.pdb	8.334	37.668	0.142857	12.478
swarm_42_196.pdb	10.848	37.852	0	12.168
swarm_38_121.pdb	6.347	21.811	0.0571429	12.136
swarm_53_91.pdb	9.434	42.422	0.0571429	12.005
swarm_37_25.pdb	6.322	17.286	0.142857	11.537
swarm_50_175.pdb	8.478	23.960	0	11.502
swarm_36_48.pdb	7.151	20.996	0.0285714	11.398
swarm_16_95.pdb	9.115	38.347	0	11.235
swarm_35_18.pdb	6.404	23.428	0.0571429	10.888
swarm_31_68.pdb	16.311	35.644	0	10.749
swarm_50_171.pdb	9.873	22.263	0	10.651
swarm_3_21.pdb	5.917	30.885	0.114286	10.541
swarm_1_137.pdb	8.364	31.523	0	10.417
swarm_46_166.pdb	7.496	29.513	0.0857143	10.358
swarm_25_54.pdb	6.853	30.583	0.0857143	10.346
swarm_51_46.pdb	9.956	22.008	0	10.117
swarm_3_26.pdb	15.228	45.162	0	9.767
swarm_31_54.pdb	8.910	29.824	0	9.204
swarm_56_10.pdb	11.090	40.801	0	8.402
swarm_11_157.pdb	9.969	24.099	0	7.857
swarm_55_174.pdb	10.573	18.845	0	7.382
swarm_31_21.pdb	5.928	22.426	0.257143	7.121
swarm_52_178.pdb	10.534	17.556	0	6.226
swarm_48_24.pdb	16.544	33.263	0	5.917
swarm_36_108.pdb	7.108	22.981	0	5.910
swarm_52_134.pdb	11.006	24.158	0	5.109
swarm_37_84.pdb	12.210	30.405	0	5.063
swarm_30_103.pdb	10.111	33.152	0	3.109
swarm_49_6.pdb	15.425	24.977	0	2.666
swarm_51_43.pdb	9.446	23.915	0	2.284
swarm_38_8.pdb	15.291	24.968	0	2.124
swarm_30_140.pdb	15.429	30.600	0	1.526
swarm_47_36.pdb	13.263	42.435	0	1.340
swarm_48_177.pdb	6.629	16.130	0	0.012
