swarm_48_128.pdb	3.545	11.045	0.285714	39.152
swarm_38_84.pdb	2.786	6.376	0.285714	38.875
swarm_8_69.pdb	2.858	8.011	0.75	37.704
swarm_11_74.pdb	5.047	18.104	0.107143	36.145
swarm_24_13.pdb	5.442	17.569	0.107143	35.997
swarm_37_150.pdb	2.620	10.697	0.607143	35.713
swarm_55_175.pdb	3.007	7.210	0.214286	35.700
swarm_13_42.pdb	4.341	9.873	0.25	35.686
swarm_44_186.pdb	2.724	9.810	0.607143	33.695
swarm_22_131.pdb	1.389	3.399	0.928571	33.368
swarm_19_76.pdb	1.130	2.760	0.928571	32.999
swarm_13_157.pdb	6.893	18.760	0.142857	32.182
swarm_52_76.pdb	6.974	18.227	0	32.008
swarm_19_72.pdb	4.149	9.494	0.285714	31.547
swarm_22_27.pdb	5.289	13.063	0.0714286	31.410
swarm_53_28.pdb	6.900	18.023	0	30.532
swarm_44_45.pdb	5.849	12.482	0.0357143	30.464
swarm_20_43.pdb	1.898	8.256	0.785714	30.387
swarm_46_177.pdb	1.464	4.499	0.857143	30.012
swarm_47_105.pdb	6.926	24.500	0	29.715
swarm_52_38.pdb	3.144	14.281	0.357143	29.150
swarm_48_70.pdb	7.566	17.694	0	29.029
swarm_8_96.pdb	4.106	10.691	0.142857	28.891
swarm_42_186.pdb	5.669	21.121	0.107143	28.782
swarm_43_129.pdb	7.890	30.959	0.0357143	27.184
swarm_0_91.pdb	6.405	20.783	0.107143	27.093
swarm_52_158.pdb	7.251	29.168	0	26.942
swarm_40_158.pdb	4.125	9.634	0.107143	26.077
swarm_20_128.pdb	5.796	20.132	0.107143	25.852
swarm_44_80.pdb	6.667	21.832	0.0714286	25.821
swarm_6_66.pdb	10.425	32.886	0	25.662
swarm_57_175.pdb	6.670	23.513	0	25.420
swarm_18_70.pdb	4.871	10.647	0.0357143	25.330
swarm_17_34.pdb	5.217	10.262	0	25.068
swarm_1_151.pdb	6.245	25.677	0.0714286	24.395
swarm_15_114.pdb	5.237	18.963	0.107143	24.310
swarm_41_51.pdb	7.047	23.838	0.0714286	24.171
swarm_16_125.pdb	6.449	24.362	0.142857	23.991
swarm_29_117.pdb	9.472	33.182	0	23.968
swarm_20_138.pdb	7.146	30.494	0	23.860
swarm_49_69.pdb	6.030	18.393	0.0357143	23.669
swarm_6_84.pdb	5.810	26.438	0.0714286	22.790
swarm_32_99.pdb	11.942	37.404	0	22.401
swarm_9_135.pdb	5.736	15.479	0.0357143	22.210
swarm_16_63.pdb	8.873	29.266	0	22.173
swarm_10_90.pdb	7.315	29.135	0	22.141
swarm_53_13.pdb	6.990	22.476	0	22.086
swarm_27_195.pdb	8.253	25.484	0	21.785
swarm_21_178.pdb	6.751	27.108	0	21.639
swarm_5_38.pdb	5.764	24.761	0.0714286	21.606
swarm_1_173.pdb	5.950	19.342	0	21.558
swarm_15_116.pdb	8.714	28.700	0	21.429
swarm_53_92.pdb	3.542	15.759	0.285714	21.347
swarm_23_188.pdb	6.977	24.921	0	21.328
swarm_27_115.pdb	9.671	30.384	0	21.299
swarm_24_46.pdb	7.821	24.619	0	21.241
swarm_24_58.pdb	5.485	24.409	0.0357143	21.220
swarm_46_42.pdb	5.334	16.253	0.214286	21.068
swarm_11_81.pdb	9.041	27.491	0.0357143	20.626
swarm_0_17.pdb	5.326	24.979	0.142857	20.317
swarm_28_60.pdb	9.562	30.215	0	20.114
swarm_39_2.pdb	6.166	17.996	0.107143	19.997
swarm_38_106.pdb	3.231	10.022	0.5	19.728
swarm_53_164.pdb	7.107	22.643	0.0714286	19.546
swarm_27_184.pdb	6.091	26.589	0	19.433
swarm_51_157.pdb	9.907	36.547	0	19.363
swarm_7_184.pdb	6.349	25.132	0	19.246
swarm_39_122.pdb	3.816	17.468	0.357143	19.050
swarm_1_86.pdb	4.323	20.462	0.214286	19.014
swarm_32_159.pdb	9.395	30.283	0	18.982
swarm_54_106.pdb	6.277	28.944	0.0714286	18.535
swarm_47_159.pdb	7.956	31.638	0	18.485
swarm_39_86.pdb	4.992	20.745	0.0714286	18.414
swarm_38_102.pdb	5.948	11.077	0	18.361
swarm_14_71.pdb	9.561	30.602	0	18.215
swarm_56_29.pdb	7.156	32.116	0	18.118
swarm_57_42.pdb	8.719	28.585	0	17.878
swarm_7_109.pdb	6.813	31.274	0.0357143	17.862
swarm_14_193.pdb	5.311	24.412	0.107143	17.536
swarm_25_25.pdb	7.172	31.977	0	17.378
swarm_42_10.pdb	11.042	30.315	0	17.361
swarm_30_3.pdb	7.259	32.091	0	16.970
swarm_16_6.pdb	7.446	29.298	0	16.920
swarm_11_63.pdb	5.752	18.799	0.0357143	16.835
swarm_4_97.pdb	9.426	34.785	0	16.705
swarm_22_186.pdb	5.803	13.347	0	16.616
swarm_56_8.pdb	11.416	35.989	0	16.561
swarm_7_191.pdb	9.129	34.921	0	16.483
swarm_36_199.pdb	8.209	29.711	0	16.390
swarm_12_42.pdb	5.032	21.585	0.107143	16.343
swarm_12_20.pdb	8.747	27.404	0.0357143	16.155
swarm_25_183.pdb	11.974	37.797	0	16.016
swarm_21_106.pdb	6.844	30.921	0	15.996
swarm_4_96.pdb	6.223	29.128	0.0714286	15.614
swarm_20_140.pdb	6.674	26.855	0	15.313
swarm_6_159.pdb	8.111	30.077	0	15.139
swarm_41_114.pdb	7.391	25.752	0	14.994
swarm_26_45.pdb	9.260	31.948	0	14.969
swarm_36_8.pdb	8.069	32.051	0	14.754
swarm_14_179.pdb	5.575	20.121	0.107143	14.606
swarm_40_56.pdb	4.811	15.015	0.25	13.942
swarm_56_42.pdb	9.673	33.210	0	13.291
swarm_36_67.pdb	9.540	31.681	0	12.351
swarm_0_12.pdb	9.049	28.690	0	10.773
swarm_31_151.pdb	10.568	34.250	0	9.060
swarm_26_128.pdb	9.478	31.976	0	7.828
