run0-swarm_36_56.pdb	1.834	4.803	0.928571	46.861
run1-swarm_56_176.pdb	1.676	4.504	0.928571	46.711
run1-swarm_20_142.pdb	1.240	2.905	0.964286	45.953
run0-swarm_41_195.pdb	1.736	4.740	0.821429	44.647
run1-swarm_37_163.pdb	0.938	2.285	1	44.259
run0-swarm_34_124.pdb	1.508	3.784	0.892857	43.809
run0-swarm_21_36.pdb	1.390	3.331	0.857143	42.738
run1-swarm_41_95.pdb	2.917	9.857	0.357143	42.284
run1-swarm_19_14.pdb	1.029	4.326	0.928571	41.217
run0-swarm_56_103.pdb	1.396	3.855	0.964286	40.546
run1-swarm_46_150.pdb	1.247	5.010	1	40.539
run0-swarm_26_121.pdb	1.490	4.351	0.928571	39.268
run0-swarm_44_156.pdb	2.199	7.645	0.75	39.080
run0-swarm_19_28.pdb	1.340	4.205	0.928571	38.742
run0-swarm_58_3.pdb	1.501	4.127	0.821429	38.576
run1-swarm_44_81.pdb	3.079	10.613	0.535714	38.414
run1-swarm_45_23.pdb	1.386	6.490	0.821429	37.363
run0-swarm_24_136.pdb	3.467	12.513	0.428571	37.148
run1-swarm_42_30.pdb	1.567	4.591	0.892857	37.139
run0-swarm_13_147.pdb	6.571	22.939	0.107143	37.132
run1-swarm_36_180.pdb	2.588	8.838	0.392857	36.842
run0-swarm_43_106.pdb	5.588	20.632	0.107143	36.048
run0-swarm_44_9.pdb	5.814	18.965	0.107143	35.993
run0-swarm_54_99.pdb	5.204	18.414	0.0357143	35.903
run0-swarm_38_193.pdb	1.779	6.123	0.892857	35.864
run1-swarm_55_135.pdb	3.212	8.322	0.785714	35.616
run1-swarm_18_89.pdb	1.397	6.755	0.857143	35.538
run1-swarm_38_84.pdb	2.422	5.491	0.857143	35.385
run1-swarm_10_70.pdb	1.719	7.612	0.857143	34.712
run1-swarm_2_113.pdb	2.782	10.260	0.535714	33.518
run1-swarm_22_63.pdb	5.810	11.518	0	33.009
run0-swarm_53_97.pdb	6.343	24.180	0.107143	32.923
run0-swarm_4_20.pdb	3.814	14.569	0.25	32.726
run0-swarm_42_152.pdb	7.464	13.533	0	32.429
run1-swarm_38_193.pdb	5.762	10.662	0	32.027
run0-swarm_42_41.pdb	1.933	4.492	0.75	31.700
run1-swarm_45_80.pdb	4.707	10.160	0.178571	31.575
run0-swarm_60_159.pdb	9.657	37.458	0	31.434
run1-swarm_42_13.pdb	7.200	13.385	0.0357143	31.277
run1-swarm_57_67.pdb	4.179	15.570	0.392857	30.965
run1-swarm_41_26.pdb	6.674	19.627	0.142857	30.920
run0-swarm_15_14.pdb	1.806	6.444	0.857143	30.409
run0-swarm_32_74.pdb	2.901	10.803	0.464286	29.945
run1-swarm_44_83.pdb	5.924	14.498	0.0714286	29.649
run1-swarm_19_75.pdb	7.797	13.582	0	29.537
run0-swarm_47_191.pdb	1.271	4.532	1	29.535
run1-swarm_36_81.pdb	5.870	11.814	0.0357143	29.309
run1-swarm_35_38.pdb	3.188	10.035	0.392857	29.223
run0-swarm_28_91.pdb	4.115	16.734	0.142857	28.950
run0-swarm_8_142.pdb	2.218	8.465	0.785714	28.685
run0-swarm_46_141.pdb	2.667	11.126	0.535714	28.497
run0-swarm_30_1.pdb	7.831	32.668	0	28.347
run1-swarm_24_2.pdb	6.208	25.261	0.0357143	28.103
run0-swarm_23_42.pdb	7.484	15.499	0	28.083
run1-swarm_20_39.pdb	6.023	11.685	0	27.856
run0-swarm_3_103.pdb	2.523	10.791	0.642857	27.790
run0-swarm_36_152.pdb	6.339	12.069	0	27.387
run1-swarm_26_18.pdb	10.768	32.880	0	27.293
run1-swarm_3_37.pdb	6.643	26.627	0	27.287
run1-swarm_13_85.pdb	6.836	27.323	0	27.006
run0-swarm_42_196.pdb	6.727	22.134	0.0357143	27.003
run0-swarm_23_105.pdb	2.163	8.324	0.607143	26.908
run1-swarm_25_65.pdb	10.661	32.980	0	26.873
run0-swarm_31_128.pdb	8.565	35.809	0	26.751
run1-swarm_19_2.pdb	7.010	12.758	0.0357143	26.637
run1-swarm_11_8.pdb	5.583	23.366	0.107143	26.625
run0-swarm_7_103.pdb	3.823	15.464	0.357143	26.601
run1-swarm_6_44.pdb	10.575	32.649	0	26.571
run1-swarm_19_126.pdb	7.195	16.313	0	26.418
run1-swarm_51_160.pdb	7.514	28.677	0	26.376
run0-swarm_37_166.pdb	6.589	17.607	0.107143	26.355
run0-swarm_12_73.pdb	8.568	35.343	0	26.340
run1-swarm_53_108.pdb	7.066	28.260	0	26.181
run1-swarm_29_82.pdb	5.191	22.218	0.25	26.163
run0-swarm_3_84.pdb	4.626	19.338	0.0714286	26.151
run1-swarm_47_117.pdb	6.037	25.541	0.142857	26.143
run0-swarm_48_33.pdb	3.957	16.618	0.321429	25.759
run0-swarm_20_13.pdb	6.478	25.506	0	25.675
run1-swarm_54_15.pdb	7.632	30.033	0	25.642
run1-swarm_7_112.pdb	6.459	23.988	0.25	25.560
run0-swarm_17_145.pdb	4.767	20.078	0.285714	25.555
run0-swarm_8_76.pdb	7.456	12.610	0	25.547
run0-swarm_22_80.pdb	7.864	21.967	0	25.130
run1-swarm_22_90.pdb	5.843	15.561	0.0357143	25.010
run0-swarm_54_158.pdb	8.593	32.052	0	24.885
run1-swarm_39_19.pdb	2.744	11.713	0.535714	24.851
run0-swarm_51_166.pdb	8.029	33.673	0	24.833
run1-swarm_50_150.pdb	12.243	36.008	0	24.789
run1-swarm_32_89.pdb	13.697	41.044	0	24.650
run1-swarm_39_183.pdb	4.717	17.656	0.357143	24.557
run0-swarm_32_123.pdb	5.237	20.990	0.0714286	24.455
run0-swarm_22_25.pdb	4.733	19.309	0.0357143	24.403
run0-swarm_22_4.pdb	8.069	30.036	0	24.220
run1-swarm_31_27.pdb	11.552	37.495	0	24.207
run0-swarm_53_101.pdb	4.929	19.130	0.0357143	24.086
run1-swarm_42_49.pdb	4.382	17.906	0.392857	24.082
run0-swarm_0_90.pdb	6.337	24.580	0	24.063
run0-swarm_55_17.pdb	7.712	32.824	0	23.919
run0-swarm_49_37.pdb	7.416	31.496	0	23.880
run0-swarm_49_198.pdb	12.216	36.619	0	23.877
run1-swarm_47_55.pdb	7.297	27.024	0	23.835
run1-swarm_26_75.pdb	11.459	34.185	0	23.680
run1-swarm_17_129.pdb	5.097	22.456	0.142857	23.627
run0-swarm_39_118.pdb	7.079	25.021	0	23.563
run0-swarm_41_152.pdb	6.383	16.616	0.0357143	23.493
run1-swarm_17_62.pdb	4.058	17.098	0.392857	23.357
run1-swarm_36_16.pdb	6.433	12.417	0.0357143	23.271
run1-swarm_7_4.pdb	6.737	24.087	0	23.205
run0-swarm_7_73.pdb	6.886	27.578	0	23.201
run0-swarm_18_60.pdb	5.410	25.634	0.178571	23.152
run1-swarm_37_172.pdb	5.447	10.152	0	23.111
run1-swarm_7_148.pdb	7.263	29.481	0	23.094
run1-swarm_5_164.pdb	6.703	25.867	0.178571	23.049
run1-swarm_8_38.pdb	11.761	36.606	0	22.930
run1-swarm_21_127.pdb	7.179	25.714	0	22.544
run0-swarm_29_74.pdb	3.912	16.070	0.321429	22.509
run1-swarm_18_41.pdb	5.212	18.832	0.214286	22.424
run0-swarm_13_75.pdb	5.526	22.315	0	22.400
run0-swarm_54_121.pdb	7.436	26.621	0	22.376
run1-swarm_27_27.pdb	7.011	25.082	0	22.375
run1-swarm_11_164.pdb	6.561	22.893	0	22.356
run0-swarm_20_161.pdb	6.088	16.783	0.0357143	22.322
run0-swarm_59_125.pdb	5.255	21.940	0.107143	22.311
run0-swarm_38_126.pdb	6.028	16.210	0.0357143	22.277
run0-swarm_41_0.pdb	8.066	13.660	0	22.212
run1-swarm_57_167.pdb	3.899	10.038	0.142857	22.034
run0-swarm_35_68.pdb	8.059	34.440	0	21.995
run0-swarm_10_27.pdb	7.206	28.342	0.0357143	21.958
run1-swarm_12_7.pdb	5.569	22.039	0.107143	21.906
run1-swarm_15_113.pdb	5.180	22.465	0.214286	21.887
run1-swarm_0_79.pdb	4.680	18.780	0.428571	21.877
run1-swarm_48_91.pdb	6.776	22.423	0	21.833
run1-swarm_4_66.pdb	10.870	32.981	0	21.829
run1-swarm_33_174.pdb	11.593	38.183	0	21.779
run0-swarm_9_9.pdb	4.414	18.721	0.214286	21.776
run1-swarm_46_192.pdb	4.339	14.895	0.142857	21.615
run0-swarm_8_3.pdb	5.049	12.430	0.25	21.576
run0-swarm_59_71.pdb	6.724	25.606	0	21.266
run0-swarm_46_65.pdb	4.837	20.229	0.214286	21.143
run1-swarm_29_36.pdb	8.531	28.203	0	20.972
run1-swarm_49_25.pdb	6.973	29.265	0	20.907
run0-swarm_27_189.pdb	6.146	25.800	0	20.747
run0-swarm_0_81.pdb	4.100	17.299	0.107143	20.679
run0-swarm_15_39.pdb	6.918	17.619	0.0357143	20.614
run0-swarm_27_161.pdb	6.167	29.128	0.0357143	20.590
run0-swarm_58_162.pdb	4.307	17.392	0.285714	20.547
run1-swarm_34_12.pdb	10.087	31.757	0	20.536
run1-swarm_10_49.pdb	4.740	17.719	0.142857	20.455
run1-swarm_10_56.pdb	5.572	13.267	0.0714286	20.370
run1-swarm_49_122.pdb	6.958	25.713	0	20.362
run0-swarm_9_94.pdb	8.139	33.727	0	20.314
run0-swarm_17_3.pdb	6.357	29.693	0.0357143	20.121
run0-swarm_40_32.pdb	6.105	28.574	0.0714286	19.932
run0-swarm_20_45.pdb	7.549	31.665	0	19.910
run1-swarm_21_136.pdb	6.510	26.245	0	19.723
run0-swarm_32_120.pdb	6.599	21.885	0.0357143	19.709
run1-swarm_57_171.pdb	7.648	12.008	0	19.697
run0-swarm_37_99.pdb	3.988	17.794	0.142857	19.686
run0-swarm_1_127.pdb	5.438	25.226	0.142857	19.684
run0-swarm_4_121.pdb	7.016	28.747	0	19.678
run0-swarm_40_66.pdb	5.946	24.758	0	19.649
run0-swarm_21_31.pdb	6.460	17.119	0.0357143	19.621
run0-swarm_3_18.pdb	5.465	15.237	0.0357143	19.610
run0-swarm_10_30.pdb	11.882	33.582	0	19.591
run0-swarm_19_63.pdb	3.380	7.799	0.214286	19.455
run0-swarm_23_79.pdb	4.734	20.878	0.0357143	19.174
run0-swarm_40_16.pdb	8.100	33.256	0	19.062
run1-swarm_16_128.pdb	6.369	27.213	0.142857	19.039
run1-swarm_24_185.pdb	9.001	31.775	0	19.025
run1-swarm_27_151.pdb	10.980	34.993	0	18.807
run0-swarm_10_137.pdb	6.310	26.869	0	18.780
run0-swarm_51_177.pdb	7.706	31.502	0.0357143	18.743
run1-swarm_7_9.pdb	5.303	23.309	0.25	18.725
run0-swarm_31_114.pdb	9.413	35.366	0	18.630
run0-swarm_43_138.pdb	2.860	11.411	0.25	18.605
run1-swarm_55_194.pdb	7.290	12.112	0	18.507
run1-swarm_23_128.pdb	6.606	25.755	0	18.334
run0-swarm_14_50.pdb	6.501	27.089	0	18.312
run0-swarm_33_94.pdb	7.481	31.322	0.0357143	18.263
run0-swarm_6_89.pdb	4.944	23.612	0.214286	18.121
run1-swarm_18_137.pdb	4.854	18.505	0.107143	17.920
run1-swarm_11_185.pdb	7.011	26.224	0	17.904
run1-swarm_58_7.pdb	5.403	21.930	0.0357143	17.819
run1-swarm_53_188.pdb	10.488	33.973	0	17.761
run1-swarm_2_33.pdb	6.124	11.988	0	17.750
run0-swarm_17_67.pdb	7.553	30.066	0.0357143	17.749
run1-swarm_27_29.pdb	9.600	29.897	0	17.741
run0-swarm_10_189.pdb	10.693	36.936	0	17.735
run0-swarm_49_126.pdb	7.519	29.753	0.0357143	17.727
run1-swarm_3_47.pdb	9.847	31.304	0	17.466
run0-swarm_42_49.pdb	4.837	16.810	0	17.217
run1-swarm_57_112.pdb	6.099	24.283	0.107143	17.135
run1-swarm_43_54.pdb	5.752	24.628	0.0357143	17.114
run0-swarm_5_113.pdb	6.562	27.320	0.107143	17.106
run1-swarm_49_161.pdb	8.953	34.253	0	17.054
run1-swarm_34_151.pdb	6.621	25.666	0	17.036
run1-swarm_56_90.pdb	7.851	14.172	0	17.034
run0-swarm_51_5.pdb	6.227	25.955	0.142857	16.946
run1-swarm_1_151.pdb	6.048	26.322	0.178571	16.876
run0-swarm_31_105.pdb	7.481	29.123	0.0357143	16.854
run1-swarm_12_178.pdb	6.515	26.823	0	16.784
run1-swarm_59_30.pdb	5.586	18.496	0.178571	16.663
run1-swarm_28_189.pdb	6.791	26.480	0.0714286	16.577
run1-swarm_10_74.pdb	6.493	17.027	0.107143	16.387
run0-swarm_16_164.pdb	5.595	25.701	0.0714286	16.376
run1-swarm_52_146.pdb	10.053	31.271	0	16.269
run0-swarm_2_0.pdb	6.016	28.055	0.0714286	16.268
run1-swarm_23_131.pdb	5.840	22.785	0.107143	16.254
run0-swarm_7_48.pdb	9.063	31.240	0	16.254
run1-swarm_39_94.pdb	6.511	18.760	0	16.227
run0-swarm_38_68.pdb	3.641	12.558	0.285714	16.196
run0-swarm_7_126.pdb	7.374	20.650	0	16.176
run1-swarm_57_124.pdb	6.790	17.496	0	16.116
run1-swarm_51_27.pdb	10.433	35.139	0	16.048
run1-swarm_0_138.pdb	9.256	29.999	0	15.909
run1-swarm_10_82.pdb	6.844	14.239	0	15.812
run1-swarm_3_132.pdb	8.104	27.945	0	15.753
run1-swarm_10_41.pdb	7.201	14.818	0	15.609
run0-swarm_39_90.pdb	5.957	25.939	0.0714286	15.497
run0-swarm_57_84.pdb	4.367	20.295	0.214286	15.327
run0-swarm_9_122.pdb	7.180	28.074	0	15.147
run1-swarm_37_64.pdb	7.436	12.125	0	15.073
run1-swarm_4_175.pdb	9.699	31.916	0	14.915
run0-swarm_37_108.pdb	4.113	18.228	0.285714	14.907
run1-swarm_54_144.pdb	10.019	34.068	0	14.791
run1-swarm_17_185.pdb	5.908	16.530	0.0714286	14.748
run1-swarm_42_130.pdb	7.458	17.151	0.0357143	14.710
run1-swarm_1_94.pdb	6.144	22.818	0.0714286	14.660
run1-swarm_59_195.pdb	7.044	25.015	0	14.603
run0-swarm_48_69.pdb	7.004	22.496	0	14.565
run1-swarm_21_69.pdb	7.598	31.938	0.0357143	14.338
run0-swarm_29_188.pdb	6.246	26.158	0.0714286	14.254
run0-swarm_30_65.pdb	7.180	24.554	0	14.127
run0-swarm_29_126.pdb	6.907	27.453	0	14.122
run1-swarm_0_55.pdb	5.763	24.764	0.0357143	13.947
run0-swarm_0_15.pdb	6.145	23.207	0.178571	13.772
run1-swarm_42_37.pdb	6.108	15.476	0	13.220
run1-swarm_2_56.pdb	5.889	19.920	0.107143	13.005
run1-swarm_48_69.pdb	10.409	33.858	0	12.803
run1-swarm_2_109.pdb	7.975	20.247	0	12.694
run0-swarm_33_139.pdb	7.982	33.767	0.0357143	12.554
run1-swarm_35_188.pdb	7.070	14.446	0	12.330
run1-swarm_46_56.pdb	7.183	12.363	0	12.043
run0-swarm_15_164.pdb	5.225	20.061	0.0357143	11.891
run1-swarm_10_126.pdb	7.717	19.499	0	11.407
run0-swarm_0_60.pdb	6.941	27.878	0	11.026
run1-swarm_34_138.pdb	7.323	26.699	0.0357143	10.885
run1-swarm_23_89.pdb	8.074	27.243	0.0357143	10.400
run0-swarm_3_46.pdb	8.013	22.759	0	10.077
run1-swarm_11_30.pdb	5.818	20.277	0.178571	8.820
run0-swarm_58_145.pdb	6.124	19.427	0.0357143	6.793
