swarm_15_176.pdb	11.694	42.793	0	33.427
swarm_16_190.pdb	1.967	6.067	0.785714	32.457
swarm_37_194.pdb	2.356	5.690	0.571429	31.664
swarm_20_51.pdb	1.476	3.298	1	31.552
swarm_6_193.pdb	9.737	38.583	0	31.525
swarm_5_58.pdb	3.275	10.564	0.535714	31.278
swarm_33_55.pdb	12.727	36.959	0	30.011
swarm_16_183.pdb	2.289	5.736	0.642857	29.539
swarm_14_137.pdb	5.242	12.783	0.0357143	29.485
swarm_9_24.pdb	11.347	40.943	0	29.463
swarm_42_20.pdb	13.212	36.124	0	29.461
swarm_10_127.pdb	2.220	7.061	0.571429	29.452
swarm_1_24.pdb	13.117	36.824	0	29.346
swarm_10_167.pdb	6.150	13.057	0.0714286	29.148
swarm_51_186.pdb	11.076	35.754	0	29.064
swarm_43_75.pdb	10.680	34.423	0	28.920
swarm_24_181.pdb	10.129	36.773	0	28.904
swarm_21_149.pdb	5.205	12.347	0.178571	28.834
swarm_37_179.pdb	5.199	12.745	0.142857	28.805
swarm_1_133.pdb	13.132	36.737	0	28.504
swarm_34_109.pdb	7.999	22.191	0.178571	28.453
swarm_45_89.pdb	13.342	37.964	0	28.447
swarm_29_86.pdb	12.226	39.985	0	28.258
swarm_20_85.pdb	14.019	29.871	0	28.042
swarm_9_142.pdb	11.355	24.378	0	27.914
swarm_25_29.pdb	13.450	38.245	0	27.693
swarm_33_133.pdb	9.027	39.049	0	27.624
swarm_44_150.pdb	10.510	38.133	0.0357143	27.598
swarm_23_81.pdb	5.807	12.778	0.0357143	27.572
swarm_17_35.pdb	10.776	43.473	0	27.479
swarm_45_149.pdb	12.148	33.425	0	27.473
swarm_27_96.pdb	9.061	37.704	0.0357143	27.472
swarm_49_135.pdb	9.878	41.143	0	27.333
swarm_33_143.pdb	10.678	41.904	0	27.156
swarm_10_43.pdb	9.527	25.842	0.107143	27.111
swarm_19_161.pdb	3.029	11.219	0.285714	27.046
swarm_28_23.pdb	8.720	37.380	0	27.023
swarm_33_31.pdb	11.821	20.345	0	27.018
swarm_43_168.pdb	6.260	19.627	0.142857	26.930
swarm_28_90.pdb	9.172	38.171	0	26.899
swarm_6_4.pdb	11.196	45.169	0	26.821
swarm_43_126.pdb	9.495	23.243	0	26.788
swarm_17_130.pdb	7.226	20.598	0.142857	26.688
swarm_11_31.pdb	10.689	20.498	0	26.671
swarm_26_76.pdb	11.137	37.015	0	26.661
swarm_11_29.pdb	7.668	15.411	0.0357143	26.639
swarm_36_131.pdb	5.048	16.968	0.214286	26.637
swarm_20_95.pdb	6.734	14.012	0	26.561
swarm_38_160.pdb	12.632	35.989	0	26.533
swarm_53_123.pdb	9.308	18.614	0.142857	26.525
swarm_57_194.pdb	9.511	37.801	0.0714286	26.481
swarm_35_109.pdb	5.306	17.076	0.178571	26.436
swarm_25_82.pdb	11.762	36.036	0	26.425
swarm_2_196.pdb	10.828	19.800	0	26.235
swarm_0_128.pdb	12.425	42.667	0	26.231
swarm_16_144.pdb	10.363	19.262	0	26.210
swarm_37_115.pdb	8.425	33.121	0.25	26.206
swarm_3_58.pdb	10.740	21.880	0	26.205
swarm_33_8.pdb	10.069	30.894	0.0357143	26.178
swarm_36_32.pdb	11.593	38.012	0	26.164
swarm_42_1.pdb	3.938	11.761	0.285714	26.036
swarm_26_9.pdb	12.412	34.507	0	26.030
swarm_44_81.pdb	11.895	32.004	0	25.987
swarm_31_124.pdb	13.620	40.410	0	25.913
swarm_46_18.pdb	8.701	22.197	0.142857	25.665
swarm_18_156.pdb	12.204	21.901	0	25.657
swarm_21_50.pdb	12.143	21.432	0	25.582
swarm_30_86.pdb	10.812	20.073	0.0714286	25.547
swarm_0_133.pdb	13.035	42.677	0	25.528
swarm_45_41.pdb	8.954	37.621	0	25.509
swarm_31_162.pdb	9.462	19.874	0.0714286	25.503
swarm_36_193.pdb	5.139	13.842	0.392857	25.484
swarm_17_77.pdb	11.033	29.943	0	25.471
swarm_51_94.pdb	12.434	42.683	0	25.460
swarm_4_26.pdb	15.355	41.371	0	25.282
swarm_26_10.pdb	9.905	39.049	0	25.203
swarm_5_30.pdb	11.499	19.085	0	25.193
swarm_44_45.pdb	8.198	22.973	0.107143	25.153
swarm_53_76.pdb	9.319	19.023	0.142857	25.139
swarm_5_102.pdb	7.588	18.835	0	25.135
swarm_24_3.pdb	9.992	38.543	0	25.120
swarm_5_146.pdb	12.328	32.925	0	25.117
swarm_35_23.pdb	11.615	33.682	0	25.115
swarm_26_104.pdb	13.528	38.544	0	25.094
swarm_34_30.pdb	10.854	18.138	0	25.091
swarm_36_4.pdb	11.187	42.883	0.0357143	25.059
swarm_22_152.pdb	11.586	20.861	0	24.972
swarm_54_176.pdb	10.460	17.114	0	24.964
swarm_20_28.pdb	8.684	17.865	0.0714286	24.961
swarm_24_28.pdb	7.537	32.170	0.0357143	24.873
swarm_41_69.pdb	16.265	41.687	0	24.862
swarm_44_186.pdb	11.342	42.079	0	24.811
swarm_18_92.pdb	6.431	12.447	0	24.804
swarm_32_76.pdb	7.375	25.562	0	24.788
swarm_9_132.pdb	10.221	19.199	0.0714286	24.786
swarm_41_9.pdb	12.085	44.380	0	24.770
swarm_46_124.pdb	10.509	20.248	0.0357143	24.722
swarm_26_44.pdb	14.200	40.217	0	24.708
swarm_53_122.pdb	8.307	15.457	0	24.698
swarm_55_35.pdb	8.857	17.768	0.107143	24.636
swarm_17_186.pdb	9.450	38.250	0	24.612
swarm_21_17.pdb	5.253	13.637	0.142857	24.590
swarm_1_94.pdb	11.792	33.883	0	24.561
swarm_10_102.pdb	8.793	20.218	0.107143	24.561
swarm_22_44.pdb	9.037	21.032	0	24.477
swarm_27_9.pdb	9.376	23.167	0.0714286	24.393
swarm_2_132.pdb	11.230	42.807	0	24.393
swarm_31_57.pdb	5.709	16.783	0.0357143	24.383
swarm_53_80.pdb	1.877	3.986	0.785714	24.372
swarm_22_183.pdb	9.441	36.504	0.0714286	24.349
swarm_27_171.pdb	5.519	11.692	0.0714286	24.319
swarm_31_19.pdb	10.288	34.999	0.0714286	24.314
swarm_17_178.pdb	15.306	41.727	0	24.284
swarm_45_175.pdb	13.517	39.106	0	24.171
swarm_38_160.pdb	6.237	12.719	0	24.146
swarm_2_16.pdb	11.239	43.596	0	24.144
swarm_38_61.pdb	11.270	34.579	0	24.138
swarm_16_158.pdb	9.353	16.860	0	24.091
swarm_0_125.pdb	11.595	28.772	0	24.072
swarm_36_57.pdb	10.252	21.876	0	24.037
swarm_41_92.pdb	8.637	37.692	0.0357143	24.033
swarm_0_108.pdb	12.651	40.606	0.0357143	24.027
swarm_3_136.pdb	7.038	17.187	0	23.972
swarm_32_110.pdb	8.562	33.631	0.214286	23.955
swarm_1_39.pdb	12.886	42.279	0	23.951
swarm_40_35.pdb	11.973	38.983	0	23.944
swarm_10_20.pdb	10.061	16.973	0	23.893
swarm_46_163.pdb	6.379	16.823	0.214286	23.863
swarm_39_30.pdb	12.643	35.487	0	23.807
swarm_24_30.pdb	11.519	39.484	0	23.802
swarm_0_71.pdb	12.667	40.468	0.0357143	23.762
swarm_57_177.pdb	10.153	34.356	0.178571	23.756
swarm_35_19.pdb	9.948	31.020	0	23.735
swarm_42_124.pdb	9.509	29.390	0.0357143	23.718
swarm_24_45.pdb	12.259	34.255	0	23.683
swarm_57_75.pdb	12.921	30.738	0	23.646
swarm_40_75.pdb	10.025	33.115	0	23.595
swarm_4_13.pdb	12.552	33.476	0	23.588
swarm_46_22.pdb	11.349	32.719	0	23.562
swarm_9_54.pdb	8.537	18.549	0	23.557
swarm_23_47.pdb	10.898	19.755	0.0357143	23.553
swarm_9_82.pdb	15.259	40.831	0	23.542
swarm_43_119.pdb	14.112	42.564	0	23.538
swarm_36_78.pdb	12.567	35.982	0	23.526
swarm_45_139.pdb	13.328	37.673	0	23.524
swarm_44_194.pdb	11.886	36.715	0	23.501
swarm_31_116.pdb	11.327	25.922	0	23.429
swarm_12_54.pdb	15.897	44.658	0	23.330
swarm_2_195.pdb	12.357	36.144	0	23.314
swarm_15_101.pdb	6.653	25.349	0.178571	23.304
swarm_48_22.pdb	10.213	19.467	0.107143	23.303
swarm_28_25.pdb	11.795	37.787	0	23.262
swarm_4_33.pdb	9.262	39.085	0	23.211
swarm_1_36.pdb	11.430	33.058	0	23.208
swarm_38_34.pdb	9.088	22.222	0.107143	23.156
swarm_26_117.pdb	13.622	38.161	0	23.119
swarm_11_143.pdb	7.924	17.997	0.0357143	23.115
swarm_8_124.pdb	11.936	32.993	0.107143	23.042
swarm_33_61.pdb	10.678	41.320	0	23.030
swarm_35_173.pdb	8.950	20.517	0.0714286	23.013
swarm_45_105.pdb	11.932	40.238	0	22.993
swarm_9_83.pdb	8.031	27.357	0.0714286	22.941
swarm_39_139.pdb	8.664	34.604	0	22.933
swarm_0_39.pdb	15.465	42.747	0	22.918
swarm_25_79.pdb	12.040	38.768	0	22.866
swarm_2_55.pdb	12.545	44.852	0	22.851
swarm_8_159.pdb	8.593	31.230	0.0714286	22.844
swarm_39_53.pdb	10.594	41.061	0.0357143	22.841
swarm_14_32.pdb	6.236	14.138	0.0357143	22.821
swarm_4_173.pdb	11.320	31.515	0	22.809
swarm_45_78.pdb	14.006	43.042	0	22.781
swarm_40_129.pdb	11.342	33.806	0	22.759
swarm_21_96.pdb	9.019	20.266	0.142857	22.735
swarm_12_177.pdb	15.859	44.487	0	22.714
swarm_11_59.pdb	8.251	24.354	0.107143	22.704
swarm_6_24.pdb	7.972	30.930	0.25	22.677
swarm_34_16.pdb	12.027	22.066	0	22.674
swarm_14_139.pdb	11.781	25.056	0	22.671
swarm_44_50.pdb	4.805	10.541	0.107143	22.664
swarm_28_53.pdb	12.030	37.221	0	22.663
swarm_33_192.pdb	14.345	42.977	0	22.659
swarm_22_55.pdb	12.258	21.475	0	22.640
swarm_21_163.pdb	14.636	38.139	0	22.618
swarm_26_108.pdb	12.768	39.766	0	22.614
swarm_48_86.pdb	13.437	33.548	0	22.583
swarm_27_11.pdb	10.205	32.795	0.107143	22.536
swarm_9_47.pdb	12.497	41.105	0	22.529
swarm_27_25.pdb	8.477	36.494	0	22.525
swarm_16_171.pdb	7.355	14.252	0	22.521
swarm_14_160.pdb	11.758	19.081	0	22.517
swarm_24_182.pdb	11.602	25.851	0	22.511
swarm_35_102.pdb	13.149	37.385	0	22.487
swarm_24_44.pdb	9.949	36.361	0.107143	22.483
swarm_41_13.pdb	11.826	22.163	0	22.482
swarm_2_114.pdb	11.926	45.018	0	22.466
swarm_35_11.pdb	12.118	37.517	0	22.450
swarm_26_113.pdb	15.283	44.059	0	22.425
swarm_31_29.pdb	10.360	17.544	0	22.383
swarm_13_13.pdb	10.071	24.273	0.0357143	22.342
swarm_47_123.pdb	9.644	35.900	0	22.341
swarm_5_93.pdb	12.243	44.275	0	22.336
swarm_44_155.pdb	12.998	36.657	0	22.325
swarm_46_29.pdb	9.504	34.361	0	22.310
swarm_30_196.pdb	14.289	39.801	0	22.284
swarm_38_12.pdb	13.802	39.919	0	22.280
swarm_48_43.pdb	11.186	31.601	0	22.275
swarm_25_42.pdb	12.714	37.158	0	22.274
swarm_28_140.pdb	15.205	38.027	0	22.269
swarm_42_121.pdb	11.449	24.915	0	22.266
swarm_2_61.pdb	10.218	18.523	0.214286	22.217
swarm_3_130.pdb	9.270	21.549	0.178571	22.211
swarm_42_175.pdb	4.979	15.990	0.178571	22.176
swarm_19_130.pdb	9.285	16.340	0	22.168
swarm_6_173.pdb	14.438	41.256	0	22.165
swarm_37_61.pdb	11.123	20.332	0.0357143	22.164
swarm_21_59.pdb	9.045	35.330	0	22.155
swarm_44_49.pdb	10.994	41.129	0.0357143	22.132
swarm_53_194.pdb	10.836	19.429	0	22.079
swarm_10_53.pdb	10.168	20.298	0	22.055
swarm_18_115.pdb	9.989	19.366	0	22.035
swarm_0_122.pdb	15.400	42.451	0	22.031
swarm_53_121.pdb	9.848	15.542	0	22.025
swarm_38_33.pdb	9.981	33.583	0.0357143	21.976
swarm_14_44.pdb	9.230	21.696	0	21.956
swarm_24_179.pdb	13.138	42.313	0	21.937
swarm_2_100.pdb	8.056	35.256	0	21.931
swarm_0_183.pdb	11.304	39.939	0.0357143	21.921
swarm_15_122.pdb	12.969	35.086	0	21.919
swarm_7_128.pdb	9.867	19.970	0	21.917
swarm_14_165.pdb	11.253	22.112	0	21.915
swarm_39_9.pdb	9.305	23.786	0	21.890
swarm_5_152.pdb	8.864	19.631	0.107143	21.885
swarm_35_22.pdb	9.732	32.449	0.178571	21.841
swarm_47_76.pdb	12.022	30.225	0	21.832
swarm_26_23.pdb	15.165	39.547	0	21.827
swarm_8_25.pdb	9.365	17.927	0.0714286	21.823
swarm_30_135.pdb	12.526	37.803	0	21.817
swarm_21_199.pdb	7.735	34.387	0	21.809
swarm_38_119.pdb	8.777	31.641	0.0357143	21.803
swarm_8_102.pdb	11.301	33.162	0	21.787
swarm_33_63.pdb	15.028	39.873	0	21.786
swarm_42_161.pdb	11.573	41.887	0	21.720
swarm_23_38.pdb	9.538	18.612	0	21.699
swarm_25_177.pdb	11.737	35.493	0	21.696
swarm_27_61.pdb	8.544	33.051	0.0714286	21.664
swarm_34_118.pdb	10.761	41.299	0.0357143	21.652
swarm_4_2.pdb	11.234	35.758	0.0357143	21.643
swarm_23_65.pdb	3.726	13.887	0.428571	21.641
swarm_35_191.pdb	8.382	16.892	0	21.639
swarm_8_197.pdb	8.252	25.385	0.0714286	21.638
swarm_52_34.pdb	11.363	22.589	0	21.574
swarm_38_109.pdb	11.983	35.231	0	21.572
swarm_36_16.pdb	10.195	21.185	0	21.536
swarm_29_148.pdb	9.643	38.566	0.0357143	21.534
swarm_5_2.pdb	14.778	40.966	0	21.494
swarm_30_199.pdb	12.488	40.548	0.0357143	21.469
swarm_11_69.pdb	11.316	20.114	0	21.454
swarm_45_154.pdb	13.690	40.688	0	21.452
swarm_10_2.pdb	7.783	15.959	0.0714286	21.442
swarm_54_70.pdb	11.900	18.611	0	21.440
swarm_21_48.pdb	10.092	36.741	0	21.422
swarm_13_183.pdb	11.527	36.108	0	21.412
swarm_43_84.pdb	9.629	39.061	0	21.392
swarm_47_154.pdb	10.348	29.239	0	21.373
swarm_32_119.pdb	12.384	41.183	0	21.364
swarm_0_67.pdb	11.383	39.553	0	21.362
swarm_55_26.pdb	2.001	7.290	0.678571	21.356
swarm_46_95.pdb	9.350	20.972	0.107143	21.296
swarm_2_39.pdb	6.704	15.392	0.0714286	21.282
swarm_22_187.pdb	11.228	35.939	0	21.266
swarm_2_1.pdb	12.166	36.756	0	21.245
swarm_12_169.pdb	5.545	26.343	0.214286	21.212
swarm_5_34.pdb	8.928	36.033	0.0357143	21.211
swarm_35_132.pdb	12.918	42.743	0	21.205
swarm_20_54.pdb	7.581	15.189	0.178571	21.202
swarm_8_95.pdb	12.208	37.407	0.0357143	21.200
swarm_44_154.pdb	7.830	23.241	0	21.191
swarm_42_131.pdb	8.221	32.266	0	21.149
swarm_44_23.pdb	6.153	10.460	0.0714286	21.143
swarm_43_158.pdb	14.541	43.841	0	21.138
swarm_32_90.pdb	9.919	32.209	0	21.135
swarm_40_80.pdb	12.483	38.549	0	21.098
swarm_6_111.pdb	7.884	31.935	0	21.093
swarm_10_172.pdb	9.555	16.960	0.178571	21.087
swarm_18_35.pdb	10.113	18.264	0	21.069
swarm_40_192.pdb	13.170	41.054	0	21.060
swarm_15_147.pdb	5.162	13.012	0.178571	21.059
swarm_40_188.pdb	12.051	38.954	0	21.053
swarm_18_74.pdb	8.294	35.733	0	21.045
swarm_43_186.pdb	11.094	25.238	0	21.039
swarm_44_177.pdb	13.537	42.133	0	21.009
swarm_40_171.pdb	12.385	43.580	0	20.987
swarm_17_155.pdb	9.456	20.184	0	20.982
swarm_34_125.pdb	9.202	18.569	0	20.966
swarm_33_70.pdb	13.265	35.331	0	20.930
swarm_1_95.pdb	5.336	24.782	0.107143	20.918
swarm_22_40.pdb	7.054	24.522	0.0357143	20.909
swarm_46_100.pdb	9.856	36.231	0	20.872
swarm_26_148.pdb	11.190	32.025	0.214286	20.865
swarm_47_190.pdb	7.654	30.483	0	20.862
swarm_36_178.pdb	13.690	41.444	0	20.854
swarm_18_101.pdb	8.850	15.612	0	20.848
swarm_30_121.pdb	14.814	38.917	0	20.829
swarm_31_25.pdb	10.408	25.551	0.0714286	20.796
swarm_37_14.pdb	10.372	34.477	0	20.793
swarm_6_33.pdb	12.377	40.818	0	20.788
swarm_16_162.pdb	9.436	31.532	0	20.786
swarm_24_189.pdb	13.702	37.646	0	20.778
swarm_5_85.pdb	13.744	39.403	0	20.765
swarm_34_135.pdb	13.756	38.913	0	20.753
swarm_7_4.pdb	7.537	31.202	0	20.751
swarm_6_145.pdb	7.382	13.857	0.0714286	20.740
swarm_39_89.pdb	12.918	40.914	0	20.727
swarm_53_134.pdb	11.344	19.243	0	20.706
swarm_44_46.pdb	12.614	43.119	0	20.660
swarm_39_166.pdb	10.833	33.601	0	20.658
swarm_23_141.pdb	12.369	26.701	0	20.648
swarm_20_70.pdb	9.714	34.267	0.0357143	20.633
swarm_16_149.pdb	6.569	28.308	0.0714286	20.615
swarm_32_123.pdb	7.195	26.682	0.0357143	20.606
swarm_29_95.pdb	10.895	21.139	0	20.602
swarm_38_44.pdb	7.301	17.016	0	20.598
swarm_31_86.pdb	11.744	20.058	0	20.582
swarm_4_153.pdb	13.666	41.490	0	20.575
swarm_11_6.pdb	7.668	18.643	0	20.571
swarm_15_94.pdb	5.416	23.164	0.178571	20.570
swarm_29_17.pdb	13.191	27.949	0	20.565
swarm_21_119.pdb	8.919	32.615	0.0714286	20.561
swarm_39_136.pdb	11.069	37.824	0	20.538
swarm_41_135.pdb	8.482	23.156	0.0714286	20.525
swarm_34_23.pdb	13.372	39.693	0	20.491
swarm_23_126.pdb	11.262	20.152	0	20.482
swarm_51_86.pdb	13.625	40.533	0	20.475
swarm_55_161.pdb	8.900	19.122	0.107143	20.471
swarm_23_149.pdb	10.241	19.541	0	20.468
swarm_25_167.pdb	7.894	29.298	0.107143	20.464
swarm_6_164.pdb	14.398	43.543	0	20.460
swarm_5_133.pdb	9.115	19.314	0	20.452
swarm_36_101.pdb	8.107	21.102	0.0357143	20.440
swarm_27_101.pdb	13.458	35.616	0	20.439
swarm_34_141.pdb	14.720	39.803	0	20.433
swarm_33_51.pdb	10.784	38.454	0	20.419
swarm_49_181.pdb	13.323	35.059	0	20.404
swarm_41_171.pdb	14.646	40.042	0	20.403
swarm_42_77.pdb	13.361	40.773	0	20.399
swarm_42_2.pdb	10.461	26.001	0	20.355
swarm_9_51.pdb	12.133	41.565	0	20.340
swarm_10_139.pdb	9.106	16.070	0	20.337
swarm_38_61.pdb	10.157	20.426	0.0714286	20.313
swarm_21_79.pdb	9.669	31.072	0.142857	20.308
swarm_16_116.pdb	12.048	33.383	0	20.296
swarm_13_103.pdb	12.104	24.358	0	20.290
swarm_13_82.pdb	12.939	33.812	0	20.288
swarm_26_141.pdb	13.558	36.904	0	20.280
swarm_48_146.pdb	12.978	36.377	0	20.257
swarm_11_85.pdb	12.947	27.869	0	20.254
swarm_36_85.pdb	12.283	35.167	0	20.246
swarm_51_140.pdb	8.152	34.123	0.0714286	20.230
swarm_43_45.pdb	12.776	40.463	0	20.230
swarm_31_45.pdb	13.551	38.439	0	20.226
swarm_12_128.pdb	12.106	42.899	0	20.203
swarm_27_193.pdb	9.154	22.253	0.0357143	20.194
swarm_14_113.pdb	10.609	19.034	0	20.190
swarm_9_194.pdb	11.212	25.152	0	20.189
swarm_6_22.pdb	9.453	16.033	0.0714286	20.172
swarm_30_102.pdb	9.653	38.962	0.0357143	20.172
swarm_32_195.pdb	8.301	32.953	0	20.171
swarm_1_199.pdb	7.176	26.675	0.0357143	20.157
swarm_27_191.pdb	12.342	35.251	0	20.149
swarm_31_130.pdb	14.084	30.247	0	20.126
swarm_18_80.pdb	11.205	33.651	0.0357143	20.126
swarm_4_173.pdb	13.074	35.117	0	20.122
swarm_55_170.pdb	7.880	18.741	0	20.117
swarm_29_150.pdb	9.842	21.491	0.0714286	20.081
swarm_5_92.pdb	8.516	20.102	0.0714286	20.066
swarm_17_84.pdb	9.671	37.302	0.0357143	20.059
swarm_16_192.pdb	8.840	19.624	0.0714286	20.053
swarm_11_47.pdb	10.203	24.414	0	20.052
swarm_24_35.pdb	9.857	28.925	0.0357143	20.043
swarm_15_51.pdb	9.201	28.134	0	20.036
swarm_15_116.pdb	10.852	20.830	0	20.030
swarm_18_49.pdb	13.332	41.415	0	20.023
swarm_39_135.pdb	11.314	23.444	0	20.022
swarm_0_92.pdb	11.084	37.691	0	20.022
swarm_25_28.pdb	15.016	39.676	0	20.020
swarm_41_133.pdb	11.834	33.641	0	20.019
swarm_24_17.pdb	8.453	23.310	0	20.018
swarm_20_30.pdb	15.368	35.136	0	19.993
swarm_39_55.pdb	8.195	19.005	0.0714286	19.974
swarm_11_158.pdb	10.976	22.234	0	19.972
swarm_48_46.pdb	13.498	36.300	0	19.968
swarm_22_90.pdb	6.913	13.536	0	19.961
swarm_27_104.pdb	13.316	39.393	0	19.922
swarm_29_169.pdb	12.222	30.341	0	19.917
swarm_38_158.pdb	12.030	33.783	0	19.894
swarm_39_69.pdb	9.927	20.204	0	19.892
swarm_20_55.pdb	6.815	21.701	0	19.883
swarm_49_57.pdb	10.617	35.754	0.0714286	19.877
swarm_13_26.pdb	13.646	32.563	0	19.864
swarm_19_25.pdb	13.149	26.556	0	19.860
swarm_22_1.pdb	12.410	23.731	0.0357143	19.854
swarm_17_60.pdb	9.759	17.502	0	19.838
swarm_6_18.pdb	10.684	27.477	0	19.837
swarm_43_162.pdb	11.043	18.003	0	19.817
swarm_15_49.pdb	11.637	19.050	0	19.800
swarm_3_188.pdb	11.790	26.334	0.0357143	19.789
swarm_28_112.pdb	11.484	34.080	0	19.764
swarm_21_56.pdb	14.258	35.373	0	19.764
swarm_27_162.pdb	12.986	36.462	0	19.756
swarm_43_105.pdb	11.606	21.887	0	19.755
swarm_17_173.pdb	10.126	22.706	0.0714286	19.744
swarm_20_49.pdb	10.557	27.643	0	19.742
swarm_5_147.pdb	7.889	21.572	0.0357143	19.717
swarm_35_146.pdb	12.648	23.732	0	19.707
swarm_33_78.pdb	10.139	30.108	0	19.703
swarm_6_136.pdb	12.801	30.374	0	19.698
swarm_21_115.pdb	12.467	37.391	0	19.694
swarm_1_157.pdb	5.312	23.894	0.142857	19.692
swarm_22_99.pdb	8.826	31.485	0.0714286	19.690
swarm_43_98.pdb	10.144	29.363	0	19.687
swarm_12_50.pdb	12.026	42.860	0	19.681
swarm_31_61.pdb	10.265	25.215	0.0357143	19.678
swarm_26_16.pdb	14.197	37.768	0	19.677
swarm_25_186.pdb	10.732	36.718	0.0357143	19.667
swarm_49_73.pdb	14.657	35.696	0	19.666
swarm_26_59.pdb	15.260	43.634	0	19.642
swarm_24_10.pdb	11.560	37.524	0.0357143	19.638
swarm_6_56.pdb	13.497	45.665	0	19.620
swarm_16_142.pdb	12.115	22.182	0	19.618
swarm_48_76.pdb	11.039	37.243	0.0357143	19.607
swarm_15_156.pdb	10.537	23.069	0.214286	19.577
swarm_2_105.pdb	12.352	37.394	0	19.566
swarm_55_91.pdb	10.793	19.995	0	19.554
swarm_3_163.pdb	10.382	18.742	0	19.545
swarm_32_45.pdb	11.919	19.927	0.0714286	19.543
swarm_18_62.pdb	13.026	35.332	0	19.541
swarm_2_121.pdb	9.435	40.194	0	19.532
swarm_9_50.pdb	9.290	27.274	0	19.518
swarm_26_20.pdb	14.131	36.053	0	19.511
swarm_26_51.pdb	11.744	30.892	0	19.480
swarm_51_161.pdb	12.833	37.666	0	19.479
swarm_25_62.pdb	12.850	41.112	0	19.477
swarm_45_6.pdb	7.886	29.865	0	19.474
swarm_38_132.pdb	14.418	27.220	0	19.467
swarm_2_193.pdb	12.523	37.544	0	19.462
swarm_13_123.pdb	12.659	28.294	0	19.460
swarm_13_176.pdb	11.084	34.295	0	19.459
swarm_18_102.pdb	7.078	19.259	0	19.455
swarm_26_39.pdb	6.824	14.813	0.0714286	19.424
swarm_21_112.pdb	14.180	38.778	0	19.424
swarm_20_169.pdb	13.027	28.561	0	19.417
swarm_22_77.pdb	12.840	34.316	0	19.368
swarm_4_188.pdb	12.665	39.421	0	19.345
swarm_21_159.pdb	11.834	30.796	0	19.343
swarm_14_26.pdb	10.514	36.198	0.0357143	19.332
swarm_38_100.pdb	11.051	38.671	0	19.317
swarm_25_66.pdb	12.869	40.549	0	19.306
swarm_16_145.pdb	8.868	22.000	0.107143	19.294
swarm_41_126.pdb	15.011	41.052	0	19.266
swarm_14_36.pdb	10.802	33.403	0	19.266
swarm_29_91.pdb	11.067	24.644	0	19.261
swarm_26_118.pdb	14.529	41.783	0	19.216
swarm_46_120.pdb	9.024	15.086	0	19.214
swarm_44_103.pdb	13.504	38.276	0	19.211
swarm_1_124.pdb	14.068	38.296	0	19.194
swarm_28_188.pdb	11.508	37.499	0	19.188
swarm_38_9.pdb	8.728	28.303	0.0357143	19.182
swarm_37_154.pdb	12.115	32.119	0	19.152
swarm_33_176.pdb	12.543	43.515	0	19.144
swarm_18_47.pdb	9.308	34.382	0.178571	19.124
swarm_49_133.pdb	14.814	45.216	0	19.121
swarm_48_148.pdb	7.423	24.719	0.0714286	19.119
swarm_49_140.pdb	7.941	29.901	0.0357143	19.115
swarm_5_78.pdb	11.139	21.224	0	19.100
swarm_37_61.pdb	13.230	35.683	0	19.100
swarm_43_193.pdb	9.123	23.618	0	19.099
swarm_6_76.pdb	12.405	37.594	0	19.093
swarm_25_179.pdb	13.355	39.703	0	19.073
swarm_4_45.pdb	13.311	33.106	0	19.065
swarm_50_194.pdb	9.768	21.245	0	19.038
swarm_42_76.pdb	11.236	19.998	0	19.020
swarm_43_101.pdb	9.986	21.673	0.0714286	19.019
swarm_21_136.pdb	8.249	17.156	0	19.013
swarm_27_87.pdb	8.975	37.593	0.0357143	19.009
swarm_6_87.pdb	11.933	20.125	0	19.005
swarm_41_190.pdb	14.445	42.989	0	19.003
swarm_24_110.pdb	10.170	25.916	0	18.983
swarm_49_191.pdb	13.126	36.561	0	18.949
swarm_29_22.pdb	8.878	32.763	0.0357143	18.946
swarm_42_61.pdb	11.697	25.193	0.0357143	18.939
swarm_7_8.pdb	12.852	32.768	0	18.920
swarm_44_5.pdb	16.712	44.365	0	18.915
swarm_8_26.pdb	10.267	31.226	0	18.905
swarm_25_196.pdb	7.978	30.622	0.0714286	18.898
swarm_14_122.pdb	10.682	23.170	0	18.893
swarm_6_6.pdb	10.512	20.861	0	18.881
swarm_19_176.pdb	8.213	16.675	0	18.880
swarm_53_101.pdb	12.510	21.954	0.0357143	18.859
swarm_5_0.pdb	8.086	14.599	0	18.858
swarm_15_90.pdb	8.566	28.560	0.0714286	18.847
swarm_39_15.pdb	12.910	35.014	0	18.840
swarm_42_128.pdb	9.676	19.354	0	18.835
swarm_24_80.pdb	14.571	40.332	0	18.835
swarm_6_175.pdb	13.378	36.147	0	18.825
swarm_24_83.pdb	14.112	41.282	0	18.822
swarm_22_162.pdb	8.455	21.167	0.0357143	18.816
swarm_6_157.pdb	13.984	42.638	0	18.809
swarm_53_189.pdb	11.335	18.343	0	18.801
swarm_24_150.pdb	12.523	29.051	0	18.781
swarm_29_120.pdb	12.646	33.511	0	18.780
swarm_15_131.pdb	10.010	18.368	0	18.771
swarm_10_44.pdb	9.327	18.094	0	18.769
swarm_10_141.pdb	7.845	14.938	0	18.765
swarm_32_54.pdb	9.349	25.526	0.0714286	18.748
swarm_51_18.pdb	9.725	36.852	0.0357143	18.744
swarm_27_83.pdb	11.555	20.589	0	18.740
swarm_4_11.pdb	13.965	34.964	0	18.730
swarm_38_183.pdb	8.593	21.294	0.0714286	18.700
swarm_34_162.pdb	15.582	44.155	0	18.665
swarm_8_124.pdb	8.833	29.074	0.0357143	18.658
swarm_15_46.pdb	12.469	32.313	0.0357143	18.621
swarm_39_62.pdb	10.138	20.434	0.0357143	18.620
swarm_6_160.pdb	10.375	23.961	0	18.600
swarm_20_75.pdb	10.650	30.206	0.0357143	18.597
swarm_26_75.pdb	9.021	17.349	0.107143	18.583
swarm_19_108.pdb	10.474	20.027	0	18.579
swarm_44_32.pdb	14.128	43.571	0	18.576
swarm_54_95.pdb	9.228	18.197	0	18.575
swarm_31_191.pdb	12.897	39.330	0	18.574
swarm_1_66.pdb	12.175	44.153	0	18.570
swarm_10_189.pdb	8.507	16.399	0	18.566
swarm_32_63.pdb	11.377	31.408	0	18.563
swarm_28_74.pdb	12.096	41.719	0	18.560
swarm_17_95.pdb	3.576	8.485	0.214286	18.560
swarm_30_21.pdb	11.096	39.270	0	18.556
swarm_21_167.pdb	10.409	20.141	0.0357143	18.551
swarm_3_186.pdb	10.264	42.346	0	18.548
swarm_8_114.pdb	11.390	38.619	0	18.539
swarm_1_35.pdb	13.022	31.140	0	18.536
swarm_9_105.pdb	11.321	31.622	0.0357143	18.527
swarm_45_86.pdb	10.669	33.215	0.0357143	18.522
swarm_10_24.pdb	3.907	10.476	0.178571	18.522
swarm_46_34.pdb	2.661	11.280	0.285714	18.511
swarm_17_196.pdb	6.911	23.385	0	18.510
swarm_11_110.pdb	9.593	30.472	0.0357143	18.509
swarm_45_22.pdb	12.269	39.510	0	18.500
swarm_24_132.pdb	5.970	18.909	0.0714286	18.492
swarm_33_156.pdb	10.817	33.157	0.0357143	18.477
swarm_9_69.pdb	8.366	31.907	0.0357143	18.470
swarm_31_172.pdb	3.206	5.610	0.285714	18.470
swarm_23_176.pdb	12.845	22.703	0	18.462
swarm_22_113.pdb	10.587	21.057	0	18.449
swarm_26_114.pdb	14.554	38.264	0	18.432
swarm_27_102.pdb	12.042	35.997	0	18.408
swarm_49_196.pdb	10.690	33.583	0	18.394
swarm_17_166.pdb	11.118	20.498	0.0714286	18.368
swarm_18_130.pdb	10.021	17.405	0	18.361
swarm_18_180.pdb	11.473	23.870	0	18.359
swarm_25_195.pdb	10.664	36.561	0	18.346
swarm_21_164.pdb	13.556	38.444	0	18.339
swarm_41_11.pdb	12.976	36.760	0	18.323
swarm_53_126.pdb	8.509	19.717	0	18.314
swarm_38_0.pdb	7.857	33.185	0.0357143	18.301
swarm_51_148.pdb	15.381	40.530	0	18.299
swarm_45_134.pdb	14.719	41.134	0	18.294
swarm_48_51.pdb	14.238	39.731	0	18.275
swarm_2_190.pdb	11.138	37.990	0	18.243
swarm_25_70.pdb	15.588	42.002	0	18.215
swarm_12_72.pdb	10.283	41.635	0	18.185
swarm_47_81.pdb	12.290	32.360	0.0357143	18.184
swarm_41_108.pdb	12.040	22.402	0	18.171
swarm_39_22.pdb	15.421	40.334	0	18.171
swarm_3_150.pdb	12.116	24.395	0	18.160
swarm_36_150.pdb	10.963	18.507	0	18.155
swarm_29_92.pdb	11.270	33.073	0.107143	18.149
swarm_15_32.pdb	11.844	21.693	0.0357143	18.116
swarm_17_8.pdb	12.712	28.237	0	18.107
swarm_4_155.pdb	10.487	24.996	0	18.080
swarm_4_145.pdb	14.783	38.673	0	18.077
swarm_22_188.pdb	13.211	23.975	0	18.076
swarm_11_117.pdb	6.697	19.671	0.0357143	18.068
swarm_40_81.pdb	12.978	35.220	0	18.060
swarm_2_22.pdb	10.246	35.109	0	18.060
swarm_21_109.pdb	10.443	35.425	0.0357143	18.058
swarm_2_161.pdb	14.750	41.276	0	18.038
swarm_7_53.pdb	10.066	22.427	0	18.019
swarm_21_123.pdb	12.957	24.701	0.0357143	18.016
swarm_19_148.pdb	8.613	17.755	0	18.015
swarm_33_81.pdb	13.032	38.159	0	18.013
swarm_10_111.pdb	9.386	16.907	0	17.984
swarm_30_52.pdb	14.154	38.224	0	17.975
swarm_11_197.pdb	13.105	31.388	0	17.933
swarm_57_55.pdb	9.084	30.336	0	17.925
swarm_54_187.pdb	10.972	21.828	0	17.924
swarm_23_14.pdb	11.027	19.569	0	17.910
swarm_3_82.pdb	12.679	22.047	0	17.908
swarm_45_125.pdb	13.069	43.988	0	17.904
swarm_30_27.pdb	11.297	39.271	0	17.891
swarm_35_155.pdb	9.036	24.101	0	17.881
swarm_47_146.pdb	12.526	35.969	0	17.876
swarm_6_16.pdb	13.485	35.545	0	17.870
swarm_28_67.pdb	10.498	33.453	0	17.851
swarm_24_51.pdb	13.603	35.567	0	17.825
swarm_20_83.pdb	11.906	19.996	0	17.823
swarm_54_57.pdb	2.704	7.164	0.785714	17.822
swarm_23_173.pdb	13.455	22.799	0	17.792
swarm_38_30.pdb	7.912	35.954	0	17.788
swarm_16_194.pdb	9.783	33.444	0	17.764
swarm_27_149.pdb	16.799	44.362	0	17.763
swarm_48_197.pdb	10.986	27.958	0	17.754
swarm_16_164.pdb	11.713	20.803	0	17.737
swarm_20_139.pdb	11.871	25.317	0	17.733
swarm_16_117.pdb	13.967	32.006	0	17.728
swarm_36_97.pdb	10.940	32.897	0	17.723
swarm_53_179.pdb	12.210	24.754	0	17.703
swarm_36_92.pdb	7.957	15.717	0	17.694
swarm_3_15.pdb	10.467	20.998	0	17.691
swarm_54_80.pdb	10.737	18.477	0	17.689
swarm_15_60.pdb	10.084	31.202	0.178571	17.658
swarm_39_41.pdb	11.675	33.689	0.0357143	17.655
swarm_33_82.pdb	12.536	39.231	0.0357143	17.646
swarm_3_197.pdb	9.459	17.654	0.107143	17.637
swarm_27_54.pdb	12.968	35.869	0	17.634
swarm_16_154.pdb	12.878	24.604	0	17.606
swarm_37_128.pdb	8.492	36.133	0.107143	17.601
swarm_13_102.pdb	8.932	15.967	0	17.596
swarm_35_132.pdb	3.010	7.287	0.321429	17.592
swarm_54_69.pdb	12.374	26.123	0	17.590
swarm_6_58.pdb	11.158	29.881	0	17.581
swarm_41_10.pdb	9.678	37.121	0.0357143	17.577
swarm_1_141.pdb	7.219	27.058	0.0357143	17.576
swarm_22_114.pdb	12.212	26.895	0	17.574
swarm_7_55.pdb	9.039	27.039	0	17.562
swarm_28_26.pdb	13.697	37.427	0	17.558
swarm_29_0.pdb	10.566	33.002	0	17.530
swarm_4_172.pdb	14.156	38.315	0	17.526
swarm_30_18.pdb	10.226	33.309	0.107143	17.521
swarm_17_120.pdb	9.336	20.752	0	17.514
swarm_25_56.pdb	14.322	37.951	0	17.500
swarm_31_26.pdb	9.909	29.675	0	17.494
swarm_49_36.pdb	9.604	30.421	0.214286	17.480
swarm_55_23.pdb	13.165	22.877	0	17.478
swarm_44_46.pdb	15.501	46.125	0	17.467
swarm_0_89.pdb	12.998	29.906	0	17.460
swarm_52_142.pdb	8.007	26.205	0	17.455
swarm_5_66.pdb	11.767	33.106	0	17.419
swarm_13_18.pdb	15.247	36.013	0	17.415
swarm_51_93.pdb	12.390	36.153	0	17.412
swarm_25_12.pdb	12.989	39.550	0	17.406
swarm_47_55.pdb	13.644	31.408	0	17.402
swarm_36_109.pdb	10.966	27.864	0	17.386
swarm_41_188.pdb	9.152	20.338	0	17.385
swarm_31_110.pdb	10.177	43.860	0	17.382
swarm_11_61.pdb	10.582	20.545	0	17.380
swarm_35_58.pdb	15.619	39.932	0	17.372
swarm_3_30.pdb	12.770	36.142	0	17.372
swarm_31_10.pdb	11.760	44.867	0	17.370
swarm_28_64.pdb	13.227	35.814	0	17.367
swarm_0_127.pdb	13.294	39.694	0	17.365
swarm_24_17.pdb	13.211	36.366	0	17.361
swarm_7_112.pdb	12.364	35.457	0	17.353
swarm_16_57.pdb	13.109	23.443	0	17.348
swarm_26_156.pdb	12.376	33.470	0	17.341
swarm_33_62.pdb	11.993	35.590	0	17.332
swarm_22_28.pdb	13.045	29.210	0	17.331
swarm_3_139.pdb	11.860	23.028	0	17.329
swarm_17_2.pdb	13.336	44.113	0	17.318
swarm_27_116.pdb	11.532	27.853	0	17.312
swarm_33_169.pdb	13.187	35.960	0	17.307
swarm_13_123.pdb	10.887	33.776	0	17.306
swarm_28_154.pdb	14.968	39.218	0	17.305
swarm_12_164.pdb	11.387	34.506	0	17.294
swarm_30_71.pdb	10.750	35.866	0	17.288
swarm_19_157.pdb	3.178	9.863	0.25	17.279
swarm_1_147.pdb	13.770	30.219	0	17.273
swarm_49_164.pdb	14.292	37.500	0	17.272
swarm_1_193.pdb	10.490	32.154	0	17.266
swarm_13_93.pdb	12.490	31.357	0	17.263
swarm_24_115.pdb	13.848	35.961	0	17.261
swarm_27_170.pdb	9.251	18.266	0	17.256
swarm_21_194.pdb	14.340	34.053	0	17.254
swarm_24_188.pdb	14.226	39.577	0	17.251
swarm_19_70.pdb	11.068	23.147	0	17.243
swarm_25_61.pdb	10.998	39.331	0	17.241
swarm_12_118.pdb	5.068	22.971	0.107143	17.235
swarm_16_62.pdb	14.025	29.610	0	17.229
swarm_15_154.pdb	12.465	42.855	0	17.209
swarm_20_82.pdb	10.964	21.989	0	17.195
swarm_2_75.pdb	14.868	45.050	0	17.179
swarm_47_143.pdb	9.696	38.513	0.0357143	17.173
swarm_19_99.pdb	11.615	21.357	0	17.160
swarm_27_186.pdb	14.806	40.953	0	17.141
swarm_3_159.pdb	10.311	31.143	0.0357143	17.140
swarm_33_155.pdb	12.762	35.343	0	17.130
swarm_19_152.pdb	13.174	23.278	0	17.118
swarm_5_177.pdb	13.949	41.393	0	17.110
swarm_11_117.pdb	8.633	25.884	0	17.078
swarm_37_169.pdb	12.877	34.134	0	17.076
swarm_9_48.pdb	12.036	32.187	0	17.073
swarm_14_54.pdb	12.535	23.157	0	17.071
swarm_10_22.pdb	4.931	12.991	0.142857	17.069
swarm_22_6.pdb	13.303	36.167	0	17.054
swarm_39_196.pdb	7.254	19.901	0	17.052
swarm_14_112.pdb	12.280	30.120	0.0714286	17.047
swarm_56_182.pdb	11.170	31.870	0.0357143	17.036
swarm_21_92.pdb	13.682	35.391	0	17.022
swarm_37_18.pdb	13.693	34.638	0	17.021
swarm_21_52.pdb	13.670	33.503	0	17.000
swarm_4_61.pdb	10.204	31.059	0.0357143	16.997
swarm_12_44.pdb	8.819	31.330	0	16.995
swarm_40_7.pdb	13.587	39.660	0	16.985
swarm_8_72.pdb	11.265	23.240	0	16.981
swarm_10_67.pdb	9.733	21.057	0	16.975
swarm_5_42.pdb	9.498	32.475	0	16.972
swarm_20_169.pdb	12.186	22.475	0	16.959
swarm_7_125.pdb	11.942	29.152	0	16.951
swarm_3_137.pdb	11.529	28.966	0	16.951
swarm_8_46.pdb	15.749	39.205	0	16.944
swarm_25_135.pdb	10.468	33.131	0.0714286	16.938
swarm_11_160.pdb	6.801	27.146	0	16.905
swarm_25_120.pdb	11.798	36.005	0	16.904
swarm_11_139.pdb	11.634	25.848	0	16.892
swarm_43_23.pdb	12.743	28.718	0	16.888
swarm_30_83.pdb	14.234	47.561	0	16.887
swarm_22_143.pdb	10.592	19.882	0	16.882
swarm_26_182.pdb	11.136	34.191	0	16.866
swarm_0_28.pdb	12.763	34.862	0	16.866
swarm_50_106.pdb	14.493	40.971	0	16.856
swarm_4_73.pdb	13.052	29.034	0	16.846
swarm_22_150.pdb	3.392	11.389	0.321429	16.844
swarm_16_37.pdb	12.979	28.242	0	16.838
swarm_45_151.pdb	11.761	38.012	0	16.836
swarm_15_30.pdb	10.136	20.694	0	16.832
swarm_40_6.pdb	13.876	40.213	0	16.831
swarm_16_61.pdb	13.310	24.778	0	16.813
swarm_33_141.pdb	15.535	39.360	0	16.810
swarm_25_156.pdb	10.761	29.240	0	16.800
swarm_12_141.pdb	14.061	43.333	0	16.792
swarm_57_130.pdb	12.562	33.160	0	16.784
swarm_21_7.pdb	9.855	35.313	0.0357143	16.745
swarm_3_71.pdb	10.372	21.431	0	16.740
swarm_9_141.pdb	12.255	34.406	0	16.738
swarm_47_80.pdb	9.866	36.675	0	16.732
swarm_5_139.pdb	9.127	18.729	0	16.721
swarm_39_184.pdb	14.909	40.182	0	16.715
swarm_38_84.pdb	11.568	23.078	0	16.709
swarm_20_73.pdb	8.042	15.555	0	16.687
swarm_49_15.pdb	13.315	33.845	0	16.686
swarm_33_145.pdb	14.230	26.675	0	16.685
swarm_31_145.pdb	15.755	43.159	0	16.683
swarm_12_37.pdb	16.348	44.621	0	16.683
swarm_0_155.pdb	13.398	31.300	0	16.678
swarm_6_52.pdb	9.811	29.493	0	16.675
swarm_9_174.pdb	12.349	24.991	0	16.673
swarm_8_141.pdb	9.661	20.276	0	16.670
swarm_39_182.pdb	15.317	38.853	0	16.658
swarm_40_141.pdb	14.389	40.525	0	16.655
swarm_38_76.pdb	13.456	36.721	0	16.655
swarm_7_177.pdb	14.364	34.474	0	16.652
swarm_26_68.pdb	6.228	11.827	0.0357143	16.652
swarm_16_163.pdb	10.901	22.281	0	16.646
swarm_34_79.pdb	7.927	13.954	0	16.637
swarm_55_21.pdb	6.828	13.612	0	16.634
swarm_25_22.pdb	11.714	35.631	0	16.624
swarm_48_156.pdb	12.717	30.374	0	16.612
swarm_41_113.pdb	11.659	29.259	0	16.603
swarm_46_30.pdb	11.900	26.565	0	16.596
swarm_52_67.pdb	12.471	22.306	0	16.593
swarm_20_1.pdb	12.256	29.587	0	16.586
swarm_15_138.pdb	12.402	41.942	0	16.584
swarm_29_166.pdb	9.886	28.653	0	16.580
swarm_20_161.pdb	11.378	29.663	0	16.579
swarm_24_194.pdb	13.867	41.967	0	16.571
swarm_12_115.pdb	13.799	36.672	0	16.570
swarm_32_185.pdb	12.812	38.162	0	16.566
swarm_51_123.pdb	11.574	33.317	0	16.562
swarm_27_51.pdb	9.394	39.747	0	16.562
swarm_2_51.pdb	10.510	39.181	0	16.555
swarm_28_89.pdb	13.500	41.652	0	16.552
swarm_8_128.pdb	10.380	26.194	0	16.541
swarm_7_69.pdb	7.215	29.699	0.107143	16.527
swarm_47_98.pdb	8.452	29.986	0.25	16.521
swarm_35_194.pdb	13.473	26.036	0	16.521
swarm_6_117.pdb	13.416	40.953	0	16.520
swarm_51_117.pdb	9.061	37.423	0	16.515
swarm_30_87.pdb	14.971	34.955	0	16.510
swarm_14_49.pdb	14.164	33.882	0	16.499
swarm_11_141.pdb	11.539	27.454	0	16.493
swarm_38_112.pdb	13.939	34.637	0	16.472
swarm_28_1.pdb	12.430	34.101	0	16.460
swarm_43_88.pdb	10.362	22.328	0	16.453
swarm_20_88.pdb	10.555	19.549	0	16.449
swarm_41_67.pdb	16.050	36.870	0	16.445
swarm_5_196.pdb	11.285	28.825	0.0357143	16.444
swarm_44_149.pdb	5.755	10.522	0	16.443
swarm_46_186.pdb	10.178	37.539	0	16.439
swarm_36_120.pdb	13.972	35.626	0	16.431
swarm_5_66.pdb	10.145	39.245	0	16.427
swarm_25_2.pdb	11.892	40.990	0	16.424
swarm_14_125.pdb	12.452	31.538	0	16.420
swarm_29_40.pdb	10.901	32.626	0	16.418
swarm_39_77.pdb	11.517	20.766	0	16.410
swarm_29_112.pdb	12.460	34.292	0	16.404
swarm_47_14.pdb	11.968	32.131	0	16.403
swarm_44_129.pdb	13.924	45.084	0	16.402
swarm_5_176.pdb	16.022	45.811	0	16.394
swarm_7_162.pdb	12.531	31.298	0	16.392
swarm_26_184.pdb	15.046	40.070	0	16.382
swarm_56_57.pdb	12.507	30.759	0	16.365
swarm_56_78.pdb	6.668	28.014	0.0357143	16.353
swarm_6_3.pdb	13.368	32.721	0	16.351
swarm_36_80.pdb	9.634	22.258	0	16.348
swarm_32_105.pdb	13.578	35.980	0	16.342
swarm_26_68.pdb	12.463	40.133	0	16.322
swarm_32_25.pdb	11.794	40.807	0	16.316
swarm_2_7.pdb	11.683	19.905	0	16.315
swarm_22_198.pdb	7.050	22.934	0.0357143	16.312
swarm_7_33.pdb	7.922	31.933	0	16.299
swarm_11_131.pdb	12.636	30.411	0	16.299
swarm_38_1.pdb	13.204	26.853	0	16.290
swarm_32_34.pdb	11.570	32.869	0	16.288
swarm_5_173.pdb	13.096	25.423	0	16.275
swarm_16_14.pdb	11.451	32.486	0	16.252
swarm_33_2.pdb	11.832	39.065	0	16.247
swarm_11_151.pdb	6.365	24.338	0.107143	16.241
swarm_47_62.pdb	11.279	36.879	0	16.232
swarm_21_21.pdb	15.049	39.021	0	16.232
swarm_35_108.pdb	12.614	33.372	0	16.223
swarm_15_154.pdb	7.541	18.942	0.142857	16.217
swarm_10_88.pdb	10.415	18.516	0	16.205
swarm_32_166.pdb	11.375	32.290	0.0714286	16.197
swarm_39_166.pdb	9.064	20.563	0	16.180
swarm_35_143.pdb	9.607	17.890	0	16.180
swarm_20_53.pdb	8.195	25.493	0	16.178
swarm_28_62.pdb	12.802	33.360	0	16.167
swarm_36_118.pdb	11.348	26.545	0	16.165
swarm_48_174.pdb	11.105	32.225	0	16.158
swarm_23_75.pdb	12.055	25.863	0	16.157
swarm_6_33.pdb	11.280	27.170	0.0357143	16.155
swarm_6_196.pdb	14.786	40.846	0	16.129
swarm_36_79.pdb	14.401	35.001	0	16.118
swarm_14_18.pdb	14.414	32.706	0	16.105
swarm_0_22.pdb	14.852	42.237	0	16.098
swarm_51_1.pdb	14.169	34.924	0	16.085
swarm_21_109.pdb	10.114	31.989	0.0357143	16.072
swarm_16_193.pdb	9.064	16.150	0	16.072
swarm_43_195.pdb	14.266	29.134	0	16.067
swarm_41_130.pdb	11.339	38.386	0.0357143	16.053
swarm_43_178.pdb	13.087	42.719	0	16.048
swarm_40_143.pdb	15.028	38.310	0	16.039
swarm_18_41.pdb	12.295	22.083	0	16.026
swarm_26_14.pdb	10.319	19.459	0	16.001
swarm_18_150.pdb	10.507	23.854	0	15.994
swarm_33_161.pdb	14.098	44.262	0	15.989
swarm_37_44.pdb	10.246	38.056	0	15.973
swarm_48_148.pdb	12.949	36.936	0	15.965
swarm_20_37.pdb	10.605	28.686	0	15.953
swarm_18_71.pdb	11.586	21.464	0	15.947
swarm_5_121.pdb	13.871	27.164	0	15.937
swarm_39_2.pdb	13.225	39.088	0	15.926
swarm_12_4.pdb	8.573	30.544	0	15.926
swarm_46_167.pdb	10.678	20.303	0	15.924
swarm_15_100.pdb	10.707	32.053	0	15.913
swarm_31_46.pdb	11.629	38.441	0	15.895
swarm_11_159.pdb	14.737	33.682	0	15.890
swarm_28_71.pdb	14.414	37.366	0	15.887
swarm_34_142.pdb	13.853	43.643	0	15.879
swarm_8_49.pdb	13.443	32.543	0	15.872
swarm_31_154.pdb	11.606	25.029	0	15.863
swarm_47_107.pdb	7.829	31.467	0.0357143	15.860
swarm_9_178.pdb	11.742	22.454	0	15.855
swarm_15_63.pdb	13.959	44.008	0	15.844
swarm_7_138.pdb	12.250	21.317	0	15.837
swarm_47_134.pdb	13.070	37.689	0	15.829
swarm_43_197.pdb	13.905	42.333	0	15.829
swarm_18_139.pdb	14.422	33.226	0	15.828
swarm_13_148.pdb	10.526	31.533	0	15.826
swarm_2_97.pdb	13.871	34.220	0	15.825
swarm_31_113.pdb	15.455	39.072	0	15.819
swarm_1_146.pdb	12.003	41.570	0	15.803
swarm_44_150.pdb	10.652	23.369	0	15.799
swarm_19_147.pdb	8.931	17.216	0.178571	15.786
swarm_14_118.pdb	9.665	30.297	0	15.784
swarm_5_89.pdb	14.344	37.185	0	15.768
swarm_47_74.pdb	10.343	27.848	0	15.765
swarm_16_108.pdb	13.658	32.761	0	15.761
swarm_29_144.pdb	14.126	41.878	0	15.746
swarm_6_183.pdb	11.803	33.209	0	15.734
swarm_27_177.pdb	10.145	34.553	0	15.720
swarm_49_49.pdb	14.166	34.230	0	15.718
swarm_47_7.pdb	8.805	30.337	0	15.705
swarm_54_147.pdb	12.950	24.774	0	15.692
swarm_29_2.pdb	12.418	36.437	0	15.689
swarm_32_179.pdb	11.531	30.820	0.142857	15.687
swarm_25_117.pdb	14.853	37.329	0	15.683
swarm_36_24.pdb	9.178	36.308	0	15.671
swarm_25_88.pdb	15.486	42.699	0	15.662
swarm_22_94.pdb	9.708	18.745	0.0714286	15.653
swarm_17_86.pdb	13.192	25.885	0	15.650
swarm_7_190.pdb	11.538	32.375	0	15.636
swarm_56_58.pdb	14.557	37.893	0	15.634
swarm_41_133.pdb	10.606	34.789	0	15.634
swarm_35_133.pdb	13.062	31.569	0	15.632
swarm_1_184.pdb	10.303	32.114	0	15.629
swarm_20_34.pdb	10.185	18.798	0	15.620
swarm_31_160.pdb	12.533	26.897	0	15.615
swarm_43_55.pdb	6.678	20.225	0.0357143	15.614
swarm_13_184.pdb	11.876	31.433	0.214286	15.603
swarm_44_48.pdb	11.849	41.648	0	15.589
swarm_49_98.pdb	13.095	36.977	0	15.583
swarm_27_81.pdb	13.596	38.691	0	15.569
swarm_12_77.pdb	10.371	31.326	0	15.565
swarm_4_199.pdb	15.396	36.177	0	15.560
swarm_32_58.pdb	12.088	26.706	0	15.557
swarm_14_14.pdb	13.850	31.584	0	15.531
swarm_52_18.pdb	9.600	18.570	0	15.529
swarm_38_93.pdb	12.427	34.289	0	15.525
swarm_3_63.pdb	13.151	28.457	0	15.519
swarm_22_22.pdb	13.508	26.904	0	15.516
swarm_9_161.pdb	14.868	32.545	0	15.501
swarm_4_161.pdb	13.951	31.851	0	15.492
swarm_29_56.pdb	11.201	25.439	0	15.492
swarm_24_155.pdb	12.422	37.180	0	15.474
swarm_26_154.pdb	14.480	38.564	0	15.468
swarm_40_180.pdb	15.138	37.831	0	15.465
swarm_40_135.pdb	14.527	43.040	0	15.458
swarm_30_144.pdb	9.991	17.357	0.285714	15.458
swarm_18_11.pdb	13.688	41.244	0	15.457
swarm_31_199.pdb	15.376	44.019	0	15.441
swarm_3_181.pdb	11.451	20.413	0	15.417
swarm_39_178.pdb	9.163	21.576	0	15.400
swarm_47_37.pdb	12.030	42.743	0	15.392
swarm_45_101.pdb	11.428	40.002	0.0357143	15.387
swarm_12_170.pdb	11.513	25.471	0	15.387
swarm_24_47.pdb	15.148	37.186	0	15.382
swarm_46_52.pdb	12.168	32.070	0	15.381
swarm_43_89.pdb	7.241	28.523	0	15.375
swarm_20_96.pdb	7.208	22.236	0	15.375
swarm_5_158.pdb	15.769	36.648	0	15.356
swarm_39_110.pdb	12.046	34.394	0	15.353
swarm_7_62.pdb	13.541	36.078	0	15.346
swarm_35_163.pdb	12.683	30.939	0	15.341
swarm_5_117.pdb	12.146	30.534	0	15.337
swarm_20_189.pdb	12.435	33.626	0	15.318
swarm_9_82.pdb	12.509	25.784	0	15.306
swarm_49_87.pdb	13.929	41.200	0	15.304
swarm_35_151.pdb	11.973	34.332	0	15.304
swarm_33_76.pdb	12.065	23.388	0	15.302
swarm_4_150.pdb	13.410	29.529	0	15.301
swarm_35_181.pdb	9.174	39.639	0	15.300
swarm_10_140.pdb	11.766	21.395	0	15.299
swarm_21_11.pdb	9.840	40.098	0	15.295
swarm_11_164.pdb	13.225	33.016	0	15.293
swarm_28_118.pdb	16.227	43.568	0	15.292
swarm_55_7.pdb	11.397	21.377	0	15.290
swarm_27_65.pdb	13.171	38.685	0	15.289
swarm_24_78.pdb	13.168	36.840	0	15.289
swarm_25_100.pdb	12.571	41.558	0	15.286
swarm_14_30.pdb	12.537	30.081	0	15.281
swarm_36_111.pdb	11.726	22.800	0	15.249
swarm_48_63.pdb	11.822	32.169	0.0357143	15.239
swarm_13_119.pdb	7.696	17.698	0.0714286	15.239
swarm_56_27.pdb	8.829	29.819	0	15.231
swarm_24_160.pdb	10.402	37.442	0	15.224
swarm_11_101.pdb	10.848	29.232	0	15.221
swarm_7_46.pdb	11.494	35.835	0	15.219
swarm_51_159.pdb	13.888	38.194	0	15.218
swarm_47_132.pdb	13.920	36.456	0	15.218
swarm_4_38.pdb	14.101	42.875	0	15.207
swarm_46_167.pdb	8.291	15.645	0	15.196
swarm_24_16.pdb	13.828	37.065	0	15.189
swarm_16_62.pdb	11.265	20.584	0	15.178
swarm_15_147.pdb	12.066	35.348	0	15.170
swarm_46_69.pdb	11.840	28.499	0	15.163
swarm_7_133.pdb	10.959	23.467	0	15.160
swarm_25_29.pdb	11.360	32.299	0	15.160
swarm_6_176.pdb	12.642	32.632	0	15.155
swarm_22_35.pdb	13.594	34.173	0	15.150
swarm_7_97.pdb	8.096	31.867	0	15.147
swarm_40_84.pdb	11.421	38.325	0.0357143	15.136
swarm_24_85.pdb	11.551	38.882	0	15.136
swarm_12_81.pdb	7.997	30.560	0.0357143	15.124
swarm_47_18.pdb	10.722	33.229	0	15.108
swarm_41_34.pdb	9.443	41.028	0	15.098
swarm_6_40.pdb	13.950	29.460	0	15.090
swarm_31_165.pdb	12.319	25.570	0	15.078
swarm_46_51.pdb	14.381	28.683	0	15.074
swarm_4_105.pdb	10.356	35.785	0	15.074
swarm_42_22.pdb	11.052	25.047	0	15.073
swarm_10_163.pdb	10.672	20.030	0	15.067
swarm_20_86.pdb	11.272	24.389	0	15.062
swarm_5_188.pdb	10.129	25.990	0	15.058
swarm_28_149.pdb	15.486	42.876	0	15.051
swarm_25_156.pdb	11.535	32.349	0	15.051
swarm_47_64.pdb	14.153	34.928	0	15.042
swarm_29_178.pdb	5.243	18.845	0.0357143	15.039
swarm_25_9.pdb	11.477	37.435	0	15.021
swarm_17_67.pdb	14.774	31.132	0	15.016
swarm_27_194.pdb	12.498	39.010	0	14.998
swarm_42_199.pdb	7.799	14.953	0	14.997
swarm_44_119.pdb	4.964	17.765	0.107143	14.996
swarm_35_112.pdb	11.922	26.123	0	14.988
swarm_6_162.pdb	12.461	33.489	0	14.984
swarm_41_120.pdb	12.794	31.895	0	14.975
swarm_36_109.pdb	12.842	35.619	0	14.974
swarm_0_151.pdb	9.095	26.623	0	14.967
swarm_22_189.pdb	11.261	25.433	0	14.961
swarm_21_146.pdb	16.529	42.046	0	14.948
swarm_41_20.pdb	7.209	25.826	0.0714286	14.934
swarm_54_13.pdb	13.144	23.562	0	14.933
swarm_41_92.pdb	13.376	38.131	0	14.932
swarm_25_181.pdb	15.820	38.872	0	14.931
swarm_39_183.pdb	10.624	35.520	0.0357143	14.929
swarm_40_151.pdb	7.059	30.477	0	14.915
swarm_25_122.pdb	13.170	38.691	0	14.913
swarm_26_7.pdb	15.217	44.061	0	14.908
swarm_39_140.pdb	11.644	23.466	0	14.904
swarm_48_175.pdb	10.290	40.915	0	14.896
swarm_20_35.pdb	13.134	33.487	0	14.894
swarm_33_135.pdb	11.794	22.176	0	14.888
swarm_7_164.pdb	15.300	35.843	0	14.885
swarm_20_175.pdb	13.554	29.601	0	14.880
swarm_19_124.pdb	10.148	28.646	0	14.877
swarm_29_114.pdb	5.646	21.441	0.0714286	14.876
swarm_46_102.pdb	8.166	21.223	0	14.871
swarm_28_7.pdb	10.455	19.910	0	14.866
swarm_39_164.pdb	10.889	35.569	0	14.857
swarm_53_111.pdb	13.018	28.617	0	14.844
swarm_41_69.pdb	10.458	24.449	0	14.833
swarm_5_16.pdb	11.057	23.376	0	14.831
swarm_14_182.pdb	10.832	29.502	0	14.824
swarm_22_91.pdb	4.091	10.479	0.464286	14.822
swarm_17_184.pdb	9.103	21.741	0	14.821
swarm_19_66.pdb	8.508	25.505	0.0357143	14.818
swarm_11_167.pdb	12.309	23.866	0	14.818
swarm_8_184.pdb	11.797	31.132	0	14.809
swarm_52_135.pdb	11.555	26.574	0	14.803
swarm_40_62.pdb	16.499	42.873	0	14.803
swarm_0_134.pdb	12.255	30.252	0	14.790
swarm_1_27.pdb	11.587	30.255	0	14.780
swarm_12_90.pdb	11.510	25.574	0	14.777
swarm_31_21.pdb	14.762	42.112	0	14.776
swarm_4_111.pdb	10.425	32.784	0	14.770
swarm_16_151.pdb	11.529	33.716	0	14.756
swarm_43_33.pdb	9.198	24.245	0	14.755
swarm_33_197.pdb	10.798	26.825	0	14.705
swarm_28_0.pdb	11.352	39.513	0	14.704
swarm_54_50.pdb	9.960	18.883	0	14.699
swarm_33_112.pdb	13.394	28.211	0	14.698
swarm_0_145.pdb	11.909	30.020	0	14.698
swarm_38_70.pdb	13.153	32.172	0	14.695
swarm_43_185.pdb	17.444	44.430	0	14.690
swarm_11_69.pdb	12.853	31.175	0	14.686
swarm_13_40.pdb	13.166	31.889	0	14.684
swarm_45_177.pdb	16.460	45.521	0	14.683
swarm_20_55.pdb	11.056	34.482	0	14.677
swarm_31_7.pdb	15.667	43.174	0	14.662
swarm_46_157.pdb	8.232	24.045	0.0714286	14.659
swarm_15_0.pdb	14.725	33.583	0	14.650
swarm_11_55.pdb	12.201	31.455	0.0357143	14.645
swarm_20_101.pdb	13.524	33.892	0	14.643
swarm_11_42.pdb	7.101	18.460	0	14.643
swarm_10_130.pdb	12.719	22.916	0	14.621
swarm_11_45.pdb	12.568	30.471	0	14.596
swarm_20_144.pdb	8.133	26.829	0.0357143	14.590
swarm_33_93.pdb	7.931	30.179	0	14.585
swarm_3_144.pdb	10.829	21.230	0	14.573
swarm_48_52.pdb	14.023	39.158	0	14.570
swarm_15_102.pdb	8.280	24.487	0	14.548
swarm_27_40.pdb	10.756	20.647	0	14.521
swarm_5_0.pdb	13.420	43.483	0	14.517
swarm_5_57.pdb	13.680	32.656	0	14.516
swarm_3_116.pdb	11.716	22.576	0	14.508
swarm_37_161.pdb	14.973	36.614	0	14.505
swarm_3_44.pdb	9.793	21.713	0	14.505
swarm_42_96.pdb	9.488	29.240	0.25	14.503
swarm_7_179.pdb	7.151	27.339	0.0357143	14.495
swarm_36_132.pdb	8.152	30.419	0.0714286	14.485
swarm_32_53.pdb	14.089	39.045	0	14.480
swarm_0_101.pdb	11.795	29.920	0	14.479
swarm_24_166.pdb	10.948	35.346	0	14.465
swarm_15_191.pdb	11.720	39.632	0.0357143	14.444
swarm_33_42.pdb	13.008	41.772	0	14.430
swarm_0_178.pdb	15.930	45.101	0	14.423
swarm_13_99.pdb	9.128	30.719	0	14.413
swarm_4_79.pdb	11.887	39.376	0	14.406
swarm_33_135.pdb	12.591	25.915	0	14.392
swarm_27_61.pdb	15.582	38.646	0	14.389
swarm_47_31.pdb	12.219	31.257	0	14.359
swarm_12_149.pdb	11.197	44.441	0	14.339
swarm_35_79.pdb	8.693	26.461	0	14.331
swarm_33_154.pdb	10.915	32.815	0	14.331
swarm_51_198.pdb	12.222	32.509	0	14.327
swarm_34_185.pdb	8.788	37.444	0	14.322
swarm_5_122.pdb	11.124	28.291	0	14.317
swarm_35_142.pdb	13.689	36.373	0	14.316
swarm_3_58.pdb	10.007	29.917	0.0357143	14.311
swarm_31_99.pdb	13.216	30.693	0	14.293
swarm_11_124.pdb	11.324	20.469	0	14.285
swarm_54_27.pdb	6.835	28.732	0	14.281
swarm_47_183.pdb	12.017	35.754	0	14.277
swarm_47_58.pdb	13.302	33.819	0	14.265
swarm_36_185.pdb	11.068	29.538	0	14.263
swarm_21_25.pdb	7.106	28.489	0	14.261
swarm_16_114.pdb	12.158	26.657	0	14.235
swarm_42_40.pdb	13.171	30.511	0	14.229
swarm_49_26.pdb	14.609	31.143	0	14.225
swarm_52_80.pdb	12.024	25.658	0	14.224
swarm_20_198.pdb	10.500	17.970	0	14.219
swarm_2_8.pdb	15.397	36.486	0	14.217
swarm_0_66.pdb	14.221	30.227	0	14.203
swarm_31_94.pdb	12.951	28.785	0	14.202
swarm_44_71.pdb	16.034	42.692	0	14.184
swarm_36_15.pdb	13.855	38.584	0	14.175
swarm_35_37.pdb	15.236	35.305	0	14.170
swarm_34_181.pdb	11.094	18.803	0.107143	14.170
swarm_0_157.pdb	12.460	42.122	0	14.168
swarm_36_92.pdb	14.426	39.923	0	14.153
swarm_41_80.pdb	15.834	39.782	0	14.146
swarm_4_92.pdb	10.075	26.449	0	14.142
swarm_44_141.pdb	13.418	26.224	0	14.140
swarm_39_12.pdb	11.528	24.929	0	14.117
swarm_43_17.pdb	8.501	27.564	0	14.115
swarm_11_86.pdb	8.582	29.148	0	14.111
swarm_14_15.pdb	10.555	30.988	0.0714286	14.104
swarm_5_59.pdb	11.749	28.889	0	14.096
swarm_13_136.pdb	9.534	22.122	0	14.093
swarm_12_191.pdb	13.663	43.688	0	14.085
swarm_54_24.pdb	12.860	31.938	0	14.068
swarm_10_53.pdb	12.941	24.940	0	14.063
swarm_37_11.pdb	11.301	28.116	0	14.062
swarm_7_86.pdb	13.503	37.152	0	14.060
swarm_45_16.pdb	12.657	28.446	0	14.058
swarm_45_114.pdb	13.178	28.612	0	14.051
swarm_20_188.pdb	8.228	16.068	0	14.048
swarm_41_134.pdb	14.949	40.321	0	14.040
swarm_16_186.pdb	9.810	16.521	0	14.023
swarm_44_129.pdb	8.255	19.854	0	14.019
swarm_30_98.pdb	13.330	42.152	0	14.012
swarm_12_196.pdb	11.579	33.600	0	13.998
swarm_1_186.pdb	12.053	29.397	0.0714286	13.998
swarm_30_131.pdb	17.067	44.652	0	13.991
swarm_5_123.pdb	14.984	41.909	0	13.989
swarm_21_142.pdb	15.358	39.090	0	13.979
swarm_47_60.pdb	14.814	37.665	0	13.977
swarm_35_125.pdb	13.777	28.657	0	13.973
swarm_25_190.pdb	14.438	38.023	0	13.967
swarm_3_165.pdb	8.929	33.351	0	13.962
swarm_19_182.pdb	11.663	27.953	0	13.950
swarm_5_42.pdb	13.752	43.284	0	13.929
swarm_7_28.pdb	13.751	25.134	0	13.888
swarm_4_166.pdb	12.824	30.558	0.0357143	13.880
swarm_47_144.pdb	13.710	36.283	0	13.877
swarm_11_103.pdb	12.766	28.963	0	13.871
swarm_18_168.pdb	12.658	21.741	0	13.870
swarm_49_7.pdb	11.126	29.898	0	13.863
swarm_21_48.pdb	10.551	21.384	0.0357143	13.863
swarm_13_117.pdb	14.993	36.856	0	13.858
swarm_14_186.pdb	5.240	23.641	0.0714286	13.857
swarm_24_35.pdb	13.019	28.766	0	13.856
swarm_11_29.pdb	11.537	26.621	0.0357143	13.853
swarm_36_137.pdb	10.819	32.837	0	13.844
swarm_33_90.pdb	14.001	31.503	0	13.838
swarm_46_140.pdb	11.463	25.233	0	13.836
swarm_21_146.pdb	17.312	43.750	0	13.798
swarm_55_111.pdb	6.143	14.108	0.25	13.767
swarm_31_13.pdb	12.846	23.986	0	13.767
swarm_39_179.pdb	12.024	26.603	0	13.764
swarm_11_61.pdb	11.714	21.657	0.0357143	13.761
swarm_11_64.pdb	10.096	31.323	0	13.759
swarm_36_32.pdb	5.846	14.036	0.0357143	13.755
swarm_25_26.pdb	12.192	36.221	0	13.752
swarm_39_93.pdb	15.624	39.926	0	13.737
swarm_39_76.pdb	12.425	32.067	0	13.721
swarm_48_29.pdb	12.899	35.698	0	13.716
swarm_8_187.pdb	14.616	30.611	0	13.692
swarm_1_97.pdb	11.918	29.151	0	13.685
swarm_29_145.pdb	13.761	24.048	0	13.678
swarm_35_147.pdb	14.104	33.129	0	13.672
swarm_15_58.pdb	12.589	28.312	0	13.669
swarm_24_19.pdb	14.046	35.107	0	13.662
swarm_41_180.pdb	16.139	38.962	0	13.659
swarm_24_124.pdb	10.937	30.096	0	13.654
swarm_38_11.pdb	12.349	30.082	0.0357143	13.647
swarm_47_117.pdb	14.597	39.039	0	13.645
swarm_29_43.pdb	14.970	37.519	0	13.638
swarm_0_113.pdb	10.396	26.476	0	13.621
swarm_12_132.pdb	9.087	26.544	0	13.613
swarm_21_118.pdb	12.800	36.369	0	13.585
swarm_0_64.pdb	13.916	28.222	0	13.582
swarm_12_39.pdb	16.264	39.691	0	13.553
swarm_0_16.pdb	12.444	23.465	0	13.546
swarm_12_9.pdb	13.565	43.501	0	13.521
swarm_15_31.pdb	11.999	28.354	0	13.507
swarm_0_133.pdb	11.993	34.498	0	13.505
swarm_38_95.pdb	14.302	37.418	0	13.503
swarm_20_14.pdb	14.269	31.044	0	13.478
swarm_29_68.pdb	10.009	32.449	0	13.465
swarm_38_128.pdb	8.145	31.653	0.0357143	13.448
swarm_27_159.pdb	10.042	23.190	0	13.442
swarm_24_120.pdb	5.885	24.641	0.142857	13.442
swarm_39_154.pdb	11.897	35.883	0	13.435
swarm_18_54.pdb	10.085	17.265	0	13.402
swarm_3_37.pdb	8.160	34.740	0	13.396
swarm_14_71.pdb	12.729	22.011	0	13.393
swarm_34_86.pdb	10.171	22.367	0	13.386
swarm_24_112.pdb	9.495	27.689	0	13.374
swarm_26_90.pdb	13.556	35.370	0	13.371
swarm_11_186.pdb	13.879	32.787	0	13.347
swarm_24_26.pdb	14.535	37.656	0	13.346
swarm_27_132.pdb	14.764	33.799	0	13.342
swarm_8_171.pdb	10.638	25.569	0	13.340
swarm_17_190.pdb	11.486	41.176	0	13.338
swarm_51_57.pdb	13.313	39.090	0	13.328
swarm_14_129.pdb	11.249	20.604	0	13.324
swarm_31_24.pdb	5.312	21.262	0.0714286	13.317
swarm_47_22.pdb	12.712	32.434	0	13.312
swarm_7_136.pdb	13.214	34.556	0	13.306
swarm_1_123.pdb	11.806	31.490	0.0357143	13.304
swarm_28_100.pdb	14.059	37.079	0	13.290
swarm_38_90.pdb	14.289	30.037	0	13.276
swarm_38_14.pdb	11.653	27.783	0	13.273
swarm_24_184.pdb	12.387	32.191	0	13.262
swarm_20_146.pdb	12.896	33.032	0	13.233
swarm_30_111.pdb	13.007	35.887	0	13.216
swarm_37_2.pdb	8.959	37.866	0.142857	13.210
swarm_25_50.pdb	13.056	36.984	0	13.206
swarm_45_183.pdb	10.184	27.020	0	13.205
swarm_25_80.pdb	13.990	40.920	0	13.195
swarm_6_163.pdb	7.829	26.800	0.0714286	13.188
swarm_44_14.pdb	11.467	25.197	0	13.183
swarm_7_102.pdb	14.189	29.704	0	13.178
swarm_51_69.pdb	13.648	40.541	0	13.175
swarm_19_106.pdb	12.191	31.105	0	13.166
swarm_14_96.pdb	12.866	31.362	0	13.160
swarm_56_22.pdb	12.395	31.027	0	13.147
swarm_19_126.pdb	11.239	22.097	0	13.146
swarm_49_49.pdb	12.952	29.194	0	13.135
swarm_29_69.pdb	13.144	28.916	0	13.134
swarm_38_162.pdb	9.668	26.085	0	13.128
swarm_25_144.pdb	13.099	41.226	0	13.122
swarm_9_21.pdb	12.610	31.147	0	13.086
swarm_46_162.pdb	6.850	15.112	0.25	13.082
swarm_22_94.pdb	14.398	35.687	0	13.082
swarm_0_45.pdb	11.440	25.285	0	13.063
swarm_27_49.pdb	13.873	36.924	0	13.049
swarm_7_113.pdb	12.815	33.584	0	13.046
swarm_1_191.pdb	15.528	45.006	0	13.043
swarm_40_41.pdb	11.830	34.201	0	13.041
swarm_15_16.pdb	12.173	28.343	0	13.020
swarm_16_62.pdb	9.455	15.542	0	13.019
swarm_36_198.pdb	11.907	26.006	0	13.015
swarm_29_126.pdb	11.960	33.444	0	13.006
swarm_3_6.pdb	12.672	25.824	0	12.976
swarm_32_152.pdb	13.860	40.541	0	12.961
swarm_43_15.pdb	10.449	21.541	0	12.953
swarm_44_35.pdb	11.748	25.408	0	12.951
swarm_13_71.pdb	11.146	32.745	0	12.941
swarm_46_146.pdb	15.308	38.889	0	12.938
swarm_12_21.pdb	12.696	26.161	0	12.938
swarm_41_191.pdb	15.122	37.215	0	12.930
swarm_44_186.pdb	9.405	24.099	0.0714286	12.928
swarm_11_72.pdb	11.272	23.884	0	12.901
swarm_25_122.pdb	14.181	37.849	0	12.898
swarm_46_135.pdb	7.684	17.769	0	12.884
swarm_56_85.pdb	14.455	40.084	0	12.876
swarm_4_12.pdb	13.949	30.195	0	12.872
swarm_46_125.pdb	10.627	21.408	0	12.862
swarm_14_174.pdb	14.119	29.535	0	12.846
swarm_35_192.pdb	13.059	23.056	0	12.839
swarm_13_175.pdb	12.152	28.516	0	12.833
swarm_55_28.pdb	13.243	23.141	0	12.812
swarm_54_123.pdb	15.974	37.819	0	12.797
swarm_12_15.pdb	11.791	33.814	0	12.789
swarm_29_22.pdb	12.785	29.420	0	12.782
swarm_36_92.pdb	9.078	31.449	0.0714286	12.775
swarm_54_159.pdb	13.048	30.295	0	12.769
swarm_40_119.pdb	10.584	39.135	0	12.768
swarm_11_168.pdb	10.631	22.962	0	12.767
swarm_12_45.pdb	16.597	42.550	0	12.761
swarm_27_133.pdb	12.396	31.993	0	12.759
swarm_40_65.pdb	9.916	17.111	0	12.737
swarm_1_110.pdb	14.921	44.736	0	12.736
swarm_12_13.pdb	14.057	32.431	0	12.728
swarm_41_31.pdb	14.384	30.678	0	12.726
swarm_41_100.pdb	17.176	41.958	0	12.712
swarm_33_97.pdb	11.626	29.474	0	12.708
swarm_4_30.pdb	12.026	31.229	0	12.705
swarm_14_81.pdb	11.737	30.716	0	12.701
swarm_3_126.pdb	11.552	24.173	0	12.678
swarm_24_31.pdb	10.074	37.686	0.0714286	12.676
swarm_3_34.pdb	15.026	39.375	0	12.671
swarm_20_142.pdb	11.903	27.430	0	12.668
swarm_11_101.pdb	8.811	14.601	0	12.667
swarm_3_160.pdb	14.923	37.678	0	12.662
swarm_24_141.pdb	13.453	36.534	0	12.643
swarm_18_15.pdb	12.184	38.604	0	12.629
swarm_45_165.pdb	15.065	32.780	0	12.620
swarm_0_96.pdb	12.561	29.814	0	12.617
swarm_26_17.pdb	14.177	39.032	0	12.609
swarm_25_88.pdb	15.546	39.912	0	12.606
swarm_22_143.pdb	11.074	29.370	0	12.605
swarm_35_1.pdb	14.980	35.623	0	12.603
swarm_47_89.pdb	13.219	32.331	0	12.591
swarm_6_178.pdb	9.551	42.004	0.107143	12.590
swarm_47_176.pdb	9.901	37.488	0	12.590
swarm_55_96.pdb	7.940	13.802	0	12.582
swarm_35_105.pdb	14.542	32.911	0	12.579
swarm_25_16.pdb	10.724	32.188	0	12.568
swarm_25_44.pdb	16.413	42.765	0	12.561
swarm_3_101.pdb	16.644	39.189	0	12.557
swarm_4_97.pdb	14.341	35.813	0	12.553
swarm_10_78.pdb	12.891	24.980	0	12.538
swarm_9_31.pdb	11.039	26.843	0	12.525
swarm_25_76.pdb	11.290	29.830	0	12.525
swarm_17_187.pdb	16.393	44.906	0	12.505
swarm_49_155.pdb	14.548	35.484	0	12.491
swarm_9_74.pdb	11.800	27.578	0	12.490
swarm_18_155.pdb	9.578	25.603	0	12.489
swarm_54_68.pdb	11.256	32.384	0	12.479
swarm_11_68.pdb	14.130	30.732	0	12.457
swarm_25_171.pdb	11.652	32.771	0	12.454
swarm_54_170.pdb	12.364	21.115	0	12.450
swarm_28_10.pdb	14.082	31.891	0	12.446
swarm_6_91.pdb	15.473	36.027	0	12.444
swarm_25_44.pdb	15.266	40.362	0	12.436
swarm_5_102.pdb	13.262	41.989	0	12.431
swarm_24_31.pdb	13.485	33.780	0	12.415
swarm_31_183.pdb	12.033	27.337	0	12.411
swarm_45_113.pdb	11.209	29.889	0	12.386
swarm_14_62.pdb	12.655	31.431	0	12.385
swarm_14_163.pdb	13.361	28.073	0	12.385
swarm_7_34.pdb	6.954	17.456	0	12.382
swarm_43_124.pdb	16.823	43.939	0	12.382
swarm_7_160.pdb	14.781	35.774	0	12.380
swarm_54_108.pdb	7.234	27.432	0.0714286	12.370
swarm_39_138.pdb	15.149	35.944	0	12.369
swarm_14_12.pdb	14.629	30.380	0	12.341
swarm_4_37.pdb	14.610	38.885	0	12.331
swarm_35_191.pdb	12.838	36.233	0	12.331
swarm_31_16.pdb	14.386	28.587	0	12.321
swarm_19_171.pdb	10.635	23.516	0	12.298
swarm_11_124.pdb	5.813	23.013	0.178571	12.284
swarm_12_166.pdb	14.296	32.838	0	12.282
swarm_0_78.pdb	13.682	28.235	0	12.268
swarm_39_176.pdb	13.164	28.341	0	12.265
swarm_47_175.pdb	16.160	34.392	0	12.255
swarm_1_162.pdb	12.447	28.303	0	12.250
swarm_2_116.pdb	11.229	20.564	0	12.247
swarm_39_14.pdb	14.194	32.560	0	12.242
swarm_41_117.pdb	10.842	30.865	0	12.239
swarm_4_152.pdb	12.586	33.230	0	12.237
swarm_27_34.pdb	8.522	35.393	0	12.236
swarm_37_162.pdb	10.730	17.706	0	12.232
swarm_46_174.pdb	11.933	30.302	0	12.231
swarm_24_186.pdb	10.869	28.500	0	12.219
swarm_36_93.pdb	12.983	25.043	0	12.217
swarm_9_82.pdb	12.778	32.408	0	12.216
swarm_46_140.pdb	14.752	34.428	0	12.216
swarm_33_84.pdb	11.209	32.610	0	12.210
swarm_8_119.pdb	13.739	38.621	0	12.200
swarm_43_34.pdb	15.490	34.607	0	12.156
swarm_42_72.pdb	6.038	20.950	0.142857	12.138
swarm_11_77.pdb	13.474	31.347	0	12.119
swarm_10_91.pdb	12.178	27.971	0	12.110
swarm_5_5.pdb	11.876	27.886	0	12.106
swarm_14_19.pdb	8.312	16.686	0	12.071
swarm_41_40.pdb	15.648	41.479	0	12.065
swarm_22_170.pdb	14.033	25.619	0	12.065
swarm_10_29.pdb	11.719	25.671	0	12.045
swarm_29_6.pdb	14.831	38.710	0	12.042
swarm_6_71.pdb	13.476	32.922	0	12.035
swarm_31_28.pdb	12.772	34.962	0	11.988
swarm_40_15.pdb	14.866	35.828	0	11.959
swarm_12_56.pdb	10.938	33.856	0	11.953
swarm_5_157.pdb	11.223	20.795	0	11.949
swarm_41_90.pdb	12.946	26.095	0	11.915
swarm_41_137.pdb	13.221	37.766	0	11.875
swarm_27_3.pdb	10.499	25.660	0.0714286	11.870
swarm_48_4.pdb	14.445	40.753	0	11.863
swarm_16_71.pdb	13.551	31.357	0	11.846
swarm_41_78.pdb	14.713	35.382	0	11.844
swarm_10_72.pdb	12.450	22.484	0	11.839
swarm_31_91.pdb	13.978	28.289	0	11.837
swarm_40_74.pdb	15.139	41.499	0	11.809
swarm_56_62.pdb	14.212	34.021	0	11.799
swarm_19_83.pdb	11.267	28.821	0	11.761
swarm_54_175.pdb	16.119	35.828	0	11.752
swarm_45_43.pdb	13.127	30.449	0	11.738
swarm_17_172.pdb	11.745	21.868	0	11.731
swarm_39_1.pdb	14.383	41.939	0	11.729
swarm_56_16.pdb	14.052	35.526	0	11.707
swarm_24_166.pdb	11.302	24.671	0	11.706
swarm_1_57.pdb	14.877	30.389	0	11.704
swarm_32_30.pdb	15.173	37.127	0	11.698
swarm_44_164.pdb	13.255	24.048	0	11.679
swarm_54_199.pdb	14.184	24.908	0	11.673
swarm_0_58.pdb	10.191	23.500	0	11.663
swarm_16_26.pdb	15.496	36.238	0	11.658
swarm_38_73.pdb	9.785	25.326	0.0357143	11.650
swarm_21_118.pdb	14.362	35.255	0	11.647
swarm_41_119.pdb	14.565	32.845	0	11.637
swarm_35_16.pdb	10.751	31.212	0.107143	11.630
swarm_31_142.pdb	11.689	24.319	0	11.630
swarm_1_182.pdb	13.399	29.081	0	11.622
swarm_42_28.pdb	13.323	24.460	0	11.608
swarm_31_25.pdb	14.875	31.072	0	11.603
swarm_27_81.pdb	11.416	34.815	0.0357143	11.602
swarm_40_59.pdb	16.230	40.155	0	11.579
swarm_11_97.pdb	14.345	32.598	0	11.562
swarm_38_57.pdb	11.043	24.976	0	11.558
swarm_13_84.pdb	15.505	35.919	0	11.539
swarm_8_65.pdb	11.735	33.941	0.0357143	11.533
swarm_38_32.pdb	14.546	35.872	0	11.529
swarm_38_18.pdb	9.585	15.026	0	11.526
swarm_46_194.pdb	11.126	21.557	0	11.512
swarm_39_82.pdb	13.795	26.003	0	11.499
swarm_44_108.pdb	10.176	16.795	0	11.491
swarm_8_140.pdb	13.811	29.612	0	11.485
swarm_54_166.pdb	8.999	22.012	0	11.465
swarm_6_121.pdb	15.192	36.039	0	11.462
swarm_26_135.pdb	16.585	41.664	0	11.462
swarm_1_144.pdb	13.370	29.121	0	11.453
swarm_6_151.pdb	14.939	32.916	0	11.452
swarm_35_93.pdb	10.155	33.622	0	11.451
swarm_19_80.pdb	12.203	21.678	0	11.408
swarm_29_26.pdb	12.905	28.138	0	11.391
swarm_47_90.pdb	14.236	31.274	0	11.390
swarm_31_190.pdb	13.599	31.357	0	11.375
swarm_56_132.pdb	13.511	32.905	0	11.374
swarm_3_9.pdb	16.528	43.886	0	11.373
swarm_41_139.pdb	10.474	37.341	0.0357143	11.357
swarm_18_80.pdb	14.171	27.657	0	11.346
swarm_38_168.pdb	14.249	34.308	0	11.343
swarm_47_75.pdb	15.282	40.643	0	11.324
swarm_25_147.pdb	13.566	34.391	0	11.321
swarm_6_120.pdb	12.444	30.058	0	11.318
swarm_30_194.pdb	13.485	46.757	0	11.274
swarm_43_97.pdb	10.463	29.714	0	11.271
swarm_47_94.pdb	10.488	32.107	0	11.255
swarm_39_139.pdb	4.621	17.481	0.107143	11.233
swarm_21_87.pdb	15.450	38.433	0	11.229
swarm_40_194.pdb	14.451	39.115	0	11.210
swarm_45_136.pdb	14.729	28.025	0	11.207
swarm_11_156.pdb	11.935	21.477	0	11.203
swarm_40_130.pdb	14.469	37.656	0	11.194
swarm_45_116.pdb	14.429	36.109	0	11.185
swarm_13_184.pdb	10.647	20.479	0	11.185
swarm_30_157.pdb	15.988	38.941	0	11.151
swarm_25_34.pdb	15.697	37.776	0	11.141
swarm_16_33.pdb	13.152	35.455	0	11.134
swarm_5_186.pdb	14.334	33.195	0	11.126
swarm_7_100.pdb	11.902	37.467	0	11.122
swarm_29_150.pdb	14.595	34.754	0	11.121
swarm_18_16.pdb	14.300	31.265	0	11.119
swarm_45_22.pdb	14.379	32.212	0	11.114
swarm_2_6.pdb	10.918	20.209	0.107143	11.107
swarm_1_123.pdb	11.801	31.098	0	11.088
swarm_4_132.pdb	11.596	32.170	0	11.071
swarm_10_62.pdb	10.544	18.263	0	11.065
swarm_12_30.pdb	14.540	34.229	0	11.050
swarm_12_92.pdb	13.304	27.220	0	11.045
swarm_13_1.pdb	14.087	28.376	0	11.041
swarm_47_149.pdb	16.940	40.879	0	11.040
swarm_5_14.pdb	12.379	28.015	0	11.038
swarm_0_157.pdb	11.287	29.061	0	11.037
swarm_42_139.pdb	14.120	44.019	0	11.015
swarm_0_35.pdb	10.750	28.040	0.107143	11.006
swarm_8_53.pdb	12.990	33.068	0	10.978
swarm_6_114.pdb	9.579	27.267	0	10.976
swarm_13_20.pdb	12.845	32.752	0	10.976
swarm_45_120.pdb	14.168	32.861	0	10.967
swarm_28_194.pdb	10.649	36.768	0	10.951
swarm_12_38.pdb	9.585	31.836	0	10.948
swarm_32_59.pdb	15.152	42.486	0	10.913
swarm_8_35.pdb	13.063	27.141	0	10.886
swarm_1_144.pdb	13.071	30.381	0	10.882
swarm_1_105.pdb	15.147	31.693	0	10.855
swarm_16_102.pdb	13.510	35.749	0	10.814
swarm_22_14.pdb	10.902	40.887	0	10.796
swarm_36_6.pdb	15.989	34.921	0	10.762
swarm_13_172.pdb	7.841	23.848	0.0714286	10.737
swarm_21_151.pdb	16.286	43.019	0	10.708
swarm_3_135.pdb	13.535	26.391	0	10.701
swarm_34_86.pdb	14.404	45.630	0	10.700
swarm_1_162.pdb	11.086	26.580	0	10.699
swarm_38_194.pdb	9.558	21.557	0	10.696
swarm_4_179.pdb	9.275	26.867	0	10.689
swarm_4_171.pdb	12.596	30.912	0	10.687
swarm_12_27.pdb	15.178	30.818	0	10.656
swarm_46_151.pdb	11.455	29.740	0	10.641
swarm_4_37.pdb	15.258	34.275	0	10.613
swarm_56_145.pdb	15.786	35.536	0	10.587
swarm_33_120.pdb	12.601	36.334	0	10.580
swarm_45_4.pdb	8.882	24.823	0	10.560
swarm_1_47.pdb	15.451	32.069	0	10.558
swarm_21_155.pdb	15.272	39.241	0	10.547
swarm_33_26.pdb	14.177	26.053	0	10.540
swarm_45_163.pdb	6.867	29.257	0.0357143	10.513
swarm_54_144.pdb	13.421	33.113	0	10.495
swarm_11_122.pdb	14.050	29.887	0	10.456
swarm_7_156.pdb	11.996	36.157	0	10.439
swarm_24_136.pdb	15.787	36.567	0	10.423
swarm_5_150.pdb	13.869	34.302	0	10.417
swarm_12_84.pdb	16.374	33.723	0	10.415
swarm_40_75.pdb	13.206	37.536	0	10.412
swarm_36_163.pdb	13.086	25.445	0	10.391
swarm_30_99.pdb	16.592	41.498	0	10.391
swarm_44_72.pdb	11.701	26.990	0	10.366
swarm_25_115.pdb	17.390	40.403	0	10.344
swarm_39_139.pdb	7.000	27.950	0	10.332
swarm_21_110.pdb	14.482	34.025	0	10.318
swarm_30_108.pdb	17.130	44.518	0	10.302
swarm_40_194.pdb	11.089	35.008	0	10.292
swarm_18_2.pdb	6.747	16.898	0	10.278
swarm_40_37.pdb	13.075	36.738	0	10.233
swarm_35_105.pdb	17.220	41.901	0	10.176
swarm_48_166.pdb	11.112	33.396	0.214286	10.141
swarm_0_70.pdb	12.492	27.082	0	10.140
swarm_13_128.pdb	14.965	35.469	0	10.123
swarm_41_188.pdb	7.795	30.822	0	10.111
swarm_36_189.pdb	15.893	37.624	0	10.056
swarm_19_27.pdb	11.907	30.401	0	10.042
swarm_12_69.pdb	15.845	31.618	0	10.038
swarm_44_182.pdb	10.993	22.133	0.0357143	10.034
swarm_12_188.pdb	14.122	32.658	0	10.015
swarm_54_39.pdb	14.329	26.946	0	10.003
swarm_43_34.pdb	13.176	27.462	0	9.976
swarm_45_195.pdb	11.354	31.741	0	9.940
swarm_56_8.pdb	14.682	32.253	0	9.917
swarm_38_194.pdb	8.946	17.522	0.0714286	9.873
swarm_7_94.pdb	16.333	36.901	0	9.846
swarm_38_64.pdb	15.059	35.349	0	9.817
swarm_45_65.pdb	14.737	31.631	0	9.815
swarm_11_40.pdb	13.505	32.022	0	9.813
swarm_55_27.pdb	10.649	23.029	0	9.786
swarm_20_181.pdb	12.668	27.782	0.0357143	9.769
swarm_12_199.pdb	15.617	29.637	0	9.765
swarm_13_195.pdb	14.222	37.686	0	9.725
swarm_33_142.pdb	13.470	38.139	0	9.711
swarm_24_6.pdb	14.847	39.020	0	9.691
swarm_21_122.pdb	14.821	39.722	0	9.685
swarm_17_168.pdb	14.725	32.827	0	9.665
swarm_56_0.pdb	14.257	33.671	0	9.651
swarm_41_5.pdb	14.286	29.434	0	9.632
swarm_11_17.pdb	5.978	18.334	0.0357143	9.569
swarm_18_119.pdb	15.758	40.302	0	9.519
swarm_4_83.pdb	13.831	35.436	0	9.511
swarm_35_60.pdb	15.251	36.513	0	9.443
swarm_4_56.pdb	14.393	31.207	0	9.436
swarm_15_140.pdb	11.938	27.574	0.107143	9.410
swarm_41_26.pdb	16.617	34.852	0	9.399
swarm_33_193.pdb	15.195	34.522	0	9.387
swarm_45_47.pdb	8.885	34.852	0.142857	9.377
swarm_38_144.pdb	15.207	39.272	0	9.360
swarm_4_145.pdb	12.043	36.680	0	9.357
swarm_15_137.pdb	13.535	33.061	0	9.292
swarm_21_129.pdb	13.804	37.934	0	9.272
swarm_31_140.pdb	16.081	31.377	0	9.215
swarm_4_8.pdb	10.502	28.410	0	9.172
swarm_11_134.pdb	15.965	32.895	0	9.132
swarm_1_0.pdb	14.073	31.746	0	9.077
swarm_14_82.pdb	8.694	26.489	0	9.060
swarm_6_0.pdb	15.270	37.919	0	9.013
swarm_12_87.pdb	14.458	34.160	0	9.009
swarm_18_120.pdb	16.305	39.536	0	8.951
swarm_38_55.pdb	14.741	35.495	0	8.893
swarm_20_151.pdb	15.799	34.594	0	8.887
swarm_8_48.pdb	8.588	16.187	0	8.866
swarm_48_199.pdb	11.866	29.671	0.0357143	8.831
swarm_28_167.pdb	8.757	17.341	0	8.820
swarm_32_39.pdb	9.196	17.079	0.0357143	8.815
swarm_42_122.pdb	9.023	27.225	0.0357143	8.794
swarm_39_180.pdb	14.358	41.617	0	8.754
swarm_13_44.pdb	7.486	21.534	0.107143	8.647
swarm_7_167.pdb	13.753	40.431	0	8.555
swarm_54_5.pdb	13.748	27.304	0	8.463
swarm_21_182.pdb	16.942	41.151	0	8.427
swarm_36_154.pdb	13.149	29.977	0	8.406
swarm_38_170.pdb	8.695	30.979	0.0357143	8.242
swarm_24_6.pdb	14.954	34.682	0	8.097
swarm_29_36.pdb	14.557	29.695	0	8.079
swarm_38_20.pdb	16.487	37.077	0	7.990
swarm_20_42.pdb	11.780	36.172	0.0357143	7.983
swarm_5_6.pdb	15.375	40.910	0	7.822
swarm_4_107.pdb	11.308	27.044	0	7.786
swarm_20_108.pdb	7.533	24.528	0.0714286	7.767
swarm_21_67.pdb	18.295	43.865	0	7.693
swarm_6_124.pdb	13.284	28.559	0	7.618
swarm_21_136.pdb	10.492	34.141	0	7.422
swarm_20_67.pdb	12.073	27.038	0	7.270
swarm_38_160.pdb	10.901	24.687	0.0714286	6.951
swarm_14_199.pdb	9.904	23.683	0	6.946
swarm_7_180.pdb	11.285	31.710	0	6.630
swarm_18_82.pdb	12.901	30.215	0	6.555
swarm_21_79.pdb	13.846	34.996	0	6.540
swarm_30_85.pdb	11.762	21.061	0.107143	6.530
swarm_14_124.pdb	15.779	29.482	0	6.384
swarm_19_53.pdb	12.116	19.147	0	6.248
swarm_5_8.pdb	4.955	16.660	0.25	6.175
swarm_7_24.pdb	16.991	41.497	0	6.081
swarm_7_167.pdb	10.485	27.569	0.107143	5.567
swarm_2_15.pdb	5.811	15.702	0.178571	4.936
swarm_1_118.pdb	9.044	28.275	0	4.859
swarm_24_58.pdb	10.404	33.239	0	4.758
swarm_35_9.pdb	12.874	33.465	0	4.731
swarm_24_85.pdb	8.761	21.007	0.0357143	4.510
swarm_9_174.pdb	10.519	36.893	0.0357143	4.503
swarm_33_33.pdb	12.519	30.130	0	4.444
swarm_44_11.pdb	13.931	24.797	0	4.442
swarm_40_66.pdb	11.023	20.370	0	4.413
swarm_50_186.pdb	5.162	18.023	0.0714286	2.050
swarm_43_13.pdb	8.038	20.401	0.178571	1.501
swarm_25_199.pdb	16.068	41.918	0	1.389
swarm_43_152.pdb	13.394	25.872	0	0.824
swarm_41_158.pdb	6.022	21.985	0.142857	0.679
