swarm_36_5.pdb	4.807	13.166	0.178571	37.358
swarm_20_178.pdb	5.671	19.901	0.142857	36.534
swarm_43_107.pdb	6.917	24.765	0.0714286	36.511
swarm_17_199.pdb	5.794	21.745	0.107143	36.003
swarm_9_5.pdb	5.172	16.330	0.142857	35.531
swarm_34_150.pdb	1.172	2.767	0.964286	34.626
swarm_42_171.pdb	4.910	14.896	0.0714286	34.005
swarm_6_199.pdb	2.598	9.040	0.285714	33.383
swarm_13_166.pdb	6.759	24.973	0	32.642
swarm_16_54.pdb	1.975	6.667	0.714286	32.365
swarm_34_6.pdb	3.833	8.957	0.178571	31.802
swarm_29_45.pdb	7.162	25.695	0.0714286	31.074
swarm_6_156.pdb	6.414	14.408	0.0357143	31.038
swarm_48_37.pdb	6.523	24.585	0	30.956
swarm_23_42.pdb	5.066	15.326	0	30.905
swarm_19_18.pdb	2.793	6.696	0.214286	30.829
swarm_10_35.pdb	5.324	20.115	0.142857	30.743
swarm_0_187.pdb	6.113	19.759	0.178571	30.328
swarm_15_167.pdb	5.506	20.174	0.107143	28.992
swarm_19_192.pdb	6.529	16.853	0	28.582
swarm_31_103.pdb	7.526	29.430	0.0357143	28.453
swarm_16_49.pdb	5.964	17.198	0.0714286	28.275
swarm_46_86.pdb	4.494	10.060	0.0714286	27.920
swarm_22_55.pdb	6.477	24.793	0	27.633
swarm_36_192.pdb	7.155	26.923	0.0357143	27.575
swarm_29_152.pdb	3.480	14.966	0.464286	26.623
swarm_14_49.pdb	6.084	22.121	0.0357143	26.400
swarm_33_94.pdb	7.812	26.650	0.0357143	26.249
swarm_23_163.pdb	8.234	24.525	0.0357143	25.722
swarm_30_174.pdb	4.658	10.577	0.0357143	24.652
swarm_20_123.pdb	8.637	26.131	0	24.566
swarm_42_7.pdb	7.747	27.711	0.0357143	24.315
swarm_32_152.pdb	5.460	22.275	0.142857	24.244
swarm_17_141.pdb	8.553	25.518	0	24.205
swarm_44_10.pdb	8.060	23.668	0.0357143	24.026
swarm_32_125.pdb	6.612	22.380	0	23.847
swarm_31_9.pdb	8.851	27.505	0	23.674
swarm_7_131.pdb	7.642	30.140	0	23.670
swarm_8_106.pdb	7.027	22.620	0	23.101
swarm_2_29.pdb	7.050	27.339	0	22.557
swarm_10_144.pdb	4.717	17.675	0.0714286	22.519
swarm_14_100.pdb	8.758	27.330	0	22.410
swarm_29_64.pdb	5.006	17.947	0.0714286	22.238
swarm_22_139.pdb	9.101	30.137	0	22.118
swarm_32_138.pdb	8.845	29.760	0	21.636
swarm_2_166.pdb	11.658	35.852	0	21.311
swarm_7_93.pdb	12.033	35.164	0	21.071
swarm_11_44.pdb	8.030	26.332	0.0357143	20.979
swarm_30_102.pdb	4.489	12.517	0.178571	20.569
swarm_39_61.pdb	8.644	33.735	0	20.148
swarm_17_138.pdb	5.051	16.911	0.0714286	20.093
swarm_35_174.pdb	11.516	33.579	0	20.061
swarm_48_58.pdb	11.314	31.432	0	19.828
swarm_4_51.pdb	6.287	25.457	0	19.709
swarm_45_192.pdb	9.198	26.728	0	19.632
swarm_12_91.pdb	8.824	25.027	0	19.625
swarm_21_81.pdb	12.042	35.101	0	19.624
swarm_32_12.pdb	5.752	22.772	0.0357143	19.157
swarm_2_75.pdb	8.767	30.412	0	19.112
swarm_7_150.pdb	9.200	33.572	0	18.898
swarm_38_67.pdb	7.201	28.299	0	18.848
swarm_38_37.pdb	7.820	28.320	0	18.815
swarm_45_190.pdb	9.458	31.183	0	18.615
swarm_45_77.pdb	5.884	25.384	0.0714286	18.613
swarm_4_188.pdb	5.432	24.204	0.0714286	18.412
swarm_11_45.pdb	4.550	20.101	0.107143	18.381
swarm_12_150.pdb	5.485	21.776	0.0714286	18.329
swarm_44_9.pdb	4.193	17.009	0.321429	18.218
swarm_41_21.pdb	8.787	34.808	0	18.179
swarm_0_51.pdb	4.648	18.057	0.25	18.060
swarm_36_42.pdb	6.488	16.094	0.0357143	17.956
swarm_29_196.pdb	4.548	18.420	0.25	17.803
swarm_1_6.pdb	7.136	26.711	0	17.798
swarm_11_20.pdb	5.005	22.724	0.107143	17.789
swarm_34_165.pdb	5.729	10.506	0	17.656
swarm_18_75.pdb	6.248	26.320	0	17.197
swarm_44_126.pdb	6.265	20.046	0	17.187
swarm_10_153.pdb	7.353	21.740	0	17.143
swarm_1_45.pdb	4.994	21.022	0.178571	17.122
swarm_11_68.pdb	8.091	29.852	0	17.104
swarm_47_72.pdb	8.639	30.046	0	17.040
swarm_13_24.pdb	9.705	29.519	0	16.602
swarm_31_113.pdb	8.195	32.105	0	16.529
swarm_2_70.pdb	13.265	39.856	0	16.428
swarm_30_86.pdb	4.015	11.501	0.142857	16.350
swarm_21_104.pdb	7.926	32.163	0	16.266
swarm_5_150.pdb	14.456	36.027	0	16.055
swarm_35_98.pdb	6.993	27.100	0	15.979
swarm_9_54.pdb	4.436	19.877	0.107143	15.953
swarm_39_139.pdb	13.377	37.506	0	15.852
swarm_40_151.pdb	7.281	29.505	0	15.829
swarm_45_105.pdb	6.555	27.117	0	15.569
swarm_24_26.pdb	7.108	27.738	0	15.497
swarm_18_125.pdb	8.024	30.504	0	15.186
swarm_41_63.pdb	13.437	39.501	0	15.078
swarm_0_8.pdb	6.815	18.624	0.107143	14.568
swarm_29_9.pdb	8.138	24.933	0	14.343
swarm_1_146.pdb	8.880	27.559	0	14.290
swarm_44_46.pdb	6.390	26.247	0	14.037
swarm_4_101.pdb	8.783	28.974	0	13.908
swarm_3_160.pdb	7.157	28.076	0	13.682
swarm_17_146.pdb	6.662	25.769	0	13.581
swarm_33_82.pdb	6.518	27.620	0.0357143	13.388
swarm_27_86.pdb	9.924	35.597	0	13.348
swarm_17_98.pdb	5.863	24.428	0.0714286	12.957
swarm_11_190.pdb	12.268	27.661	0	12.279
swarm_42_64.pdb	6.521	21.251	0	12.258
swarm_1_70.pdb	7.126	29.202	0	12.066
swarm_38_123.pdb	6.397	25.382	0.0357143	11.857
swarm_2_155.pdb	7.140	29.551	0	11.533
swarm_23_75.pdb	5.929	19.509	0.107143	10.233
swarm_7_97.pdb	11.704	30.816	0	8.773
swarm_9_24.pdb	1.897	5.367	0.571429	7.437
swarm_10_168.pdb	10.986	24.059	0	4.424
swarm_43_124.pdb	4.217	18.837	0.321429	2.091
