swarm_5_58.pdb	3.275	10.564	0.535714	31.278
swarm_33_55.pdb	12.727	36.959	0	30.011
swarm_16_183.pdb	2.289	5.736	0.642857	29.539
swarm_14_137.pdb	5.242	12.783	0.0357143	29.485
swarm_9_24.pdb	11.347	40.943	0	29.463
swarm_10_127.pdb	2.220	7.061	0.571429	29.452
swarm_1_24.pdb	13.117	36.824	0	29.346
swarm_10_167.pdb	6.150	13.057	0.0714286	29.148
swarm_24_181.pdb	10.129	36.773	0	28.904
swarm_34_109.pdb	7.999	22.191	0.178571	28.453
swarm_45_89.pdb	13.342	37.964	0	28.447
swarm_44_150.pdb	10.510	38.133	0.0357143	27.598
swarm_23_81.pdb	5.807	12.778	0.0357143	27.572
swarm_17_35.pdb	10.776	43.473	0	27.479
swarm_43_126.pdb	9.495	23.243	0	26.788
swarm_11_31.pdb	10.689	20.498	0	26.671
swarm_11_29.pdb	7.668	15.411	0.0357143	26.639
swarm_33_8.pdb	10.069	30.894	0.0357143	26.178
swarm_36_32.pdb	11.593	38.012	0	26.164
swarm_42_1.pdb	3.938	11.761	0.285714	26.036
swarm_44_81.pdb	11.895	32.004	0	25.987
swarm_46_18.pdb	8.701	22.197	0.142857	25.665
swarm_18_156.pdb	12.204	21.901	0	25.657
swarm_45_41.pdb	8.954	37.621	0	25.509
swarm_17_77.pdb	11.033	29.943	0	25.471
swarm_5_30.pdb	11.499	19.085	0	25.193
swarm_34_30.pdb	10.854	18.138	0	25.091
swarm_36_4.pdb	11.187	42.883	0.0357143	25.059
swarm_22_152.pdb	11.586	20.861	0	24.972
swarm_44_186.pdb	11.342	42.079	0	24.811
swarm_41_9.pdb	12.085	44.380	0	24.770
swarm_17_186.pdb	9.450	38.250	0	24.612
swarm_1_94.pdb	11.792	33.883	0	24.561
swarm_22_44.pdb	9.037	21.032	0	24.477
swarm_2_132.pdb	11.230	42.807	0	24.393
swarm_27_9.pdb	9.376	23.167	0.0714286	24.393
swarm_31_57.pdb	5.709	16.783	0.0357143	24.383
swarm_27_171.pdb	5.519	11.692	0.0714286	24.319
swarm_17_178.pdb	15.306	41.727	0	24.284
swarm_2_16.pdb	11.239	43.596	0	24.144
swarm_38_61.pdb	11.270	34.579	0	24.138
swarm_1_39.pdb	12.886	42.279	0	23.951
swarm_10_20.pdb	10.061	16.973	0	23.893
swarm_46_163.pdb	6.379	16.823	0.214286	23.863
swarm_24_30.pdb	11.519	39.484	0	23.802
swarm_0_71.pdb	12.667	40.468	0.0357143	23.762
swarm_23_47.pdb	10.898	19.755	0.0357143	23.553
swarm_9_82.pdb	15.259	40.831	0	23.542
swarm_36_78.pdb	12.567	35.982	0	23.526
swarm_45_139.pdb	13.328	37.673	0	23.524
swarm_12_54.pdb	15.897	44.658	0	23.330
swarm_11_143.pdb	7.924	17.997	0.0357143	23.115
swarm_45_105.pdb	11.932	40.238	0	22.993
swarm_39_139.pdb	8.664	34.604	0	22.933
swarm_2_55.pdb	12.545	44.852	0	22.851
swarm_8_159.pdb	8.593	31.230	0.0714286	22.844
swarm_39_53.pdb	10.594	41.061	0.0357143	22.841
swarm_14_32.pdb	6.236	14.138	0.0357143	22.821
swarm_34_16.pdb	12.027	22.066	0	22.674
swarm_33_192.pdb	14.345	42.977	0	22.659
swarm_9_47.pdb	12.497	41.105	0	22.529
swarm_2_114.pdb	11.926	45.018	0	22.466
swarm_13_13.pdb	10.071	24.273	0.0357143	22.342
swarm_44_155.pdb	12.998	36.657	0	22.325
swarm_38_12.pdb	13.802	39.919	0	22.280
swarm_3_130.pdb	9.270	21.549	0.178571	22.211
swarm_21_59.pdb	9.045	35.330	0	22.155
swarm_44_49.pdb	10.994	41.129	0.0357143	22.132
swarm_0_122.pdb	15.400	42.451	0	22.031
swarm_38_33.pdb	9.981	33.583	0.0357143	21.976
swarm_24_179.pdb	13.138	42.313	0	21.937
swarm_0_183.pdb	11.304	39.939	0.0357143	21.921
swarm_38_119.pdb	8.777	31.641	0.0357143	21.803
swarm_33_63.pdb	15.028	39.873	0	21.786
swarm_23_38.pdb	9.538	18.612	0	21.699
swarm_38_109.pdb	11.983	35.231	0	21.572
swarm_11_69.pdb	11.316	20.114	0	21.454
swarm_45_154.pdb	13.690	40.688	0	21.452
swarm_8_95.pdb	12.208	37.407	0.0357143	21.200
swarm_6_111.pdb	7.884	31.935	0	21.093
swarm_15_147.pdb	5.162	13.012	0.178571	21.059
swarm_34_125.pdb	9.202	18.569	0	20.966
swarm_33_70.pdb	13.265	35.331	0	20.930
swarm_36_178.pdb	13.690	41.444	0	20.854
swarm_31_25.pdb	10.408	25.551	0.0714286	20.796
swarm_44_46.pdb	12.614	43.119	0	20.660
swarm_39_166.pdb	10.833	33.601	0	20.658
swarm_20_70.pdb	9.714	34.267	0.0357143	20.633
swarm_11_6.pdb	7.668	18.643	0	20.571
swarm_21_119.pdb	8.919	32.615	0.0714286	20.561
swarm_39_136.pdb	11.069	37.824	0	20.538
swarm_23_126.pdb	11.262	20.152	0	20.482
swarm_23_149.pdb	10.241	19.541	0	20.468
swarm_25_167.pdb	7.894	29.298	0.107143	20.464
swarm_9_51.pdb	12.133	41.565	0	20.340
swarm_10_139.pdb	9.106	16.070	0	20.337
swarm_36_85.pdb	12.283	35.167	0	20.246
swarm_12_128.pdb	12.106	42.899	0	20.203
swarm_27_193.pdb	9.154	22.253	0.0357143	20.194
swarm_5_92.pdb	8.516	20.102	0.0714286	20.066
swarm_17_84.pdb	9.671	37.302	0.0357143	20.059
swarm_15_116.pdb	10.852	20.830	0	20.030
swarm_0_92.pdb	11.084	37.691	0	20.022
swarm_25_28.pdb	15.016	39.676	0	20.020
swarm_41_133.pdb	11.834	33.641	0	20.019
swarm_20_30.pdb	15.368	35.136	0	19.993
swarm_11_158.pdb	10.976	22.234	0	19.972
swarm_38_158.pdb	12.030	33.783	0	19.894
swarm_19_25.pdb	13.149	26.556	0	19.860
swarm_6_18.pdb	10.684	27.477	0	19.837
swarm_43_162.pdb	11.043	18.003	0	19.817
swarm_15_49.pdb	11.637	19.050	0	19.800
swarm_3_188.pdb	11.790	26.334	0.0357143	19.789
swarm_6_136.pdb	12.801	30.374	0	19.698
swarm_31_61.pdb	10.265	25.215	0.0357143	19.678
swarm_25_186.pdb	10.732	36.718	0.0357143	19.667
swarm_16_142.pdb	12.115	22.182	0	19.618
swarm_15_156.pdb	10.537	23.069	0.214286	19.577
swarm_18_102.pdb	7.078	19.259	0	19.455
swarm_26_39.pdb	6.824	14.813	0.0714286	19.424
swarm_21_112.pdb	14.180	38.778	0	19.424
swarm_16_145.pdb	8.868	22.000	0.107143	19.294
swarm_41_126.pdb	15.011	41.052	0	19.266
swarm_44_103.pdb	13.504	38.276	0	19.211
swarm_1_124.pdb	14.068	38.296	0	19.194
swarm_38_9.pdb	8.728	28.303	0.0357143	19.182
swarm_43_193.pdb	9.123	23.618	0	19.099
swarm_25_179.pdb	13.355	39.703	0	19.073
swarm_41_190.pdb	14.445	42.989	0	19.003
swarm_42_61.pdb	11.697	25.193	0.0357143	18.939
swarm_5_0.pdb	8.086	14.599	0	18.858
swarm_39_15.pdb	12.910	35.014	0	18.840
swarm_42_128.pdb	9.676	19.354	0	18.835
swarm_24_80.pdb	14.571	40.332	0	18.835
swarm_24_83.pdb	14.112	41.282	0	18.822
swarm_22_162.pdb	8.455	21.167	0.0357143	18.816
swarm_15_131.pdb	10.010	18.368	0	18.771
swarm_27_83.pdb	11.555	20.589	0	18.740
swarm_8_124.pdb	8.833	29.074	0.0357143	18.658
swarm_6_160.pdb	10.375	23.961	0	18.600
swarm_20_75.pdb	10.650	30.206	0.0357143	18.597
swarm_26_75.pdb	9.021	17.349	0.107143	18.583
swarm_44_32.pdb	14.128	43.571	0	18.576
swarm_8_114.pdb	11.390	38.619	0	18.539
swarm_46_34.pdb	2.661	11.280	0.285714	18.511
swarm_33_156.pdb	10.817	33.157	0.0357143	18.477
swarm_18_180.pdb	11.473	23.870	0	18.359
swarm_21_164.pdb	13.556	38.444	0	18.339
swarm_41_11.pdb	12.976	36.760	0	18.323
swarm_15_32.pdb	11.844	21.693	0.0357143	18.116
swarm_4_155.pdb	10.487	24.996	0	18.080
swarm_2_161.pdb	14.750	41.276	0	18.038
swarm_33_81.pdb	13.032	38.159	0	18.013
swarm_23_14.pdb	11.027	19.569	0	17.910
swarm_35_155.pdb	9.036	24.101	0	17.881
swarm_38_30.pdb	7.912	35.954	0	17.788
swarm_16_164.pdb	11.713	20.803	0	17.737
swarm_3_15.pdb	10.467	20.998	0	17.691
swarm_33_82.pdb	12.536	39.231	0.0357143	17.646
swarm_16_154.pdb	12.878	24.604	0	17.606
swarm_6_58.pdb	11.158	29.881	0	17.581
swarm_41_10.pdb	9.678	37.121	0.0357143	17.577
swarm_11_61.pdb	10.582	20.545	0	17.380
swarm_3_139.pdb	11.860	23.028	0	17.329
swarm_17_2.pdb	13.336	44.113	0	17.318
swarm_33_169.pdb	13.187	35.960	0	17.307
swarm_27_170.pdb	9.251	18.266	0	17.256
swarm_21_194.pdb	14.340	34.053	0	17.254
swarm_24_188.pdb	14.226	39.577	0	17.251
swarm_19_70.pdb	11.068	23.147	0	17.243
swarm_2_75.pdb	14.868	45.050	0	17.179
swarm_33_155.pdb	12.762	35.343	0	17.130
swarm_9_48.pdb	12.036	32.187	0	17.073
swarm_14_54.pdb	12.535	23.157	0	17.071
swarm_3_137.pdb	11.529	28.966	0	16.951
swarm_8_46.pdb	15.749	39.205	0	16.944
swarm_25_120.pdb	11.798	36.005	0	16.904
swarm_22_143.pdb	10.592	19.882	0	16.882
swarm_0_28.pdb	12.763	34.862	0	16.866
swarm_15_30.pdb	10.136	20.694	0	16.832
swarm_33_141.pdb	15.535	39.360	0	16.810
swarm_12_141.pdb	14.061	43.333	0	16.792
swarm_21_7.pdb	9.855	35.313	0.0357143	16.745
swarm_5_139.pdb	9.127	18.729	0	16.721
swarm_39_184.pdb	14.909	40.182	0	16.715
swarm_38_76.pdb	13.456	36.721	0	16.655
swarm_26_68.pdb	6.228	11.827	0.0357143	16.652
swarm_34_79.pdb	7.927	13.954	0	16.637
swarm_25_22.pdb	11.714	35.631	0	16.624
swarm_20_1.pdb	12.256	29.587	0	16.586
swarm_20_161.pdb	11.378	29.663	0	16.579
swarm_24_194.pdb	13.867	41.967	0	16.571
swarm_35_194.pdb	13.473	26.036	0	16.521
swarm_43_88.pdb	10.362	22.328	0	16.453
swarm_41_67.pdb	16.050	36.870	0	16.445
swarm_44_129.pdb	13.924	45.084	0	16.402
swarm_22_198.pdb	7.050	22.934	0.0357143	16.312
swarm_21_21.pdb	15.049	39.021	0	16.232
swarm_15_154.pdb	7.541	18.942	0.142857	16.217
swarm_35_143.pdb	9.607	17.890	0	16.180
swarm_6_33.pdb	11.280	27.170	0.0357143	16.155
swarm_41_130.pdb	11.339	38.386	0.0357143	16.053
swarm_18_41.pdb	12.295	22.083	0	16.026
swarm_26_14.pdb	10.319	19.459	0	16.001
swarm_18_150.pdb	10.507	23.854	0	15.994
swarm_37_44.pdb	10.246	38.056	0	15.973
swarm_20_37.pdb	10.605	28.686	0	15.953
swarm_39_2.pdb	13.225	39.088	0	15.926
swarm_46_167.pdb	10.678	20.303	0	15.924
swarm_8_49.pdb	13.443	32.543	0	15.872
swarm_31_154.pdb	11.606	25.029	0	15.863
swarm_1_146.pdb	12.003	41.570	0	15.803
swarm_36_24.pdb	9.178	36.308	0	15.671
swarm_35_133.pdb	13.062	31.569	0	15.632
swarm_31_160.pdb	12.533	26.897	0	15.615
swarm_43_55.pdb	6.678	20.225	0.0357143	15.614
swarm_44_48.pdb	11.849	41.648	0	15.589
swarm_38_93.pdb	12.427	34.289	0	15.525
swarm_29_56.pdb	11.201	25.439	0	15.492
swarm_45_101.pdb	11.428	40.002	0.0357143	15.387
swarm_39_110.pdb	12.046	34.394	0	15.353
swarm_20_189.pdb	12.435	33.626	0	15.318
swarm_24_78.pdb	13.168	36.840	0	15.289
swarm_16_62.pdb	11.265	20.584	0	15.178
swarm_46_69.pdb	11.840	28.499	0	15.163
swarm_25_29.pdb	11.360	32.299	0	15.160
swarm_6_176.pdb	12.642	32.632	0	15.155
swarm_6_40.pdb	13.950	29.460	0	15.090
swarm_31_165.pdb	12.319	25.570	0	15.078
swarm_46_51.pdb	14.381	28.683	0	15.074
swarm_10_163.pdb	10.672	20.030	0	15.067
swarm_25_9.pdb	11.477	37.435	0	15.021
swarm_42_199.pdb	7.799	14.953	0	14.997
swarm_41_92.pdb	13.376	38.131	0	14.932
swarm_39_183.pdb	10.624	35.520	0.0357143	14.929
swarm_20_35.pdb	13.134	33.487	0	14.894
swarm_19_124.pdb	10.148	28.646	0	14.877
swarm_46_102.pdb	8.166	21.223	0	14.871
swarm_28_7.pdb	10.455	19.910	0	14.866
swarm_39_164.pdb	10.889	35.569	0	14.857
swarm_22_91.pdb	4.091	10.479	0.464286	14.822
swarm_19_66.pdb	8.508	25.505	0.0357143	14.818
swarm_8_184.pdb	11.797	31.132	0	14.809
swarm_4_111.pdb	10.425	32.784	0	14.770
swarm_38_70.pdb	13.153	32.172	0	14.695
swarm_20_55.pdb	11.056	34.482	0	14.677
swarm_46_157.pdb	8.232	24.045	0.0714286	14.659
swarm_27_40.pdb	10.756	20.647	0	14.521
swarm_3_44.pdb	9.793	21.713	0	14.505
swarm_24_166.pdb	10.948	35.346	0	14.465
swarm_12_149.pdb	11.197	44.441	0	14.339
swarm_3_58.pdb	10.007	29.917	0.0357143	14.311
swarm_16_114.pdb	12.158	26.657	0	14.235
swarm_31_94.pdb	12.951	28.785	0	14.202
swarm_44_71.pdb	16.034	42.692	0	14.184
swarm_36_92.pdb	14.426	39.923	0	14.153
swarm_4_92.pdb	10.075	26.449	0	14.142
swarm_10_53.pdb	12.941	24.940	0	14.063
swarm_35_125.pdb	13.777	28.657	0	13.973
swarm_19_182.pdb	11.663	27.953	0	13.950
swarm_46_140.pdb	11.463	25.233	0	13.836
swarm_39_93.pdb	15.624	39.926	0	13.737
swarm_39_76.pdb	12.425	32.067	0	13.721
swarm_8_187.pdb	14.616	30.611	0	13.692
swarm_12_39.pdb	16.264	39.691	0	13.553
swarm_12_9.pdb	13.565	43.501	0	13.521
swarm_38_128.pdb	8.145	31.653	0.0357143	13.448
swarm_27_159.pdb	10.042	23.190	0	13.442
swarm_14_71.pdb	12.729	22.011	0	13.393
swarm_34_86.pdb	10.171	22.367	0	13.386
swarm_17_190.pdb	11.486	41.176	0	13.338
swarm_20_146.pdb	12.896	33.032	0	13.233
swarm_37_2.pdb	8.959	37.866	0.142857	13.210
swarm_6_163.pdb	7.829	26.800	0.0714286	13.188
swarm_19_106.pdb	12.191	31.105	0	13.166
swarm_19_126.pdb	11.239	22.097	0	13.146
swarm_29_69.pdb	13.144	28.916	0	13.134
swarm_1_191.pdb	15.528	45.006	0	13.043
swarm_3_6.pdb	12.672	25.824	0	12.976
swarm_43_15.pdb	10.449	21.541	0	12.953
swarm_4_12.pdb	13.949	30.195	0	12.872
swarm_46_125.pdb	10.627	21.408	0	12.862
swarm_24_31.pdb	10.074	37.686	0.0714286	12.676
swarm_11_101.pdb	8.811	14.601	0	12.667
swarm_24_141.pdb	13.453	36.534	0	12.643
swarm_25_88.pdb	15.546	39.912	0	12.606
swarm_10_78.pdb	12.891	24.980	0	12.538
swarm_25_76.pdb	11.290	29.830	0	12.525
swarm_17_187.pdb	16.393	44.906	0	12.505
swarm_18_155.pdb	9.578	25.603	0	12.489
swarm_25_171.pdb	11.652	32.771	0	12.454
swarm_25_44.pdb	15.266	40.362	0	12.436
swarm_31_16.pdb	14.386	28.587	0	12.321
swarm_19_171.pdb	10.635	23.516	0	12.298
swarm_8_119.pdb	13.739	38.621	0	12.200
swarm_42_72.pdb	6.038	20.950	0.142857	12.138
swarm_41_40.pdb	15.648	41.479	0	12.065
swarm_6_71.pdb	13.476	32.922	0	12.035
swarm_27_3.pdb	10.499	25.660	0.0714286	11.870
swarm_10_72.pdb	12.450	22.484	0	11.839
swarm_19_83.pdb	11.267	28.821	0	11.761
swarm_39_1.pdb	14.383	41.939	0	11.729
swarm_21_118.pdb	14.362	35.255	0	11.647
swarm_31_142.pdb	11.689	24.319	0	11.630
swarm_42_28.pdb	13.323	24.460	0	11.608
swarm_46_194.pdb	11.126	21.557	0	11.512
swarm_6_121.pdb	15.192	36.039	0	11.462
swarm_6_151.pdb	14.939	32.916	0	11.452
swarm_18_80.pdb	14.171	27.657	0	11.346
swarm_6_120.pdb	12.444	30.058	0	11.318
swarm_21_87.pdb	15.450	38.433	0	11.229
swarm_11_156.pdb	11.935	21.477	0	11.203
swarm_13_184.pdb	10.647	20.479	0	11.185
swarm_18_16.pdb	14.300	31.265	0	11.119
swarm_4_132.pdb	11.596	32.170	0	11.071
swarm_10_62.pdb	10.544	18.263	0	11.065
swarm_8_53.pdb	12.990	33.068	0	10.978
swarm_6_114.pdb	9.579	27.267	0	10.976
swarm_21_151.pdb	16.286	43.019	0	10.708
swarm_3_135.pdb	13.535	26.391	0	10.701
swarm_4_179.pdb	9.275	26.867	0	10.689
swarm_21_155.pdb	15.272	39.241	0	10.547
swarm_18_2.pdb	6.747	16.898	0	10.278
swarm_19_27.pdb	11.907	30.401	0	10.042
swarm_43_34.pdb	13.176	27.462	0	9.976
swarm_38_64.pdb	15.059	35.349	0	9.817
swarm_24_6.pdb	14.847	39.020	0	9.691
swarm_11_17.pdb	5.978	18.334	0.0357143	9.569
swarm_4_83.pdb	13.831	35.436	0	9.511
swarm_45_47.pdb	8.885	34.852	0.142857	9.377
swarm_38_144.pdb	15.207	39.272	0	9.360
swarm_38_55.pdb	14.741	35.495	0	8.893
swarm_20_151.pdb	15.799	34.594	0	8.887
swarm_28_167.pdb	8.757	17.341	0	8.820
swarm_39_180.pdb	14.358	41.617	0	8.754
swarm_13_44.pdb	7.486	21.534	0.107143	8.647
swarm_20_42.pdb	11.780	36.172	0.0357143	7.983
swarm_4_107.pdb	11.308	27.044	0	7.786
swarm_6_124.pdb	13.284	28.559	0	7.618
swarm_18_82.pdb	12.901	30.215	0	6.555
swarm_21_79.pdb	13.846	34.996	0	6.540
swarm_5_8.pdb	4.955	16.660	0.25	6.175
swarm_7_167.pdb	10.485	27.569	0.107143	5.567
swarm_9_174.pdb	10.519	36.893	0.0357143	4.503
swarm_43_13.pdb	8.038	20.401	0.178571	1.501
