run0-swarm_36_56.pdb	1.834	4.803	0.928571	46.861
run0-swarm_41_195.pdb	1.736	4.740	0.821429	44.647
run0-swarm_34_124.pdb	1.508	3.784	0.892857	43.809
run0-swarm_21_36.pdb	1.390	3.331	0.857143	42.738
run0-swarm_56_103.pdb	1.396	3.855	0.964286	40.546
run0-swarm_26_121.pdb	1.490	4.351	0.928571	39.268
run0-swarm_44_156.pdb	2.199	7.645	0.75	39.080
run0-swarm_19_28.pdb	1.340	4.205	0.928571	38.742
run0-swarm_58_3.pdb	1.501	4.127	0.821429	38.576
run0-swarm_24_136.pdb	3.467	12.513	0.428571	37.148
run0-swarm_13_147.pdb	6.571	22.939	0.107143	37.132
run0-swarm_43_106.pdb	5.588	20.632	0.107143	36.048
run0-swarm_44_9.pdb	5.814	18.965	0.107143	35.993
run0-swarm_54_99.pdb	5.204	18.414	0.0357143	35.903
run0-swarm_38_193.pdb	1.779	6.123	0.892857	35.864
run0-swarm_53_97.pdb	6.343	24.180	0.107143	32.923
run0-swarm_4_20.pdb	3.814	14.569	0.25	32.726
run0-swarm_42_152.pdb	7.464	13.533	0	32.429
run0-swarm_42_41.pdb	1.933	4.492	0.75	31.700
run0-swarm_60_159.pdb	9.657	37.458	0	31.434
run0-swarm_15_14.pdb	1.806	6.444	0.857143	30.409
run0-swarm_32_74.pdb	2.901	10.803	0.464286	29.945
run0-swarm_47_191.pdb	1.271	4.532	1	29.535
run0-swarm_28_91.pdb	4.115	16.734	0.142857	28.950
run0-swarm_8_142.pdb	2.218	8.465	0.785714	28.685
run0-swarm_46_141.pdb	2.667	11.126	0.535714	28.497
run0-swarm_30_1.pdb	7.831	32.668	0	28.347
run0-swarm_23_42.pdb	7.484	15.499	0	28.083
run0-swarm_3_103.pdb	2.523	10.791	0.642857	27.790
run0-swarm_36_152.pdb	6.339	12.069	0	27.387
run0-swarm_42_196.pdb	6.727	22.134	0.0357143	27.003
run0-swarm_23_105.pdb	2.163	8.324	0.607143	26.908
run0-swarm_31_128.pdb	8.565	35.809	0	26.751
run0-swarm_7_103.pdb	3.823	15.464	0.357143	26.601
run0-swarm_37_166.pdb	6.589	17.607	0.107143	26.355
run0-swarm_12_73.pdb	8.568	35.343	0	26.340
run0-swarm_3_84.pdb	4.626	19.338	0.0714286	26.151
run0-swarm_48_33.pdb	3.957	16.618	0.321429	25.759
run0-swarm_20_13.pdb	6.478	25.506	0	25.675
run0-swarm_17_145.pdb	4.767	20.078	0.285714	25.555
run0-swarm_8_76.pdb	7.456	12.610	0	25.547
run0-swarm_22_80.pdb	7.864	21.967	0	25.130
run0-swarm_54_158.pdb	8.593	32.052	0	24.885
run0-swarm_51_166.pdb	8.029	33.673	0	24.833
run0-swarm_32_123.pdb	5.237	20.990	0.0714286	24.455
run0-swarm_22_25.pdb	4.733	19.309	0.0357143	24.403
run0-swarm_22_4.pdb	8.069	30.036	0	24.220
run0-swarm_53_101.pdb	4.929	19.130	0.0357143	24.086
run0-swarm_0_90.pdb	6.337	24.580	0	24.063
run0-swarm_55_17.pdb	7.712	32.824	0	23.919
run0-swarm_49_37.pdb	7.416	31.496	0	23.880
run0-swarm_49_198.pdb	12.216	36.619	0	23.877
run0-swarm_39_118.pdb	7.079	25.021	0	23.563
run0-swarm_41_152.pdb	6.383	16.616	0.0357143	23.493
run0-swarm_7_73.pdb	6.886	27.578	0	23.201
run0-swarm_18_60.pdb	5.410	25.634	0.178571	23.152
run0-swarm_29_74.pdb	3.912	16.070	0.321429	22.509
run0-swarm_13_75.pdb	5.526	22.315	0	22.400
run0-swarm_54_121.pdb	7.436	26.621	0	22.376
run0-swarm_20_161.pdb	6.088	16.783	0.0357143	22.322
run0-swarm_59_125.pdb	5.255	21.940	0.107143	22.311
run0-swarm_38_126.pdb	6.028	16.210	0.0357143	22.277
run0-swarm_41_0.pdb	8.066	13.660	0	22.212
run0-swarm_35_68.pdb	8.059	34.440	0	21.995
run0-swarm_10_27.pdb	7.206	28.342	0.0357143	21.958
run0-swarm_9_9.pdb	4.414	18.721	0.214286	21.776
run0-swarm_8_3.pdb	5.049	12.430	0.25	21.576
run0-swarm_59_71.pdb	6.724	25.606	0	21.266
run0-swarm_46_65.pdb	4.837	20.229	0.214286	21.143
run0-swarm_27_189.pdb	6.146	25.800	0	20.747
run0-swarm_0_81.pdb	4.100	17.299	0.107143	20.679
run0-swarm_15_39.pdb	6.918	17.619	0.0357143	20.614
run0-swarm_27_161.pdb	6.167	29.128	0.0357143	20.590
run0-swarm_58_162.pdb	4.307	17.392	0.285714	20.547
run0-swarm_9_94.pdb	8.139	33.727	0	20.314
run0-swarm_17_3.pdb	6.357	29.693	0.0357143	20.121
run0-swarm_40_32.pdb	6.105	28.574	0.0714286	19.932
run0-swarm_20_45.pdb	7.549	31.665	0	19.910
run0-swarm_32_120.pdb	6.599	21.885	0.0357143	19.709
run0-swarm_37_99.pdb	3.988	17.794	0.142857	19.686
run0-swarm_1_127.pdb	5.438	25.226	0.142857	19.684
run0-swarm_4_121.pdb	7.016	28.747	0	19.678
run0-swarm_40_66.pdb	5.946	24.758	0	19.649
run0-swarm_21_31.pdb	6.460	17.119	0.0357143	19.621
run0-swarm_3_18.pdb	5.465	15.237	0.0357143	19.610
run0-swarm_10_30.pdb	11.882	33.582	0	19.591
run0-swarm_19_63.pdb	3.380	7.799	0.214286	19.455
run0-swarm_23_79.pdb	4.734	20.878	0.0357143	19.174
run0-swarm_40_16.pdb	8.100	33.256	0	19.062
run0-swarm_10_137.pdb	6.310	26.869	0	18.780
run0-swarm_51_177.pdb	7.706	31.502	0.0357143	18.743
run0-swarm_31_114.pdb	9.413	35.366	0	18.630
run0-swarm_43_138.pdb	2.860	11.411	0.25	18.605
run0-swarm_14_50.pdb	6.501	27.089	0	18.312
run0-swarm_33_94.pdb	7.481	31.322	0.0357143	18.263
run0-swarm_6_89.pdb	4.944	23.612	0.214286	18.121
run0-swarm_17_67.pdb	7.553	30.066	0.0357143	17.749
run0-swarm_10_189.pdb	10.693	36.936	0	17.735
run0-swarm_49_126.pdb	7.519	29.753	0.0357143	17.727
run0-swarm_42_49.pdb	4.837	16.810	0	17.217
run0-swarm_5_113.pdb	6.562	27.320	0.107143	17.106
run0-swarm_51_5.pdb	6.227	25.955	0.142857	16.946
run0-swarm_31_105.pdb	7.481	29.123	0.0357143	16.854
run0-swarm_16_164.pdb	5.595	25.701	0.0714286	16.376
run0-swarm_2_0.pdb	6.016	28.055	0.0714286	16.268
run0-swarm_7_48.pdb	9.063	31.240	0	16.254
run0-swarm_38_68.pdb	3.641	12.558	0.285714	16.196
run0-swarm_7_126.pdb	7.374	20.650	0	16.176
run0-swarm_39_90.pdb	5.957	25.939	0.0714286	15.497
run0-swarm_57_84.pdb	4.367	20.295	0.214286	15.327
run0-swarm_9_122.pdb	7.180	28.074	0	15.147
run0-swarm_37_108.pdb	4.113	18.228	0.285714	14.907
run0-swarm_48_69.pdb	7.004	22.496	0	14.565
run0-swarm_29_188.pdb	6.246	26.158	0.0714286	14.254
run0-swarm_30_65.pdb	7.180	24.554	0	14.127
run0-swarm_29_126.pdb	6.907	27.453	0	14.122
run0-swarm_0_15.pdb	6.145	23.207	0.178571	13.772
run0-swarm_33_139.pdb	7.982	33.767	0.0357143	12.554
run0-swarm_15_164.pdb	5.225	20.061	0.0357143	11.891
run0-swarm_0_60.pdb	6.941	27.878	0	11.026
run0-swarm_3_46.pdb	8.013	22.759	0	10.077
run0-swarm_58_145.pdb	6.124	19.427	0.0357143	6.793
