swarm_46_37.pdb	3.299	10.492	0.785714	42.902
swarm_15_21.pdb	2.723	7.146	0.714286	38.897
swarm_34_186.pdb	1.676	4.645	0.892857	37.764
swarm_16_110.pdb	2.278	6.098	0.678571	37.065
swarm_10_163.pdb	1.706	4.131	0.642857	36.092
swarm_22_115.pdb	3.133	8.290	0.535714	35.962
swarm_42_64.pdb	6.884	15.985	0	34.889
swarm_23_9.pdb	2.194	4.438	0.607143	34.778
swarm_29_129.pdb	3.280	11.027	0.5	34.382
swarm_16_69.pdb	7.155	16.397	0	33.003
swarm_26_90.pdb	1.739	4.478	0.928571	32.587
swarm_11_81.pdb	1.700	5.025	0.678571	32.148
swarm_12_31.pdb	12.051	36.853	0	31.893
swarm_6_127.pdb	4.825	17.158	0.392857	31.631
swarm_33_122.pdb	12.322	33.836	0	31.592
swarm_13_187.pdb	2.064	4.895	0.642857	30.292
swarm_14_131.pdb	5.454	18.569	0.107143	29.766
swarm_14_61.pdb	7.407	13.520	0	29.602
swarm_29_159.pdb	7.340	16.843	0	28.972
swarm_6_51.pdb	7.872	32.622	0	28.556
swarm_25_197.pdb	8.943	36.849	0	28.541
swarm_39_134.pdb	11.819	30.574	0	28.122
swarm_3_90.pdb	6.096	22.889	0.142857	27.119
swarm_21_100.pdb	11.120	32.970	0	26.239
swarm_31_31.pdb	4.466	18.799	0.178571	25.996
swarm_18_172.pdb	4.742	18.887	0.107143	25.633
swarm_4_160.pdb	5.193	19.378	0.285714	25.616
swarm_31_139.pdb	5.429	18.884	0.0357143	25.354
swarm_5_103.pdb	6.076	12.366	0.107143	25.077
swarm_41_187.pdb	8.064	33.245	0	25.011
swarm_43_195.pdb	8.020	13.919	0	24.908
swarm_14_153.pdb	1.719	3.520	0.964286	24.793
swarm_34_165.pdb	7.901	13.602	0	24.565
swarm_8_141.pdb	7.536	27.831	0.0357143	24.045
swarm_43_1.pdb	6.219	13.867	0	23.718
swarm_18_138.pdb	7.576	16.169	0	23.654
swarm_8_55.pdb	10.849	33.732	0	23.534
swarm_46_196.pdb	7.317	27.081	0.0357143	23.267
swarm_33_35.pdb	7.524	31.361	0.0357143	23.161
swarm_24_166.pdb	10.782	33.237	0	23.103
swarm_43_171.pdb	4.067	14.032	0.285714	23.024
swarm_21_70.pdb	7.565	30.596	0	22.988
swarm_42_143.pdb	7.257	12.983	0	22.970
swarm_39_16.pdb	8.181	34.331	0	22.849
swarm_3_199.pdb	4.712	16.702	0.142857	22.768
swarm_10_113.pdb	7.410	13.512	0	22.682
swarm_4_97.pdb	7.299	26.896	0.0357143	22.546
swarm_27_106.pdb	4.704	14.328	0.25	22.509
swarm_3_105.pdb	7.137	24.871	0.178571	22.423
swarm_20_194.pdb	10.749	31.108	0	22.233
swarm_38_108.pdb	10.664	33.374	0	22.211
swarm_26_152.pdb	3.598	6.909	0.357143	21.899
swarm_11_84.pdb	6.720	13.660	0	21.755
swarm_10_176.pdb	5.720	14.021	0	21.578
swarm_38_172.pdb	6.589	27.423	0.142857	21.508
swarm_9_161.pdb	12.277	31.927	0	21.368
swarm_44_181.pdb	13.388	33.648	0	21.345
swarm_8_120.pdb	13.573	33.735	0	21.271
swarm_28_51.pdb	6.872	12.484	0	21.262
swarm_34_87.pdb	8.490	15.738	0	20.614
swarm_24_196.pdb	7.849	33.048	0	20.500
swarm_14_14.pdb	4.289	15.361	0.178571	20.078
swarm_35_150.pdb	8.914	17.669	0	19.880
swarm_27_81.pdb	7.676	14.477	0	19.750
swarm_11_59.pdb	8.657	16.923	0	19.713
swarm_26_199.pdb	6.875	13.169	0	19.683
swarm_20_110.pdb	7.197	26.132	0.0357143	19.666
swarm_22_149.pdb	6.701	24.718	0.0714286	19.122
swarm_29_79.pdb	7.376	24.591	0	18.873
swarm_20_86.pdb	7.693	24.559	0	18.385
swarm_15_104.pdb	7.873	14.346	0	18.259
swarm_25_117.pdb	8.346	30.846	0	18.101
swarm_6_105.pdb	10.299	26.702	0	17.928
swarm_12_96.pdb	9.352	35.211	0	17.481
swarm_43_85.pdb	4.216	15.471	0.214286	17.462
swarm_22_131.pdb	9.274	22.073	0	17.103
swarm_14_11.pdb	6.079	12.025	0	16.885
swarm_19_99.pdb	7.374	23.795	0	16.592
swarm_43_78.pdb	8.664	15.967	0	16.493
swarm_19_174.pdb	6.057	17.529	0.0357143	16.362
swarm_31_112.pdb	8.045	16.998	0	16.119
swarm_31_25.pdb	7.561	23.110	0	15.861
swarm_46_56.pdb	6.272	17.491	0.0357143	15.832
swarm_3_161.pdb	8.638	26.726	0	15.305
swarm_5_135.pdb	6.659	13.608	0	14.008
swarm_31_199.pdb	11.364	25.957	0	12.798
swarm_33_144.pdb	7.657	27.836	0	12.456
swarm_17_190.pdb	9.426	37.753	0	12.259
swarm_46_114.pdb	10.344	22.954	0	11.829
swarm_19_85.pdb	5.900	18.457	0.285714	8.886
swarm_3_29.pdb	11.514	26.392	0	3.272
swarm_11_129.pdb	8.519	20.377	0	3.246
swarm_4_6.pdb	9.387	24.076	0	2.026
