swarm_36_52.pdb	2.886	6.359	0.285714	34.436
swarm_32_79.pdb	9.139	19.281	0.107143	33.998
swarm_58_106.pdb	2.174	5.187	0.821429	31.118
swarm_56_157.pdb	10.193	20.160	0.0357143	30.465
swarm_24_143.pdb	10.559	20.059	0.0714286	29.514
swarm_24_41.pdb	9.795	22.258	0.0357143	29.384
swarm_52_189.pdb	10.823	37.680	0	28.972
swarm_36_149.pdb	9.236	20.521	0.0357143	28.191
swarm_21_163.pdb	7.122	14.652	0.0357143	27.808
swarm_41_190.pdb	7.535	15.009	0	27.645
swarm_44_133.pdb	8.983	15.095	0	26.118
swarm_41_123.pdb	7.838	17.117	0	25.379
swarm_26_162.pdb	9.043	21.314	0.107143	25.369
swarm_42_112.pdb	8.203	19.065	0.0357143	24.762
swarm_56_110.pdb	9.120	19.050	0	24.611
swarm_60_188.pdb	10.499	37.008	0	24.298
swarm_34_122.pdb	10.747	18.272	0	23.834
swarm_46_195.pdb	11.210	21.065	0	23.546
swarm_23_56.pdb	8.975	18.871	0	23.513
swarm_7_184.pdb	9.105	23.523	0	23.447
swarm_5_39.pdb	10.768	34.147	0	23.422
swarm_19_196.pdb	10.171	19.278	0	23.413
swarm_41_151.pdb	7.841	14.280	0	23.373
swarm_34_69.pdb	10.986	18.750	0.107143	23.340
swarm_34_135.pdb	9.816	18.463	0	23.315
swarm_58_192.pdb	11.486	18.891	0	23.123
swarm_46_104.pdb	7.121	15.662	0	22.915
swarm_31_26.pdb	9.624	38.157	0	22.904
swarm_34_60.pdb	9.415	16.995	0	22.839
swarm_4_176.pdb	8.282	18.682	0.107143	22.642
swarm_19_127.pdb	5.102	11.043	0.0714286	22.630
swarm_11_166.pdb	11.481	42.314	0	22.584
swarm_3_124.pdb	10.439	21.805	0.107143	22.568
swarm_21_165.pdb	8.285	16.404	0.142857	22.456
swarm_42_59.pdb	7.272	15.178	0	22.167
swarm_29_190.pdb	10.864	24.787	0	22.035
swarm_43_173.pdb	10.445	19.440	0	21.916
swarm_35_113.pdb	11.656	31.421	0	21.846
swarm_19_177.pdb	9.406	18.041	0	21.750
swarm_51_96.pdb	11.466	32.927	0	21.649
swarm_30_35.pdb	7.120	26.284	0.0357143	21.644
swarm_46_142.pdb	8.846	16.518	0	21.567
swarm_56_78.pdb	10.455	20.642	0.107143	21.485
swarm_34_63.pdb	11.466	18.970	0	21.451
swarm_38_82.pdb	3.784	6.040	0.214286	21.399
swarm_21_100.pdb	10.140	20.414	0	21.391
swarm_26_61.pdb	8.002	18.583	0.0714286	21.375
swarm_34_23.pdb	11.745	20.178	0	21.366
swarm_36_146.pdb	6.251	12.191	0.0714286	21.259
swarm_47_55.pdb	9.740	19.393	0.142857	21.074
swarm_52_175.pdb	12.492	42.383	0	21.067
swarm_25_125.pdb	10.862	32.901	0.142857	21.028
swarm_21_48.pdb	11.723	21.617	0	20.970
swarm_9_33.pdb	9.583	24.465	0.0357143	20.812
swarm_49_123.pdb	13.287	36.742	0	20.808
swarm_42_10.pdb	4.940	14.093	0.0714286	20.771
swarm_38_146.pdb	11.575	19.642	0	20.746
swarm_24_98.pdb	9.879	18.454	0	20.700
swarm_26_168.pdb	9.254	18.611	0	20.646
swarm_58_26.pdb	12.562	23.166	0.0357143	20.640
swarm_60_111.pdb	11.484	41.779	0.0357143	20.629
swarm_3_33.pdb	10.571	26.966	0.0357143	20.580
swarm_50_66.pdb	12.013	38.105	0	20.526
swarm_9_175.pdb	8.749	29.215	0	20.515
swarm_49_197.pdb	8.319	29.476	0.0357143	20.507
swarm_53_185.pdb	10.073	19.284	0	20.447
swarm_59_153.pdb	10.465	28.618	0.0714286	20.352
swarm_5_146.pdb	9.678	39.538	0	20.185
swarm_21_58.pdb	4.092	8.589	0.142857	20.120
swarm_3_188.pdb	8.977	19.853	0	20.062
swarm_48_111.pdb	8.867	16.446	0	20.060
swarm_43_108.pdb	11.745	20.136	0	20.029
swarm_25_36.pdb	9.546	26.688	0.0357143	19.980
swarm_23_87.pdb	10.413	19.327	0	19.917
swarm_41_50.pdb	4.257	11.845	0.107143	19.916
swarm_9_176.pdb	10.957	31.466	0.0357143	19.815
swarm_26_39.pdb	11.610	22.316	0	19.733
swarm_32_24.pdb	12.500	22.359	0	19.711
swarm_4_192.pdb	9.262	23.729	0.0714286	19.540
swarm_3_129.pdb	11.363	23.108	0.0357143	19.538
swarm_43_109.pdb	4.567	14.696	0.25	19.430
swarm_41_149.pdb	5.036	11.984	0.142857	19.308
swarm_33_169.pdb	11.931	37.733	0	19.261
swarm_48_30.pdb	11.470	22.654	0	19.237
swarm_25_2.pdb	11.348	34.912	0.285714	19.200
swarm_48_65.pdb	11.485	22.835	0	19.189
swarm_7_47.pdb	11.157	31.262	0	19.176
swarm_19_189.pdb	8.094	20.449	0.0357143	19.146
swarm_7_38.pdb	7.902	30.331	0.0714286	19.140
swarm_26_117.pdb	10.623	17.605	0	19.126
swarm_28_153.pdb	5.424	18.024	0.0357143	19.111
swarm_24_47.pdb	12.092	22.294	0	19.110
swarm_46_128.pdb	9.707	16.439	0	19.088
swarm_8_128.pdb	8.296	14.157	0	19.068
swarm_15_193.pdb	10.833	19.659	0	18.922
swarm_20_159.pdb	8.465	22.634	0.0357143	18.918
swarm_32_67.pdb	9.088	22.812	0	18.902
swarm_36_147.pdb	9.503	16.132	0	18.857
swarm_23_44.pdb	6.737	15.243	0.142857	18.821
swarm_19_109.pdb	9.359	17.987	0	18.793
swarm_32_147.pdb	10.779	21.763	0	18.792
swarm_7_190.pdb	10.085	23.591	0	18.736
swarm_34_9.pdb	11.624	19.652	0.107143	18.479
swarm_49_81.pdb	13.112	39.858	0	18.477
swarm_56_3.pdb	9.967	19.145	0.0714286	18.469
swarm_21_35.pdb	12.558	22.041	0	18.435
swarm_29_74.pdb	7.206	21.953	0.142857	18.422
swarm_58_198.pdb	10.267	24.017	0	18.339
swarm_4_27.pdb	9.512	22.173	0	18.326
swarm_30_68.pdb	12.100	28.264	0	18.298
swarm_46_4.pdb	8.336	18.463	0.0357143	18.235
swarm_30_36.pdb	11.831	30.973	0.0357143	18.235
swarm_28_163.pdb	9.976	17.087	0	18.207
swarm_55_106.pdb	10.726	37.549	0	18.200
swarm_26_151.pdb	5.637	20.259	0.178571	18.127
swarm_9_19.pdb	12.078	30.986	0.0357143	18.111
swarm_21_4.pdb	10.017	17.954	0	18.014
swarm_5_192.pdb	11.390	36.412	0.0357143	18.012
swarm_19_167.pdb	7.197	17.476	0.142857	17.979
swarm_19_82.pdb	8.378	15.451	0	17.950
swarm_28_142.pdb	9.148	21.971	0.0357143	17.901
swarm_35_118.pdb	8.569	30.634	0	17.834
swarm_8_178.pdb	8.581	14.719	0	17.774
swarm_4_39.pdb	8.157	27.952	0.0357143	17.721
swarm_8_11.pdb	11.679	21.231	0.0714286	17.689
swarm_28_62.pdb	11.769	22.869	0	17.680
swarm_2_37.pdb	8.070	33.768	0.214286	17.658
swarm_10_64.pdb	8.492	28.259	0.107143	17.654
swarm_30_103.pdb	12.100	26.033	0	17.640
swarm_36_20.pdb	11.989	20.782	0	17.607
swarm_56_18.pdb	8.416	18.135	0.0714286	17.565
swarm_24_163.pdb	10.594	20.578	0	17.562
swarm_31_161.pdb	13.409	34.015	0	17.520
swarm_3_57.pdb	9.432	27.438	0.0714286	17.503
swarm_48_136.pdb	9.556	29.717	0.0357143	17.500
swarm_42_152.pdb	11.687	18.544	0	17.484
swarm_46_181.pdb	9.230	25.010	0.0357143	17.470
swarm_42_81.pdb	8.419	14.034	0	17.452
swarm_28_42.pdb	11.963	22.894	0	17.417
swarm_26_112.pdb	13.014	23.046	0	17.402
swarm_41_92.pdb	9.457	17.472	0	17.391
swarm_58_175.pdb	10.408	19.437	0	17.330
swarm_47_185.pdb	11.562	20.347	0	17.179
swarm_24_42.pdb	10.091	17.707	0	17.157
swarm_7_139.pdb	8.383	28.979	0	17.146
swarm_21_183.pdb	11.673	22.495	0	17.050
swarm_21_6.pdb	11.151	21.201	0	17.016
swarm_13_195.pdb	3.458	14.257	0.214286	16.970
swarm_36_157.pdb	9.728	16.910	0	16.936
swarm_20_188.pdb	9.451	27.868	0.142857	16.907
swarm_23_163.pdb	10.318	19.992	0	16.866
swarm_7_33.pdb	13.559	35.646	0	16.809
swarm_19_197.pdb	8.618	18.773	0	16.804
swarm_42_100.pdb	7.869	15.250	0	16.679
swarm_21_180.pdb	10.510	17.908	0	16.678
swarm_40_113.pdb	12.164	31.723	0.25	16.664
swarm_24_142.pdb	6.380	12.692	0.142857	16.601
swarm_6_167.pdb	8.058	33.229	0.214286	16.570
swarm_29_103.pdb	10.027	25.929	0.0357143	16.558
swarm_23_119.pdb	7.857	16.540	0	16.534
swarm_49_27.pdb	9.677	34.862	0	16.422
swarm_10_160.pdb	10.912	28.648	0	16.360
swarm_28_89.pdb	9.396	21.664	0.0357143	16.343
swarm_48_64.pdb	12.103	25.454	0	16.292
swarm_3_157.pdb	10.472	21.151	0	16.275
swarm_35_180.pdb	11.379	25.694	0	16.239
swarm_3_86.pdb	9.048	24.958	0.0714286	16.231
swarm_58_178.pdb	7.714	18.883	0	16.221
swarm_4_135.pdb	11.484	28.895	0	16.079
swarm_15_198.pdb	11.088	20.714	0	16.076
swarm_28_90.pdb	9.818	20.021	0	15.999
swarm_3_181.pdb	6.662	22.077	0.107143	15.993
swarm_51_32.pdb	11.986	29.968	0	15.968
swarm_36_132.pdb	8.885	14.396	0	15.966
swarm_30_83.pdb	13.736	32.780	0	15.946
swarm_17_55.pdb	11.918	25.593	0	15.928
swarm_51_66.pdb	8.037	25.458	0.0357143	15.917
swarm_51_103.pdb	12.820	34.847	0	15.879
swarm_44_99.pdb	11.479	21.882	0	15.857
swarm_35_166.pdb	14.090	33.012	0	15.843
swarm_41_119.pdb	10.929	21.626	0	15.824
swarm_58_184.pdb	9.754	19.916	0	15.778
swarm_23_31.pdb	10.732	18.350	0	15.773
swarm_29_159.pdb	8.966	26.977	0.0714286	15.772
swarm_8_54.pdb	8.820	14.752	0	15.756
swarm_48_33.pdb	11.736	21.921	0	15.678
swarm_32_179.pdb	13.002	25.487	0	15.671
swarm_8_100.pdb	10.774	21.622	0.107143	15.567
swarm_42_3.pdb	12.519	23.593	0	15.558
swarm_57_171.pdb	6.914	20.291	0.178571	15.539
swarm_17_154.pdb	11.577	26.416	0	15.502
swarm_41_96.pdb	10.876	20.077	0	15.477
swarm_46_14.pdb	12.548	26.394	0	15.472
swarm_38_96.pdb	6.670	11.617	0	15.403
swarm_51_93.pdb	11.546	32.445	0.0357143	15.376
swarm_36_183.pdb	10.482	17.320	0	15.375
swarm_56_137.pdb	8.843	21.714	0.0357143	15.349
swarm_51_16.pdb	14.653	35.205	0	15.296
swarm_29_156.pdb	11.460	26.544	0	15.292
swarm_47_73.pdb	4.790	15.112	0.464286	15.247
swarm_56_80.pdb	9.920	21.999	0	15.240
swarm_36_159.pdb	12.582	20.477	0	15.216
swarm_0_146.pdb	11.802	28.216	0	15.182
swarm_3_80.pdb	8.558	21.407	0	15.149
swarm_32_74.pdb	6.453	16.229	0.178571	15.144
swarm_51_49.pdb	13.709	34.506	0	15.075
swarm_53_27.pdb	6.926	20.458	0	15.063
swarm_44_23.pdb	10.551	18.749	0	14.993
swarm_3_74.pdb	11.080	22.858	0	14.989
swarm_49_10.pdb	11.305	31.575	0	14.920
swarm_48_146.pdb	11.259	24.091	0	14.916
swarm_4_33.pdb	11.765	24.062	0	14.838
swarm_51_7.pdb	10.910	26.624	0	14.676
swarm_12_90.pdb	11.522	34.646	0	14.655
swarm_4_127.pdb	12.534	34.129	0	14.580
swarm_14_99.pdb	12.155	33.593	0	14.573
swarm_32_188.pdb	13.278	25.472	0	14.566
swarm_31_80.pdb	12.454	32.086	0	14.548
swarm_47_117.pdb	6.195	10.984	0	14.522
swarm_9_14.pdb	14.360	31.875	0	14.484
swarm_35_172.pdb	11.239	30.936	0	14.421
swarm_38_93.pdb	10.548	20.748	0.0357143	14.334
swarm_55_57.pdb	11.123	36.835	0	14.306
swarm_4_18.pdb	13.744	27.033	0	14.260
swarm_46_1.pdb	12.563	24.422	0	14.220
swarm_56_136.pdb	11.887	21.010	0	14.179
swarm_31_102.pdb	15.065	38.028	0	14.149
swarm_34_19.pdb	10.423	17.107	0	14.099
swarm_28_2.pdb	7.579	20.077	0	14.025
swarm_48_143.pdb	12.762	30.408	0	13.994
swarm_21_79.pdb	11.134	17.776	0	13.898
swarm_49_152.pdb	12.284	38.101	0	13.895
swarm_41_167.pdb	11.022	23.113	0	13.862
swarm_47_118.pdb	9.002	15.152	0	13.848
swarm_39_112.pdb	9.039	31.262	0	13.788
swarm_10_140.pdb	12.028	34.655	0	13.712
swarm_15_194.pdb	12.873	22.522	0	13.664
swarm_34_177.pdb	5.603	11.427	0.178571	13.602
swarm_4_96.pdb	12.993	26.273	0	13.565
swarm_4_150.pdb	13.433	26.099	0	13.513
swarm_28_149.pdb	9.954	23.734	0	13.497
swarm_19_174.pdb	8.874	21.556	0	13.465
swarm_3_151.pdb	12.428	25.402	0	13.462
swarm_51_50.pdb	13.754	32.534	0	13.441
swarm_4_90.pdb	12.739	25.564	0	13.347
swarm_8_196.pdb	10.454	17.770	0	13.319
swarm_36_38.pdb	10.765	17.680	0	13.309
swarm_26_43.pdb	11.743	24.815	0	13.234
swarm_30_127.pdb	13.159	30.991	0	13.216
swarm_29_181.pdb	12.111	23.621	0	13.140
swarm_28_172.pdb	14.281	30.855	0	13.140
swarm_29_100.pdb	10.440	23.194	0	13.136
swarm_29_88.pdb	9.637	25.253	0	13.112
swarm_58_18.pdb	7.958	16.353	0	13.105
swarm_24_78.pdb	12.973	21.641	0	13.024
swarm_55_77.pdb	11.051	39.926	0.0357143	13.022
swarm_9_38.pdb	13.429	29.199	0	12.993
swarm_46_90.pdb	12.787	26.707	0	12.974
swarm_56_15.pdb	12.626	24.037	0	12.944
swarm_48_189.pdb	8.342	27.557	0	12.896
swarm_9_147.pdb	12.827	34.375	0	12.700
swarm_17_174.pdb	11.550	25.923	0	12.672
swarm_50_81.pdb	9.121	36.165	0.107143	12.596
swarm_32_186.pdb	14.698	28.498	0	12.456
swarm_58_126.pdb	12.740	24.633	0	12.248
swarm_32_21.pdb	10.354	19.473	0	12.178
swarm_48_181.pdb	10.992	25.812	0	12.148
swarm_30_1.pdb	12.569	29.404	0	12.130
swarm_30_163.pdb	11.006	27.704	0	12.126
swarm_7_64.pdb	13.471	27.173	0	12.064
swarm_4_94.pdb	8.071	25.185	0.0357143	11.977
swarm_26_186.pdb	10.605	22.034	0	11.864
swarm_35_141.pdb	11.771	30.807	0	11.757
swarm_9_195.pdb	10.220	29.060	0	11.613
swarm_5_92.pdb	15.297	42.553	0	11.607
swarm_56_153.pdb	10.187	19.517	0	11.565
swarm_25_150.pdb	11.957	28.991	0	11.559
swarm_49_179.pdb	12.135	31.590	0	11.455
swarm_9_170.pdb	13.773	35.098	0	11.324
swarm_35_51.pdb	15.719	36.112	0	11.300
swarm_34_90.pdb	9.836	16.134	0	11.250
swarm_24_145.pdb	11.842	19.198	0	11.213
swarm_48_41.pdb	9.366	22.928	0	11.198
swarm_46_147.pdb	12.621	26.147	0	11.165
swarm_29_141.pdb	14.111	30.570	0	11.152
swarm_24_25.pdb	6.928	17.503	0.0357143	11.015
swarm_51_44.pdb	13.001	35.209	0	10.576
swarm_51_179.pdb	15.538	35.538	0	10.411
swarm_7_79.pdb	13.288	27.231	0	10.331
swarm_21_75.pdb	9.897	16.114	0	10.321
swarm_46_168.pdb	10.232	25.227	0	9.841
swarm_38_192.pdb	6.979	11.009	0	9.805
swarm_10_95.pdb	17.132	40.709	0	9.630
swarm_46_166.pdb	10.288	22.348	0	9.340
swarm_19_149.pdb	11.644	20.365	0	9.317
swarm_36_134.pdb	12.389	21.668	0	9.150
swarm_48_130.pdb	14.245	29.673	0	8.911
swarm_38_108.pdb	10.305	21.110	0	8.696
swarm_7_101.pdb	12.527	31.572	0	8.495
swarm_21_64.pdb	3.521	9.820	0.214286	7.016
swarm_8_76.pdb	5.208	14.508	0.25	6.967
swarm_50_131.pdb	10.589	34.121	0.0714286	6.210
swarm_56_125.pdb	4.159	16.445	0.214286	5.655
swarm_24_176.pdb	8.728	16.434	0.0357143	5.569
swarm_9_12.pdb	13.818	32.937	0	4.963
swarm_19_29.pdb	9.248	20.505	0.0714286	3.843
swarm_24_53.pdb	11.720	21.866	0.107143	3.264
swarm_9_101.pdb	11.354	32.000	0	2.808
swarm_33_162.pdb	15.769	42.148	0	2.516
swarm_35_87.pdb	7.902	30.285	0.142857	1.571
swarm_59_105.pdb	11.845	30.878	0.0357143	0.505
