swarm_8_80.pdb	5.714	25.275	0.130435	54.675
swarm_22_69.pdb	8.505	39.418	0.130435	53.645
swarm_17_7.pdb	8.112	38.450	0.195652	52.523
swarm_6_9.pdb	5.292	25.851	0.217391	46.922
swarm_23_74.pdb	2.864	10.424	0.695652	46.300
swarm_26_149.pdb	8.267	38.971	0.130435	45.880
swarm_2_39.pdb	2.632	6.271	0.652174	45.738
swarm_7_66.pdb	3.007	7.251	0.717391	45.248
swarm_0_109.pdb	3.895	11.204	0.5	45.171
swarm_32_168.pdb	4.817	18.221	0.0869565	44.549
swarm_0_37.pdb	5.358	14.500	0.326087	43.502
swarm_18_172.pdb	3.115	12.673	0.369565	43.225
swarm_29_21.pdb	7.137	30.495	0	43.162
swarm_20_42.pdb	10.380	35.637	0	42.712
swarm_18_69.pdb	8.512	30.309	0	41.922
swarm_30_159.pdb	5.489	31.109	0.347826	41.339
swarm_21_78.pdb	3.007	12.190	0.304348	41.181
swarm_12_107.pdb	2.731	7.315	0.478261	40.922
swarm_9_3.pdb	7.926	37.167	0.152174	40.790
swarm_10_141.pdb	7.364	34.145	0.130435	40.779
swarm_7_104.pdb	2.547	7.206	0.521739	40.490
swarm_12_131.pdb	3.666	11.975	0.543478	40.476
swarm_4_121.pdb	7.425	30.519	0	40.366
swarm_13_71.pdb	7.072	34.265	0	40.098
swarm_34_159.pdb	7.961	33.843	0.0652174	39.746
swarm_8_4.pdb	4.846	24.074	0.108696	39.369
swarm_6_149.pdb	5.993	34.500	0.304348	39.329
swarm_31_85.pdb	6.388	25.985	0	39.171
swarm_3_111.pdb	5.828	34.339	0.26087	39.165
swarm_13_197.pdb	7.592	35.382	0.0434783	39.002
swarm_33_138.pdb	3.687	14.356	0.413043	38.573
swarm_32_157.pdb	5.674	24.779	0	38.435
swarm_23_120.pdb	5.350	20.093	0.282609	38.115
swarm_31_59.pdb	8.230	33.855	0.0652174	37.227
swarm_11_12.pdb	6.486	37.214	0.26087	37.223
swarm_15_92.pdb	7.202	37.334	0.152174	37.079
swarm_10_100.pdb	5.243	23.054	0.217391	37.010
swarm_16_63.pdb	4.159	20.661	0.282609	36.794
swarm_3_34.pdb	7.603	40.125	0.152174	36.532
swarm_28_68.pdb	6.412	24.350	0.0434783	36.133
swarm_1_166.pdb	4.809	20.729	0.108696	35.992
swarm_5_72.pdb	9.542	36.193	0	35.665
swarm_1_52.pdb	6.790	22.789	0.152174	35.478
swarm_24_173.pdb	10.424	38.140	0	35.433
swarm_5_73.pdb	10.709	41.485	0.0217391	35.171
swarm_32_30.pdb	6.197	20.383	0.23913	35.109
swarm_1_151.pdb	4.513	15.155	0.26087	34.999
swarm_23_28.pdb	5.758	17.439	0.391304	34.948
swarm_14_106.pdb	10.820	39.458	0	34.866
swarm_9_47.pdb	10.061	38.257	0.0217391	34.589
swarm_8_56.pdb	5.555	32.879	0.304348	34.564
swarm_12_86.pdb	3.800	20.341	0.391304	33.944
swarm_9_174.pdb	7.736	32.320	0.0217391	33.930
swarm_34_36.pdb	6.991	26.844	0.0434783	33.679
swarm_0_70.pdb	4.332	16.631	0.326087	33.540
swarm_32_169.pdb	4.400	24.956	0.369565	33.460
swarm_31_62.pdb	6.549	30.370	0.0652174	32.821
swarm_22_186.pdb	7.058	32.567	0.195652	32.562
swarm_21_121.pdb	3.090	13.852	0.413043	32.209
swarm_9_5.pdb	8.616	36.668	0.108696	32.197
swarm_4_99.pdb	9.066	39.151	0	31.954
swarm_17_196.pdb	10.559	39.541	0.0217391	31.837
swarm_31_73.pdb	7.913	31.973	0.0434783	31.639
swarm_24_199.pdb	9.780	43.134	0.0217391	31.326
swarm_5_99.pdb	8.863	32.929	0	31.216
swarm_33_89.pdb	6.689	25.905	0.391304	31.145
swarm_27_75.pdb	8.857	38.550	0.0217391	30.721
swarm_16_126.pdb	4.585	25.719	0.434783	30.675
swarm_24_166.pdb	8.424	36.941	0.108696	30.648
swarm_3_86.pdb	7.321	31.767	0	30.138
swarm_14_98.pdb	9.703	40.562	0	30.073
swarm_17_80.pdb	10.953	50.526	0	30.043
swarm_26_65.pdb	11.250	53.943	0	30.038
swarm_10_155.pdb	7.473	25.621	0	29.901
swarm_25_182.pdb	10.646	47.512	0	28.927
swarm_29_85.pdb	5.516	30.834	0.282609	28.823
swarm_19_118.pdb	9.131	40.186	0	28.738
swarm_29_3.pdb	6.574	38.158	0.130435	28.240
swarm_33_2.pdb	6.733	32.597	0.217391	28.123
swarm_28_192.pdb	4.661	26.297	0.152174	28.122
swarm_2_186.pdb	4.575	17.195	0.282609	27.796
swarm_34_142.pdb	7.807	32.058	0.0434783	26.991
swarm_33_129.pdb	7.381	30.555	0.0217391	26.315
swarm_11_191.pdb	6.264	34.370	0.173913	25.992
swarm_31_143.pdb	5.040	26.348	0.195652	25.668
swarm_6_137.pdb	5.698	27.423	0.0217391	25.529
swarm_4_182.pdb	9.166	36.779	0	24.848
swarm_26_46.pdb	12.012	51.513	0	24.575
swarm_17_156.pdb	8.827	42.298	0.0869565	24.386
swarm_2_100.pdb	6.653	16.589	0.0217391	24.142
swarm_5_8.pdb	9.098	37.872	0	24.081
swarm_21_95.pdb	6.020	24.410	0.217391	23.989
swarm_23_110.pdb	5.973	26.861	0.108696	23.616
swarm_1_175.pdb	9.191	30.173	0.0217391	23.235
swarm_29_16.pdb	7.763	31.386	0	23.133
swarm_4_55.pdb	7.053	39.974	0.152174	22.864
swarm_18_190.pdb	7.848	26.724	0	22.684
swarm_9_175.pdb	8.243	41.429	0.0652174	22.463
swarm_8_174.pdb	5.180	30.515	0.23913	21.850
swarm_27_184.pdb	5.492	27.201	0.195652	21.489
swarm_34_132.pdb	6.998	35.254	0.0869565	20.608
swarm_28_37.pdb	5.585	26.036	0.26087	20.504
swarm_18_64.pdb	3.051	10.902	0.26087	20.306
swarm_5_11.pdb	9.077	43.111	0.130435	19.715
swarm_8_58.pdb	6.795	28.079	0.173913	19.407
swarm_13_85.pdb	7.852	42.737	0.0652174	19.330
swarm_28_83.pdb	8.095	36.357	0.0652174	18.942
swarm_15_99.pdb	10.149	49.210	0.0434783	18.280
swarm_6_101.pdb	6.330	25.194	0.152174	18.102
swarm_28_180.pdb	7.561	31.104	0.0869565	18.031
swarm_1_105.pdb	5.804	21.706	0.0652174	18.029
swarm_6_6.pdb	7.885	33.393	0.0869565	17.843
swarm_24_183.pdb	10.075	43.546	0	17.556
swarm_30_58.pdb	7.579	39.632	0.0869565	17.192
swarm_16_23.pdb	7.388	33.413	0.152174	17.054
swarm_28_129.pdb	7.362	28.860	0.130435	16.773
swarm_27_22.pdb	9.289	43.829	0.0434783	15.850
swarm_6_26.pdb	8.948	39.824	0.130435	14.232
swarm_2_178.pdb	6.332	13.826	0.0217391	13.899
swarm_11_193.pdb	8.287	45.798	0.0434783	13.601
swarm_33_191.pdb	5.894	22.585	0.152174	13.269
swarm_28_23.pdb	4.456	21.432	0.195652	10.820
swarm_27_8.pdb	8.990	37.452	0.0434783	10.699
swarm_32_162.pdb	6.876	30.847	0.0869565	5.399
