swarm_7_179.pdb	6.130	24.897	0.130435	56.603
swarm_33_71.pdb	7.381	36.758	0.0652174	47.965
swarm_28_50.pdb	7.215	34.013	0.0217391	47.137
swarm_34_174.pdb	12.095	33.933	0	45.420
swarm_36_0.pdb	12.520	33.889	0	43.161
swarm_4_170.pdb	7.458	31.072	0	41.741
swarm_42_72.pdb	6.574	29.620	0	34.295
swarm_45_62.pdb	5.613	24.959	0.0217391	31.707
swarm_2_57.pdb	7.791	28.890	0	29.209
swarm_11_93.pdb	9.543	37.832	0.0652174	29.051
swarm_26_82.pdb	4.365	21.143	0.347826	28.184
swarm_35_77.pdb	10.611	35.028	0	27.567
swarm_9_68.pdb	8.289	28.349	0	27.361
swarm_14_171.pdb	6.184	27.060	0	26.744
swarm_26_85.pdb	5.053	28.148	0.326087	26.358
swarm_2_3.pdb	8.665	35.590	0.108696	25.475
swarm_11_187.pdb	9.131	28.328	0	25.000
swarm_21_150.pdb	9.686	31.763	0	24.695
swarm_2_97.pdb	8.880	31.536	0	23.786
swarm_2_192.pdb	6.890	24.904	0.0434783	21.289
swarm_7_187.pdb	14.649	29.767	0	19.505
swarm_8_144.pdb	5.517	13.658	0.195652	14.348
swarm_8_129.pdb	5.350	15.335	0.282609	8.147
swarm_36_84.pdb	5.026	27.219	0.130435	6.800
swarm_35_149.pdb	5.241	27.541	0.26087	0.150
