swarm_16_150.pdb	7.071	28.209	0.0652174	55.947
swarm_4_34.pdb	8.482	31.567	0.0217391	51.296
swarm_6_107.pdb	6.197	34.193	0.152174	48.046
swarm_0_91.pdb	7.896	31.957	0.0434783	46.372
swarm_18_133.pdb	7.504	36.432	0.173913	46.143
swarm_1_48.pdb	7.623	37.940	0.0434783	45.524
swarm_7_103.pdb	4.753	13.588	0.26087	44.888
swarm_9_83.pdb	9.291	38.230	0.0869565	43.269
swarm_15_143.pdb	6.032	29.477	0.0869565	43.222
swarm_0_120.pdb	9.944	37.425	0	41.855
swarm_11_197.pdb	9.809	38.170	0	39.989
swarm_3_17.pdb	9.115	37.552	0.0869565	39.223
swarm_2_170.pdb	4.637	16.220	0.282609	39.016
swarm_5_4.pdb	5.671	22.417	0.0869565	38.489
swarm_7_99.pdb	5.160	17.948	0.23913	36.492
swarm_15_29.pdb	5.467	31.679	0.23913	34.472
swarm_10_105.pdb	9.063	42.588	0.0652174	33.947
swarm_10_71.pdb	12.418	57.331	0	33.795
swarm_17_70.pdb	6.360	19.478	0.0652174	33.445
swarm_13_126.pdb	6.672	21.889	0.0434783	32.356
swarm_12_111.pdb	8.482	36.742	0.108696	30.098
swarm_18_29.pdb	8.070	39.853	0.23913	29.017
swarm_16_161.pdb	6.502	36.491	0.326087	28.999
swarm_19_9.pdb	4.946	16.657	0.130435	28.864
swarm_14_155.pdb	4.669	21.204	0.369565	28.781
swarm_3_91.pdb	9.551	46.193	0.0217391	28.581
swarm_17_177.pdb	3.509	13.910	0.391304	27.847
swarm_14_135.pdb	6.779	32.696	0.173913	27.734
swarm_17_104.pdb	5.636	30.388	0.173913	26.704
swarm_19_151.pdb	6.549	21.411	0.0217391	26.563
swarm_4_71.pdb	7.251	35.355	0.0869565	26.470
swarm_6_56.pdb	8.744	45.290	0.0217391	26.268
swarm_17_78.pdb	4.852	24.518	0.434783	26.192
swarm_9_177.pdb	10.321	37.870	0	25.809
swarm_13_2.pdb	5.290	21.470	0.369565	25.416
swarm_1_45.pdb	5.841	31.252	0.217391	25.264
swarm_3_113.pdb	10.919	48.609	0	25.258
swarm_16_65.pdb	10.454	37.628	0	24.562
swarm_5_127.pdb	7.076	29.757	0.0217391	22.876
swarm_1_52.pdb	4.746	24.553	0.347826	22.819
swarm_15_84.pdb	5.914	29.871	0.0652174	22.557
swarm_19_93.pdb	6.399	29.929	0.130435	22.133
swarm_5_92.pdb	7.381	33.511	0	21.022
swarm_5_164.pdb	9.338	42.867	0.0217391	18.947
swarm_7_61.pdb	6.241	17.388	0.0869565	18.785
swarm_15_136.pdb	7.820	35.097	0.130435	17.969
swarm_6_149.pdb	7.951	37.193	0.0217391	17.330
swarm_14_52.pdb	7.132	32.233	0.195652	16.688
swarm_9_129.pdb	9.331	44.727	0.0434783	15.112
swarm_15_22.pdb	9.510	41.000	0.0869565	12.487
