swarm_34_147.pdb	12.556	33.830	0	31.969
swarm_31_136.pdb	5.844	18.977	0.142857	30.202
swarm_10_33.pdb	14.306	28.527	0.0612245	28.293
swarm_16_68.pdb	14.583	28.275	0	26.491
swarm_32_116.pdb	13.551	25.617	0	26.380
swarm_41_183.pdb	15.458	31.448	0	26.351
swarm_32_180.pdb	14.706	35.197	0	24.109
swarm_53_176.pdb	17.273	49.144	0	22.574
swarm_11_166.pdb	16.207	43.633	0	22.476
swarm_54_62.pdb	12.103	31.327	0	22.066
swarm_8_183.pdb	16.533	29.157	0	21.358
swarm_41_0.pdb	14.018	35.034	0	20.813
swarm_38_187.pdb	16.125	41.008	0	20.702
swarm_39_160.pdb	19.493	46.102	0	20.668
swarm_24_67.pdb	14.367	51.291	0	20.114
swarm_51_93.pdb	16.522	35.592	0	19.702
swarm_31_6.pdb	14.323	25.740	0	18.745
swarm_4_0.pdb	14.724	25.739	0	18.166
swarm_8_44.pdb	12.754	29.799	0.0204082	18.145
swarm_22_97.pdb	16.380	33.316	0	18.106
swarm_18_186.pdb	15.955	40.925	0	17.839
swarm_19_75.pdb	13.072	39.092	0	17.798
swarm_48_196.pdb	15.154	48.370	0	17.780
swarm_18_78.pdb	14.955	47.831	0	17.233
swarm_9_2.pdb	10.899	17.531	0	17.136
swarm_9_144.pdb	13.834	27.168	0	4.742
swarm_22_47.pdb	13.196	30.592	0.0204082	3.371
swarm_47_172.pdb	8.158	24.987	0.122449	1.336
swarm_31_147.pdb	10.742	18.962	0	0.473
