run0-swarm_4_45.pdb	5.966	26.179	0.0816327	44.372
run0-swarm_29_107.pdb	9.917	38.896	0	40.722
run0-swarm_42_36.pdb	6.250	26.172	0.122449	39.377
run0-swarm_41_133.pdb	9.862	38.035	0	39.298
run0-swarm_5_88.pdb	7.604	35.204	0.0204082	39.099
run0-swarm_39_8.pdb	5.788	25.235	0.122449	38.794
run0-swarm_5_72.pdb	9.117	36.293	0	38.356
run0-swarm_16_123.pdb	5.096	22.302	0.204082	38.241
run0-swarm_41_147.pdb	9.210	36.660	0	37.307
run0-swarm_36_3.pdb	9.578	37.176	0	37.044
run0-swarm_6_154.pdb	12.100	44.647	0	34.112
run0-swarm_39_98.pdb	5.683	31.043	0.0816327	34.048
run0-swarm_26_82.pdb	9.998	38.350	0	34.021
run0-swarm_40_136.pdb	6.509	29.084	0.0612245	33.939
run0-swarm_8_145.pdb	4.410	15.907	0.163265	33.760
run0-swarm_39_4.pdb	9.426	39.407	0	33.131
run0-swarm_2_22.pdb	7.923	38.838	0.0612245	33.007
run0-swarm_5_31.pdb	11.882	42.742	0	32.889
run0-swarm_34_185.pdb	6.484	30.243	0.0612245	32.743
run0-swarm_45_48.pdb	2.277	11.873	0.632653	32.229
run0-swarm_13_35.pdb	6.285	21.389	0.0408163	32.080
run0-swarm_17_117.pdb	10.500	40.446	0	31.604
run0-swarm_49_41.pdb	8.925	36.135	0	31.396
run0-swarm_23_79.pdb	5.345	22.407	0.122449	31.181
run0-swarm_46_32.pdb	2.048	5.584	0.673469	31.179
run0-swarm_39_106.pdb	7.147	35.915	0.122449	31.095
run0-swarm_1_93.pdb	9.482	42.804	0.0204082	31.041
run0-swarm_7_196.pdb	11.478	38.985	0	30.917
run0-swarm_41_145.pdb	11.342	35.382	0	30.581
run0-swarm_27_65.pdb	8.179	33.607	0	30.339
run0-swarm_37_134.pdb	13.266	48.084	0	30.080
run0-swarm_37_75.pdb	9.661	41.561	0	29.943
run0-swarm_12_19.pdb	7.302	36.615	0.102041	29.890
run0-swarm_31_133.pdb	10.010	45.819	0.0204082	29.876
run0-swarm_28_16.pdb	8.571	43.002	0	29.824
run0-swarm_3_7.pdb	11.538	39.844	0	29.712
run0-swarm_28_191.pdb	10.641	48.772	0.0204082	29.704
run0-swarm_40_16.pdb	10.550	38.946	0	29.644
run0-swarm_39_110.pdb	9.283	44.751	0.0204082	29.502
run0-swarm_26_11.pdb	9.488	41.153	0	29.490
run0-swarm_16_132.pdb	5.890	18.621	0.0204082	29.456
run0-swarm_9_173.pdb	8.808	34.747	0	29.274
run0-swarm_21_76.pdb	6.971	25.709	0	29.238
run0-swarm_33_198.pdb	5.567	23.185	0.122449	28.884
run0-swarm_38_185.pdb	5.644	21.364	0	28.835
run0-swarm_0_78.pdb	9.733	43.223	0	28.613
run0-swarm_17_78.pdb	8.082	40.330	0.0816327	28.458
run0-swarm_4_147.pdb	5.379	18.382	0.0612245	28.428
run0-swarm_47_6.pdb	9.702	45.106	0	27.871
run0-swarm_23_3.pdb	5.289	19.028	0.0612245	27.777
run0-swarm_49_188.pdb	11.878	47.143	0	27.582
run0-swarm_44_194.pdb	1.933	9.186	0.510204	27.317
run0-swarm_31_108.pdb	10.161	46.052	0.0204082	27.223
run0-swarm_11_132.pdb	1.907	9.380	0.612245	27.217
run0-swarm_33_55.pdb	4.054	15.657	0.428571	26.936
run0-swarm_12_57.pdb	9.589	38.918	0	26.793
run0-swarm_19_56.pdb	6.205	24.231	0.0612245	26.675
run0-swarm_4_42.pdb	2.994	16.265	0.489796	26.667
run0-swarm_24_173.pdb	6.941	36.754	0.0408163	26.595
run0-swarm_24_68.pdb	9.233	38.944	0	25.679
run0-swarm_42_32.pdb	5.562	22.927	0.102041	25.657
run0-swarm_22_24.pdb	10.063	40.492	0	25.648
run0-swarm_12_180.pdb	9.172	41.544	0.0612245	25.645
run0-swarm_27_94.pdb	5.933	25.876	0.102041	25.475
run0-swarm_25_68.pdb	7.071	26.448	0.0408163	25.348
run0-swarm_29_55.pdb	7.802	32.835	0	25.340
run0-swarm_1_160.pdb	7.550	36.730	0.0408163	25.186
run0-swarm_3_189.pdb	11.997	45.558	0	25.101
run0-swarm_47_94.pdb	10.071	47.135	0.0408163	24.747
run0-swarm_8_117.pdb	2.598	6.321	0.346939	24.732
run0-swarm_10_63.pdb	8.753	39.175	0	24.719
run0-swarm_4_163.pdb	6.853	33.355	0.204082	24.611
run0-swarm_13_120.pdb	3.168	11.157	0.469388	24.596
run0-swarm_15_122.pdb	2.725	12.230	0.612245	24.474
run0-swarm_41_44.pdb	8.247	40.116	0.122449	24.471
run0-swarm_4_107.pdb	5.837	28.671	0.22449	24.426
run0-swarm_17_114.pdb	9.624	38.585	0	24.283
run0-swarm_46_14.pdb	2.157	9.497	0.428571	24.177
run0-swarm_15_76.pdb	6.213	15.380	0.0204082	23.891
run0-swarm_12_166.pdb	7.088	32.955	0.204082	23.718
run0-swarm_10_83.pdb	7.094	28.896	0	23.544
run0-swarm_35_175.pdb	9.281	36.811	0	23.531
run0-swarm_12_77.pdb	7.594	35.545	0.0612245	23.529
run0-swarm_31_161.pdb	9.227	39.117	0	23.158
run0-swarm_23_42.pdb	2.174	10.689	0.428571	23.111
run0-swarm_20_5.pdb	3.285	11.084	0.367347	23.104
run0-swarm_24_79.pdb	9.564	42.082	0.0204082	22.922
run0-swarm_2_118.pdb	7.307	32.202	0.0408163	22.918
run0-swarm_19_1.pdb	7.618	27.371	0.0408163	22.440
run0-swarm_32_66.pdb	8.351	31.138	0	22.429
run0-swarm_40_68.pdb	6.157	28.551	0.142857	22.288
run0-swarm_34_54.pdb	8.469	32.102	0	22.244
run0-swarm_18_106.pdb	9.727	41.463	0	22.223
run0-swarm_47_141.pdb	10.124	49.083	0	22.112
run0-swarm_31_164.pdb	9.102	44.486	0.0408163	21.845
run0-swarm_23_11.pdb	3.571	19.000	0.346939	21.822
run0-swarm_19_91.pdb	6.473	32.542	0.102041	21.774
run0-swarm_0_8.pdb	10.600	50.029	0	21.597
run0-swarm_19_164.pdb	7.608	27.155	0	21.283
run0-swarm_25_14.pdb	7.684	30.694	0	21.142
run0-swarm_35_15.pdb	7.578	30.853	0.0612245	21.103
run0-swarm_15_70.pdb	4.110	17.201	0.265306	21.085
run0-swarm_42_52.pdb	6.524	30.544	0.0204082	20.711
run0-swarm_42_27.pdb	7.431	25.607	0	20.463
run0-swarm_11_125.pdb	5.658	12.204	0.0612245	20.001
run0-swarm_45_86.pdb	5.092	12.053	0.122449	19.860
run0-swarm_0_110.pdb	13.734	49.499	0	19.836
run0-swarm_18_20.pdb	9.247	38.243	0	19.728
run0-swarm_8_196.pdb	2.004	8.877	0.673469	19.702
run0-swarm_30_20.pdb	3.605	20.187	0.265306	19.506
run0-swarm_24_99.pdb	9.213	40.872	0	19.269
run0-swarm_27_88.pdb	6.420	32.989	0.163265	19.267
run0-swarm_2_132.pdb	9.471	41.032	0.0408163	19.212
run0-swarm_30_156.pdb	5.913	20.199	0.122449	19.187
run0-swarm_20_103.pdb	6.661	22.689	0.0204082	19.108
run0-swarm_14_159.pdb	7.301	21.195	0.0408163	19.008
run0-swarm_38_104.pdb	6.795	32.445	0.0204082	19.007
run0-swarm_15_149.pdb	6.226	19.549	0.0408163	19.005
run0-swarm_40_111.pdb	7.841	39.753	0.102041	18.811
run0-swarm_25_149.pdb	6.723	22.817	0.0204082	18.423
run0-swarm_21_11.pdb	4.207	12.834	0.22449	18.349
run0-swarm_14_63.pdb	4.997	23.185	0.265306	18.182
run0-swarm_27_142.pdb	7.708	26.878	0.0408163	18.099
run0-swarm_29_147.pdb	6.393	30.487	0.122449	17.685
run0-swarm_43_36.pdb	11.200	47.291	0	17.392
run0-swarm_11_6.pdb	5.766	18.448	0.122449	17.317
run0-swarm_9_89.pdb	9.203	32.219	0.0204082	17.187
run0-swarm_38_74.pdb	8.945	44.420	0	16.938
run0-swarm_45_49.pdb	6.505	24.405	0.0612245	16.099
run0-swarm_38_4.pdb	8.071	36.360	0	16.018
run0-swarm_9_40.pdb	7.514	24.060	0.0408163	15.880
run0-swarm_39_142.pdb	9.622	36.850	0	15.520
run0-swarm_23_199.pdb	6.831	25.253	0.0612245	15.248
run0-swarm_22_56.pdb	8.518	36.578	0	15.211
run0-swarm_45_24.pdb	4.104	18.071	0.204082	14.598
run0-swarm_42_3.pdb	3.882	21.834	0.244898	14.277
run0-swarm_11_77.pdb	4.672	17.621	0.22449	11.022
run0-swarm_19_92.pdb	5.037	24.436	0.183673	10.179
run0-swarm_8_44.pdb	5.209	16.035	0.346939	8.673
run0-swarm_35_131.pdb	4.694	22.329	0.367347	6.100
run0-swarm_36_95.pdb	6.883	30.833	0.163265	5.945
run0-swarm_14_104.pdb	8.779	31.540	0	1.129
