swarm_36_5.pdb	6.021	28.784	0.0408163	45.776
swarm_51_43.pdb	6.345	28.486	0.0816327	44.635
swarm_32_84.pdb	6.300	26.469	0.102041	44.105
swarm_40_148.pdb	5.592	27.124	0.122449	43.393
swarm_3_176.pdb	7.736	35.531	0.0204082	41.300
swarm_35_0.pdb	6.249	32.407	0.0408163	41.066
swarm_52_12.pdb	7.216	33.233	0.0612245	40.407
swarm_37_12.pdb	8.929	30.184	0	40.001
swarm_5_22.pdb	9.435	37.328	0	36.821
swarm_42_155.pdb	10.287	37.741	0	36.793
swarm_7_12.pdb	11.928	44.249	0	36.627
swarm_6_52.pdb	11.579	45.734	0	35.971
swarm_40_41.pdb	7.645	35.858	0.0816327	35.820
swarm_30_168.pdb	9.688	41.581	0	35.776
swarm_7_63.pdb	11.218	46.979	0	35.700
swarm_25_151.pdb	9.024	36.745	0	35.517
swarm_21_98.pdb	8.959	35.666	0	35.499
swarm_5_66.pdb	15.097	42.394	0	35.416
swarm_8_103.pdb	6.661	25.369	0	35.260
swarm_6_85.pdb	14.373	46.427	0	35.166
swarm_3_146.pdb	7.899	32.710	0	34.956
swarm_34_163.pdb	6.018	29.752	0.0816327	34.638
swarm_30_114.pdb	8.332	32.652	0	34.208
swarm_24_63.pdb	12.141	45.925	0	34.170
swarm_47_0.pdb	6.274	27.367	0.244898	33.670
swarm_26_184.pdb	7.023	22.416	0.0408163	33.641
swarm_18_25.pdb	10.165	43.254	0	33.445
swarm_30_146.pdb	12.880	46.386	0	33.344
swarm_14_64.pdb	9.245	38.049	0	33.297
swarm_23_190.pdb	6.131	32.457	0.0408163	33.278
swarm_37_180.pdb	7.685	35.010	0	33.240
swarm_29_53.pdb	10.184	36.465	0	33.214
swarm_18_183.pdb	7.652	30.994	0	33.011
swarm_31_162.pdb	6.135	27.194	0.244898	32.809
swarm_20_98.pdb	10.414	44.115	0.0204082	32.700
swarm_5_53.pdb	11.783	44.498	0	32.223
swarm_35_193.pdb	8.968	32.526	0	31.909
swarm_27_179.pdb	9.459	44.055	0.0204082	31.883
swarm_21_144.pdb	11.989	46.863	0	31.864
swarm_32_192.pdb	6.159	25.210	0.265306	31.745
swarm_20_147.pdb	9.268	38.828	0	31.627
swarm_21_177.pdb	10.639	45.235	0	31.466
swarm_15_89.pdb	7.246	29.252	0	31.313
swarm_2_126.pdb	10.195	41.669	0	31.283
swarm_61_74.pdb	8.451	34.123	0	31.016
swarm_19_144.pdb	9.957	31.186	0	30.983
swarm_8_130.pdb	10.187	34.973	0	30.975
swarm_37_67.pdb	9.985	42.038	0	30.753
swarm_41_49.pdb	7.025	27.481	0	30.731
swarm_14_18.pdb	8.285	31.674	0	30.628
swarm_10_60.pdb	9.131	37.707	0	30.557
swarm_12_178.pdb	12.677	47.662	0	30.532
swarm_29_184.pdb	8.294	32.151	0	30.469
swarm_51_9.pdb	5.906	28.438	0.0204082	30.432
swarm_35_106.pdb	7.831	30.908	0	30.370
swarm_26_39.pdb	7.473	23.280	0	30.337
swarm_40_171.pdb	8.083	31.988	0.0204082	30.185
swarm_38_103.pdb	9.287	42.789	0.0204082	30.185
swarm_3_182.pdb	9.626	36.816	0	30.170
swarm_30_18.pdb	11.720	48.166	0	30.130
swarm_26_149.pdb	6.514	27.026	0.163265	30.112
swarm_1_116.pdb	6.632	32.965	0.0408163	30.098
swarm_19_90.pdb	9.919	44.070	0.0204082	30.041
swarm_5_170.pdb	4.608	18.474	0.0816327	29.956
swarm_44_196.pdb	6.949	27.483	0.0204082	29.928
swarm_0_87.pdb	8.516	40.250	0	29.885
swarm_1_180.pdb	8.183	34.237	0	29.779
swarm_34_147.pdb	9.768	41.318	0	29.597
swarm_35_84.pdb	8.509	38.590	0.0612245	29.587
swarm_28_75.pdb	7.103	29.625	0	29.471
swarm_31_126.pdb	14.743	47.952	0	29.361
swarm_5_63.pdb	3.613	12.791	0.367347	29.320
swarm_53_189.pdb	10.477	47.471	0.0204082	29.280
swarm_24_177.pdb	5.414	30.821	0.102041	29.089
swarm_2_30.pdb	3.817	15.309	0.44898	28.991
swarm_29_45.pdb	8.324	34.308	0	28.725
swarm_6_108.pdb	12.150	46.151	0	28.675
swarm_37_10.pdb	8.358	37.978	0	28.473
swarm_29_137.pdb	6.684	30.131	0.0408163	28.434
swarm_54_143.pdb	8.242	40.375	0	28.433
swarm_38_194.pdb	8.142	37.862	0.0204082	27.895
swarm_14_42.pdb	4.128	15.922	0.102041	27.811
swarm_31_199.pdb	10.733	40.269	0	27.771
swarm_11_50.pdb	8.134	32.951	0	27.714
swarm_1_161.pdb	7.757	37.942	0.0612245	27.671
swarm_39_26.pdb	8.822	35.240	0.0204082	27.572
swarm_35_123.pdb	8.239	35.344	0	27.539
swarm_32_10.pdb	11.409	46.559	0	27.464
swarm_54_123.pdb	7.313	32.043	0	27.431
swarm_21_82.pdb	7.296	27.436	0.0204082	27.276
swarm_11_182.pdb	8.834	43.125	0.0816327	27.212
swarm_42_151.pdb	11.091	42.763	0	27.199
swarm_44_160.pdb	8.137	37.490	0.0408163	27.171
swarm_42_170.pdb	8.969	13.435	0	27.135
swarm_53_56.pdb	11.374	36.463	0	27.088
swarm_44_88.pdb	5.595	21.365	0.0816327	27.087
swarm_25_49.pdb	6.114	17.508	0	27.059
swarm_24_11.pdb	8.545	34.992	0.0204082	27.016
swarm_0_180.pdb	10.492	46.955	0.0204082	26.924
swarm_22_84.pdb	9.665	33.842	0	26.881
swarm_40_27.pdb	11.506	44.971	0	26.871
swarm_29_112.pdb	7.873	27.289	0.0204082	26.860
swarm_22_33.pdb	6.529	24.514	0	26.759
swarm_47_33.pdb	8.271	30.513	0	26.705
swarm_6_178.pdb	8.381	41.730	0	26.703
swarm_40_157.pdb	11.425	46.149	0	26.663
swarm_10_154.pdb	11.541	47.109	0	26.632
swarm_11_169.pdb	7.039	24.232	0	26.624
swarm_18_131.pdb	10.267	46.434	0	26.599
swarm_22_174.pdb	7.346	35.488	0.122449	26.597
swarm_21_5.pdb	6.201	25.462	0.0204082	26.403
swarm_19_97.pdb	6.858	38.354	0.0816327	26.369
swarm_9_60.pdb	5.432	26.123	0.102041	26.265
swarm_4_152.pdb	6.433	18.506	0	26.236
swarm_36_112.pdb	11.283	39.212	0	26.212
swarm_41_42.pdb	7.365	27.596	0	26.090
swarm_16_81.pdb	7.455	23.847	0	26.037
swarm_21_188.pdb	8.571	35.865	0	25.972
swarm_58_57.pdb	11.023	25.920	0	25.927
swarm_21_63.pdb	9.117	40.192	0	25.876
swarm_6_178.pdb	10.349	45.243	0	25.855
swarm_31_5.pdb	4.828	27.302	0.183673	25.851
swarm_3_14.pdb	10.646	42.591	0	25.769
swarm_10_12.pdb	13.574	45.495	0	25.686
swarm_11_53.pdb	5.216	21.062	0.163265	25.599
swarm_34_38.pdb	10.174	18.010	0	25.386
swarm_11_147.pdb	12.986	29.469	0	25.324
swarm_6_80.pdb	7.584	38.396	0	25.258
swarm_26_42.pdb	7.263	28.323	0.0408163	25.220
swarm_31_198.pdb	11.897	45.499	0	25.189
swarm_13_46.pdb	4.653	16.796	0.0408163	25.183
swarm_23_118.pdb	5.273	16.955	0.0612245	25.098
swarm_35_123.pdb	8.286	29.486	0.0204082	25.021
swarm_35_166.pdb	7.832	24.300	0	24.977
swarm_13_125.pdb	10.727	41.736	0	24.927
swarm_44_162.pdb	5.166	26.712	0.265306	24.883
swarm_38_130.pdb	10.676	48.176	0.0204082	24.850
swarm_56_124.pdb	5.188	17.063	0.122449	24.815
swarm_25_52.pdb	9.867	34.578	0	24.767
swarm_42_52.pdb	8.533	19.440	0	24.742
swarm_37_92.pdb	9.365	43.135	0	24.564
swarm_41_61.pdb	6.922	19.208	0.0816327	24.487
swarm_3_1.pdb	13.323	22.721	0	24.484
swarm_36_0.pdb	7.036	35.546	0.0612245	24.444
swarm_31_12.pdb	5.037	27.281	0.367347	24.419
swarm_38_125.pdb	8.105	35.925	0	24.238
swarm_41_33.pdb	12.586	19.384	0	24.069
swarm_29_25.pdb	8.394	25.018	0	24.068
swarm_20_46.pdb	6.659	28.946	0.0816327	24.008
swarm_42_91.pdb	5.341	19.292	0.0612245	23.997
swarm_27_21.pdb	10.518	49.778	0	23.994
swarm_9_119.pdb	8.338	28.819	0.0408163	23.975
swarm_18_9.pdb	10.610	39.858	0	23.898
swarm_1_26.pdb	8.662	40.364	0.0204082	23.883
swarm_24_75.pdb	8.267	32.319	0	23.696
swarm_26_37.pdb	5.430	21.968	0.0204082	23.593
swarm_39_111.pdb	11.474	46.787	0	23.551
swarm_45_20.pdb	5.679	20.782	0.102041	23.523
swarm_15_117.pdb	7.788	29.805	0	23.405
swarm_27_151.pdb	6.401	31.043	0.0612245	23.379
swarm_22_12.pdb	5.361	20.647	0.0612245	23.360
swarm_29_57.pdb	9.093	28.002	0	23.351
swarm_12_11.pdb	12.959	46.973	0	23.321
swarm_39_91.pdb	5.440	27.952	0.204082	23.263
swarm_37_132.pdb	9.431	37.736	0	23.230
swarm_4_131.pdb	13.770	48.718	0	23.188
swarm_49_185.pdb	9.152	42.833	0	23.094
swarm_22_28.pdb	8.208	29.861	0.0408163	23.043
swarm_11_90.pdb	13.021	20.596	0	23.031
swarm_41_181.pdb	1.496	6.472	0.734694	22.960
swarm_2_180.pdb	13.137	20.782	0	22.947
swarm_17_85.pdb	10.610	50.626	0	22.845
swarm_11_15.pdb	8.856	40.163	0.0204082	22.648
swarm_0_132.pdb	10.465	49.789	0	22.627
swarm_40_189.pdb	7.803	31.743	0.0816327	22.563
swarm_36_129.pdb	10.131	33.582	0	22.550
swarm_43_0.pdb	8.025	37.593	0.0612245	22.544
swarm_27_199.pdb	9.242	43.729	0.0408163	22.532
swarm_37_111.pdb	9.653	41.868	0	22.499
swarm_27_78.pdb	7.848	36.816	0	22.473
swarm_10_196.pdb	5.620	21.173	0.204082	22.431
swarm_37_75.pdb	9.910	18.898	0	22.244
swarm_43_87.pdb	11.316	41.865	0	22.243
swarm_63_96.pdb	6.126	18.696	0.0408163	22.094
swarm_1_41.pdb	6.872	30.565	0	21.954
swarm_10_161.pdb	8.309	35.270	0	21.790
swarm_44_47.pdb	15.935	58.403	0	21.689
swarm_48_169.pdb	9.753	45.067	0	21.680
swarm_38_48.pdb	12.271	45.857	0	21.576
swarm_41_133.pdb	4.583	16.132	0.0204082	21.446
swarm_39_159.pdb	10.763	50.074	0	21.359
swarm_9_39.pdb	12.043	22.091	0	21.325
swarm_3_124.pdb	8.447	32.067	0	21.181
swarm_25_28.pdb	10.471	38.132	0	21.174
swarm_11_151.pdb	5.529	20.964	0.122449	21.065
swarm_10_104.pdb	6.638	17.195	0.102041	20.730
swarm_29_25.pdb	7.692	31.886	0.0204082	20.689
swarm_41_50.pdb	7.042	33.386	0.0408163	20.585
swarm_36_107.pdb	8.576	45.224	0	20.453
swarm_7_147.pdb	7.058	18.212	0.0612245	20.373
swarm_44_59.pdb	9.187	36.068	0	20.341
swarm_24_45.pdb	9.309	46.467	0	20.225
swarm_15_194.pdb	10.565	44.666	0	19.960
swarm_3_96.pdb	4.494	18.707	0.183673	19.925
swarm_41_31.pdb	4.718	15.930	0.265306	19.574
swarm_29_33.pdb	13.002	49.734	0	19.410
swarm_10_74.pdb	12.747	36.461	0	19.383
swarm_16_70.pdb	15.880	54.252	0	19.376
swarm_3_132.pdb	9.171	31.608	0	19.342
swarm_8_4.pdb	6.853	14.190	0.0408163	19.234
swarm_19_115.pdb	9.264	44.577	0.0408163	19.100
swarm_42_39.pdb	11.603	46.470	0	19.037
swarm_21_40.pdb	11.855	43.827	0	19.010
swarm_10_67.pdb	5.860	22.657	0.163265	18.914
swarm_11_95.pdb	7.353	29.582	0	18.672
swarm_29_39.pdb	10.157	40.721	0	18.600
swarm_34_140.pdb	12.943	57.014	0	18.581
swarm_21_76.pdb	6.272	18.918	0.0612245	18.438
swarm_20_26.pdb	7.638	28.940	0.0816327	18.295
swarm_5_55.pdb	5.260	17.787	0.102041	18.129
swarm_10_46.pdb	12.413	41.471	0	18.045
swarm_43_104.pdb	15.193	32.078	0	17.998
swarm_22_120.pdb	9.401	23.794	0	17.846
swarm_2_137.pdb	6.371	17.594	0.0204082	17.540
swarm_31_165.pdb	9.271	34.915	0.0204082	17.431
swarm_42_157.pdb	11.145	43.539	0	17.140
swarm_29_179.pdb	12.322	42.013	0	17.138
swarm_10_4.pdb	7.315	32.549	0.0204082	17.063
swarm_43_158.pdb	10.943	38.781	0	17.024
swarm_11_131.pdb	10.419	46.626	0	16.967
swarm_16_94.pdb	6.963	33.091	0.0612245	16.901
swarm_13_146.pdb	8.685	36.893	0	16.781
swarm_13_17.pdb	9.655	34.278	0	16.593
swarm_11_124.pdb	5.068	23.716	0.244898	16.573
swarm_14_188.pdb	6.752	27.547	0.102041	16.372
swarm_3_76.pdb	10.495	25.734	0	16.126
swarm_37_31.pdb	14.805	46.348	0	15.827
swarm_19_138.pdb	7.497	33.340	0.183673	15.747
swarm_6_144.pdb	6.268	32.801	0.142857	15.121
swarm_17_69.pdb	9.406	41.024	0.0204082	15.102
swarm_18_83.pdb	12.604	48.922	0	15.041
swarm_17_103.pdb	13.333	48.143	0	14.749
swarm_3_184.pdb	4.301	10.739	0.346939	14.294
swarm_11_190.pdb	7.215	29.091	0.0816327	14.096
swarm_13_49.pdb	9.178	35.636	0.0408163	13.965
swarm_39_175.pdb	8.999	34.657	0.122449	13.956
swarm_24_35.pdb	9.147	39.500	0.0408163	12.899
swarm_22_173.pdb	13.779	49.817	0	12.550
swarm_15_149.pdb	7.553	21.694	0	12.545
swarm_3_147.pdb	7.369	20.993	0	12.482
swarm_34_61.pdb	11.023	50.619	0	12.162
swarm_5_58.pdb	6.367	25.723	0.183673	9.284
swarm_11_55.pdb	8.352	32.513	0	8.871
swarm_8_16.pdb	10.406	39.537	0.0204082	8.453
swarm_14_1.pdb	8.004	17.751	0	8.279
swarm_17_145.pdb	5.544	8.116	0.0612245	7.628
swarm_0_23.pdb	12.686	48.601	0	7.478
swarm_7_140.pdb	8.335	15.423	0.0204082	5.556
swarm_43_196.pdb	6.602	30.375	0.204082	4.965
swarm_45_82.pdb	5.017	11.499	0.102041	4.607
swarm_13_66.pdb	9.895	38.168	0.0408163	4.169
swarm_37_64.pdb	18.019	48.958	0	1.843
swarm_26_14.pdb	6.874	21.255	0.122449	1.732
