swarm_26_184.pdb	7.023	22.416	0.0408163	33.641
swarm_20_147.pdb	9.268	38.828	0	31.627
swarm_14_18.pdb	8.285	31.674	0	30.628
swarm_10_60.pdb	9.131	37.707	0	30.557
swarm_35_106.pdb	7.831	30.908	0	30.370
swarm_26_39.pdb	7.473	23.280	0	30.337
swarm_40_171.pdb	8.083	31.988	0.0204082	30.185
swarm_5_170.pdb	4.608	18.474	0.0816327	29.956
swarm_44_196.pdb	6.949	27.483	0.0204082	29.928
swarm_5_63.pdb	3.613	12.791	0.367347	29.320
swarm_2_30.pdb	3.817	15.309	0.44898	28.991
swarm_37_10.pdb	8.358	37.978	0	28.473
swarm_14_42.pdb	4.128	15.922	0.102041	27.811
swarm_31_199.pdb	10.733	40.269	0	27.771
swarm_39_26.pdb	8.822	35.240	0.0204082	27.572
swarm_42_170.pdb	8.969	13.435	0	27.135
swarm_44_88.pdb	5.595	21.365	0.0816327	27.087
swarm_25_49.pdb	6.114	17.508	0	27.059
swarm_24_11.pdb	8.545	34.992	0.0204082	27.016
swarm_6_178.pdb	8.381	41.730	0	26.703
swarm_9_60.pdb	5.432	26.123	0.102041	26.265
swarm_4_152.pdb	6.433	18.506	0	26.236
swarm_21_188.pdb	8.571	35.865	0	25.972
swarm_21_63.pdb	9.117	40.192	0	25.876
swarm_11_53.pdb	5.216	21.062	0.163265	25.599
swarm_34_38.pdb	10.174	18.010	0	25.386
swarm_11_147.pdb	12.986	29.469	0	25.324
swarm_26_42.pdb	7.263	28.323	0.0408163	25.220
swarm_31_198.pdb	11.897	45.499	0	25.189
swarm_35_123.pdb	8.286	29.486	0.0204082	25.021
swarm_13_125.pdb	10.727	41.736	0	24.927
swarm_41_61.pdb	6.922	19.208	0.0816327	24.487
swarm_3_1.pdb	13.323	22.721	0	24.484
swarm_41_33.pdb	12.586	19.384	0	24.069
swarm_20_46.pdb	6.659	28.946	0.0816327	24.008
swarm_9_119.pdb	8.338	28.819	0.0408163	23.975
swarm_18_9.pdb	10.610	39.858	0	23.898
swarm_24_75.pdb	8.267	32.319	0	23.696
swarm_39_111.pdb	11.474	46.787	0	23.551
swarm_27_151.pdb	6.401	31.043	0.0612245	23.379
swarm_11_90.pdb	13.021	20.596	0	23.031
swarm_41_181.pdb	1.496	6.472	0.734694	22.960
swarm_2_180.pdb	13.137	20.782	0	22.947
swarm_40_189.pdb	7.803	31.743	0.0816327	22.563
swarm_37_111.pdb	9.653	41.868	0	22.499
swarm_27_78.pdb	7.848	36.816	0	22.473
swarm_43_87.pdb	11.316	41.865	0	22.243
swarm_10_161.pdb	8.309	35.270	0	21.790
swarm_38_48.pdb	12.271	45.857	0	21.576
swarm_9_39.pdb	12.043	22.091	0	21.325
swarm_3_124.pdb	8.447	32.067	0	21.181
swarm_3_96.pdb	4.494	18.707	0.183673	19.925
swarm_41_31.pdb	4.718	15.930	0.265306	19.574
swarm_29_33.pdb	13.002	49.734	0	19.410
swarm_10_74.pdb	12.747	36.461	0	19.383
swarm_3_132.pdb	9.171	31.608	0	19.342
swarm_21_40.pdb	11.855	43.827	0	19.010
swarm_11_95.pdb	7.353	29.582	0	18.672
swarm_29_39.pdb	10.157	40.721	0	18.600
swarm_20_26.pdb	7.638	28.940	0.0816327	18.295
swarm_5_55.pdb	5.260	17.787	0.102041	18.129
swarm_10_46.pdb	12.413	41.471	0	18.045
swarm_43_104.pdb	15.193	32.078	0	17.998
swarm_31_165.pdb	9.271	34.915	0.0204082	17.431
swarm_10_4.pdb	7.315	32.549	0.0204082	17.063
swarm_43_158.pdb	10.943	38.781	0	17.024
swarm_16_94.pdb	6.963	33.091	0.0612245	16.901
swarm_13_146.pdb	8.685	36.893	0	16.781
swarm_13_17.pdb	9.655	34.278	0	16.593
swarm_11_124.pdb	5.068	23.716	0.244898	16.573
swarm_14_188.pdb	6.752	27.547	0.102041	16.372
swarm_3_76.pdb	10.495	25.734	0	16.126
swarm_37_31.pdb	14.805	46.348	0	15.827
swarm_17_69.pdb	9.406	41.024	0.0204082	15.102
swarm_18_83.pdb	12.604	48.922	0	15.041
swarm_17_103.pdb	13.333	48.143	0	14.749
swarm_11_190.pdb	7.215	29.091	0.0816327	14.096
swarm_13_49.pdb	9.178	35.636	0.0408163	13.965
swarm_39_175.pdb	8.999	34.657	0.122449	13.956
swarm_24_35.pdb	9.147	39.500	0.0408163	12.899
swarm_22_173.pdb	13.779	49.817	0	12.550
swarm_3_147.pdb	7.369	20.993	0	12.482
swarm_5_58.pdb	6.367	25.723	0.183673	9.284
swarm_11_55.pdb	8.352	32.513	0	8.871
swarm_8_16.pdb	10.406	39.537	0.0204082	8.453
swarm_45_82.pdb	5.017	11.499	0.102041	4.607
swarm_13_66.pdb	9.895	38.168	0.0408163	4.169
swarm_37_64.pdb	18.019	48.958	0	1.843
