swarm_58_74.pdb	10.027	29.294	0.0535714	48.912
swarm_44_154.pdb	9.779	29.582	0.0535714	45.307
swarm_45_9.pdb	16.316	50.426	0	44.109
swarm_42_23.pdb	9.664	30.449	0.0535714	43.323
swarm_9_19.pdb	10.791	32.455	0.0535714	42.301
swarm_64_16.pdb	9.687	30.124	0	42.155
swarm_4_1.pdb	16.469	50.417	0	41.966
swarm_67_136.pdb	16.587	51.253	0	41.847
swarm_58_129.pdb	6.108	22.207	0.125	40.552
swarm_44_161.pdb	7.056	25.565	0.0892857	40.046
swarm_60_189.pdb	5.112	18.714	0.160714	39.564
swarm_47_193.pdb	7.531	17.500	0.0178571	37.388
swarm_53_4.pdb	6.660	16.163	0.0357143	37.010
swarm_36_150.pdb	7.146	17.843	0	36.297
swarm_65_80.pdb	16.778	50.132	0	35.800
swarm_31_116.pdb	7.166	17.575	0.0178571	34.771
swarm_60_163.pdb	7.357	16.019	0.0178571	34.135
swarm_9_147.pdb	9.681	29.213	0.0357143	33.025
swarm_58_130.pdb	12.667	29.633	0	32.713
swarm_46_68.pdb	12.231	32.232	0	32.655
swarm_58_119.pdb	7.781	19.925	0.0178571	32.574
swarm_8_123.pdb	10.917	33.496	0.0178571	32.519
swarm_18_71.pdb	8.121	18.693	0.0178571	32.454
swarm_58_171.pdb	8.949	28.098	0	31.584
swarm_47_3.pdb	11.567	29.883	0	31.398
swarm_20_64.pdb	7.021	22.284	0.0535714	31.287
swarm_53_157.pdb	8.498	20.582	0	31.132
swarm_58_79.pdb	12.023	28.806	0	30.921
swarm_34_172.pdb	12.211	37.310	0	30.260
swarm_46_13.pdb	10.745	25.761	0	29.772
swarm_54_8.pdb	8.573	30.142	0.0535714	27.283
swarm_53_47.pdb	5.330	19.305	0.142857	27.221
swarm_46_113.pdb	10.112	23.657	0	27.001
swarm_12_67.pdb	5.073	10.288	0.178571	26.995
swarm_58_98.pdb	7.570	21.518	0.0357143	26.902
swarm_65_106.pdb	17.918	54.006	0	26.279
swarm_60_65.pdb	8.228	19.829	0.0178571	25.396
swarm_18_51.pdb	8.871	22.769	0.0178571	25.127
swarm_31_190.pdb	11.764	29.546	0	24.427
swarm_60_161.pdb	9.236	23.754	0.0535714	24.027
swarm_9_194.pdb	7.223	24.990	0.0892857	23.922
swarm_56_71.pdb	8.028	26.579	0.0714286	23.460
swarm_42_149.pdb	13.455	36.609	0	23.455
swarm_9_40.pdb	12.216	33.299	0	22.880
swarm_60_70.pdb	11.824	26.255	0	22.571
swarm_13_21.pdb	7.580	15.629	0.125	20.990
swarm_7_8.pdb	11.680	31.684	0	20.635
swarm_36_92.pdb	11.714	27.776	0	20.341
swarm_58_42.pdb	9.828	27.659	0.0535714	20.051
swarm_38_165.pdb	12.564	33.590	0	12.314
swarm_35_165.pdb	11.276	35.226	0	10.649
swarm_44_164.pdb	7.116	24.789	0.142857	10.290
swarm_60_171.pdb	8.618	26.171	0.0357143	10.006
swarm_58_7.pdb	8.554	26.768	0.0535714	8.781
swarm_47_120.pdb	10.352	22.625	0	6.338
swarm_39_188.pdb	18.930	56.615	0	5.946
swarm_32_152.pdb	11.983	36.309	0	4.922
swarm_25_32.pdb	9.543	29.823	0.0357143	4.154
