run0-swarm_2_141.pdb	6.997	24.742	0.0892857	48.974
run0-swarm_3_77.pdb	6.947	24.667	0.125	46.472
run0-swarm_63_175.pdb	5.309	20.481	0.142857	46.062
run0-swarm_4_51.pdb	9.977	29.691	0.0357143	45.116
run0-swarm_28_130.pdb	6.687	23.896	0.107143	43.472
run1-swarm_21_27.pdb	7.632	22.535	0	42.865
run0-swarm_16_34.pdb	11.166	31.468	0	42.563
run0-swarm_32_131.pdb	5.801	23.053	0.107143	42.152
run1-swarm_8_137.pdb	5.930	20.196	0.0714286	41.995
run1-swarm_81_163.pdb	9.083	34.960	0	40.902
run0-swarm_54_36.pdb	6.629	23.931	0.125	40.784
run0-swarm_55_129.pdb	5.320	19.895	0.142857	39.885
run0-swarm_13_75.pdb	6.718	22.462	0.0714286	39.860
run1-swarm_63_97.pdb	5.640	20.725	0.107143	39.742
run0-swarm_20_85.pdb	6.932	25.940	0.0535714	39.447
run0-swarm_43_166.pdb	6.061	23.321	0.0714286	39.224
run0-swarm_27_153.pdb	8.651	26.937	0.125	38.705
run0-swarm_55_17.pdb	8.678	28.783	0.0714286	38.413
run1-swarm_9_148.pdb	3.219	8.260	0.410714	38.365
run0-swarm_54_65.pdb	10.597	32.862	0.0714286	38.347
run0-swarm_27_167.pdb	6.104	22.615	0.0535714	38.202
run0-swarm_23_198.pdb	11.645	37.017	0	38.163
run0-swarm_37_18.pdb	7.612	17.851	0.0178571	38.162
run0-swarm_55_41.pdb	6.755	21.829	0.0714286	38.079
run1-swarm_73_16.pdb	7.958	24.718	0	38.011
run1-swarm_74_121.pdb	5.842	20.062	0.0535714	37.930
run1-swarm_60_196.pdb	10.057	28.026	0	37.423
run0-swarm_46_57.pdb	7.456	18.471	0	37.206
run0-swarm_38_186.pdb	4.679	14.017	0.303571	37.134
run1-swarm_41_72.pdb	10.457	30.296	0	37.126
run1-swarm_12_182.pdb	2.801	9.134	0.375	37.052
run1-swarm_38_100.pdb	10.341	31.163	0	36.709
run0-swarm_29_41.pdb	7.735	25.253	0.0357143	36.676
run1-swarm_14_122.pdb	7.817	22.952	0	36.484
run1-swarm_47_102.pdb	2.293	7.844	0.446429	36.244
run0-swarm_11_120.pdb	5.842	17.864	0.125	36.242
run1-swarm_6_137.pdb	6.121	19.155	0.0535714	36.113
run0-swarm_15_92.pdb	7.623	16.977	0	36.008
run1-swarm_43_187.pdb	8.648	31.971	0	35.934
run1-swarm_80_69.pdb	8.733	30.253	0.0178571	35.749
run0-swarm_37_84.pdb	10.981	23.283	0	35.398
run1-swarm_7_55.pdb	6.118	20.562	0.142857	35.300
run1-swarm_44_13.pdb	5.453	18.741	0.0535714	35.225
run1-swarm_77_94.pdb	8.160	23.001	0	35.071
run0-swarm_28_54.pdb	6.600	15.915	0.0357143	35.027
run1-swarm_40_130.pdb	9.930	29.149	0	34.936
run1-swarm_54_20.pdb	8.592	27.501	0	34.896
run1-swarm_61_166.pdb	8.693	27.101	0	34.812
run1-swarm_26_195.pdb	7.308	18.087	0.0178571	34.799
run1-swarm_53_132.pdb	9.513	29.775	0.0178571	34.741
run0-swarm_44_131.pdb	8.008	19.942	0	34.515
run1-swarm_15_53.pdb	7.809	22.610	0.0178571	34.451
run1-swarm_8_153.pdb	2.144	7.763	0.446429	34.389
run1-swarm_30_98.pdb	8.300	25.277	0	34.358
run0-swarm_17_196.pdb	6.316	15.124	0.0357143	34.263
run1-swarm_11_4.pdb	8.818	27.225	0	34.223
run1-swarm_31_118.pdb	8.705	27.422	0	34.036
run1-swarm_7_103.pdb	5.979	19.420	0.0357143	33.933
run1-swarm_77_55.pdb	8.020	25.956	0	33.584
run1-swarm_35_86.pdb	8.042	25.844	0	33.569
run1-swarm_71_12.pdb	5.118	19.093	0.125	33.498
run1-swarm_63_106.pdb	5.512	26.442	0.0535714	33.407
run0-swarm_43_100.pdb	6.888	18.118	0.0178571	33.377
run0-swarm_62_94.pdb	13.846	39.436	0	33.373
run1-swarm_48_176.pdb	7.628	21.359	0	33.303
run1-swarm_26_182.pdb	2.221	9.031	0.339286	33.169
run0-swarm_3_145.pdb	7.801	19.559	0.0178571	33.098
run1-swarm_33_116.pdb	2.003	6.228	0.392857	33.058
run0-swarm_25_90.pdb	13.959	39.493	0	32.968
run1-swarm_71_57.pdb	9.905	26.820	0	32.871
run1-swarm_8_129.pdb	4.022	10.463	0.285714	32.641
run0-swarm_7_28.pdb	6.533	16.854	0.0535714	32.543
run1-swarm_62_100.pdb	5.826	21.236	0.0892857	32.480
run1-swarm_32_164.pdb	5.393	24.181	0.0535714	32.365
run0-swarm_3_188.pdb	10.191	31.229	0.0714286	32.093
run0-swarm_25_148.pdb	12.098	35.636	0	32.019
run0-swarm_13_6.pdb	7.447	17.754	0.0178571	31.927
run0-swarm_22_190.pdb	6.751	16.676	0.0178571	31.706
run1-swarm_32_166.pdb	2.439	10.427	0.482143	31.554
run1-swarm_13_108.pdb	2.056	5.564	0.392857	31.444
run0-swarm_11_33.pdb	8.542	25.442	0.0178571	31.436
run0-swarm_53_107.pdb	7.057	23.280	0.0535714	31.431
run0-swarm_3_165.pdb	11.841	30.706	0	31.416
run0-swarm_4_3.pdb	8.837	28.497	0.0178571	31.297
run1-swarm_7_39.pdb	7.551	18.596	0.0178571	31.161
run0-swarm_55_107.pdb	8.164	21.059	0	31.140
run0-swarm_22_78.pdb	7.805	25.581	0.125	31.104
run0-swarm_46_147.pdb	6.582	23.410	0.0357143	31.063
run1-swarm_26_145.pdb	5.217	23.087	0.0535714	31.000
run1-swarm_19_99.pdb	7.166	18.910	0.0535714	30.968
run0-swarm_27_108.pdb	8.596	27.142	0.0178571	30.897
run1-swarm_18_197.pdb	6.994	20.420	0.0178571	30.813
run0-swarm_11_187.pdb	6.875	17.224	0.0892857	30.745
run1-swarm_6_73.pdb	10.742	29.778	0	30.730
run1-swarm_20_180.pdb	8.075	26.462	0	30.506
run1-swarm_5_47.pdb	10.832	31.033	0	30.468
run0-swarm_8_0.pdb	9.284	27.486	0.0178571	30.329
run1-swarm_40_100.pdb	5.774	20.413	0.0535714	30.316
run0-swarm_8_144.pdb	11.961	30.682	0	30.257
run0-swarm_32_181.pdb	10.554	32.146	0	30.095
run1-swarm_71_86.pdb	5.604	15.281	0.0892857	30.018
run0-swarm_46_97.pdb	6.783	26.428	0.178571	29.938
run1-swarm_74_40.pdb	6.224	20.720	0.0357143	29.833
run0-swarm_22_148.pdb	9.684	22.799	0	29.735
run0-swarm_4_12.pdb	10.670	31.210	0	29.633
run1-swarm_20_64.pdb	6.955	17.719	0.0714286	29.623
run0-swarm_39_39.pdb	7.586	15.174	0	29.610
run0-swarm_8_43.pdb	10.937	31.546	0	29.555
run1-swarm_22_65.pdb	6.489	18.796	0.0357143	29.495
run0-swarm_18_132.pdb	12.470	31.966	0	29.345
run1-swarm_68_75.pdb	9.134	29.212	0	29.272
run1-swarm_37_42.pdb	8.451	26.818	0	29.216
run1-swarm_31_59.pdb	7.019	30.757	0	29.174
run1-swarm_49_186.pdb	9.426	31.622	0	29.116
run1-swarm_28_157.pdb	5.945	22.541	0	29.045
run0-swarm_51_112.pdb	6.144	11.994	0.0535714	29.043
run1-swarm_48_9.pdb	8.298	25.293	0.0178571	28.996
run0-swarm_2_168.pdb	7.255	28.734	0.142857	28.949
run1-swarm_44_17.pdb	5.133	15.515	0.0714286	28.834
run1-swarm_14_170.pdb	5.446	18.550	0	28.779
run0-swarm_2_194.pdb	7.018	20.241	0.0178571	28.757
run1-swarm_42_7.pdb	5.385	22.078	0.107143	28.743
run1-swarm_1_31.pdb	9.267	30.031	0	28.737
run0-swarm_29_131.pdb	8.862	26.030	0.0178571	28.377
run1-swarm_47_130.pdb	4.262	20.028	0.232143	28.376
run1-swarm_56_115.pdb	7.477	20.438	0.0357143	28.330
run0-swarm_42_83.pdb	9.166	25.012	0.0178571	28.320
run0-swarm_61_91.pdb	14.369	39.523	0	28.312
run0-swarm_27_90.pdb	12.660	34.597	0	28.309
run1-swarm_43_39.pdb	7.171	31.111	0	28.253
run0-swarm_62_112.pdb	10.175	30.500	0	28.137
run0-swarm_8_165.pdb	7.898	24.520	0.0357143	28.123
run0-swarm_28_4.pdb	7.625	21.043	0.0714286	27.725
run0-swarm_49_193.pdb	9.148	27.603	0	27.706
run0-swarm_52_24.pdb	11.402	35.304	0	27.585
run1-swarm_51_61.pdb	7.145	24.835	0.0892857	27.443
run1-swarm_9_165.pdb	6.275	16.674	0	27.243
run0-swarm_28_6.pdb	8.043	20.883	0.0178571	26.989
run1-swarm_39_170.pdb	9.982	29.132	0	26.936
run1-swarm_40_87.pdb	5.739	23.183	0.0714286	26.932
run0-swarm_18_125.pdb	8.421	29.023	0.160714	26.785
run0-swarm_50_115.pdb	9.753	28.789	0	26.739
run0-swarm_3_148.pdb	10.115	24.982	0	26.730
run0-swarm_0_69.pdb	11.740	35.456	0	26.702
run1-swarm_57_140.pdb	8.403	30.799	0	26.587
run1-swarm_32_95.pdb	5.728	17.062	0.0178571	26.532
run1-swarm_10_51.pdb	6.876	23.792	0.0178571	26.521
run1-swarm_18_22.pdb	4.801	12.739	0.0892857	26.286
run1-swarm_66_110.pdb	12.136	38.364	0	26.144
run0-swarm_48_48.pdb	6.943	23.270	0.160714	26.142
run0-swarm_44_120.pdb	7.243	26.860	0.214286	26.140
run0-swarm_55_141.pdb	8.878	23.959	0	26.098
run0-swarm_44_153.pdb	8.860	30.127	0.0535714	26.089
run0-swarm_5_84.pdb	5.840	15.910	0.178571	26.046
run0-swarm_43_103.pdb	5.941	24.754	0.125	25.802
run0-swarm_54_129.pdb	7.696	28.275	0.196429	25.777
run0-swarm_20_91.pdb	8.301	30.541	0.142857	25.773
run0-swarm_21_128.pdb	8.671	25.739	0	25.601
run1-swarm_66_123.pdb	12.081	37.045	0	25.547
run1-swarm_20_25.pdb	9.239	26.647	0	25.479
run1-swarm_69_117.pdb	8.203	24.022	0	25.415
run0-swarm_53_189.pdb	8.806	28.182	0.142857	25.326
run1-swarm_54_13.pdb	6.887	28.406	0	25.208
run0-swarm_11_115.pdb	9.487	24.106	0.0178571	25.174
run0-swarm_5_124.pdb	10.123	19.304	0	25.135
run0-swarm_46_163.pdb	9.479	26.618	0	24.978
run0-swarm_55_124.pdb	10.728	21.430	0	24.817
run0-swarm_6_185.pdb	7.057	15.835	0.0714286	24.755
run1-swarm_76_60.pdb	6.436	17.972	0.160714	24.530
run0-swarm_27_125.pdb	7.888	25.177	0.0178571	24.498
run0-swarm_49_169.pdb	12.569	34.763	0	24.433
run0-swarm_32_30.pdb	8.152	29.870	0.125	24.328
run0-swarm_2_161.pdb	8.982	22.240	0.0178571	24.289
run0-swarm_35_10.pdb	4.260	11.550	0.446429	24.162
run0-swarm_32_187.pdb	8.533	24.800	0.0892857	24.009
run0-swarm_27_56.pdb	9.410	24.429	0.0357143	23.820
run0-swarm_21_153.pdb	12.122	34.925	0	23.769
run0-swarm_32_194.pdb	6.895	20.366	0.107143	23.740
run1-swarm_73_96.pdb	9.091	29.520	0	23.720
run0-swarm_46_129.pdb	10.101	30.365	0.0357143	23.662
run0-swarm_48_59.pdb	11.271	33.140	0	23.656
run0-swarm_60_137.pdb	12.831	36.601	0	23.571
run0-swarm_3_48.pdb	8.950	26.849	0.0357143	23.563
run1-swarm_24_15.pdb	5.200	9.367	0.0535714	23.550
run0-swarm_8_150.pdb	10.919	32.082	0	23.486
run0-swarm_42_55.pdb	8.025	23.495	0	23.289
run1-swarm_33_114.pdb	4.213	13.302	0.232143	23.248
run0-swarm_52_187.pdb	11.250	33.993	0	23.187
run0-swarm_39_184.pdb	7.073	16.862	0.0892857	22.982
run1-swarm_55_196.pdb	7.717	25.357	0.107143	22.978
run0-swarm_49_130.pdb	14.171	36.949	0	22.954
run0-swarm_24_70.pdb	8.032	22.966	0	22.822
run0-swarm_60_16.pdb	10.816	31.179	0	22.786
run0-swarm_9_164.pdb	11.463	38.445	0	22.667
run0-swarm_22_103.pdb	11.318	25.710	0	22.608
run1-swarm_45_61.pdb	4.400	9.363	0.125	22.597
run1-swarm_33_4.pdb	4.489	11.219	0.142857	22.452
run1-swarm_34_42.pdb	9.374	38.277	0	22.141
run0-swarm_51_196.pdb	6.906	18.958	0.0714286	21.957
run1-swarm_16_149.pdb	5.424	16.627	0.0357143	21.948
run0-swarm_25_45.pdb	14.692	39.324	0	21.899
run0-swarm_31_166.pdb	7.087	25.166	0.0892857	21.838
run0-swarm_5_46.pdb	6.779	17.890	0.0714286	21.728
run0-swarm_39_87.pdb	7.835	21.140	0	21.689
run0-swarm_50_95.pdb	13.200	37.308	0	21.625
run0-swarm_54_23.pdb	7.378	25.862	0.0892857	21.599
run1-swarm_79_150.pdb	14.459	43.045	0	21.490
run0-swarm_48_19.pdb	7.856	24.955	0.142857	21.421
run0-swarm_61_86.pdb	11.580	33.904	0	21.347
run0-swarm_42_20.pdb	6.534	16.432	0.160714	21.327
run0-swarm_35_21.pdb	7.165	23.824	0.107143	21.275
run0-swarm_21_149.pdb	12.153	35.875	0	21.211
run0-swarm_43_33.pdb	6.094	22.343	0.142857	20.950
run0-swarm_33_135.pdb	8.190	22.818	0	20.922
run0-swarm_62_61.pdb	14.000	37.941	0	20.809
run0-swarm_42_161.pdb	8.586	24.396	0.160714	20.791
run0-swarm_10_104.pdb	8.905	29.865	0.0178571	20.652
run1-swarm_37_161.pdb	8.320	26.269	0	20.617
run0-swarm_22_16.pdb	11.662	28.605	0.0178571	20.470
run0-swarm_53_160.pdb	8.447	25.899	0.160714	20.442
run0-swarm_13_113.pdb	8.570	21.949	0.125	20.401
run0-swarm_50_143.pdb	13.888	39.160	0	20.396
run1-swarm_75_146.pdb	6.136	15.843	0.178571	20.283
run0-swarm_37_24.pdb	7.592	19.319	0.125	20.119
run0-swarm_13_2.pdb	8.162	18.883	0.178571	20.037
run0-swarm_42_74.pdb	8.716	26.108	0.0535714	20.008
run1-swarm_12_144.pdb	5.097	7.065	0.0178571	19.975
run0-swarm_7_112.pdb	8.853	20.087	0.107143	19.700
run0-swarm_11_83.pdb	5.795	18.074	0.160714	19.677
run0-swarm_29_163.pdb	7.316	19.638	0.0892857	19.579
run0-swarm_38_140.pdb	8.601	25.297	0	19.551
run0-swarm_25_0.pdb	11.136	33.512	0	19.421
run1-swarm_77_67.pdb	7.784	15.844	0	19.180
run0-swarm_52_79.pdb	13.922	36.555	0	19.150
run0-swarm_29_20.pdb	10.083	27.749	0.0357143	19.062
run0-swarm_11_150.pdb	8.101	26.585	0.178571	19.028
run1-swarm_16_139.pdb	2.814	8.068	0.321429	18.791
run0-swarm_38_61.pdb	9.335	32.401	0	18.625
run0-swarm_37_82.pdb	7.191	23.492	0.107143	18.547
run0-swarm_36_123.pdb	9.325	24.653	0.0357143	18.432
run0-swarm_37_121.pdb	8.064	19.148	0.107143	18.203
run0-swarm_41_10.pdb	7.371	23.465	0.125	18.081
run0-swarm_39_177.pdb	7.495	16.609	0.25	18.020
run0-swarm_31_37.pdb	8.862	27.694	0	17.816
run0-swarm_29_121.pdb	7.108	21.953	0.0892857	17.629
run0-swarm_13_105.pdb	6.164	10.691	0.178571	17.307
run0-swarm_30_86.pdb	9.416	33.936	0.0178571	17.299
run1-swarm_23_96.pdb	6.966	12.256	0	17.107
run0-swarm_35_87.pdb	8.417	23.559	0	16.777
run0-swarm_58_156.pdb	12.675	35.356	0	16.755
run0-swarm_56_153.pdb	10.432	33.496	0	16.637
run0-swarm_59_70.pdb	4.896	13.156	0.142857	16.511
run1-swarm_17_54.pdb	5.882	9.632	0.0178571	16.263
run0-swarm_7_150.pdb	6.530	18.760	0.196429	16.213
run0-swarm_59_89.pdb	9.877	21.369	0	16.168
run0-swarm_9_6.pdb	11.849	34.660	0	16.094
run0-swarm_30_19.pdb	8.507	30.895	0.0178571	16.064
run0-swarm_30_6.pdb	6.194	22.781	0.0535714	15.752
run0-swarm_46_193.pdb	11.037	27.232	0	15.501
run1-swarm_45_42.pdb	7.689	14.821	0.0892857	14.963
run0-swarm_35_192.pdb	11.769	31.007	0	14.171
run0-swarm_62_168.pdb	9.465	25.672	0	13.984
run0-swarm_1_106.pdb	8.927	13.772	0	13.961
run0-swarm_50_40.pdb	11.567	32.917	0	13.836
run0-swarm_33_132.pdb	9.092	35.427	0.0178571	13.739
run1-swarm_40_112.pdb	7.226	20.696	0.0714286	13.407
run0-swarm_31_125.pdb	9.582	36.407	0.0178571	13.089
run0-swarm_0_158.pdb	13.085	37.290	0	12.598
run0-swarm_13_103.pdb	7.117	19.075	0.232143	12.336
run1-swarm_61_55.pdb	12.545	39.602	0	10.963
run0-swarm_52_54.pdb	10.680	31.318	0	10.879
run0-swarm_34_108.pdb	5.472	13.238	0	10.778
run0-swarm_13_90.pdb	10.326	21.706	0.178571	10.101
run0-swarm_10_149.pdb	8.358	28.200	0.0892857	9.886
run0-swarm_31_124.pdb	9.546	27.696	0	9.859
run1-swarm_63_23.pdb	10.332	27.634	0	9.478
run0-swarm_41_61.pdb	12.567	32.341	0	8.644
run0-swarm_38_190.pdb	8.010	16.552	0	7.871
run0-swarm_31_101.pdb	7.377	19.214	0.285714	7.687
run0-swarm_43_150.pdb	7.520	19.375	0.0357143	7.297
run1-swarm_68_11.pdb	10.795	32.553	0.0178571	6.984
run0-swarm_3_119.pdb	8.123	29.276	0.178571	6.632
run0-swarm_33_125.pdb	11.530	31.088	0	5.247
run0-swarm_31_0.pdb	8.022	27.718	0.0178571	4.971
run1-swarm_62_150.pdb	10.086	29.857	0	3.600
run0-swarm_56_197.pdb	10.294	31.593	0	2.482
