run1-swarm_21_27.pdb	7.632	22.535	0	42.865
run1-swarm_8_137.pdb	5.930	20.196	0.0714286	41.995
run1-swarm_81_163.pdb	9.083	34.960	0	40.902
run1-swarm_63_97.pdb	5.640	20.725	0.107143	39.742
run1-swarm_9_148.pdb	3.219	8.260	0.410714	38.365
run1-swarm_73_16.pdb	7.958	24.718	0	38.011
run1-swarm_74_121.pdb	5.842	20.062	0.0535714	37.930
run1-swarm_60_196.pdb	10.057	28.026	0	37.423
run1-swarm_41_72.pdb	10.457	30.296	0	37.126
run1-swarm_12_182.pdb	2.801	9.134	0.375	37.052
run1-swarm_38_100.pdb	10.341	31.163	0	36.709
run1-swarm_14_122.pdb	7.817	22.952	0	36.484
run1-swarm_47_102.pdb	2.293	7.844	0.446429	36.244
run1-swarm_6_137.pdb	6.121	19.155	0.0535714	36.113
run1-swarm_43_187.pdb	8.648	31.971	0	35.934
run1-swarm_80_69.pdb	8.733	30.253	0.0178571	35.749
run1-swarm_7_55.pdb	6.118	20.562	0.142857	35.300
run1-swarm_44_13.pdb	5.453	18.741	0.0535714	35.225
run1-swarm_77_94.pdb	8.160	23.001	0	35.071
run1-swarm_40_130.pdb	9.930	29.149	0	34.936
run1-swarm_54_20.pdb	8.592	27.501	0	34.896
run1-swarm_61_166.pdb	8.693	27.101	0	34.812
run1-swarm_26_195.pdb	7.308	18.087	0.0178571	34.799
run1-swarm_53_132.pdb	9.513	29.775	0.0178571	34.741
run1-swarm_15_53.pdb	7.809	22.610	0.0178571	34.451
run1-swarm_8_153.pdb	2.144	7.763	0.446429	34.389
run1-swarm_30_98.pdb	8.300	25.277	0	34.358
run1-swarm_11_4.pdb	8.818	27.225	0	34.223
run1-swarm_31_118.pdb	8.705	27.422	0	34.036
run1-swarm_7_103.pdb	5.979	19.420	0.0357143	33.933
run1-swarm_77_55.pdb	8.020	25.956	0	33.584
run1-swarm_35_86.pdb	8.042	25.844	0	33.569
run1-swarm_71_12.pdb	5.118	19.093	0.125	33.498
run1-swarm_63_106.pdb	5.512	26.442	0.0535714	33.407
run1-swarm_48_176.pdb	7.628	21.359	0	33.303
run1-swarm_26_182.pdb	2.221	9.031	0.339286	33.169
run1-swarm_33_116.pdb	2.003	6.228	0.392857	33.058
run1-swarm_71_57.pdb	9.905	26.820	0	32.871
run1-swarm_8_129.pdb	4.022	10.463	0.285714	32.641
run1-swarm_62_100.pdb	5.826	21.236	0.0892857	32.480
run1-swarm_32_164.pdb	5.393	24.181	0.0535714	32.365
run1-swarm_32_166.pdb	2.439	10.427	0.482143	31.554
run1-swarm_13_108.pdb	2.056	5.564	0.392857	31.444
run1-swarm_7_39.pdb	7.551	18.596	0.0178571	31.161
run1-swarm_26_145.pdb	5.217	23.087	0.0535714	31.000
run1-swarm_19_99.pdb	7.166	18.910	0.0535714	30.968
run1-swarm_18_197.pdb	6.994	20.420	0.0178571	30.813
run1-swarm_6_73.pdb	10.742	29.778	0	30.730
run1-swarm_20_180.pdb	8.075	26.462	0	30.506
run1-swarm_5_47.pdb	10.832	31.033	0	30.468
run1-swarm_40_100.pdb	5.774	20.413	0.0535714	30.316
run1-swarm_71_86.pdb	5.604	15.281	0.0892857	30.018
run1-swarm_74_40.pdb	6.224	20.720	0.0357143	29.833
run1-swarm_20_64.pdb	6.955	17.719	0.0714286	29.623
run1-swarm_22_65.pdb	6.489	18.796	0.0357143	29.495
run1-swarm_68_75.pdb	9.134	29.212	0	29.272
run1-swarm_37_42.pdb	8.451	26.818	0	29.216
run1-swarm_31_59.pdb	7.019	30.757	0	29.174
run1-swarm_49_186.pdb	9.426	31.622	0	29.116
run1-swarm_28_157.pdb	5.945	22.541	0	29.045
run1-swarm_48_9.pdb	8.298	25.293	0.0178571	28.996
run1-swarm_44_17.pdb	5.133	15.515	0.0714286	28.834
run1-swarm_14_170.pdb	5.446	18.550	0	28.779
run1-swarm_42_7.pdb	5.385	22.078	0.107143	28.743
run1-swarm_1_31.pdb	9.267	30.031	0	28.737
run1-swarm_47_130.pdb	4.262	20.028	0.232143	28.376
run1-swarm_56_115.pdb	7.477	20.438	0.0357143	28.330
run1-swarm_43_39.pdb	7.171	31.111	0	28.253
run1-swarm_51_61.pdb	7.145	24.835	0.0892857	27.443
run1-swarm_9_165.pdb	6.275	16.674	0	27.243
run1-swarm_39_170.pdb	9.982	29.132	0	26.936
run1-swarm_40_87.pdb	5.739	23.183	0.0714286	26.932
run1-swarm_57_140.pdb	8.403	30.799	0	26.587
run1-swarm_32_95.pdb	5.728	17.062	0.0178571	26.532
run1-swarm_10_51.pdb	6.876	23.792	0.0178571	26.521
run1-swarm_18_22.pdb	4.801	12.739	0.0892857	26.286
run1-swarm_66_110.pdb	12.136	38.364	0	26.144
run1-swarm_66_123.pdb	12.081	37.045	0	25.547
run1-swarm_20_25.pdb	9.239	26.647	0	25.479
run1-swarm_69_117.pdb	8.203	24.022	0	25.415
run1-swarm_54_13.pdb	6.887	28.406	0	25.208
run1-swarm_76_60.pdb	6.436	17.972	0.160714	24.530
run1-swarm_73_96.pdb	9.091	29.520	0	23.720
run1-swarm_24_15.pdb	5.200	9.367	0.0535714	23.550
run1-swarm_33_114.pdb	4.213	13.302	0.232143	23.248
run1-swarm_55_196.pdb	7.717	25.357	0.107143	22.978
run1-swarm_45_61.pdb	4.400	9.363	0.125	22.597
run1-swarm_33_4.pdb	4.489	11.219	0.142857	22.452
run1-swarm_34_42.pdb	9.374	38.277	0	22.141
run1-swarm_16_149.pdb	5.424	16.627	0.0357143	21.948
run1-swarm_79_150.pdb	14.459	43.045	0	21.490
run1-swarm_37_161.pdb	8.320	26.269	0	20.617
run1-swarm_75_146.pdb	6.136	15.843	0.178571	20.283
run1-swarm_12_144.pdb	5.097	7.065	0.0178571	19.975
run1-swarm_77_67.pdb	7.784	15.844	0	19.180
run1-swarm_16_139.pdb	2.814	8.068	0.321429	18.791
run1-swarm_23_96.pdb	6.966	12.256	0	17.107
run1-swarm_17_54.pdb	5.882	9.632	0.0178571	16.263
run1-swarm_45_42.pdb	7.689	14.821	0.0892857	14.963
run1-swarm_40_112.pdb	7.226	20.696	0.0714286	13.407
run1-swarm_61_55.pdb	12.545	39.602	0	10.963
run1-swarm_63_23.pdb	10.332	27.634	0	9.478
run1-swarm_68_11.pdb	10.795	32.553	0.0178571	6.984
run1-swarm_62_150.pdb	10.086	29.857	0	3.600
