swarm_31_161.pdb	12.570	32.427	0	42.123
swarm_42_73.pdb	11.704	30.272	0.0357143	41.019
swarm_9_27.pdb	9.512	29.656	0.0357143	40.537
swarm_10_50.pdb	7.086	24.598	0.0892857	39.310
swarm_7_120.pdb	14.999	34.079	0.0178571	38.087
swarm_44_58.pdb	11.990	29.740	0.0357143	37.950
swarm_47_198.pdb	12.413	31.689	0.0357143	36.769
swarm_58_147.pdb	10.920	28.110	0.0357143	36.511
swarm_58_94.pdb	10.389	28.261	0.0892857	36.418
swarm_8_153.pdb	15.024	30.590	0.0178571	36.354
swarm_28_58.pdb	9.407	26.295	0.0357143	35.997
swarm_64_130.pdb	10.985	30.025	0.0892857	35.377
swarm_11_150.pdb	10.324	31.482	0.0178571	35.184
swarm_58_57.pdb	12.881	26.475	0.0535714	35.145
swarm_31_146.pdb	14.181	29.376	0.0535714	34.365
swarm_31_101.pdb	15.590	30.517	0	33.970
swarm_22_145.pdb	10.797	42.308	0	33.850
swarm_21_185.pdb	15.846	27.638	0.0892857	33.547
swarm_53_179.pdb	13.165	28.021	0	33.372
swarm_8_122.pdb	14.425	33.623	0.0178571	33.337
swarm_32_184.pdb	12.137	28.074	0	33.315
swarm_60_14.pdb	12.920	41.850	0	33.075
swarm_58_150.pdb	15.295	24.398	0	32.913
swarm_55_184.pdb	15.196	35.349	0.0178571	32.703
swarm_7_126.pdb	14.369	39.379	0	32.459
swarm_54_129.pdb	13.556	29.284	0.0535714	32.401
swarm_53_194.pdb	5.136	18.202	0.160714	31.984
swarm_35_45.pdb	11.703	36.143	0.0178571	31.635
swarm_52_97.pdb	12.209	40.162	0.0357143	31.542
swarm_59_152.pdb	13.570	28.980	0.0357143	31.464
swarm_35_175.pdb	15.573	37.136	0	31.120
swarm_40_100.pdb	3.044	6.367	0.482143	31.117
swarm_44_162.pdb	9.952	24.109	0.125	31.040
swarm_24_59.pdb	16.466	33.525	0	30.955
swarm_29_48.pdb	15.642	41.419	0.0178571	30.558
swarm_32_51.pdb	11.789	49.833	0	30.438
swarm_59_4.pdb	15.237	50.890	0	30.379
swarm_57_8.pdb	9.425	37.318	0.0714286	30.018
swarm_60_197.pdb	10.806	49.364	0	29.862
swarm_55_181.pdb	14.741	29.600	0	29.730
swarm_3_85.pdb	10.281	28.078	0.142857	29.714
swarm_61_111.pdb	14.232	27.371	0.0535714	29.708
swarm_62_115.pdb	13.338	40.966	0	29.617
swarm_32_119.pdb	9.151	30.626	0.0178571	29.528
swarm_1_94.pdb	11.231	21.617	0.0892857	29.504
swarm_56_126.pdb	12.374	34.034	0.160714	29.453
swarm_32_92.pdb	15.870	29.542	0	29.347
swarm_59_77.pdb	5.093	15.246	0.0892857	29.321
swarm_41_59.pdb	18.282	43.040	0	29.306
swarm_77_42.pdb	10.326	36.223	0.0357143	29.304
swarm_55_154.pdb	15.632	30.615	0	29.199
swarm_41_120.pdb	4.071	12.790	0.267857	29.172
swarm_26_102.pdb	13.265	32.163	0.0357143	29.013
swarm_51_147.pdb	15.261	49.924	0	28.939
swarm_31_98.pdb	10.426	32.336	0.0178571	28.638
swarm_32_60.pdb	12.115	33.599	0.0178571	28.626
swarm_13_33.pdb	6.654	19.279	0.0714286	28.577
swarm_32_186.pdb	15.026	49.610	0	28.511
swarm_59_30.pdb	14.475	30.705	0	28.411
swarm_12_116.pdb	9.292	22.127	0.0535714	28.394
swarm_62_175.pdb	13.614	40.858	0	28.362
swarm_35_136.pdb	13.080	37.667	0.0178571	28.330
swarm_65_61.pdb	11.518	32.965	0	28.255
swarm_7_110.pdb	11.301	33.326	0	28.249
swarm_0_136.pdb	9.871	32.815	0.0178571	28.192
swarm_42_14.pdb	13.959	36.146	0	28.112
swarm_55_145.pdb	14.749	30.279	0	28.096
swarm_65_131.pdb	13.994	41.579	0	28.081
swarm_38_183.pdb	4.590	10.262	0.267857	28.055
swarm_49_31.pdb	10.911	49.123	0	28.035
swarm_18_146.pdb	15.314	26.886	0.0892857	28.018
swarm_35_114.pdb	9.943	43.125	0	27.967
swarm_51_24.pdb	11.099	32.770	0	27.901
swarm_41_37.pdb	8.714	23.089	0.125	27.891
swarm_54_197.pdb	3.415	12.110	0.321429	27.871
swarm_8_79.pdb	13.143	24.483	0	27.866
swarm_30_157.pdb	15.512	28.597	0	27.787
swarm_55_117.pdb	12.864	31.293	0	27.576
swarm_60_145.pdb	14.783	28.963	0.0178571	27.526
swarm_53_51.pdb	16.196	33.025	0	27.496
swarm_55_82.pdb	15.654	30.861	0	27.416
swarm_8_142.pdb	10.908	26.645	0	27.350
swarm_36_157.pdb	10.541	41.476	0	27.339
swarm_20_50.pdb	12.730	28.399	0.0357143	27.322
swarm_34_114.pdb	14.023	25.317	0.0714286	27.291
swarm_60_4.pdb	5.931	16.996	0.160714	27.249
swarm_38_38.pdb	6.947	21.100	0.0714286	27.136
swarm_40_96.pdb	15.182	51.023	0	27.134
swarm_51_5.pdb	13.611	37.994	0.107143	27.050
swarm_20_87.pdb	5.089	19.219	0.125	27.002
swarm_53_178.pdb	11.981	31.981	0	26.959
swarm_42_140.pdb	9.760	29.473	0	26.893
swarm_10_48.pdb	7.399	18.576	0.142857	26.883
swarm_25_125.pdb	15.798	54.723	0	26.841
swarm_35_97.pdb	13.735	39.010	0	26.812
swarm_28_90.pdb	15.876	30.328	0	26.786
swarm_28_87.pdb	15.786	37.282	0	26.774
swarm_44_159.pdb	11.524	25.292	0	26.739
swarm_61_42.pdb	11.819	47.030	0	26.730
swarm_9_89.pdb	13.475	34.029	0	26.697
swarm_35_5.pdb	14.924	43.734	0	26.549
swarm_36_113.pdb	10.022	25.654	0.0892857	26.391
swarm_52_194.pdb	10.112	27.584	0	26.378
swarm_47_137.pdb	16.066	30.995	0	26.331
swarm_44_57.pdb	11.864	34.583	0.0178571	26.329
swarm_31_184.pdb	14.984	25.540	0	26.315
swarm_42_26.pdb	15.815	34.976	0	26.271
swarm_61_104.pdb	12.674	28.521	0.0357143	26.262
swarm_8_56.pdb	16.460	30.759	0	26.249
swarm_32_47.pdb	15.553	35.342	0	26.152
swarm_35_74.pdb	15.965	40.654	0.0357143	26.151
swarm_51_11.pdb	14.043	37.107	0	26.136
swarm_20_111.pdb	5.349	18.623	0.107143	26.089
swarm_69_81.pdb	11.077	46.456	0	26.074
swarm_64_63.pdb	17.337	35.012	0	25.955
swarm_46_117.pdb	15.161	31.424	0	25.912
swarm_33_29.pdb	2.767	13.591	0.392857	25.886
swarm_0_113.pdb	14.285	42.905	0	25.881
swarm_24_178.pdb	9.955	28.490	0	25.863
swarm_53_165.pdb	17.921	38.272	0	25.804
swarm_16_189.pdb	11.230	22.498	0.0535714	25.793
swarm_4_108.pdb	9.971	21.341	0.0892857	25.756
swarm_8_93.pdb	14.118	32.534	0	25.657
swarm_28_32.pdb	12.160	35.693	0	25.652
swarm_14_183.pdb	4.235	10.946	0.214286	25.485
swarm_0_30.pdb	8.984	30.662	0.0535714	25.310
swarm_36_6.pdb	12.667	34.411	0.0178571	25.287
swarm_8_69.pdb	8.535	20.041	0.0892857	25.208
swarm_53_144.pdb	12.541	37.721	0	25.199
swarm_64_110.pdb	13.246	37.310	0	25.195
swarm_33_161.pdb	20.785	48.651	0	25.173
swarm_39_171.pdb	9.061	26.878	0.0892857	24.953
swarm_32_151.pdb	7.912	28.014	0.0535714	24.859
swarm_6_150.pdb	14.007	42.234	0	24.827
swarm_54_71.pdb	9.232	33.426	0.0357143	24.823
swarm_33_91.pdb	8.733	29.697	0.107143	24.755
swarm_36_156.pdb	12.459	38.217	0	24.704
swarm_33_32.pdb	10.985	49.118	0	24.641
swarm_49_75.pdb	12.606	35.916	0.0535714	24.634
swarm_37_165.pdb	13.377	41.909	0.0535714	24.619
swarm_38_14.pdb	10.110	17.928	0	24.566
swarm_18_125.pdb	7.882	28.235	0.0714286	24.562
swarm_13_118.pdb	5.618	13.509	0.0714286	24.534
swarm_33_51.pdb	16.318	35.079	0	24.528
swarm_9_21.pdb	15.795	31.829	0	24.479
swarm_47_150.pdb	16.639	37.055	0.0535714	24.476
swarm_57_37.pdb	9.503	25.009	0.0178571	24.454
swarm_29_125.pdb	8.202	28.906	0.0357143	24.435
swarm_30_177.pdb	8.164	22.584	0	24.378
swarm_15_120.pdb	10.077	19.615	0.107143	24.369
swarm_42_141.pdb	10.505	28.333	0	24.280
swarm_0_29.pdb	17.430	43.932	0	24.196
swarm_18_4.pdb	10.508	22.761	0.142857	24.047
swarm_11_70.pdb	5.260	12.873	0.232143	24.038
swarm_65_169.pdb	10.702	32.771	0.0535714	24.003
swarm_68_105.pdb	9.055	41.431	0.0178571	24.001
swarm_6_64.pdb	9.734	42.468	0.0178571	23.934
swarm_43_33.pdb	13.205	21.447	0	23.908
swarm_4_126.pdb	10.483	27.891	0	23.892
swarm_62_75.pdb	12.726	40.595	0.0178571	23.869
swarm_54_40.pdb	14.643	34.310	0	23.785
swarm_35_196.pdb	12.616	38.514	0.0178571	23.780
swarm_71_60.pdb	9.745	28.373	0.0714286	23.729
swarm_32_12.pdb	10.641	32.021	0.0535714	23.712
swarm_33_168.pdb	10.979	30.485	0.0714286	23.699
swarm_10_36.pdb	14.255	21.743	0	23.627
swarm_8_61.pdb	15.828	27.890	0	23.580
swarm_44_144.pdb	12.658	32.201	0	23.570
swarm_44_166.pdb	16.328	35.207	0.0178571	23.528
swarm_24_195.pdb	12.680	29.494	0.0357143	23.514
swarm_10_37.pdb	4.592	12.673	0.196429	23.504
swarm_13_136.pdb	11.630	26.565	0.0357143	23.476
swarm_64_66.pdb	11.921	40.816	0	23.417
swarm_64_62.pdb	16.835	38.421	0	23.332
swarm_48_1.pdb	11.445	40.641	0	23.311
swarm_1_32.pdb	11.754	21.992	0.0714286	23.308
swarm_28_34.pdb	15.095	32.495	0	23.289
swarm_63_105.pdb	9.480	32.402	0.0357143	23.276
swarm_44_194.pdb	14.224	23.135	0	23.245
swarm_44_5.pdb	15.051	34.558	0.0178571	23.239
swarm_29_152.pdb	15.648	44.267	0	23.236
swarm_33_129.pdb	9.988	31.858	0	23.233
swarm_44_101.pdb	12.661	33.214	0.0178571	23.217
swarm_42_100.pdb	16.925	37.331	0.0178571	23.183
swarm_32_79.pdb	15.453	34.113	0	23.037
swarm_53_109.pdb	15.033	40.845	0	23.015
swarm_51_194.pdb	12.577	36.559	0.0535714	22.999
swarm_53_31.pdb	14.618	29.100	0	22.988
swarm_19_40.pdb	8.480	29.195	0.125	22.988
swarm_44_67.pdb	15.946	26.644	0	22.940
swarm_29_11.pdb	16.135	40.165	0	22.926
swarm_6_30.pdb	15.908	25.347	0.0714286	22.888
swarm_50_7.pdb	9.426	31.595	0.0714286	22.888
swarm_67_92.pdb	15.349	51.082	0	22.868
swarm_44_140.pdb	12.604	38.739	0	22.855
swarm_60_122.pdb	13.250	26.426	0	22.846
swarm_42_85.pdb	17.262	34.969	0	22.831
swarm_10_93.pdb	14.691	41.227	0	22.830
swarm_12_199.pdb	10.290	27.689	0.0357143	22.788
swarm_0_10.pdb	9.530	31.557	0.0892857	22.775
swarm_19_134.pdb	7.719	30.416	0.0178571	22.771
swarm_23_76.pdb	13.436	25.752	0.0714286	22.753
swarm_62_79.pdb	10.315	27.313	0.0535714	22.721
swarm_43_57.pdb	8.548	17.894	0.0357143	22.718
swarm_9_78.pdb	12.437	31.039	0	22.691
swarm_7_73.pdb	10.813	28.413	0.0357143	22.684
swarm_60_119.pdb	16.210	29.088	0	22.669
swarm_0_152.pdb	13.409	38.859	0.0714286	22.657
swarm_58_197.pdb	12.068	28.606	0.0357143	22.553
swarm_5_41.pdb	8.861	25.535	0.196429	22.528
swarm_41_49.pdb	14.316	26.972	0	22.518
swarm_55_151.pdb	13.490	27.424	0.0535714	22.470
swarm_46_69.pdb	13.377	28.669	0.0357143	22.460
swarm_49_106.pdb	14.191	35.304	0	22.443
swarm_35_93.pdb	10.960	39.357	0	22.441
swarm_42_154.pdb	13.803	34.530	0.0535714	22.423
swarm_70_180.pdb	5.167	12.811	0.125	22.394
swarm_23_4.pdb	7.080	15.318	0.107143	22.390
swarm_56_106.pdb	11.006	31.504	0.0357143	22.384
swarm_32_93.pdb	11.347	25.147	0.0714286	22.376
swarm_30_80.pdb	12.071	35.108	0.0892857	22.317
swarm_30_61.pdb	11.732	31.787	0	22.292
swarm_65_101.pdb	17.152	41.567	0	22.291
swarm_18_147.pdb	10.380	37.901	0.0357143	22.262
swarm_0_104.pdb	16.528	35.059	0	22.237
swarm_6_136.pdb	5.830	12.605	0.196429	22.228
swarm_1_119.pdb	13.766	21.898	0	22.137
swarm_32_157.pdb	9.689	30.666	0	22.081
swarm_44_167.pdb	9.603	22.543	0.0535714	22.076
swarm_56_122.pdb	17.425	37.263	0	22.035
swarm_39_59.pdb	16.135	30.134	0	22.019
swarm_21_97.pdb	14.799	49.860	0	21.995
swarm_43_107.pdb	11.275	25.481	0.0535714	21.938
swarm_12_22.pdb	11.338	29.418	0.0535714	21.933
swarm_44_142.pdb	11.767	36.513	0	21.892
swarm_5_76.pdb	7.013	25.365	0.0535714	21.870
swarm_41_134.pdb	16.728	27.734	0	21.836
swarm_37_58.pdb	14.094	43.108	0	21.793
swarm_51_156.pdb	11.448	22.744	0.0178571	21.784
swarm_63_12.pdb	17.379	41.833	0	21.751
swarm_36_151.pdb	15.663	39.457	0	21.745
swarm_19_69.pdb	10.699	32.233	0.0178571	21.725
swarm_8_148.pdb	10.164	26.957	0.0178571	21.723
swarm_56_32.pdb	16.477	30.721	0	21.716
swarm_30_101.pdb	14.942	36.367	0.0178571	21.711
swarm_29_152.pdb	9.928	22.798	0.0714286	21.683
swarm_69_186.pdb	12.051	41.696	0	21.664
swarm_12_41.pdb	12.660	29.461	0.0178571	21.664
swarm_22_78.pdb	12.926	42.312	0	21.663
swarm_48_127.pdb	12.043	33.537	0	21.587
swarm_48_171.pdb	9.145	31.227	0.0535714	21.583
swarm_31_166.pdb	11.041	37.838	0	21.532
swarm_60_40.pdb	7.119	20.728	0	21.508
swarm_46_172.pdb	16.969	33.803	0	21.508
swarm_4_29.pdb	12.217	31.697	0	21.498
swarm_62_17.pdb	10.927	27.191	0.0357143	21.479
swarm_1_121.pdb	3.971	7.923	0.232143	21.431
swarm_29_74.pdb	15.189	38.362	0.0535714	21.391
swarm_45_28.pdb	13.785	26.548	0.0714286	21.389
swarm_29_150.pdb	10.356	29.772	0.0178571	21.379
swarm_0_64.pdb	16.461	41.570	0	21.357
swarm_29_155.pdb	18.208	43.690	0	21.337
swarm_36_78.pdb	10.455	28.734	0.0357143	21.321
swarm_64_33.pdb	15.366	41.145	0	21.313
swarm_15_2.pdb	3.855	8.221	0.303571	21.313
swarm_12_160.pdb	12.855	29.860	0	21.288
swarm_70_146.pdb	11.135	26.874	0.107143	21.276
swarm_31_118.pdb	5.696	19.531	0.0357143	21.276
swarm_57_185.pdb	12.297	30.550	0.0357143	21.225
swarm_17_99.pdb	11.105	24.250	0.0535714	21.225
swarm_49_169.pdb	12.825	46.465	0	21.205
swarm_39_74.pdb	15.090	28.964	0	21.198
swarm_4_168.pdb	13.441	29.723	0	21.196
swarm_31_177.pdb	16.439	35.225	0	21.148
swarm_3_197.pdb	12.426	33.506	0	21.143
swarm_41_7.pdb	18.271	40.687	0	21.116
swarm_3_180.pdb	13.158	30.731	0	21.111
swarm_61_93.pdb	15.489	51.084	0	21.092
swarm_4_175.pdb	16.600	50.216	0	21.086
swarm_48_91.pdb	12.413	36.627	0	21.045
swarm_41_2.pdb	11.076	22.269	0.0892857	21.032
swarm_41_27.pdb	6.483	15.758	0.160714	21.026
swarm_52_83.pdb	12.315	34.362	0	20.950
swarm_37_20.pdb	14.520	45.818	0	20.892
swarm_60_137.pdb	11.558	42.508	0	20.860
swarm_14_80.pdb	9.369	18.803	0.0892857	20.808
swarm_31_160.pdb	13.867	37.320	0	20.780
swarm_23_27.pdb	11.096	22.101	0.0357143	20.760
swarm_52_29.pdb	19.343	49.228	0	20.745
swarm_5_161.pdb	15.278	26.577	0	20.743
swarm_26_141.pdb	11.032	37.154	0	20.712
swarm_18_198.pdb	12.240	34.164	0.0178571	20.708
swarm_12_22.pdb	15.289	24.208	0.0535714	20.708
swarm_58_157.pdb	14.588	31.659	0.0178571	20.687
swarm_22_10.pdb	17.693	35.357	0	20.653
swarm_4_1.pdb	13.968	30.424	0	20.640
swarm_41_136.pdb	12.499	29.430	0.0178571	20.545
swarm_60_83.pdb	17.214	41.351	0	20.506
swarm_6_125.pdb	11.045	40.135	0	20.499
swarm_18_122.pdb	16.597	41.934	0	20.452
swarm_64_42.pdb	17.642	40.831	0	20.413
swarm_52_48.pdb	18.165	44.765	0	20.411
swarm_54_83.pdb	9.938	25.086	0.0535714	20.389
swarm_34_140.pdb	12.292	21.057	0	20.386
swarm_1_127.pdb	3.437	7.339	0.446429	20.375
swarm_52_44.pdb	12.965	40.575	0	20.373
swarm_0_78.pdb	17.641	53.511	0	20.369
swarm_64_20.pdb	17.131	39.961	0	20.359
swarm_35_130.pdb	17.901	36.205	0	20.295
swarm_57_54.pdb	17.707	41.939	0	20.293
swarm_36_126.pdb	5.506	17.802	0.232143	20.265
swarm_62_84.pdb	12.586	37.317	0.0357143	20.252
swarm_11_184.pdb	12.736	37.367	0.0178571	20.243
swarm_8_169.pdb	14.251	32.962	0	20.241
swarm_49_108.pdb	17.262	41.867	0	20.202
swarm_13_103.pdb	7.787	18.713	0.0535714	20.193
swarm_66_192.pdb	18.530	44.357	0	20.177
swarm_38_86.pdb	14.182	23.840	0	20.149
swarm_32_33.pdb	11.967	28.490	0	20.144
swarm_0_22.pdb	13.889	35.293	0	20.134
swarm_48_35.pdb	11.978	32.780	0.0535714	20.127
swarm_71_84.pdb	8.922	21.036	0.0535714	20.100
swarm_10_168.pdb	13.868	37.918	0	20.099
swarm_62_141.pdb	10.054	21.700	0.0357143	20.088
swarm_64_179.pdb	16.385	35.228	0	20.079
swarm_50_134.pdb	7.443	23.109	0.125	20.071
swarm_36_194.pdb	11.869	30.620	0	20.065
swarm_32_60.pdb	11.578	32.569	0.0357143	20.065
swarm_13_177.pdb	8.658	21.558	0.0535714	20.034
swarm_48_191.pdb	11.814	31.812	0	20.015
swarm_12_7.pdb	15.834	29.713	0	19.997
swarm_68_125.pdb	17.817	44.087	0	19.956
swarm_32_145.pdb	15.387	37.694	0	19.938
swarm_54_73.pdb	9.400	20.723	0.0714286	19.931
swarm_25_170.pdb	11.595	33.891	0.0178571	19.928
swarm_51_18.pdb	18.054	40.342	0	19.925
swarm_46_170.pdb	10.133	28.398	0.0892857	19.921
swarm_40_101.pdb	11.542	21.660	0	19.921
swarm_1_179.pdb	8.825	20.309	0.0535714	19.898
swarm_51_1.pdb	17.729	40.293	0	19.878
swarm_28_137.pdb	15.554	32.797	0	19.874
swarm_56_31.pdb	11.261	33.411	0.0714286	19.811
swarm_64_35.pdb	17.620	42.976	0	19.784
swarm_63_199.pdb	17.136	33.655	0	19.778
swarm_34_138.pdb	13.870	22.270	0	19.740
swarm_8_162.pdb	16.312	34.143	0	19.725
swarm_65_156.pdb	15.079	39.012	0	19.724
swarm_14_81.pdb	10.663	24.114	0.0357143	19.684
swarm_55_144.pdb	4.179	12.582	0.321429	19.674
swarm_54_53.pdb	10.636	24.869	0.0714286	19.648
swarm_44_39.pdb	11.519	38.163	0	19.622
swarm_54_107.pdb	15.373	32.827	0.125	19.553
swarm_57_186.pdb	17.079	29.653	0	19.541
swarm_28_3.pdb	9.529	23.776	0.0357143	19.539
swarm_12_57.pdb	12.841	30.707	0.0357143	19.521
swarm_12_122.pdb	9.746	25.396	0.0357143	19.519
swarm_26_62.pdb	15.826	38.885	0	19.439
swarm_64_93.pdb	14.971	42.926	0	19.431
swarm_18_121.pdb	7.764	27.471	0.0357143	19.420
swarm_20_150.pdb	12.373	27.669	0.0892857	19.375
swarm_61_87.pdb	18.779	54.429	0	19.362
swarm_18_87.pdb	13.179	36.581	0.0178571	19.326
swarm_38_157.pdb	18.409	39.451	0	19.301
swarm_54_50.pdb	9.384	25.124	0.0535714	19.297
swarm_14_161.pdb	7.281	15.491	0.0714286	19.287
swarm_61_176.pdb	17.814	45.842	0	19.280
swarm_36_109.pdb	11.731	30.890	0.0178571	19.229
swarm_15_12.pdb	13.915	26.202	0	19.229
swarm_40_168.pdb	15.203	23.757	0	19.201
swarm_3_118.pdb	15.937	33.214	0	19.179
swarm_44_67.pdb	17.269	32.151	0	19.149
swarm_62_183.pdb	5.527	12.887	0.160714	19.104
swarm_65_51.pdb	15.481	41.350	0	19.074
swarm_62_31.pdb	8.138	16.155	0.0178571	19.007
swarm_18_49.pdb	15.113	32.109	0	18.995
swarm_68_155.pdb	15.746	40.658	0	18.984
swarm_16_81.pdb	12.910	19.858	0	18.979
swarm_37_60.pdb	18.677	42.822	0	18.975
swarm_0_185.pdb	13.406	38.834	0	18.954
swarm_39_185.pdb	11.119	31.924	0	18.949
swarm_52_36.pdb	14.371	40.409	0	18.947
swarm_30_125.pdb	11.882	27.073	0.0714286	18.901
swarm_39_193.pdb	14.173	28.795	0.0357143	18.894
swarm_34_10.pdb	8.974	21.942	0.0535714	18.890
swarm_53_32.pdb	12.016	35.091	0	18.824
swarm_19_199.pdb	14.587	39.538	0	18.809
swarm_45_198.pdb	12.410	38.474	0	18.794
swarm_0_155.pdb	13.674	33.309	0	18.777
swarm_10_94.pdb	15.918	32.523	0	18.774
swarm_46_141.pdb	7.770	29.840	0.0357143	18.697
swarm_46_4.pdb	11.968	31.245	0	18.692
swarm_22_58.pdb	20.180	52.750	0	18.691
swarm_34_189.pdb	15.391	29.749	0	18.668
swarm_30_9.pdb	14.135	29.915	0.0535714	18.654
swarm_23_127.pdb	15.244	25.584	0	18.576
swarm_36_62.pdb	9.294	23.371	0.0535714	18.559
swarm_31_45.pdb	17.662	41.053	0	18.528
swarm_65_58.pdb	14.373	43.710	0	18.524
swarm_32_43.pdb	15.857	29.123	0	18.519
swarm_14_149.pdb	16.432	24.795	0	18.508
swarm_63_65.pdb	13.003	35.866	0.0178571	18.506
swarm_26_69.pdb	14.210	37.920	0	18.458
swarm_11_48.pdb	18.502	39.380	0	18.445
swarm_18_44.pdb	16.665	29.436	0.0892857	18.407
swarm_15_125.pdb	15.437	22.165	0	18.388
swarm_45_19.pdb	10.810	36.126	0	18.366
swarm_64_16.pdb	18.773	43.873	0	18.350
swarm_66_178.pdb	17.810	38.416	0	18.340
swarm_71_88.pdb	13.325	30.223	0.0357143	18.308
swarm_50_88.pdb	14.972	31.017	0	18.284
swarm_17_171.pdb	15.998	53.753	0	18.263
swarm_11_179.pdb	15.077	29.737	0	18.205
swarm_19_5.pdb	14.322	42.903	0.0892857	18.150
swarm_53_59.pdb	14.925	29.839	0	18.130
swarm_23_115.pdb	8.418	22.306	0.0714286	18.092
swarm_14_102.pdb	6.872	17.655	0.0357143	18.061
swarm_66_109.pdb	18.771	42.678	0	18.041
swarm_73_33.pdb	10.096	34.431	0	18.034
swarm_0_103.pdb	13.153	34.687	0.0357143	17.965
swarm_53_183.pdb	12.014	40.416	0	17.907
swarm_37_84.pdb	13.179	43.013	0.0714286	17.904
swarm_36_153.pdb	14.697	35.744	0	17.863
swarm_45_68.pdb	16.272	33.140	0	17.832
swarm_62_13.pdb	13.997	28.413	0.0535714	17.802
swarm_57_189.pdb	17.726	41.988	0	17.774
swarm_45_4.pdb	12.513	42.960	0.0357143	17.770
swarm_63_160.pdb	11.602	31.839	0	17.735
swarm_31_199.pdb	12.368	29.489	0	17.733
swarm_29_173.pdb	17.122	42.652	0	17.725
swarm_35_69.pdb	11.139	39.224	0.0535714	17.714
swarm_42_181.pdb	17.761	28.654	0	17.691
swarm_49_168.pdb	15.345	40.515	0	17.687
swarm_53_128.pdb	8.921	30.349	0	17.667
swarm_2_73.pdb	15.271	52.108	0	17.665
swarm_25_50.pdb	17.502	35.479	0	17.595
swarm_57_5.pdb	16.246	38.779	0	17.575
swarm_18_111.pdb	8.116	22.272	0.0535714	17.520
swarm_22_77.pdb	18.994	39.625	0	17.499
swarm_65_160.pdb	12.962	41.578	0	17.414
swarm_20_60.pdb	8.690	24.606	0.0178571	17.407
swarm_5_71.pdb	17.169	35.333	0	17.393
swarm_42_133.pdb	5.290	16.282	0.125	17.390
swarm_41_71.pdb	15.085	26.115	0	17.378
swarm_65_47.pdb	16.437	48.168	0	17.334
swarm_53_99.pdb	13.906	41.358	0.0357143	17.309
swarm_33_59.pdb	15.882	33.948	0	17.251
swarm_68_166.pdb	10.091	42.344	0.0178571	17.224
swarm_52_18.pdb	8.116	22.621	0.0535714	17.204
swarm_10_83.pdb	11.326	37.833	0	17.201
swarm_36_82.pdb	17.545	33.973	0	17.183
swarm_39_31.pdb	9.309	25.310	0	17.170
swarm_11_161.pdb	15.699	35.441	0.0178571	17.130
swarm_52_148.pdb	15.178	40.856	0	17.070
swarm_0_165.pdb	15.259	43.233	0	17.060
swarm_39_120.pdb	14.626	31.504	0	17.059
swarm_36_16.pdb	13.440	40.257	0	17.040
swarm_52_31.pdb	15.498	40.377	0	16.995
swarm_57_14.pdb	12.848	41.106	0	16.979
swarm_61_93.pdb	4.680	22.455	0.142857	16.962
swarm_61_123.pdb	18.449	51.047	0	16.907
swarm_36_16.pdb	14.925	32.735	0.0178571	16.896
swarm_42_76.pdb	9.936	29.437	0.0178571	16.876
swarm_66_128.pdb	17.533	38.643	0	16.852
swarm_38_154.pdb	13.543	22.951	0	16.849
swarm_45_18.pdb	15.345	25.172	0	16.826
swarm_45_172.pdb	12.594	38.054	0	16.825
swarm_10_127.pdb	16.296	36.766	0	16.780
swarm_11_36.pdb	8.751	27.251	0	16.766
swarm_11_109.pdb	13.145	37.202	0	16.750
swarm_55_156.pdb	5.194	16.152	0.339286	16.746
swarm_72_64.pdb	14.748	33.226	0	16.744
swarm_24_173.pdb	12.403	35.877	0.125	16.727
swarm_25_131.pdb	10.460	30.746	0	16.700
swarm_66_156.pdb	8.881	33.408	0.0178571	16.689
swarm_12_146.pdb	13.735	26.523	0	16.669
swarm_57_61.pdb	15.496	39.998	0	16.664
swarm_52_110.pdb	13.192	41.215	0	16.651
swarm_18_194.pdb	8.726	35.919	0.0357143	16.642
swarm_63_78.pdb	13.322	36.857	0	16.635
swarm_64_175.pdb	16.092	40.056	0	16.622
swarm_18_118.pdb	14.768	42.776	0	16.614
swarm_52_54.pdb	14.989	41.266	0	16.567
swarm_62_30.pdb	16.290	33.355	0	16.536
swarm_48_110.pdb	11.103	35.585	0.0178571	16.476
swarm_35_108.pdb	19.454	49.445	0	16.463
swarm_36_52.pdb	12.844	44.894	0	16.432
swarm_31_87.pdb	11.021	35.132	0	16.415
swarm_10_73.pdb	15.701	40.577	0	16.312
swarm_45_20.pdb	10.118	37.541	0.0178571	16.303
swarm_46_148.pdb	16.484	32.317	0	16.248
swarm_61_177.pdb	16.566	25.792	0	16.211
swarm_34_41.pdb	11.778	27.405	0.0714286	16.148
swarm_45_36.pdb	16.110	36.864	0	16.120
swarm_18_177.pdb	17.983	38.730	0	16.022
swarm_20_162.pdb	12.809	26.207	0	16.003
swarm_33_175.pdb	12.794	36.670	0.0357143	15.931
swarm_11_52.pdb	12.323	37.952	0.0535714	15.928
swarm_50_193.pdb	10.664	28.898	0	15.898
swarm_6_76.pdb	13.989	43.243	0	15.895
swarm_59_154.pdb	20.388	53.840	0	15.878
swarm_29_77.pdb	17.806	40.156	0	15.878
swarm_32_148.pdb	17.566	40.013	0	15.870
swarm_10_34.pdb	17.024	39.574	0	15.815
swarm_28_154.pdb	12.091	28.886	0	15.736
swarm_20_60.pdb	13.515	22.890	0	15.732
swarm_59_114.pdb	14.705	43.747	0	15.721
swarm_15_74.pdb	12.019	24.752	0	15.721
swarm_39_112.pdb	12.888	26.679	0.0178571	15.717
swarm_57_176.pdb	14.788	36.070	0	15.714
swarm_28_129.pdb	14.408	29.909	0	15.714
swarm_42_179.pdb	16.420	31.643	0	15.706
swarm_41_187.pdb	8.679	15.511	0	15.659
swarm_20_19.pdb	15.177	29.178	0	15.622
swarm_43_197.pdb	7.729	12.751	0	15.619
swarm_0_83.pdb	18.014	32.746	0	15.566
swarm_29_20.pdb	9.351	30.062	0	15.493
swarm_44_10.pdb	14.403	36.162	0	15.419
swarm_50_145.pdb	15.071	26.014	0	15.388
swarm_14_105.pdb	15.861	26.756	0.0535714	15.356
swarm_9_162.pdb	6.930	20.096	0.0714286	15.329
swarm_48_169.pdb	20.757	49.805	0	15.313
swarm_64_47.pdb	14.281	38.761	0	15.300
swarm_72_15.pdb	13.183	29.519	0	15.269
swarm_33_12.pdb	13.965	34.320	0.0178571	15.200
swarm_57_198.pdb	15.993	29.438	0	15.195
swarm_14_165.pdb	10.676	20.811	0	15.170
swarm_64_48.pdb	15.352	39.472	0.0535714	15.165
swarm_45_123.pdb	10.088	36.683	0.0178571	15.127
swarm_39_182.pdb	16.415	32.081	0	15.120
swarm_36_133.pdb	16.039	32.817	0	15.094
swarm_62_143.pdb	12.979	30.092	0.0178571	15.062
swarm_25_56.pdb	16.065	37.084	0	15.048
swarm_40_67.pdb	15.306	26.089	0.0357143	15.035
swarm_45_179.pdb	14.958	36.410	0.0178571	15.030
swarm_10_160.pdb	16.394	42.256	0	14.926
swarm_32_115.pdb	14.300	36.852	0	14.920
swarm_13_17.pdb	10.778	24.881	0.107143	14.920
swarm_60_13.pdb	15.556	46.110	0	14.913
swarm_66_104.pdb	15.780	31.485	0	14.907
swarm_13_153.pdb	7.822	19.849	0.160714	14.846
swarm_56_69.pdb	17.020	37.869	0	14.792
swarm_53_42.pdb	16.762	36.131	0	14.747
swarm_62_104.pdb	18.768	41.383	0	14.714
swarm_57_18.pdb	15.928	41.009	0	14.611
swarm_11_44.pdb	15.381	36.278	0	14.600
swarm_27_161.pdb	14.245	33.106	0.160714	14.573
swarm_62_34.pdb	16.210	33.081	0	14.551
swarm_0_36.pdb	12.099	32.849	0.0178571	14.549
swarm_6_36.pdb	12.210	24.283	0.125	14.540
swarm_36_46.pdb	13.535	28.107	0	14.533
swarm_11_16.pdb	17.876	38.261	0	14.523
swarm_11_146.pdb	14.999	29.023	0	14.507
swarm_30_73.pdb	17.188	31.947	0	14.457
swarm_50_129.pdb	7.578	21.194	0.0535714	14.374
swarm_43_10.pdb	15.551	24.913	0.0178571	14.288
swarm_33_113.pdb	16.877	49.858	0	14.260
swarm_20_149.pdb	13.285	24.217	0	14.245
swarm_52_24.pdb	15.878	39.057	0	14.236
swarm_10_137.pdb	12.803	39.528	0	14.209
swarm_0_154.pdb	15.893	34.508	0	14.194
swarm_0_167.pdb	15.955	39.197	0	14.096
swarm_49_138.pdb	7.925	29.961	0	14.092
swarm_5_10.pdb	19.460	46.836	0	14.088
swarm_50_70.pdb	9.065	25.190	0	14.079
swarm_11_187.pdb	12.268	32.407	0	14.060
swarm_36_69.pdb	17.329	39.142	0	14.027
swarm_9_165.pdb	17.579	34.266	0	14.014
swarm_72_24.pdb	10.307	26.321	0.0535714	13.979
swarm_43_130.pdb	13.687	27.275	0	13.930
swarm_23_41.pdb	9.713	20.190	0	13.899
swarm_45_138.pdb	16.634	36.163	0	13.891
swarm_18_197.pdb	16.013	38.757	0	13.862
swarm_50_1.pdb	11.593	26.957	0	13.827
swarm_18_112.pdb	11.559	34.177	0	13.824
swarm_53_3.pdb	13.477	38.393	0	13.823
swarm_50_98.pdb	9.581	24.566	0	13.810
swarm_42_125.pdb	17.489	36.019	0	13.778
swarm_64_4.pdb	16.592	39.449	0	13.702
swarm_33_173.pdb	15.374	31.705	0	13.694
swarm_27_162.pdb	16.505	38.851	0	13.686
swarm_32_140.pdb	14.331	27.407	0	13.649
swarm_45_166.pdb	14.405	38.990	0.0178571	13.646
swarm_64_106.pdb	17.832	34.356	0	13.633
swarm_1_100.pdb	16.392	23.110	0	13.591
swarm_46_150.pdb	9.790	36.950	0	13.563
swarm_12_124.pdb	12.779	24.472	0	13.526
swarm_62_26.pdb	13.071	24.659	0	13.478
swarm_32_131.pdb	9.475	24.939	0	13.394
swarm_6_29.pdb	15.258	46.104	0	13.373
swarm_32_168.pdb	15.790	36.066	0	13.356
swarm_44_173.pdb	9.601	25.129	0.0178571	13.197
swarm_38_82.pdb	13.589	23.449	0.0714286	13.124
swarm_53_145.pdb	14.379	39.388	0	13.104
swarm_13_182.pdb	13.757	31.588	0.0357143	13.090
swarm_25_177.pdb	8.957	24.385	0	13.058
swarm_0_187.pdb	15.801	42.540	0	13.021
swarm_36_75.pdb	15.192	33.318	0	12.992
swarm_57_74.pdb	13.484	44.897	0	12.991
swarm_31_146.pdb	11.943	31.551	0	12.927
swarm_42_165.pdb	15.938	29.577	0	12.854
swarm_62_39.pdb	9.744	28.660	0	12.757
swarm_41_127.pdb	11.602	24.247	0.0357143	12.715
swarm_52_104.pdb	13.414	26.199	0	12.702
swarm_16_53.pdb	15.826	36.291	0	12.670
swarm_11_66.pdb	12.916	41.104	0	12.514
swarm_51_89.pdb	17.179	30.325	0	12.493
swarm_8_85.pdb	4.705	12.304	0.25	12.465
swarm_29_113.pdb	17.688	37.734	0	12.397
swarm_11_181.pdb	14.699	38.591	0	12.387
swarm_48_154.pdb	17.600	39.566	0	12.282
swarm_50_53.pdb	16.320	28.642	0	12.175
swarm_29_174.pdb	19.389	39.354	0	12.110
swarm_45_176.pdb	16.844	38.859	0.0178571	12.090
swarm_54_112.pdb	4.533	10.336	0.142857	12.079
swarm_54_199.pdb	9.974	26.322	0.0357143	12.058
swarm_10_179.pdb	14.931	33.227	0	12.039
swarm_39_24.pdb	16.588	32.088	0	12.009
swarm_15_154.pdb	13.815	22.527	0	11.980
swarm_36_27.pdb	8.878	30.866	0	11.978
swarm_42_135.pdb	15.386	33.864	0	11.805
swarm_39_105.pdb	7.216	25.363	0.0178571	11.760
swarm_14_140.pdb	15.542	24.985	0	11.652
swarm_10_42.pdb	17.360	39.485	0	11.566
swarm_64_53.pdb	17.503	43.050	0	11.519
swarm_38_173.pdb	13.656	31.790	0.0535714	11.457
swarm_18_79.pdb	14.624	33.379	0	11.453
swarm_42_183.pdb	13.657	30.463	0.0535714	11.389
swarm_52_105.pdb	10.447	37.898	0.0714286	11.325
swarm_12_90.pdb	8.017	24.508	0.0535714	11.313
swarm_51_96.pdb	13.217	32.528	0	11.250
swarm_0_146.pdb	17.086	37.745	0	11.242
swarm_31_91.pdb	11.570	39.534	0.0178571	11.207
swarm_25_153.pdb	15.662	29.863	0	11.125
swarm_10_23.pdb	16.394	39.827	0	11.049
swarm_49_86.pdb	18.421	49.045	0	11.032
swarm_12_51.pdb	7.144	19.742	0	11.023
swarm_26_150.pdb	8.816	34.219	0	10.680
swarm_14_167.pdb	15.019	24.285	0	10.655
swarm_5_74.pdb	11.129	25.417	0.0178571	10.617
swarm_57_130.pdb	14.695	39.209	0	10.592
swarm_63_90.pdb	17.270	39.231	0	10.511
swarm_42_17.pdb	12.580	27.407	0	10.209
swarm_45_144.pdb	17.771	38.638	0	10.176
swarm_55_73.pdb	16.362	31.057	0	10.104
swarm_6_88.pdb	19.130	50.327	0	10.011
swarm_46_169.pdb	10.825	30.903	0.0357143	9.988
swarm_28_129.pdb	7.996	21.863	0.196429	9.979
swarm_16_123.pdb	20.892	38.949	0	9.778
swarm_10_49.pdb	12.290	36.029	0.0535714	9.611
swarm_52_51.pdb	13.474	39.542	0	9.556
swarm_18_136.pdb	16.053	37.273	0	9.284
swarm_31_110.pdb	14.244	40.011	0	8.859
swarm_46_124.pdb	9.792	25.388	0.107143	8.743
swarm_31_24.pdb	13.939	39.756	0	8.705
swarm_15_157.pdb	7.282	20.294	0.0892857	8.478
swarm_10_26.pdb	13.625	40.259	0	8.379
swarm_9_145.pdb	15.699	29.642	0	7.721
swarm_15_192.pdb	6.637	19.615	0.0178571	7.717
swarm_16_82.pdb	11.552	24.489	0	7.693
swarm_20_147.pdb	8.628	17.178	0	7.649
swarm_33_50.pdb	17.276	36.713	0	7.574
swarm_58_180.pdb	16.763	31.621	0	7.273
swarm_60_160.pdb	12.501	24.056	0.0892857	7.137
swarm_25_197.pdb	12.838	34.225	0.0535714	6.121
swarm_42_67.pdb	18.630	34.778	0	6.085
swarm_62_86.pdb	14.142	23.563	0	5.314
swarm_52_132.pdb	9.900	38.246	0.0535714	4.995
swarm_5_50.pdb	13.189	30.140	0.0178571	4.964
swarm_61_190.pdb	13.802	34.414	0	4.911
swarm_19_24.pdb	15.927	36.856	0	4.849
swarm_25_13.pdb	9.408	25.485	0	4.844
swarm_8_9.pdb	15.529	24.254	0	4.138
swarm_2_34.pdb	16.992	47.597	0	4.052
swarm_64_160.pdb	12.478	33.949	0	3.520
swarm_49_139.pdb	13.909	36.166	0	3.361
swarm_45_156.pdb	8.031	30.660	0.0357143	3.322
swarm_47_192.pdb	12.869	49.270	0	3.142
swarm_11_84.pdb	4.014	11.371	0.357143	2.446
swarm_42_92.pdb	15.740	35.833	0	2.361
swarm_25_197.pdb	12.334	29.494	0.125	1.931
swarm_61_179.pdb	4.083	17.492	0.375	1.559
swarm_53_35.pdb	7.988	29.859	0	0.845
swarm_40_58.pdb	14.483	22.576	0	0.825
swarm_0_106.pdb	15.029	41.465	0	0.707
swarm_41_63.pdb	7.017	21.298	0.0357143	0.189
