swarm_18_33.pdb	6.461	24.824	0.0243902	31.782
swarm_30_147.pdb	2.921	3.374	0.536585	30.722
swarm_49_62.pdb	3.201	7.257	0.390244	28.721
swarm_32_90.pdb	2.948	7.102	0.341463	28.452
swarm_45_141.pdb	3.351	6.641	0.292683	27.923
swarm_21_147.pdb	8.872	30.416	0	27.762
swarm_38_9.pdb	9.414	34.359	0	27.498
swarm_0_69.pdb	14.260	41.421	0	27.480
swarm_31_15.pdb	3.011	7.924	0.439024	27.050
swarm_23_159.pdb	3.023	5.939	0.512195	26.546
swarm_12_192.pdb	7.582	21.100	0	26.287
swarm_10_23.pdb	9.588	35.118	0	26.156
swarm_29_30.pdb	9.189	33.109	0	26.087
swarm_46_167.pdb	8.789	31.537	0	25.693
swarm_6_146.pdb	9.025	32.045	0	25.622
swarm_21_3.pdb	6.573	25.769	0	24.315
swarm_43_60.pdb	12.204	39.373	0	23.579
swarm_35_187.pdb	12.812	42.461	0	23.250
swarm_44_62.pdb	12.620	41.657	0	23.158
swarm_17_52.pdb	12.130	39.201	0	23.144
swarm_14_150.pdb	7.588	24.752	0	22.807
swarm_47_29.pdb	5.933	23.942	0.121951	21.984
swarm_8_109.pdb	8.625	31.208	0	21.941
swarm_17_3.pdb	9.820	39.065	0	21.911
swarm_6_100.pdb	10.437	33.157	0	21.891
swarm_16_71.pdb	5.375	20.418	0.243902	21.850
swarm_41_74.pdb	10.341	32.862	0	21.727
swarm_7_88.pdb	8.175	26.672	0	21.724
swarm_19_18.pdb	9.285	34.419	0	21.653
swarm_47_5.pdb	9.479	28.086	0	21.383
swarm_33_15.pdb	9.992	41.294	0	21.059
swarm_43_168.pdb	9.602	37.624	0	20.674
swarm_24_172.pdb	8.404	32.894	0	20.593
swarm_18_22.pdb	8.552	31.044	0	20.376
swarm_44_3.pdb	10.066	41.230	0	20.233
swarm_6_176.pdb	8.017	28.697	0	20.217
swarm_14_30.pdb	4.266	16.207	0.195122	20.155
swarm_35_88.pdb	9.496	39.137	0	20.146
swarm_14_97.pdb	7.679	31.077	0	20.102
swarm_16_15.pdb	6.190	21.475	0.0487805	19.891
swarm_31_13.pdb	8.185	25.600	0	19.825
swarm_40_166.pdb	8.364	36.583	0.0243902	19.783
swarm_36_2.pdb	9.290	28.876	0	19.687
swarm_3_60.pdb	9.381	38.575	0	19.639
swarm_23_98.pdb	6.445	17.040	0	19.628
swarm_27_88.pdb	5.909	23.343	0.0487805	19.471
swarm_19_48.pdb	8.389	33.160	0	19.108
swarm_4_100.pdb	6.558	28.068	0.146341	18.601
swarm_36_99.pdb	9.441	33.422	0	18.518
swarm_31_152.pdb	5.406	21.834	0.121951	18.376
swarm_8_151.pdb	8.306	28.700	0	18.259
swarm_36_9.pdb	7.539	21.172	0.0243902	18.085
swarm_16_38.pdb	5.228	16.785	0.170732	17.940
swarm_25_104.pdb	12.430	41.511	0	17.544
swarm_5_9.pdb	8.650	34.045	0.0243902	17.517
swarm_3_154.pdb	6.219	27.049	0.146341	17.094
swarm_27_136.pdb	7.369	27.429	0.097561	16.638
swarm_23_86.pdb	8.640	19.107	0	16.540
swarm_5_18.pdb	9.876	39.137	0	16.049
swarm_0_82.pdb	14.613	41.790	0	15.677
swarm_15_96.pdb	8.024	12.475	0	15.436
swarm_27_9.pdb	7.966	24.653	0.0487805	15.344
swarm_31_92.pdb	8.061	19.177	0	15.225
swarm_30_121.pdb	7.516	14.218	0	15.222
swarm_32_195.pdb	7.477	11.248	0	15.007
swarm_14_44.pdb	7.609	21.851	0.146341	14.553
swarm_23_197.pdb	7.796	20.151	0.0487805	13.097
swarm_1_29.pdb	12.288	39.937	0	8.426
swarm_37_130.pdb	7.261	20.062	0	8.073
swarm_21_54.pdb	7.622	23.872	0.0487805	6.876
swarm_33_110.pdb	10.881	40.771	0.0243902	4.392
swarm_12_188.pdb	5.731	16.186	0.243902	3.208
