swarm_27_129.pdb	9.686	32.553	0	30.621
swarm_3_89.pdb	10.931	36.072	0	30.573
swarm_28_42.pdb	10.230	37.484	0	28.761
swarm_22_70.pdb	11.054	40.035	0	27.545
swarm_13_162.pdb	7.472	24.691	0.0487805	26.212
swarm_7_124.pdb	10.932	35.314	0	26.048
swarm_17_170.pdb	10.376	32.504	0	25.012
swarm_6_17.pdb	5.092	16.780	0.146341	24.893
swarm_9_32.pdb	7.258	18.153	0	24.522
swarm_26_120.pdb	5.505	20.524	0.0731707	24.522
swarm_24_31.pdb	5.563	19.629	0.0731707	24.454
swarm_30_68.pdb	9.521	14.861	0	24.438
swarm_33_90.pdb	3.131	8.841	0.243902	24.244
swarm_32_10.pdb	7.264	15.390	0	24.230
swarm_8_6.pdb	4.347	14.529	0.195122	24.146
swarm_17_95.pdb	4.519	16.084	0.170732	23.942
swarm_33_192.pdb	6.675	14.734	0	23.790
swarm_2_81.pdb	13.466	28.522	0	23.631
swarm_7_136.pdb	15.233	37.740	0	23.394
swarm_12_55.pdb	8.596	24.091	0	23.349
swarm_20_75.pdb	7.680	34.978	0	23.204
swarm_10_198.pdb	6.729	11.754	0	23.126
swarm_15_172.pdb	8.468	29.306	0.0243902	23.091
swarm_28_98.pdb	9.947	30.097	0	22.965
swarm_25_116.pdb	6.314	14.024	0.0243902	22.844
swarm_23_167.pdb	6.577	28.812	0.0487805	22.733
swarm_36_129.pdb	10.616	17.380	0	22.664
swarm_2_142.pdb	7.925	27.742	0.097561	22.649
swarm_3_62.pdb	11.307	31.641	0	22.537
swarm_16_191.pdb	9.388	13.983	0	22.492
swarm_37_199.pdb	10.786	18.415	0	22.435
swarm_11_158.pdb	7.615	28.677	0	22.405
swarm_1_162.pdb	9.937	31.217	0	22.164
swarm_31_93.pdb	8.573	28.104	0	21.912
swarm_4_52.pdb	9.586	38.879	0	21.572
swarm_2_64.pdb	9.761	34.869	0	21.524
swarm_36_82.pdb	7.737	15.398	0	21.422
swarm_0_32.pdb	10.563	40.100	0	21.411
swarm_33_36.pdb	9.411	18.360	0	21.400
swarm_7_65.pdb	8.081	32.172	0	21.178
swarm_21_103.pdb	14.233	49.769	0	21.126
swarm_19_82.pdb	7.679	33.124	0.0243902	20.826
swarm_17_182.pdb	5.836	19.321	0.0487805	20.819
swarm_3_155.pdb	8.803	25.391	0	20.738
swarm_15_170.pdb	10.453	30.600	0	20.627
swarm_34_60.pdb	6.574	19.465	0.0243902	20.420
swarm_11_2.pdb	12.946	33.799	0	20.405
swarm_7_64.pdb	11.281	42.651	0	20.316
swarm_4_149.pdb	10.174	32.632	0	20.150
swarm_0_190.pdb	10.574	43.535	0	19.929
swarm_19_162.pdb	9.520	26.554	0	19.853
swarm_27_162.pdb	8.412	29.969	0	19.818
swarm_18_26.pdb	10.581	42.423	0	19.680
swarm_1_40.pdb	10.176	29.132	0	19.652
swarm_11_0.pdb	12.927	25.650	0	19.458
swarm_2_97.pdb	9.795	28.647	0	19.368
swarm_19_91.pdb	13.000	36.313	0	19.296
swarm_5_1.pdb	13.743	35.355	0	19.017
swarm_30_120.pdb	9.367	25.010	0	19.003
swarm_36_37.pdb	9.903	17.316	0	18.986
swarm_8_69.pdb	7.929	23.555	0	18.803
swarm_10_150.pdb	9.088	13.511	0	18.784
swarm_0_129.pdb	14.872	38.325	0	18.723
swarm_34_112.pdb	4.101	15.087	0.146341	18.619
swarm_15_96.pdb	8.711	28.705	0	18.587
swarm_3_170.pdb	8.841	30.967	0	18.548
swarm_37_120.pdb	6.755	26.715	0.0243902	18.536
swarm_35_167.pdb	8.014	19.422	0	18.366
swarm_5_77.pdb	10.622	42.373	0	18.283
swarm_29_192.pdb	11.755	29.168	0	18.213
swarm_16_172.pdb	12.977	24.238	0	18.176
swarm_18_115.pdb	7.078	30.761	0.0243902	18.091
swarm_11_159.pdb	7.704	31.976	0.0243902	17.942
swarm_37_196.pdb	6.988	21.468	0.0243902	17.914
swarm_23_140.pdb	7.964	26.875	0	17.865
swarm_21_173.pdb	9.997	38.592	0	17.602
swarm_6_0.pdb	12.240	27.696	0	17.562
swarm_25_162.pdb	7.234	13.801	0.0243902	17.373
swarm_20_128.pdb	9.935	34.383	0	17.166
swarm_21_97.pdb	10.580	43.912	0	16.742
swarm_31_83.pdb	8.495	31.489	0	16.704
swarm_2_7.pdb	12.651	24.193	0	16.586
swarm_17_74.pdb	10.741	25.521	0	16.474
swarm_18_113.pdb	11.346	46.623	0	16.287
swarm_6_76.pdb	10.833	24.296	0	16.281
swarm_24_91.pdb	14.193	20.985	0	16.213
swarm_26_157.pdb	6.633	14.192	0	16.128
swarm_23_197.pdb	10.216	23.206	0	16.059
swarm_13_75.pdb	7.971	21.226	0	16.028
swarm_0_192.pdb	12.945	43.884	0	15.917
swarm_16_155.pdb	6.573	16.745	0.0243902	15.858
swarm_37_24.pdb	12.316	24.517	0	15.746
swarm_14_98.pdb	10.116	24.325	0	15.399
swarm_31_173.pdb	10.053	21.880	0	15.296
swarm_36_169.pdb	11.489	21.419	0	15.225
swarm_24_198.pdb	9.116	23.679	0	15.178
swarm_23_78.pdb	15.944	36.807	0	15.088
swarm_23_108.pdb	15.932	30.567	0	14.986
swarm_16_111.pdb	9.736	17.184	0	14.747
swarm_11_26.pdb	16.008	39.841	0	14.527
swarm_12_104.pdb	10.108	24.107	0	14.422
swarm_8_37.pdb	11.503	26.718	0	13.905
swarm_21_178.pdb	13.900	45.688	0	13.345
swarm_29_107.pdb	9.397	32.702	0	13.319
swarm_13_45.pdb	7.786	21.695	0	12.269
swarm_20_67.pdb	8.551	31.359	0	12.015
swarm_30_146.pdb	14.180	24.866	0	11.986
swarm_21_24.pdb	15.927	51.687	0	11.340
swarm_9_176.pdb	6.169	23.951	0.121951	11.176
swarm_3_182.pdb	10.279	35.468	0	10.588
swarm_21_88.pdb	12.686	45.341	0	10.321
swarm_25_75.pdb	12.101	16.905	0	9.850
swarm_10_13.pdb	13.022	18.465	0	8.960
swarm_14_40.pdb	11.147	33.851	0	7.508
swarm_2_11.pdb	10.786	25.577	0	6.944
swarm_0_56.pdb	14.015	48.257	0	2.972
swarm_30_58.pdb	9.418	24.422	0	2.805
swarm_8_82.pdb	10.219	18.132	0	2.559
swarm_35_17.pdb	6.450	25.250	0.0487805	1.444
swarm_26_0.pdb	12.636	18.623	0	1.338
