swarm_22_118.pdb	8.975	21.018	0	35.849
swarm_41_184.pdb	13.599	45.254	0.0731707	35.376
swarm_53_5.pdb	14.305	35.570	0	33.560
swarm_20_29.pdb	13.317	39.428	0.0487805	32.993
swarm_50_187.pdb	15.725	39.515	0.097561	30.974
swarm_1_195.pdb	16.287	35.721	0	28.424
swarm_0_108.pdb	9.734	18.049	0.097561	27.336
swarm_57_187.pdb	13.504	24.169	0.0243902	27.126
swarm_52_191.pdb	12.834	29.392	0	26.860
swarm_18_36.pdb	14.211	25.363	0	26.393
swarm_18_183.pdb	14.748	26.214	0.0243902	26.055
swarm_51_3.pdb	15.307	40.815	0.146341	25.838
swarm_13_138.pdb	13.171	32.103	0	25.236
swarm_38_145.pdb	7.461	14.569	0.0731707	25.209
swarm_20_60.pdb	14.974	36.433	0	25.176
swarm_5_88.pdb	10.043	35.227	0	25.162
swarm_16_91.pdb	13.302	23.628	0	24.781
swarm_45_98.pdb	14.951	32.036	0.0731707	24.776
swarm_50_194.pdb	15.941	41.180	0	24.734
swarm_13_16.pdb	15.245	39.363	0.146341	24.729
swarm_10_182.pdb	12.603	23.152	0	24.603
swarm_26_87.pdb	12.808	34.418	0	24.602
swarm_20_28.pdb	15.405	36.553	0	24.601
swarm_31_76.pdb	12.689	28.349	0	24.561
swarm_30_79.pdb	10.748	24.775	0	24.366
swarm_45_82.pdb	14.138	25.991	0	24.276
swarm_5_73.pdb	17.564	39.049	0	24.271
swarm_20_45.pdb	14.345	36.959	0	24.090
swarm_20_97.pdb	14.005	42.665	0	23.980
swarm_23_123.pdb	14.883	33.012	0.0731707	23.713
swarm_51_37.pdb	15.533	30.362	0	23.690
swarm_6_55.pdb	11.306	33.905	0.0243902	23.634
swarm_55_185.pdb	13.493	24.705	0	23.566
swarm_16_124.pdb	8.024	13.125	0	23.316
swarm_40_81.pdb	9.749	20.323	0.0243902	23.269
swarm_19_38.pdb	14.150	28.607	0.0243902	23.181
swarm_42_193.pdb	8.037	21.197	0	23.090
swarm_22_58.pdb	17.168	37.438	0	22.988
swarm_57_199.pdb	14.992	29.646	0.0243902	22.891
swarm_6_20.pdb	13.735	37.486	0.0731707	22.791
swarm_19_162.pdb	8.332	17.038	0	22.709
swarm_35_174.pdb	14.630	26.521	0.0487805	22.689
swarm_38_69.pdb	7.893	14.772	0	22.685
swarm_54_56.pdb	15.201	38.889	0.0731707	22.632
swarm_27_36.pdb	16.570	35.814	0	22.529
swarm_37_80.pdb	7.953	12.869	0	22.516
swarm_12_52.pdb	14.199	28.566	0	22.460
swarm_39_149.pdb	17.475	39.579	0	22.320
swarm_45_89.pdb	13.802	24.101	0	22.169
swarm_35_94.pdb	13.635	22.747	0	22.155
swarm_27_176.pdb	15.932	37.232	0	22.103
swarm_37_139.pdb	6.703	19.357	0.121951	21.942
swarm_38_122.pdb	13.431	24.153	0.0487805	21.940
swarm_41_58.pdb	12.643	36.511	0	21.926
swarm_7_193.pdb	14.103	38.982	0.0243902	21.847
swarm_26_39.pdb	15.857	32.146	0	21.829
swarm_19_139.pdb	13.420	24.182	0	21.744
swarm_17_175.pdb	14.170	26.164	0	21.743
swarm_45_103.pdb	14.225	27.094	0.0243902	21.727
swarm_17_195.pdb	13.692	26.174	0	21.618
swarm_43_28.pdb	7.029	18.580	0.097561	21.589
swarm_39_15.pdb	12.150	37.715	0	21.580
swarm_54_39.pdb	15.584	35.908	0	21.569
swarm_32_38.pdb	13.311	32.713	0.0243902	21.522
swarm_30_2.pdb	12.122	27.837	0	21.449
swarm_30_69.pdb	8.756	29.179	0.170732	21.281
swarm_41_141.pdb	12.066	36.585	0	21.250
swarm_12_38.pdb	14.210	33.021	0	21.229
swarm_43_6.pdb	8.193	17.496	0	21.196
swarm_32_19.pdb	15.013	27.972	0	21.144
swarm_41_152.pdb	12.596	42.432	0.121951	21.064
swarm_35_23.pdb	8.213	16.524	0.0731707	20.953
swarm_56_51.pdb	17.298	33.595	0	20.822
swarm_25_188.pdb	13.527	29.948	0	20.743
swarm_26_10.pdb	15.451	36.447	0	20.730
swarm_45_85.pdb	16.633	30.086	0	20.523
swarm_30_28.pdb	8.669	18.640	0	20.447
swarm_25_167.pdb	9.598	19.864	0	20.285
swarm_41_61.pdb	16.368	38.029	0	20.259
swarm_19_66.pdb	15.083	27.616	0	20.257
swarm_4_67.pdb	12.210	28.883	0	20.246
swarm_19_154.pdb	14.440	27.607	0.0243902	20.243
swarm_45_183.pdb	13.294	28.986	0.0731707	20.225
swarm_9_185.pdb	15.443	26.573	0	20.069
swarm_55_29.pdb	7.431	18.969	0.0487805	19.980
swarm_38_177.pdb	12.310	23.441	0	19.940
swarm_33_137.pdb	17.351	38.390	0	19.920
swarm_16_87.pdb	7.977	13.949	0	19.909
swarm_35_158.pdb	13.831	24.349	0	19.906
swarm_17_126.pdb	8.509	15.581	0	19.905
swarm_55_182.pdb	13.429	23.319	0	19.894
swarm_50_103.pdb	15.931	37.275	0	19.883
swarm_0_181.pdb	14.299	24.562	0	19.859
swarm_40_73.pdb	14.238	24.341	0	19.841
swarm_17_148.pdb	14.342	24.813	0	19.826
swarm_12_64.pdb	14.812	31.217	0.0243902	19.819
swarm_40_76.pdb	4.841	14.428	0.390244	19.782
swarm_7_156.pdb	12.862	30.128	0	19.772
swarm_43_63.pdb	15.495	29.402	0	19.683
swarm_6_139.pdb	10.631	25.713	0	19.681
swarm_25_110.pdb	14.745	33.918	0	19.437
swarm_24_134.pdb	12.588	22.847	0	19.435
swarm_34_100.pdb	13.782	31.132	0.097561	19.427
swarm_18_98.pdb	11.791	24.869	0	19.297
swarm_6_163.pdb	17.397	39.535	0	19.274
swarm_16_167.pdb	13.593	26.683	0.097561	19.229
swarm_13_75.pdb	15.474	28.868	0	19.101
swarm_19_70.pdb	14.691	28.409	0	19.054
swarm_25_153.pdb	15.771	30.008	0	19.001
swarm_36_23.pdb	14.172	31.246	0.0731707	18.986
swarm_7_75.pdb	14.776	34.070	0	18.970
swarm_15_198.pdb	12.105	28.408	0	18.895
swarm_8_76.pdb	14.896	27.855	0	18.867
swarm_58_167.pdb	14.668	29.296	0	18.857
swarm_8_173.pdb	12.681	22.799	0	18.851
swarm_22_120.pdb	14.995	34.433	0	18.843
swarm_4_83.pdb	13.215	31.527	0.097561	18.842
swarm_19_148.pdb	9.667	19.804	0	18.742
swarm_10_81.pdb	13.066	21.984	0	18.714
swarm_55_48.pdb	13.612	25.750	0	18.704
swarm_54_135.pdb	14.645	34.876	0	18.689
swarm_50_75.pdb	17.049	37.099	0	18.668
swarm_7_197.pdb	14.102	35.985	0	18.649
swarm_34_164.pdb	13.671	27.024	0	18.636
swarm_24_25.pdb	14.084	25.664	0.0243902	18.576
swarm_48_138.pdb	14.441	42.164	0	18.483
swarm_30_17.pdb	7.987	19.854	0.097561	18.482
swarm_42_168.pdb	14.441	36.642	0	18.475
swarm_24_174.pdb	7.127	19.528	0.121951	18.468
swarm_12_163.pdb	11.827	26.627	0	18.441
swarm_12_72.pdb	12.009	20.180	0	18.435
swarm_1_43.pdb	11.704	27.547	0	18.434
swarm_56_144.pdb	8.572	21.856	0.0731707	18.351
swarm_18_75.pdb	15.002	26.633	0	18.300
swarm_13_77.pdb	13.494	29.821	0	18.110
swarm_36_151.pdb	14.541	30.675	0	18.078
swarm_12_171.pdb	14.678	32.166	0	18.063
swarm_15_192.pdb	14.423	35.256	0	18.060
swarm_39_175.pdb	15.003	36.274	0	18.041
swarm_4_55.pdb	9.300	32.309	0.170732	18.011
swarm_37_87.pdb	14.595	30.695	0	17.920
swarm_25_24.pdb	14.498	33.255	0.0243902	17.854
swarm_39_70.pdb	14.477	38.444	0	17.849
swarm_18_149.pdb	16.613	28.661	0	17.846
swarm_58_183.pdb	15.929	28.287	0	17.806
swarm_4_51.pdb	11.791	32.601	0	17.720
swarm_2_151.pdb	11.078	21.242	0	17.700
swarm_32_191.pdb	7.477	18.939	0	17.636
swarm_6_187.pdb	15.057	35.957	0	17.612
swarm_24_128.pdb	14.470	26.364	0	17.591
swarm_54_23.pdb	7.799	27.262	0.0487805	17.501
swarm_51_180.pdb	17.074	35.989	0	17.464
swarm_21_47.pdb	17.203	31.786	0	17.438
swarm_19_52.pdb	8.903	18.344	0.0243902	17.405
swarm_25_46.pdb	13.138	23.542	0	17.390
swarm_23_166.pdb	11.979	27.703	0.0487805	17.342
swarm_36_154.pdb	9.027	32.381	0.0731707	17.331
swarm_16_68.pdb	13.700	22.478	0	17.288
swarm_16_32.pdb	14.309	22.396	0	17.172
swarm_16_150.pdb	11.091	24.790	0	17.156
swarm_23_171.pdb	5.747	16.104	0.146341	17.133
swarm_23_96.pdb	14.589	29.758	0	17.091
swarm_35_177.pdb	6.267	16.811	0.0731707	17.057
swarm_23_63.pdb	15.392	34.639	0.0731707	17.023
swarm_50_133.pdb	18.636	41.269	0	17.018
swarm_44_87.pdb	14.119	21.966	0	17.017
swarm_55_59.pdb	10.678	20.292	0.0243902	17.014
swarm_8_106.pdb	17.819	31.362	0	16.999
swarm_40_160.pdb	10.485	19.332	0.0243902	16.973
swarm_1_4.pdb	12.874	30.644	0	16.900
swarm_31_170.pdb	13.760	32.056	0	16.865
swarm_22_59.pdb	14.940	26.700	0	16.832
swarm_50_139.pdb	16.848	41.315	0	16.827
swarm_0_32.pdb	13.297	23.370	0	16.790
swarm_40_154.pdb	11.877	26.084	0.0487805	16.768
swarm_55_149.pdb	13.482	23.014	0	16.767
swarm_39_177.pdb	16.389	38.796	0	16.573
swarm_54_42.pdb	15.819	31.499	0	16.508
swarm_5_175.pdb	10.549	37.250	0.097561	16.436
swarm_53_60.pdb	11.284	33.301	0	16.421
swarm_4_130.pdb	5.891	18.101	0.195122	16.370
swarm_17_55.pdb	14.320	28.311	0	16.294
swarm_32_3.pdb	15.932	30.041	0	16.255
swarm_32_120.pdb	14.912	27.719	0.0731707	16.237
swarm_13_85.pdb	14.488	30.261	0	16.216
swarm_32_64.pdb	13.386	23.125	0	16.156
swarm_50_68.pdb	16.221	29.642	0	16.100
swarm_13_126.pdb	9.498	31.534	0	16.057
swarm_15_60.pdb	15.325	29.958	0	16.041
swarm_54_67.pdb	14.382	39.608	0.0243902	16.037
swarm_37_69.pdb	12.451	20.199	0	16.018
swarm_15_130.pdb	13.703	25.831	0	15.924
swarm_43_4.pdb	8.993	24.443	0.0243902	15.836
swarm_35_192.pdb	13.190	26.464	0	15.828
swarm_51_102.pdb	14.405	30.808	0	15.798
swarm_19_101.pdb	7.640	19.063	0.0243902	15.635
swarm_34_140.pdb	15.857	32.103	0.0731707	15.604
swarm_50_177.pdb	14.717	40.143	0	15.599
swarm_50_47.pdb	15.438	28.608	0	15.586
swarm_30_153.pdb	8.015	27.948	0	15.509
swarm_17_109.pdb	13.419	27.880	0	15.452
swarm_40_99.pdb	13.660	25.879	0	15.428
swarm_37_23.pdb	15.113	30.296	0	15.415
swarm_16_157.pdb	13.552	23.013	0	15.415
swarm_20_174.pdb	14.903	44.425	0.0243902	15.317
swarm_54_55.pdb	9.718	32.671	0.0243902	15.255
swarm_13_62.pdb	15.032	30.253	0	15.248
swarm_54_41.pdb	8.987	34.054	0.097561	15.184
swarm_45_117.pdb	7.270	16.155	0.0731707	15.179
swarm_17_89.pdb	14.137	23.186	0	15.145
swarm_34_18.pdb	5.899	22.920	0.0487805	15.056
swarm_35_60.pdb	13.169	20.737	0	15.028
swarm_23_5.pdb	10.478	30.243	0.097561	14.922
swarm_1_99.pdb	17.247	30.925	0	14.890
swarm_15_93.pdb	13.277	21.801	0	14.880
swarm_42_123.pdb	13.474	37.788	0.0487805	14.856
swarm_37_97.pdb	11.777	21.460	0	14.820
swarm_15_67.pdb	15.483	33.368	0	14.767
swarm_26_167.pdb	14.860	33.971	0.0731707	14.687
swarm_24_115.pdb	6.141	18.537	0.0731707	14.606
swarm_34_2.pdb	13.709	22.433	0	14.519
swarm_32_40.pdb	15.351	28.053	0	14.496
swarm_23_82.pdb	12.283	30.121	0	14.487
swarm_41_29.pdb	14.308	37.924	0	14.374
swarm_37_32.pdb	10.950	24.390	0.0243902	14.373
swarm_51_90.pdb	16.818	35.414	0	14.342
swarm_40_40.pdb	14.491	23.682	0.0243902	14.342
swarm_35_164.pdb	5.271	11.846	0.121951	14.304
swarm_17_18.pdb	10.944	28.005	0.097561	14.097
swarm_34_83.pdb	10.785	25.606	0.0487805	14.085
swarm_35_116.pdb	9.409	20.531	0.0487805	14.056
swarm_32_90.pdb	13.991	33.510	0	13.994
swarm_1_53.pdb	12.083	21.856	0	13.943
swarm_36_113.pdb	8.620	20.103	0	13.931
swarm_22_159.pdb	11.561	28.717	0	13.883
swarm_0_18.pdb	14.566	24.048	0	13.823
swarm_34_145.pdb	15.951	30.005	0.0243902	13.819
swarm_23_14.pdb	13.754	32.341	0	13.813
swarm_42_104.pdb	14.519	27.377	0	13.772
swarm_16_4.pdb	13.945	20.421	0	13.761
swarm_0_17.pdb	16.121	24.864	0	13.732
swarm_13_68.pdb	8.340	27.260	0.0243902	13.670
swarm_17_147.pdb	11.378	21.246	0.0487805	13.517
swarm_20_71.pdb	12.050	42.403	0.146341	13.342
swarm_7_50.pdb	17.574	34.047	0	13.231
swarm_16_40.pdb	7.230	16.568	0.121951	13.229
swarm_31_93.pdb	13.257	34.243	0	13.216
swarm_12_11.pdb	13.091	25.359	0	13.182
swarm_15_13.pdb	14.166	26.857	0	13.177
swarm_15_180.pdb	13.965	26.433	0	13.031
swarm_34_109.pdb	13.612	24.828	0	13.023
swarm_15_169.pdb	14.190	24.715	0	12.950
swarm_16_139.pdb	9.532	20.704	0.0731707	12.915
swarm_40_189.pdb	12.515	23.823	0	12.817
swarm_30_46.pdb	7.534	21.788	0.195122	12.764
swarm_8_161.pdb	8.686	22.571	0	12.743
swarm_34_125.pdb	8.853	21.834	0.0243902	12.733
swarm_20_104.pdb	13.847	36.843	0	12.609
swarm_18_170.pdb	12.742	23.068	0	12.587
swarm_37_159.pdb	15.297	26.093	0	12.579
swarm_34_134.pdb	13.606	22.752	0	12.578
swarm_44_146.pdb	14.936	24.447	0	12.546
swarm_31_129.pdb	13.095	33.620	0	12.475
swarm_32_123.pdb	17.213	31.235	0	12.465
swarm_38_56.pdb	10.169	16.482	0	12.408
swarm_21_54.pdb	20.406	39.609	0	12.292
swarm_12_39.pdb	9.914	28.479	0	12.266
swarm_35_108.pdb	13.651	24.903	0	12.131
swarm_51_140.pdb	16.944	36.165	0	12.121
swarm_22_62.pdb	10.417	33.723	0	11.870
swarm_23_149.pdb	15.429	34.689	0	11.711
swarm_54_108.pdb	12.971	29.886	0	11.413
swarm_27_85.pdb	17.093	41.305	0	11.258
swarm_4_82.pdb	14.292	25.262	0	10.905
swarm_56_14.pdb	14.641	24.457	0.0731707	10.751
swarm_44_123.pdb	14.152	27.363	0	10.750
swarm_1_154.pdb	15.920	29.664	0	10.718
swarm_15_92.pdb	12.147	35.500	0	10.384
swarm_32_53.pdb	13.638	31.232	0	10.356
swarm_54_115.pdb	11.623	24.885	0	10.316
swarm_24_167.pdb	14.427	23.195	0	10.315
swarm_43_44.pdb	13.680	23.521	0	10.059
swarm_30_100.pdb	11.114	23.344	0	10.055
swarm_50_126.pdb	12.558	33.074	0	9.793
swarm_34_179.pdb	13.876	24.472	0	9.443
swarm_13_152.pdb	14.126	36.952	0	9.042
swarm_36_137.pdb	8.391	18.479	0	8.607
swarm_22_129.pdb	13.492	34.820	0	8.471
swarm_6_28.pdb	14.150	34.575	0.0243902	8.405
swarm_37_129.pdb	13.686	29.019	0	8.178
swarm_13_128.pdb	13.683	35.975	0	7.816
swarm_19_92.pdb	9.476	16.593	0	7.679
swarm_18_158.pdb	13.811	25.594	0	7.504
swarm_4_108.pdb	8.528	21.742	0	7.221
swarm_43_62.pdb	13.340	32.825	0	6.641
swarm_26_28.pdb	14.787	28.289	0	4.154
swarm_5_104.pdb	8.306	31.337	0.0487805	3.167
swarm_7_82.pdb	12.316	36.167	0.170732	2.398
swarm_35_148.pdb	14.926	26.162	0	1.492
