swarm_7_18.pdb	13.275	31.761	0.0243902	37.755
swarm_22_118.pdb	8.975	21.018	0	35.849
swarm_41_184.pdb	13.599	45.254	0.0731707	35.376
swarm_17_197.pdb	9.955	30.838	0.219512	34.233
swarm_53_5.pdb	14.305	35.570	0	33.560
swarm_20_29.pdb	13.317	39.428	0.0487805	32.993
swarm_16_140.pdb	15.389	29.187	0	31.806
swarm_50_187.pdb	15.725	39.515	0.097561	30.974
swarm_12_48.pdb	13.534	28.449	0.0487805	30.856
swarm_40_178.pdb	11.059	41.516	0	30.347
swarm_28_31.pdb	12.734	39.673	0	29.662
swarm_47_16.pdb	14.890	27.668	0	29.174
swarm_46_77.pdb	15.342	30.249	0	29.079
swarm_19_48.pdb	7.041	20.751	0.0731707	28.960
swarm_35_197.pdb	13.193	39.375	0	28.754
swarm_32_160.pdb	8.142	20.528	0.0487805	28.745
swarm_1_195.pdb	16.287	35.721	0	28.424
swarm_37_26.pdb	16.587	30.268	0.0243902	28.319
swarm_39_20.pdb	17.378	32.193	0	27.974
swarm_1_81.pdb	13.349	23.034	0	27.845
swarm_16_1.pdb	8.853	31.774	0.146341	27.642
swarm_45_191.pdb	14.568	28.081	0.0243902	27.583
swarm_0_32.pdb	8.977	15.785	0	27.539
swarm_32_21.pdb	14.848	26.387	0.0243902	27.514
swarm_36_82.pdb	8.524	15.897	0	27.394
swarm_34_51.pdb	8.332	19.436	0	27.356
swarm_0_108.pdb	9.734	18.049	0.097561	27.336
swarm_47_194.pdb	16.203	31.490	0.0487805	27.130
swarm_57_187.pdb	13.504	24.169	0.0243902	27.126
swarm_52_191.pdb	12.834	29.392	0	26.860
swarm_0_48.pdb	14.431	26.820	0.0487805	26.858
swarm_34_188.pdb	17.750	33.256	0	26.838
swarm_9_197.pdb	15.751	40.408	0	26.566
swarm_35_56.pdb	13.343	26.833	0	26.485
swarm_18_36.pdb	14.211	25.363	0	26.393
swarm_3_73.pdb	16.756	30.651	0.0243902	26.331
swarm_0_26.pdb	8.912	17.998	0	26.275
swarm_0_120.pdb	11.964	23.085	0.0487805	26.182
swarm_18_183.pdb	14.748	26.214	0.0243902	26.055
swarm_51_3.pdb	15.307	40.815	0.146341	25.838
swarm_36_111.pdb	9.077	17.893	0.0243902	25.726
swarm_24_186.pdb	15.792	44.500	0	25.633
swarm_16_144.pdb	14.938	30.123	0.0243902	25.612
swarm_40_40.pdb	17.478	40.162	0	25.488
swarm_8_155.pdb	13.955	38.235	0.0243902	25.396
swarm_22_40.pdb	12.292	35.938	0	25.310
swarm_39_16.pdb	11.568	33.668	0.170732	25.273
swarm_13_138.pdb	13.171	32.103	0	25.236
swarm_38_145.pdb	7.461	14.569	0.0731707	25.209
swarm_20_60.pdb	14.974	36.433	0	25.176
swarm_5_88.pdb	10.043	35.227	0	25.162
swarm_43_83.pdb	12.557	26.623	0.0243902	25.114
swarm_43_95.pdb	10.068	32.137	0.097561	24.822
swarm_0_38.pdb	6.386	12.247	0.121951	24.797
swarm_16_91.pdb	13.302	23.628	0	24.781
swarm_45_98.pdb	14.951	32.036	0.0731707	24.776
swarm_30_85.pdb	9.904	19.763	0	24.763
swarm_38_36.pdb	11.886	41.108	0	24.747
swarm_50_194.pdb	15.941	41.180	0	24.734
swarm_13_16.pdb	15.245	39.363	0.146341	24.729
swarm_1_174.pdb	9.333	19.261	0	24.637
swarm_19_104.pdb	14.321	28.902	0	24.608
swarm_10_182.pdb	12.603	23.152	0	24.603
swarm_26_87.pdb	12.808	34.418	0	24.602
swarm_20_28.pdb	15.405	36.553	0	24.601
swarm_31_76.pdb	12.689	28.349	0	24.561
swarm_48_63.pdb	14.852	34.222	0	24.530
swarm_48_97.pdb	10.732	35.057	0.0487805	24.502
swarm_19_61.pdb	16.004	30.171	0	24.430
swarm_30_79.pdb	10.748	24.775	0	24.366
swarm_45_82.pdb	14.138	25.991	0	24.276
swarm_5_73.pdb	17.564	39.049	0	24.271
swarm_30_35.pdb	13.110	22.084	0	24.205
swarm_34_124.pdb	8.855	23.946	0.097561	24.182
swarm_31_149.pdb	14.077	25.595	0	24.175
swarm_25_120.pdb	16.264	34.916	0	24.122
swarm_20_45.pdb	14.345	36.959	0	24.090
swarm_46_186.pdb	11.831	34.852	0	24.073
swarm_21_29.pdb	10.113	17.731	0	24.036
swarm_48_78.pdb	10.863	37.643	0	24.005
swarm_20_97.pdb	14.005	42.665	0	23.980
swarm_1_149.pdb	12.840	24.507	0	23.948
swarm_23_123.pdb	14.883	33.012	0.0731707	23.713
swarm_39_165.pdb	11.631	33.380	0	23.709
swarm_51_37.pdb	15.533	30.362	0	23.690
swarm_27_151.pdb	15.573	35.599	0.0731707	23.645
swarm_6_55.pdb	11.306	33.905	0.0243902	23.634
swarm_31_8.pdb	8.178	14.088	0.0487805	23.621
swarm_45_34.pdb	16.444	28.566	0	23.569
swarm_55_185.pdb	13.493	24.705	0	23.566
swarm_23_179.pdb	15.839	36.133	0	23.542
swarm_37_23.pdb	11.495	25.242	0	23.451
swarm_4_194.pdb	16.278	33.241	0	23.445
swarm_27_191.pdb	17.198	41.592	0	23.355
swarm_16_124.pdb	8.024	13.125	0	23.316
swarm_40_81.pdb	9.749	20.323	0.0243902	23.269
swarm_10_88.pdb	14.197	40.312	0.0731707	23.231
swarm_19_38.pdb	14.150	28.607	0.0243902	23.181
swarm_19_121.pdb	13.733	29.687	0.0243902	23.178
swarm_42_193.pdb	8.037	21.197	0	23.090
swarm_22_58.pdb	17.168	37.438	0	22.988
swarm_21_198.pdb	8.077	16.535	0	22.967
swarm_57_199.pdb	14.992	29.646	0.0243902	22.891
swarm_21_94.pdb	11.571	27.240	0	22.813
swarm_6_20.pdb	13.735	37.486	0.0731707	22.791
swarm_30_14.pdb	8.313	19.237	0	22.764
swarm_36_63.pdb	13.399	25.866	0	22.763
swarm_48_94.pdb	14.000	28.735	0.0243902	22.745
swarm_0_80.pdb	10.168	21.889	0.0243902	22.736
swarm_15_82.pdb	14.162	26.178	0.0243902	22.715
swarm_19_162.pdb	8.332	17.038	0	22.709
swarm_35_174.pdb	14.630	26.521	0.0487805	22.689
swarm_38_69.pdb	7.893	14.772	0	22.685
swarm_54_56.pdb	15.201	38.889	0.0731707	22.632
swarm_41_95.pdb	16.015	35.442	0.0243902	22.606
swarm_36_30.pdb	13.213	36.040	0.0487805	22.540
swarm_27_36.pdb	16.570	35.814	0	22.529
swarm_37_80.pdb	7.953	12.869	0	22.516
swarm_20_131.pdb	16.308	38.548	0	22.469
swarm_12_52.pdb	14.199	28.566	0	22.460
swarm_31_24.pdb	14.726	33.242	0	22.436
swarm_49_182.pdb	16.807	35.618	0	22.387
swarm_49_153.pdb	14.241	28.570	0	22.384
swarm_39_149.pdb	17.475	39.579	0	22.320
swarm_17_53.pdb	6.865	21.016	0.0243902	22.245
swarm_30_68.pdb	15.574	25.462	0	22.191
swarm_38_173.pdb	16.924	41.311	0	22.182
swarm_45_89.pdb	13.802	24.101	0	22.169
swarm_35_94.pdb	13.635	22.747	0	22.155
swarm_12_102.pdb	17.039	30.345	0	22.116
swarm_9_82.pdb	10.401	33.006	0.0487805	22.105
swarm_6_17.pdb	15.839	40.885	0	22.103
swarm_27_176.pdb	15.932	37.232	0	22.103
swarm_30_49.pdb	13.395	22.590	0	22.046
swarm_37_139.pdb	6.703	19.357	0.121951	21.942
swarm_38_122.pdb	13.431	24.153	0.0487805	21.940
swarm_41_58.pdb	12.643	36.511	0	21.926
swarm_7_193.pdb	14.103	38.982	0.0243902	21.847
swarm_47_97.pdb	14.435	28.724	0.0243902	21.834
swarm_26_39.pdb	15.857	32.146	0	21.829
swarm_2_83.pdb	17.418	38.921	0	21.776
swarm_7_115.pdb	16.641	34.231	0.0243902	21.759
swarm_41_144.pdb	15.273	31.406	0.0487805	21.757
swarm_19_139.pdb	13.420	24.182	0	21.744
swarm_17_175.pdb	14.170	26.164	0	21.743
swarm_45_103.pdb	14.225	27.094	0.0243902	21.727
swarm_21_40.pdb	11.269	33.903	0.097561	21.643
swarm_17_195.pdb	13.692	26.174	0	21.618
swarm_12_15.pdb	10.235	26.076	0.0487805	21.618
swarm_0_136.pdb	13.813	28.685	0	21.601
swarm_43_28.pdb	7.029	18.580	0.097561	21.589
swarm_39_15.pdb	12.150	37.715	0	21.580
swarm_54_39.pdb	15.584	35.908	0	21.569
swarm_2_158.pdb	17.312	30.091	0	21.568
swarm_28_5.pdb	10.017	32.338	0.0243902	21.546
swarm_4_136.pdb	15.114	30.319	0	21.528
swarm_32_38.pdb	13.311	32.713	0.0243902	21.522
swarm_30_2.pdb	12.122	27.837	0	21.449
swarm_41_140.pdb	10.885	34.626	0.0731707	21.353
swarm_9_96.pdb	17.648	42.816	0	21.334
swarm_4_148.pdb	11.629	37.571	0	21.332
swarm_30_69.pdb	8.756	29.179	0.170732	21.281
swarm_43_172.pdb	11.163	33.078	0	21.266
swarm_41_141.pdb	12.066	36.585	0	21.250
swarm_12_38.pdb	14.210	33.021	0	21.229
swarm_12_74.pdb	7.578	15.602	0.0731707	21.202
swarm_18_38.pdb	17.241	32.172	0	21.200
swarm_43_6.pdb	8.193	17.496	0	21.196
swarm_35_129.pdb	15.080	38.578	0.0487805	21.185
swarm_32_19.pdb	15.013	27.972	0	21.144
swarm_45_154.pdb	9.343	18.133	0	21.134
swarm_12_150.pdb	9.716	18.209	0.0487805	21.116
swarm_3_154.pdb	8.777	30.555	0.0243902	21.114
swarm_41_152.pdb	12.596	42.432	0.121951	21.064
swarm_3_142.pdb	11.955	27.835	0	21.039
swarm_19_32.pdb	17.619	33.037	0	21.018
swarm_23_118.pdb	9.115	28.384	0.0243902	20.970
swarm_35_23.pdb	8.213	16.524	0.0731707	20.953
swarm_29_25.pdb	17.091	38.309	0	20.950
swarm_36_182.pdb	9.546	26.451	0.0731707	20.855
swarm_45_187.pdb	12.164	23.178	0	20.849
swarm_56_51.pdb	17.298	33.595	0	20.822
swarm_8_56.pdb	13.025	27.806	0	20.800
swarm_25_188.pdb	13.527	29.948	0	20.743
swarm_26_10.pdb	15.451	36.447	0	20.730
swarm_2_71.pdb	12.232	37.375	0.0731707	20.671
swarm_13_110.pdb	11.136	24.057	0	20.664
swarm_2_31.pdb	18.604	36.047	0	20.646
swarm_23_165.pdb	9.301	20.441	0.097561	20.627
swarm_0_146.pdb	14.604	25.479	0	20.595
swarm_9_48.pdb	12.238	36.972	0.0731707	20.564
swarm_17_97.pdb	13.874	29.548	0	20.553
swarm_3_0.pdb	15.260	32.450	0.0487805	20.527
swarm_45_85.pdb	16.633	30.086	0	20.523
swarm_44_163.pdb	19.778	45.288	0	20.464
swarm_7_136.pdb	16.029	38.055	0	20.459
swarm_30_28.pdb	8.669	18.640	0	20.447
swarm_47_69.pdb	15.212	30.504	0	20.441
swarm_47_143.pdb	10.887	28.201	0	20.415
swarm_12_160.pdb	8.676	17.901	0.0731707	20.358
swarm_18_72.pdb	16.377	40.058	0	20.357
swarm_25_167.pdb	9.598	19.864	0	20.285
swarm_41_61.pdb	16.368	38.029	0	20.259
swarm_19_66.pdb	15.083	27.616	0	20.257
swarm_4_67.pdb	12.210	28.883	0	20.246
swarm_19_154.pdb	14.440	27.607	0.0243902	20.243
swarm_33_113.pdb	11.045	33.556	0.0731707	20.230
swarm_45_183.pdb	13.294	28.986	0.0731707	20.225
swarm_50_76.pdb	18.551	40.929	0	20.193
swarm_32_146.pdb	11.433	20.306	0	20.153
swarm_30_73.pdb	13.230	26.231	0	20.143
swarm_21_53.pdb	14.348	33.030	0	20.131
swarm_3_100.pdb	16.388	36.850	0	20.118
swarm_15_128.pdb	14.745	26.518	0	20.103
swarm_10_28.pdb	13.235	39.784	0	20.096
swarm_39_190.pdb	10.327	29.770	0.0487805	20.092
swarm_9_185.pdb	15.443	26.573	0	20.069
swarm_43_105.pdb	15.263	31.879	0	20.052
swarm_47_37.pdb	16.189	31.778	0	19.986
swarm_55_29.pdb	7.431	18.969	0.0487805	19.980
swarm_38_177.pdb	12.310	23.441	0	19.940
swarm_33_137.pdb	17.351	38.390	0	19.920
swarm_21_112.pdb	12.542	29.386	0.0731707	19.918
swarm_16_87.pdb	7.977	13.949	0	19.909
swarm_35_158.pdb	13.831	24.349	0	19.906
swarm_17_126.pdb	8.509	15.581	0	19.905
swarm_31_117.pdb	13.282	26.830	0	19.902
swarm_55_182.pdb	13.429	23.319	0	19.894
swarm_50_103.pdb	15.931	37.275	0	19.883
swarm_14_149.pdb	12.026	45.715	0	19.861
swarm_0_181.pdb	14.299	24.562	0	19.859
swarm_40_73.pdb	14.238	24.341	0	19.841
swarm_17_148.pdb	14.342	24.813	0	19.826
swarm_12_64.pdb	14.812	31.217	0.0243902	19.819
swarm_40_76.pdb	4.841	14.428	0.390244	19.782
swarm_16_150.pdb	13.599	25.753	0	19.781
swarm_7_156.pdb	12.862	30.128	0	19.772
swarm_4_59.pdb	13.149	40.025	0.0487805	19.746
swarm_48_22.pdb	12.079	35.632	0	19.704
swarm_18_32.pdb	12.848	40.689	0	19.684
swarm_43_63.pdb	15.495	29.402	0	19.683
swarm_6_139.pdb	10.631	25.713	0	19.681
swarm_10_21.pdb	14.985	40.223	0.0243902	19.674
swarm_23_46.pdb	15.521	28.477	0	19.580
swarm_21_12.pdb	13.476	31.947	0	19.563
swarm_26_170.pdb	20.826	44.650	0	19.550
swarm_17_46.pdb	15.705	34.519	0	19.504
swarm_9_95.pdb	16.660	35.838	0	19.494
swarm_49_72.pdb	14.588	29.478	0	19.488
swarm_25_110.pdb	14.745	33.918	0	19.437
swarm_24_134.pdb	12.588	22.847	0	19.435
swarm_34_100.pdb	13.782	31.132	0.097561	19.427
swarm_38_48.pdb	10.686	25.583	0	19.410
swarm_26_148.pdb	12.967	37.520	0	19.374
swarm_48_65.pdb	11.080	36.234	0	19.343
swarm_10_64.pdb	12.541	28.854	0	19.302
swarm_23_135.pdb	14.011	28.603	0	19.301
swarm_18_98.pdb	11.791	24.869	0	19.297
swarm_47_148.pdb	14.585	33.022	0	19.286
swarm_6_163.pdb	17.397	39.535	0	19.274
swarm_16_167.pdb	13.593	26.683	0.097561	19.229
swarm_16_110.pdb	15.784	28.477	0	19.210
swarm_4_84.pdb	12.817	41.325	0.097561	19.190
swarm_35_199.pdb	16.171	31.961	0	19.158
swarm_23_167.pdb	14.627	32.517	0	19.157
swarm_48_72.pdb	16.773	34.576	0.0243902	19.136
swarm_27_74.pdb	16.072	38.380	0	19.130
swarm_13_75.pdb	15.474	28.868	0	19.101
swarm_19_70.pdb	14.691	28.409	0	19.054
swarm_15_25.pdb	13.584	24.106	0	19.045
swarm_40_158.pdb	17.502	36.375	0	19.003
swarm_25_153.pdb	15.771	30.008	0	19.001
swarm_4_14.pdb	16.667	34.517	0	18.999
swarm_36_23.pdb	14.172	31.246	0.0731707	18.986
swarm_29_100.pdb	15.793	39.367	0	18.985
swarm_43_78.pdb	16.452	27.248	0	18.975
swarm_7_75.pdb	14.776	34.070	0	18.970
swarm_27_173.pdb	17.998	38.924	0	18.916
swarm_15_198.pdb	12.105	28.408	0	18.895
swarm_3_181.pdb	11.010	35.827	0	18.891
swarm_8_76.pdb	14.896	27.855	0	18.867
swarm_34_143.pdb	12.682	30.272	0	18.866
swarm_58_167.pdb	14.668	29.296	0	18.857
swarm_8_173.pdb	12.681	22.799	0	18.851
swarm_31_34.pdb	13.933	26.437	0	18.849
swarm_22_120.pdb	14.995	34.433	0	18.843
swarm_4_83.pdb	13.215	31.527	0.097561	18.842
swarm_2_130.pdb	19.714	38.444	0	18.790
swarm_40_127.pdb	18.100	49.727	0.0243902	18.755
swarm_39_132.pdb	15.445	27.136	0	18.742
swarm_19_148.pdb	9.667	19.804	0	18.742
swarm_41_57.pdb	14.215	27.065	0	18.735
swarm_12_147.pdb	15.574	27.889	0	18.720
swarm_10_81.pdb	13.066	21.984	0	18.714
swarm_55_48.pdb	13.612	25.750	0	18.704
swarm_54_135.pdb	14.645	34.876	0	18.689
swarm_50_75.pdb	17.049	37.099	0	18.668
swarm_7_197.pdb	14.102	35.985	0	18.649
swarm_34_164.pdb	13.671	27.024	0	18.636
swarm_5_188.pdb	18.344	34.550	0	18.615
swarm_40_47.pdb	13.968	34.554	0.0487805	18.598
swarm_24_25.pdb	14.084	25.664	0.0243902	18.576
swarm_12_9.pdb	7.749	17.870	0.0243902	18.540
swarm_14_133.pdb	18.284	44.061	0	18.538
swarm_24_167.pdb	15.777	42.130	0	18.528
swarm_38_12.pdb	12.051	40.429	0	18.522
swarm_12_171.pdb	15.173	24.851	0	18.502
swarm_48_138.pdb	14.441	42.164	0	18.483
swarm_30_17.pdb	7.987	19.854	0.097561	18.482
swarm_42_168.pdb	14.441	36.642	0	18.475
swarm_24_174.pdb	7.127	19.528	0.121951	18.468
swarm_25_178.pdb	13.193	40.602	0.097561	18.452
swarm_12_163.pdb	11.827	26.627	0	18.441
swarm_12_72.pdb	12.009	20.180	0	18.435
swarm_1_43.pdb	11.704	27.547	0	18.434
swarm_7_68.pdb	13.602	36.545	0.0487805	18.428
swarm_43_195.pdb	16.514	33.394	0	18.427
swarm_48_196.pdb	14.932	35.814	0	18.391
swarm_13_68.pdb	11.820	21.761	0	18.375
swarm_0_192.pdb	11.205	24.912	0.0243902	18.368
swarm_56_144.pdb	8.572	21.856	0.0731707	18.351
swarm_11_41.pdb	13.021	38.577	0	18.321
swarm_18_75.pdb	15.002	26.633	0	18.300
swarm_19_179.pdb	9.851	29.526	0	18.242
swarm_20_133.pdb	12.429	39.231	0	18.225
swarm_1_38.pdb	7.705	19.069	0	18.201
swarm_16_39.pdb	17.376	32.895	0	18.199
swarm_12_12.pdb	16.808	27.997	0	18.158
swarm_13_77.pdb	13.494	29.821	0	18.110
swarm_26_18.pdb	16.842	38.042	0	18.081
swarm_36_151.pdb	14.541	30.675	0	18.078
swarm_48_0.pdb	15.261	29.229	0	18.066
swarm_36_148.pdb	10.539	33.878	0.0731707	18.064
swarm_18_60.pdb	17.942	37.760	0.0243902	18.063
swarm_12_171.pdb	14.678	32.166	0	18.063
swarm_15_192.pdb	14.423	35.256	0	18.060
swarm_39_175.pdb	15.003	36.274	0	18.041
swarm_4_55.pdb	9.300	32.309	0.170732	18.011
swarm_10_106.pdb	16.744	40.695	0	18.002
swarm_37_87.pdb	14.595	30.695	0	17.920
swarm_25_24.pdb	14.498	33.255	0.0243902	17.854
swarm_39_70.pdb	14.477	38.444	0	17.849
swarm_18_149.pdb	16.613	28.661	0	17.846
swarm_58_183.pdb	15.929	28.287	0	17.806
swarm_15_63.pdb	12.595	24.060	0.0731707	17.785
swarm_5_72.pdb	14.586	37.978	0	17.753
swarm_7_85.pdb	15.752	32.516	0	17.745
swarm_7_167.pdb	16.533	35.306	0	17.730
swarm_4_51.pdb	11.791	32.601	0	17.720
swarm_2_151.pdb	11.078	21.242	0	17.700
swarm_4_120.pdb	18.916	39.010	0	17.678
swarm_27_170.pdb	11.339	38.167	0	17.678
swarm_1_104.pdb	10.217	18.493	0	17.654
swarm_5_44.pdb	19.626	40.702	0	17.646
swarm_32_191.pdb	7.477	18.939	0	17.636
swarm_6_187.pdb	15.057	35.957	0	17.612
swarm_15_87.pdb	12.366	21.124	0	17.604
swarm_24_128.pdb	14.470	26.364	0	17.591
swarm_47_111.pdb	14.608	32.466	0	17.553
swarm_1_150.pdb	15.880	28.670	0	17.526
swarm_54_23.pdb	7.799	27.262	0.0487805	17.501
swarm_19_102.pdb	14.028	26.528	0	17.498
swarm_51_180.pdb	17.074	35.989	0	17.464
swarm_22_47.pdb	17.903	32.808	0	17.459
swarm_21_47.pdb	17.203	31.786	0	17.438
swarm_18_80.pdb	15.983	39.618	0	17.429
swarm_19_52.pdb	8.903	18.344	0.0243902	17.405
swarm_25_46.pdb	13.138	23.542	0	17.390
swarm_47_23.pdb	14.464	30.350	0	17.381
swarm_11_181.pdb	14.236	37.306	0.0487805	17.359
swarm_18_39.pdb	10.152	31.545	0	17.350
swarm_23_166.pdb	11.979	27.703	0.0487805	17.342
swarm_36_154.pdb	9.027	32.381	0.0731707	17.331
swarm_47_145.pdb	13.451	24.304	0	17.325
swarm_19_197.pdb	13.052	24.742	0	17.318
swarm_27_135.pdb	16.899	38.895	0	17.306
swarm_23_192.pdb	13.227	25.814	0	17.300
swarm_16_68.pdb	13.700	22.478	0	17.288
swarm_36_18.pdb	11.386	24.685	0	17.280
swarm_27_166.pdb	14.001	46.978	0	17.229
swarm_6_31.pdb	18.160	39.242	0	17.218
swarm_8_4.pdb	14.068	37.125	0	17.217
swarm_27_0.pdb	14.811	42.426	0.0487805	17.195
swarm_16_32.pdb	14.309	22.396	0	17.172
swarm_37_156.pdb	13.677	23.527	0	17.171
swarm_32_122.pdb	15.596	25.438	0	17.168
swarm_25_127.pdb	17.152	36.842	0	17.157
swarm_16_150.pdb	11.091	24.790	0	17.156
swarm_37_48.pdb	14.114	24.082	0	17.139
swarm_23_171.pdb	5.747	16.104	0.146341	17.133
swarm_7_77.pdb	12.861	29.009	0	17.116
swarm_44_198.pdb	18.622	38.789	0	17.113
swarm_23_96.pdb	14.589	29.758	0	17.091
swarm_43_138.pdb	18.441	36.947	0	17.088
swarm_35_177.pdb	6.267	16.811	0.0731707	17.057
swarm_23_63.pdb	15.392	34.639	0.0731707	17.023
swarm_50_133.pdb	18.636	41.269	0	17.018
swarm_44_87.pdb	14.119	21.966	0	17.017
swarm_55_59.pdb	10.678	20.292	0.0243902	17.014
swarm_31_82.pdb	12.712	22.624	0.0243902	17.014
swarm_50_154.pdb	15.212	44.684	0	17.013
swarm_8_106.pdb	17.819	31.362	0	16.999
swarm_25_66.pdb	18.822	38.308	0	16.981
swarm_26_187.pdb	21.050	48.405	0	16.978
swarm_40_160.pdb	10.485	19.332	0.0243902	16.973
swarm_7_86.pdb	13.472	29.266	0	16.953
swarm_38_61.pdb	14.175	37.427	0	16.942
swarm_25_190.pdb	10.373	39.433	0	16.941
swarm_27_125.pdb	13.540	41.218	0	16.934
swarm_14_54.pdb	15.330	47.035	0	16.927
swarm_1_4.pdb	12.874	30.644	0	16.900
swarm_4_52.pdb	14.336	42.879	0.0243902	16.894
swarm_4_56.pdb	11.206	28.158	0	16.879
swarm_31_170.pdb	13.760	32.056	0	16.865
swarm_48_121.pdb	15.942	29.621	0	16.859
swarm_34_132.pdb	16.109	26.838	0	16.844
swarm_22_59.pdb	14.940	26.700	0	16.832
swarm_50_139.pdb	16.848	41.315	0	16.827
swarm_16_157.pdb	13.147	25.365	0	16.827
swarm_25_99.pdb	14.984	38.000	0	16.826
swarm_23_97.pdb	12.762	31.110	0	16.815
swarm_41_149.pdb	15.639	34.179	0	16.796
swarm_44_187.pdb	16.605	39.098	0	16.790
swarm_0_32.pdb	13.297	23.370	0	16.790
swarm_40_154.pdb	11.877	26.084	0.0487805	16.768
swarm_55_149.pdb	13.482	23.014	0	16.767
swarm_15_169.pdb	13.625	20.956	0	16.694
swarm_41_77.pdb	9.634	38.466	0.0243902	16.677
swarm_44_119.pdb	18.020	48.394	0.0487805	16.608
swarm_39_177.pdb	16.389	38.796	0	16.573
swarm_50_61.pdb	18.591	41.429	0	16.557
swarm_50_119.pdb	18.150	44.310	0	16.530
swarm_18_79.pdb	16.191	31.633	0	16.519
swarm_54_42.pdb	15.819	31.499	0	16.508
swarm_8_13.pdb	17.059	35.814	0	16.504
swarm_19_129.pdb	16.649	29.636	0	16.473
swarm_45_16.pdb	15.213	27.995	0	16.463
swarm_13_173.pdb	15.416	26.061	0	16.457
swarm_26_152.pdb	21.661	48.264	0	16.456
swarm_5_175.pdb	10.549	37.250	0.097561	16.436
swarm_53_60.pdb	11.284	33.301	0	16.421
swarm_38_190.pdb	9.063	30.362	0	16.420
swarm_4_130.pdb	5.891	18.101	0.195122	16.370
swarm_2_145.pdb	17.763	35.814	0	16.365
swarm_15_52.pdb	11.699	22.314	0	16.345
swarm_7_11.pdb	13.847	36.487	0	16.339
swarm_17_55.pdb	14.320	28.311	0	16.294
swarm_32_3.pdb	15.932	30.041	0	16.255
swarm_32_120.pdb	14.912	27.719	0.0731707	16.237
swarm_5_37.pdb	15.005	42.244	0	16.233
swarm_25_133.pdb	13.309	39.007	0.0487805	16.222
swarm_13_85.pdb	14.488	30.261	0	16.216
swarm_5_61.pdb	21.542	44.865	0	16.200
swarm_47_174.pdb	11.965	29.217	0	16.184
swarm_6_81.pdb	12.134	42.485	0	16.157
swarm_32_64.pdb	13.386	23.125	0	16.156
swarm_26_79.pdb	12.400	42.153	0.0731707	16.145
swarm_16_52.pdb	11.266	26.831	0.0731707	16.103
swarm_50_68.pdb	16.221	29.642	0	16.100
swarm_13_126.pdb	9.498	31.534	0	16.057
swarm_15_60.pdb	15.325	29.958	0	16.041
swarm_54_67.pdb	14.382	39.608	0.0243902	16.037
swarm_37_117.pdb	9.066	21.008	0.0243902	16.027
swarm_41_185.pdb	14.523	35.985	0	16.026
swarm_37_69.pdb	12.451	20.199	0	16.018
swarm_15_130.pdb	13.703	25.831	0	15.924
swarm_27_25.pdb	21.235	45.961	0	15.903
swarm_38_72.pdb	9.561	27.137	0	15.844
swarm_43_4.pdb	8.993	24.443	0.0243902	15.836
swarm_35_192.pdb	13.190	26.464	0	15.828
swarm_36_127.pdb	15.547	29.086	0	15.822
swarm_44_138.pdb	21.723	46.540	0	15.814
swarm_51_102.pdb	14.405	30.808	0	15.798
swarm_18_131.pdb	19.504	39.256	0	15.757
swarm_5_64.pdb	14.120	40.862	0	15.720
swarm_22_54.pdb	13.828	36.124	0	15.681
swarm_5_185.pdb	13.953	42.765	0.0487805	15.671
swarm_19_101.pdb	7.640	19.063	0.0243902	15.635
swarm_34_140.pdb	15.857	32.103	0.0731707	15.604
swarm_50_177.pdb	14.717	40.143	0	15.599
swarm_50_47.pdb	15.438	28.608	0	15.586
swarm_12_11.pdb	15.755	27.380	0	15.569
swarm_43_0.pdb	17.195	36.780	0	15.553
swarm_48_57.pdb	19.534	38.566	0	15.552
swarm_43_67.pdb	15.119	40.052	0	15.525
swarm_30_153.pdb	8.015	27.948	0	15.509
swarm_17_109.pdb	13.419	27.880	0	15.452
swarm_31_94.pdb	12.798	26.626	0.0487805	15.429
swarm_40_99.pdb	13.660	25.879	0	15.428
swarm_37_23.pdb	15.113	30.296	0	15.415
swarm_16_157.pdb	13.552	23.013	0	15.415
swarm_10_117.pdb	13.706	39.654	0	15.405
swarm_5_113.pdb	14.186	31.817	0	15.347
swarm_20_174.pdb	14.903	44.425	0.0243902	15.317
swarm_54_55.pdb	9.718	32.671	0.0243902	15.255
swarm_13_62.pdb	15.032	30.253	0	15.248
swarm_37_120.pdb	14.053	21.340	0	15.242
swarm_18_152.pdb	18.034	38.179	0	15.206
swarm_48_144.pdb	11.699	34.292	0.0487805	15.203
swarm_10_48.pdb	16.377	40.190	0	15.194
swarm_54_41.pdb	8.987	34.054	0.097561	15.184
swarm_45_117.pdb	7.270	16.155	0.0731707	15.179
swarm_17_89.pdb	14.137	23.186	0	15.145
swarm_34_18.pdb	5.899	22.920	0.0487805	15.056
swarm_35_60.pdb	13.169	20.737	0	15.028
swarm_50_111.pdb	15.387	45.512	0	15.012
swarm_30_86.pdb	11.948	21.128	0.0731707	15.002
swarm_4_191.pdb	15.281	32.949	0	14.948
swarm_23_5.pdb	10.478	30.243	0.097561	14.922
swarm_1_99.pdb	17.247	30.925	0	14.890
swarm_15_93.pdb	13.277	21.801	0	14.880
swarm_42_123.pdb	13.474	37.788	0.0487805	14.856
swarm_9_81.pdb	18.658	41.127	0	14.826
swarm_37_97.pdb	11.777	21.460	0	14.820
swarm_39_178.pdb	14.091	31.781	0.0243902	14.818
swarm_41_163.pdb	15.902	34.485	0	14.806
swarm_43_164.pdb	20.063	38.021	0	14.799
swarm_15_67.pdb	15.483	33.368	0	14.767
swarm_26_167.pdb	14.860	33.971	0.0731707	14.687
swarm_9_32.pdb	13.914	36.626	0	14.636
swarm_49_159.pdb	16.722	31.944	0	14.610
swarm_24_115.pdb	6.141	18.537	0.0731707	14.606
swarm_10_78.pdb	14.336	38.027	0.0487805	14.601
swarm_47_182.pdb	16.563	29.397	0	14.542
swarm_23_68.pdb	14.577	33.572	0	14.528
swarm_34_2.pdb	13.709	22.433	0	14.519
swarm_32_40.pdb	15.351	28.053	0	14.496
swarm_23_82.pdb	12.283	30.121	0	14.487
swarm_30_117.pdb	14.611	23.944	0	14.476
swarm_39_52.pdb	14.113	27.552	0	14.458
swarm_11_176.pdb	20.877	47.536	0	14.442
swarm_28_97.pdb	15.356	33.124	0	14.420
swarm_0_186.pdb	13.387	21.942	0	14.387
swarm_41_29.pdb	14.308	37.924	0	14.374
swarm_37_32.pdb	10.950	24.390	0.0243902	14.373
swarm_21_183.pdb	11.564	26.685	0.0243902	14.353
swarm_51_90.pdb	16.818	35.414	0	14.342
swarm_40_40.pdb	14.491	23.682	0.0243902	14.342
swarm_35_164.pdb	5.271	11.846	0.121951	14.304
swarm_26_133.pdb	16.169	40.995	0	14.162
swarm_3_164.pdb	19.437	38.567	0	14.102
swarm_17_18.pdb	10.944	28.005	0.097561	14.097
swarm_34_83.pdb	10.785	25.606	0.0487805	14.085
swarm_35_116.pdb	9.409	20.531	0.0487805	14.056
swarm_32_90.pdb	13.991	33.510	0	13.994
swarm_1_53.pdb	12.083	21.856	0	13.943
swarm_36_113.pdb	8.620	20.103	0	13.931
swarm_25_135.pdb	12.843	37.562	0	13.910
swarm_30_104.pdb	9.218	18.474	0	13.905
swarm_22_159.pdb	11.561	28.717	0	13.883
swarm_43_72.pdb	15.849	36.223	0	13.877
swarm_0_18.pdb	14.566	24.048	0	13.823
swarm_34_145.pdb	15.951	30.005	0.0243902	13.819
swarm_23_14.pdb	13.754	32.341	0	13.813
swarm_42_104.pdb	14.519	27.377	0	13.772
swarm_19_27.pdb	13.313	35.585	0	13.771
swarm_16_4.pdb	13.945	20.421	0	13.761
swarm_0_17.pdb	16.121	24.864	0	13.732
swarm_13_68.pdb	8.340	27.260	0.0243902	13.670
swarm_24_128.pdb	16.880	38.003	0	13.641
swarm_41_72.pdb	15.720	35.606	0	13.561
swarm_4_130.pdb	9.401	29.651	0.0731707	13.547
swarm_17_147.pdb	11.378	21.246	0.0487805	13.517
swarm_32_117.pdb	12.944	21.327	0	13.415
swarm_20_71.pdb	12.050	42.403	0.146341	13.342
swarm_7_50.pdb	17.574	34.047	0	13.231
swarm_16_40.pdb	7.230	16.568	0.121951	13.229
swarm_31_93.pdb	13.257	34.243	0	13.216
swarm_22_139.pdb	19.076	37.023	0	13.202
swarm_12_11.pdb	13.091	25.359	0	13.182
swarm_15_13.pdb	14.166	26.857	0	13.177
swarm_6_27.pdb	20.145	41.378	0	13.085
swarm_15_180.pdb	13.965	26.433	0	13.031
swarm_34_109.pdb	13.612	24.828	0	13.023
swarm_8_58.pdb	14.654	33.965	0	12.998
swarm_41_70.pdb	11.033	30.243	0	12.959
swarm_15_169.pdb	14.190	24.715	0	12.950
swarm_16_139.pdb	9.532	20.704	0.0731707	12.915
swarm_36_128.pdb	13.515	24.197	0	12.894
swarm_40_189.pdb	12.515	23.823	0	12.817
swarm_30_46.pdb	7.534	21.788	0.195122	12.764
swarm_8_161.pdb	8.686	22.571	0	12.743
swarm_38_16.pdb	17.531	38.108	0	12.734
swarm_34_125.pdb	8.853	21.834	0.0243902	12.733
swarm_5_104.pdb	16.104	35.187	0	12.718
swarm_38_109.pdb	18.102	36.198	0	12.672
swarm_20_104.pdb	13.847	36.843	0	12.609
swarm_22_86.pdb	16.794	39.908	0	12.601
swarm_50_166.pdb	17.270	45.537	0	12.599
swarm_18_170.pdb	12.742	23.068	0	12.587
swarm_37_159.pdb	15.297	26.093	0	12.579
swarm_34_134.pdb	13.606	22.752	0	12.578
swarm_34_152.pdb	14.889	29.040	0	12.576
swarm_38_15.pdb	8.746	32.465	0.170732	12.559
swarm_44_146.pdb	14.936	24.447	0	12.546
swarm_31_129.pdb	13.095	33.620	0	12.475
swarm_32_123.pdb	17.213	31.235	0	12.465
swarm_19_188.pdb	12.596	23.119	0	12.465
swarm_19_163.pdb	11.505	28.829	0	12.456
swarm_38_56.pdb	10.169	16.482	0	12.408
swarm_10_139.pdb	13.175	43.283	0	12.373
swarm_27_42.pdb	15.692	37.549	0	12.298
swarm_21_54.pdb	20.406	39.609	0	12.292
swarm_12_39.pdb	9.914	28.479	0	12.266
swarm_47_101.pdb	13.269	27.008	0	12.196
swarm_4_107.pdb	12.840	40.308	0	12.157
swarm_35_108.pdb	13.651	24.903	0	12.131
swarm_51_140.pdb	16.944	36.165	0	12.121
swarm_13_31.pdb	8.667	17.954	0.0243902	12.119
swarm_7_158.pdb	16.412	34.555	0	12.091
swarm_37_111.pdb	13.522	24.240	0	12.036
swarm_45_31.pdb	16.453	33.730	0	11.952
swarm_28_6.pdb	12.852	28.871	0.0243902	11.881
swarm_22_62.pdb	10.417	33.723	0	11.870
swarm_23_149.pdb	15.429	34.689	0	11.711
swarm_39_126.pdb	11.361	31.216	0	11.587
swarm_54_108.pdb	12.971	29.886	0	11.413
swarm_27_85.pdb	17.093	41.305	0	11.258
swarm_11_87.pdb	14.562	50.390	0	11.027
swarm_4_82.pdb	14.292	25.262	0	10.905
swarm_4_133.pdb	11.472	34.398	0	10.854
swarm_56_14.pdb	14.641	24.457	0.0731707	10.751
swarm_44_123.pdb	14.152	27.363	0	10.750
swarm_1_154.pdb	15.920	29.664	0	10.718
swarm_9_111.pdb	18.700	44.602	0	10.492
swarm_37_132.pdb	14.588	21.870	0	10.482
swarm_15_92.pdb	12.147	35.500	0	10.384
swarm_32_53.pdb	13.638	31.232	0	10.356
swarm_47_32.pdb	15.695	29.750	0	10.336
swarm_54_115.pdb	11.623	24.885	0	10.316
swarm_24_167.pdb	14.427	23.195	0	10.315
swarm_43_124.pdb	14.085	39.116	0.121951	10.115
swarm_43_44.pdb	13.680	23.521	0	10.059
swarm_30_100.pdb	11.114	23.344	0	10.055
swarm_50_126.pdb	12.558	33.074	0	9.793
swarm_34_179.pdb	13.876	24.472	0	9.443
swarm_13_152.pdb	14.126	36.952	0	9.042
swarm_36_137.pdb	8.391	18.479	0	8.607
swarm_22_129.pdb	13.492	34.820	0	8.471
swarm_6_28.pdb	14.150	34.575	0.0243902	8.405
swarm_37_129.pdb	13.686	29.019	0	8.178
swarm_13_128.pdb	13.683	35.975	0	7.816
swarm_19_92.pdb	9.476	16.593	0	7.679
swarm_18_158.pdb	13.811	25.594	0	7.504
swarm_25_27.pdb	17.881	36.786	0	7.258
swarm_4_108.pdb	8.528	21.742	0	7.221
swarm_43_44.pdb	13.239	28.670	0	6.798
swarm_43_62.pdb	13.340	32.825	0	6.641
swarm_25_146.pdb	20.201	43.445	0	5.382
swarm_9_69.pdb	17.621	41.438	0	4.375
swarm_26_28.pdb	14.787	28.289	0	4.154
swarm_34_7.pdb	17.365	33.956	0	3.926
swarm_5_104.pdb	8.306	31.337	0.0487805	3.167
swarm_38_147.pdb	12.252	45.192	0	3.084
swarm_26_48.pdb	14.700	43.063	0.0487805	2.406
swarm_32_186.pdb	14.608	24.116	0	2.404
swarm_7_82.pdb	12.316	36.167	0.170732	2.398
swarm_35_148.pdb	14.926	26.162	0	1.492
swarm_8_31.pdb	13.697	26.165	0	1.175
swarm_16_106.pdb	15.541	35.869	0	0.731
swarm_32_85.pdb	12.884	21.331	0	0.071
