swarm_28_106.pdb	3.008	4.105	0.585366	41.482
swarm_31_12.pdb	2.975	3.581	0.585366	40.366
swarm_18_144.pdb	5.888	21.311	0.0487805	38.329
swarm_14_150.pdb	2.932	4.958	0.609756	38.134
swarm_23_168.pdb	2.867	4.828	0.487805	35.368
swarm_43_106.pdb	3.016	7.464	0.439024	35.293
swarm_15_189.pdb	3.075	6.202	0.609756	35.153
swarm_1_86.pdb	6.761	25.446	0.0731707	35.013
swarm_2_5.pdb	3.275	9.914	0.365854	34.573
swarm_20_116.pdb	3.167	8.508	0.268293	33.609
swarm_37_55.pdb	3.667	9.520	0.439024	32.587
swarm_11_77.pdb	3.827	11.497	0.487805	32.513
swarm_34_26.pdb	3.128	7.246	0.682927	31.917
swarm_4_152.pdb	8.834	26.092	0	31.760
swarm_19_62.pdb	8.728	25.325	0	31.708
swarm_45_160.pdb	3.158	8.052	0.414634	30.747
swarm_35_153.pdb	6.421	23.276	0.0243902	30.072
swarm_45_198.pdb	8.527	22.235	0	29.946
swarm_45_196.pdb	6.941	19.796	0.146341	29.699
swarm_4_118.pdb	9.484	21.447	0	29.612
swarm_33_135.pdb	2.428	3.914	0.707317	28.839
swarm_19_17.pdb	9.622	23.691	0	28.722
swarm_13_90.pdb	3.112	6.036	0.585366	28.719
swarm_40_141.pdb	9.345	29.020	0	28.643
swarm_6_29.pdb	8.630	23.761	0	28.535
swarm_46_116.pdb	4.514	11.514	0.219512	28.462
swarm_46_16.pdb	8.630	22.664	0	28.419
swarm_42_40.pdb	9.168	31.594	0	28.260
swarm_33_58.pdb	4.968	14.547	0.341463	27.925
swarm_9_57.pdb	3.362	4.713	0.463415	27.822
swarm_16_2.pdb	4.329	15.205	0.268293	27.722
swarm_38_33.pdb	9.346	23.051	0	27.719
swarm_29_31.pdb	6.459	26.259	0.195122	27.676
swarm_39_182.pdb	10.378	37.229	0	27.291
swarm_7_69.pdb	10.717	35.197	0	27.274
swarm_40_33.pdb	8.945	23.672	0	27.068
swarm_22_39.pdb	10.708	31.037	0	27.040
swarm_12_69.pdb	7.161	31.608	0.121951	26.836
swarm_0_89.pdb	6.141	25.399	0.195122	26.812
swarm_16_153.pdb	10.573	28.699	0	26.657
swarm_21_191.pdb	8.904	30.718	0	26.307
swarm_40_36.pdb	7.810	18.534	0.0487805	25.881
swarm_21_140.pdb	8.365	19.253	0	25.611
swarm_5_167.pdb	5.077	15.738	0.0731707	25.550
swarm_25_175.pdb	6.663	27.506	0.219512	25.453
swarm_47_70.pdb	8.317	28.441	0	25.414
swarm_27_102.pdb	3.840	12.886	0.512195	25.339
swarm_17_103.pdb	7.140	32.254	0.195122	25.254
swarm_25_154.pdb	6.803	31.260	0.097561	25.251
swarm_8_195.pdb	6.212	26.329	0.097561	24.840
swarm_30_185.pdb	6.344	22.878	0.0487805	24.804
swarm_12_187.pdb	6.955	26.238	0.243902	24.340
swarm_39_24.pdb	7.527	23.819	0.0243902	24.214
swarm_10_193.pdb	6.258	24.695	0.0487805	24.125
swarm_32_60.pdb	7.329	28.573	0.0731707	24.097
swarm_29_83.pdb	4.234	13.508	0.463415	23.954
swarm_36_124.pdb	7.220	22.935	0.0243902	23.934
swarm_28_7.pdb	3.795	12.644	0.609756	23.707
swarm_36_76.pdb	7.198	26.084	0.0243902	23.647
swarm_3_106.pdb	6.921	31.000	0.121951	23.622
swarm_44_128.pdb	6.367	23.081	0.0243902	23.608
swarm_41_196.pdb	6.661	26.437	0.0243902	23.486
swarm_15_99.pdb	5.824	24.716	0.195122	23.361
swarm_5_170.pdb	6.329	25.272	0.0731707	23.318
swarm_24_133.pdb	6.887	26.738	0.0487805	23.139
swarm_20_40.pdb	4.519	15.766	0.097561	22.602
swarm_24_108.pdb	7.575	32.983	0.0731707	22.567
swarm_17_90.pdb	7.982	28.563	0.0243902	22.544
swarm_37_154.pdb	7.400	20.581	0.0243902	22.232
swarm_43_8.pdb	6.886	23.003	0.170732	22.210
swarm_35_35.pdb	10.203	32.317	0	22.193
swarm_9_27.pdb	7.010	19.593	0.0487805	22.161
swarm_12_24.pdb	4.805	20.679	0.170732	21.916
swarm_20_70.pdb	7.334	23.028	0.0243902	21.866
swarm_36_37.pdb	3.324	11.696	0.195122	21.812
swarm_30_50.pdb	3.255	8.595	0.390244	21.733
swarm_3_118.pdb	4.619	18.763	0.292683	21.642
swarm_34_120.pdb	6.981	26.658	0	21.631
swarm_8_171.pdb	6.370	19.146	0.292683	21.605
swarm_43_60.pdb	6.046	17.467	0.0487805	21.590
swarm_34_147.pdb	4.926	14.291	0.170732	21.506
swarm_1_11.pdb	4.772	15.125	0.097561	21.363
swarm_15_42.pdb	7.054	27.593	0.097561	21.280
swarm_10_6.pdb	3.946	11.349	0.170732	21.238
swarm_30_4.pdb	8.683	17.314	0	20.862
swarm_0_23.pdb	7.894	29.322	0.0243902	20.838
swarm_15_78.pdb	6.922	15.964	0.0243902	20.747
swarm_7_120.pdb	9.774	33.898	0	20.550
swarm_11_79.pdb	3.439	7.935	0.268293	20.390
swarm_23_25.pdb	5.515	19.540	0.121951	20.385
swarm_37_51.pdb	6.979	19.248	0.219512	20.078
swarm_18_52.pdb	10.400	30.035	0	19.972
swarm_27_136.pdb	6.731	27.065	0.195122	19.888
swarm_32_31.pdb	7.088	23.937	0.0243902	19.635
swarm_8_198.pdb	7.635	19.489	0.0731707	19.520
swarm_17_120.pdb	10.583	34.575	0.0731707	19.504
swarm_32_20.pdb	3.605	10.390	0.268293	19.469
swarm_26_186.pdb	4.561	15.809	0.146341	19.456
swarm_19_73.pdb	5.598	14.363	0.170732	19.289
swarm_47_26.pdb	5.395	14.441	0.121951	19.163
swarm_46_162.pdb	8.530	21.180	0.0243902	19.138
swarm_8_60.pdb	3.853	12.419	0.292683	19.114
swarm_3_0.pdb	6.758	27.012	0.268293	19.103
swarm_46_55.pdb	8.937	15.143	0	19.089
swarm_44_10.pdb	8.100	26.298	0	19.062
swarm_30_42.pdb	5.991	13.708	0.0243902	18.429
swarm_30_151.pdb	9.099	25.897	0.0243902	18.300
swarm_34_7.pdb	7.493	21.889	0.170732	18.071
swarm_44_50.pdb	4.573	16.081	0.243902	17.989
swarm_2_136.pdb	8.964	20.055	0.0487805	17.658
swarm_26_74.pdb	7.082	28.732	0	17.044
swarm_26_188.pdb	5.104	15.838	0.0731707	16.040
swarm_26_106.pdb	6.753	23.538	0.243902	15.963
swarm_23_153.pdb	5.515	19.918	0.0731707	15.783
swarm_31_89.pdb	9.268	13.699	0	15.128
swarm_21_62.pdb	10.392	23.109	0	15.121
swarm_26_38.pdb	8.386	25.565	0.0487805	14.845
swarm_33_167.pdb	5.102	23.343	0.219512	14.601
swarm_11_16.pdb	7.294	20.150	0	14.102
swarm_29_187.pdb	9.468	22.378	0.0731707	13.791
swarm_37_184.pdb	7.382	12.854	0	13.189
swarm_13_145.pdb	5.537	22.112	0.146341	13.133
swarm_47_140.pdb	7.454	22.870	0.0487805	11.980
swarm_31_147.pdb	4.659	13.973	0.170732	10.307
swarm_42_127.pdb	6.355	17.695	0.170732	1.056
