swarm_19_89.pdb	10.655	26.227	0	27.839
swarm_54_6.pdb	16.555	39.721	0	27.340
swarm_42_108.pdb	10.432	26.860	0.0243902	27.229
swarm_48_62.pdb	8.634	24.638	0.0243902	26.923
swarm_34_4.pdb	9.987	23.784	0.0243902	25.842
swarm_28_133.pdb	11.098	28.791	0	25.378
swarm_74_90.pdb	9.994	26.950	0.0243902	24.970
swarm_12_128.pdb	9.126	24.106	0.0243902	24.725
swarm_9_11.pdb	9.957	26.988	0.0243902	24.469
swarm_5_71.pdb	11.927	31.781	0	24.385
swarm_8_108.pdb	10.802	29.214	0	23.701
swarm_67_184.pdb	9.326	23.202	0	22.983
swarm_65_81.pdb	10.398	24.352	0	22.363
swarm_31_130.pdb	15.872	40.952	0	22.124
swarm_30_65.pdb	10.135	19.611	0	21.909
swarm_10_188.pdb	10.674	26.733	0	21.858
swarm_64_10.pdb	16.830	45.616	0	21.851
swarm_2_116.pdb	12.852	31.189	0	21.815
swarm_54_24.pdb	13.856	33.472	0	21.598
swarm_39_71.pdb	10.850	29.768	0	21.331
swarm_7_4.pdb	12.034	28.343	0	21.028
swarm_76_23.pdb	10.514	22.635	0	20.766
swarm_32_171.pdb	9.842	18.555	0	20.750
swarm_64_198.pdb	17.059	47.320	0	20.536
swarm_66_138.pdb	14.740	28.074	0	20.245
swarm_29_77.pdb	14.679	26.126	0	19.776
swarm_66_34.pdb	10.038	23.577	0	19.752
swarm_60_144.pdb	14.448	25.860	0	19.676
swarm_37_23.pdb	13.377	34.686	0	19.341
swarm_30_113.pdb	14.266	26.141	0	19.301
swarm_56_152.pdb	11.536	20.593	0	19.192
swarm_29_17.pdb	16.844	38.094	0	19.130
swarm_33_179.pdb	16.151	32.780	0	18.985
swarm_33_100.pdb	13.731	34.726	0	18.946
swarm_69_30.pdb	15.496	44.793	0	18.890
swarm_31_178.pdb	17.001	43.245	0	18.815
swarm_27_14.pdb	11.141	20.412	0	18.759
swarm_8_27.pdb	12.656	23.992	0	18.608
swarm_16_195.pdb	10.248	29.906	0	18.565
swarm_27_141.pdb	14.720	25.551	0	18.548
swarm_8_113.pdb	17.129	36.177	0	18.440
swarm_4_40.pdb	16.145	48.999	0	18.387
swarm_68_17.pdb	15.044	44.719	0	18.234
swarm_8_92.pdb	14.953	29.541	0	18.070
swarm_11_55.pdb	14.769	29.508	0	18.058
swarm_68_94.pdb	13.125	34.966	0	17.961
swarm_4_160.pdb	14.693	46.280	0	17.930
swarm_33_18.pdb	11.529	36.834	0	17.881
swarm_43_49.pdb	9.333	27.791	0.0243902	17.837
swarm_12_69.pdb	11.061	28.470	0	17.739
swarm_27_151.pdb	17.412	32.576	0	17.417
swarm_37_71.pdb	16.417	35.087	0	17.324
swarm_7_12.pdb	17.103	34.398	0	17.152
swarm_18_26.pdb	10.762	27.388	0	17.003
swarm_60_6.pdb	16.705	33.159	0	17.002
swarm_48_131.pdb	9.388	29.351	0.0243902	16.943
swarm_42_102.pdb	6.437	22.928	0.268293	16.878
swarm_60_166.pdb	12.946	21.841	0	16.702
swarm_11_81.pdb	13.319	32.707	0	16.467
swarm_4_67.pdb	11.111	36.358	0	16.307
swarm_19_22.pdb	7.108	23.947	0.195122	16.093
swarm_33_79.pdb	13.780	36.447	0	16.044
swarm_6_118.pdb	16.321	44.857	0	15.889
swarm_13_103.pdb	13.684	41.666	0	15.765
swarm_47_32.pdb	7.917	20.990	0.146341	15.645
swarm_18_11.pdb	12.749	40.161	0	15.587
swarm_48_38.pdb	9.980	28.087	0	15.457
swarm_38_180.pdb	15.988	41.049	0	15.265
swarm_7_6.pdb	16.980	40.388	0	15.247
swarm_24_82.pdb	6.343	21.105	0.243902	15.230
swarm_44_136.pdb	5.630	16.916	0.341463	14.939
swarm_39_184.pdb	13.141	36.429	0	14.840
swarm_45_143.pdb	12.488	19.187	0	14.753
swarm_38_160.pdb	13.208	36.039	0	14.719
swarm_37_124.pdb	16.117	44.767	0	14.701
swarm_29_14.pdb	10.767	27.009	0	14.693
swarm_65_6.pdb	13.103	40.109	0	14.439
swarm_14_190.pdb	9.111	21.108	0	14.221
swarm_64_66.pdb	15.156	44.478	0	14.180
swarm_26_122.pdb	4.254	10.383	0.195122	14.118
swarm_12_70.pdb	9.557	29.002	0	13.758
swarm_38_49.pdb	15.181	44.155	0	13.685
swarm_34_46.pdb	5.973	17.725	0.219512	13.531
swarm_36_172.pdb	15.815	33.723	0	13.309
swarm_64_166.pdb	13.224	38.618	0	13.248
swarm_39_170.pdb	14.626	43.411	0	12.453
swarm_47_114.pdb	7.661	18.313	0.0243902	12.312
swarm_9_79.pdb	7.030	22.272	0.195122	12.303
swarm_50_61.pdb	9.087	20.092	0	12.097
swarm_22_109.pdb	14.550	40.864	0	11.593
swarm_16_174.pdb	8.322	19.630	0	10.595
swarm_67_27.pdb	11.440	27.042	0	10.439
swarm_4_69.pdb	14.747	37.484	0	10.242
swarm_26_75.pdb	10.011	24.562	0	10.161
swarm_38_185.pdb	13.007	40.514	0	9.852
swarm_11_199.pdb	11.460	32.331	0	6.053
swarm_68_157.pdb	17.938	47.802	0	5.902
swarm_42_68.pdb	6.835	23.512	0.121951	4.487
swarm_29_4.pdb	10.578	22.773	0	4.249
swarm_14_110.pdb	14.580	23.199	0	2.050
