swarm_18_185.pdb	13.554	42.600	0	45.731
swarm_17_5.pdb	13.601	43.931	0	42.694
swarm_48_100.pdb	12.604	41.724	0	40.722
swarm_11_37.pdb	14.595	32.583	0	40.158
swarm_24_49.pdb	13.768	36.387	0.101695	39.388
swarm_6_158.pdb	14.706	53.217	0.0338983	37.756
swarm_47_16.pdb	17.351	45.326	0	36.904
swarm_34_5.pdb	14.337	40.354	0	36.563
swarm_42_38.pdb	13.282	34.461	0	36.322
swarm_1_186.pdb	17.308	38.471	0	35.870
swarm_48_16.pdb	12.873	47.217	0	34.746
swarm_42_198.pdb	12.661	46.021	0	34.500
swarm_30_77.pdb	16.598	43.987	0.0169492	33.453
swarm_50_176.pdb	11.427	46.346	0	33.086
swarm_31_111.pdb	13.467	34.577	0	33.065
swarm_49_177.pdb	17.294	36.224	0	32.671
swarm_30_132.pdb	14.207	41.006	0	32.401
swarm_12_130.pdb	14.363	42.349	0	31.843
swarm_25_29.pdb	12.926	36.238	0	31.356
swarm_50_189.pdb	16.091	47.408	0	31.151
swarm_29_50.pdb	17.633	44.771	0	30.909
swarm_23_10.pdb	16.127	40.709	0	30.798
swarm_11_92.pdb	11.255	26.758	0	30.773
swarm_18_167.pdb	18.086	48.047	0	30.334
swarm_4_142.pdb	14.151	40.953	0	30.287
swarm_1_110.pdb	13.676	47.707	0	30.060
swarm_20_192.pdb	20.966	55.092	0	29.898
swarm_46_112.pdb	19.410	51.335	0	29.692
swarm_29_18.pdb	12.028	39.024	0	29.490
swarm_50_95.pdb	14.922	47.111	0	29.052
swarm_7_63.pdb	18.618	50.004	0	28.726
swarm_11_157.pdb	10.304	25.450	0	28.619
swarm_23_74.pdb	14.532	53.016	0.0338983	28.613
swarm_48_84.pdb	12.447	44.986	0.0338983	28.271
swarm_34_35.pdb	14.712	45.386	0.0338983	28.015
swarm_48_9.pdb	17.667	47.060	0	27.987
swarm_6_180.pdb	12.432	50.186	0	27.936
swarm_42_103.pdb	21.004	43.668	0	27.933
swarm_33_35.pdb	9.897	26.061	0.0508475	27.925
swarm_14_37.pdb	18.285	49.191	0	27.822
swarm_26_154.pdb	15.310	31.302	0	27.802
swarm_24_129.pdb	11.403	26.821	0	27.795
swarm_48_64.pdb	15.049	45.833	0.0338983	27.539
swarm_24_169.pdb	15.239	31.493	0	27.340
swarm_16_125.pdb	12.834	25.739	0	27.217
swarm_17_48.pdb	15.331	45.251	0	27.117
swarm_3_119.pdb	17.985	51.111	0	27.090
swarm_25_174.pdb	14.070	41.897	0.0508475	27.084
swarm_5_36.pdb	14.597	55.039	0.0677966	26.976
swarm_31_180.pdb	7.419	38.213	0.0338983	26.927
swarm_7_159.pdb	21.684	51.683	0	26.779
swarm_40_76.pdb	17.013	51.687	0	26.582
swarm_23_193.pdb	14.547	48.744	0.0508475	26.328
swarm_50_90.pdb	14.165	41.027	0	26.313
swarm_5_192.pdb	21.770	58.330	0	26.241
swarm_4_113.pdb	16.409	55.725	0	26.095
swarm_26_187.pdb	15.024	32.468	0	26.023
swarm_52_176.pdb	13.710	57.857	0.0169492	25.678
swarm_58_146.pdb	11.927	29.326	0	25.634
swarm_6_188.pdb	15.682	42.108	0	25.392
swarm_47_26.pdb	15.282	48.342	0.0169492	25.346
swarm_49_11.pdb	14.096	48.138	0	25.257
swarm_12_86.pdb	13.934	50.505	0.118644	25.186
swarm_9_111.pdb	13.857	34.968	0	25.078
swarm_46_198.pdb	14.847	61.294	0	24.989
swarm_35_18.pdb	19.588	56.059	0	24.967
swarm_47_102.pdb	13.580	44.396	0	24.849
swarm_58_57.pdb	5.793	20.362	0.186441	24.730
swarm_49_57.pdb	14.413	41.445	0	24.695
swarm_1_54.pdb	14.201	47.330	0.0338983	24.674
swarm_14_176.pdb	20.172	46.195	0	24.589
swarm_54_115.pdb	16.463	62.475	0.0338983	24.551
swarm_14_92.pdb	14.132	56.423	0.0169492	24.390
swarm_24_194.pdb	14.403	36.243	0	24.210
swarm_7_164.pdb	14.136	51.457	0	24.151
swarm_1_181.pdb	10.629	32.766	0	23.995
swarm_1_189.pdb	13.387	29.499	0	23.990
swarm_52_181.pdb	15.875	61.622	0.0338983	23.835
swarm_1_122.pdb	14.360	46.767	0	23.822
swarm_31_186.pdb	17.306	34.186	0	23.738
swarm_3_133.pdb	15.763	44.190	0	23.614
swarm_33_27.pdb	13.870	28.086	0.0338983	23.593
swarm_12_192.pdb	11.689	43.317	0.0847458	23.491
swarm_49_95.pdb	13.840	42.793	0.0169492	23.278
swarm_21_22.pdb	21.202	56.103	0	23.243
swarm_12_119.pdb	14.350	41.921	0	22.969
swarm_39_86.pdb	14.862	58.937	0.0508475	22.894
swarm_52_88.pdb	22.027	55.241	0	22.864
swarm_17_177.pdb	15.871	54.835	0.0169492	22.817
swarm_46_104.pdb	17.274	48.279	0	22.577
swarm_49_137.pdb	14.893	54.607	0.0847458	22.263
swarm_1_68.pdb	12.988	37.718	0	22.006
swarm_31_154.pdb	13.863	38.928	0	21.868
swarm_9_92.pdb	15.989	28.749	0	21.667
swarm_4_105.pdb	15.636	44.263	0	21.629
swarm_30_103.pdb	15.444	37.963	0	21.341
swarm_17_116.pdb	15.403	44.996	0	21.254
swarm_29_173.pdb	14.301	38.749	0	21.119
swarm_1_123.pdb	13.474	45.686	0	20.858
swarm_50_94.pdb	16.172	50.736	0	20.547
swarm_30_187.pdb	18.410	40.158	0	20.350
swarm_25_134.pdb	11.239	44.256	0	20.334
swarm_31_86.pdb	13.584	40.720	0.0508475	20.121
swarm_12_167.pdb	12.260	39.343	0.0169492	19.742
swarm_36_188.pdb	23.263	56.089	0	19.704
swarm_44_37.pdb	13.001	58.474	0	19.497
swarm_44_61.pdb	15.792	49.648	0	19.220
swarm_1_127.pdb	14.498	39.890	0	18.979
swarm_43_100.pdb	13.392	31.841	0	18.788
swarm_29_178.pdb	16.554	41.085	0	18.620
swarm_4_53.pdb	13.742	55.798	0.0169492	18.145
swarm_1_130.pdb	15.447	35.614	0	18.111
swarm_12_162.pdb	13.071	46.811	0	18.101
swarm_12_164.pdb	11.278	45.552	0.0508475	18.039
swarm_4_54.pdb	14.781	59.469	0	17.755
swarm_49_88.pdb	15.196	45.654	0	17.588
swarm_49_180.pdb	17.454	46.501	0	17.538
swarm_1_23.pdb	13.854	43.694	0	17.506
swarm_50_9.pdb	15.180	58.555	0	16.878
swarm_59_65.pdb	15.596	64.858	0	16.494
swarm_1_142.pdb	14.029	40.601	0.0338983	16.194
swarm_30_122.pdb	15.233	29.235	0	15.651
swarm_38_107.pdb	16.585	39.053	0	15.440
swarm_24_81.pdb	15.028	34.488	0	15.078
swarm_59_168.pdb	13.045	58.757	0	15.073
swarm_48_134.pdb	14.898	50.515	0	11.566
swarm_50_27.pdb	17.640	52.304	0	8.287
swarm_52_155.pdb	13.855	61.794	0	7.148
swarm_25_93.pdb	17.269	39.196	0	5.416
