swarm_21_176.pdb	10.808	26.341	0	37.529
swarm_13_112.pdb	8.750	26.544	0.0169492	34.748
swarm_38_111.pdb	13.125	35.061	0	33.880
swarm_58_159.pdb	12.667	33.619	0	33.504
swarm_62_188.pdb	13.134	35.272	0	33.260
swarm_63_38.pdb	8.116	27.892	0.0338983	32.417
swarm_57_125.pdb	17.279	52.177	0	31.799
swarm_32_4.pdb	8.658	40.273	0.0169492	31.134
swarm_18_149.pdb	7.675	29.936	0.0847458	30.960
swarm_38_37.pdb	17.061	30.165	0	30.817
swarm_8_59.pdb	11.675	29.217	0	30.238
swarm_41_156.pdb	12.639	33.285	0	29.537
swarm_43_106.pdb	14.620	41.492	0	28.918
swarm_33_169.pdb	13.796	31.183	0	28.708
swarm_57_102.pdb	12.531	54.807	0	28.339
swarm_61_73.pdb	16.444	38.165	0	28.240
swarm_42_79.pdb	13.617	50.829	0	28.137
swarm_63_85.pdb	12.777	32.536	0	28.031
swarm_35_33.pdb	13.645	31.371	0	27.971
swarm_20_67.pdb	13.996	44.905	0	27.667
swarm_15_163.pdb	10.431	35.863	0	27.237
swarm_39_139.pdb	11.622	22.106	0	26.982
swarm_51_70.pdb	10.509	25.812	0	26.728
swarm_61_176.pdb	12.655	40.905	0	26.585
swarm_10_146.pdb	11.706	22.169	0	26.499
swarm_25_134.pdb	6.885	14.124	0.0677966	26.064
swarm_61_79.pdb	9.500	41.109	0	25.823
swarm_2_114.pdb	12.494	41.982	0	25.810
swarm_41_73.pdb	9.456	38.734	0.0169492	25.753
swarm_18_198.pdb	13.666	26.652	0	25.625
swarm_51_193.pdb	15.720	26.851	0	25.505
swarm_17_11.pdb	11.832	23.004	0	25.417
swarm_27_51.pdb	7.899	23.692	0.0338983	25.220
swarm_58_91.pdb	10.384	33.665	0	25.210
swarm_15_158.pdb	15.833	33.789	0	25.041
swarm_36_147.pdb	13.883	31.876	0	24.950
swarm_63_17.pdb	11.629	33.170	0	24.909
swarm_11_152.pdb	13.513	25.857	0	24.711
swarm_42_3.pdb	12.205	47.275	0	24.561
swarm_2_183.pdb	9.717	41.722	0	24.543
swarm_54_22.pdb	12.652	48.689	0	24.477
swarm_35_14.pdb	7.998	24.198	0.0677966	24.382
swarm_28_199.pdb	11.948	46.123	0	24.363
swarm_22_17.pdb	12.769	52.151	0	24.069
swarm_33_161.pdb	7.636	28.259	0.118644	23.895
swarm_22_133.pdb	13.742	49.678	0	23.725
swarm_4_170.pdb	4.819	28.530	0.169492	23.649
swarm_35_79.pdb	12.397	31.959	0	23.632
swarm_64_191.pdb	10.151	38.263	0.0169492	23.448
swarm_28_57.pdb	15.442	46.910	0	23.297
swarm_33_185.pdb	13.524	26.124	0	23.289
swarm_19_15.pdb	14.728	36.758	0	23.148
swarm_37_34.pdb	11.985	45.440	0	23.138
swarm_66_53.pdb	12.796	51.326	0	22.505
swarm_11_195.pdb	8.513	20.868	0.0338983	22.268
swarm_40_146.pdb	11.980	47.917	0	22.071
swarm_28_16.pdb	10.218	43.556	0	21.475
swarm_64_87.pdb	14.698	29.429	0	21.430
swarm_41_179.pdb	13.832	43.151	0	21.408
swarm_19_180.pdb	6.932	30.965	0.101695	21.321
swarm_40_28.pdb	12.624	54.565	0	20.970
swarm_10_14.pdb	7.510	23.495	0	20.963
swarm_6_31.pdb	6.637	34.263	0.152542	20.914
swarm_64_169.pdb	9.045	34.314	0.0677966	20.834
swarm_54_14.pdb	13.439	37.579	0	20.766
swarm_33_30.pdb	7.417	32.914	0.169492	20.604
swarm_46_159.pdb	11.626	45.824	0	20.597
swarm_42_76.pdb	15.915	48.939	0	20.473
swarm_37_171.pdb	14.880	37.390	0	20.447
swarm_28_80.pdb	15.284	34.758	0	20.434
swarm_43_63.pdb	12.358	53.215	0	20.366
swarm_33_145.pdb	10.042	38.102	0.0338983	20.322
swarm_63_78.pdb	14.353	23.959	0	20.277
swarm_39_29.pdb	7.669	31.941	0.152542	20.166
swarm_51_138.pdb	12.106	31.389	0	19.904
swarm_36_66.pdb	9.763	36.507	0.0338983	19.617
swarm_64_142.pdb	14.891	36.286	0	19.607
swarm_26_98.pdb	11.713	47.159	0	18.688
swarm_32_170.pdb	6.568	30.471	0.135593	18.196
swarm_54_17.pdb	14.970	36.593	0	17.896
swarm_41_104.pdb	14.556	29.157	0	17.673
swarm_46_72.pdb	13.408	48.997	0	17.365
swarm_35_139.pdb	9.854	37.406	0.0169492	16.917
swarm_36_151.pdb	9.812	37.197	0.0169492	16.784
swarm_27_63.pdb	10.639	21.856	0	16.606
swarm_61_122.pdb	11.149	47.245	0	16.553
swarm_46_41.pdb	12.834	53.242	0	15.932
swarm_19_7.pdb	11.575	43.176	0	15.135
swarm_31_83.pdb	10.044	25.651	0	15.050
swarm_64_112.pdb	10.961	45.841	0	15.033
swarm_42_47.pdb	13.774	42.205	0	13.941
swarm_58_165.pdb	13.875	24.997	0	13.488
swarm_53_2.pdb	11.757	50.391	0	11.669
swarm_58_10.pdb	15.923	28.006	0	6.583
swarm_47_115.pdb	13.233	54.095	0	4.233
swarm_11_29.pdb	13.307	19.877	0	0.820
