run1-swarm_33_93.pdb	8.082	33.241	0	35.290
run1-swarm_36_113.pdb	6.884	28.722	0.0338983	34.645
run1-swarm_7_24.pdb	9.091	43.170	0.0338983	34.328
run1-swarm_35_115.pdb	6.779	27.072	0.0338983	33.707
run1-swarm_18_191.pdb	8.191	23.819	0	33.273
run1-swarm_36_120.pdb	8.174	37.001	0.101695	32.076
run1-swarm_29_117.pdb	7.940	36.543	0.135593	31.926
run1-swarm_18_3.pdb	7.298	29.193	0	31.895
run1-swarm_23_171.pdb	8.134	37.005	0.0847458	31.487
run1-swarm_23_148.pdb	9.438	32.812	0	31.444
run1-swarm_35_176.pdb	8.778	35.098	0	30.636
run1-swarm_15_42.pdb	9.811	21.801	0	30.452
run1-swarm_34_16.pdb	7.377	41.991	0.135593	30.217
run1-swarm_56_163.pdb	8.801	44.075	0.0338983	30.024
run1-swarm_28_65.pdb	7.086	27.624	0.0338983	29.865
run1-swarm_12_58.pdb	8.229	32.963	0	29.534
run1-swarm_27_71.pdb	6.962	25.859	0.0169492	29.371
run1-swarm_2_11.pdb	7.083	30.381	0.0508475	28.952
run1-swarm_32_48.pdb	6.621	24.353	0.0338983	28.434
run1-swarm_69_115.pdb	10.483	19.019	0	28.197
run1-swarm_39_11.pdb	10.166	18.445	0	27.956
run1-swarm_20_96.pdb	11.398	35.145	0	27.577
run1-swarm_60_189.pdb	9.273	39.351	0	27.550
run1-swarm_60_179.pdb	9.256	38.132	0	27.043
run1-swarm_38_125.pdb	10.370	17.819	0	26.907
run1-swarm_0_129.pdb	7.584	30.785	0.0508475	26.177
run1-swarm_13_30.pdb	12.281	37.001	0	25.958
run1-swarm_4_58.pdb	9.118	34.966	0	25.779
run1-swarm_41_167.pdb	7.698	29.097	0.118644	25.668
run1-swarm_49_66.pdb	10.193	39.631	0	25.600
run1-swarm_35_20.pdb	8.059	36.005	0	25.098
run1-swarm_27_160.pdb	11.208	26.164	0	24.914
run1-swarm_17_175.pdb	8.283	22.903	0.0338983	24.795
run1-swarm_29_128.pdb	6.619	29.552	0.0169492	24.495
run1-swarm_31_191.pdb	3.196	14.490	0.355932	24.446
run1-swarm_58_123.pdb	11.776	39.156	0	24.326
run1-swarm_46_19.pdb	8.277	30.381	0	23.995
run1-swarm_61_159.pdb	7.477	39.286	0.0169492	23.922
run1-swarm_15_173.pdb	7.818	21.929	0	23.123
run1-swarm_15_167.pdb	4.673	21.672	0.152542	22.971
run1-swarm_27_139.pdb	10.438	33.617	0	22.949
run1-swarm_31_130.pdb	7.820	26.294	0.118644	22.920
run1-swarm_40_24.pdb	6.815	22.656	0.0508475	22.665
run1-swarm_28_122.pdb	7.409	20.078	0	22.242
run1-swarm_28_123.pdb	8.296	24.309	0	21.801
run1-swarm_54_57.pdb	7.788	24.411	0.0508475	21.707
run1-swarm_40_30.pdb	8.280	30.692	0.135593	21.540
run1-swarm_16_187.pdb	10.334	29.567	0	21.445
run1-swarm_50_122.pdb	13.146	45.875	0.0169492	21.203
run1-swarm_30_85.pdb	7.338	17.747	0	20.877
run1-swarm_51_192.pdb	13.399	46.096	0.0169492	20.418
run1-swarm_21_56.pdb	8.406	15.417	0	20.217
run1-swarm_40_189.pdb	5.661	26.091	0.0677966	19.937
run1-swarm_4_113.pdb	9.762	38.208	0	19.179
run1-swarm_24_46.pdb	3.869	14.728	0.271186	19.039
run1-swarm_0_10.pdb	11.485	30.444	0	18.366
run1-swarm_33_154.pdb	10.885	41.228	0	17.934
run1-swarm_24_90.pdb	10.241	31.033	0	17.834
run1-swarm_16_190.pdb	10.550	26.280	0	17.733
run1-swarm_14_100.pdb	10.055	25.169	0	16.587
run1-swarm_38_98.pdb	10.136	24.507	0	15.160
run1-swarm_2_123.pdb	9.571	26.450	0	14.650
run1-swarm_41_96.pdb	8.151	22.860	0.0338983	14.181
run1-swarm_15_43.pdb	2.477	5.866	0.830508	8.743
run1-swarm_17_26.pdb	7.214	17.590	0.0508475	8.707
