swarm_18_185.pdb	13.554	42.600	0	45.731
swarm_17_5.pdb	13.601	43.931	0	42.694
swarm_15_97.pdb	14.353	26.824	0	41.525
swarm_48_100.pdb	12.604	41.724	0	40.722
swarm_73_184.pdb	14.234	27.647	0	40.609
swarm_11_37.pdb	14.595	32.583	0	40.158
swarm_24_49.pdb	13.768	36.387	0.101695	39.388
swarm_3_40.pdb	12.506	28.112	0	39.132
swarm_10_193.pdb	13.834	30.590	0	38.581
swarm_60_128.pdb	13.755	39.184	0	38.380
swarm_6_158.pdb	14.706	53.217	0.0338983	37.756
swarm_63_27.pdb	12.978	37.748	0	37.301
swarm_51_65.pdb	13.694	29.908	0	37.164
swarm_47_16.pdb	17.351	45.326	0	36.904
swarm_34_5.pdb	14.337	40.354	0	36.563
swarm_9_108.pdb	16.606	35.249	0	36.521
swarm_42_38.pdb	13.282	34.461	0	36.322
swarm_13_177.pdb	13.203	30.519	0	35.988
swarm_8_87.pdb	11.610	34.586	0	35.953
swarm_1_186.pdb	17.308	38.471	0	35.870
swarm_53_133.pdb	15.317	32.114	0.0169492	35.700
swarm_31_10.pdb	20.386	40.208	0	35.108
swarm_48_16.pdb	12.873	47.217	0	34.746
swarm_42_198.pdb	12.661	46.021	0	34.500
swarm_11_88.pdb	11.172	26.929	0	34.113
swarm_57_189.pdb	24.358	53.323	0	34.031
swarm_3_169.pdb	10.337	35.064	0	33.977
swarm_8_133.pdb	13.492	28.065	0	33.930
swarm_25_58.pdb	9.258	28.071	0	33.916
swarm_8_182.pdb	12.094	33.643	0	33.703
swarm_14_34.pdb	10.768	32.755	0	33.553
swarm_53_116.pdb	18.287	42.741	0	33.509
swarm_30_77.pdb	16.598	43.987	0.0169492	33.453
swarm_50_159.pdb	12.349	31.494	0	33.383
swarm_52_146.pdb	12.067	38.991	0	33.332
swarm_18_52.pdb	15.317	31.115	0	33.316
swarm_62_109.pdb	13.584	38.505	0	33.269
swarm_22_121.pdb	11.955	37.781	0	33.127
swarm_13_61.pdb	11.901	34.595	0	33.098
swarm_50_176.pdb	11.427	46.346	0	33.086
swarm_31_111.pdb	13.467	34.577	0	33.065
swarm_38_37.pdb	13.503	38.035	0	33.061
swarm_49_177.pdb	17.294	36.224	0	32.671
swarm_16_61.pdb	11.099	33.178	0.0338983	32.415
swarm_24_85.pdb	11.426	26.661	0	32.414
swarm_30_132.pdb	14.207	41.006	0	32.401
swarm_7_4.pdb	10.649	28.467	0	32.284
swarm_8_100.pdb	17.592	30.477	0	32.083
swarm_20_141.pdb	15.980	30.469	0	32.063
swarm_8_137.pdb	15.207	36.344	0	31.909
swarm_12_130.pdb	14.363	42.349	0	31.843
swarm_73_192.pdb	16.581	31.590	0	31.819
swarm_65_175.pdb	15.185	31.920	0.0169492	31.819
swarm_40_4.pdb	13.279	36.020	0	31.743
swarm_31_28.pdb	15.707	27.986	0	31.620
swarm_42_90.pdb	15.359	31.984	0.0169492	31.560
swarm_46_10.pdb	15.430	25.476	0	31.465
swarm_25_29.pdb	12.926	36.238	0	31.356
swarm_18_81.pdb	9.458	22.339	0.0677966	31.272
swarm_13_86.pdb	22.434	47.009	0	31.178
swarm_50_189.pdb	16.091	47.408	0	31.151
swarm_8_120.pdb	11.630	30.862	0.0338983	31.099
swarm_61_53.pdb	23.201	42.653	0	31.055
swarm_5_67.pdb	12.146	28.646	0	31.013
swarm_41_89.pdb	16.534	31.786	0	30.963
swarm_29_50.pdb	17.633	44.771	0	30.909
swarm_37_21.pdb	21.316	42.744	0	30.890
swarm_50_80.pdb	20.585	44.757	0	30.873
swarm_29_131.pdb	12.556	34.017	0.0169492	30.819
swarm_23_10.pdb	16.127	40.709	0	30.798
swarm_11_92.pdb	11.255	26.758	0	30.773
swarm_18_47.pdb	15.965	28.536	0	30.642
swarm_67_82.pdb	17.110	34.195	0	30.503
swarm_56_0.pdb	24.930	54.490	0	30.443
swarm_30_66.pdb	15.775	35.618	0	30.421
swarm_18_167.pdb	18.086	48.047	0	30.334
swarm_41_77.pdb	12.714	47.415	0	30.326
swarm_4_142.pdb	14.151	40.953	0	30.287
swarm_15_139.pdb	16.347	31.488	0	30.187
swarm_6_47.pdb	15.258	35.304	0	30.150
swarm_26_79.pdb	14.782	28.938	0	30.143
swarm_61_122.pdb	13.040	41.847	0	30.115
swarm_25_4.pdb	15.579	26.313	0.0338983	30.092
swarm_1_110.pdb	13.676	47.707	0	30.060
swarm_20_192.pdb	20.966	55.092	0	29.898
swarm_54_97.pdb	21.535	47.504	0	29.832
swarm_15_144.pdb	20.244	38.138	0	29.821
swarm_64_62.pdb	11.752	40.324	0	29.767
swarm_46_112.pdb	19.410	51.335	0	29.692
swarm_14_40.pdb	13.856	27.003	0.0338983	29.682
swarm_29_18.pdb	12.028	39.024	0	29.490
swarm_66_89.pdb	19.526	50.018	0	29.427
swarm_20_25.pdb	13.541	43.471	0	29.374
swarm_26_111.pdb	10.257	21.770	0	29.155
swarm_53_196.pdb	25.068	54.057	0	29.145
swarm_67_144.pdb	10.696	40.814	0.0169492	29.065
swarm_50_95.pdb	14.922	47.111	0	29.052
swarm_51_116.pdb	16.053	29.939	0	28.996
swarm_22_182.pdb	17.246	41.678	0	28.826
swarm_7_63.pdb	18.618	50.004	0	28.726
swarm_17_74.pdb	10.326	25.528	0	28.634
swarm_11_157.pdb	10.304	25.450	0	28.619
swarm_23_74.pdb	14.532	53.016	0.0338983	28.613
swarm_24_36.pdb	11.962	26.673	0	28.511
swarm_30_159.pdb	14.630	48.366	0	28.473
swarm_2_193.pdb	13.915	46.495	0	28.468
swarm_54_57.pdb	19.839	36.194	0	28.467
swarm_67_179.pdb	16.141	33.376	0	28.461
swarm_32_112.pdb	12.592	35.149	0	28.392
swarm_50_180.pdb	18.392	43.372	0	28.323
swarm_8_26.pdb	17.544	32.326	0	28.296
swarm_48_84.pdb	12.447	44.986	0.0338983	28.271
swarm_19_189.pdb	10.806	31.103	0	28.259
swarm_54_90.pdb	17.438	37.475	0	28.236
swarm_34_35.pdb	14.712	45.386	0.0338983	28.015
swarm_48_9.pdb	17.667	47.060	0	27.987
swarm_4_165.pdb	11.950	37.004	0.0338983	27.980
swarm_38_107.pdb	15.729	38.590	0	27.976
swarm_28_20.pdb	17.610	38.911	0	27.963
swarm_6_180.pdb	12.432	50.186	0	27.936
swarm_42_103.pdb	21.004	43.668	0	27.933
swarm_33_35.pdb	9.897	26.061	0.0508475	27.925
swarm_14_156.pdb	15.025	34.823	0	27.913
swarm_36_164.pdb	21.156	42.593	0	27.900
swarm_14_37.pdb	18.285	49.191	0	27.822
swarm_26_154.pdb	15.310	31.302	0	27.802
swarm_24_129.pdb	11.403	26.821	0	27.795
swarm_44_88.pdb	11.996	34.098	0	27.778
swarm_61_62.pdb	23.122	46.436	0	27.736
swarm_16_37.pdb	18.629	41.820	0	27.629
swarm_43_178.pdb	11.277	23.896	0	27.550
swarm_48_64.pdb	15.049	45.833	0.0338983	27.539
swarm_4_124.pdb	7.674	27.540	0.0338983	27.535
swarm_11_56.pdb	14.764	26.544	0	27.480
swarm_24_169.pdb	15.239	31.493	0	27.340
swarm_30_21.pdb	17.117	30.980	0	27.302
swarm_63_29.pdb	16.619	33.438	0	27.263
swarm_16_125.pdb	12.834	25.739	0	27.217
swarm_28_133.pdb	15.903	32.077	0	27.153
swarm_17_48.pdb	15.331	45.251	0	27.117
swarm_0_0.pdb	15.975	35.693	0	27.111
swarm_3_119.pdb	17.985	51.111	0	27.090
swarm_36_157.pdb	13.314	36.768	0	27.089
swarm_25_174.pdb	14.070	41.897	0.0508475	27.084
swarm_32_124.pdb	14.748	31.454	0	27.052
swarm_5_36.pdb	14.597	55.039	0.0677966	26.976
swarm_31_180.pdb	7.419	38.213	0.0338983	26.927
swarm_20_133.pdb	21.778	52.675	0	26.887
swarm_38_121.pdb	16.031	41.339	0	26.800
swarm_7_159.pdb	21.684	51.683	0	26.779
swarm_42_4.pdb	16.471	55.280	0	26.777
swarm_3_7.pdb	11.444	47.571	0	26.763
swarm_7_72.pdb	19.300	46.715	0	26.735
swarm_4_162.pdb	18.295	37.109	0	26.723
swarm_3_105.pdb	18.981	35.450	0	26.716
swarm_28_170.pdb	15.365	46.315	0	26.711
swarm_22_41.pdb	19.507	51.885	0	26.646
swarm_42_141.pdb	9.597	28.739	0.0338983	26.635
swarm_64_183.pdb	19.319	48.440	0	26.624
swarm_40_76.pdb	17.013	51.687	0	26.582
swarm_7_119.pdb	18.883	39.086	0	26.461
swarm_11_147.pdb	16.453	31.800	0	26.425
swarm_44_192.pdb	12.970	42.909	0	26.417
swarm_53_180.pdb	15.158	27.591	0.0169492	26.407
swarm_39_131.pdb	12.896	27.712	0	26.337
swarm_23_193.pdb	14.547	48.744	0.0508475	26.328
swarm_45_142.pdb	15.647	35.119	0	26.320
swarm_50_90.pdb	14.165	41.027	0	26.313
swarm_26_97.pdb	10.447	22.941	0	26.311
swarm_45_154.pdb	13.680	35.734	0	26.305
swarm_5_192.pdb	21.770	58.330	0	26.241
swarm_35_70.pdb	16.062	33.103	0	26.166
swarm_39_3.pdb	18.788	30.304	0	26.146
swarm_28_168.pdb	15.882	48.262	0	26.109
swarm_4_113.pdb	16.409	55.725	0	26.095
swarm_3_38.pdb	12.092	34.658	0	26.070
swarm_5_77.pdb	23.002	52.247	0	26.033
swarm_26_187.pdb	15.024	32.468	0	26.023
swarm_10_136.pdb	10.851	25.221	0	26.012
swarm_1_67.pdb	15.739	31.521	0	25.978
swarm_41_152.pdb	16.176	40.485	0	25.934
swarm_7_53.pdb	18.913	47.095	0	25.931
swarm_42_18.pdb	17.575	50.052	0	25.923
swarm_38_4.pdb	13.497	41.663	0	25.786
swarm_16_84.pdb	17.211	38.705	0	25.693
swarm_52_176.pdb	13.710	57.857	0.0169492	25.678
swarm_72_100.pdb	15.770	35.161	0	25.658
swarm_41_132.pdb	19.749	41.936	0	25.636
swarm_54_57.pdb	16.521	52.207	0	25.635
swarm_58_146.pdb	11.927	29.326	0	25.634
swarm_8_49.pdb	15.758	24.745	0	25.630
swarm_39_20.pdb	13.284	28.655	0	25.628
swarm_26_18.pdb	20.185	49.990	0	25.570
swarm_3_139.pdb	18.535	49.254	0	25.469
swarm_25_74.pdb	13.469	26.092	0	25.463
swarm_61_145.pdb	19.430	36.841	0	25.409
swarm_3_186.pdb	15.165	49.065	0.0169492	25.401
swarm_6_188.pdb	15.682	42.108	0	25.392
swarm_21_35.pdb	15.321	38.407	0	25.391
swarm_26_98.pdb	14.070	26.208	0	25.378
swarm_41_101.pdb	12.937	38.698	0	25.368
swarm_47_26.pdb	15.282	48.342	0.0169492	25.346
swarm_20_6.pdb	7.042	23.768	0.0338983	25.316
swarm_26_102.pdb	14.704	23.549	0.101695	25.260
swarm_49_11.pdb	14.096	48.138	0	25.257
swarm_26_189.pdb	14.784	27.273	0	25.251
swarm_12_86.pdb	13.934	50.505	0.118644	25.186
swarm_7_33.pdb	13.942	45.056	0	25.183
swarm_49_185.pdb	12.829	47.695	0	25.113
swarm_9_111.pdb	13.857	34.968	0	25.078
swarm_44_8.pdb	21.189	45.282	0	25.064
swarm_50_157.pdb	17.527	44.710	0	25.056
swarm_54_23.pdb	22.979	45.093	0	25.012
swarm_46_198.pdb	14.847	61.294	0	24.989
swarm_41_2.pdb	15.717	47.358	0	24.987
swarm_39_195.pdb	8.489	33.559	0.0338983	24.980
swarm_35_18.pdb	19.588	56.059	0	24.967
swarm_13_155.pdb	15.417	27.463	0.0169492	24.939
swarm_3_114.pdb	16.245	31.813	0	24.937
swarm_54_65.pdb	14.015	43.765	0	24.876
swarm_35_9.pdb	17.397	28.425	0	24.871
swarm_17_199.pdb	9.378	23.952	0	24.860
swarm_47_102.pdb	13.580	44.396	0	24.849
swarm_18_80.pdb	13.801	28.015	0	24.737
swarm_58_57.pdb	5.793	20.362	0.186441	24.730
swarm_6_107.pdb	12.334	25.212	0.0169492	24.719
swarm_43_97.pdb	11.940	23.299	0.0508475	24.719
swarm_20_69.pdb	15.167	33.588	0	24.719
swarm_49_57.pdb	14.413	41.445	0	24.695
swarm_1_54.pdb	14.201	47.330	0.0338983	24.674
swarm_40_49.pdb	14.933	37.834	0	24.590
swarm_14_176.pdb	20.172	46.195	0	24.589
swarm_15_188.pdb	23.919	44.667	0	24.577
swarm_54_115.pdb	16.463	62.475	0.0338983	24.551
swarm_46_53.pdb	22.527	47.202	0	24.542
swarm_24_128.pdb	13.863	22.227	0	24.512
swarm_53_18.pdb	18.073	50.138	0	24.459
swarm_31_71.pdb	18.499	34.238	0	24.418
swarm_2_60.pdb	18.590	37.756	0	24.393
swarm_13_145.pdb	11.054	32.691	0	24.393
swarm_14_92.pdb	14.132	56.423	0.0169492	24.390
swarm_13_45.pdb	18.810	40.893	0	24.369
swarm_3_0.pdb	22.450	49.737	0	24.339
swarm_63_92.pdb	19.567	53.467	0	24.286
swarm_26_40.pdb	16.652	29.429	0	24.283
swarm_5_104.pdb	10.939	22.483	0.0508475	24.249
swarm_24_194.pdb	14.403	36.243	0	24.210
swarm_46_19.pdb	18.277	38.228	0	24.196
swarm_7_164.pdb	14.136	51.457	0	24.151
swarm_1_181.pdb	10.629	32.766	0	23.995
swarm_1_189.pdb	13.387	29.499	0	23.990
swarm_62_67.pdb	19.141	41.503	0	23.979
swarm_6_71.pdb	11.223	39.920	0.0169492	23.908
swarm_12_8.pdb	15.357	39.861	0	23.899
swarm_40_181.pdb	6.681	24.171	0.0338983	23.872
swarm_46_154.pdb	21.352	38.294	0	23.840
swarm_52_181.pdb	15.875	61.622	0.0338983	23.835
swarm_38_137.pdb	17.700	40.788	0	23.822
swarm_19_59.pdb	20.768	44.941	0	23.822
swarm_1_122.pdb	14.360	46.767	0	23.822
swarm_19_198.pdb	15.160	35.135	0.0169492	23.811
swarm_31_186.pdb	17.306	34.186	0	23.738
swarm_2_88.pdb	12.070	31.229	0	23.718
swarm_39_35.pdb	12.817	30.135	0	23.659
swarm_6_97.pdb	9.497	26.542	0.118644	23.650
swarm_22_55.pdb	23.755	44.599	0	23.622
swarm_3_133.pdb	15.763	44.190	0	23.614
swarm_42_38.pdb	17.186	36.634	0	23.612
swarm_33_27.pdb	13.870	28.086	0.0338983	23.593
swarm_50_1.pdb	15.834	35.492	0	23.529
swarm_21_199.pdb	20.795	40.340	0	23.510
swarm_12_192.pdb	11.689	43.317	0.0847458	23.491
swarm_38_41.pdb	13.980	38.908	0	23.474
swarm_4_55.pdb	18.796	34.603	0	23.417
swarm_13_111.pdb	13.381	29.698	0	23.370
swarm_52_33.pdb	22.009	45.092	0	23.334
swarm_28_131.pdb	21.899	34.592	0	23.309
swarm_62_167.pdb	24.320	48.306	0	23.292
swarm_49_95.pdb	13.840	42.793	0.0169492	23.278
swarm_41_134.pdb	13.764	43.438	0	23.277
swarm_21_22.pdb	21.202	56.103	0	23.243
swarm_14_71.pdb	17.390	30.759	0	23.236
swarm_25_116.pdb	13.952	28.767	0	23.224
swarm_46_86.pdb	19.298	33.487	0	23.192
swarm_36_41.pdb	12.477	27.512	0	23.160
swarm_64_178.pdb	18.818	50.847	0	23.159
swarm_42_101.pdb	12.206	27.636	0	23.150
swarm_64_197.pdb	21.598	47.636	0	23.149
swarm_32_134.pdb	20.699	40.456	0	23.099
swarm_39_169.pdb	10.775	30.385	0	23.088
swarm_16_36.pdb	14.543	28.581	0	23.083
swarm_6_87.pdb	14.007	35.009	0	23.075
swarm_22_161.pdb	15.320	51.897	0	23.024
swarm_36_111.pdb	12.570	30.422	0	23.015
swarm_52_168.pdb	18.678	51.595	0	23.007
swarm_5_124.pdb	9.859	27.246	0.0847458	23.001
swarm_12_119.pdb	14.350	41.921	0	22.969
swarm_15_74.pdb	9.367	36.428	0.0508475	22.967
swarm_20_145.pdb	18.690	42.524	0	22.950
swarm_39_86.pdb	14.862	58.937	0.0508475	22.894
swarm_39_100.pdb	12.751	34.720	0	22.888
swarm_37_37.pdb	15.858	37.046	0	22.882
swarm_64_72.pdb	20.180	47.588	0	22.880
swarm_52_88.pdb	22.027	55.241	0	22.864
swarm_55_40.pdb	8.585	34.717	0.0169492	22.825
swarm_17_177.pdb	15.871	54.835	0.0169492	22.817
swarm_21_87.pdb	18.175	40.288	0	22.811
swarm_21_126.pdb	11.891	33.512	0.0338983	22.787
swarm_15_46.pdb	15.290	42.573	0	22.738
swarm_13_2.pdb	10.527	44.417	0	22.709
swarm_11_11.pdb	15.195	29.557	0.101695	22.685
swarm_67_120.pdb	12.976	42.501	0	22.666
swarm_40_11.pdb	18.884	33.187	0	22.601
swarm_18_124.pdb	16.851	39.004	0	22.597
swarm_20_161.pdb	10.334	26.769	0.0169492	22.596
swarm_58_19.pdb	17.079	38.569	0	22.579
swarm_46_104.pdb	17.274	48.279	0	22.577
swarm_33_167.pdb	18.688	44.791	0	22.575
swarm_37_196.pdb	9.781	41.439	0	22.540
swarm_38_149.pdb	12.232	30.529	0	22.515
swarm_33_198.pdb	16.139	25.780	0	22.483
swarm_8_136.pdb	14.742	36.187	0	22.456
swarm_10_50.pdb	15.015	27.282	0	22.357
swarm_4_84.pdb	14.925	33.310	0	22.312
swarm_50_199.pdb	10.155	40.321	0.0338983	22.285
swarm_64_75.pdb	20.484	43.752	0	22.267
swarm_49_137.pdb	14.893	54.607	0.0847458	22.263
swarm_20_80.pdb	12.953	29.676	0	22.255
swarm_49_117.pdb	15.278	40.720	0	22.231
swarm_28_128.pdb	20.095	29.867	0	22.217
swarm_12_169.pdb	12.811	40.356	0	22.213
swarm_50_108.pdb	14.674	43.787	0.0169492	22.135
swarm_26_15.pdb	18.250	47.057	0	22.127
swarm_27_85.pdb	14.368	24.792	0	22.116
swarm_6_168.pdb	13.653	37.373	0.0169492	22.096
swarm_64_42.pdb	19.688	36.179	0	22.089
swarm_51_84.pdb	18.411	40.266	0	22.080
swarm_1_68.pdb	12.988	37.718	0	22.006
swarm_33_58.pdb	17.528	29.210	0	21.986
swarm_6_196.pdb	14.314	25.098	0	21.916
swarm_19_169.pdb	16.963	39.875	0	21.899
swarm_51_114.pdb	11.713	34.225	0.0169492	21.878
swarm_31_154.pdb	13.863	38.928	0	21.868
swarm_15_165.pdb	15.062	27.421	0	21.845
swarm_41_75.pdb	16.570	38.839	0	21.829
swarm_36_42.pdb	14.770	41.627	0	21.790
swarm_30_186.pdb	19.840	41.557	0	21.790
swarm_13_183.pdb	9.691	30.111	0	21.706
swarm_10_116.pdb	13.060	22.849	0	21.683
swarm_9_92.pdb	15.989	28.749	0	21.667
swarm_67_57.pdb	19.919	44.431	0	21.651
swarm_4_105.pdb	15.636	44.263	0	21.629
swarm_30_115.pdb	11.042	40.083	0	21.601
swarm_20_44.pdb	11.081	22.707	0	21.599
swarm_36_51.pdb	12.633	40.899	0	21.591
swarm_21_198.pdb	16.727	30.524	0	21.590
swarm_45_7.pdb	16.546	28.243	0	21.584
swarm_14_155.pdb	17.019	33.429	0	21.563
swarm_54_82.pdb	16.188	47.170	0	21.543
swarm_33_46.pdb	17.597	32.639	0	21.528
swarm_33_109.pdb	20.269	32.529	0	21.518
swarm_42_92.pdb	15.009	25.055	0	21.484
swarm_15_133.pdb	14.065	42.171	0	21.473
swarm_49_108.pdb	15.136	35.455	0	21.467
swarm_13_166.pdb	21.316	45.565	0	21.392
swarm_4_64.pdb	8.333	29.130	0	21.381
swarm_25_173.pdb	15.672	32.098	0	21.374
swarm_30_103.pdb	15.444	37.963	0	21.341
swarm_10_139.pdb	14.296	38.325	0.0338983	21.330
swarm_25_46.pdb	13.234	26.983	0	21.265
swarm_17_116.pdb	15.403	44.996	0	21.254
swarm_41_58.pdb	21.828	43.572	0	21.214
swarm_6_125.pdb	11.562	32.923	0	21.210
swarm_0_8.pdb	9.404	33.836	0	21.132
swarm_64_100.pdb	15.341	46.726	0	21.128
swarm_7_100.pdb	14.516	36.392	0	21.120
swarm_4_141.pdb	14.707	40.177	0	21.119
swarm_29_173.pdb	14.301	38.749	0	21.119
swarm_11_108.pdb	22.435	50.632	0	21.069
swarm_50_196.pdb	24.476	48.863	0	21.060
swarm_3_111.pdb	10.744	32.044	0	20.996
swarm_5_113.pdb	16.303	33.985	0	20.976
swarm_1_123.pdb	13.474	45.686	0	20.858
swarm_31_128.pdb	15.505	37.445	0	20.838
swarm_16_100.pdb	23.370	45.599	0	20.828
swarm_18_158.pdb	12.908	28.560	0	20.804
swarm_64_197.pdb	21.527	40.823	0	20.771
swarm_18_16.pdb	15.811	30.787	0	20.769
swarm_43_152.pdb	13.509	44.299	0	20.650
swarm_17_194.pdb	10.675	22.607	0.0338983	20.643
swarm_44_71.pdb	20.862	44.686	0	20.624
swarm_30_19.pdb	18.946	42.744	0	20.620
swarm_50_97.pdb	14.310	43.600	0	20.607
swarm_8_85.pdb	14.647	31.228	0	20.587
swarm_59_31.pdb	18.839	42.506	0	20.577
swarm_14_174.pdb	15.580	29.027	0	20.560
swarm_50_94.pdb	16.172	50.736	0	20.547
swarm_40_42.pdb	14.474	49.802	0	20.525
swarm_25_64.pdb	19.122	45.692	0	20.522
swarm_54_128.pdb	14.464	46.755	0.0169492	20.517
swarm_2_69.pdb	18.589	29.958	0	20.500
swarm_16_170.pdb	17.599	43.125	0	20.499
swarm_26_17.pdb	5.514	16.249	0.118644	20.442
swarm_16_86.pdb	13.227	28.775	0	20.432
swarm_22_94.pdb	14.871	47.016	0.0169492	20.419
swarm_54_129.pdb	17.032	52.823	0	20.410
swarm_22_56.pdb	10.157	29.349	0	20.403
swarm_41_137.pdb	16.311	42.724	0	20.390
swarm_7_91.pdb	15.207	35.544	0	20.380
swarm_42_108.pdb	24.613	46.053	0	20.365
swarm_30_187.pdb	18.410	40.158	0	20.350
swarm_25_134.pdb	11.239	44.256	0	20.334
swarm_37_74.pdb	19.690	50.387	0	20.333
swarm_31_80.pdb	16.043	33.383	0	20.302
swarm_16_151.pdb	18.070	36.048	0	20.272
swarm_51_127.pdb	19.338	46.148	0	20.257
swarm_44_145.pdb	13.232	36.945	0	20.223
swarm_31_86.pdb	13.584	40.720	0.0508475	20.121
swarm_6_23.pdb	16.787	42.186	0	20.045
swarm_19_37.pdb	10.387	23.937	0	20.027
swarm_62_136.pdb	11.245	39.741	0	19.927
swarm_19_91.pdb	13.822	29.112	0	19.925
swarm_51_10.pdb	14.498	35.663	0.0338983	19.919
swarm_52_160.pdb	19.867	43.304	0	19.871
swarm_12_167.pdb	12.260	39.343	0.0169492	19.742
swarm_7_129.pdb	15.620	47.949	0	19.714
swarm_36_188.pdb	23.263	56.089	0	19.704
swarm_16_199.pdb	20.060	40.675	0	19.691
swarm_31_54.pdb	13.315	33.564	0	19.617
swarm_60_176.pdb	11.522	42.974	0	19.613
swarm_7_21.pdb	17.523	38.288	0	19.606
swarm_18_52.pdb	9.896	40.606	0.0508475	19.596
swarm_63_108.pdb	20.393	38.299	0	19.564
swarm_19_159.pdb	11.936	22.752	0	19.538
swarm_15_178.pdb	15.038	27.864	0	19.527
swarm_44_37.pdb	13.001	58.474	0	19.497
swarm_25_31.pdb	15.217	23.779	0.0338983	19.480
swarm_64_171.pdb	19.518	38.617	0	19.479
swarm_36_6.pdb	18.443	38.928	0	19.418
swarm_51_67.pdb	22.150	46.612	0	19.320
swarm_52_194.pdb	20.040	44.823	0	19.265
swarm_44_61.pdb	15.792	49.648	0	19.220
swarm_53_76.pdb	9.340	34.551	0.0508475	19.199
swarm_47_103.pdb	16.887	41.472	0	19.160
swarm_4_63.pdb	16.507	37.508	0	19.129
swarm_41_108.pdb	17.699	30.427	0	19.127
swarm_32_28.pdb	18.768	40.605	0	19.093
swarm_36_61.pdb	14.562	40.123	0.0677966	19.041
swarm_18_195.pdb	17.353	31.939	0	19.036
swarm_11_179.pdb	9.799	30.357	0	19.021
swarm_18_68.pdb	15.323	30.674	0	19.012
swarm_54_197.pdb	11.063	44.170	0	19.007
swarm_16_153.pdb	11.689	29.942	0	19.003
swarm_1_127.pdb	14.498	39.890	0	18.979
swarm_28_160.pdb	17.571	42.819	0	18.978
swarm_28_56.pdb	16.505	30.505	0	18.954
swarm_35_161.pdb	16.060	29.743	0	18.908
swarm_26_32.pdb	20.258	44.020	0	18.827
swarm_28_84.pdb	13.138	23.859	0	18.824
swarm_43_100.pdb	13.392	31.841	0	18.788
swarm_51_119.pdb	14.538	34.036	0	18.761
swarm_8_67.pdb	15.996	29.100	0	18.756
swarm_7_108.pdb	13.621	28.677	0	18.710
swarm_16_157.pdb	19.159	40.895	0	18.671
swarm_24_24.pdb	15.378	25.713	0	18.665
swarm_29_178.pdb	16.554	41.085	0	18.620
swarm_52_77.pdb	16.871	38.567	0	18.577
swarm_18_42.pdb	13.164	22.397	0	18.503
swarm_1_78.pdb	18.439	54.939	0	18.468
swarm_11_43.pdb	12.849	29.835	0	18.426
swarm_32_113.pdb	15.237	30.486	0	18.375
swarm_31_125.pdb	12.331	32.511	0.0508475	18.363
swarm_52_107.pdb	15.306	40.543	0	18.358
swarm_43_8.pdb	12.999	43.187	0	18.356
swarm_32_128.pdb	13.586	40.966	0.0508475	18.253
swarm_4_53.pdb	13.742	55.798	0.0169492	18.145
swarm_1_130.pdb	15.447	35.614	0	18.111
swarm_12_162.pdb	13.071	46.811	0	18.101
swarm_64_195.pdb	23.155	54.342	0	18.096
swarm_1_94.pdb	15.398	34.886	0	18.065
swarm_64_6.pdb	16.580	43.656	0	18.058
swarm_41_64.pdb	21.985	43.353	0	18.051
swarm_12_164.pdb	11.278	45.552	0.0508475	18.039
swarm_7_24.pdb	14.772	31.667	0	17.977
swarm_15_160.pdb	21.560	48.026	0	17.947
swarm_60_127.pdb	22.463	54.518	0	17.930
swarm_46_101.pdb	24.403	49.745	0	17.924
swarm_62_33.pdb	15.595	45.584	0	17.898
swarm_44_81.pdb	21.389	45.967	0	17.829
swarm_52_115.pdb	17.337	43.697	0	17.766
swarm_4_54.pdb	14.781	59.469	0	17.755
swarm_8_190.pdb	15.962	31.020	0	17.725
swarm_17_187.pdb	14.945	23.390	0	17.638
swarm_49_88.pdb	15.196	45.654	0	17.588
swarm_49_180.pdb	17.454	46.501	0	17.538
swarm_1_23.pdb	13.854	43.694	0	17.506
swarm_51_117.pdb	18.710	44.083	0	17.449
swarm_60_36.pdb	12.627	43.970	0	17.322
swarm_41_127.pdb	21.817	45.306	0	17.303
swarm_36_132.pdb	16.341	37.354	0	17.298
swarm_72_127.pdb	20.198	37.139	0	17.273
swarm_15_142.pdb	11.190	37.257	0	17.186
swarm_28_54.pdb	14.473	33.905	0	17.174
swarm_33_137.pdb	19.691	44.478	0	17.173
swarm_51_83.pdb	19.548	35.704	0	17.151
swarm_51_66.pdb	21.242	38.497	0	17.146
swarm_53_109.pdb	14.723	31.896	0	17.127
swarm_35_57.pdb	16.918	37.154	0	16.943
swarm_50_9.pdb	15.180	58.555	0	16.878
swarm_65_52.pdb	17.186	56.721	0	16.858
swarm_19_190.pdb	20.181	33.096	0	16.840
swarm_63_40.pdb	15.514	55.401	0.152542	16.836
swarm_44_97.pdb	20.783	43.678	0	16.818
swarm_16_191.pdb	18.874	47.076	0	16.763
swarm_52_118.pdb	23.020	48.382	0	16.666
swarm_16_131.pdb	14.402	37.099	0	16.592
swarm_28_26.pdb	14.217	22.686	0	16.561
swarm_26_20.pdb	17.616	45.250	0	16.561
swarm_19_115.pdb	13.874	45.117	0.0338983	16.527
swarm_59_65.pdb	15.596	64.858	0	16.494
swarm_53_195.pdb	16.058	30.215	0	16.409
swarm_39_185.pdb	12.743	24.321	0.0508475	16.381
swarm_54_105.pdb	19.498	49.163	0	16.369
swarm_18_17.pdb	13.118	31.246	0.0847458	16.357
swarm_65_154.pdb	16.574	45.336	0	16.283
swarm_1_142.pdb	14.029	40.601	0.0338983	16.194
swarm_27_121.pdb	9.071	25.106	0.0169492	16.178
swarm_5_15.pdb	19.031	44.470	0	16.172
swarm_16_166.pdb	17.108	27.168	0	15.897
swarm_54_163.pdb	15.590	33.949	0	15.854
swarm_2_31.pdb	10.223	42.083	0	15.823
swarm_61_183.pdb	12.441	43.271	0.0169492	15.668
swarm_42_35.pdb	12.692	51.067	0	15.651
swarm_30_122.pdb	15.233	29.235	0	15.651
swarm_26_197.pdb	16.263	44.702	0	15.553
swarm_32_97.pdb	17.452	41.985	0	15.524
swarm_20_187.pdb	9.264	21.717	0	15.512
swarm_14_57.pdb	20.838	38.315	0	15.464
swarm_38_107.pdb	16.585	39.053	0	15.440
swarm_16_84.pdb	12.682	40.222	0.0677966	15.416
swarm_35_13.pdb	16.997	35.337	0	15.201
swarm_24_81.pdb	15.028	34.488	0	15.078
swarm_59_168.pdb	13.045	58.757	0	15.073
swarm_39_135.pdb	16.739	31.223	0.0169492	14.964
swarm_41_14.pdb	22.288	50.238	0	14.853
swarm_50_5.pdb	15.787	41.426	0	14.701
swarm_33_18.pdb	5.803	20.396	0.0338983	14.577
swarm_0_7.pdb	16.421	36.558	0	14.555
swarm_54_159.pdb	14.100	47.263	0	14.287
swarm_40_58.pdb	19.144	51.149	0	14.047
swarm_14_62.pdb	19.415	32.914	0	13.688
swarm_0_143.pdb	19.303	46.092	0	13.656
swarm_16_162.pdb	20.994	46.000	0	13.280
swarm_45_151.pdb	8.089	29.788	0.135593	12.986
swarm_36_113.pdb	14.092	46.904	0	12.900
swarm_21_179.pdb	12.748	40.472	0.0169492	12.784
swarm_54_111.pdb	21.797	45.990	0	12.757
swarm_39_27.pdb	16.638	25.639	0	12.747
swarm_41_135.pdb	15.493	40.096	0	12.177
swarm_22_51.pdb	19.850	46.261	0	12.087
swarm_19_65.pdb	11.111	22.630	0.0169492	12.032
swarm_13_40.pdb	6.541	24.139	0.0508475	12.012
swarm_34_74.pdb	14.910	56.190	0	11.784
swarm_48_134.pdb	14.898	50.515	0	11.566
swarm_33_25.pdb	8.010	25.646	0.0169492	11.527
swarm_38_167.pdb	14.288	38.067	0	11.119
swarm_55_58.pdb	21.464	49.412	0	10.733
swarm_65_74.pdb	20.702	49.711	0	10.049
swarm_50_27.pdb	17.640	52.304	0	8.287
swarm_14_28.pdb	17.947	28.350	0	7.537
swarm_0_82.pdb	20.167	35.795	0	7.437
swarm_52_155.pdb	13.855	61.794	0	7.148
swarm_10_178.pdb	12.071	26.799	0	6.819
swarm_56_29.pdb	19.037	51.940	0	6.231
swarm_25_93.pdb	17.269	39.196	0	5.416
swarm_8_162.pdb	16.483	31.359	0	5.203
swarm_6_113.pdb	10.171	23.938	0	4.384
swarm_16_131.pdb	15.886	40.380	0	3.579
swarm_40_141.pdb	12.572	55.231	0	2.982
swarm_35_64.pdb	15.746	33.684	0	2.665
swarm_25_1.pdb	11.615	23.578	0.0169492	2.464
swarm_32_160.pdb	12.053	44.522	0.0169492	1.808
swarm_64_84.pdb	14.042	49.702	0	1.698
swarm_17_23.pdb	12.025	28.814	0.0169492	0.792
