swarm_12_71.pdb	12.335	40.633	0	45.074
swarm_15_78.pdb	11.139	27.144	0.0169492	43.607
swarm_53_98.pdb	16.142	39.332	0	36.853
swarm_60_131.pdb	13.626	41.088	0	34.331
swarm_61_124.pdb	12.936	45.977	0	34.137
swarm_35_122.pdb	11.931	36.633	0.0508475	33.714
swarm_36_8.pdb	10.880	39.914	0	33.580
swarm_2_96.pdb	8.549	31.938	0.0508475	33.430
swarm_45_196.pdb	16.022	40.382	0	32.903
swarm_61_85.pdb	14.590	41.777	0.0677966	32.014
swarm_36_0.pdb	13.699	42.294	0.0338983	31.973
swarm_40_51.pdb	10.674	29.159	0.0169492	31.443
swarm_30_40.pdb	15.387	28.145	0	30.772
swarm_60_111.pdb	15.635	37.309	0	30.723
swarm_34_97.pdb	13.219	37.027	0	30.575
swarm_14_32.pdb	13.315	23.913	0	30.410
swarm_61_16.pdb	15.978	46.569	0	29.881
swarm_23_11.pdb	14.136	36.399	0	29.654
swarm_62_39.pdb	13.909	50.539	0.0847458	29.626
swarm_28_179.pdb	14.194	33.833	0	29.464
swarm_36_161.pdb	11.184	27.798	0.0169492	28.982
swarm_39_132.pdb	13.082	29.027	0.0338983	28.701
swarm_36_43.pdb	8.768	37.481	0	28.597
swarm_28_144.pdb	15.316	30.987	0	28.483
swarm_34_111.pdb	15.517	43.805	0	28.434
swarm_38_67.pdb	16.076	28.913	0	28.383
swarm_14_173.pdb	18.010	33.865	0	28.142
swarm_35_123.pdb	16.956	39.377	0	27.988
swarm_24_13.pdb	16.715	36.637	0	27.664
swarm_60_106.pdb	16.994	39.614	0	27.579
swarm_69_139.pdb	12.729	28.147	0	27.514
swarm_15_9.pdb	10.689	24.135	0	27.272
swarm_30_100.pdb	9.878	22.129	0.0169492	27.196
swarm_35_117.pdb	14.620	43.669	0	26.837
swarm_23_63.pdb	13.031	48.122	0.0338983	26.629
swarm_40_160.pdb	15.247	39.778	0	26.612
swarm_34_128.pdb	14.729	45.701	0.0169492	26.588
swarm_33_118.pdb	12.457	33.989	0	26.385
swarm_53_130.pdb	14.468	52.042	0.101695	26.353
swarm_36_91.pdb	13.799	35.023	0	26.307
swarm_33_169.pdb	13.342	36.183	0.0169492	26.149
swarm_48_59.pdb	19.002	55.318	0	26.073
swarm_33_161.pdb	9.709	31.834	0.118644	25.878
swarm_12_181.pdb	12.455	40.940	0.0677966	25.866
swarm_21_87.pdb	13.488	28.842	0	25.854
swarm_2_145.pdb	15.838	38.166	0.0169492	25.833
swarm_28_184.pdb	9.765	24.492	0	25.700
swarm_31_71.pdb	13.866	34.477	0.0169492	25.685
swarm_14_126.pdb	14.991	29.927	0	25.463
swarm_61_181.pdb	17.838	47.806	0	25.357
swarm_14_132.pdb	15.693	34.297	0.0169492	25.097
swarm_39_152.pdb	11.719	25.881	0.0169492	24.880
swarm_36_149.pdb	11.694	30.105	0	24.729
swarm_2_169.pdb	17.295	35.656	0	24.676
swarm_28_4.pdb	11.458	31.874	0	24.523
swarm_49_60.pdb	19.899	44.159	0	24.370
swarm_28_107.pdb	13.824	36.849	0.118644	23.878
swarm_31_23.pdb	10.900	31.843	0	23.479
swarm_60_161.pdb	11.919	42.194	0	23.417
swarm_4_170.pdb	20.359	40.347	0	23.389
swarm_1_149.pdb	17.912	36.589	0	23.356
swarm_36_31.pdb	12.450	35.375	0	23.342
swarm_1_57.pdb	12.248	26.997	0	23.241
swarm_4_85.pdb	10.894	44.219	0.0847458	23.227
swarm_12_128.pdb	12.629	49.385	0.0338983	23.130
swarm_36_196.pdb	12.534	35.768	0	22.808
swarm_36_12.pdb	7.493	28.832	0.0508475	22.687
swarm_35_93.pdb	12.332	39.706	0.0847458	22.680
swarm_11_69.pdb	15.396	27.309	0.0338983	22.605
swarm_29_181.pdb	9.978	45.083	0.0508475	22.266
swarm_60_85.pdb	14.759	40.531	0	22.097
swarm_15_150.pdb	13.405	26.019	0	22.088
swarm_13_109.pdb	13.759	35.709	0	22.036
swarm_58_42.pdb	15.926	42.916	0	21.927
swarm_11_147.pdb	15.884	29.885	0	21.699
swarm_36_179.pdb	14.340	31.648	0.101695	21.533
swarm_15_111.pdb	14.746	30.770	0.0169492	21.476
swarm_31_45.pdb	8.000	27.994	0.0338983	21.272
swarm_5_160.pdb	13.768	38.785	0.0338983	20.927
swarm_14_43.pdb	5.118	14.112	0.237288	20.694
swarm_35_94.pdb	9.165	38.808	0	20.678
swarm_28_15.pdb	7.176	22.780	0.0677966	20.560
swarm_12_115.pdb	13.899	40.726	0.0169492	20.433
swarm_24_41.pdb	15.626	28.815	0	20.358
swarm_36_139.pdb	14.300	40.209	0	20.236
swarm_14_26.pdb	16.611	30.121	0	20.186
swarm_49_183.pdb	13.056	45.003	0.0508475	20.183
swarm_29_194.pdb	14.563	43.934	0	20.153
swarm_23_20.pdb	15.060	40.074	0	19.955
swarm_35_120.pdb	9.976	35.162	0.0338983	19.865
swarm_24_115.pdb	5.714	12.131	0.0338983	19.836
swarm_15_136.pdb	16.573	27.400	0	19.784
swarm_29_12.pdb	12.519	35.887	0.0169492	19.266
swarm_14_111.pdb	7.592	21.363	0	19.056
swarm_16_143.pdb	17.994	32.302	0	19.043
swarm_61_188.pdb	12.506	45.463	0	18.480
swarm_60_187.pdb	16.974	44.978	0	18.337
swarm_22_115.pdb	13.872	47.344	0	18.056
swarm_15_177.pdb	13.943	29.886	0	16.281
swarm_33_157.pdb	14.854	47.435	0.0169492	16.180
swarm_16_150.pdb	15.091	32.693	0	14.228
swarm_49_86.pdb	17.035	41.980	0	13.609
swarm_32_165.pdb	15.366	36.208	0	13.194
swarm_11_49.pdb	14.444	27.371	0	12.322
swarm_63_38.pdb	19.222	36.401	0	12.081
swarm_49_131.pdb	14.112	46.774	0	11.103
swarm_14_18.pdb	4.951	16.978	0.169492	10.933
swarm_35_145.pdb	11.464	33.384	0.0169492	10.543
swarm_19_31.pdb	18.380	50.819	0	7.133
swarm_35_134.pdb	16.552	28.942	0	5.269
swarm_55_102.pdb	15.378	54.514	0	1.838
