swarm_20_69.pdb	2.346	6.765	0.8	78.466
swarm_15_10.pdb	2.415	6.872	0.757143	77.625
swarm_16_82.pdb	2.564	7.337	0.785714	76.754
swarm_10_10.pdb	2.256	6.042	0.771429	76.437
swarm_21_115.pdb	2.445	6.843	0.6	61.233
swarm_7_156.pdb	8.012	21.157	0.0285714	53.129
swarm_22_157.pdb	4.638	8.001	0.214286	51.858
swarm_14_99.pdb	5.056	19.041	0.428571	51.761
swarm_23_112.pdb	8.490	22.736	0.0285714	51.012
swarm_21_20.pdb	7.987	20.845	0.0285714	50.147
swarm_15_60.pdb	5.240	16.099	0.4	49.929
swarm_14_73.pdb	6.172	19.375	0.328571	49.729
swarm_23_65.pdb	9.201	29.795	0	48.367
swarm_24_89.pdb	3.549	9.386	0.514286	48.327
swarm_5_50.pdb	9.875	30.072	0	46.427
swarm_9_104.pdb	6.815	20.889	0.171429	45.506
swarm_20_29.pdb	6.858	21.641	0.285714	44.813
swarm_17_8.pdb	11.696	33.359	0	44.599
swarm_25_38.pdb	9.077	33.904	0.0285714	44.463
swarm_15_181.pdb	4.972	17.312	0.428571	44.448
swarm_19_17.pdb	2.599	7.785	0.485714	43.922
swarm_9_3.pdb	6.023	17.583	0.314286	43.842
swarm_4_199.pdb	9.586	31.056	0	43.206
swarm_5_182.pdb	8.173	23.446	0.0285714	43.038
swarm_8_25.pdb	7.126	19.124	0.114286	42.435
swarm_0_95.pdb	5.750	17.358	0.171429	42.332
swarm_3_120.pdb	9.398	33.476	0.0142857	42.048
swarm_24_46.pdb	6.170	16.565	0.228571	42.043
swarm_23_104.pdb	9.654	32.203	0	41.631
swarm_11_104.pdb	11.704	34.586	0	41.584
swarm_9_178.pdb	11.616	32.458	0	41.391
swarm_2_141.pdb	9.421	33.233	0	41.210
swarm_10_110.pdb	7.315	15.931	0.142857	41.002
swarm_21_126.pdb	9.275	26.579	0	40.985
swarm_15_121.pdb	5.373	14.363	0.3	40.152
swarm_18_42.pdb	6.155	14.838	0.1	40.110
swarm_0_62.pdb	10.080	23.543	0	39.855
swarm_19_123.pdb	6.792	17.018	0.114286	39.434
swarm_12_99.pdb	9.904	26.089	0	39.300
swarm_13_182.pdb	8.082	24.219	0.114286	38.642
swarm_16_87.pdb	6.419	18.240	0.128571	38.434
swarm_6_104.pdb	12.054	32.806	0	38.327
swarm_16_67.pdb	5.059	10.550	0.214286	38.052
swarm_1_105.pdb	7.415	23.446	0.142857	37.903
swarm_25_187.pdb	12.146	35.836	0	37.794
swarm_18_193.pdb	9.982	20.936	0	37.628
swarm_7_65.pdb	5.919	19.222	0.2	37.459
swarm_16_71.pdb	7.846	19.787	0.214286	37.453
swarm_22_133.pdb	3.806	9.590	0.328571	37.167
swarm_19_93.pdb	7.824	20.851	0.242857	36.508
swarm_1_75.pdb	9.340	30.407	0	36.450
swarm_18_6.pdb	8.894	19.499	0.0285714	35.859
swarm_4_69.pdb	11.512	34.902	0	35.657
swarm_22_174.pdb	10.356	19.988	0	35.630
swarm_1_60.pdb	8.907	31.843	0.0142857	35.483
swarm_2_197.pdb	9.741	29.512	0.1	35.478
swarm_1_44.pdb	6.681	20.449	0.2	34.813
swarm_22_124.pdb	6.605	20.377	0.128571	34.765
swarm_19_10.pdb	8.981	22.755	0.0285714	34.352
swarm_15_172.pdb	8.457	22.776	0.142857	34.313
swarm_18_168.pdb	8.002	24.229	0.0142857	34.249
swarm_7_163.pdb	9.373	27.626	0	33.494
swarm_4_77.pdb	9.339	28.564	0.128571	32.287
swarm_10_96.pdb	9.369	19.534	0.0285714	32.149
swarm_24_56.pdb	5.953	17.048	0.157143	31.693
swarm_10_67.pdb	5.987	19.026	0.2	30.735
swarm_13_113.pdb	8.642	30.632	0.0142857	30.473
swarm_24_72.pdb	9.067	19.052	0.0285714	30.392
swarm_8_123.pdb	9.772	28.802	0	29.940
swarm_4_185.pdb	11.179	37.330	0	29.779
swarm_0_40.pdb	10.473	30.072	0	28.509
swarm_3_167.pdb	9.003	34.001	0	28.187
swarm_3_12.pdb	11.840	40.361	0	27.850
swarm_19_166.pdb	5.340	15.570	0.171429	27.647
swarm_7_155.pdb	9.254	26.631	0.0571429	27.552
swarm_8_163.pdb	7.943	25.837	0.0142857	26.495
swarm_2_113.pdb	7.707	30.320	0.0285714	26.375
swarm_23_23.pdb	6.738	17.297	0.0285714	26.352
swarm_14_62.pdb	9.027	27.034	0.0428571	26.301
swarm_3_33.pdb	12.601	38.496	0	25.937
swarm_7_152.pdb	8.778	28.000	0	25.096
swarm_8_38.pdb	7.356	26.990	0.0285714	25.003
swarm_16_154.pdb	6.651	17.465	0.242857	24.769
swarm_18_146.pdb	8.684	23.287	0.0428571	24.286
swarm_19_110.pdb	8.725	27.129	0	23.101
swarm_24_115.pdb	10.371	23.149	0.0285714	23.026
swarm_25_23.pdb	14.455	43.495	0	22.722
swarm_21_26.pdb	6.093	15.303	0.114286	21.125
swarm_12_140.pdb	4.905	16.065	0.385714	19.412
swarm_11_166.pdb	8.971	29.981	0	18.359
swarm_24_34.pdb	6.882	18.071	0.157143	10.636
swarm_0_168.pdb	7.541	24.744	0.0142857	7.250
swarm_1_119.pdb	8.758	17.151	0.0571429	2.162
swarm_24_53.pdb	8.356	16.989	0.0142857	2.081
