swarm_58_126.pdb	2.317	6.659	0.7	81.539
swarm_53_116.pdb	2.055	5.047	0.814286	79.317
swarm_15_158.pdb	2.535	5.407	0.671429	74.642
swarm_13_195.pdb	1.841	4.040	0.8	67.742
swarm_9_86.pdb	2.078	8.123	0.814286	67.274
swarm_41_62.pdb	11.876	33.912	0	62.469
swarm_42_117.pdb	2.715	7.641	0.528571	60.803
swarm_50_137.pdb	4.193	8.118	0.228571	60.246
swarm_22_142.pdb	11.611	35.192	0	59.392
swarm_50_136.pdb	3.904	11.503	0.628571	55.802
swarm_42_95.pdb	2.621	6.992	0.542857	54.799
swarm_48_44.pdb	6.508	20.210	0.328571	53.606
swarm_43_79.pdb	3.789	14.483	0.6	53.256
swarm_10_7.pdb	3.485	12.636	0.528571	51.610
swarm_43_181.pdb	4.954	14.979	0.257143	51.284
swarm_1_120.pdb	6.034	17.942	0.228571	50.809
swarm_55_116.pdb	5.632	9.373	0.0714286	49.495
swarm_45_11.pdb	3.814	11.932	0.3	48.466
swarm_38_93.pdb	4.404	16.117	0.471429	48.453
swarm_54_101.pdb	3.408	6.348	0.342857	47.589
swarm_50_184.pdb	6.973	22.960	0.242857	46.210
swarm_51_3.pdb	11.905	34.878	0	44.688
swarm_24_137.pdb	9.891	29.802	0	44.660
swarm_54_118.pdb	7.294	10.904	0.0285714	44.601
swarm_2_140.pdb	2.969	7.587	0.614286	44.155
swarm_18_35.pdb	5.446	16.207	0.371429	43.542
swarm_20_81.pdb	9.979	27.647	0	43.523
swarm_19_108.pdb	10.354	32.987	0	42.937
swarm_23_2.pdb	6.225	19.616	0.4	42.906
swarm_45_120.pdb	5.337	20.065	0.385714	42.864
swarm_19_161.pdb	9.546	35.325	0	42.026
swarm_54_13.pdb	5.196	13.077	0.3	41.793
swarm_39_170.pdb	10.282	28.107	0	41.412
swarm_50_32.pdb	4.605	18.650	0.485714	41.077
swarm_9_1.pdb	7.085	18.762	0.0857143	41.062
swarm_51_102.pdb	10.452	32.842	0	40.548
swarm_15_86.pdb	5.184	9.206	0.185714	40.203
swarm_44_195.pdb	13.127	34.843	0	40.073
swarm_24_195.pdb	9.539	34.721	0	39.463
swarm_19_71.pdb	10.871	33.387	0	39.398
swarm_28_124.pdb	10.521	22.551	0	39.250
swarm_38_132.pdb	7.933	24.029	0.214286	39.081
swarm_21_164.pdb	8.791	34.022	0.0142857	39.027
swarm_15_75.pdb	10.570	21.610	0	38.811
swarm_29_188.pdb	7.257	22.780	0.171429	38.684
swarm_33_7.pdb	9.831	25.779	0	38.362
swarm_33_59.pdb	11.210	34.171	0	38.349
swarm_16_23.pdb	9.076	23.384	0.0142857	38.198
swarm_52_11.pdb	10.078	29.854	0	38.159
swarm_51_186.pdb	9.550	36.921	0.0142857	37.511
swarm_38_20.pdb	8.536	24.895	0.0857143	37.322
swarm_40_168.pdb	15.295	38.797	0	37.297
swarm_3_65.pdb	9.904	29.253	0	37.254
swarm_52_40.pdb	9.000	32.180	0	37.216
swarm_50_157.pdb	5.547	15.839	0.314286	37.201
swarm_38_27.pdb	10.382	27.587	0	37.124
swarm_45_133.pdb	8.381	24.209	0.0857143	37.046
swarm_19_197.pdb	9.385	27.237	0	36.406
swarm_38_113.pdb	12.827	28.802	0	36.318
swarm_9_140.pdb	7.798	23.107	0.214286	36.041
swarm_20_37.pdb	10.513	35.262	0	36.041
swarm_26_135.pdb	9.618	34.231	0	35.876
swarm_14_180.pdb	3.364	11.410	0.442857	35.650
swarm_21_160.pdb	10.290	24.910	0	35.629
swarm_14_8.pdb	10.502	22.672	0	35.324
swarm_17_39.pdb	7.756	25.443	0.1	35.310
swarm_54_19.pdb	7.646	16.919	0.0428571	35.290
swarm_48_76.pdb	5.790	14.589	0.0428571	35.178
swarm_21_123.pdb	10.332	32.622	0	35.172
swarm_60_119.pdb	10.425	30.579	0	34.955
swarm_39_3.pdb	10.307	21.888	0	34.826
swarm_18_125.pdb	3.712	9.507	0.2	34.313
swarm_18_172.pdb	9.460	14.301	0	33.998
swarm_17_8.pdb	7.666	15.932	0.0142857	33.710
swarm_29_101.pdb	7.490	22.951	0.2	33.459
swarm_43_59.pdb	7.214	21.676	0.2	33.447
swarm_13_188.pdb	5.333	13.452	0.214286	33.427
swarm_39_91.pdb	5.198	18.861	0.114286	33.227
swarm_14_184.pdb	7.923	15.610	0	33.101
swarm_23_163.pdb	5.025	14.416	0.314286	33.052
swarm_22_102.pdb	10.026	34.645	0	32.920
swarm_3_86.pdb	9.068	33.734	0	32.744
swarm_9_64.pdb	7.943	22.877	0.0285714	32.740
swarm_32_22.pdb	10.104	34.832	0	32.643
swarm_58_167.pdb	7.763	16.105	0.0142857	32.503
swarm_49_23.pdb	11.788	41.368	0	32.177
swarm_34_103.pdb	5.298	13.630	0.185714	32.165
swarm_27_139.pdb	13.722	37.933	0	32.113
swarm_39_85.pdb	9.852	27.216	0.0571429	32.053
swarm_53_103.pdb	6.355	15.039	0.214286	31.882
swarm_43_34.pdb	8.953	26.980	0.128571	31.801
swarm_14_77.pdb	6.557	22.649	0.142857	31.766
swarm_28_111.pdb	3.897	10.980	0.457143	31.452
swarm_44_188.pdb	6.063	19.625	0.142857	31.383
swarm_44_192.pdb	8.809	28.968	0	31.206
swarm_12_63.pdb	13.800	39.020	0	31.060
swarm_28_112.pdb	5.478	18.990	0.185714	31.052
swarm_46_11.pdb	8.216	27.083	0.128571	30.992
swarm_21_173.pdb	10.158	28.588	0	30.989
swarm_14_132.pdb	4.183	13.179	0.2	30.914
swarm_30_93.pdb	11.421	36.685	0	30.740
swarm_13_70.pdb	10.250	20.741	0	30.648
swarm_26_71.pdb	9.663	31.925	0	30.565
swarm_25_143.pdb	5.029	16.215	0.228571	30.548
swarm_1_80.pdb	7.764	15.982	0.0142857	30.514
swarm_59_132.pdb	5.781	12.206	0.0571429	30.311
swarm_12_139.pdb	7.692	23.903	0.157143	30.273
swarm_47_125.pdb	13.814	27.003	0	30.196
swarm_34_131.pdb	8.768	22.856	0.0142857	30.099
swarm_41_76.pdb	10.529	37.264	0	29.757
swarm_6_95.pdb	5.077	17.743	0.228571	29.731
swarm_6_162.pdb	10.831	25.032	0	29.708
swarm_16_130.pdb	9.731	33.195	0	29.009
swarm_2_20.pdb	7.315	19.500	0.2	28.815
swarm_46_101.pdb	7.542	22.764	0.0428571	28.814
swarm_34_48.pdb	6.975	21.060	0.0428571	28.775
swarm_6_179.pdb	7.328	18.174	0	28.696
swarm_45_59.pdb	7.628	26.448	0.0142857	28.457
swarm_32_175.pdb	11.258	33.010	0	28.448
swarm_40_166.pdb	8.898	33.351	0	28.411
swarm_25_20.pdb	9.492	30.241	0	28.365
swarm_25_91.pdb	8.573	31.442	0	28.299
swarm_13_12.pdb	5.117	13.392	0.228571	28.137
swarm_31_93.pdb	10.563	35.134	0	28.131
swarm_34_61.pdb	8.656	24.426	0	28.118
swarm_3_132.pdb	10.269	38.701	0	28.096
swarm_53_9.pdb	7.316	17.435	0.128571	28.072
swarm_6_190.pdb	9.383	31.063	0.0714286	27.997
swarm_20_163.pdb	10.810	37.137	0	27.991
swarm_52_24.pdb	10.949	37.905	0	27.874
swarm_42_15.pdb	3.590	8.904	0.214286	27.710
swarm_53_113.pdb	4.346	11.276	0.357143	27.636
swarm_29_142.pdb	9.142	26.364	0.0142857	27.360
swarm_13_129.pdb	8.292	23.912	0.0142857	27.351
swarm_55_166.pdb	9.616	24.379	0	27.313
swarm_24_124.pdb	10.464	34.642	0	27.230
swarm_27_102.pdb	10.974	34.972	0.1	27.141
swarm_41_44.pdb	10.453	34.669	0	26.967
swarm_16_45.pdb	8.977	29.657	0	26.937
swarm_46_48.pdb	12.089	34.395	0	26.640
swarm_44_9.pdb	10.602	31.965	0.1	26.553
swarm_1_174.pdb	6.065	17.293	0.0857143	26.522
swarm_44_129.pdb	9.062	28.455	0.142857	26.494
swarm_17_141.pdb	10.558	31.526	0	26.237
swarm_18_152.pdb	5.985	17.214	0.171429	26.159
swarm_33_22.pdb	8.605	28.266	0.128571	25.887
swarm_1_11.pdb	4.620	13.583	0.185714	25.549
swarm_26_161.pdb	8.666	24.367	0.0571429	25.441
swarm_27_113.pdb	9.240	32.446	0	24.881
swarm_13_52.pdb	9.187	20.785	0.0428571	24.840
swarm_27_23.pdb	10.020	32.196	0	24.695
swarm_57_41.pdb	10.554	34.485	0.0142857	24.658
swarm_58_67.pdb	10.202	16.807	0	24.547
swarm_39_71.pdb	11.082	31.030	0	24.222
swarm_2_180.pdb	4.122	13.359	0.328571	24.187
swarm_21_116.pdb	9.987	32.748	0	24.187
swarm_55_187.pdb	4.303	14.269	0.185714	23.973
swarm_59_23.pdb	7.743	22.671	0.142857	23.716
swarm_7_57.pdb	10.922	33.682	0.0285714	22.951
swarm_38_63.pdb	9.088	24.797	0	22.720
swarm_15_82.pdb	6.604	14.949	0.0428571	22.404
swarm_61_99.pdb	10.741	30.394	0	22.368
swarm_42_43.pdb	7.487	14.958	0.0142857	21.876
swarm_42_177.pdb	6.345	13.638	0.0285714	21.628
swarm_25_176.pdb	8.663	22.426	0	21.567
swarm_34_152.pdb	8.909	14.960	0	21.441
swarm_12_143.pdb	11.053	34.228	0.0428571	21.141
swarm_53_149.pdb	11.095	17.257	0	20.704
swarm_13_187.pdb	6.536	16.497	0.242857	19.665
swarm_50_113.pdb	8.364	22.671	0.157143	19.239
swarm_42_10.pdb	9.541	16.383	0.0285714	18.686
swarm_48_153.pdb	8.990	29.165	0.0428571	18.662
swarm_47_43.pdb	10.514	29.631	0.0571429	18.086
swarm_3_166.pdb	10.897	41.815	0	17.677
swarm_44_32.pdb	9.996	33.070	0	16.806
swarm_34_59.pdb	4.739	14.001	0.328571	15.446
swarm_24_157.pdb	9.644	30.718	0.0714286	12.809
swarm_29_2.pdb	7.720	15.399	0.0285714	12.548
swarm_6_30.pdb	6.713	21.515	0.128571	12.070
swarm_27_106.pdb	10.665	35.226	0	10.821
swarm_39_192.pdb	4.495	16.737	0.385714	10.312
swarm_50_27.pdb	7.622	20.626	0	6.808
swarm_22_2.pdb	11.802	39.121	0	3.557
swarm_61_68.pdb	14.142	35.943	0	2.010
swarm_18_21.pdb	9.019	19.049	0	1.635
