swarm_54_27.pdb	13.534	35.265	0	58.557
swarm_53_117.pdb	14.162	36.931	0	53.483
swarm_45_26.pdb	14.898	37.051	0	49.864
swarm_23_145.pdb	15.052	36.710	0	46.486
swarm_23_9.pdb	12.662	37.482	0	45.322
swarm_6_94.pdb	4.697	13.068	0.314286	44.653
swarm_43_139.pdb	16.109	32.844	0	43.545
swarm_41_62.pdb	16.210	33.040	0	42.707
swarm_22_34.pdb	11.883	34.227	0	41.901
swarm_24_28.pdb	16.303	33.326	0	41.875
swarm_46_161.pdb	3.911	11.410	0.314286	40.124
swarm_20_138.pdb	12.145	37.323	0	39.741
swarm_13_28.pdb	3.286	11.682	0.285714	38.595
swarm_19_58.pdb	10.085	27.103	0	38.103
swarm_44_90.pdb	15.514	31.437	0	37.215
swarm_20_180.pdb	13.896	29.480	0	37.059
swarm_20_71.pdb	16.334	35.242	0	36.304
swarm_39_41.pdb	12.249	34.521	0	35.884
swarm_27_86.pdb	16.557	32.380	0	35.257
swarm_45_10.pdb	13.969	40.797	0	35.187
swarm_34_125.pdb	10.310	28.908	0	35.036
swarm_50_65.pdb	11.610	33.089	0	34.886
swarm_24_156.pdb	11.375	34.149	0	34.307
swarm_52_101.pdb	10.990	37.338	0	33.885
swarm_21_163.pdb	10.967	32.443	0	33.844
swarm_49_21.pdb	12.559	34.227	0	33.088
swarm_44_7.pdb	10.890	29.886	0	32.437
swarm_13_96.pdb	5.744	14.607	0.242857	31.081
swarm_54_107.pdb	12.139	39.389	0	30.448
swarm_48_177.pdb	12.223	34.807	0	29.612
swarm_15_44.pdb	16.930	35.040	0	29.528
swarm_53_8.pdb	17.452	39.580	0	29.318
swarm_22_43.pdb	16.799	33.969	0	29.254
swarm_54_28.pdb	17.884	45.129	0	28.925
swarm_19_141.pdb	13.006	30.903	0	28.345
swarm_39_183.pdb	12.487	38.691	0	27.210
swarm_44_168.pdb	6.533	20.838	0.0428571	26.747
swarm_22_32.pdb	18.521	40.033	0	26.025
swarm_16_177.pdb	17.190	44.386	0	25.792
swarm_21_170.pdb	13.301	31.315	0	25.470
swarm_36_83.pdb	10.327	35.662	0	25.286
swarm_40_173.pdb	12.808	37.391	0	25.017
swarm_24_53.pdb	15.227	36.525	0	25.004
swarm_40_60.pdb	13.229	33.714	0	24.809
swarm_54_73.pdb	16.808	34.466	0	24.347
swarm_24_38.pdb	10.327	33.975	0	24.080
swarm_19_51.pdb	9.936	33.882	0	23.884
swarm_19_68.pdb	12.632	36.382	0	23.535
swarm_19_0.pdb	14.014	36.639	0	23.003
swarm_18_157.pdb	16.388	46.684	0	22.550
swarm_20_126.pdb	8.750	31.109	0	20.947
swarm_40_127.pdb	10.100	33.605	0	20.717
swarm_40_141.pdb	16.548	34.544	0	20.436
swarm_36_45.pdb	17.574	36.836	0	20.295
swarm_20_113.pdb	11.836	31.117	0	20.090
swarm_30_175.pdb	14.584	41.359	0	20.089
swarm_22_135.pdb	14.897	36.564	0	19.958
swarm_24_187.pdb	11.375	28.576	0	19.109
swarm_23_179.pdb	17.944	46.085	0	18.631
swarm_40_147.pdb	14.785	40.988	0	16.586
swarm_15_95.pdb	20.205	46.964	0	16.139
swarm_21_9.pdb	9.703	31.306	0	15.125
swarm_43_140.pdb	10.085	33.433	0	14.345
swarm_38_124.pdb	9.491	27.138	0	13.429
swarm_15_62.pdb	11.697	37.222	0	12.601
swarm_41_144.pdb	6.021	22.543	0.0571429	11.591
swarm_49_28.pdb	13.751	41.973	0	11.075
swarm_20_155.pdb	15.671	39.351	0	10.439
swarm_22_13.pdb	10.292	31.632	0	9.083
swarm_43_48.pdb	12.751	34.643	0	8.426
swarm_48_16.pdb	14.001	48.881	0	5.755
swarm_50_92.pdb	13.795	39.067	0	5.231
swarm_48_129.pdb	13.557	38.753	0	5.110
swarm_27_145.pdb	11.310	33.889	0	4.381
swarm_54_103.pdb	11.832	36.192	0	3.572
swarm_11_92.pdb	14.176	38.310	0	2.884
swarm_30_125.pdb	12.697	43.246	0	2.831
