run1-swarm_30_86.pdb	2.459	5.160	0.585714	53.083
run1-swarm_7_87.pdb	1.761	7.767	0.628571	49.750
run1-swarm_32_171.pdb	9.851	28.709	0	45.339
run1-swarm_43_187.pdb	10.690	29.911	0	44.797
run1-swarm_0_181.pdb	2.482	7.384	0.5	43.250
run1-swarm_19_21.pdb	12.226	32.729	0	42.155
run1-swarm_10_190.pdb	3.312	9.732	0.385714	42.041
run1-swarm_17_192.pdb	9.884	29.347	0	41.852
run1-swarm_21_32.pdb	10.807	30.526	0	40.708
run1-swarm_3_65.pdb	8.199	22.796	0.0285714	39.732
run1-swarm_27_81.pdb	10.484	23.854	0	39.710
run1-swarm_17_137.pdb	11.173	35.311	0	38.701
run1-swarm_1_17.pdb	8.780	18.808	0.0714286	38.371
run1-swarm_23_37.pdb	11.859	31.186	0	38.265
run1-swarm_19_19.pdb	9.807	29.242	0	38.260
run1-swarm_26_91.pdb	6.209	18.619	0.157143	38.252
run1-swarm_24_2.pdb	9.904	31.331	0	38.216
run1-swarm_33_63.pdb	6.759	16.293	0.157143	37.675
run1-swarm_11_47.pdb	10.551	25.809	0	37.675
run1-swarm_36_180.pdb	10.938	28.193	0	37.665
run1-swarm_47_78.pdb	8.924	20.647	0.0142857	37.505
run1-swarm_18_94.pdb	10.438	33.721	0	37.427
run1-swarm_24_40.pdb	11.052	27.648	0	37.259
run1-swarm_17_138.pdb	13.015	30.390	0	36.579
run1-swarm_50_143.pdb	13.951	40.509	0	36.447
run1-swarm_47_106.pdb	7.887	22.253	0.0571429	36.124
run1-swarm_6_78.pdb	7.314	13.508	0.0714286	36.066
run1-swarm_20_51.pdb	10.450	29.764	0	35.865
run1-swarm_5_75.pdb	13.976	38.603	0	35.338
run1-swarm_23_46.pdb	10.514	22.401	0	35.251
run1-swarm_37_191.pdb	10.910	24.004	0	35.185
run1-swarm_31_74.pdb	14.825	42.933	0	35.040
run1-swarm_35_58.pdb	11.217	30.735	0	35.020
run1-swarm_10_96.pdb	6.025	15.701	0.185714	34.807
run1-swarm_25_70.pdb	10.138	22.052	0.0142857	34.363
run1-swarm_29_119.pdb	3.544	8.532	0.3	33.643
run1-swarm_9_71.pdb	7.775	15.833	0	33.363
run1-swarm_19_128.pdb	10.519	25.028	0	33.259
run1-swarm_37_156.pdb	9.438	21.430	0	33.003
run1-swarm_6_188.pdb	6.291	16.490	0.142857	32.892
run1-swarm_12_63.pdb	14.524	36.349	0	32.819
run1-swarm_48_159.pdb	4.861	14.024	0.185714	32.583
run1-swarm_26_178.pdb	10.461	20.907	0	32.568
run1-swarm_2_59.pdb	10.130	21.642	0	32.441
run1-swarm_38_9.pdb	13.545	38.750	0	32.126
run1-swarm_28_22.pdb	10.233	25.670	0	31.512
run1-swarm_6_105.pdb	14.720	26.037	0	31.236
run1-swarm_24_71.pdb	10.733	25.678	0	30.870
run1-swarm_34_107.pdb	11.361	31.015	0	30.828
run1-swarm_18_122.pdb	11.825	28.011	0	30.740
run1-swarm_2_20.pdb	11.143	30.005	0	30.484
run1-swarm_0_10.pdb	9.956	17.293	0	30.285
run1-swarm_10_194.pdb	10.177	20.890	0	30.127
run1-swarm_24_15.pdb	14.251	34.981	0	29.752
run1-swarm_18_171.pdb	16.418	33.530	0	29.738
run1-swarm_34_12.pdb	6.313	14.673	0.142857	29.452
run1-swarm_32_40.pdb	10.447	21.359	0	29.442
run1-swarm_8_194.pdb	7.010	11.958	0.0428571	29.358
run1-swarm_36_157.pdb	11.145	31.353	0	29.281
run1-swarm_13_15.pdb	7.083	22.494	0.128571	29.275
run1-swarm_33_98.pdb	2.948	7.714	0.442857	29.174
run1-swarm_21_55.pdb	11.868	28.215	0	29.150
run1-swarm_48_101.pdb	4.919	11.726	0.3	29.136
run1-swarm_18_153.pdb	12.075	28.679	0	28.971
run1-swarm_13_3.pdb	10.701	29.661	0	28.662
run1-swarm_27_71.pdb	10.260	26.822	0	28.502
run1-swarm_30_3.pdb	7.358	12.721	0.0571429	28.382
run1-swarm_30_159.pdb	7.326	20.016	0.114286	28.136
run1-swarm_28_165.pdb	9.624	26.939	0.0714286	28.130
run1-swarm_12_26.pdb	10.710	22.704	0	28.004
run1-swarm_12_101.pdb	7.141	20.366	0.0142857	27.429
run1-swarm_31_187.pdb	12.147	37.411	0	27.100
run1-swarm_21_25.pdb	12.592	35.852	0	26.828
run1-swarm_18_182.pdb	13.461	41.317	0	26.721
run1-swarm_44_176.pdb	10.609	38.018	0	26.689
run1-swarm_39_35.pdb	10.688	29.575	0	26.644
run1-swarm_40_185.pdb	10.535	28.794	0	26.508
run1-swarm_2_143.pdb	10.827	23.148	0	26.492
run1-swarm_7_10.pdb	10.741	20.350	0	26.384
run1-swarm_41_81.pdb	10.677	32.205	0	26.347
run1-swarm_28_167.pdb	11.382	30.009	0	26.191
run1-swarm_27_48.pdb	9.558	18.669	0	26.187
run1-swarm_9_126.pdb	11.079	21.399	0	26.107
run1-swarm_43_9.pdb	12.690	40.570	0	25.898
run1-swarm_38_54.pdb	10.543	32.311	0	25.756
run1-swarm_7_13.pdb	10.210	22.687	0	25.723
run1-swarm_38_191.pdb	10.810	27.830	0	25.711
run1-swarm_46_137.pdb	11.442	36.665	0	25.710
run1-swarm_30_74.pdb	7.157	15.527	0.0285714	25.511
run1-swarm_29_66.pdb	7.271	11.340	0.0428571	25.439
run1-swarm_6_55.pdb	12.260	22.140	0	25.379
run1-swarm_6_177.pdb	4.799	10.804	0.142857	25.293
run1-swarm_31_43.pdb	11.736	33.968	0	25.222
run1-swarm_1_121.pdb	7.607	19.635	0.0142857	25.210
run1-swarm_40_125.pdb	13.484	40.100	0	24.989
run1-swarm_52_79.pdb	11.498	29.491	0	24.758
run1-swarm_5_103.pdb	10.999	30.004	0	24.754
run1-swarm_20_129.pdb	10.634	35.850	0	24.481
run1-swarm_45_120.pdb	10.289	37.664	0	24.435
run1-swarm_19_143.pdb	9.711	23.182	0	24.366
run1-swarm_29_3.pdb	8.993	13.423	0	23.948
run1-swarm_48_189.pdb	9.460	14.457	0	23.884
run1-swarm_27_165.pdb	10.178	20.704	0.0142857	23.875
run1-swarm_48_45.pdb	9.516	15.755	0	23.808
run1-swarm_44_5.pdb	12.470	38.458	0	23.782
run1-swarm_49_41.pdb	11.185	30.463	0	23.666
run1-swarm_16_82.pdb	9.784	22.306	0	23.340
run1-swarm_48_14.pdb	8.012	23.706	0.128571	23.338
run1-swarm_36_140.pdb	8.409	29.016	0	23.238
run1-swarm_4_65.pdb	11.291	29.991	0	23.227
run1-swarm_8_122.pdb	7.893	21.184	0.0142857	23.033
run1-swarm_30_13.pdb	7.869	12.146	0.0142857	22.947
run1-swarm_26_136.pdb	12.508	25.227	0	22.926
run1-swarm_23_122.pdb	5.252	14.125	0.242857	22.837
run1-swarm_8_110.pdb	4.024	11.639	0.385714	22.827
run1-swarm_50_124.pdb	13.884	30.973	0	22.390
run1-swarm_45_74.pdb	12.551	41.212	0	21.871
run1-swarm_41_75.pdb	11.048	29.575	0	21.498
run1-swarm_14_157.pdb	10.256	28.906	0	21.018
run1-swarm_46_52.pdb	10.490	34.414	0	20.970
run1-swarm_1_164.pdb	9.392	25.426	0	20.459
run1-swarm_10_108.pdb	8.851	13.842	0	20.441
run1-swarm_10_126.pdb	7.735	15.210	0.0142857	20.199
run1-swarm_9_140.pdb	9.421	18.833	0	19.776
run1-swarm_27_195.pdb	6.169	14.184	0.0571429	19.622
run1-swarm_49_115.pdb	8.428	23.919	0.0142857	19.264
run1-swarm_14_194.pdb	12.196	29.985	0	18.263
run1-swarm_32_80.pdb	9.179	29.216	0	17.906
run1-swarm_26_88.pdb	13.448	30.641	0	17.342
run1-swarm_12_13.pdb	10.811	31.215	0	17.077
run1-swarm_41_6.pdb	6.945	21.631	0.0428571	16.876
run1-swarm_48_69.pdb	11.026	19.734	0	16.509
run1-swarm_36_10.pdb	11.595	30.279	0	15.551
run1-swarm_2_128.pdb	9.798	30.926	0	14.942
run1-swarm_41_112.pdb	13.359	30.694	0	14.936
run1-swarm_23_121.pdb	8.564	14.995	0	14.400
run1-swarm_18_92.pdb	10.866	38.458	0	13.988
run1-swarm_24_38.pdb	10.092	33.004	0	13.936
run1-swarm_36_185.pdb	8.490	18.350	0	13.586
run1-swarm_32_168.pdb	8.934	18.129	0	13.340
run1-swarm_42_188.pdb	10.913	31.132	0.0285714	13.210
run1-swarm_24_154.pdb	11.223	28.940	0	12.238
run1-swarm_25_86.pdb	5.451	18.048	0.114286	10.768
run1-swarm_50_105.pdb	12.467	38.931	0	9.887
run1-swarm_0_118.pdb	9.872	16.146	0	9.166
run1-swarm_23_2.pdb	5.185	16.484	0.3	4.776
run1-swarm_49_145.pdb	12.970	34.541	0	3.380
run1-swarm_27_39.pdb	6.766	20.913	0.0285714	0.148
