swarm_16_94.pdb	17.412	29.616	0.0714286	54.800
swarm_39_144.pdb	17.498	29.592	0.114286	50.963
swarm_38_135.pdb	4.288	7.666	0.228571	46.998
swarm_17_140.pdb	16.452	40.791	0.0428571	40.772
swarm_40_119.pdb	17.024	28.449	0.0142857	39.866
swarm_10_59.pdb	8.004	19.136	0.0714286	38.445
swarm_14_129.pdb	13.594	29.642	0	37.425
swarm_14_80.pdb	16.706	28.754	0	36.849
swarm_29_29.pdb	16.596	31.181	0	36.499
swarm_42_157.pdb	14.681	41.824	0.0142857	35.995
swarm_31_71.pdb	16.414	28.671	0.114286	35.528
swarm_29_55.pdb	11.835	26.420	0	35.463
swarm_18_179.pdb	14.272	25.670	0	34.803
swarm_24_76.pdb	14.086	31.097	0	34.651
swarm_16_157.pdb	2.953	8.285	0.385714	33.876
swarm_23_95.pdb	17.905	36.874	0	33.758
swarm_39_176.pdb	5.239	8.501	0.0857143	33.667
swarm_15_130.pdb	15.369	28.429	0	33.596
swarm_38_21.pdb	17.711	31.224	0	33.215
swarm_29_89.pdb	13.385	27.960	0	33.161
swarm_41_94.pdb	17.099	40.314	0	32.839
swarm_24_148.pdb	14.813	31.319	0	32.819
swarm_30_21.pdb	16.941	31.708	0	32.527
swarm_34_77.pdb	14.065	26.001	0	31.886
swarm_1_137.pdb	16.349	32.987	0	31.791
swarm_31_125.pdb	14.206	32.154	0.0571429	31.774
swarm_29_104.pdb	6.538	22.697	0.285714	31.561
swarm_39_92.pdb	15.512	27.906	0.0285714	31.220
swarm_39_159.pdb	15.700	28.092	0	31.204
swarm_35_0.pdb	8.940	13.939	0	31.126
swarm_15_189.pdb	13.665	34.695	0.0142857	30.488
swarm_15_190.pdb	15.771	36.340	0	30.454
swarm_40_193.pdb	9.836	23.112	0.0428571	30.365
swarm_1_77.pdb	16.723	34.430	0.0142857	30.365
swarm_20_170.pdb	16.639	30.657	0	30.253
swarm_23_160.pdb	17.151	31.812	0.0571429	30.092
swarm_23_4.pdb	17.004	32.186	0	29.963
swarm_35_186.pdb	16.432	25.792	0	29.828
swarm_31_106.pdb	12.320	27.884	0.0142857	29.578
swarm_30_50.pdb	15.492	27.196	0	29.170
swarm_36_28.pdb	18.832	38.906	0.0285714	28.951
swarm_17_106.pdb	14.307	37.124	0	28.906
swarm_9_155.pdb	13.665	32.426	0	28.842
swarm_17_125.pdb	17.181	37.679	0	28.739
swarm_31_142.pdb	8.597	22.733	0.185714	28.490
swarm_32_91.pdb	16.096	29.475	0	28.459
swarm_10_178.pdb	4.134	9.760	0.457143	28.427
swarm_32_9.pdb	6.639	18.816	0.128571	28.160
swarm_44_87.pdb	16.229	36.182	0	28.127
swarm_30_89.pdb	14.110	29.513	0.0428571	27.868
swarm_18_42.pdb	15.324	31.057	0	27.818
swarm_45_35.pdb	15.597	37.603	0	27.697
swarm_18_103.pdb	16.939	35.674	0	27.101
swarm_31_112.pdb	17.501	31.676	0.0142857	27.003
swarm_6_62.pdb	18.603	35.673	0	26.917
swarm_32_148.pdb	13.936	28.794	0	26.736
swarm_19_27.pdb	17.860	35.968	0	26.736
swarm_31_120.pdb	11.766	26.096	0.0571429	26.732
swarm_10_164.pdb	17.230	30.527	0	26.647
swarm_24_125.pdb	13.485	34.864	0	26.352
swarm_14_52.pdb	9.633	27.602	0	25.997
swarm_15_51.pdb	13.830	37.012	0.0714286	25.922
swarm_40_97.pdb	13.536	30.468	0.0285714	25.717
swarm_39_187.pdb	15.591	27.323	0	25.626
swarm_44_85.pdb	14.925	28.435	0	25.609
swarm_11_33.pdb	17.247	31.523	0.0571429	25.393
swarm_13_18.pdb	17.545	30.635	0	25.330
swarm_13_188.pdb	12.719	19.814	0	25.065
swarm_20_133.pdb	16.635	35.786	0.0428571	24.911
swarm_17_78.pdb	18.182	36.417	0	24.850
swarm_32_54.pdb	13.196	29.826	0	24.802
swarm_13_43.pdb	19.245	33.069	0	24.644
swarm_12_34.pdb	16.221	40.800	0	24.480
swarm_32_6.pdb	14.750	36.863	0.0714286	24.124
swarm_31_73.pdb	15.195	30.680	0	24.018
swarm_13_29.pdb	12.159	23.022	0	23.989
swarm_9_153.pdb	16.947	34.469	0.0142857	23.811
swarm_1_144.pdb	16.020	42.590	0	23.465
swarm_33_52.pdb	16.991	44.065	0	23.400
swarm_16_52.pdb	12.909	21.473	0	23.334
swarm_29_134.pdb	9.177	28.861	0.114286	23.160
swarm_10_7.pdb	17.015	26.683	0	23.089
swarm_0_159.pdb	16.053	43.072	0	22.950
swarm_45_71.pdb	15.075	36.483	0	22.829
swarm_32_185.pdb	17.883	31.981	0.0857143	22.802
swarm_21_53.pdb	16.729	36.112	0	22.761
swarm_39_81.pdb	18.422	29.510	0	22.488
swarm_6_169.pdb	17.315	36.291	0.0142857	22.236
swarm_22_44.pdb	17.116	38.303	0.0285714	22.225
swarm_22_79.pdb	16.226	37.936	0	22.176
swarm_35_15.pdb	17.856	32.222	0	21.969
swarm_44_51.pdb	17.258	36.047	0	21.942
swarm_35_161.pdb	17.207	30.091	0	21.866
swarm_15_192.pdb	20.664	39.849	0	21.790
swarm_10_27.pdb	16.611	29.791	0	21.774
swarm_11_114.pdb	11.389	25.055	0	21.689
swarm_44_68.pdb	18.205	32.431	0	21.592
swarm_18_199.pdb	17.763	35.015	0	21.572
swarm_35_58.pdb	17.147	33.042	0.0428571	21.399
swarm_11_138.pdb	17.731	31.049	0.0714286	21.186
swarm_32_64.pdb	17.346	32.596	0.0428571	21.165
swarm_26_38.pdb	17.634	45.076	0.0428571	21.151
swarm_6_20.pdb	15.159	32.089	0	21.148
swarm_30_99.pdb	16.621	30.057	0.0285714	21.105
swarm_13_24.pdb	18.180	33.721	0.0571429	21.037
swarm_9_145.pdb	14.218	31.577	0	20.570
swarm_46_183.pdb	11.091	25.504	0.0285714	20.332
swarm_16_194.pdb	18.140	29.132	0	20.254
swarm_31_13.pdb	15.918	27.562	0	20.154
swarm_35_36.pdb	14.183	31.781	0.0142857	20.102
swarm_44_19.pdb	17.840	36.933	0	20.039
swarm_44_42.pdb	15.686	29.794	0.0571429	19.838
swarm_6_113.pdb	15.378	33.285	0	19.680
swarm_16_136.pdb	15.579	28.232	0	19.418
swarm_44_89.pdb	14.724	29.234	0	19.252
swarm_34_169.pdb	17.841	37.758	0	18.952
swarm_46_124.pdb	10.325	30.795	0.1	18.683
swarm_46_126.pdb	17.540	36.599	0	18.635
swarm_46_163.pdb	16.717	40.455	0	18.609
swarm_46_91.pdb	14.814	32.004	0	18.521
swarm_45_42.pdb	19.943	39.869	0	18.397
swarm_46_39.pdb	12.090	31.280	0	18.290
swarm_6_112.pdb	18.446	29.283	0	18.134
swarm_10_114.pdb	16.411	29.701	0	18.062
swarm_11_31.pdb	19.442	33.022	0	17.890
swarm_1_69.pdb	18.767	39.965	0	17.670
swarm_9_67.pdb	16.296	32.913	0.0428571	17.324
swarm_16_12.pdb	19.446	33.953	0	17.280
swarm_4_177.pdb	21.869	42.056	0	16.855
swarm_9_78.pdb	19.519	36.612	0	16.848
swarm_15_61.pdb	19.088	35.435	0	16.716
swarm_13_89.pdb	15.979	33.272	0	16.614
swarm_4_186.pdb	11.420	32.845	0.0428571	16.547
swarm_29_39.pdb	5.553	19.733	0.0857143	16.281
swarm_32_199.pdb	13.036	29.187	0	16.144
swarm_46_115.pdb	19.254	34.109	0	15.543
swarm_36_197.pdb	11.121	34.375	0	15.384
swarm_46_75.pdb	19.067	33.065	0	15.277
swarm_45_146.pdb	20.126	38.405	0	15.061
swarm_15_133.pdb	16.278	38.452	0	14.716
swarm_35_103.pdb	18.423	30.661	0	14.476
swarm_35_33.pdb	15.190	29.547	0.0285714	14.323
swarm_0_121.pdb	18.461	43.437	0	14.294
swarm_31_12.pdb	18.537	34.208	0	14.000
swarm_18_37.pdb	9.765	33.809	0	13.510
swarm_44_71.pdb	8.852	18.278	0	12.712
swarm_23_139.pdb	17.034	34.042	0	11.492
swarm_40_117.pdb	17.567	30.656	0.0142857	10.664
swarm_13_192.pdb	13.051	28.594	0.0142857	10.068
swarm_34_167.pdb	15.814	40.553	0	9.393
swarm_40_149.pdb	10.359	20.427	0	9.148
swarm_15_143.pdb	10.160	26.285	0	8.727
swarm_4_28.pdb	13.492	38.256	0	7.220
swarm_10_129.pdb	13.528	25.246	0	7.178
swarm_16_143.pdb	18.127	30.584	0	6.730
swarm_21_100.pdb	13.154	31.442	0	4.704
swarm_34_181.pdb	17.837	43.183	0	4.273
swarm_7_46.pdb	13.813	36.293	0	4.226
swarm_13_59.pdb	17.036	27.554	0	4.224
swarm_38_58.pdb	8.743	15.267	0.0428571	0.527
