swarm_50_59.pdb	17.522	29.201	0.1	56.609
swarm_54_120.pdb	17.337	29.835	0.0714286	51.130
swarm_41_105.pdb	17.081	39.775	0.0714286	48.105
swarm_2_179.pdb	16.162	29.863	0.0142857	46.098
swarm_18_133.pdb	5.397	9.535	0.142857	45.786
swarm_13_159.pdb	17.726	29.555	0	44.436
swarm_10_67.pdb	16.744	30.536	0	42.577
swarm_10_74.pdb	17.681	34.816	0	42.534
swarm_28_43.pdb	17.402	28.824	0.0285714	41.900
swarm_10_154.pdb	17.468	32.317	0	41.420
swarm_24_54.pdb	16.889	39.550	0.0142857	41.200
swarm_38_109.pdb	17.083	28.720	0.128571	40.940
swarm_38_150.pdb	17.661	31.607	0	40.656
swarm_45_182.pdb	14.683	29.522	0	40.302
swarm_29_119.pdb	6.142	17.581	0.214286	40.148
swarm_34_102.pdb	18.411	32.847	0	39.864
swarm_55_145.pdb	18.657	33.300	0	39.331
swarm_1_125.pdb	8.665	23.860	0.0857143	39.152
swarm_21_9.pdb	16.971	32.536	0	39.141
swarm_55_97.pdb	17.930	29.981	0	38.987
swarm_34_148.pdb	16.725	31.384	0	38.685
swarm_55_143.pdb	16.485	28.045	0.0714286	38.183
swarm_20_171.pdb	13.239	35.567	0	38.075
swarm_44_184.pdb	15.581	31.621	0	38.022
swarm_13_50.pdb	9.133	21.424	0.0857143	37.982
swarm_38_27.pdb	14.010	31.652	0.0428571	37.848
swarm_21_152.pdb	18.848	40.412	0.0714286	37.777
swarm_15_94.pdb	2.961	4.457	0.414286	37.748
swarm_33_25.pdb	17.029	34.003	0	37.475
swarm_9_120.pdb	11.088	23.858	0	37.291
swarm_33_142.pdb	15.208	36.351	0	37.199
swarm_50_181.pdb	15.476	28.007	0	36.874
swarm_13_48.pdb	17.599	32.009	0	36.696
swarm_41_37.pdb	13.036	34.984	0	36.682
swarm_21_198.pdb	17.891	33.154	0	36.667
swarm_21_163.pdb	18.087	34.873	0	36.561
swarm_51_147.pdb	14.149	38.900	0	36.142
swarm_33_88.pdb	16.748	36.688	0	36.049
swarm_51_108.pdb	18.965	40.137	0.0714286	35.985
swarm_60_98.pdb	18.685	31.895	0	35.815
swarm_10_124.pdb	7.409	21.629	0.0714286	35.665
swarm_40_128.pdb	14.292	38.042	0	35.624
swarm_48_130.pdb	15.896	30.682	0.1	35.508
swarm_14_172.pdb	10.745	28.592	0.0142857	35.406
swarm_16_190.pdb	18.320	34.571	0	35.335
swarm_16_87.pdb	18.619	33.161	0	35.100
swarm_16_170.pdb	17.806	34.681	0	35.029
swarm_45_142.pdb	6.891	19.030	0.1	34.960
swarm_33_172.pdb	18.242	33.969	0	34.944
swarm_53_107.pdb	17.788	31.483	0.0142857	34.744
swarm_24_82.pdb	14.927	32.269	0	34.684
swarm_14_162.pdb	6.653	17.261	0.271429	34.634
swarm_44_177.pdb	17.133	39.218	0.0142857	34.478
swarm_2_102.pdb	14.863	29.150	0	34.373
swarm_33_170.pdb	15.864	34.152	0	34.340
swarm_39_115.pdb	18.685	35.415	0	34.331
swarm_11_60.pdb	15.038	39.953	0	34.160
swarm_33_37.pdb	14.161	31.571	0	34.123
swarm_6_169.pdb	16.881	34.142	0	34.036
swarm_19_16.pdb	18.796	41.427	0.0285714	33.825
swarm_45_53.pdb	16.730	30.314	0	33.798
swarm_31_76.pdb	13.506	36.498	0	33.760
swarm_53_88.pdb	7.996	14.981	0.0142857	33.689
swarm_22_101.pdb	12.924	35.852	0	33.631
swarm_55_42.pdb	18.564	31.347	0	33.532
swarm_38_143.pdb	17.165	32.978	0	33.476
swarm_21_43.pdb	10.990	29.796	0	33.370
swarm_3_16.pdb	20.201	41.649	0	33.361
swarm_33_34.pdb	14.981	32.582	0	33.342
swarm_39_108.pdb	17.501	34.921	0	33.289
swarm_43_53.pdb	5.026	17.555	0.271429	33.014
swarm_43_179.pdb	16.804	29.628	0.0571429	32.876
swarm_1_171.pdb	18.123	30.747	0.0571429	32.810
swarm_39_68.pdb	17.642	35.293	0	32.775
swarm_39_119.pdb	17.621	34.385	0	32.439
swarm_58_41.pdb	3.635	10.299	0.385714	32.272
swarm_28_120.pdb	17.139	29.567	0	32.264
swarm_40_99.pdb	18.799	44.290	0	31.897
swarm_39_180.pdb	19.006	36.144	0.0142857	31.891
swarm_15_74.pdb	11.538	21.625	0	31.854
swarm_38_74.pdb	15.381	29.958	0	31.814
swarm_25_138.pdb	18.440	32.894	0	31.751
swarm_20_125.pdb	14.542	32.152	0	31.747
swarm_24_182.pdb	15.231	34.083	0	31.668
swarm_44_110.pdb	17.210	35.656	0	31.599
swarm_20_22.pdb	17.948	38.687	0	31.588
swarm_33_79.pdb	16.178	32.484	0	31.418
swarm_13_36.pdb	17.027	28.633	0	31.264
swarm_58_184.pdb	10.343	22.533	0.0571429	31.260
swarm_18_189.pdb	16.841	31.678	0.0285714	31.240
swarm_55_22.pdb	13.971	26.931	0	31.194
swarm_19_33.pdb	12.106	37.756	0	31.111
swarm_25_65.pdb	13.644	28.936	0	31.065
swarm_42_27.pdb	9.007	18.757	0.0571429	30.951
swarm_21_33.pdb	14.553	36.292	0	30.865
swarm_29_115.pdb	13.272	33.282	0.0714286	30.764
swarm_44_103.pdb	7.985	22.007	0.0714286	30.752
swarm_26_3.pdb	15.154	31.529	0.0428571	30.746
swarm_28_35.pdb	17.956	35.256	0	30.619
swarm_6_47.pdb	16.026	32.748	0.0142857	30.034
swarm_27_157.pdb	15.928	33.366	0	30.024
swarm_40_171.pdb	9.443	34.329	0	29.954
swarm_44_176.pdb	17.116	37.234	0	29.828
swarm_39_146.pdb	13.871	30.996	0	29.779
swarm_41_194.pdb	17.677	35.737	0	29.498
swarm_33_143.pdb	15.493	31.861	0.0285714	29.445
swarm_43_139.pdb	15.589	26.904	0	29.405
swarm_14_123.pdb	18.558	30.711	0.0428571	29.402
swarm_21_41.pdb	17.327	39.959	0	29.131
swarm_52_164.pdb	18.803	38.604	0	29.113
swarm_60_161.pdb	14.230	33.124	0	29.072
swarm_48_14.pdb	8.490	19.446	0.0285714	28.946
swarm_43_5.pdb	15.852	26.033	0	28.809
swarm_49_109.pdb	17.269	41.439	0.0428571	28.660
swarm_34_129.pdb	15.212	28.074	0	28.654
swarm_33_128.pdb	17.022	33.354	0.0285714	28.618
swarm_25_130.pdb	10.110	18.007	0	28.592
swarm_59_69.pdb	17.203	29.870	0	28.589
swarm_12_112.pdb	17.758	37.052	0	28.547
swarm_26_72.pdb	17.292	34.467	0.0285714	28.545
swarm_10_33.pdb	14.696	32.716	0	28.523
swarm_24_193.pdb	18.343	34.401	0	28.513
swarm_24_104.pdb	17.487	34.891	0	28.490
swarm_38_116.pdb	16.541	28.272	0	28.487
swarm_60_38.pdb	15.230	33.498	0	28.485
swarm_55_187.pdb	13.243	30.958	0.0142857	28.441
swarm_52_80.pdb	13.875	30.570	0	28.424
swarm_52_91.pdb	17.870	29.829	0	28.330
swarm_45_134.pdb	17.276	36.978	0.0142857	28.290
swarm_33_152.pdb	17.234	34.756	0	28.250
swarm_9_135.pdb	15.459	29.872	0	28.002
swarm_38_110.pdb	8.845	18.717	0.0142857	27.865
swarm_2_121.pdb	15.778	28.435	0	27.765
swarm_27_183.pdb	13.052	34.996	0	27.726
swarm_27_54.pdb	10.890	30.473	0.0714286	27.648
swarm_60_45.pdb	17.295	33.579	0.0142857	27.632
swarm_22_185.pdb	14.163	38.597	0	27.600
swarm_2_177.pdb	15.158	29.817	0	27.580
swarm_50_53.pdb	16.688	30.562	0	27.452
swarm_54_1.pdb	12.806	22.911	0	27.430
swarm_27_72.pdb	9.048	27.215	0.0857143	27.356
swarm_3_103.pdb	18.628	33.363	0	27.298
swarm_6_74.pdb	15.255	29.238	0.0285714	27.190
swarm_22_85.pdb	19.451	40.710	0.0857143	27.165
swarm_12_177.pdb	13.788	34.666	0.0571429	27.039
swarm_29_75.pdb	13.774	30.641	0.0142857	26.974
swarm_2_13.pdb	10.693	17.504	0	26.707
swarm_48_45.pdb	16.212	32.801	0.0285714	26.629
swarm_23_100.pdb	14.410	24.037	0	26.580
swarm_53_120.pdb	5.832	13.325	0.271429	26.537
swarm_55_70.pdb	12.982	27.390	0.0571429	26.427
swarm_25_24.pdb	16.946	28.729	0	26.424
swarm_48_70.pdb	13.469	30.311	0.0142857	26.421
swarm_19_148.pdb	18.034	41.375	0.0714286	26.215
swarm_58_109.pdb	9.268	21.253	0.0714286	26.108
swarm_24_11.pdb	20.196	38.344	0	25.937
swarm_2_2.pdb	9.801	18.192	0.0428571	25.918
swarm_22_56.pdb	17.866	36.127	0	25.867
swarm_45_175.pdb	6.328	16.317	0.0428571	25.849
swarm_6_137.pdb	16.717	31.030	0	25.638
swarm_29_4.pdb	18.619	33.837	0	25.542
swarm_46_4.pdb	12.673	34.552	0.0857143	25.306
swarm_57_12.pdb	19.226	39.464	0	25.236
swarm_10_40.pdb	17.052	30.594	0	25.212
swarm_13_31.pdb	8.336	14.665	0.0428571	25.150
swarm_51_56.pdb	9.430	37.399	0.0142857	25.136
swarm_20_196.pdb	14.633	37.269	0	24.695
swarm_38_127.pdb	17.976	33.156	0	24.668
swarm_13_16.pdb	17.772	29.589	0	24.478
swarm_53_104.pdb	15.927	25.855	0	24.463
swarm_24_93.pdb	16.920	33.392	0	24.448
swarm_38_188.pdb	12.391	27.794	0	24.437
swarm_38_38.pdb	11.370	26.007	0	24.379
swarm_12_149.pdb	19.153	33.940	0.0142857	24.373
swarm_39_151.pdb	15.303	39.730	0	24.170
swarm_10_131.pdb	18.168	30.459	0	24.148
swarm_2_36.pdb	18.195	33.215	0	23.959
swarm_39_133.pdb	17.730	30.428	0.0142857	23.889
swarm_2_93.pdb	17.397	30.498	0	23.840
swarm_27_161.pdb	14.083	35.305	0	23.675
swarm_9_114.pdb	17.271	31.265	0.0428571	23.663
swarm_7_139.pdb	16.789	35.508	0.0428571	23.663
swarm_43_45.pdb	14.065	30.470	0.0142857	23.645
swarm_27_48.pdb	13.414	34.483	0	23.623
swarm_14_121.pdb	16.834	30.059	0	23.370
swarm_19_45.pdb	17.984	39.011	0	23.363
swarm_10_155.pdb	17.167	30.748	0	23.314
swarm_58_123.pdb	18.398	29.865	0.0285714	23.313
swarm_9_145.pdb	11.126	19.052	0	23.267
swarm_50_187.pdb	15.919	26.945	0	23.108
swarm_13_8.pdb	18.307	28.806	0	23.082
swarm_50_3.pdb	16.376	29.891	0.0142857	23.064
swarm_60_120.pdb	17.824	30.952	0	23.061
swarm_60_171.pdb	15.079	28.772	0	22.989
swarm_50_197.pdb	8.344	23.312	0.214286	22.846
swarm_14_116.pdb	17.160	31.286	0	22.795
swarm_41_197.pdb	20.672	39.840	0	22.733
swarm_54_137.pdb	16.579	28.129	0.114286	22.664
swarm_8_175.pdb	14.379	23.525	0	22.458
swarm_18_43.pdb	14.925	28.818	0	22.399
swarm_14_13.pdb	16.980	29.486	0	22.392
swarm_50_127.pdb	17.118	29.714	0.0714286	22.278
swarm_13_119.pdb	18.160	28.667	0	22.270
swarm_23_71.pdb	16.774	33.420	0	22.177
swarm_47_97.pdb	17.688	32.575	0.0714286	21.937
swarm_58_129.pdb	15.745	26.875	0.0571429	21.774
swarm_47_37.pdb	15.806	29.741	0.0142857	21.736
swarm_9_15.pdb	18.144	29.202	0	21.717
swarm_50_74.pdb	17.347	32.487	0.0142857	21.699
swarm_15_177.pdb	17.814	29.300	0	21.690
swarm_23_116.pdb	17.210	34.556	0.0571429	21.660
swarm_18_17.pdb	9.077	23.942	0.1	21.645
swarm_9_102.pdb	12.782	26.967	0.0285714	21.538
swarm_2_99.pdb	12.475	23.856	0	21.402
swarm_45_184.pdb	15.885	34.222	0	21.373
swarm_19_50.pdb	16.019	35.237	0	21.242
swarm_10_179.pdb	10.017	17.240	0	21.176
swarm_14_84.pdb	17.371	29.980	0.0285714	21.150
swarm_59_27.pdb	18.823	30.858	0	21.124
swarm_39_26.pdb	14.712	25.960	0	21.116
swarm_31_32.pdb	20.577	37.345	0	21.100
swarm_10_43.pdb	17.759	30.193	0	21.099
swarm_7_33.pdb	16.104	25.369	0	20.675
swarm_10_183.pdb	14.995	28.068	0	20.609
swarm_14_18.pdb	15.186	28.644	0.0285714	20.490
swarm_2_134.pdb	18.455	29.210	0	20.448
swarm_48_125.pdb	15.770	25.063	0	20.122
swarm_23_141.pdb	17.086	32.111	0.0571429	19.812
swarm_54_24.pdb	12.173	20.772	0.0428571	19.655
swarm_47_188.pdb	15.860	34.330	0.0857143	19.617
swarm_42_70.pdb	5.431	15.733	0.142857	19.607
swarm_25_19.pdb	18.904	35.010	0	19.433
swarm_18_101.pdb	11.567	17.302	0	19.369
swarm_10_29.pdb	7.443	18.323	0.0285714	19.298
swarm_10_54.pdb	12.809	26.268	0	19.150
swarm_53_21.pdb	16.367	26.295	0	19.087
swarm_7_68.pdb	18.220	34.941	0	18.908
swarm_53_133.pdb	16.656	28.627	0.0142857	18.530
swarm_23_175.pdb	14.675	26.817	0	18.391
swarm_53_31.pdb	16.977	28.184	0.0285714	18.018
swarm_34_169.pdb	15.927	28.198	0	17.694
swarm_27_94.pdb	14.346	36.491	0	17.338
swarm_53_94.pdb	18.276	29.817	0	16.715
swarm_42_110.pdb	11.388	19.792	0.0428571	16.593
swarm_6_101.pdb	16.504	35.178	0.0142857	15.839
swarm_6_126.pdb	18.075	37.322	0.0285714	15.752
swarm_23_97.pdb	14.525	28.934	0	15.422
swarm_20_3.pdb	10.360	33.312	0	14.952
swarm_15_159.pdb	6.360	12.456	0.114286	14.634
swarm_50_179.pdb	12.358	28.190	0	13.776
swarm_59_132.pdb	18.507	31.201	0	13.637
swarm_42_193.pdb	6.753	11.319	0.0285714	13.352
swarm_18_180.pdb	15.254	30.790	0	13.325
swarm_60_34.pdb	19.057	36.128	0	12.935
swarm_59_125.pdb	12.092	27.640	0	12.637
swarm_9_88.pdb	16.729	29.588	0.114286	12.046
swarm_34_131.pdb	5.092	14.556	0.371429	11.977
swarm_50_188.pdb	16.180	29.633	0.0285714	10.523
swarm_59_68.pdb	18.520	35.511	0	10.519
swarm_8_8.pdb	12.452	31.820	0	9.398
swarm_25_154.pdb	17.429	28.932	0	9.029
swarm_2_152.pdb	15.975	25.725	0	8.343
swarm_51_146.pdb	18.519	40.024	0	7.753
swarm_33_42.pdb	9.973	32.400	0	6.477
swarm_16_2.pdb	9.650	27.149	0	4.994
swarm_20_0.pdb	11.660	35.072	0.0142857	3.551
swarm_18_110.pdb	9.740	18.677	0.0571429	3.204
swarm_7_88.pdb	16.912	29.591	0	2.251
swarm_9_81.pdb	14.728	26.398	0.128571	1.002
