swarm_48_98.pdb	1.848	4.549	0.714286	78.976
swarm_43_76.pdb	1.497	5.036	0.871429	78.755
swarm_15_27.pdb	3.130	7.314	0.657143	72.095
swarm_7_67.pdb	2.244	9.033	0.657143	70.971
swarm_47_92.pdb	1.541	6.258	0.757143	68.891
swarm_39_97.pdb	3.434	12.063	0.471429	63.075
swarm_13_23.pdb	1.887	4.168	0.585714	61.482
swarm_32_171.pdb	3.305	5.386	0.385714	57.338
swarm_49_136.pdb	4.002	9.389	0.285714	55.560
swarm_36_121.pdb	11.382	34.576	0	55.373
swarm_32_52.pdb	4.598	13.450	0.371429	54.783
swarm_33_92.pdb	6.035	14.630	0.0428571	54.264
swarm_47_184.pdb	4.149	7.487	0.3	52.271
swarm_34_147.pdb	4.016	13.328	0.528571	51.278
swarm_47_170.pdb	4.210	14.583	0.385714	50.979
swarm_16_17.pdb	8.905	32.457	0.0142857	49.204
swarm_41_181.pdb	5.399	17.750	0.371429	49.083
swarm_17_41.pdb	8.948	32.697	0	48.994
swarm_10_101.pdb	4.573	8.685	0.242857	48.849
swarm_18_140.pdb	9.724	28.707	0	47.665
swarm_44_157.pdb	9.350	33.353	0	46.492
swarm_20_167.pdb	9.845	30.015	0	46.489
swarm_8_60.pdb	4.479	15.177	0.314286	46.069
swarm_16_75.pdb	11.844	34.781	0	45.546
swarm_28_168.pdb	8.785	32.969	0.0142857	45.179
swarm_35_177.pdb	5.747	20.288	0.285714	44.849
swarm_16_152.pdb	9.873	29.456	0	44.844
swarm_17_38.pdb	11.175	32.780	0	44.142
swarm_17_160.pdb	10.377	29.543	0	44.081
swarm_7_179.pdb	4.878	9.586	0.2	43.923
swarm_9_196.pdb	10.006	35.775	0	43.435
swarm_44_32.pdb	12.159	32.534	0	43.402
swarm_11_63.pdb	5.414	14.434	0.371429	42.218
swarm_10_94.pdb	9.115	20.465	0.0285714	41.778
swarm_11_113.pdb	7.087	20.663	0.2	40.334
swarm_22_125.pdb	7.691	12.941	0.0285714	39.817
swarm_24_192.pdb	6.509	18.231	0.228571	39.594
swarm_48_184.pdb	4.359	9.707	0.242857	39.417
swarm_49_115.pdb	8.784	21.131	0.0142857	38.998
swarm_4_116.pdb	7.918	23.591	0.114286	38.920
swarm_12_102.pdb	8.625	25.295	0.114286	38.630
swarm_43_111.pdb	6.713	20.772	0.3	38.222
swarm_21_57.pdb	12.735	34.135	0	38.173
swarm_54_17.pdb	9.573	34.017	0	37.970
swarm_51_48.pdb	10.546	23.916	0.0142857	37.905
swarm_7_163.pdb	5.749	16.075	0.0428571	37.815
swarm_20_62.pdb	9.546	32.681	0	37.430
swarm_42_27.pdb	10.812	38.541	0	37.165
swarm_33_75.pdb	8.426	22.635	0.1	37.075
swarm_28_124.pdb	8.215	26.766	0.242857	37.052
swarm_43_68.pdb	7.710	21.914	0.114286	36.589
swarm_39_143.pdb	8.205	23.840	0.114286	36.401
swarm_8_25.pdb	4.342	14.490	0.271429	36.279
swarm_46_50.pdb	9.865	35.569	0	35.798
swarm_45_85.pdb	4.407	13.920	0.214286	35.638
swarm_11_110.pdb	5.583	17.742	0.257143	35.393
swarm_35_53.pdb	8.607	29.384	0	35.321
swarm_48_71.pdb	3.745	9.687	0.185714	35.300
swarm_38_80.pdb	8.428	23.620	0.0571429	35.252
swarm_39_65.pdb	10.686	21.851	0	34.817
swarm_27_31.pdb	10.430	35.421	0	34.713
swarm_23_125.pdb	8.319	23.199	0.1	34.428
swarm_14_155.pdb	5.786	18.161	0.228571	34.345
swarm_13_157.pdb	5.942	19.301	0.2	34.002
swarm_20_18.pdb	10.451	33.630	0	33.977
swarm_46_185.pdb	9.010	31.588	0	33.952
swarm_7_70.pdb	8.279	25.090	0.157143	33.859
swarm_26_64.pdb	9.306	31.959	0	33.661
swarm_15_121.pdb	4.046	11.797	0.157143	33.025
swarm_13_25.pdb	6.351	13.128	0.0285714	33.014
swarm_15_77.pdb	5.732	17.340	0.257143	32.902
swarm_50_45.pdb	9.934	34.624	0	32.484
swarm_53_125.pdb	6.702	17.458	0.228571	31.774
swarm_51_65.pdb	9.867	31.852	0	31.452
swarm_24_122.pdb	7.322	16.845	0.0142857	31.380
swarm_48_118.pdb	5.176	15.288	0.2	31.349
swarm_7_56.pdb	8.354	23.437	0.0428571	31.166
swarm_40_26.pdb	4.935	14.333	0.114286	31.109
swarm_48_48.pdb	10.179	20.935	0.0142857	30.830
swarm_44_6.pdb	11.325	40.882	0	30.541
swarm_42_167.pdb	10.466	40.151	0	30.476
swarm_21_37.pdb	13.837	40.320	0	30.423
swarm_24_113.pdb	8.645	27.851	0.1	30.365
swarm_37_25.pdb	9.696	30.777	0	30.339
swarm_53_5.pdb	6.853	17.890	0.128571	30.197
swarm_51_96.pdb	8.830	21.688	0.128571	30.184
swarm_12_180.pdb	13.950	37.957	0	30.051
swarm_8_54.pdb	8.351	23.985	0.128571	30.037
swarm_4_93.pdb	7.459	21.805	0.0857143	29.619
swarm_47_90.pdb	5.868	15.517	0.357143	29.443
swarm_6_157.pdb	7.289	22.772	0.128571	29.425
swarm_11_173.pdb	9.703	26.042	0	29.242
swarm_50_157.pdb	10.587	34.599	0	29.226
swarm_27_83.pdb	11.506	37.391	0.0142857	29.108
swarm_53_173.pdb	2.732	8.417	0.6	28.914
swarm_41_127.pdb	7.114	26.199	0.1	28.892
swarm_10_38.pdb	7.027	21.727	0.0571429	28.250
swarm_25_106.pdb	10.716	39.191	0	28.170
swarm_9_5.pdb	11.653	38.836	0	28.162
swarm_25_85.pdb	11.916	41.020	0	28.161
swarm_54_1.pdb	9.459	33.333	0	28.145
swarm_37_92.pdb	10.543	36.953	0	28.033
swarm_38_128.pdb	9.042	30.092	0.0142857	27.684
swarm_15_101.pdb	5.828	16.337	0.214286	27.673
swarm_38_71.pdb	9.208	27.005	0.114286	27.315
swarm_34_23.pdb	6.285	18.356	0.0285714	27.100
swarm_48_162.pdb	5.990	16.234	0.214286	27.094
swarm_5_64.pdb	8.409	24.012	0.1	26.662
swarm_23_26.pdb	4.345	10.914	0.257143	25.322
swarm_40_176.pdb	7.136	22.608	0.1	25.311
swarm_19_172.pdb	9.498	23.394	0.0428571	25.157
swarm_34_185.pdb	8.564	30.139	0.0285714	24.890
swarm_54_72.pdb	10.927	41.397	0	24.660
swarm_15_89.pdb	7.395	23.088	0.128571	24.586
swarm_28_86.pdb	8.934	26.218	0	24.421
swarm_51_128.pdb	6.303	18.158	0.1	24.318
swarm_7_113.pdb	5.186	16.716	0.2	24.152
swarm_13_117.pdb	10.239	22.415	0	23.845
swarm_30_184.pdb	11.573	42.532	0	23.412
swarm_45_167.pdb	8.363	19.180	0	23.389
swarm_31_55.pdb	12.805	45.678	0	23.365
swarm_17_55.pdb	6.287	23.415	0.257143	23.301
swarm_9_68.pdb	12.415	43.112	0	23.191
swarm_23_17.pdb	9.403	24.118	0.1	23.182
swarm_27_66.pdb	12.357	41.468	0	22.811
swarm_12_181.pdb	9.724	33.488	0.0428571	22.605
swarm_43_118.pdb	5.979	19.428	0.128571	22.590
swarm_19_179.pdb	8.491	27.557	0.0857143	21.864
swarm_42_131.pdb	12.303	43.099	0	21.844
swarm_41_17.pdb	8.155	24.187	0.0857143	21.495
swarm_41_147.pdb	8.985	31.937	0.0285714	20.665
swarm_47_144.pdb	5.551	14.256	0.242857	20.359
swarm_53_178.pdb	6.444	20.771	0.185714	19.942
swarm_23_103.pdb	8.529	18.738	0.0142857	19.893
swarm_49_75.pdb	7.736	22.072	0.0714286	19.833
swarm_1_124.pdb	12.526	39.912	0	19.732
swarm_5_156.pdb	8.975	26.446	0	19.716
swarm_48_76.pdb	9.663	22.527	0.171429	19.566
swarm_6_138.pdb	10.489	33.300	0	19.220
swarm_26_174.pdb	10.339	26.988	0	19.094
swarm_40_16.pdb	10.455	31.931	0	19.067
swarm_0_145.pdb	11.199	35.831	0	18.741
swarm_5_1.pdb	11.018	36.065	0.0142857	18.591
swarm_19_189.pdb	3.822	12.265	0.442857	17.388
swarm_53_196.pdb	9.603	26.554	0.0857143	17.021
swarm_52_111.pdb	10.893	34.528	0	16.848
swarm_33_166.pdb	8.606	23.633	0	16.732
swarm_35_50.pdb	9.154	30.844	0.0428571	16.250
swarm_5_101.pdb	8.107	26.660	0	15.590
swarm_45_17.pdb	8.935	26.359	0.0285714	15.459
swarm_13_99.pdb	6.726	19.239	0.0857143	15.115
swarm_15_133.pdb	7.165	19.569	0.157143	14.802
swarm_45_195.pdb	6.669	22.482	0.0428571	14.616
swarm_45_125.pdb	10.502	31.574	0.142857	14.469
swarm_1_138.pdb	11.644	36.864	0	12.937
swarm_53_141.pdb	9.648	24.673	0.0142857	12.639
swarm_6_69.pdb	9.792	31.386	0.0285714	10.669
swarm_49_132.pdb	8.053	21.638	0.0142857	9.967
swarm_3_39.pdb	11.601	41.134	0	7.037
swarm_25_166.pdb	10.462	31.813	0	5.312
swarm_52_115.pdb	10.895	31.837	0	4.785
swarm_5_86.pdb	10.272	26.673	0	0.257
