swarm_8_54.pdb	1.758	12.873	0.604651	48.747
swarm_25_131.pdb	1.732	12.900	0.627907	47.590
swarm_18_161.pdb	1.975	14.262	0.55814	45.753
swarm_7_63.pdb	1.528	6.871	0.511628	42.701
swarm_26_6.pdb	1.808	6.465	0.465116	42.166
swarm_5_123.pdb	1.578	7.638	0.511628	40.766
swarm_9_74.pdb	2.107	13.347	0.651163	40.610
swarm_14_194.pdb	1.650	11.719	0.604651	39.137
swarm_24_92.pdb	2.372	3.408	0.418605	35.825
swarm_7_46.pdb	4.256	15.968	0.302326	35.678
swarm_8_30.pdb	2.702	12.347	0.581395	35.059
swarm_25_196.pdb	2.363	11.036	0.627907	33.670
swarm_14_87.pdb	2.912	17.367	0.372093	31.983
swarm_10_16.pdb	3.241	19.271	0.372093	31.503
swarm_2_191.pdb	2.716	17.965	0.418605	30.881
swarm_1_102.pdb	3.152	19.430	0.325581	30.589
swarm_26_191.pdb	3.283	12.286	0.44186	30.389
swarm_10_64.pdb	5.117	25.898	0.162791	29.090
swarm_22_9.pdb	5.262	25.952	0.139535	29.040
swarm_20_185.pdb	2.895	13.498	0.488372	28.914
swarm_7_193.pdb	6.856	17.659	0	28.805
swarm_21_150.pdb	7.073	19.969	0	28.719
swarm_0_140.pdb	4.385	22.464	0.186047	28.332
swarm_11_146.pdb	4.789	26.123	0.186047	28.308
swarm_18_126.pdb	4.559	26.431	0.209302	28.199
swarm_21_97.pdb	5.300	17.295	0.302326	27.258
swarm_17_124.pdb	6.078	25.248	0.209302	27.023
swarm_2_179.pdb	5.055	27.190	0.186047	26.782
swarm_26_50.pdb	6.488	22.239	0	25.779
swarm_9_79.pdb	7.280	26.589	0	25.591
swarm_16_69.pdb	5.822	18.173	0.162791	25.077
swarm_6_22.pdb	6.090	17.517	0.0465116	24.411
swarm_25_34.pdb	5.652	7.771	0	23.502
swarm_7_43.pdb	6.525	12.544	0.0232558	23.015
swarm_8_194.pdb	6.226	21.941	0	22.681
swarm_5_163.pdb	4.317	16.245	0.348837	22.094
swarm_4_93.pdb	5.854	9.142	0	22.088
swarm_0_67.pdb	7.232	25.069	0.232558	20.752
swarm_10_77.pdb	6.411	27.062	0	20.681
swarm_1_175.pdb	6.239	22.654	0.255814	20.493
swarm_5_84.pdb	6.420	11.429	0.0465116	19.869
swarm_18_165.pdb	5.950	22.140	0	19.832
swarm_4_100.pdb	5.704	12.034	0.0232558	19.734
swarm_11_66.pdb	5.913	22.651	0.0232558	19.553
swarm_2_190.pdb	5.659	23.003	0.0232558	19.212
swarm_20_119.pdb	6.855	24.629	0.232558	18.987
swarm_24_10.pdb	6.027	10.849	0.0930233	18.456
swarm_15_97.pdb	6.317	17.920	0.0465116	17.484
swarm_23_66.pdb	6.277	15.268	0.0697674	17.005
swarm_16_184.pdb	6.430	16.876	0.0232558	16.021
swarm_25_78.pdb	7.345	12.931	0	15.814
swarm_23_180.pdb	6.921	13.219	0.0697674	12.082
swarm_22_136.pdb	5.714	18.759	0.0465116	5.593
