swarm_33_4.pdb	9.127	24.027	0	33.442
swarm_32_29.pdb	7.860	30.750	0.0232558	32.993
swarm_36_114.pdb	7.451	19.787	0	29.676
swarm_14_27.pdb	9.561	21.550	0	29.540
swarm_4_102.pdb	8.339	16.446	0	28.752
swarm_27_80.pdb	8.894	23.334	0	28.695
swarm_18_69.pdb	11.340	26.319	0	28.666
swarm_6_46.pdb	8.926	23.376	0	28.383
swarm_18_162.pdb	7.356	16.042	0	28.282
swarm_16_98.pdb	9.605	17.256	0	27.772
swarm_22_120.pdb	7.945	30.478	0.0232558	27.368
swarm_6_83.pdb	8.704	19.582	0.0697674	26.507
swarm_5_67.pdb	7.522	17.379	0.0465116	25.967
swarm_30_111.pdb	15.378	40.621	0	25.642
swarm_5_88.pdb	6.681	18.289	0.0232558	25.586
swarm_16_148.pdb	8.695	18.670	0	25.336
swarm_39_151.pdb	9.571	19.764	0	25.145
swarm_13_75.pdb	8.353	18.359	0.0232558	25.060
swarm_22_125.pdb	7.086	22.035	0	24.846
swarm_22_183.pdb	10.209	27.041	0	24.666
swarm_24_76.pdb	7.406	23.455	0.0697674	24.546
swarm_14_103.pdb	8.622	19.320	0.0465116	24.540
swarm_4_67.pdb	5.905	13.722	0	24.394
swarm_17_20.pdb	8.329	20.656	0	24.232
swarm_19_113.pdb	9.886	26.904	0	24.160
swarm_12_34.pdb	14.694	39.011	0	23.876
swarm_29_198.pdb	8.121	25.032	0	23.665
swarm_18_130.pdb	9.272	22.574	0.0232558	23.540
swarm_4_185.pdb	6.116	13.198	0.0930233	23.535
swarm_18_98.pdb	3.707	19.906	0.27907	23.521
swarm_29_123.pdb	8.778	21.311	0	23.343
swarm_5_161.pdb	4.592	9.844	0.395349	23.252
swarm_7_139.pdb	11.054	24.462	0	23.170
swarm_5_4.pdb	8.464	20.117	0.0465116	22.980
swarm_16_183.pdb	7.650	17.849	0	22.854
swarm_17_60.pdb	4.824	11.144	0.0465116	22.725
swarm_17_84.pdb	9.372	25.082	0.0232558	22.710
swarm_6_179.pdb	7.857	19.057	0	22.221
swarm_18_195.pdb	9.572	29.027	0	22.023
swarm_28_169.pdb	10.104	23.640	0.139535	21.661
swarm_39_175.pdb	10.608	23.051	0	21.551
swarm_26_61.pdb	11.013	25.276	0	21.478
swarm_6_58.pdb	8.510	23.066	0.0697674	21.111
swarm_1_23.pdb	5.680	20.070	0.0465116	21.083
swarm_1_167.pdb	9.908	22.075	0	20.599
swarm_24_138.pdb	12.894	32.455	0	20.530
swarm_31_180.pdb	10.847	29.967	0	20.517
swarm_33_113.pdb	11.048	28.728	0	20.272
swarm_25_1.pdb	6.126	16.090	0.0232558	20.065
swarm_22_119.pdb	10.154	29.077	0	19.905
swarm_28_31.pdb	7.586	14.511	0	19.653
swarm_6_87.pdb	7.886	19.483	0	19.643
swarm_31_0.pdb	9.079	26.374	0.0930233	19.624
swarm_25_67.pdb	7.811	17.241	0.0465116	19.587
swarm_28_9.pdb	8.558	20.385	0	19.573
swarm_39_144.pdb	7.637	19.234	0.0930233	19.569
swarm_26_136.pdb	8.817	22.250	0	19.550
swarm_15_5.pdb	7.229	22.875	0.0930233	19.526
swarm_32_49.pdb	11.790	34.383	0	19.480
swarm_28_45.pdb	8.015	24.738	0.0697674	19.448
swarm_5_33.pdb	6.002	15.450	0.139535	19.389
swarm_6_178.pdb	6.383	17.617	0.116279	19.373
swarm_37_37.pdb	12.055	29.668	0	19.338
swarm_32_170.pdb	8.906	24.298	0	19.040
swarm_14_154.pdb	6.062	13.041	0.0232558	19.020
swarm_31_134.pdb	13.174	35.254	0	18.923
swarm_16_185.pdb	8.424	16.841	0.139535	18.879
swarm_32_41.pdb	12.488	34.973	0	18.841
swarm_31_150.pdb	12.483	32.069	0	18.770
swarm_0_60.pdb	9.706	23.517	0	18.663
swarm_23_178.pdb	14.724	39.318	0	18.654
swarm_6_89.pdb	9.514	22.986	0	18.562
swarm_25_143.pdb	8.518	23.226	0.0930233	18.436
swarm_6_192.pdb	9.147	17.200	0.0697674	18.418
swarm_29_168.pdb	11.090	30.087	0	18.330
swarm_27_47.pdb	6.905	22.883	0	18.087
swarm_13_23.pdb	8.453	18.305	0	17.961
swarm_17_191.pdb	4.369	22.055	0.255814	17.931
swarm_15_26.pdb	10.509	21.212	0	17.825
swarm_25_12.pdb	9.412	21.794	0	17.769
swarm_36_193.pdb	11.716	29.339	0.0232558	17.680
swarm_5_193.pdb	8.866	19.403	0	17.588
swarm_31_2.pdb	8.020	32.041	0.0232558	17.578
swarm_0_109.pdb	7.401	22.668	0.0232558	17.469
swarm_39_44.pdb	9.752	22.347	0.162791	17.378
swarm_36_30.pdb	12.916	32.682	0	17.347
swarm_19_168.pdb	8.393	28.330	0.0232558	17.223
swarm_29_26.pdb	9.171	24.516	0	17.018
swarm_29_98.pdb	9.627	24.284	0	16.994
swarm_5_147.pdb	6.507	15.790	0.0465116	16.978
swarm_29_22.pdb	10.388	25.685	0	16.941
swarm_13_66.pdb	8.740	18.814	0.0697674	16.860
swarm_19_108.pdb	6.080	25.017	0.0697674	16.847
swarm_6_152.pdb	8.126	17.243	0.0465116	16.582
swarm_17_119.pdb	9.494	22.393	0.0232558	16.501
swarm_39_97.pdb	8.796	19.018	0	16.470
swarm_17_152.pdb	8.747	19.550	0	16.460
swarm_36_98.pdb	11.273	27.239	0	16.451
swarm_31_159.pdb	8.487	27.782	0.0465116	16.359
swarm_16_115.pdb	10.884	22.712	0	16.282
swarm_28_121.pdb	9.240	21.327	0	16.201
swarm_33_26.pdb	8.702	21.960	0	16.174
swarm_4_15.pdb	4.348	9.056	0.0930233	15.999
swarm_16_68.pdb	7.848	18.667	0.0465116	15.952
swarm_36_11.pdb	8.156	24.435	0.0697674	15.896
swarm_36_84.pdb	6.359	20.720	0.0465116	15.874
swarm_18_42.pdb	4.271	19.619	0.186047	15.565
swarm_27_102.pdb	12.847	30.862	0	15.362
swarm_1_74.pdb	8.215	22.458	0.0232558	15.322
swarm_25_148.pdb	6.605	20.286	0.0232558	15.241
swarm_2_9.pdb	10.677	21.416	0	15.167
swarm_36_60.pdb	7.358	20.875	0	15.151
swarm_31_71.pdb	13.179	32.962	0	14.922
swarm_1_91.pdb	6.454	19.637	0.116279	14.830
swarm_19_130.pdb	9.841	26.176	0	14.790
swarm_33_0.pdb	5.904	26.415	0.209302	14.421
swarm_7_44.pdb	10.053	27.258	0	14.342
swarm_18_193.pdb	10.749	25.367	0	14.341
swarm_29_82.pdb	11.216	29.476	0	14.056
swarm_27_129.pdb	8.332	28.836	0	13.554
swarm_2_75.pdb	8.246	19.981	0	13.380
swarm_4_131.pdb	8.802	18.711	0	13.322
swarm_36_150.pdb	8.729	24.979	0.0465116	13.295
swarm_27_87.pdb	10.604	30.797	0	12.975
swarm_22_77.pdb	6.941	24.925	0.0465116	12.722
swarm_18_35.pdb	7.860	23.144	0	12.022
swarm_17_87.pdb	7.887	23.088	0.116279	11.307
swarm_11_5.pdb	13.882	33.630	0	10.451
swarm_1_189.pdb	5.033	18.047	0.0465116	9.668
