swarm_0_193.pdb	12.539	70.356	0	46.040
swarm_26_99.pdb	16.463	29.701	0	39.941
swarm_18_44.pdb	13.718	33.950	0	39.818
swarm_32_108.pdb	10.986	72.050	0	39.575
swarm_19_149.pdb	10.340	89.955	0	39.409
swarm_29_128.pdb	17.778	47.037	0	37.465
swarm_5_167.pdb	3.909	90.518	0.219512	35.759
swarm_10_119.pdb	10.452	98.915	0	35.364
swarm_29_130.pdb	15.214	38.115	0	34.215
swarm_30_159.pdb	7.888	70.473	0	33.317
swarm_22_122.pdb	14.094	33.069	0	32.488
swarm_33_35.pdb	14.108	36.520	0	31.913
swarm_18_46.pdb	15.123	47.813	0	31.336
swarm_9_9.pdb	14.218	43.569	0	31.095
swarm_1_33.pdb	14.618	34.890	0	30.993
swarm_4_1.pdb	14.235	38.258	0	30.945
swarm_31_145.pdb	14.110	46.433	0	30.848
swarm_24_156.pdb	8.359	102.743	0	30.547
swarm_31_165.pdb	12.078	71.911	0	30.434
swarm_5_119.pdb	9.292	83.011	0	30.407
swarm_6_76.pdb	14.466	45.803	0	30.379
swarm_1_130.pdb	14.588	43.399	0	30.191
swarm_14_100.pdb	14.827	38.842	0	29.725
swarm_4_190.pdb	14.208	49.753	0	29.715
swarm_16_45.pdb	10.972	106.511	0	29.652
swarm_18_78.pdb	15.017	38.684	0	29.504
swarm_3_75.pdb	6.474	74.237	0.0243902	29.421
swarm_13_52.pdb	7.551	71.066	0	29.358
swarm_1_157.pdb	16.503	37.424	0	28.602
swarm_7_15.pdb	5.074	92.930	0.097561	27.837
swarm_10_186.pdb	5.001	97.761	0.121951	27.408
swarm_9_59.pdb	13.859	45.124	0	26.888
swarm_23_147.pdb	13.993	43.556	0	25.636
swarm_18_11.pdb	13.480	42.704	0	25.540
swarm_12_137.pdb	8.376	105.512	0	25.523
swarm_19_55.pdb	5.670	97.196	0.0243902	24.399
swarm_2_177.pdb	13.237	49.044	0	24.200
swarm_23_199.pdb	15.244	39.507	0	23.485
swarm_13_68.pdb	8.815	84.212	0	23.439
swarm_31_75.pdb	14.411	48.687	0	23.333
swarm_20_23.pdb	9.072	101.174	0	23.226
swarm_28_78.pdb	18.076	33.391	0	22.722
swarm_10_51.pdb	5.829	91.417	0.0731707	22.308
swarm_16_75.pdb	6.903	99.345	0	22.282
swarm_20_131.pdb	6.020	94.466	0	22.076
swarm_5_184.pdb	5.782	86.597	0.121951	22.019
swarm_2_149.pdb	10.892	49.675	0	21.708
swarm_7_92.pdb	4.858	94.099	0.0731707	21.090
swarm_3_124.pdb	8.084	69.550	0	20.847
swarm_3_58.pdb	8.793	79.855	0	20.212
swarm_5_97.pdb	7.375	85.024	0	19.670
swarm_33_100.pdb	16.222	38.478	0	19.430
swarm_3_32.pdb	7.263	74.241	0	18.591
swarm_24_72.pdb	6.413	95.827	0.0243902	18.464
swarm_30_24.pdb	9.100	66.406	0	18.422
swarm_33_155.pdb	10.763	54.143	0	17.789
swarm_0_152.pdb	13.450	63.126	0	17.385
swarm_10_16.pdb	5.582	95.160	0.0243902	17.157
swarm_2_141.pdb	8.160	58.257	0	16.075
swarm_24_50.pdb	5.438	101.236	0.0731707	15.348
swarm_2_125.pdb	8.793	52.346	0	14.695
swarm_32_169.pdb	11.624	71.221	0	13.826
swarm_31_85.pdb	8.918	58.496	0	13.707
swarm_2_83.pdb	13.729	61.220	0	12.954
swarm_30_158.pdb	7.818	59.142	0	12.796
swarm_13_181.pdb	10.943	85.062	0	11.755
swarm_26_76.pdb	18.242	34.502	0	7.838
swarm_33_53.pdb	11.315	50.528	0	6.557
swarm_0_147.pdb	8.538	60.106	0	5.881
swarm_15_114.pdb	8.043	85.296	0	5.646
swarm_20_99.pdb	6.124	98.924	0.0731707	2.414
swarm_4_150.pdb	9.120	55.639	0	0.451
