run1-swarm_33_195.pdb	4.540	97.072	0.170732	56.771
run1-swarm_6_67.pdb	5.691	103.975	0.0731707	47.914
run0-swarm_7_167.pdb	4.531	77.010	0.341463	43.801
run1-swarm_16_57.pdb	6.166	93.848	0.0731707	41.456
run0-swarm_24_154.pdb	3.397	68.576	0.341463	40.702
run1-swarm_33_77.pdb	4.098	94.043	0.170732	38.920
run0-swarm_8_158.pdb	5.280	92.540	0.195122	38.804
run0-swarm_2_169.pdb	4.847	63.110	0.341463	38.494
run1-swarm_3_38.pdb	5.577	105.398	0.0731707	38.196
run0-swarm_12_20.pdb	14.648	56.715	0	37.694
run0-swarm_22_196.pdb	13.362	43.151	0	36.914
run1-swarm_28_24.pdb	11.847	89.276	0	36.787
run1-swarm_13_61.pdb	5.083	100.590	0.097561	35.755
run0-swarm_6_85.pdb	7.276	92.759	0.0243902	35.431
run1-swarm_15_199.pdb	4.432	91.539	0.414634	35.340
run1-swarm_19_110.pdb	3.351	90.528	0.365854	34.617
run1-swarm_29_81.pdb	13.010	33.220	0	34.280
run1-swarm_25_127.pdb	6.641	99.764	0	34.250
run0-swarm_13_62.pdb	5.625	92.690	0.121951	34.086
run0-swarm_10_6.pdb	6.271	91.946	0.097561	34.027
run1-swarm_19_109.pdb	5.162	89.654	0.170732	33.965
run0-swarm_10_110.pdb	10.981	89.603	0	33.826
run1-swarm_19_149.pdb	3.435	83.052	0.634146	33.388
run1-swarm_0_6.pdb	15.403	70.859	0	33.097
run1-swarm_3_179.pdb	10.735	107.023	0	32.636
run1-swarm_1_94.pdb	14.482	33.457	0	32.530
run0-swarm_21_55.pdb	10.101	70.933	0	32.453
run0-swarm_16_91.pdb	6.936	91.365	0.097561	32.396
run0-swarm_21_6.pdb	3.670	73.412	0.463415	32.041
run0-swarm_10_83.pdb	5.471	91.661	0.195122	31.993
run1-swarm_6_97.pdb	4.906	97.761	0.219512	31.364
run1-swarm_34_150.pdb	13.481	28.449	0	31.128
run0-swarm_17_183.pdb	7.140	97.044	0.317073	31.125
run1-swarm_9_136.pdb	5.440	87.388	0.195122	30.731
run0-swarm_20_145.pdb	5.971	84.894	0.097561	30.485
run1-swarm_9_188.pdb	4.235	91.695	0.219512	30.101
run1-swarm_2_54.pdb	12.183	47.874	0	30.015
run1-swarm_3_192.pdb	5.759	102.586	0.0487805	30.007
run0-swarm_4_68.pdb	13.989	57.448	0	29.819
run0-swarm_3_194.pdb	5.053	50.200	0.292683	29.480
run1-swarm_17_73.pdb	2.914	81.839	0.512195	29.048
run0-swarm_17_13.pdb	10.364	95.625	0	28.955
run1-swarm_30_118.pdb	9.060	106.556	0	28.920
run0-swarm_13_42.pdb	8.941	94.598	0.0487805	28.273
run1-swarm_38_121.pdb	3.070	67.168	0.463415	28.178
run1-swarm_20_148.pdb	4.707	95.516	0.414634	27.945
run0-swarm_9_156.pdb	5.730	85.427	0.0243902	27.833
run1-swarm_16_164.pdb	8.386	102.367	0	27.830
run0-swarm_22_67.pdb	13.177	36.157	0	27.601
run0-swarm_5_157.pdb	9.420	105.377	0	27.462
run0-swarm_7_168.pdb	10.201	80.210	0	27.224
run0-swarm_16_122.pdb	11.509	97.759	0	27.171
run1-swarm_31_3.pdb	5.778	92.789	0.146341	26.995
run0-swarm_19_11.pdb	8.750	102.356	0	26.787
run1-swarm_31_52.pdb	8.280	105.053	0	26.456
run0-swarm_0_21.pdb	14.368	51.227	0	26.329
run1-swarm_14_161.pdb	13.679	61.990	0	26.323
run0-swarm_9_47.pdb	8.876	83.900	0	26.034
run1-swarm_38_64.pdb	8.070	77.981	0	25.953
run1-swarm_30_98.pdb	5.357	94.660	0.170732	25.617
run1-swarm_6_183.pdb	7.558	105.386	0.0243902	24.797
run1-swarm_24_104.pdb	12.944	91.138	0	24.717
run0-swarm_24_167.pdb	4.570	68.701	0.219512	24.354
run1-swarm_38_175.pdb	14.820	70.054	0	23.786
run0-swarm_6_107.pdb	9.149	99.524	0	22.907
run0-swarm_18_163.pdb	8.681	97.119	0	22.899
run0-swarm_10_178.pdb	12.422	85.113	0	22.736
run1-swarm_15_105.pdb	4.369	92.125	0.243902	22.646
run0-swarm_6_180.pdb	11.831	97.821	0	21.981
run0-swarm_5_18.pdb	6.907	94.788	0.0243902	21.500
run1-swarm_12_113.pdb	5.698	93.263	0.121951	21.124
run1-swarm_17_197.pdb	4.188	88.113	0.365854	20.873
run1-swarm_20_132.pdb	3.702	89.030	0.463415	20.818
run0-swarm_12_50.pdb	14.096	45.343	0	20.751
run0-swarm_7_186.pdb	7.062	85.817	0.097561	20.671
run0-swarm_2_183.pdb	10.083	61.307	0	20.452
run1-swarm_27_6.pdb	5.531	96.629	0.146341	20.362
run1-swarm_33_46.pdb	5.329	105.692	0.0731707	19.158
run0-swarm_3_36.pdb	12.789	47.733	0	18.830
run1-swarm_6_65.pdb	5.253	102.598	0.243902	18.593
run0-swarm_5_10.pdb	12.899	93.296	0	18.551
run0-swarm_3_189.pdb	12.249	33.718	0	18.379
run0-swarm_19_25.pdb	11.523	98.966	0	17.944
run0-swarm_8_29.pdb	11.935	83.469	0	17.024
run1-swarm_6_56.pdb	13.315	99.825	0	16.815
run0-swarm_8_114.pdb	10.298	90.449	0	16.349
run1-swarm_16_174.pdb	5.907	96.435	0.146341	16.322
run0-swarm_21_87.pdb	7.780	62.740	0	16.123
run1-swarm_35_41.pdb	13.012	34.690	0	15.542
run1-swarm_9_140.pdb	4.125	84.840	0.487805	14.044
run0-swarm_5_120.pdb	6.409	108.171	0.219512	13.347
run1-swarm_3_181.pdb	12.594	98.147	0	12.872
run0-swarm_4_34.pdb	10.848	62.299	0	12.601
run1-swarm_24_30.pdb	6.822	79.575	0.0243902	12.594
run1-swarm_16_27.pdb	10.574	100.633	0	12.588
run1-swarm_18_87.pdb	12.669	36.105	0	12.470
run1-swarm_31_54.pdb	10.966	104.049	0	11.900
run0-swarm_6_163.pdb	10.613	84.622	0	11.823
run0-swarm_8_75.pdb	11.516	87.343	0	11.663
run0-swarm_14_3.pdb	9.246	93.760	0	11.357
run0-swarm_10_38.pdb	10.940	93.019	0	10.956
run0-swarm_17_107.pdb	7.254	95.894	0.121951	9.818
run0-swarm_18_47.pdb	11.001	85.291	0	9.475
run1-swarm_24_166.pdb	13.054	83.999	0	8.997
run1-swarm_2_154.pdb	9.188	56.861	0	3.851
run0-swarm_19_80.pdb	9.062	103.617	0.0243902	3.497
run0-swarm_21_153.pdb	11.386	59.233	0	3.280
run0-swarm_11_193.pdb	11.351	91.305	0	3.100
