swarm_0_183.pdb	13.677	47.985	0	45.032
swarm_17_195.pdb	7.795	88.962	0	44.090
swarm_9_23.pdb	7.228	88.998	0.0243902	41.235
swarm_23_75.pdb	5.409	99.812	0.097561	40.386
swarm_19_48.pdb	7.198	86.761	0.0243902	39.222
swarm_28_23.pdb	13.971	43.565	0	38.486
swarm_9_62.pdb	4.967	93.286	0.170732	37.160
swarm_19_180.pdb	5.431	89.475	0.170732	35.462
swarm_17_151.pdb	6.557	93.571	0.0487805	35.238
swarm_17_197.pdb	5.445	91.820	0.170732	34.443
swarm_20_122.pdb	8.991	87.158	0	33.688
swarm_23_28.pdb	8.536	87.310	0	33.408
swarm_19_78.pdb	5.844	91.915	0.146341	33.151
swarm_8_88.pdb	6.194	105.858	0.0487805	32.960
swarm_8_51.pdb	5.466	101.518	0.0487805	31.706
swarm_11_117.pdb	8.642	88.328	0	31.226
swarm_10_62.pdb	7.213	89.196	0	31.032
swarm_25_129.pdb	9.771	102.861	0	30.873
swarm_18_138.pdb	8.915	91.157	0	30.184
swarm_7_26.pdb	12.721	39.463	0	30.106
swarm_8_37.pdb	9.324	105.868	0	29.935
swarm_16_54.pdb	9.078	83.348	0	29.048
swarm_11_169.pdb	5.791	85.629	0.121951	28.936
swarm_22_27.pdb	7.138	89.729	0.0243902	28.397
swarm_12_184.pdb	12.551	43.248	0	28.375
swarm_9_127.pdb	4.914	98.694	0.243902	27.252
swarm_25_85.pdb	5.568	98.910	0.0487805	27.017
swarm_9_161.pdb	8.277	93.539	0	26.977
swarm_10_119.pdb	6.938	84.034	0.0487805	26.157
swarm_23_104.pdb	8.718	91.454	0	25.928
swarm_20_41.pdb	11.121	80.791	0	25.837
swarm_16_2.pdb	8.976	83.459	0	25.296
swarm_7_98.pdb	15.283	37.848	0	23.104
swarm_4_22.pdb	12.315	42.711	0	22.914
swarm_20_19.pdb	9.792	69.292	0	22.648
swarm_30_38.pdb	10.366	70.350	0	22.328
swarm_4_157.pdb	12.351	44.628	0	21.817
swarm_30_31.pdb	6.758	74.661	0.0243902	20.884
swarm_26_168.pdb	9.222	79.493	0	20.122
swarm_25_118.pdb	7.821	98.553	0.0731707	19.896
swarm_16_10.pdb	8.153	81.436	0	19.717
swarm_28_197.pdb	15.531	33.649	0	19.184
swarm_3_155.pdb	10.525	58.566	0	18.037
swarm_1_22.pdb	14.435	61.772	0	18.026
swarm_16_192.pdb	8.932	92.406	0	17.831
swarm_30_164.pdb	9.567	68.136	0	17.340
swarm_27_153.pdb	10.164	63.588	0	17.277
swarm_25_152.pdb	11.662	95.256	0	17.006
swarm_1_31.pdb	10.500	54.309	0	16.996
swarm_3_97.pdb	12.734	43.539	0	16.746
swarm_10_169.pdb	11.447	77.033	0	16.553
swarm_7_123.pdb	10.643	34.582	0	16.410
swarm_12_39.pdb	12.974	52.129	0	14.580
swarm_11_0.pdb	9.229	78.315	0	13.989
swarm_13_0.pdb	15.102	21.741	0	13.663
swarm_24_142.pdb	7.229	96.210	0.097561	13.518
swarm_1_100.pdb	9.939	61.969	0	11.238
swarm_9_84.pdb	6.627	99.918	0.121951	10.987
swarm_30_169.pdb	13.339	69.150	0	9.070
swarm_22_32.pdb	7.360	99.595	0.0731707	8.558
swarm_3_159.pdb	10.320	63.754	0	8.252
swarm_22_158.pdb	7.947	96.221	0.0487805	7.817
swarm_7_92.pdb	11.312	35.441	0	7.370
swarm_28_121.pdb	15.918	56.999	0	5.278
swarm_11_149.pdb	9.933	87.238	0	3.945
swarm_20_120.pdb	9.794	88.680	0	3.611
swarm_26_92.pdb	13.552	65.120	0	2.460
swarm_27_82.pdb	9.820	75.431	0	2.063
