swarm_22_81.pdb	14.565	91.391	0	46.540
swarm_18_14.pdb	10.142	86.630	0	43.808
swarm_9_84.pdb	7.661	88.560	0	34.275
swarm_10_75.pdb	17.144	78.580	0	33.347
swarm_21_62.pdb	15.081	90.828	0	33.343
swarm_19_169.pdb	14.478	69.295	0	33.157
swarm_23_104.pdb	24.249	93.120	0	33.027
swarm_16_31.pdb	18.115	88.243	0	32.936
swarm_15_43.pdb	14.685	82.411	0	32.755
swarm_22_112.pdb	13.134	97.868	0	32.117
swarm_19_135.pdb	15.554	80.569	0	32.006
swarm_21_143.pdb	24.431	93.290	0	31.593
swarm_23_173.pdb	18.661	97.581	0	30.799
swarm_1_10.pdb	24.625	65.019	0	29.318
swarm_16_98.pdb	20.100	81.160	0	28.271
swarm_17_181.pdb	15.346	98.509	0	27.535
swarm_22_162.pdb	23.077	80.597	0	27.205
swarm_16_36.pdb	7.808	87.565	0	26.343
swarm_21_28.pdb	22.428	87.040	0	26.239
swarm_8_34.pdb	25.332	90.162	0	24.669
swarm_10_35.pdb	13.475	75.416	0	24.617
swarm_8_58.pdb	23.825	92.883	0	24.581
swarm_3_113.pdb	19.234	65.976	0	24.460
swarm_22_191.pdb	15.203	95.091	0	23.511
swarm_1_185.pdb	25.255	67.671	0	23.182
swarm_23_63.pdb	20.929	90.044	0	22.849
swarm_18_146.pdb	16.979	94.010	0	22.772
swarm_14_118.pdb	19.347	98.736	0	22.238
swarm_11_194.pdb	7.688	88.450	0	21.965
swarm_19_32.pdb	9.368	93.634	0.0487805	21.723
swarm_19_139.pdb	19.843	96.037	0	19.990
swarm_14_55.pdb	9.483	103.429	0	19.970
swarm_24_97.pdb	20.437	80.228	0	19.911
swarm_22_161.pdb	11.979	82.231	0	19.417
swarm_17_85.pdb	8.867	89.953	0	19.095
swarm_17_184.pdb	13.819	87.727	0	19.032
swarm_19_53.pdb	17.465	78.927	0	18.866
swarm_24_52.pdb	23.107	70.084	0	18.838
swarm_25_64.pdb	14.224	70.198	0	17.169
swarm_11_158.pdb	17.346	82.255	0	15.682
swarm_9_138.pdb	14.205	93.642	0	15.003
swarm_21_106.pdb	22.650	90.579	0	12.883
swarm_9_154.pdb	16.727	83.941	0	9.365
swarm_22_134.pdb	11.717	91.521	0	5.273
swarm_10_177.pdb	7.322	80.140	0.439024	0.772
