swarm_12_156.pdb	6.780	103.385	0	46.516
swarm_6_157.pdb	3.825	76.530	0.392857	43.163
swarm_10_81.pdb	6.191	102.444	0	41.697
swarm_20_104.pdb	3.546	82.222	0.535714	40.510
swarm_7_189.pdb	3.532	90.677	0.535714	40.440
swarm_9_75.pdb	4.111	92.561	0.392857	40.064
swarm_22_91.pdb	3.264	91.774	0.571429	39.866
swarm_22_98.pdb	4.194	89.163	0.321429	38.885
swarm_15_18.pdb	7.270	103.253	0	36.755
swarm_18_152.pdb	2.465	79.862	0.607143	34.211
swarm_5_159.pdb	15.249	102.159	0	34.073
swarm_14_172.pdb	6.463	104.274	0	34.064
swarm_14_76.pdb	4.883	98.151	0.392857	33.613
swarm_7_101.pdb	4.889	95.295	0.178571	33.410
swarm_5_140.pdb	4.309	106.544	0.321429	33.215
swarm_19_27.pdb	3.613	79.350	0.607143	33.094
swarm_15_139.pdb	5.964	102.443	0.285714	31.945
swarm_11_77.pdb	11.486	95.098	0	31.295
swarm_18_189.pdb	4.507	75.049	0.285714	30.652
swarm_10_100.pdb	5.700	92.259	0.285714	29.610
swarm_0_134.pdb	6.619	106.129	0.0357143	29.222
swarm_4_109.pdb	5.864	94.856	0	28.881
swarm_17_18.pdb	13.309	87.827	0	28.325
swarm_1_11.pdb	11.517	97.431	0	27.634
swarm_11_82.pdb	5.145	93.362	0.0357143	22.609
swarm_14_147.pdb	6.972	96.525	0.178571	22.494
swarm_12_9.pdb	7.300	105.593	0.0714286	22.289
swarm_22_28.pdb	4.346	81.011	0.392857	21.252
swarm_6_107.pdb	13.195	85.887	0	17.380
swarm_15_2.pdb	6.553	102.074	0	16.284
swarm_18_42.pdb	5.841	74.281	0	16.049
swarm_5_169.pdb	8.951	106.546	0	13.306
swarm_3_177.pdb	14.056	95.985	0	12.994
swarm_10_127.pdb	3.948	95.868	0.357143	11.361
swarm_7_30.pdb	6.094	86.242	0	1.848
swarm_14_80.pdb	6.365	96.285	0.178571	0.313
swarm_7_100.pdb	13.094	98.093	0	0.158
