swarm_53_195.pdb	2.880	5.071	0.54717	64.098
swarm_26_167.pdb	2.971	7.789	0.490566	60.803
swarm_49_144.pdb	3.446	6.794	0.339623	60.504
swarm_38_77.pdb	3.388	8.259	0.320755	55.262
swarm_26_113.pdb	6.340	15.935	0.0566038	54.716
swarm_1_15.pdb	3.362	6.355	0.415094	52.669
swarm_55_149.pdb	9.008	14.259	0	51.767
swarm_43_89.pdb	5.733	10.125	0.113208	50.623
swarm_55_164.pdb	5.140	8.147	0.132075	50.596
swarm_11_82.pdb	2.703	4.244	0.566038	50.381
swarm_48_130.pdb	7.549	12.860	0.0188679	50.277
swarm_11_181.pdb	5.444	9.826	0.0943396	50.216
swarm_2_158.pdb	6.958	15.020	0	48.227
swarm_21_141.pdb	3.140	6.593	0.396226	46.738
swarm_52_19.pdb	4.055	7.251	0.415094	45.424
swarm_42_194.pdb	9.643	15.560	0	42.638
swarm_42_185.pdb	4.549	13.264	0.226415	40.894
swarm_49_164.pdb	9.562	14.841	0	39.862
swarm_25_148.pdb	4.843	14.760	0.226415	39.077
swarm_54_24.pdb	10.631	16.043	0	38.352
swarm_58_52.pdb	4.408	16.761	0.188679	38.070
swarm_46_21.pdb	3.006	7.276	0.509434	37.983
swarm_35_194.pdb	5.322	26.117	0.264151	37.902
swarm_3_109.pdb	5.606	13.318	0.0754717	37.695
swarm_54_27.pdb	8.336	16.647	0.0188679	37.304
swarm_47_157.pdb	8.154	12.166	0	36.054
swarm_48_93.pdb	8.578	11.171	0	35.899
swarm_34_111.pdb	8.191	14.123	0.0188679	35.530
swarm_51_107.pdb	15.158	22.090	0	35.517
swarm_1_84.pdb	8.501	13.240	0	35.165
swarm_49_117.pdb	8.660	14.752	0	34.811
swarm_43_198.pdb	3.172	11.353	0.509434	34.526
swarm_38_45.pdb	6.086	13.032	0.0566038	34.526
swarm_52_68.pdb	8.389	12.666	0	34.023
swarm_46_136.pdb	4.435	13.094	0.132075	34.020
swarm_46_78.pdb	8.469	11.619	0.0377358	33.862
swarm_52_4.pdb	3.238	11.101	0.320755	33.544
swarm_23_58.pdb	6.579	26.848	0.113208	33.206
swarm_51_3.pdb	9.613	12.914	0	32.991
swarm_20_85.pdb	5.647	26.851	0.188679	32.964
swarm_25_74.pdb	4.868	22.780	0.226415	32.894
swarm_51_186.pdb	3.944	10.976	0.226415	31.502
swarm_50_70.pdb	12.002	29.038	0	31.351
swarm_44_11.pdb	8.708	13.752	0.0377358	31.345
swarm_55_0.pdb	14.540	21.989	0	31.226
swarm_52_185.pdb	9.332	19.150	0	31.060
swarm_48_166.pdb	4.587	14.965	0.150943	30.791
swarm_2_13.pdb	8.548	25.584	0	30.732
swarm_50_91.pdb	9.051	14.815	0	30.680
swarm_17_24.pdb	8.732	38.633	0.0377358	29.893
swarm_46_137.pdb	4.397	15.184	0.169811	29.879
swarm_23_106.pdb	6.426	28.970	0.0377358	29.309
swarm_51_125.pdb	8.295	17.098	0	29.252
swarm_21_91.pdb	6.757	9.997	0.0188679	29.180
swarm_11_39.pdb	6.781	10.006	0.0188679	29.179
swarm_7_171.pdb	4.931	12.338	0.132075	29.029
swarm_38_44.pdb	6.022	8.672	0.0377358	28.518
swarm_36_48.pdb	7.708	15.734	0	28.231
swarm_21_0.pdb	6.170	13.731	0.132075	28.185
swarm_3_122.pdb	8.761	18.736	0	26.827
swarm_44_103.pdb	10.872	20.500	0	26.788
swarm_45_31.pdb	8.966	23.569	0	26.653
swarm_48_136.pdb	15.761	22.395	0	26.522
swarm_22_32.pdb	14.418	22.521	0	26.428
swarm_3_186.pdb	16.320	25.273	0	26.065
swarm_28_193.pdb	7.962	39.760	0	25.686
swarm_56_61.pdb	7.635	38.894	0.0566038	25.336
swarm_31_43.pdb	5.362	24.120	0.169811	24.857
swarm_8_72.pdb	5.293	25.823	0.188679	24.541
swarm_45_95.pdb	12.839	18.310	0	24.446
swarm_52_128.pdb	5.859	7.623	0.0377358	24.385
swarm_26_47.pdb	8.516	14.150	0	24.344
swarm_54_62.pdb	8.730	22.976	0	24.197
swarm_58_67.pdb	7.482	21.684	0	24.089
swarm_41_74.pdb	8.044	12.199	0	23.731
swarm_50_38.pdb	9.861	16.893	0	23.586
swarm_8_198.pdb	8.629	17.606	0.0188679	23.485
swarm_60_50.pdb	9.511	35.467	0	23.353
swarm_59_65.pdb	5.372	25.760	0.150943	23.203
swarm_2_19.pdb	9.624	19.226	0	23.190
swarm_32_147.pdb	9.393	37.774	0	23.000
swarm_34_162.pdb	10.766	17.033	0	22.876
swarm_44_58.pdb	3.924	15.876	0.226415	22.851
swarm_7_126.pdb	8.479	20.543	0.0188679	22.753
swarm_25_8.pdb	9.992	18.578	0	22.500
swarm_23_108.pdb	5.895	30.965	0.0566038	22.255
swarm_12_194.pdb	11.114	18.654	0	21.848
swarm_0_163.pdb	14.454	21.517	0	21.800
swarm_36_30.pdb	13.946	23.482	0	21.769
swarm_17_43.pdb	7.009	28.100	0.0377358	21.769
swarm_8_36.pdb	8.431	28.430	0	21.664
swarm_51_115.pdb	10.748	17.778	0	21.623
swarm_49_181.pdb	8.398	18.122	0	21.379
swarm_15_185.pdb	9.477	41.510	0	21.368
swarm_0_160.pdb	9.498	28.414	0	21.366
swarm_37_92.pdb	9.029	28.453	0	21.151
swarm_33_51.pdb	12.330	24.009	0	21.084
swarm_21_83.pdb	4.421	16.602	0.207547	21.074
swarm_59_133.pdb	9.998	33.698	0	20.964
swarm_5_134.pdb	10.143	33.615	0	20.760
swarm_54_153.pdb	9.176	13.304	0	20.760
swarm_37_127.pdb	7.281	12.682	0.0188679	20.231
swarm_37_155.pdb	6.092	27.454	0.0566038	20.128
swarm_14_88.pdb	4.690	19.009	0.188679	20.058
swarm_36_93.pdb	9.705	30.479	0	20.055
swarm_53_135.pdb	9.755	20.915	0	18.544
swarm_35_89.pdb	7.271	34.038	0.207547	18.389
swarm_42_144.pdb	14.293	27.249	0	18.314
swarm_20_111.pdb	8.472	21.073	0	18.056
swarm_47_160.pdb	13.327	18.540	0	17.723
swarm_60_46.pdb	9.629	37.844	0.0377358	17.664
swarm_18_106.pdb	10.141	28.714	0	17.639
swarm_41_116.pdb	12.373	21.959	0	17.348
swarm_23_59.pdb	7.397	26.443	0.0566038	17.325
swarm_29_196.pdb	10.125	41.949	0	17.270
swarm_1_149.pdb	5.715	22.195	0.0754717	16.865
swarm_15_56.pdb	18.394	32.534	0	16.680
swarm_42_0.pdb	7.925	15.810	0	16.448
swarm_31_119.pdb	9.447	37.516	0.0188679	15.970
swarm_59_54.pdb	4.131	17.233	0.264151	15.931
swarm_30_33.pdb	12.914	36.519	0	15.208
swarm_30_128.pdb	10.052	36.981	0	14.781
swarm_43_185.pdb	9.755	22.548	0.0188679	14.392
swarm_34_0.pdb	6.409	20.265	0.0377358	14.297
swarm_41_34.pdb	11.690	27.448	0	14.276
swarm_31_40.pdb	7.009	30.883	0.0188679	12.813
swarm_59_38.pdb	9.256	23.641	0	12.295
swarm_47_14.pdb	9.265	21.279	0	11.094
swarm_54_63.pdb	6.704	16.754	0.0188679	8.999
swarm_28_153.pdb	7.254	35.740	0.0566038	8.717
swarm_2_154.pdb	6.076	25.171	0.0943396	7.199
swarm_59_14.pdb	5.639	30.126	0.0754717	7.134
swarm_33_49.pdb	10.775	28.147	0	6.554
swarm_47_29.pdb	8.600	18.601	0	5.769
swarm_1_107.pdb	7.681	22.036	0.0377358	5.200
swarm_3_24.pdb	7.519	24.667	0	4.619
swarm_45_125.pdb	4.646	12.059	0.188679	2.091
swarm_45_144.pdb	9.653	22.249	0	2.021
swarm_3_14.pdb	8.793	33.808	0	1.541
swarm_2_143.pdb	9.919	20.948	0	0.796
