swarm_54_121.pdb	16.903	28.189	0	43.121
swarm_31_163.pdb	17.393	31.708	0	39.989
swarm_47_130.pdb	13.792	29.610	0	39.679
swarm_22_29.pdb	14.626	32.916	0	39.377
swarm_54_153.pdb	17.953	34.002	0	39.106
swarm_52_163.pdb	19.757	30.525	0	39.081
swarm_3_40.pdb	16.971	30.960	0	38.924
swarm_50_184.pdb	16.909	29.535	0	38.823
swarm_54_54.pdb	22.259	33.207	0	38.300
swarm_54_41.pdb	15.679	29.448	0	38.132
swarm_45_52.pdb	16.374	30.327	0.0188679	37.979
swarm_37_8.pdb	19.107	33.201	0	37.947
swarm_2_49.pdb	17.774	32.018	0	36.639
swarm_48_95.pdb	15.920	36.369	0	36.615
swarm_45_91.pdb	21.591	35.931	0	36.569
swarm_53_101.pdb	19.567	29.962	0	35.947
swarm_26_82.pdb	8.610	16.588	0	35.864
swarm_49_22.pdb	15.507	29.443	0.0566038	35.762
swarm_48_135.pdb	16.071	22.398	0	35.595
swarm_55_17.pdb	20.208	30.860	0	34.954
swarm_11_14.pdb	10.385	18.987	0.0188679	34.366
swarm_0_162.pdb	17.697	32.048	0	34.313
swarm_59_123.pdb	11.592	28.108	0	34.157
swarm_54_129.pdb	16.767	32.691	0.0943396	34.092
swarm_49_49.pdb	20.322	30.330	0	33.958
swarm_36_150.pdb	18.610	44.075	0.0377358	33.814
swarm_58_52.pdb	11.902	30.604	0.0377358	33.637
swarm_55_197.pdb	20.779	31.689	0	33.627
swarm_23_160.pdb	17.290	37.544	0	33.588
swarm_52_98.pdb	11.508	26.541	0.0377358	33.423
swarm_20_56.pdb	14.234	38.099	0.0754717	33.405
swarm_53_82.pdb	12.987	25.707	0	33.325
swarm_41_168.pdb	17.873	41.252	0.0377358	33.313
swarm_1_40.pdb	18.070	32.656	0	33.263
swarm_52_95.pdb	17.284	31.966	0.0566038	33.260
swarm_19_36.pdb	20.359	39.161	0	32.919
swarm_41_79.pdb	17.326	32.751	0	32.903
swarm_8_50.pdb	14.970	35.504	0.0566038	32.759
swarm_47_62.pdb	11.172	19.918	0.0188679	32.743
swarm_25_123.pdb	12.099	27.590	0.0566038	32.715
swarm_42_89.pdb	14.241	32.032	0.0188679	32.704
swarm_50_53.pdb	15.940	28.977	0	32.391
swarm_48_11.pdb	17.651	38.377	0.0188679	32.387
swarm_44_118.pdb	13.278	31.594	0.113208	32.245
swarm_2_112.pdb	10.514	25.332	0.0566038	32.220
swarm_23_6.pdb	21.122	39.460	0	31.971
swarm_45_166.pdb	17.679	31.013	0	31.836
swarm_52_64.pdb	16.019	31.171	0	31.696
swarm_2_81.pdb	14.837	25.513	0	31.617
swarm_35_164.pdb	19.768	33.301	0	31.550
swarm_52_56.pdb	14.142	29.934	0	31.297
swarm_60_56.pdb	11.213	30.413	0	31.175
swarm_17_25.pdb	10.102	30.401	0	30.925
swarm_58_22.pdb	10.374	27.025	0	30.844
swarm_55_63.pdb	16.603	28.581	0	30.794
swarm_58_127.pdb	13.484	35.273	0	30.773
swarm_60_74.pdb	20.902	40.133	0	30.274
swarm_20_127.pdb	20.568	33.782	0	30.180
swarm_48_127.pdb	15.877	23.156	0	30.162
swarm_52_40.pdb	16.909	32.339	0.0188679	30.123
swarm_1_117.pdb	17.157	28.998	0.0377358	30.123
swarm_36_112.pdb	14.483	34.950	0	30.101
swarm_51_45.pdb	17.477	37.402	0.0188679	30.010
swarm_50_3.pdb	15.028	32.737	0	29.877
swarm_1_199.pdb	15.547	26.402	0.0188679	29.731
swarm_3_167.pdb	20.625	38.280	0	29.488
swarm_55_165.pdb	16.756	33.570	0	29.445
swarm_48_118.pdb	16.287	30.149	0	29.398
swarm_54_0.pdb	19.551	26.840	0	29.380
swarm_59_66.pdb	22.334	39.521	0	29.371
swarm_51_154.pdb	20.540	31.101	0	29.280
swarm_49_143.pdb	18.583	30.888	0	29.278
swarm_2_119.pdb	12.147	24.007	0.0377358	29.249
swarm_34_28.pdb	20.266	37.087	0	29.235
swarm_60_10.pdb	13.935	33.469	0	29.116
swarm_51_153.pdb	13.783	26.375	0	29.072
swarm_25_157.pdb	14.782	34.237	0.0566038	29.021
swarm_1_77.pdb	13.253	27.595	0	28.900
swarm_26_61.pdb	12.189	26.329	0	28.838
swarm_38_98.pdb	22.103	32.174	0	28.600
swarm_22_45.pdb	17.918	38.849	0.0188679	28.556
swarm_49_130.pdb	17.300	33.738	0.0377358	28.465
swarm_53_6.pdb	18.847	30.440	0	28.417
swarm_52_126.pdb	17.548	29.912	0	28.417
swarm_41_67.pdb	16.644	32.488	0	28.404
swarm_51_182.pdb	17.909	29.126	0	28.309
swarm_53_152.pdb	20.670	36.371	0	28.300
swarm_15_30.pdb	18.444	50.989	0.0377358	28.277
swarm_26_111.pdb	10.244	21.983	0	28.216
swarm_36_172.pdb	18.679	32.748	0	28.198
swarm_50_10.pdb	19.597	26.894	0	28.129
swarm_1_188.pdb	16.832	25.189	0	28.106
swarm_58_140.pdb	17.594	32.855	0	28.018
swarm_34_129.pdb	16.472	30.546	0	27.812
swarm_46_119.pdb	12.950	32.386	0.0566038	27.687
swarm_19_118.pdb	16.497	36.200	0	27.625
swarm_58_110.pdb	12.016	31.584	0	27.437
swarm_35_94.pdb	6.978	23.071	0.113208	27.424
swarm_50_80.pdb	15.838	21.966	0	27.374
swarm_37_177.pdb	15.201	34.524	0	27.339
swarm_54_38.pdb	18.907	32.489	0	27.328
swarm_45_64.pdb	17.511	37.780	0	27.260
swarm_12_191.pdb	19.109	33.816	0	27.258
swarm_40_52.pdb	15.670	43.560	0	27.165
swarm_31_73.pdb	20.241	36.647	0	27.165
swarm_26_176.pdb	14.856	29.516	0	27.153
swarm_17_64.pdb	15.747	40.844	0	27.145
swarm_56_159.pdb	20.029	37.373	0	27.097
swarm_17_58.pdb	15.335	46.581	0	27.059
swarm_55_64.pdb	18.907	30.098	0	27.051
swarm_50_49.pdb	16.377	32.759	0	27.037
swarm_4_20.pdb	20.345	52.439	0	27.004
swarm_52_54.pdb	21.310	31.336	0	26.959
swarm_56_87.pdb	18.753	37.806	0	26.947
swarm_1_96.pdb	12.064	20.201	0	26.886
swarm_43_154.pdb	16.341	34.596	0	26.875
swarm_27_46.pdb	11.965	41.780	0.0188679	26.647
swarm_46_94.pdb	19.713	34.720	0	26.593
swarm_31_192.pdb	21.297	38.685	0	26.593
swarm_11_190.pdb	11.172	27.765	0	26.502
swarm_42_130.pdb	13.237	35.480	0	26.471
swarm_47_94.pdb	18.455	35.398	0	26.454
swarm_41_154.pdb	17.184	31.175	0	26.450
swarm_55_56.pdb	12.086	27.399	0.0377358	26.441
swarm_30_53.pdb	14.768	45.030	0	26.345
swarm_51_87.pdb	18.144	34.463	0	26.280
swarm_45_125.pdb	13.081	30.172	0	26.213
swarm_37_190.pdb	21.840	34.730	0	26.071
swarm_25_43.pdb	22.560	33.603	0	26.066
swarm_55_194.pdb	7.627	13.475	0	26.015
swarm_43_159.pdb	19.770	30.070	0	25.923
swarm_49_5.pdb	18.608	32.637	0	25.831
swarm_49_195.pdb	20.647	34.678	0	25.828
swarm_48_61.pdb	15.307	28.889	0	25.803
swarm_51_53.pdb	18.939	25.008	0	25.714
swarm_57_60.pdb	18.677	37.850	0	25.689
swarm_25_178.pdb	8.432	24.228	0.0943396	25.594
swarm_15_135.pdb	13.367	36.998	0	25.487
swarm_53_71.pdb	9.496	16.442	0.0377358	25.247
swarm_43_23.pdb	15.984	27.719	0	25.196
swarm_59_160.pdb	19.778	38.633	0	25.174
swarm_44_38.pdb	23.690	31.975	0	25.113
swarm_19_101.pdb	18.987	35.267	0	25.110
swarm_28_143.pdb	13.046	31.717	0	25.065
swarm_10_89.pdb	22.174	39.346	0	25.040
swarm_59_24.pdb	20.232	31.826	0	25.005
swarm_55_129.pdb	15.300	30.624	0	25.005
swarm_3_8.pdb	16.049	29.198	0	25.000
swarm_42_175.pdb	15.045	26.900	0	24.911
swarm_18_66.pdb	22.923	42.336	0	24.786
swarm_12_138.pdb	12.206	29.153	0	24.768
swarm_30_128.pdb	21.055	45.564	0	24.756
swarm_31_24.pdb	13.038	21.958	0	24.736
swarm_30_160.pdb	21.180	51.391	0	24.718
swarm_36_56.pdb	18.425	29.703	0	24.639
swarm_42_108.pdb	23.196	37.460	0	24.622
swarm_7_72.pdb	11.032	24.098	0	24.521
swarm_31_19.pdb	19.487	38.657	0	24.495
swarm_12_85.pdb	15.738	36.960	0	24.493
swarm_53_4.pdb	11.068	18.477	0	24.476
swarm_46_8.pdb	18.143	26.776	0	24.434
swarm_48_149.pdb	8.576	12.594	0.0188679	24.310
swarm_51_67.pdb	20.811	30.603	0	24.307
swarm_53_42.pdb	14.900	25.717	0.0188679	24.243
swarm_33_112.pdb	13.254	35.221	0	24.148
swarm_45_80.pdb	16.958	31.529	0	24.147
swarm_36_52.pdb	15.769	39.712	0.0377358	24.136
swarm_47_144.pdb	19.740	34.204	0	24.113
swarm_25_105.pdb	15.027	39.142	0	24.104
swarm_12_149.pdb	20.221	35.219	0	23.993
swarm_11_24.pdb	16.075	26.031	0	23.890
swarm_51_74.pdb	16.078	29.459	0	23.880
swarm_8_21.pdb	16.731	27.665	0	23.846
swarm_43_35.pdb	16.583	34.518	0	23.816
swarm_38_151.pdb	16.618	25.454	0	23.628
swarm_42_15.pdb	21.397	32.360	0	23.576
swarm_11_12.pdb	14.468	29.760	0.0188679	23.573
swarm_0_82.pdb	16.476	38.407	0	23.452
swarm_43_138.pdb	20.232	28.589	0	23.370
swarm_52_199.pdb	21.235	32.188	0	23.300
swarm_33_173.pdb	18.885	42.586	0	23.271
swarm_12_180.pdb	16.290	37.878	0	23.234
swarm_5_191.pdb	16.122	36.796	0	23.165
swarm_2_195.pdb	17.590	31.679	0	23.155
swarm_42_47.pdb	16.663	35.498	0.150943	23.154
swarm_52_59.pdb	20.022	30.966	0	23.148
swarm_25_93.pdb	8.941	23.090	0	23.082
swarm_33_109.pdb	12.986	26.548	0	23.072
swarm_5_75.pdb	21.581	42.153	0	23.000
swarm_43_8.pdb	21.535	36.803	0	22.984
swarm_50_122.pdb	17.954	35.936	0	22.924
swarm_18_161.pdb	18.771	41.369	0	22.909
swarm_43_131.pdb	14.789	29.313	0	22.878
swarm_24_33.pdb	17.487	53.178	0.0377358	22.866
swarm_37_68.pdb	15.474	41.503	0.0377358	22.748
swarm_36_84.pdb	19.212	38.507	0	22.526
swarm_9_8.pdb	18.043	41.574	0	22.484
swarm_52_37.pdb	13.085	24.258	0.0566038	22.388
swarm_37_144.pdb	15.956	37.823	0	22.344
swarm_35_53.pdb	12.906	29.177	0	22.329
swarm_48_144.pdb	16.874	29.917	0	22.321
swarm_32_128.pdb	19.932	44.135	0	22.279
swarm_18_51.pdb	17.310	41.710	0	22.241
swarm_31_11.pdb	13.392	30.287	0	22.240
swarm_41_148.pdb	16.367	29.368	0	22.204
swarm_22_165.pdb	16.146	33.546	0	22.203
swarm_5_18.pdb	12.012	27.151	0	22.174
swarm_34_152.pdb	18.527	33.463	0	22.174
swarm_48_28.pdb	15.300	28.820	0	21.996
swarm_51_107.pdb	19.747	36.310	0	21.958
swarm_30_174.pdb	16.425	41.791	0	21.940
swarm_40_53.pdb	15.798	47.121	0	21.939
swarm_30_28.pdb	16.373	38.362	0	21.884
swarm_55_70.pdb	16.411	27.556	0	21.840
swarm_42_189.pdb	18.806	39.022	0	21.797
swarm_41_40.pdb	14.296	28.697	0	21.794
swarm_59_176.pdb	11.535	30.607	0	21.793
swarm_47_174.pdb	17.371	33.136	0.0754717	21.760
swarm_36_198.pdb	13.643	24.265	0	21.750
swarm_32_31.pdb	16.176	47.821	0.0188679	21.691
swarm_43_101.pdb	20.011	36.626	0.113208	21.590
swarm_51_55.pdb	16.539	29.108	0	21.486
swarm_41_140.pdb	14.227	31.928	0	21.312
swarm_5_19.pdb	17.285	34.819	0	21.158
swarm_34_11.pdb	13.698	31.283	0	21.141
swarm_22_27.pdb	17.527	30.022	0	21.135
swarm_35_172.pdb	14.561	36.712	0.0566038	21.095
swarm_12_22.pdb	13.180	30.626	0	21.070
swarm_43_5.pdb	5.784	18.949	0.0754717	20.988
swarm_19_179.pdb	19.816	36.009	0	20.872
swarm_48_188.pdb	14.829	26.572	0	20.830
swarm_35_16.pdb	16.283	32.998	0	20.829
swarm_37_147.pdb	22.800	36.346	0	20.798
swarm_47_115.pdb	16.648	34.162	0	20.636
swarm_0_129.pdb	19.451	38.502	0	20.624
swarm_29_76.pdb	20.118	46.401	0	20.608
swarm_44_7.pdb	23.850	33.619	0	20.485
swarm_22_94.pdb	15.063	39.169	0	20.469
swarm_0_163.pdb	23.125	37.168	0	20.219
swarm_33_104.pdb	17.361	31.471	0	20.213
swarm_0_21.pdb	16.385	27.499	0	20.100
swarm_5_58.pdb	19.954	42.668	0	20.034
swarm_19_10.pdb	17.657	38.398	0	19.937
swarm_49_65.pdb	18.596	31.121	0	19.919
swarm_50_99.pdb	21.283	39.209	0	19.908
swarm_8_92.pdb	15.245	36.662	0.0188679	19.865
swarm_33_88.pdb	13.775	31.915	0	19.844
swarm_21_50.pdb	5.323	8.854	0.0754717	19.772
swarm_11_136.pdb	19.454	30.619	0.0188679	19.768
swarm_49_99.pdb	17.687	29.023	0	19.692
swarm_0_102.pdb	15.781	40.746	0	19.638
swarm_24_62.pdb	17.865	49.870	0	19.548
swarm_4_50.pdb	19.373	46.675	0	19.512
swarm_19_30.pdb	16.982	37.698	0.0377358	19.460
swarm_0_141.pdb	18.232	38.967	0	19.411
swarm_19_150.pdb	19.756	39.296	0	19.364
swarm_37_0.pdb	20.903	39.052	0	19.260
swarm_2_154.pdb	14.361	29.962	0	19.179
swarm_8_130.pdb	11.469	27.844	0	19.145
swarm_48_29.pdb	14.117	27.258	0	19.138
swarm_37_143.pdb	17.770	39.155	0	19.064
swarm_0_118.pdb	16.271	41.310	0	18.957
swarm_47_82.pdb	16.827	32.973	0	18.849
swarm_20_80.pdb	14.905	29.150	0	18.846
swarm_13_120.pdb	17.117	49.186	0	18.825
swarm_38_157.pdb	12.941	27.146	0	18.819
swarm_0_66.pdb	19.093	35.515	0	18.717
swarm_32_199.pdb	16.081	39.261	0	18.690
swarm_0_5.pdb	14.441	41.061	0	18.673
swarm_41_5.pdb	15.155	31.493	0	18.638
swarm_32_154.pdb	19.263	42.632	0	18.585
swarm_15_4.pdb	17.571	35.911	0	18.577
swarm_21_88.pdb	14.105	21.770	0	18.546
swarm_18_153.pdb	23.598	44.981	0	18.523
swarm_18_174.pdb	14.362	35.887	0	18.491
swarm_32_103.pdb	17.566	41.634	0	18.486
swarm_14_136.pdb	21.516	33.287	0	18.462
swarm_36_28.pdb	20.681	43.298	0	18.422
swarm_46_114.pdb	12.319	18.588	0	18.405
swarm_20_111.pdb	21.856	42.052	0	18.360
swarm_53_74.pdb	12.294	23.834	0	18.357
swarm_22_110.pdb	19.696	32.993	0	18.342
swarm_19_163.pdb	20.869	34.800	0	18.329
swarm_0_175.pdb	18.162	43.116	0	18.266
swarm_37_89.pdb	14.514	29.194	0	18.138
swarm_30_144.pdb	16.684	41.797	0	18.094
swarm_20_77.pdb	16.724	45.330	0	18.063
swarm_12_84.pdb	17.190	38.175	0	17.737
swarm_30_96.pdb	17.939	42.805	0	17.719
swarm_5_50.pdb	16.437	40.147	0	17.672
swarm_19_3.pdb	13.948	32.362	0	17.621
swarm_55_143.pdb	12.594	17.929	0	17.586
swarm_21_47.pdb	14.851	29.635	0.0377358	17.525
swarm_21_55.pdb	15.608	32.398	0	17.463
swarm_29_61.pdb	20.744	43.525	0	17.452
swarm_54_20.pdb	16.213	33.776	0	17.446
swarm_28_50.pdb	19.990	36.058	0.0566038	17.446
swarm_51_77.pdb	12.826	24.016	0	17.435
swarm_43_26.pdb	17.610	32.605	0	17.432
swarm_23_128.pdb	19.181	35.408	0	17.398
swarm_48_13.pdb	17.314	28.467	0	17.219
swarm_24_72.pdb	23.115	50.468	0	17.211
swarm_11_102.pdb	21.192	33.916	0.0566038	17.206
swarm_36_22.pdb	16.057	39.502	0	17.123
swarm_36_74.pdb	17.250	32.376	0	17.062
swarm_52_41.pdb	11.779	20.997	0.0188679	17.003
swarm_9_129.pdb	19.964	39.747	0	17.000
swarm_33_150.pdb	14.676	35.943	0	16.872
swarm_20_110.pdb	23.255	45.040	0	16.789
swarm_2_115.pdb	9.015	24.911	0	16.744
swarm_35_83.pdb	20.036	35.238	0	16.732
swarm_32_131.pdb	17.124	38.247	0	16.706
swarm_0_150.pdb	15.952	41.396	0	16.702
swarm_57_15.pdb	10.807	37.704	0	16.533
swarm_10_33.pdb	24.904	48.703	0	16.475
swarm_16_35.pdb	19.985	55.818	0	16.225
swarm_5_186.pdb	16.748	38.624	0	16.218
swarm_27_78.pdb	11.390	37.843	0	16.212
swarm_8_98.pdb	12.338	33.342	0	16.192
swarm_44_1.pdb	19.907	40.392	0.0754717	16.186
swarm_41_138.pdb	19.452	38.424	0	16.151
swarm_34_64.pdb	17.435	25.701	0	15.981
swarm_10_17.pdb	24.999	37.933	0	15.866
swarm_19_171.pdb	19.561	39.957	0	15.761
swarm_11_35.pdb	7.020	16.242	0	15.594
swarm_9_22.pdb	18.355	41.217	0	15.517
swarm_9_176.pdb	21.520	39.620	0	15.504
swarm_33_72.pdb	17.266	45.690	0	15.493
swarm_9_0.pdb	15.374	35.260	0	15.232
swarm_48_91.pdb	18.568	35.799	0.0377358	15.143
swarm_59_191.pdb	17.660	31.801	0	15.048
swarm_15_143.pdb	21.057	42.973	0	14.991
swarm_42_166.pdb	16.672	32.287	0	14.981
swarm_9_17.pdb	20.670	46.819	0	14.894
swarm_37_153.pdb	15.539	31.249	0	14.875
swarm_24_43.pdb	19.911	44.362	0	14.800
swarm_18_138.pdb	18.295	39.195	0	14.705
swarm_12_151.pdb	18.901	40.198	0	14.676
swarm_50_7.pdb	17.681	30.723	0	14.511
swarm_24_36.pdb	20.728	50.966	0	14.283
swarm_43_124.pdb	15.773	25.370	0	14.282
swarm_48_189.pdb	10.798	14.661	0.0188679	13.990
swarm_36_27.pdb	20.623	35.370	0	13.884
swarm_22_130.pdb	13.392	27.650	0	13.805
swarm_20_31.pdb	15.171	34.304	0	13.756
swarm_20_95.pdb	15.229	33.975	0	13.414
swarm_34_155.pdb	12.996	28.439	0	13.391
swarm_43_62.pdb	20.873	32.873	0	13.343
swarm_10_71.pdb	22.690	39.715	0	13.306
swarm_42_55.pdb	18.123	31.460	0	12.949
swarm_57_133.pdb	19.227	44.321	0	12.876
swarm_4_94.pdb	18.810	45.445	0	12.800
swarm_1_79.pdb	9.886	25.157	0.0188679	12.755
swarm_0_38.pdb	12.317	36.850	0	12.737
swarm_50_37.pdb	11.724	26.976	0	12.721
swarm_34_172.pdb	16.488	33.349	0	12.696
swarm_32_129.pdb	19.187	40.282	0	12.693
swarm_10_94.pdb	19.257	45.919	0	12.595
swarm_51_71.pdb	19.574	34.182	0	12.532
swarm_36_117.pdb	20.120	38.919	0	12.222
swarm_51_97.pdb	20.352	32.158	0	12.117
swarm_16_16.pdb	18.006	59.701	0.0943396	11.495
swarm_4_145.pdb	20.212	50.954	0.0754717	11.252
swarm_25_106.pdb	13.627	28.942	0.0188679	11.049
swarm_29_145.pdb	17.983	55.034	0.0188679	10.831
swarm_47_57.pdb	15.374	24.438	0	10.752
swarm_1_82.pdb	18.071	27.864	0	9.781
swarm_34_103.pdb	17.463	34.917	0	9.247
swarm_18_29.pdb	14.979	36.044	0	9.203
swarm_48_178.pdb	18.294	33.764	0	9.087
swarm_1_85.pdb	12.611	24.385	0	8.893
swarm_13_153.pdb	18.165	45.098	0	8.726
swarm_52_34.pdb	13.934	28.789	0.132075	8.275
swarm_20_126.pdb	15.097	28.834	0	8.170
swarm_14_199.pdb	12.213	24.374	0	7.893
swarm_52_67.pdb	15.304	27.949	0	7.868
swarm_36_191.pdb	17.356	38.944	0	7.640
swarm_46_188.pdb	11.950	21.283	0	7.536
swarm_45_183.pdb	18.193	36.108	0	7.115
swarm_53_199.pdb	13.455	32.159	0	6.966
swarm_58_35.pdb	13.317	31.026	0	6.957
swarm_49_198.pdb	19.361	30.251	0	6.493
swarm_47_7.pdb	11.518	29.351	0	5.931
swarm_58_9.pdb	21.216	36.360	0	5.412
swarm_8_105.pdb	16.110	31.647	0	1.531
swarm_60_165.pdb	18.762	34.852	0	0.356
