swarm_13_127.pdb	3.291	8.400	0.415094	68.607
swarm_20_126.pdb	4.100	13.562	0.415094	57.261
swarm_3_73.pdb	3.266	6.858	0.509434	52.314
swarm_1_56.pdb	4.132	11.605	0.264151	48.275
swarm_17_96.pdb	3.926	13.375	0.283019	44.682
swarm_18_199.pdb	4.572	9.108	0.283019	44.335
swarm_17_192.pdb	4.494	9.740	0.150943	43.562
swarm_13_100.pdb	5.405	8.168	0.132075	42.498
swarm_3_92.pdb	5.868	9.268	0.188679	41.747
swarm_22_134.pdb	4.959	10.624	0.188679	40.831
swarm_16_48.pdb	11.310	15.579	0	37.630
swarm_17_122.pdb	8.272	16.432	0.0188679	37.082
swarm_3_191.pdb	7.876	12.499	0.0377358	36.519
swarm_22_110.pdb	7.907	11.850	0	36.264
swarm_21_13.pdb	8.343	17.457	0.0188679	36.005
swarm_18_155.pdb	8.631	16.060	0	35.797
swarm_9_133.pdb	8.509	13.384	0.0188679	35.481
swarm_15_153.pdb	9.744	13.961	0	34.597
swarm_24_4.pdb	12.775	25.133	0	34.534
swarm_24_42.pdb	8.668	16.602	0.0188679	34.245
swarm_1_69.pdb	8.167	14.526	0	32.709
swarm_19_86.pdb	4.722	11.674	0.283019	32.039
swarm_14_1.pdb	7.562	9.671	0.0188679	30.944
swarm_1_175.pdb	9.034	12.784	0	30.840
swarm_16_190.pdb	7.259	9.965	0	30.605
swarm_26_120.pdb	6.930	31.320	0.113208	30.381
swarm_11_64.pdb	8.912	15.510	0.0188679	29.568
swarm_25_174.pdb	5.676	19.508	0.0754717	28.548
swarm_18_88.pdb	7.915	11.955	0	28.314
swarm_24_127.pdb	8.478	23.465	0	28.211
swarm_17_150.pdb	7.642	10.414	0.0566038	28.083
swarm_23_77.pdb	8.710	23.352	0	27.962
swarm_15_94.pdb	7.426	13.582	0	27.637
swarm_11_19.pdb	7.718	22.939	0.0188679	27.319
swarm_9_182.pdb	8.432	23.844	0.0188679	27.096
swarm_14_64.pdb	13.812	23.627	0	26.020
swarm_10_178.pdb	14.274	25.535	0	25.899
swarm_14_132.pdb	5.422	18.810	0.150943	25.623
swarm_19_111.pdb	8.475	15.365	0	25.363
swarm_0_12.pdb	14.122	25.397	0	25.064
swarm_16_10.pdb	11.455	24.352	0	24.968
swarm_10_120.pdb	8.519	23.950	0	24.306
swarm_22_81.pdb	12.534	19.595	0	23.828
swarm_21_184.pdb	8.220	11.866	0	23.796
swarm_7_153.pdb	6.473	8.244	0.0754717	23.692
swarm_11_184.pdb	14.765	30.674	0	23.544
swarm_9_136.pdb	4.712	17.365	0.0566038	22.744
swarm_16_21.pdb	7.697	14.213	0.0566038	22.723
swarm_6_17.pdb	14.720	29.034	0	22.658
swarm_3_140.pdb	3.076	5.707	0.150943	22.651
swarm_9_92.pdb	14.287	26.982	0	22.236
swarm_10_119.pdb	14.920	31.738	0	21.931
swarm_9_60.pdb	8.259	16.323	0	21.442
swarm_13_52.pdb	4.032	11.206	0.226415	21.289
swarm_28_132.pdb	14.740	34.532	0	21.145
swarm_25_196.pdb	12.018	31.566	0	20.545
swarm_11_141.pdb	7.707	15.239	0	20.179
swarm_3_156.pdb	6.662	11.753	0.0188679	20.144
swarm_29_189.pdb	6.847	24.176	0.377358	19.786
swarm_14_165.pdb	8.509	28.619	0	19.247
swarm_18_100.pdb	11.735	25.116	0	18.808
swarm_28_131.pdb	9.601	33.999	0	16.838
swarm_0_158.pdb	8.900	35.993	0.0188679	14.863
swarm_2_162.pdb	12.350	39.901	0.245283	12.210
swarm_16_43.pdb	9.692	20.835	0	11.114
swarm_25_153.pdb	8.937	24.885	0	8.489
swarm_29_72.pdb	10.944	33.852	0	5.203
swarm_21_196.pdb	10.763	30.948	0.0377358	4.184
swarm_0_136.pdb	11.117	29.999	0	0.928
