swarm_27_11.pdb	5.032	10.138	0.226415	55.926
swarm_27_35.pdb	3.505	8.802	0.415094	55.412
swarm_20_101.pdb	3.400	6.747	0.377358	55.283
swarm_5_3.pdb	2.840	3.992	0.471698	54.230
swarm_32_176.pdb	5.135	8.102	0.169811	52.273
swarm_32_49.pdb	7.923	14.552	0	51.955
swarm_29_57.pdb	2.898	6.610	0.471698	51.596
swarm_30_113.pdb	5.421	8.706	0.132075	48.720
swarm_26_36.pdb	8.496	14.440	0	47.717
swarm_1_76.pdb	4.372	13.011	0.188679	47.668
swarm_32_110.pdb	12.769	17.598	0	47.470
swarm_24_37.pdb	7.993	12.042	0	46.453
swarm_5_164.pdb	4.552	8.467	0.207547	45.600
swarm_29_179.pdb	7.495	11.077	0	45.149
swarm_25_182.pdb	14.995	20.709	0	42.567
swarm_30_140.pdb	3.522	12.718	0.339623	41.632
swarm_35_137.pdb	9.356	14.219	0	40.929
swarm_14_11.pdb	8.328	14.399	0	40.154
swarm_19_40.pdb	5.481	19.533	0.188679	39.757
swarm_30_178.pdb	5.868	20.948	0.169811	39.615
swarm_31_191.pdb	9.373	15.129	0	39.112
swarm_18_77.pdb	12.600	30.857	0	38.505
swarm_31_79.pdb	8.147	11.575	0	38.010
swarm_36_120.pdb	5.251	14.772	0.132075	38.006
swarm_22_66.pdb	4.592	18.095	0.207547	37.186
swarm_31_28.pdb	13.325	18.573	0	35.662
swarm_0_58.pdb	15.737	26.471	0	35.630
swarm_14_153.pdb	4.171	20.811	0.396226	35.586
swarm_17_91.pdb	11.862	28.284	0	34.814
swarm_33_79.pdb	9.333	16.012	0	34.400
swarm_17_69.pdb	15.058	28.869	0	34.078
swarm_26_11.pdb	12.474	16.549	0	34.032
swarm_35_143.pdb	6.083	19.440	0.0188679	33.875
swarm_9_97.pdb	15.723	32.326	0	33.856
swarm_18_84.pdb	16.256	23.089	0	33.808
swarm_11_98.pdb	4.402	10.082	0.150943	33.240
swarm_9_165.pdb	19.007	26.871	0	33.124
swarm_29_10.pdb	14.625	20.052	0	33.039
swarm_13_172.pdb	12.871	19.527	0	33.022
swarm_1_116.pdb	8.905	13.006	0	32.908
swarm_22_79.pdb	16.807	23.560	0	32.277
swarm_22_34.pdb	7.992	23.205	0.0566038	31.972
swarm_21_145.pdb	18.861	28.269	0	31.905
swarm_26_97.pdb	14.976	23.954	0	31.223
swarm_22_68.pdb	12.665	18.835	0	30.694
swarm_30_92.pdb	13.490	19.287	0	30.583
swarm_22_19.pdb	8.376	11.886	0.0188679	30.173
swarm_33_111.pdb	14.292	20.868	0	30.065
swarm_16_39.pdb	12.566	31.471	0	29.973
swarm_21_45.pdb	12.493	20.734	0	29.935
swarm_28_195.pdb	19.179	26.298	0	29.851
swarm_21_2.pdb	8.226	14.742	0	29.561
swarm_14_98.pdb	11.810	26.056	0	29.352
swarm_14_100.pdb	12.244	26.842	0	29.133
swarm_26_18.pdb	19.385	26.952	0	28.841
swarm_10_81.pdb	12.511	34.155	0	28.714
swarm_16_171.pdb	12.066	35.221	0	28.516
swarm_35_150.pdb	6.856	12.394	0.0754717	28.476
swarm_15_115.pdb	12.930	30.898	0	28.372
swarm_2_97.pdb	14.846	20.302	0	28.084
swarm_28_20.pdb	14.525	21.850	0	27.805
swarm_31_104.pdb	10.868	18.917	0	27.741
swarm_18_117.pdb	12.174	18.397	0	27.659
swarm_20_170.pdb	6.039	9.889	0.0188679	27.576
swarm_22_23.pdb	15.630	27.747	0	27.415
swarm_34_199.pdb	13.469	21.923	0	27.188
swarm_38_147.pdb	16.057	35.435	0	26.983
swarm_13_21.pdb	19.712	29.647	0	26.944
swarm_27_2.pdb	6.283	16.946	0.0188679	26.838
swarm_24_181.pdb	9.036	19.690	0.0377358	26.777
swarm_14_1.pdb	7.577	19.820	0.0377358	26.777
swarm_17_149.pdb	12.230	31.676	0	26.614
swarm_19_116.pdb	10.929	20.630	0	26.387
swarm_11_120.pdb	6.523	11.050	0.0188679	26.059
swarm_18_124.pdb	12.532	28.337	0	25.911
swarm_21_86.pdb	15.492	27.632	0	25.890
swarm_28_150.pdb	11.445	21.910	0	25.329
swarm_10_40.pdb	11.747	28.547	0	25.253
swarm_6_176.pdb	12.713	48.384	0	25.138
swarm_24_151.pdb	9.747	24.624	0	25.118
swarm_13_187.pdb	9.941	26.530	0.0188679	24.909
swarm_28_83.pdb	12.544	16.983	0	24.876
swarm_35_196.pdb	6.679	26.878	0.0566038	24.728
swarm_34_40.pdb	6.426	16.615	0	24.047
swarm_33_154.pdb	10.542	18.061	0	23.902
swarm_10_170.pdb	15.143	27.282	0	23.429
swarm_18_82.pdb	9.634	25.555	0	23.400
swarm_1_148.pdb	15.494	21.618	0	23.244
swarm_10_42.pdb	9.415	28.178	0.0188679	22.740
swarm_19_146.pdb	15.527	27.625	0	22.293
swarm_19_159.pdb	14.878	31.503	0	22.264
swarm_6_59.pdb	9.875	40.603	0	22.263
swarm_21_129.pdb	16.459	21.642	0	22.213
swarm_23_11.pdb	10.099	19.358	0	21.994
swarm_13_90.pdb	17.268	26.768	0	21.840
swarm_38_111.pdb	15.446	32.563	0	21.399
swarm_25_47.pdb	20.115	28.734	0	21.340
swarm_25_149.pdb	13.411	20.125	0	21.128
swarm_2_144.pdb	10.744	29.231	0.0188679	20.984
swarm_26_117.pdb	10.331	22.214	0	20.644
swarm_17_191.pdb	14.731	38.569	0	20.639
swarm_34_85.pdb	5.309	27.348	0.188679	20.625
swarm_23_6.pdb	15.740	25.477	0	20.192
swarm_3_108.pdb	19.504	42.385	0	19.975
swarm_38_118.pdb	13.094	46.566	0	19.658
swarm_0_19.pdb	15.730	35.730	0	19.371
swarm_8_108.pdb	17.767	26.526	0	19.360
swarm_6_182.pdb	10.138	30.896	0	19.187
swarm_13_51.pdb	15.802	23.018	0	19.134
swarm_0_0.pdb	10.710	31.982	0	17.763
swarm_3_120.pdb	12.971	41.439	0	17.731
swarm_20_82.pdb	4.498	10.601	0.132075	17.594
swarm_3_41.pdb	11.709	33.016	0	16.940
swarm_23_85.pdb	12.429	21.980	0	16.564
swarm_15_111.pdb	9.338	34.689	0	16.489
swarm_9_185.pdb	18.469	34.329	0	15.886
swarm_21_146.pdb	11.648	33.970	0.0377358	15.859
swarm_33_90.pdb	9.350	35.573	0.0188679	15.804
swarm_6_105.pdb	16.848	41.683	0	15.680
swarm_6_148.pdb	14.915	40.524	0	15.593
swarm_25_135.pdb	9.068	21.662	0	15.079
swarm_3_91.pdb	11.542	30.114	0	14.370
swarm_22_74.pdb	9.759	25.828	0	13.307
swarm_14_38.pdb	7.070	17.498	0.0188679	12.575
swarm_36_195.pdb	9.227	38.731	0.0377358	11.782
swarm_13_15.pdb	16.843	30.627	0	8.891
swarm_2_128.pdb	18.026	29.390	0	8.706
swarm_10_167.pdb	11.503	33.515	0	7.399
swarm_16_82.pdb	11.277	32.493	0	6.232
swarm_34_47.pdb	6.980	20.576	0.113208	5.418
swarm_32_123.pdb	4.852	16.589	0.0943396	5.257
swarm_21_71.pdb	10.272	25.814	0	1.114
