swarm_62_181.pdb	4.232	7.327	0.301887	46.469
swarm_64_94.pdb	5.071	11.541	0.207547	46.325
swarm_60_18.pdb	3.794	5.834	0.320755	45.216
swarm_57_118.pdb	3.822	6.044	0.358491	41.982
swarm_71_152.pdb	5.175	9.301	0.169811	39.407
swarm_68_70.pdb	7.153	13.936	0	38.958
swarm_62_149.pdb	3.313	7.072	0.415094	38.224
swarm_49_111.pdb	3.168	6.165	0.45283	37.377
swarm_0_41.pdb	3.987	6.428	0.490566	35.056
swarm_26_199.pdb	3.718	8.744	0.320755	34.313
swarm_26_171.pdb	5.150	15.926	0.169811	34.246
swarm_65_42.pdb	3.437	6.643	0.377358	34.170
swarm_68_81.pdb	2.868	4.345	0.471698	34.023
swarm_54_166.pdb	3.252	7.718	0.339623	33.074
swarm_55_85.pdb	5.666	16.844	0.150943	31.866
swarm_57_149.pdb	5.032	16.746	0.226415	31.617
swarm_17_199.pdb	4.855	15.819	0.188679	31.485
swarm_32_50.pdb	7.068	40.141	0.132075	29.302
swarm_55_7.pdb	3.325	11.755	0.339623	29.169
swarm_17_36.pdb	6.748	20.833	0.0566038	28.208
swarm_44_116.pdb	6.554	23.004	0.150943	27.774
swarm_29_22.pdb	4.713	16.352	0.245283	27.585
swarm_8_104.pdb	7.045	20.046	0.0377358	27.486
swarm_8_160.pdb	7.499	26.595	0.113208	25.538
swarm_21_57.pdb	8.798	31.462	0.0188679	24.822
swarm_13_92.pdb	18.348	50.090	0	23.601
swarm_70_87.pdb	9.313	28.455	0	23.273
swarm_52_66.pdb	8.784	26.803	0	21.618
swarm_69_186.pdb	5.784	19.041	0.132075	21.246
swarm_42_174.pdb	10.187	40.760	0	20.746
swarm_21_22.pdb	12.139	36.233	0	20.177
swarm_17_129.pdb	7.520	25.982	0.0943396	19.320
swarm_69_193.pdb	9.262	30.736	0.0188679	19.255
swarm_10_16.pdb	16.720	45.696	0	16.998
swarm_15_123.pdb	10.867	33.421	0.0377358	16.921
swarm_10_79.pdb	10.743	34.284	0	15.393
swarm_25_52.pdb	16.882	44.562	0	14.494
swarm_64_178.pdb	13.925	21.443	0	11.661
swarm_57_48.pdb	5.967	12.257	0.132075	8.265
swarm_59_123.pdb	10.965	24.796	0	5.956
swarm_43_78.pdb	7.926	21.488	0.0377358	4.823
swarm_68_99.pdb	6.013	11.142	0.188679	4.259
swarm_71_105.pdb	13.196	21.481	0	3.076
swarm_65_98.pdb	11.950	19.386	0	2.241
