swarm_54_61.pdb	3.265	7.235	0.45283	47.948
swarm_62_181.pdb	4.232	7.327	0.301887	46.469
swarm_64_94.pdb	5.071	11.541	0.207547	46.325
swarm_60_18.pdb	3.794	5.834	0.320755	45.216
swarm_50_80.pdb	2.923	5.149	0.490566	44.744
swarm_51_157.pdb	3.151	6.280	0.471698	44.142
swarm_36_197.pdb	3.012	4.609	0.509434	43.365
swarm_43_167.pdb	7.616	21.022	0.0377358	42.423
swarm_57_118.pdb	3.822	6.044	0.358491	41.982
swarm_57_103.pdb	3.017	7.755	0.45283	40.102
swarm_44_195.pdb	11.850	20.437	0	39.627
swarm_71_152.pdb	5.175	9.301	0.169811	39.407
swarm_68_70.pdb	7.153	13.936	0	38.958
swarm_19_106.pdb	11.866	19.662	0	38.601
swarm_62_149.pdb	3.313	7.072	0.415094	38.224
swarm_49_111.pdb	3.168	6.165	0.45283	37.377
swarm_1_91.pdb	6.072	10.511	0.0754717	37.361
swarm_48_100.pdb	16.150	23.117	0	37.245
swarm_51_12.pdb	6.950	14.621	0.0188679	37.111
swarm_45_38.pdb	9.966	31.839	0	36.364
swarm_69_169.pdb	6.855	16.171	0	35.894
swarm_8_68.pdb	2.896	4.413	0.433962	35.441
swarm_64_115.pdb	15.559	21.957	0	35.067
swarm_0_41.pdb	3.987	6.428	0.490566	35.056
swarm_26_199.pdb	3.718	8.744	0.320755	34.313
swarm_26_171.pdb	5.150	15.926	0.169811	34.246
swarm_65_42.pdb	3.437	6.643	0.377358	34.170
swarm_68_81.pdb	2.868	4.345	0.471698	34.023
swarm_27_170.pdb	18.466	26.279	0	33.451
swarm_54_81.pdb	10.385	14.610	0	33.292
swarm_54_166.pdb	3.252	7.718	0.339623	33.074
swarm_37_196.pdb	19.961	57.870	0	32.921
swarm_68_13.pdb	11.340	37.975	0	32.478
swarm_58_180.pdb	14.891	24.825	0	32.311
swarm_52_55.pdb	17.172	24.025	0	32.230
swarm_44_101.pdb	4.755	17.226	0.264151	32.022
swarm_34_136.pdb	11.457	28.741	0	31.890
swarm_55_85.pdb	5.666	16.844	0.150943	31.866
swarm_44_106.pdb	3.003	4.761	0.377358	31.865
swarm_24_7.pdb	20.435	60.990	0	31.724
swarm_57_149.pdb	5.032	16.746	0.226415	31.617
swarm_17_199.pdb	4.855	15.819	0.188679	31.485
swarm_43_163.pdb	11.633	33.703	0	31.424
swarm_60_38.pdb	17.180	24.867	0	31.411
swarm_67_117.pdb	10.987	34.468	0	31.344
swarm_32_129.pdb	5.984	31.313	0.188679	31.226
swarm_22_55.pdb	11.730	35.466	0	31.200
swarm_36_10.pdb	6.404	12.480	0.0188679	31.152
swarm_6_112.pdb	4.743	24.378	0.283019	30.784
swarm_5_179.pdb	17.287	23.633	0	30.540
swarm_21_186.pdb	20.204	59.393	0	30.267
swarm_68_184.pdb	10.281	26.108	0	29.997
swarm_58_120.pdb	15.462	21.757	0	29.352
swarm_48_191.pdb	11.304	20.567	0	29.321
swarm_32_50.pdb	7.068	40.141	0.132075	29.302
swarm_58_57.pdb	16.827	24.158	0	29.244
swarm_55_7.pdb	3.325	11.755	0.339623	29.169
swarm_58_29.pdb	11.452	19.745	0	28.953
swarm_25_197.pdb	17.270	25.051	0	28.828
swarm_28_102.pdb	18.168	46.532	0	28.681
swarm_46_85.pdb	13.584	21.171	0	28.664
swarm_42_41.pdb	5.946	33.251	0.188679	28.604
swarm_13_27.pdb	23.660	66.578	0	28.550
swarm_56_10.pdb	9.621	37.492	0	28.351
swarm_17_36.pdb	6.748	20.833	0.0566038	28.208
swarm_46_53.pdb	3.840	9.929	0.396226	28.093
swarm_35_99.pdb	5.550	30.642	0.245283	28.060
swarm_53_76.pdb	10.680	14.890	0	27.932
swarm_56_22.pdb	12.725	32.836	0	27.786
swarm_44_116.pdb	6.554	23.004	0.150943	27.774
swarm_17_175.pdb	19.067	47.472	0	27.752
swarm_4_80.pdb	5.709	34.204	0.226415	27.713
swarm_29_22.pdb	4.713	16.352	0.245283	27.585
swarm_8_104.pdb	7.045	20.046	0.0377358	27.486
swarm_60_104.pdb	16.657	25.350	0	27.382
swarm_69_33.pdb	10.608	25.943	0	27.290
swarm_19_107.pdb	14.061	22.982	0	26.997
swarm_35_81.pdb	17.880	44.151	0	26.973
swarm_17_89.pdb	18.429	49.054	0	26.940
swarm_60_109.pdb	11.696	16.048	0	26.784
swarm_25_131.pdb	16.384	28.744	0	26.702
swarm_49_0.pdb	3.900	18.648	0.358491	26.646
swarm_9_161.pdb	19.117	37.654	0	26.526
swarm_54_120.pdb	15.977	25.087	0	26.522
swarm_50_165.pdb	13.276	24.219	0	26.224
swarm_6_110.pdb	14.039	28.137	0	26.111
swarm_34_110.pdb	17.030	27.017	0	26.074
swarm_36_27.pdb	19.388	54.253	0	25.917
swarm_39_103.pdb	18.306	54.384	0	25.836
swarm_6_127.pdb	5.816	32.868	0.150943	25.716
swarm_47_111.pdb	3.921	9.987	0.377358	25.677
swarm_21_49.pdb	21.280	51.430	0	25.622
swarm_8_160.pdb	7.499	26.595	0.113208	25.538
swarm_16_177.pdb	15.795	41.189	0	25.415
swarm_53_177.pdb	4.016	8.233	0.283019	25.403
swarm_59_57.pdb	14.712	31.439	0	25.329
swarm_17_167.pdb	4.852	25.087	0.283019	25.303
swarm_30_152.pdb	13.158	34.999	0	25.277
swarm_34_71.pdb	7.943	21.434	0.0188679	25.269
swarm_1_55.pdb	15.984	25.206	0	25.082
swarm_9_197.pdb	21.143	34.284	0	24.930
swarm_12_129.pdb	20.730	38.517	0	24.856
swarm_26_174.pdb	14.867	24.620	0	24.845
swarm_21_57.pdb	8.798	31.462	0.0188679	24.822
swarm_23_20.pdb	19.353	43.045	0	24.774
swarm_25_37.pdb	20.573	32.139	0	24.688
swarm_15_162.pdb	18.129	50.019	0	24.603
swarm_52_183.pdb	16.647	28.427	0	24.575
swarm_20_120.pdb	20.494	53.185	0	24.545
swarm_46_84.pdb	17.297	33.662	0	24.358
swarm_5_93.pdb	20.397	30.396	0	24.242
swarm_49_91.pdb	18.038	47.058	0	24.007
swarm_1_180.pdb	18.090	28.611	0	24.000
swarm_38_171.pdb	19.440	56.983	0	23.980
swarm_41_40.pdb	22.446	67.928	0	23.915
swarm_24_123.pdb	20.404	30.974	0	23.761
swarm_19_54.pdb	4.060	20.215	0.245283	23.676
swarm_3_76.pdb	18.288	35.638	0	23.638
swarm_13_92.pdb	18.348	50.090	0	23.601
swarm_19_153.pdb	13.516	20.696	0	23.570
swarm_51_31.pdb	25.491	71.863	0	23.536
swarm_30_24.pdb	18.705	50.032	0	23.527
swarm_59_193.pdb	18.117	40.377	0	23.504
swarm_59_161.pdb	5.759	27.053	0.169811	23.455
swarm_16_120.pdb	18.943	51.593	0	23.414
swarm_70_87.pdb	9.313	28.455	0	23.273
swarm_18_16.pdb	15.359	38.929	0	23.216
swarm_3_153.pdb	18.804	35.379	0	23.177
swarm_9_194.pdb	19.221	30.717	0	23.122
swarm_37_168.pdb	20.213	58.852	0	23.090
swarm_39_39.pdb	18.121	56.930	0	23.010
swarm_49_134.pdb	19.169	55.552	0	22.965
swarm_38_192.pdb	21.021	59.177	0	22.914
swarm_40_92.pdb	18.260	34.322	0	22.815
swarm_33_113.pdb	13.895	37.657	0	22.798
swarm_27_176.pdb	18.240	30.125	0	22.724
swarm_26_94.pdb	14.354	24.502	0	22.641
swarm_28_70.pdb	20.126	44.507	0	22.596
swarm_16_35.pdb	17.931	44.318	0	22.400
swarm_34_156.pdb	11.793	40.196	0	22.388
swarm_38_68.pdb	23.147	62.675	0	22.325
swarm_45_177.pdb	14.882	32.522	0	22.324
swarm_42_11.pdb	17.494	30.750	0	22.288
swarm_16_38.pdb	17.833	44.578	0	22.204
swarm_51_43.pdb	7.852	11.678	0	22.155
swarm_63_13.pdb	23.459	61.537	0	22.137
swarm_24_98.pdb	18.754	30.324	0	22.057
swarm_26_22.pdb	17.382	29.887	0	21.977
swarm_58_148.pdb	12.059	16.703	0	21.966
swarm_20_136.pdb	8.318	38.092	0.0188679	21.845
swarm_59_177.pdb	18.578	37.455	0	21.782
swarm_52_130.pdb	14.617	25.959	0	21.753
swarm_54_192.pdb	14.882	21.552	0	21.751
swarm_52_66.pdb	8.784	26.803	0	21.618
swarm_9_102.pdb	20.013	38.765	0	21.504
swarm_18_158.pdb	15.786	44.064	0	21.429
swarm_14_171.pdb	24.019	62.400	0	21.383
swarm_15_192.pdb	20.750	45.342	0	21.312
swarm_35_193.pdb	14.704	42.348	0	21.280
swarm_69_186.pdb	5.784	19.041	0.132075	21.246
swarm_44_148.pdb	16.499	23.213	0	21.072
swarm_36_170.pdb	17.828	54.455	0	21.046
swarm_5_56.pdb	18.170	29.430	0	20.990
swarm_23_169.pdb	21.058	57.646	0	20.863
swarm_2_92.pdb	21.646	41.472	0	20.843
swarm_42_174.pdb	10.187	40.760	0	20.746
swarm_18_168.pdb	13.505	38.333	0	20.739
swarm_7_75.pdb	7.642	22.555	0	20.730
swarm_63_173.pdb	22.963	58.948	0	20.654
swarm_51_125.pdb	22.208	65.361	0	20.457
swarm_24_196.pdb	12.779	34.363	0	20.315
swarm_50_13.pdb	25.265	73.889	0	20.292
swarm_39_182.pdb	23.609	52.025	0	20.290
swarm_45_186.pdb	18.394	39.468	0	20.248
swarm_7_96.pdb	8.540	26.224	0	20.214
swarm_23_100.pdb	8.661	24.167	0.0188679	20.210
swarm_21_22.pdb	12.139	36.233	0	20.177
swarm_49_27.pdb	12.926	37.741	0	20.149
swarm_5_75.pdb	16.641	59.928	0	20.055
swarm_49_53.pdb	17.834	48.480	0	20.031
swarm_0_137.pdb	20.905	53.431	0	19.997
swarm_58_100.pdb	13.348	21.224	0	19.913
swarm_12_186.pdb	21.472	49.986	0	19.904
swarm_44_163.pdb	14.823	28.696	0	19.903
swarm_36_134.pdb	15.738	43.556	0	19.890
swarm_41_164.pdb	20.434	61.397	0	19.766
swarm_14_76.pdb	25.731	67.863	0	19.726
swarm_40_39.pdb	15.337	37.345	0	19.685
swarm_63_149.pdb	25.317	65.682	0	19.632
swarm_21_5.pdb	10.071	39.602	0	19.612
swarm_1_121.pdb	19.930	36.796	0	19.428
swarm_61_179.pdb	24.679	55.922	0	19.376
swarm_17_129.pdb	7.520	25.982	0.0943396	19.320
swarm_69_193.pdb	9.262	30.736	0.0188679	19.255
swarm_14_77.pdb	23.294	67.601	0	19.217
swarm_61_76.pdb	21.915	45.480	0	19.200
swarm_27_32.pdb	19.276	30.352	0	19.122
swarm_19_60.pdb	10.784	50.020	0	19.101
swarm_19_78.pdb	11.928	33.332	0	19.080
swarm_56_115.pdb	6.714	23.672	0.113208	19.060
swarm_28_29.pdb	18.400	40.611	0	18.993
swarm_23_175.pdb	21.375	47.161	0	18.915
swarm_42_88.pdb	12.704	26.968	0	18.758
swarm_63_50.pdb	5.047	10.623	0.0943396	18.732
swarm_45_144.pdb	13.539	39.365	0	18.727
swarm_20_13.pdb	12.367	24.938	0	18.664
swarm_28_98.pdb	21.964	50.475	0	18.353
swarm_0_32.pdb	25.395	63.380	0	18.223
swarm_0_63.pdb	19.214	56.553	0	18.199
swarm_20_23.pdb	23.227	58.849	0	18.197
swarm_45_1.pdb	17.237	44.563	0	18.044
swarm_48_57.pdb	6.934	14.512	0.0188679	17.806
swarm_21_182.pdb	22.837	56.516	0	17.793
swarm_8_152.pdb	11.514	40.386	0	17.774
swarm_34_153.pdb	10.375	24.257	0	17.721
swarm_21_16.pdb	20.601	52.370	0	17.613
swarm_59_130.pdb	12.598	27.298	0	17.576
swarm_64_147.pdb	11.283	26.380	0	17.532
swarm_24_43.pdb	21.424	35.801	0	17.328
swarm_35_136.pdb	15.232	37.600	0	17.304
swarm_12_140.pdb	22.429	46.511	0	17.251
swarm_4_177.pdb	12.129	36.086	0	17.133
swarm_68_29.pdb	17.823	39.685	0	17.076
swarm_40_118.pdb	14.936	24.180	0	17.076
swarm_9_71.pdb	11.393	29.635	0	17.015
swarm_10_16.pdb	16.720	45.696	0	16.998
swarm_67_41.pdb	16.370	35.814	0	16.983
swarm_15_123.pdb	10.867	33.421	0.0377358	16.921
swarm_33_83.pdb	7.079	27.112	0.0188679	16.852
swarm_58_164.pdb	7.833	17.589	0.0188679	16.669
swarm_57_99.pdb	12.609	21.352	0	16.571
swarm_40_32.pdb	12.581	26.384	0	16.360
swarm_21_66.pdb	20.231	54.793	0	16.294
swarm_40_3.pdb	13.129	28.053	0	16.263
swarm_20_44.pdb	17.038	53.687	0	16.212
swarm_28_87.pdb	11.850	39.756	0	16.206
swarm_33_75.pdb	4.276	18.824	0.45283	16.060
swarm_6_110.pdb	12.945	25.426	0	15.872
swarm_40_110.pdb	10.176	47.709	0	15.855
swarm_7_119.pdb	11.869	24.500	0	15.848
swarm_13_174.pdb	23.058	64.746	0	15.715
swarm_48_113.pdb	4.468	19.197	0.207547	15.640
swarm_9_142.pdb	21.391	42.096	0	15.624
swarm_54_33.pdb	14.746	21.797	0	15.605
swarm_39_96.pdb	17.819	51.232	0	15.564
swarm_1_185.pdb	12.883	28.206	0	15.464
swarm_10_28.pdb	13.252	39.088	0	15.463
swarm_3_10.pdb	11.754	32.169	0	15.453
swarm_18_65.pdb	12.241	43.886	0	15.452
swarm_46_76.pdb	16.541	28.439	0	15.411
swarm_1_117.pdb	14.339	29.447	0	15.406
swarm_10_79.pdb	10.743	34.284	0	15.393
swarm_44_92.pdb	16.906	32.235	0	15.382
swarm_59_9.pdb	7.937	27.761	0.0188679	15.228
swarm_8_14.pdb	12.858	19.984	0	15.036
swarm_32_51.pdb	12.147	22.089	0	14.720
swarm_25_52.pdb	16.882	44.562	0	14.494
swarm_27_38.pdb	15.473	25.067	0	14.318
swarm_46_162.pdb	16.053	57.236	0	14.217
swarm_9_166.pdb	13.489	42.102	0	14.192
swarm_42_7.pdb	9.574	31.771	0.0188679	14.092
swarm_16_168.pdb	11.308	26.843	0.0188679	14.025
swarm_60_74.pdb	9.473	21.314	0	13.967
swarm_14_154.pdb	22.379	61.994	0	13.961
swarm_39_190.pdb	20.320	50.113	0	13.767
swarm_64_31.pdb	14.271	22.392	0	13.482
swarm_30_131.pdb	13.045	53.488	0	13.076
swarm_31_14.pdb	7.211	30.053	0	13.069
swarm_21_184.pdb	25.018	51.068	0	13.055
swarm_9_136.pdb	13.281	45.324	0	12.992
swarm_18_180.pdb	14.868	46.454	0	12.936
swarm_36_190.pdb	13.312	21.121	0	12.773
swarm_45_192.pdb	17.737	40.823	0	12.674
swarm_49_23.pdb	11.041	28.263	0	12.033
swarm_9_199.pdb	18.803	34.199	0	11.872
swarm_56_88.pdb	5.466	16.908	0.169811	11.760
swarm_64_178.pdb	13.925	21.443	0	11.661
swarm_48_194.pdb	8.052	19.016	0	11.110
swarm_19_46.pdb	11.546	18.578	0	10.961
swarm_35_177.pdb	11.235	21.772	0.0188679	10.918
swarm_49_169.pdb	11.581	27.629	0.0188679	10.690
swarm_33_52.pdb	11.080	24.891	0.0188679	10.687
swarm_17_121.pdb	12.593	24.181	0	10.597
swarm_47_7.pdb	11.586	18.859	0	10.559
swarm_46_57.pdb	12.951	19.864	0	10.207
swarm_61_89.pdb	6.432	24.482	0.113208	10.164
swarm_59_180.pdb	12.349	34.486	0	9.982
swarm_10_14.pdb	8.493	35.140	0	9.764
swarm_34_36.pdb	9.031	28.432	0	9.645
swarm_31_199.pdb	12.737	33.216	0	8.978
swarm_60_79.pdb	5.995	17.493	0.132075	8.936
swarm_31_119.pdb	11.338	30.176	0	8.903
swarm_39_198.pdb	23.301	56.540	0	8.753
swarm_0_186.pdb	11.863	29.640	0.0188679	8.750
swarm_44_86.pdb	11.670	23.050	0.0188679	8.732
swarm_49_77.pdb	10.666	21.028	0	8.594
swarm_57_48.pdb	5.967	12.257	0.132075	8.265
swarm_46_168.pdb	12.146	23.658	0	8.177
swarm_4_177.pdb	13.093	33.776	0	7.460
swarm_17_177.pdb	10.918	28.604	0.0188679	7.370
swarm_31_183.pdb	13.083	34.989	0	7.348
swarm_47_117.pdb	12.163	25.654	0	7.270
swarm_51_100.pdb	6.068	10.899	0.132075	7.233
swarm_36_111.pdb	19.151	56.748	0	7.229
swarm_51_192.pdb	11.186	19.408	0	7.191
swarm_57_35.pdb	10.017	24.606	0.0188679	7.154
swarm_32_83.pdb	13.130	34.141	0	7.036
swarm_44_159.pdb	6.544	19.178	0	6.746
swarm_59_123.pdb	10.965	24.796	0	5.956
swarm_46_99.pdb	10.686	28.469	0	5.185
swarm_17_188.pdb	18.175	49.215	0	4.854
swarm_43_78.pdb	7.926	21.488	0.0377358	4.823
swarm_15_162.pdb	10.471	26.189	0	4.558
swarm_33_159.pdb	10.237	23.240	0.0188679	4.434
swarm_68_99.pdb	6.013	11.142	0.188679	4.259
swarm_44_23.pdb	10.362	27.579	0.0188679	4.072
swarm_30_122.pdb	12.958	38.294	0	3.621
swarm_44_67.pdb	6.305	23.223	0.301887	3.237
swarm_19_162.pdb	13.295	26.147	0	3.188
swarm_71_105.pdb	13.196	21.481	0	3.076
swarm_53_111.pdb	11.046	23.711	0.0188679	2.956
swarm_65_98.pdb	11.950	19.386	0	2.241
swarm_1_88.pdb	14.622	24.203	0	1.475
swarm_32_82.pdb	11.344	30.784	0	0.865
swarm_8_76.pdb	10.087	20.011	0	0.618
swarm_2_83.pdb	20.034	35.422	0	0.543
swarm_54_152.pdb	11.501	28.141	0	0.165
