run1-swarm_33_118.pdb	1.200	9.854	0.725806	37.986
run1-swarm_36_86.pdb	1.122	8.323	0.741935	33.780
run1-swarm_43_85.pdb	1.306	8.346	0.741935	31.800
run1-swarm_10_115.pdb	7.893	24.054	0.16129	31.050
run1-swarm_46_158.pdb	7.729	33.512	0	30.723
run1-swarm_20_168.pdb	4.197	10.881	0.0483871	28.656
run1-swarm_34_68.pdb	2.757	8.492	0.258065	28.623
run1-swarm_17_89.pdb	6.864	28.918	0	28.520
run1-swarm_0_18.pdb	4.239	14.705	0.112903	28.181
run1-swarm_25_126.pdb	7.221	33.073	0	28.117
run1-swarm_48_2.pdb	7.476	24.644	0	27.769
run1-swarm_27_189.pdb	2.186	10.789	0.33871	27.276
run1-swarm_22_140.pdb	2.488	6.000	0.387097	27.209
run1-swarm_19_169.pdb	2.733	17.240	0.290323	26.629
run1-swarm_10_154.pdb	7.653	25.932	0.145161	26.254
run1-swarm_4_62.pdb	7.545	33.770	0	26.149
run1-swarm_48_38.pdb	6.429	19.060	0.16129	25.102
run1-swarm_42_25.pdb	9.618	40.757	0.016129	24.757
run1-swarm_44_19.pdb	6.943	28.448	0.129032	24.604
run1-swarm_44_89.pdb	9.364	38.462	0.0483871	24.128
run1-swarm_3_13.pdb	6.689	32.016	0.0322581	23.915
run1-swarm_50_48.pdb	8.276	16.475	0.0483871	23.653
run1-swarm_36_91.pdb	5.121	19.308	0.0322581	23.348
run1-swarm_0_148.pdb	3.766	21.219	0.225806	23.037
run1-swarm_22_172.pdb	6.386	19.292	0	22.811
run1-swarm_48_101.pdb	7.004	30.130	0.016129	22.806
run1-swarm_26_21.pdb	7.581	34.195	0	22.757
run1-swarm_46_172.pdb	5.173	20.751	0.0483871	22.728
run1-swarm_3_118.pdb	8.535	37.208	0	22.618
run1-swarm_27_83.pdb	3.911	14.335	0.241935	22.406
run1-swarm_30_8.pdb	6.206	20.896	0	22.103
run1-swarm_25_104.pdb	8.982	39.601	0.016129	22.070
run1-swarm_44_26.pdb	7.322	27.048	0	22.022
run1-swarm_25_110.pdb	9.836	29.376	0.16129	21.169
run1-swarm_18_102.pdb	8.833	32.629	0.0645161	21.034
run1-swarm_0_125.pdb	8.752	25.265	0	20.880
run1-swarm_43_86.pdb	3.899	13.070	0.177419	20.614
run1-swarm_36_115.pdb	11.226	19.862	0	20.412
run1-swarm_33_44.pdb	5.695	24.561	0.0483871	20.323
run1-swarm_4_49.pdb	8.001	36.230	0.016129	19.811
run1-swarm_19_155.pdb	5.479	22.390	0.016129	19.666
run1-swarm_19_132.pdb	6.791	28.233	0.016129	19.421
run1-swarm_11_92.pdb	8.296	29.639	0.0483871	18.673
run1-swarm_4_192.pdb	10.485	42.758	0	18.668
run1-swarm_11_62.pdb	8.780	34.777	0	17.840
run1-swarm_18_146.pdb	9.169	39.311	0	17.818
run1-swarm_32_60.pdb	8.646	36.816	0	17.544
run1-swarm_20_148.pdb	6.305	25.281	0	17.466
run1-swarm_5_117.pdb	5.185	6.366	0.0483871	17.415
run1-swarm_3_175.pdb	10.224	42.534	0	17.055
run1-swarm_48_9.pdb	9.784	33.945	0.016129	17.001
run1-swarm_46_1.pdb	8.952	33.613	0	16.929
run1-swarm_52_112.pdb	8.375	38.697	0	16.825
run1-swarm_45_31.pdb	4.817	11.999	0.0483871	16.737
run1-swarm_11_6.pdb	6.466	26.632	0	16.393
run1-swarm_21_96.pdb	9.134	34.241	0	16.279
run1-swarm_0_177.pdb	5.967	22.896	0	16.266
run1-swarm_10_102.pdb	7.638	30.066	0	15.086
run1-swarm_19_149.pdb	8.390	34.505	0.016129	14.744
run1-swarm_17_69.pdb	9.369	37.965	0	13.890
run1-swarm_28_130.pdb	5.001	19.513	0.177419	12.905
run1-swarm_28_113.pdb	7.588	24.097	0.145161	11.318
run1-swarm_4_43.pdb	13.088	40.449	0	10.022
