swarm_49_146.pdb	18.970	52.831	0	33.413
swarm_47_2.pdb	8.274	15.584	0	31.984
swarm_54_97.pdb	6.479	30.442	0.0645161	30.280
swarm_51_94.pdb	18.759	50.836	0	30.082
swarm_6_165.pdb	9.057	15.678	0	29.089
swarm_22_45.pdb	17.789	44.726	0	28.839
swarm_44_176.pdb	11.889	18.943	0	28.754
swarm_9_8.pdb	17.601	44.948	0	27.743
swarm_30_104.pdb	11.802	19.863	0	27.194
swarm_54_28.pdb	5.548	23.120	0.0645161	26.586
swarm_47_163.pdb	11.990	17.901	0	25.930
swarm_36_34.pdb	17.098	42.794	0	25.483
swarm_53_195.pdb	17.351	43.319	0	25.118
swarm_18_173.pdb	9.693	15.941	0	24.496
swarm_45_179.pdb	18.409	55.074	0	24.296
swarm_3_149.pdb	16.521	45.504	0	24.288
swarm_3_40.pdb	18.755	49.660	0	23.989
swarm_0_7.pdb	12.958	23.111	0	23.969
swarm_52_168.pdb	7.659	34.231	0	23.592
swarm_43_88.pdb	10.606	18.068	0	23.511
swarm_17_19.pdb	10.579	16.763	0	23.498
swarm_20_174.pdb	6.411	28.439	0.0322581	23.482
swarm_14_54.pdb	15.309	34.908	0	23.263
swarm_0_111.pdb	11.234	19.315	0	22.814
swarm_39_11.pdb	7.263	32.677	0.016129	22.712
swarm_20_93.pdb	12.918	23.252	0	22.179
swarm_46_180.pdb	16.677	46.427	0	22.168
swarm_55_131.pdb	8.405	19.532	0	22.019
swarm_11_85.pdb	14.418	31.078	0	21.817
swarm_40_40.pdb	14.038	43.895	0	21.656
swarm_27_158.pdb	15.231	32.289	0	21.626
swarm_1_106.pdb	17.546	52.749	0	21.300
swarm_40_30.pdb	6.410	31.193	0.0322581	21.134
swarm_27_157.pdb	10.691	30.831	0	20.957
swarm_54_53.pdb	12.652	25.581	0	20.549
swarm_7_13.pdb	15.470	40.949	0	20.469
swarm_15_125.pdb	16.791	45.446	0	20.397
swarm_17_152.pdb	10.826	16.478	0	20.122
swarm_46_194.pdb	16.823	51.926	0	20.021
swarm_5_49.pdb	13.428	43.557	0	20.001
swarm_58_37.pdb	14.247	28.948	0	19.939
swarm_50_20.pdb	15.863	43.650	0	19.583
swarm_27_64.pdb	12.314	23.959	0	19.510
swarm_39_172.pdb	11.161	36.558	0	19.132
swarm_14_180.pdb	15.489	33.204	0	18.402
swarm_2_88.pdb	16.428	52.288	0	18.229
swarm_0_198.pdb	7.871	19.596	0	18.091
swarm_50_103.pdb	8.194	34.704	0	17.719
swarm_55_95.pdb	6.473	28.059	0.016129	17.601
swarm_31_95.pdb	12.176	20.796	0	17.366
swarm_36_83.pdb	14.794	33.592	0	17.253
swarm_23_155.pdb	13.146	27.465	0	15.946
swarm_23_3.pdb	10.153	16.991	0	15.380
swarm_35_93.pdb	7.935	35.492	0	15.016
swarm_56_118.pdb	13.341	30.850	0	14.857
swarm_41_66.pdb	16.961	41.104	0	13.732
swarm_11_32.pdb	9.578	35.385	0.0645161	12.463
swarm_51_50.pdb	12.014	46.773	0	10.849
swarm_43_126.pdb	9.800	21.624	0	10.566
swarm_27_29.pdb	13.862	34.115	0	8.778
swarm_14_71.pdb	13.399	31.863	0	6.110
