swarm_30_142.pdb	6.373	21.944	0.0806452	36.688
swarm_0_10.pdb	6.018	20.619	0.0806452	34.512
swarm_8_175.pdb	9.217	13.845	0	31.512
swarm_25_59.pdb	10.390	22.814	0	31.389
swarm_20_47.pdb	9.704	18.257	0	30.776
swarm_29_105.pdb	6.211	19.927	0.0645161	29.958
swarm_17_40.pdb	9.117	19.375	0	29.369
swarm_8_152.pdb	4.213	8.118	0.129032	28.209
swarm_9_146.pdb	9.965	22.699	0	27.525
swarm_7_93.pdb	8.739	12.578	0	27.383
swarm_30_13.pdb	2.439	7.083	0.258065	27.371
swarm_24_142.pdb	4.495	12.570	0.0483871	27.193
swarm_18_44.pdb	8.695	15.924	0	26.315
swarm_44_196.pdb	9.490	21.247	0	25.559
swarm_32_178.pdb	3.935	12.370	0.0483871	23.497
swarm_29_44.pdb	6.174	19.699	0	23.012
swarm_17_67.pdb	7.938	21.258	0	22.207
swarm_24_168.pdb	8.903	17.306	0	22.093
swarm_24_150.pdb	12.064	21.497	0	22.040
swarm_32_8.pdb	7.771	12.493	0	21.475
swarm_30_73.pdb	9.694	15.887	0	21.376
swarm_42_151.pdb	4.056	21.482	0.225806	19.518
swarm_18_121.pdb	9.555	20.293	0	19.501
swarm_17_196.pdb	6.751	25.931	0.016129	16.667
swarm_13_183.pdb	14.039	21.471	0	15.641
swarm_19_65.pdb	15.176	29.497	0	14.876
swarm_40_117.pdb	17.637	45.057	0	7.068
swarm_14_98.pdb	9.697	25.004	0	6.688
swarm_3_119.pdb	4.516	25.327	0.145161	5.880
swarm_27_17.pdb	8.636	16.277	0	5.250
swarm_31_7.pdb	19.140	45.700	0	0.265
