swarm_13_38.pdb	4.105	10.495	0.293103	29.561
swarm_42_186.pdb	10.697	23.679	0	29.275
swarm_18_57.pdb	14.682	32.156	0.137931	28.982
swarm_38_154.pdb	15.356	30.562	0	26.353
swarm_46_148.pdb	16.194	43.945	0	25.812
swarm_44_28.pdb	7.203	27.000	0.0172414	25.270
swarm_8_146.pdb	13.821	26.857	0.0172414	25.213
swarm_12_91.pdb	15.593	36.649	0.0172414	25.090
swarm_42_187.pdb	11.171	21.492	0	23.495
swarm_43_55.pdb	13.462	32.274	0.0517241	23.470
swarm_26_159.pdb	10.465	21.019	0.0689655	23.436
swarm_38_8.pdb	8.693	28.230	0	23.004
swarm_32_178.pdb	15.597	33.570	0	22.947
swarm_5_108.pdb	17.549	37.537	0	22.902
swarm_38_47.pdb	16.060	30.297	0	21.775
swarm_44_20.pdb	9.249	26.911	0.0172414	21.593
swarm_12_194.pdb	12.245	29.732	0.0172414	21.126
swarm_0_127.pdb	19.223	47.501	0	20.928
swarm_35_159.pdb	14.909	39.585	0	20.777
swarm_12_51.pdb	14.034	28.803	0	19.582
swarm_18_43.pdb	15.285	28.804	0.103448	19.496
swarm_12_59.pdb	12.490	23.708	0	19.492
swarm_18_171.pdb	14.448	30.239	0	19.389
swarm_0_194.pdb	18.885	49.347	0	19.036
swarm_44_0.pdb	14.920	34.018	0	18.886
swarm_5_181.pdb	13.687	39.023	0	18.179
swarm_12_173.pdb	13.379	27.575	0	17.463
swarm_43_183.pdb	10.251	35.564	0	17.334
swarm_7_173.pdb	15.822	51.185	0	17.243
swarm_35_12.pdb	15.587	40.271	0.0344828	17.068
swarm_44_65.pdb	17.863	39.283	0	15.887
swarm_26_190.pdb	13.383	24.027	0	15.648
swarm_46_185.pdb	15.865	42.958	0	15.616
swarm_11_71.pdb	12.170	20.823	0	15.393
swarm_38_157.pdb	15.351	28.527	0	15.372
swarm_5_123.pdb	15.693	33.454	0	15.288
swarm_13_158.pdb	16.193	29.728	0	14.469
swarm_42_199.pdb	14.899	25.517	0	13.262
swarm_5_197.pdb	14.873	35.969	0	13.229
swarm_43_15.pdb	10.941	38.442	0.0689655	12.893
swarm_40_199.pdb	19.405	44.859	0	12.581
swarm_29_128.pdb	20.906	52.182	0	12.564
swarm_46_184.pdb	13.051	45.553	0	12.415
swarm_46_10.pdb	15.785	39.404	0	11.942
swarm_12_67.pdb	10.388	25.261	0	11.722
swarm_12_145.pdb	11.753	26.367	0	11.385
swarm_39_107.pdb	15.798	36.721	0	10.994
swarm_39_100.pdb	18.797	46.534	0	10.363
swarm_18_190.pdb	14.373	25.102	0	9.979
swarm_43_103.pdb	16.093	41.234	0	8.837
swarm_28_10.pdb	15.641	40.675	0	8.387
swarm_46_54.pdb	14.736	41.733	0	3.742
swarm_18_116.pdb	15.465	28.686	0.0689655	0.797
swarm_38_135.pdb	11.588	35.815	0	0.793
