swarm_35_52.pdb	10.217	21.512	0	28.488
swarm_34_15.pdb	13.697	32.890	0	26.214
swarm_21_95.pdb	12.958	21.719	0	25.563
swarm_21_151.pdb	2.150	6.879	0.689655	25.109
swarm_42_25.pdb	13.797	27.273	0	25.082
swarm_30_90.pdb	6.024	12.046	0.0517241	25.063
swarm_34_80.pdb	13.664	29.673	0	24.646
swarm_47_92.pdb	13.789	31.685	0	24.578
swarm_16_172.pdb	15.227	32.538	0	24.573
swarm_25_93.pdb	14.736	32.227	0	24.140
swarm_33_45.pdb	15.276	27.813	0	24.017
swarm_49_40.pdb	9.021	17.971	0	23.431
swarm_6_61.pdb	10.575	29.834	0	23.309
swarm_13_169.pdb	12.754	25.397	0	22.717
swarm_17_108.pdb	14.025	25.943	0	22.442
swarm_30_13.pdb	11.357	19.687	0	22.440
swarm_41_199.pdb	15.602	37.079	0	22.375
swarm_41_194.pdb	14.780	33.295	0	22.122
swarm_14_43.pdb	12.926	23.369	0	22.076
swarm_16_19.pdb	13.704	27.804	0	21.903
swarm_3_32.pdb	13.586	39.008	0	21.653
swarm_37_103.pdb	12.753	25.216	0.0689655	21.530
swarm_6_196.pdb	11.641	20.362	0	21.505
swarm_49_14.pdb	14.689	29.737	0	21.464
swarm_37_79.pdb	13.882	22.308	0	21.288
swarm_50_172.pdb	16.879	49.110	0	21.278
swarm_41_37.pdb	10.577	40.855	0	21.228
swarm_5_172.pdb	14.392	31.042	0	21.175
swarm_14_162.pdb	14.592	30.241	0	20.953
swarm_6_115.pdb	14.592	30.481	0	20.936
swarm_41_187.pdb	12.461	31.912	0.0172414	20.868
swarm_21_159.pdb	12.755	23.532	0	20.856
swarm_25_7.pdb	14.798	30.614	0	20.792
swarm_19_23.pdb	15.879	37.491	0	20.724
swarm_30_66.pdb	13.111	20.621	0	20.671
swarm_7_148.pdb	11.825	26.043	0.0172414	20.575
swarm_10_47.pdb	13.023	34.620	0	20.482
swarm_3_125.pdb	17.518	36.335	0	20.284
swarm_37_159.pdb	7.694	19.173	0	20.239
swarm_37_94.pdb	8.420	22.972	0.0172414	20.227
swarm_7_103.pdb	16.928	27.085	0	20.188
swarm_1_49.pdb	18.277	36.285	0	20.144
swarm_13_89.pdb	15.185	30.780	0	20.141
swarm_6_95.pdb	18.888	37.831	0	20.088
swarm_13_128.pdb	13.708	28.106	0	20.088
swarm_15_83.pdb	13.919	37.058	0	20.049
swarm_35_58.pdb	14.434	37.251	0	19.961
swarm_5_138.pdb	9.464	31.490	0	19.709
swarm_12_16.pdb	14.760	36.817	0	19.445
swarm_10_172.pdb	15.782	32.220	0	19.338
swarm_21_74.pdb	12.673	22.495	0.0172414	19.215
swarm_10_153.pdb	14.216	33.215	0.0172414	19.033
swarm_50_168.pdb	15.371	40.788	0	18.985
swarm_16_28.pdb	14.416	25.056	0	18.947
swarm_9_1.pdb	18.082	42.674	0	18.922
swarm_20_183.pdb	14.326	43.249	0	18.872
swarm_41_21.pdb	16.363	34.618	0	18.752
swarm_49_141.pdb	17.270	29.740	0	18.560
swarm_27_123.pdb	16.868	36.910	0	18.470
swarm_49_28.pdb	15.681	26.674	0	18.387
swarm_48_59.pdb	14.972	34.356	0	18.185
swarm_19_45.pdb	15.574	27.335	0	18.113
swarm_19_180.pdb	13.927	35.749	0	18.107
swarm_33_91.pdb	12.487	32.174	0.0517241	18.020
swarm_9_71.pdb	15.176	37.477	0	17.959
swarm_5_8.pdb	9.963	23.241	0	17.959
swarm_48_17.pdb	15.312	32.388	0	17.910
swarm_28_32.pdb	15.052	33.415	0	17.826
swarm_7_73.pdb	14.024	25.920	0	17.556
swarm_19_125.pdb	16.602	42.330	0	17.543
swarm_48_92.pdb	10.649	20.709	0	17.509
swarm_13_53.pdb	15.377	35.264	0	17.451
swarm_49_111.pdb	11.489	25.206	0	17.443
swarm_47_192.pdb	15.466	29.067	0	17.440
swarm_49_53.pdb	13.445	27.159	0	17.433
swarm_49_36.pdb	14.733	28.494	0	17.236
swarm_27_84.pdb	14.633	34.165	0	17.156
swarm_7_61.pdb	15.690	26.489	0	17.134
swarm_3_3.pdb	15.692	39.104	0	17.132
swarm_41_173.pdb	12.945	39.718	0	17.105
swarm_15_27.pdb	16.203	42.579	0	16.757
swarm_40_127.pdb	19.639	39.051	0	16.711
swarm_30_60.pdb	12.760	22.367	0.0344828	16.549
swarm_15_76.pdb	12.162	45.126	0	16.458
swarm_17_190.pdb	15.044	28.794	0	16.353
swarm_16_107.pdb	13.524	23.983	0	16.338
swarm_48_195.pdb	13.015	26.399	0	16.221
swarm_41_99.pdb	13.712	36.592	0	16.081
swarm_0_85.pdb	16.322	41.898	0	16.021
swarm_5_67.pdb	13.466	30.327	0	15.912
swarm_47_52.pdb	14.951	32.797	0.0172414	15.891
swarm_10_158.pdb	18.977	39.489	0	15.835
swarm_25_173.pdb	16.310	37.798	0	15.766
swarm_48_181.pdb	12.323	28.768	0	15.726
swarm_47_168.pdb	18.102	34.807	0	15.697
swarm_47_121.pdb	14.610	27.566	0	15.618
swarm_27_105.pdb	13.714	40.798	0	15.523
swarm_38_127.pdb	13.157	25.912	0	15.507
swarm_27_73.pdb	16.281	45.801	0	15.492
swarm_5_65.pdb	9.758	30.192	0.0862069	15.451
swarm_28_54.pdb	13.842	38.823	0	15.230
swarm_10_148.pdb	14.806	39.372	0.0172414	14.751
swarm_47_104.pdb	16.450	36.801	0	14.600
swarm_19_157.pdb	18.951	34.990	0	14.529
swarm_47_41.pdb	17.158	36.206	0	14.514
swarm_48_109.pdb	16.687	36.452	0	14.513
swarm_19_144.pdb	18.748	36.203	0	14.457
swarm_34_84.pdb	10.210	32.080	0.0172414	14.455
swarm_10_170.pdb	18.284	40.358	0	14.132
swarm_1_53.pdb	16.328	37.562	0	14.085
swarm_10_137.pdb	14.236	41.248	0	14.073
swarm_21_28.pdb	15.115	24.625	0	13.574
swarm_37_152.pdb	15.649	27.395	0	13.326
swarm_49_51.pdb	15.790	29.821	0	13.154
swarm_10_46.pdb	14.657	30.134	0	13.007
swarm_39_57.pdb	16.254	31.745	0	12.945
swarm_5_115.pdb	12.222	32.515	0	12.702
swarm_27_53.pdb	16.854	43.640	0	12.396
swarm_19_121.pdb	10.647	34.842	0.0172414	11.660
swarm_6_85.pdb	15.069	28.334	0	11.537
swarm_14_10.pdb	10.378	28.811	0	10.542
swarm_15_121.pdb	15.473	35.210	0.0517241	10.529
swarm_27_96.pdb	15.096	38.586	0	10.441
swarm_50_69.pdb	17.989	41.944	0	9.758
swarm_7_24.pdb	12.665	23.875	0.0862069	9.505
swarm_6_38.pdb	14.040	23.586	0	6.943
swarm_25_32.pdb	18.289	46.159	0	6.882
swarm_4_168.pdb	19.867	46.682	0	5.987
swarm_4_61.pdb	20.133	49.464	0	5.838
swarm_48_75.pdb	17.644	30.867	0	4.445
swarm_48_153.pdb	16.978	32.649	0	3.041
swarm_40_162.pdb	13.543	37.585	0	3.041
swarm_42_57.pdb	14.480	28.799	0	2.948
swarm_47_126.pdb	14.597	31.118	0	2.888
swarm_29_111.pdb	19.211	42.282	0	1.266
