run0-swarm_17_87.pdb	0.821	1.333	0.948276	47.157
run0-swarm_29_40.pdb	2.157	7.035	0.465517	43.373
run0-swarm_13_41.pdb	2.020	6.734	0.551724	41.929
run0-swarm_10_23.pdb	0.962	1.979	0.87931	40.925
run0-swarm_43_175.pdb	2.611	8.400	0.431034	37.961
run0-swarm_33_38.pdb	6.256	21.617	0.0517241	34.972
run0-swarm_9_79.pdb	6.886	26.554	0.103448	34.833
run0-swarm_48_89.pdb	2.149	5.238	0.689655	34.497
run0-swarm_35_194.pdb	1.739	7.543	0.586207	34.218
run0-swarm_12_131.pdb	4.534	17.344	0.0689655	33.339
run0-swarm_38_86.pdb	4.815	17.072	0.0344828	33.334
run0-swarm_35_107.pdb	6.437	22.916	0.0344828	31.859
run0-swarm_46_11.pdb	5.445	19.191	0.0172414	30.672
run0-swarm_5_122.pdb	7.311	25.426	0.0344828	30.517
run0-swarm_0_172.pdb	3.031	12.469	0.344828	30.251
run0-swarm_10_105.pdb	8.636	15.100	0	29.659
run0-swarm_35_157.pdb	4.273	19.068	0.241379	29.556
run0-swarm_50_133.pdb	8.970	15.846	0	29.257
run0-swarm_8_195.pdb	6.691	11.861	0	28.641
run0-swarm_42_69.pdb	6.198	26.625	0.155172	28.592
run0-swarm_38_117.pdb	10.078	23.754	0	28.360
run0-swarm_18_67.pdb	7.491	30.032	0.0689655	28.273
run0-swarm_33_25.pdb	3.979	16.203	0.258621	28.133
run0-swarm_41_52.pdb	8.122	35.281	0	28.044
run0-swarm_20_31.pdb	5.890	20.887	0.0172414	27.783
run0-swarm_11_12.pdb	4.613	16.844	0.258621	27.659
run0-swarm_35_10.pdb	8.867	19.789	0	27.639
run0-swarm_18_100.pdb	4.914	19.595	0.172414	27.602
run0-swarm_12_171.pdb	9.836	17.698	0	27.595
run0-swarm_37_192.pdb	5.774	24.576	0.0172414	27.377
run0-swarm_11_58.pdb	4.169	6.981	0.172414	27.267
run0-swarm_10_1.pdb	3.230	11.679	0.517241	26.689
run0-swarm_12_67.pdb	7.578	24.840	0	26.437
run0-swarm_42_107.pdb	6.736	30.659	0.0172414	26.389
run0-swarm_43_124.pdb	5.711	10.212	0.0172414	26.357
run0-swarm_6_182.pdb	3.422	15.518	0.258621	26.182
run0-swarm_9_146.pdb	7.738	28.186	0.0344828	26.172
run0-swarm_9_129.pdb	7.513	33.675	0	26.078
run0-swarm_18_56.pdb	7.602	24.414	0.0517241	25.581
run0-swarm_8_4.pdb	8.070	19.426	0.0172414	25.560
run0-swarm_3_24.pdb	7.533	30.055	0	24.976
run0-swarm_8_189.pdb	4.807	17.552	0.275862	24.896
run0-swarm_39_73.pdb	8.141	30.197	0	24.343
run0-swarm_33_48.pdb	6.795	32.268	0.0172414	23.912
run0-swarm_44_89.pdb	6.952	23.284	0	23.812
run0-swarm_28_35.pdb	8.618	34.009	0	22.278
run0-swarm_11_105.pdb	3.368	11.293	0.37931	22.033
run0-swarm_7_15.pdb	10.083	32.604	0	21.752
run0-swarm_13_154.pdb	5.830	15.911	0	21.716
run0-swarm_48_117.pdb	10.813	15.826	0	21.574
run0-swarm_28_53.pdb	8.697	36.139	0	21.552
run0-swarm_46_104.pdb	8.247	32.330	0	21.534
run0-swarm_49_165.pdb	14.020	50.029	0	20.815
run0-swarm_39_23.pdb	6.443	20.550	0.0172414	20.366
run0-swarm_28_124.pdb	6.821	31.511	0.0172414	20.047
run0-swarm_32_3.pdb	13.913	50.858	0	19.614
run0-swarm_29_176.pdb	3.643	8.361	0.258621	19.497
run0-swarm_25_20.pdb	8.295	24.644	0.0172414	18.571
run0-swarm_18_152.pdb	7.873	29.885	0.0862069	17.842
run0-swarm_44_138.pdb	8.534	20.649	0	17.603
run0-swarm_36_69.pdb	13.645	50.179	0	17.350
run0-swarm_6_107.pdb	5.805	24.856	0.0689655	17.150
run0-swarm_31_157.pdb	14.053	50.308	0	17.063
run0-swarm_11_177.pdb	6.910	24.888	0.206897	16.707
run0-swarm_48_107.pdb	5.890	19.464	0.241379	16.096
run0-swarm_2_20.pdb	8.788	23.598	0	15.881
run0-swarm_27_21.pdb	13.375	48.808	0	15.632
run0-swarm_34_72.pdb	13.753	46.780	0	14.182
run0-swarm_7_122.pdb	8.530	39.561	0	13.685
run0-swarm_36_172.pdb	13.458	44.181	0	11.968
run0-swarm_32_71.pdb	10.743	40.784	0	9.454
run0-swarm_21_138.pdb	14.439	50.882	0	9.141
run0-swarm_27_14.pdb	11.027	45.937	0	7.843
run0-swarm_35_171.pdb	4.854	16.913	0.258621	3.030
