swarm_46_14.pdb	6.754	29.008	0	29.221
swarm_37_127.pdb	5.838	22.780	0.0172414	28.303
swarm_47_131.pdb	6.423	10.644	0.0172414	28.207
swarm_14_171.pdb	12.280	19.568	0	27.941
swarm_12_35.pdb	9.931	36.365	0	27.848
swarm_23_56.pdb	8.765	35.598	0.0172414	27.491
swarm_5_20.pdb	8.160	34.006	0	26.901
swarm_33_192.pdb	5.383	11.097	0.155172	26.878
swarm_52_41.pdb	3.780	10.518	0.275862	26.808
swarm_41_41.pdb	6.524	26.670	0.0344828	26.430
swarm_39_46.pdb	12.333	21.867	0	25.987
swarm_24_5.pdb	12.375	20.046	0	24.758
swarm_25_0.pdb	6.859	26.047	0.0172414	24.365
swarm_14_196.pdb	11.649	18.617	0	23.140
swarm_23_124.pdb	13.653	44.717	0	22.287
swarm_46_108.pdb	13.550	25.261	0	21.698
swarm_20_64.pdb	17.204	33.774	0	21.466
swarm_17_57.pdb	11.583	18.284	0	21.412
swarm_16_173.pdb	10.847	16.880	0	21.146
swarm_49_171.pdb	17.180	37.500	0	20.617
swarm_12_117.pdb	8.822	33.356	0.0172414	20.452
swarm_2_187.pdb	9.105	19.926	0.0344828	20.214
swarm_45_103.pdb	9.840	37.279	0.0172414	19.957
swarm_19_56.pdb	15.298	32.596	0	19.904
swarm_41_74.pdb	10.904	36.130	0	19.642
swarm_24_111.pdb	12.322	20.841	0	19.385
swarm_12_84.pdb	20.341	44.052	0	19.032
swarm_19_149.pdb	11.330	26.264	0	18.780
swarm_27_13.pdb	11.661	32.514	0	18.130
swarm_25_118.pdb	16.541	32.115	0	18.065
swarm_10_174.pdb	12.991	22.107	0	16.802
swarm_33_76.pdb	11.553	17.666	0	16.704
swarm_12_197.pdb	12.143	31.112	0	16.478
swarm_23_49.pdb	15.683	41.383	0	16.231
swarm_25_65.pdb	13.998	26.868	0	15.465
swarm_25_44.pdb	9.431	24.208	0.0172414	15.419
swarm_15_92.pdb	13.656	30.835	0	14.360
swarm_41_155.pdb	18.108	36.314	0	14.274
swarm_28_28.pdb	19.519	40.263	0	12.675
swarm_20_95.pdb	11.754	36.690	0	10.308
swarm_0_26.pdb	10.310	24.368	0	2.962
swarm_21_177.pdb	12.988	46.030	0	0.238
