swarm_24_32.pdb	2.484	9.237	0.5	60.142
swarm_32_160.pdb	3.152	9.448	0.327586	57.406
swarm_13_127.pdb	3.041	6.990	0.396552	56.845
swarm_10_83.pdb	1.166	2.375	0.931034	56.631
swarm_29_176.pdb	2.419	8.297	0.482759	52.748
swarm_18_39.pdb	1.286	4.792	0.862069	49.586
swarm_15_23.pdb	2.973	11.630	0.396552	48.044
swarm_12_100.pdb	4.590	15.605	0.0862069	41.891
swarm_27_168.pdb	4.527	20.430	0.258621	41.089
swarm_9_155.pdb	3.393	12.968	0.224138	41.084
swarm_24_95.pdb	4.310	7.300	0.172414	39.155
swarm_3_161.pdb	6.446	10.140	0.0172414	36.331
swarm_9_151.pdb	9.978	18.906	0	35.910
swarm_3_124.pdb	6.671	15.749	0	35.644
swarm_11_127.pdb	4.746	19.281	0.224138	35.391
swarm_20_143.pdb	3.902	14.422	0.103448	34.197
swarm_26_14.pdb	9.787	24.792	0	33.315
swarm_8_87.pdb	2.946	13.074	0.431034	32.167
swarm_35_45.pdb	6.142	21.552	0	32.100
swarm_33_120.pdb	7.768	26.246	0	31.834
swarm_27_89.pdb	5.575	17.279	0.0344828	30.923
swarm_8_120.pdb	8.095	25.655	0.0344828	30.884
swarm_10_136.pdb	4.238	16.154	0.258621	30.499
swarm_29_132.pdb	6.667	24.358	0	30.435
swarm_38_43.pdb	11.550	41.561	0	30.245
swarm_11_52.pdb	3.133	10.655	0.344828	30.241
swarm_14_11.pdb	2.703	8.150	0.534483	30.009
swarm_38_83.pdb	11.500	39.544	0	29.508
swarm_26_136.pdb	8.121	29.164	0.0517241	29.221
swarm_1_196.pdb	12.043	40.233	0	29.148
swarm_37_108.pdb	5.270	10.226	0.0517241	28.678
swarm_1_166.pdb	10.575	35.053	0	28.651
swarm_21_53.pdb	9.316	31.119	0	28.477
swarm_28_49.pdb	8.986	31.313	0	28.345
swarm_26_45.pdb	8.726	29.906	0	28.041
swarm_18_154.pdb	6.819	11.122	0	27.957
swarm_25_116.pdb	8.649	30.289	0	27.727
swarm_27_78.pdb	5.625	11.069	0.0172414	27.518
swarm_13_49.pdb	3.369	10.896	0.431034	27.054
swarm_25_77.pdb	12.119	41.615	0	26.473
swarm_38_116.pdb	9.206	38.611	0	26.234
swarm_15_96.pdb	5.528	20.928	0.12069	25.911
swarm_22_190.pdb	7.555	31.597	0.0862069	25.872
swarm_24_40.pdb	8.930	18.112	0	25.826
swarm_2_174.pdb	8.076	30.129	0.0172414	25.460
swarm_18_2.pdb	8.710	14.664	0	25.364
swarm_31_79.pdb	8.671	31.893	0.0172414	25.237
swarm_39_198.pdb	8.038	33.436	0.0689655	25.216
swarm_25_21.pdb	8.835	32.509	0	24.846
swarm_25_32.pdb	11.451	37.590	0	24.739
swarm_8_127.pdb	6.725	15.647	0.0517241	24.467
swarm_32_141.pdb	6.803	22.777	0	24.348
swarm_4_183.pdb	3.498	13.383	0.241379	24.262
swarm_11_139.pdb	6.967	27.322	0.0344828	24.169
swarm_30_27.pdb	7.537	30.043	0	24.114
swarm_36_15.pdb	5.513	19.659	0.103448	23.579
swarm_28_53.pdb	7.587	30.962	0	23.515
swarm_5_91.pdb	9.553	32.417	0	23.366
swarm_28_89.pdb	9.890	26.846	0	23.276
swarm_21_85.pdb	8.454	34.084	0.0517241	23.236
swarm_36_144.pdb	8.159	33.895	0.0689655	23.173
swarm_37_154.pdb	8.453	20.616	0.0172414	23.007
swarm_3_55.pdb	6.080	21.703	0	22.986
swarm_22_189.pdb	9.548	36.364	0	22.938
swarm_7_192.pdb	4.898	20.297	0.12069	22.834
swarm_23_44.pdb	4.846	18.875	0.137931	22.279
swarm_23_181.pdb	6.673	13.295	0.0862069	22.207
swarm_4_175.pdb	9.532	17.262	0	21.721
swarm_3_32.pdb	7.319	15.776	0	21.716
swarm_22_144.pdb	8.666	31.048	0.0689655	21.567
swarm_17_111.pdb	8.678	33.640	0	21.565
swarm_35_9.pdb	7.349	29.510	0.0172414	20.880
swarm_36_190.pdb	8.549	20.489	0	20.689
swarm_9_61.pdb	6.053	22.294	0.0689655	20.332
swarm_37_131.pdb	4.343	14.897	0.155172	20.161
swarm_23_26.pdb	4.556	11.383	0.172414	20.139
swarm_22_120.pdb	12.557	39.576	0	20.033
swarm_36_184.pdb	10.082	31.409	0	19.894
swarm_17_162.pdb	7.583	30.740	0.0689655	19.807
swarm_2_151.pdb	9.563	26.061	0	19.581
swarm_30_18.pdb	8.314	32.804	0	19.109
swarm_34_81.pdb	7.854	33.120	0.0862069	18.913
swarm_33_186.pdb	7.828	32.250	0	18.895
swarm_33_162.pdb	9.389	32.910	0	18.887
swarm_0_179.pdb	8.665	36.074	0.0344828	18.514
swarm_32_14.pdb	10.512	21.364	0	17.891
swarm_12_109.pdb	8.133	28.658	0	17.871
swarm_18_182.pdb	7.267	21.184	0	17.575
swarm_35_96.pdb	8.691	33.774	0	16.938
swarm_5_54.pdb	11.536	41.050	0	16.632
swarm_33_10.pdb	11.215	26.605	0	16.258
swarm_13_80.pdb	5.624	12.839	0.103448	14.620
swarm_1_55.pdb	9.779	35.160	0	11.771
swarm_28_20.pdb	10.707	37.364	0	5.050
swarm_31_56.pdb	6.848	21.291	0.0344828	3.086
swarm_24_183.pdb	10.626	19.375	0	0.782
swarm_32_41.pdb	6.701	14.661	0.0172414	0.625
