swarm_17_124.pdb	2.059	6.209	0.5	56.648
swarm_36_9.pdb	1.298	2.900	0.827586	53.906
swarm_25_171.pdb	1.242	2.923	0.87931	53.495
swarm_15_47.pdb	2.182	4.977	0.62069	45.543
swarm_19_93.pdb	2.322	5.958	0.448276	44.844
swarm_14_52.pdb	3.968	13.316	0.137931	43.840
swarm_44_102.pdb	3.496	12.931	0.293103	41.839
swarm_23_180.pdb	4.720	17.695	0.0517241	41.027
swarm_26_73.pdb	5.554	24.116	0.155172	39.047
swarm_18_134.pdb	1.891	7.458	0.62069	38.872
swarm_13_57.pdb	4.656	9.074	0.172414	38.677
swarm_39_113.pdb	3.886	17.465	0.258621	38.601
swarm_0_125.pdb	3.998	16.699	0.275862	38.557
swarm_51_175.pdb	3.546	10.398	0.189655	38.120
swarm_41_19.pdb	4.063	15.991	0.258621	37.529
swarm_5_25.pdb	5.425	7.941	0.0689655	35.058
swarm_13_96.pdb	4.874	20.955	0.224138	34.940
swarm_50_169.pdb	5.463	23.849	0.0344828	34.837
swarm_42_159.pdb	6.951	24.111	0.0172414	33.726
swarm_41_168.pdb	5.691	24.497	0.0344828	33.328
swarm_15_44.pdb	4.853	12.403	0.189655	31.662
swarm_17_36.pdb	6.822	10.427	0	30.237
swarm_25_104.pdb	9.231	15.528	0	30.084
swarm_25_12.pdb	6.248	9.889	0.0172414	29.688
swarm_48_10.pdb	9.963	40.458	0	29.633
swarm_39_172.pdb	6.454	29.271	0.0172414	29.279
swarm_33_25.pdb	9.509	32.083	0	29.114
swarm_53_165.pdb	7.405	24.356	0	29.005
swarm_20_10.pdb	9.621	37.548	0	29.001
swarm_16_70.pdb	7.446	32.928	0	28.766
swarm_38_40.pdb	10.769	37.587	0	28.223
swarm_34_54.pdb	8.654	35.170	0.0172414	28.166
swarm_50_163.pdb	8.532	36.551	0	28.004
swarm_48_0.pdb	6.963	29.346	0.0517241	27.909
swarm_43_2.pdb	6.782	28.864	0.0172414	27.582
swarm_0_56.pdb	7.026	27.945	0.0689655	27.523
swarm_6_141.pdb	10.971	44.644	0	27.409
swarm_11_129.pdb	7.523	18.263	0	27.129
swarm_7_126.pdb	3.476	12.414	0.206897	26.842
swarm_5_89.pdb	8.612	14.262	0	26.568
swarm_50_164.pdb	8.128	31.415	0.0172414	26.553
swarm_24_37.pdb	8.496	33.030	0	26.434
swarm_27_124.pdb	8.076	31.928	0.0172414	26.393
swarm_35_15.pdb	7.702	33.259	0	26.320
swarm_57_16.pdb	5.925	10.770	0.0344828	26.200
swarm_12_108.pdb	12.340	41.064	0	26.198
swarm_38_163.pdb	9.957	33.908	0	26.155
swarm_57_5.pdb	9.305	14.625	0	26.117
swarm_35_89.pdb	10.232	42.812	0	26.081
swarm_58_165.pdb	3.891	11.720	0.189655	25.779
swarm_24_4.pdb	10.954	42.548	0	25.762
swarm_40_186.pdb	8.246	27.022	0	25.708
swarm_24_186.pdb	9.125	40.954	0	25.278
swarm_25_198.pdb	10.208	17.305	0	25.173
swarm_56_175.pdb	10.044	29.414	0	25.009
swarm_15_164.pdb	4.789	16.024	0.293103	24.985
swarm_29_73.pdb	5.249	20.548	0.258621	24.909
swarm_49_115.pdb	6.945	32.560	0.0172414	24.820
swarm_52_185.pdb	7.039	26.043	0.0172414	24.744
swarm_40_155.pdb	8.837	30.479	0	24.532
swarm_28_56.pdb	4.656	16.446	0.172414	24.513
swarm_42_29.pdb	10.739	36.450	0	24.432
swarm_51_135.pdb	8.923	14.611	0	24.358
swarm_5_135.pdb	5.063	18.791	0.0862069	24.341
swarm_10_83.pdb	9.090	26.576	0	24.294
swarm_18_12.pdb	6.282	21.867	0.172414	24.173
swarm_49_26.pdb	7.439	27.427	0.0172414	24.161
swarm_19_185.pdb	5.095	19.382	0.206897	24.099
swarm_48_119.pdb	8.940	34.100	0	23.938
swarm_3_92.pdb	9.968	27.979	0	23.801
swarm_58_91.pdb	5.003	17.693	0.293103	23.731
swarm_28_139.pdb	5.378	21.829	0.0172414	23.531
swarm_4_157.pdb	9.363	20.933	0	23.420
swarm_46_26.pdb	6.447	23.632	0.0172414	23.326
swarm_34_128.pdb	11.964	38.186	0	23.137
swarm_39_91.pdb	7.694	26.678	0	22.814
swarm_2_54.pdb	10.553	36.075	0	22.772
swarm_20_175.pdb	11.293	38.594	0	22.772
swarm_12_40.pdb	11.627	37.448	0	22.500
swarm_32_68.pdb	7.612	32.087	0.0689655	22.265
swarm_26_109.pdb	7.961	32.434	0	22.235
swarm_7_0.pdb	5.901	24.050	0.103448	21.728
swarm_16_135.pdb	10.034	26.543	0	21.688
swarm_45_115.pdb	14.166	45.714	0	21.634
swarm_23_50.pdb	8.105	29.561	0	21.633
swarm_52_99.pdb	8.095	21.081	0	21.491
swarm_55_165.pdb	8.423	29.188	0	21.199
swarm_9_189.pdb	7.530	28.683	0	21.101
swarm_11_55.pdb	9.520	27.639	0	20.988
swarm_49_110.pdb	9.571	34.783	0	20.870
swarm_43_11.pdb	9.691	36.303	0	20.845
swarm_52_174.pdb	9.599	30.273	0	20.822
swarm_37_156.pdb	8.560	32.369	0	20.768
swarm_45_143.pdb	9.943	39.759	0	20.702
swarm_14_97.pdb	7.450	17.045	0	20.597
swarm_5_150.pdb	5.747	19.729	0.103448	20.579
swarm_37_130.pdb	10.882	39.638	0	20.203
swarm_4_79.pdb	6.526	26.392	0.137931	20.066
swarm_3_38.pdb	8.155	25.507	0	19.830
swarm_51_133.pdb	10.597	20.966	0	19.693
swarm_30_145.pdb	6.863	27.394	0.0172414	19.643
swarm_56_14.pdb	10.077	23.058	0	19.633
swarm_4_8.pdb	8.502	30.504	0	19.343
swarm_1_6.pdb	10.776	43.172	0	19.273
swarm_57_104.pdb	7.065	15.299	0	19.028
swarm_3_53.pdb	8.442	34.337	0.0689655	18.555
swarm_14_78.pdb	9.550	21.439	0	18.324
swarm_56_136.pdb	6.958	20.914	0.0172414	18.188
swarm_10_97.pdb	11.066	37.503	0	17.916
swarm_19_11.pdb	7.903	22.546	0	17.727
swarm_41_50.pdb	8.856	16.020	0	17.320
swarm_18_116.pdb	5.092	16.510	0.172414	16.939
swarm_33_143.pdb	9.188	38.710	0.0344828	16.893
swarm_9_54.pdb	10.563	37.631	0	16.843
swarm_53_41.pdb	10.277	34.009	0	16.807
swarm_8_168.pdb	9.234	32.956	0	16.552
swarm_56_88.pdb	7.534	28.679	0.0689655	16.195
swarm_52_30.pdb	11.016	34.110	0	14.297
swarm_42_130.pdb	10.191	33.113	0	14.223
swarm_44_160.pdb	7.406	24.540	0	13.557
swarm_56_89.pdb	4.891	19.211	0.275862	12.613
swarm_26_79.pdb	7.688	32.979	0	8.908
swarm_50_58.pdb	10.771	32.790	0	6.803
swarm_15_95.pdb	7.107	17.049	0.0517241	6.304
swarm_19_85.pdb	5.768	16.334	0.137931	3.214
swarm_0_37.pdb	7.011	18.108	0.0689655	3.206
swarm_58_110.pdb	8.327	28.644	0.103448	2.948
