swarm_42_43.pdb	3.173	9.213	0.327586	37.224
swarm_26_151.pdb	2.009	6.154	0.586207	36.036
swarm_32_84.pdb	11.561	20.740	0	33.960
swarm_10_162.pdb	4.401	12.211	0.103448	30.904
swarm_38_65.pdb	5.783	17.891	0.0172414	30.725
swarm_42_125.pdb	9.889	20.000	0	29.898
swarm_12_166.pdb	8.365	16.906	0	28.953
swarm_33_156.pdb	3.065	10.217	0.465517	25.181
swarm_35_14.pdb	10.599	24.931	0	23.075
swarm_5_87.pdb	12.172	28.638	0	22.860
swarm_24_100.pdb	10.955	39.762	0	22.858
swarm_34_55.pdb	15.836	46.415	0	22.635
swarm_47_65.pdb	4.689	15.837	0.206897	21.388
swarm_18_80.pdb	7.970	28.933	0	20.232
swarm_43_136.pdb	10.834	22.406	0	19.900
swarm_12_76.pdb	9.728	17.582	0	18.739
swarm_6_195.pdb	11.040	34.652	0	17.512
swarm_39_94.pdb	11.796	41.309	0	16.854
swarm_46_111.pdb	10.477	37.432	0	16.782
swarm_12_105.pdb	12.092	29.348	0	14.118
swarm_1_68.pdb	8.672	30.565	0	11.687
swarm_39_183.pdb	11.496	37.969	0	6.866
swarm_9_154.pdb	7.824	20.006	0.0517241	3.883
swarm_27_8.pdb	7.741	20.062	0.0689655	1.853
swarm_47_171.pdb	6.417	15.460	0.172414	0.072
