swarm_19_88.pdb	1.154	1.772	0.862069	37.758
swarm_17_72.pdb	2.487	7.663	0.672414	33.917
swarm_29_76.pdb	1.316	4.144	0.793103	32.496
swarm_51_133.pdb	6.534	26.759	0.0862069	30.628
swarm_44_8.pdb	9.613	16.013	0	30.303
swarm_44_149.pdb	9.529	16.903	0	28.151
swarm_17_42.pdb	7.253	21.963	0.241379	23.751
swarm_32_90.pdb	6.514	19.859	0.0172414	22.686
swarm_55_111.pdb	14.348	32.969	0	22.347
swarm_20_58.pdb	6.624	16.853	0.137931	22.328
swarm_8_131.pdb	6.296	19.510	0.0172414	21.014
swarm_17_67.pdb	12.096	18.336	0	20.906
swarm_61_62.pdb	16.609	43.857	0	18.516
swarm_24_93.pdb	15.833	35.835	0	17.972
swarm_53_148.pdb	10.269	39.603	0	17.241
swarm_40_32.pdb	10.041	38.833	0	13.918
swarm_9_150.pdb	12.213	30.633	0	4.152
