swarm_13_187.pdb	4.209	10.610	0.258621	33.670
swarm_29_112.pdb	14.248	22.238	0.103448	30.639
swarm_10_56.pdb	12.982	24.810	0.0517241	29.143
swarm_17_89.pdb	12.092	19.935	0	27.857
swarm_29_54.pdb	12.639	21.373	0	27.652
swarm_29_118.pdb	4.268	10.128	0.241379	27.613
swarm_5_90.pdb	15.806	32.274	0	27.508
swarm_35_81.pdb	10.253	16.896	0	27.010
swarm_10_170.pdb	11.222	21.105	0.103448	26.866
swarm_43_5.pdb	13.651	27.621	0	26.426
swarm_44_113.pdb	10.164	26.408	0.0172414	26.362
swarm_5_124.pdb	16.067	35.214	0.0344828	26.313
swarm_19_100.pdb	16.987	32.930	0.0172414	26.169
swarm_29_108.pdb	11.356	21.502	0.0689655	25.908
swarm_10_135.pdb	13.975	25.073	0.0344828	25.711
swarm_43_6.pdb	13.654	26.666	0	25.544
swarm_43_84.pdb	9.505	16.918	0.0344828	25.222
swarm_41_29.pdb	12.182	31.157	0.0517241	25.137
swarm_44_85.pdb	15.555	35.748	0.0862069	25.035
swarm_0_72.pdb	14.165	23.647	0	24.988
swarm_10_74.pdb	13.387	22.720	0	24.767
swarm_10_196.pdb	3.889	6.843	0.224138	24.706
swarm_8_48.pdb	9.260	22.826	0.0517241	24.665
swarm_50_16.pdb	9.552	17.753	0.0689655	24.527
swarm_38_178.pdb	14.209	28.037	0	24.387
swarm_18_47.pdb	12.767	26.797	0	24.355
swarm_13_26.pdb	14.976	24.590	0	24.289
swarm_38_154.pdb	15.845	32.035	0	24.128
swarm_17_141.pdb	10.037	15.886	0	24.117
swarm_29_43.pdb	11.354	26.031	0	24.037
swarm_35_92.pdb	9.294	22.081	0	23.911
swarm_12_191.pdb	12.303	29.229	0.0172414	23.767
swarm_18_57.pdb	13.632	29.190	0.0172414	23.747
swarm_6_57.pdb	9.042	19.845	0.0862069	23.641
swarm_20_97.pdb	8.163	22.546	0.103448	23.463
swarm_8_141.pdb	13.546	21.728	0	23.328
swarm_33_173.pdb	15.141	29.235	0	23.256
swarm_8_22.pdb	14.750	24.891	0	23.236
swarm_19_78.pdb	16.421	28.841	0	23.185
swarm_35_120.pdb	12.092	31.670	0.0689655	23.075
swarm_42_164.pdb	16.264	35.899	0	22.730
swarm_6_47.pdb	11.767	25.029	0.12069	22.606
swarm_38_139.pdb	8.810	28.469	0	22.516
swarm_43_157.pdb	14.395	29.236	0.0172414	22.484
swarm_43_10.pdb	13.757	27.167	0	22.372
swarm_10_115.pdb	13.895	21.906	0	22.184
swarm_8_49.pdb	8.278	13.626	0	22.041
swarm_38_106.pdb	14.133	28.443	0	21.975
swarm_12_141.pdb	10.330	28.618	0	21.966
swarm_51_38.pdb	9.405	18.692	0.12069	21.841
swarm_20_134.pdb	5.301	16.693	0.172414	21.534
swarm_50_43.pdb	13.235	20.744	0	21.216
swarm_8_35.pdb	14.757	24.293	0.0689655	21.129
swarm_11_71.pdb	9.249	17.753	0.0517241	20.994
swarm_9_18.pdb	14.963	42.198	0.0517241	20.695
swarm_17_45.pdb	9.313	15.228	0	20.633
swarm_14_63.pdb	14.080	26.553	0.0344828	20.624
swarm_12_134.pdb	12.556	31.436	0.0172414	20.567
swarm_9_111.pdb	10.342	29.889	0	20.526
swarm_19_89.pdb	17.623	33.229	0	20.329
swarm_51_110.pdb	13.039	29.149	0.12069	20.074
swarm_45_135.pdb	14.293	25.654	0	19.983
swarm_48_58.pdb	15.487	27.064	0	19.791
swarm_43_134.pdb	7.603	22.961	0.0689655	19.612
swarm_29_96.pdb	11.621	27.342	0	19.424
swarm_35_197.pdb	14.096	23.367	0	18.950
swarm_13_115.pdb	11.071	19.796	0	18.945
swarm_18_146.pdb	16.010	35.023	0	18.692
swarm_20_175.pdb	8.044	24.989	0	18.634
swarm_37_134.pdb	12.758	28.181	0.0172414	18.462
swarm_45_81.pdb	13.633	23.045	0	18.360
swarm_48_44.pdb	12.929	23.145	0	18.178
swarm_10_71.pdb	10.356	20.226	0	17.929
swarm_9_12.pdb	17.149	33.892	0	17.909
swarm_38_121.pdb	15.615	28.729	0	17.841
swarm_11_101.pdb	12.165	22.177	0	17.743
swarm_39_192.pdb	16.488	31.631	0	17.604
swarm_10_111.pdb	12.243	18.901	0	17.242
swarm_18_147.pdb	14.934	22.954	0	16.976
swarm_48_150.pdb	12.151	22.529	0.0172414	16.673
swarm_39_185.pdb	14.580	33.059	0	16.671
swarm_11_175.pdb	16.579	29.416	0	16.399
swarm_46_22.pdb	14.236	27.666	0.0517241	16.197
swarm_2_21.pdb	15.480	29.916	0	15.917
swarm_11_110.pdb	5.936	14.065	0.0517241	15.785
swarm_25_114.pdb	10.044	30.658	0	15.748
swarm_40_41.pdb	10.999	33.732	0	15.174
swarm_43_32.pdb	14.063	23.657	0	15.072
swarm_46_91.pdb	15.485	29.765	0	15.006
swarm_46_56.pdb	13.975	28.897	0	14.460
swarm_8_99.pdb	9.124	19.118	0.0344828	14.111
swarm_6_65.pdb	14.963	25.148	0	13.536
swarm_9_26.pdb	12.942	30.286	0	12.910
swarm_11_72.pdb	12.257	20.079	0	11.939
swarm_38_86.pdb	16.117	36.364	0.0517241	11.618
swarm_11_50.pdb	10.229	20.978	0	11.293
swarm_18_198.pdb	8.289	21.435	0.137931	10.107
swarm_32_34.pdb	14.472	46.166	0	9.662
swarm_32_87.pdb	15.399	46.095	0	9.622
swarm_13_13.pdb	8.129	23.755	0	6.641
swarm_48_4.pdb	12.878	29.142	0.103448	5.341
swarm_35_161.pdb	9.592	24.242	0	5.095
swarm_27_160.pdb	19.800	49.027	0	5.043
swarm_3_197.pdb	15.675	31.804	0	3.049
swarm_20_101.pdb	15.462	34.997	0	0.474
