swarm_56_97.pdb	8.145	15.677	0.228814	68.465
swarm_2_136.pdb	8.399	16.278	0.224576	65.054
swarm_47_119.pdb	7.356	13.511	0.283898	54.726
swarm_56_70.pdb	9.171	17.953	0.237288	53.840
swarm_45_55.pdb	9.050	17.408	0.207627	52.390
swarm_23_83.pdb	7.299	13.619	0.220339	45.868
swarm_12_147.pdb	10.244	20.969	0.0677966	45.677
swarm_42_31.pdb	14.626	27.027	0.00847458	40.092
swarm_2_132.pdb	12.718	26.302	0.0762712	37.948
swarm_50_66.pdb	12.031	24.072	0.0254237	36.742
swarm_45_75.pdb	14.779	27.439	0.0127119	35.662
swarm_47_2.pdb	14.171	26.376	0.0127119	34.297
