run1-swarm_1_63.pdb	7.603	19.390	0	43.215
run1-swarm_14_4.pdb	1.548	16.719	0.758621	40.425
run1-swarm_11_127.pdb	7.988	14.417	0	38.861
run1-swarm_12_91.pdb	7.736	20.123	0	38.273
run1-swarm_17_90.pdb	4.740	20.736	0.172414	37.497
run1-swarm_11_125.pdb	3.678	9.063	0.310345	37.213
run1-swarm_3_146.pdb	11.566	57.698	0	37.126
run0-swarm_18_43.pdb	7.729	46.126	0.0172414	36.597
run1-swarm_2_17.pdb	9.478	26.301	0	36.539
run1-swarm_13_74.pdb	8.740	23.402	0	36.052
run1-swarm_9_63.pdb	8.400	29.598	0	35.635
run1-swarm_1_10.pdb	2.986	12.447	0.396552	35.090
run1-swarm_10_22.pdb	10.817	40.607	0	33.725
run0-swarm_8_79.pdb	8.206	52.962	0.0172414	33.433
run1-swarm_8_43.pdb	10.927	23.494	0	33.087
run0-swarm_7_69.pdb	3.350	22.421	0.224138	32.721
run1-swarm_13_107.pdb	5.456	33.439	0.0689655	32.312
run0-swarm_7_138.pdb	7.681	25.470	0	31.983
run0-swarm_4_129.pdb	9.785	42.855	0	31.748
run1-swarm_1_101.pdb	5.932	29.028	0.0862069	31.491
run0-swarm_17_49.pdb	3.534	17.749	0.396552	31.330
run1-swarm_17_134.pdb	4.319	18.150	0.137931	30.281
run1-swarm_9_128.pdb	9.206	38.952	0	30.153
run1-swarm_9_141.pdb	8.854	33.820	0	28.824
run1-swarm_8_194.pdb	3.744	26.777	0.482759	28.604
run0-swarm_19_156.pdb	6.306	48.379	0.206897	28.498
run1-swarm_11_6.pdb	9.380	18.703	0	28.140
run0-swarm_7_84.pdb	7.404	17.433	0	28.124
run1-swarm_15_63.pdb	10.030	51.094	0	27.947
run0-swarm_1_45.pdb	12.250	44.783	0	27.406
run0-swarm_9_131.pdb	11.989	44.360	0	27.137
run0-swarm_21_56.pdb	7.538	34.275	0	27.119
run0-swarm_8_22.pdb	10.429	51.654	0	26.909
run0-swarm_6_84.pdb	9.589	55.756	0	26.850
run0-swarm_28_151.pdb	8.214	20.724	0	26.442
run1-swarm_12_163.pdb	8.019	19.137	0	25.996
run0-swarm_24_118.pdb	11.341	42.659	0	25.644
run0-swarm_1_164.pdb	10.714	46.778	0	25.525
run1-swarm_8_181.pdb	6.900	43.682	0.0172414	25.480
run0-swarm_28_110.pdb	9.601	33.695	0	25.263
run1-swarm_14_48.pdb	8.876	18.760	0	25.262
run1-swarm_14_124.pdb	5.302	26.162	0.0517241	24.960
run0-swarm_16_27.pdb	9.530	56.612	0	24.836
run0-swarm_24_93.pdb	4.752	32.310	0.37931	24.363
run0-swarm_29_18.pdb	13.324	65.405	0	24.353
run0-swarm_24_96.pdb	10.409	46.910	0	24.249
run1-swarm_16_139.pdb	5.827	46.758	0.206897	23.574
run0-swarm_15_148.pdb	12.823	72.694	0	22.793
run0-swarm_5_67.pdb	8.955	37.268	0	22.230
run0-swarm_16_148.pdb	10.533	51.579	0	21.840
run1-swarm_5_23.pdb	5.380	38.280	0.137931	21.153
run1-swarm_11_176.pdb	6.641	13.169	0	20.511
run0-swarm_13_152.pdb	11.988	57.678	0	20.184
run0-swarm_30_143.pdb	7.531	50.484	0.0517241	20.140
run0-swarm_14_15.pdb	7.858	40.990	0	19.431
run1-swarm_13_109.pdb	11.100	35.689	0	19.066
run0-swarm_12_175.pdb	7.456	50.483	0.172414	18.749
run0-swarm_17_132.pdb	13.228	27.476	0	18.287
run1-swarm_2_46.pdb	9.466	32.006	0	17.476
run0-swarm_19_94.pdb	8.929	60.124	0.0344828	17.183
run0-swarm_15_4.pdb	13.586	72.062	0	16.923
run0-swarm_3_118.pdb	9.514	48.645	0	15.954
run0-swarm_19_39.pdb	10.374	57.924	0	14.984
run0-swarm_18_171.pdb	15.464	54.238	0	14.499
run0-swarm_4_35.pdb	10.511	32.147	0	14.247
run1-swarm_8_186.pdb	11.436	31.323	0	13.824
run0-swarm_10_166.pdb	9.059	13.003	0	13.314
run0-swarm_0_73.pdb	13.317	37.091	0	12.955
run0-swarm_19_3.pdb	6.759	53.318	0.189655	12.900
run0-swarm_21_6.pdb	13.257	42.353	0	9.475
run1-swarm_17_57.pdb	5.208	11.341	0.0517241	7.749
run1-swarm_19_123.pdb	5.121	15.981	0.12069	6.241
run0-swarm_21_88.pdb	15.865	42.663	0	4.486
run1-swarm_12_81.pdb	5.947	25.601	0.0344828	4.356
run0-swarm_4_77.pdb	5.408	22.956	0.0862069	4.001
