swarm_8_30.pdb	17.522	49.709	0	43.027
swarm_11_120.pdb	17.866	49.011	0	42.236
swarm_1_14.pdb	12.654	28.109	0	36.078
swarm_14_81.pdb	12.843	39.228	0	33.496
swarm_11_122.pdb	9.852	22.893	0	33.321
swarm_2_166.pdb	25.975	46.257	0	32.400
swarm_13_136.pdb	16.509	51.841	0	32.335
swarm_1_91.pdb	16.413	38.003	0.0344828	31.537
swarm_9_144.pdb	17.122	44.035	0	31.406
swarm_16_187.pdb	20.939	40.235	0	31.138
swarm_8_150.pdb	12.972	50.422	0	31.016
swarm_12_111.pdb	11.576	39.903	0	30.533
swarm_16_180.pdb	12.486	57.109	0	30.292
swarm_13_165.pdb	20.448	47.203	0	30.233
swarm_10_165.pdb	11.213	40.065	0	29.749
swarm_17_52.pdb	15.678	43.438	0	29.729
swarm_14_139.pdb	15.580	35.053	0	29.102
swarm_7_116.pdb	25.397	55.910	0	28.450
swarm_16_157.pdb	16.633	55.794	0.103448	27.630
swarm_12_110.pdb	17.349	39.685	0	27.568
swarm_16_4.pdb	11.744	47.689	0	27.509
swarm_1_16.pdb	15.913	34.011	0.0689655	27.092
swarm_11_90.pdb	17.064	35.636	0	26.927
swarm_12_71.pdb	18.932	37.764	0	26.058
swarm_15_24.pdb	20.137	57.275	0	25.871
swarm_11_56.pdb	7.968	16.362	0	25.538
swarm_8_85.pdb	20.004	50.462	0	25.223
swarm_8_51.pdb	13.312	49.540	0	25.200
swarm_12_24.pdb	23.708	41.761	0	24.778
swarm_17_113.pdb	26.736	43.874	0	24.635
swarm_2_156.pdb	10.064	42.870	0	24.146
swarm_15_144.pdb	26.392	52.640	0	24.009
swarm_11_13.pdb	21.727	45.281	0	23.863
swarm_9_191.pdb	19.465	36.816	0	23.631
swarm_2_7.pdb	11.966	37.789	0.0689655	23.334
swarm_17_66.pdb	19.614	39.263	0	23.153
swarm_14_159.pdb	20.579	46.794	0	22.979
swarm_10_23.pdb	22.418	58.018	0	22.798
swarm_15_37.pdb	13.907	61.003	0	22.757
swarm_15_149.pdb	24.243	45.214	0	22.645
swarm_14_127.pdb	10.274	31.199	0	22.620
swarm_16_22.pdb	17.020	54.217	0	22.599
swarm_10_10.pdb	14.542	57.397	0	22.367
swarm_16_9.pdb	14.897	59.341	0	22.297
swarm_18_22.pdb	24.007	51.187	0	22.205
swarm_14_94.pdb	14.328	40.482	0	22.184
swarm_19_28.pdb	14.331	42.820	0	21.767
swarm_14_8.pdb	12.519	40.578	0	21.611
swarm_13_150.pdb	14.065	45.064	0	21.368
swarm_3_92.pdb	15.220	70.205	0	20.926
swarm_11_91.pdb	18.145	31.745	0	20.653
swarm_12_9.pdb	21.374	45.363	0	20.006
swarm_13_86.pdb	17.606	43.059	0	19.992
swarm_6_149.pdb	14.264	45.711	0	19.900
swarm_14_83.pdb	13.695	30.635	0	19.876
swarm_6_16.pdb	11.811	44.801	0	19.465
swarm_19_131.pdb	17.299	31.533	0	19.180
swarm_2_92.pdb	9.984	40.040	0	19.023
swarm_9_25.pdb	21.010	48.234	0	17.440
swarm_9_73.pdb	20.735	52.937	0	16.714
swarm_11_84.pdb	17.354	37.320	0	16.010
swarm_16_31.pdb	16.535	49.492	0	15.744
swarm_12_173.pdb	23.751	40.185	0	15.309
swarm_1_121.pdb	22.767	41.330	0	14.693
swarm_17_152.pdb	22.688	39.810	0	14.268
swarm_11_106.pdb	17.909	39.163	0	12.013
swarm_16_188.pdb	8.151	38.124	0	10.141
swarm_8_65.pdb	18.725	39.162	0	9.973
swarm_13_59.pdb	22.854	36.499	0	9.340
swarm_6_83.pdb	19.135	40.650	0	6.445
swarm_16_42.pdb	17.795	37.573	0	3.484
