swarm_21_140.pdb	17.044	53.160	0	38.889
swarm_17_129.pdb	16.803	41.849	0	38.851
swarm_0_134.pdb	16.052	50.669	0	37.372
swarm_21_61.pdb	15.810	53.882	0	35.999
swarm_17_41.pdb	17.117	40.065	0.0172414	32.371
swarm_26_155.pdb	26.983	64.225	0	32.286
swarm_13_143.pdb	24.793	51.446	0	31.850
swarm_10_148.pdb	20.542	43.428	0	31.252
swarm_14_96.pdb	19.117	44.161	0	29.335
swarm_14_62.pdb	22.209	42.748	0	29.145
swarm_3_53.pdb	18.852	47.902	0	28.667
swarm_22_161.pdb	18.442	69.334	0	28.353
swarm_18_35.pdb	14.455	41.186	0.0172414	28.096
swarm_5_64.pdb	13.592	50.192	0	27.558
swarm_8_162.pdb	14.646	56.860	0	27.234
swarm_28_81.pdb	20.012	40.633	0	27.108
swarm_19_161.pdb	16.726	66.918	0	27.080
swarm_18_159.pdb	13.296	58.082	0	26.978
swarm_24_181.pdb	16.603	38.899	0	26.677
swarm_7_82.pdb	19.336	44.511	0	26.437
swarm_13_118.pdb	21.921	48.818	0	25.884
swarm_21_109.pdb	22.526	40.293	0	25.869
swarm_19_73.pdb	26.869	53.115	0	25.171
swarm_4_32.pdb	20.818	45.273	0	24.708
swarm_24_179.pdb	15.004	47.128	0	24.507
swarm_12_28.pdb	11.658	60.494	0	24.500
swarm_18_25.pdb	23.567	44.406	0	24.319
swarm_7_25.pdb	13.883	42.035	0	24.076
swarm_21_183.pdb	16.145	48.610	0	24.074
swarm_13_170.pdb	19.635	67.207	0	23.422
swarm_4_28.pdb	27.329	57.430	0	23.029
swarm_7_87.pdb	17.691	36.451	0	23.023
swarm_13_45.pdb	22.833	55.840	0	23.022
swarm_15_139.pdb	26.329	47.628	0	22.816
swarm_13_190.pdb	28.827	55.858	0	22.816
swarm_22_51.pdb	25.535	53.099	0	22.656
swarm_24_147.pdb	17.339	45.772	0	22.573
swarm_12_147.pdb	23.635	56.990	0	22.571
swarm_28_138.pdb	26.845	45.008	0	22.492
swarm_17_44.pdb	14.325	25.550	0	22.418
swarm_3_162.pdb	19.786	52.536	0	22.312
swarm_10_56.pdb	20.016	40.721	0	22.157
swarm_3_115.pdb	15.587	46.489	0	22.149
swarm_3_99.pdb	15.288	50.295	0	21.957
swarm_10_158.pdb	25.848	44.746	0	21.792
swarm_18_47.pdb	12.827	50.457	0	21.502
swarm_28_8.pdb	15.589	44.657	0	21.331
swarm_24_93.pdb	13.386	48.876	0	21.023
swarm_3_195.pdb	12.809	43.707	0	20.746
swarm_5_83.pdb	10.314	44.329	0	20.706
swarm_1_164.pdb	23.797	48.284	0	20.578
swarm_1_84.pdb	25.134	48.725	0	20.538
swarm_0_63.pdb	22.997	44.132	0	20.527
swarm_29_9.pdb	16.076	63.097	0	20.509
swarm_18_137.pdb	21.380	45.276	0	20.323
swarm_8_114.pdb	11.531	45.761	0.0517241	20.082
swarm_18_8.pdb	15.658	52.713	0	19.954
swarm_13_180.pdb	14.571	70.123	0	19.795
swarm_1_45.pdb	21.941	60.065	0	19.680
swarm_0_3.pdb	20.042	33.588	0	19.344
swarm_24_101.pdb	22.642	46.329	0	18.980
swarm_21_124.pdb	24.389	43.503	0	18.977
swarm_8_90.pdb	13.268	61.280	0	18.912
swarm_3_122.pdb	16.108	49.675	0	18.560
swarm_5_56.pdb	14.819	53.321	0	18.363
swarm_3_167.pdb	16.323	39.674	0	18.328
swarm_17_95.pdb	18.733	40.913	0	18.049
swarm_18_28.pdb	23.577	48.769	0	17.570
swarm_18_39.pdb	20.109	52.636	0	17.211
swarm_18_132.pdb	15.327	64.792	0	17.022
swarm_21_65.pdb	15.154	43.049	0	16.805
swarm_21_21.pdb	15.213	38.715	0	16.745
swarm_8_41.pdb	12.745	58.960	0	16.526
swarm_5_131.pdb	17.096	43.228	0	16.238
swarm_12_8.pdb	27.763	55.698	0	16.120
swarm_7_59.pdb	17.692	34.954	0.0172414	15.624
swarm_5_63.pdb	16.561	49.351	0	15.569
swarm_7_185.pdb	17.484	30.607	0	15.565
swarm_11_132.pdb	28.347	63.652	0	15.440
swarm_30_146.pdb	28.081	50.866	0	15.355
swarm_10_104.pdb	11.619	38.715	0	15.106
swarm_27_2.pdb	29.258	55.557	0	14.909
swarm_8_60.pdb	28.930	53.254	0	14.663
swarm_27_19.pdb	25.044	52.968	0	14.644
swarm_29_15.pdb	29.656	56.665	0	14.355
swarm_8_1.pdb	15.218	56.041	0	14.291
swarm_8_197.pdb	18.896	61.987	0	14.279
swarm_3_107.pdb	11.913	50.171	0	14.212
swarm_17_135.pdb	20.328	38.170	0	13.814
swarm_3_83.pdb	24.198	51.975	0	13.305
swarm_25_181.pdb	23.345	54.292	0	12.463
swarm_8_21.pdb	11.876	46.350	0.0172414	11.981
swarm_19_26.pdb	17.823	64.160	0	11.808
swarm_29_8.pdb	22.324	53.487	0	9.721
swarm_28_91.pdb	23.883	46.838	0	9.103
swarm_19_96.pdb	25.921	50.994	0	7.341
swarm_12_18.pdb	24.808	50.940	0	6.471
swarm_7_33.pdb	20.620	40.387	0	6.428
swarm_14_80.pdb	16.499	31.527	0	1.175
swarm_4_193.pdb	23.461	45.114	0	0.942
swarm_27_198.pdb	12.907	65.012	0	0.281
swarm_9_73.pdb	20.735		0	16.714
swarm_9_25.pdb	21.010		0	17.440
swarm_9_191.pdb	19.465		0	23.631
swarm_9_144.pdb	17.122		0	31.406
swarm_8_85.pdb	20.004		0	25.223
swarm_8_65.pdb	18.725		0	9.973
swarm_8_51.pdb	13.312		0	25.200
swarm_8_30.pdb	17.522		0	43.027
swarm_8_150.pdb	12.972		0	31.016
swarm_7_116.pdb	25.397		0	28.450
swarm_6_83.pdb	19.135		0	6.445
swarm_6_16.pdb	11.811		0	19.465
swarm_6_149.pdb	14.264		0	19.900
swarm_3_92.pdb	15.220		0	20.926
swarm_2_92.pdb	9.984		0	19.023
swarm_2_7.pdb	11.966		0.0689655	23.334
swarm_2_166.pdb	25.975		0	32.400
swarm_2_156.pdb	10.064		0	24.146
swarm_19_28.pdb	14.331		0	21.767
swarm_1_91.pdb	16.413		0.0344828	31.537
swarm_19_131.pdb	17.299		0	19.180
swarm_18_22.pdb	24.007		0	22.205
swarm_17_66.pdb	19.614		0	23.153
swarm_17_52.pdb	15.678		0	29.729
swarm_17_152.pdb	22.688		0	14.268
swarm_17_113.pdb	26.736		0	24.635
swarm_16_9.pdb	14.897		0	22.297
swarm_16_4.pdb	11.744		0	27.509
swarm_16_42.pdb	17.795		0	3.484
swarm_16_31.pdb	16.535		0	15.744
swarm_16_22.pdb	17.020		0	22.599
swarm_16_188.pdb	8.151		0	10.141
swarm_16_187.pdb	20.939		0	31.138
swarm_16_180.pdb	12.486		0	30.292
swarm_16_157.pdb	16.633		0.103448	27.630
swarm_15_37.pdb	13.907		0	22.757
swarm_15_24.pdb	20.137		0	25.871
swarm_15_149.pdb	24.243		0	22.645
swarm_15_144.pdb	26.392		0	24.009
swarm_14_94.pdb	14.328		0	22.184
swarm_14_8.pdb	12.519		0	21.611
swarm_14_83.pdb	13.695		0	19.876
swarm_14_81.pdb	12.843		0	33.496
swarm_14_159.pdb	20.579		0	22.979
swarm_14_139.pdb	15.580		0	29.102
swarm_14_127.pdb	10.274		0	22.620
swarm_13_86.pdb	17.606		0	19.992
swarm_13_59.pdb	22.854		0	9.340
swarm_13_165.pdb	20.448		0	30.233
swarm_13_150.pdb	14.065		0	21.368
swarm_13_136.pdb	16.509		0	32.335
swarm_12_9.pdb	21.374		0	20.006
swarm_12_71.pdb	18.932		0	26.058
swarm_12_24.pdb	23.708		0	24.778
swarm_12_173.pdb	23.751		0	15.309
swarm_12_111.pdb	11.576		0	30.533
swarm_12_110.pdb	17.349		0	27.568
swarm_11_91.pdb	18.145		0	20.653
swarm_11_90.pdb	17.064		0	26.927
swarm_11_84.pdb	17.354		0	16.010
swarm_1_16.pdb	15.913		0.0689655	27.092
swarm_11_56.pdb	7.968		0	25.538
swarm_1_14.pdb	12.654		0	36.078
swarm_1_121.pdb	22.767		0	14.693
swarm_11_13.pdb	21.727		0	23.863
swarm_11_122.pdb	9.852		0	33.321
swarm_11_120.pdb	17.866		0	42.236
swarm_11_106.pdb	17.909		0	12.013
swarm_10_23.pdb	22.418		0	22.798
swarm_10_165.pdb	11.213		0	29.749
swarm_10_10.pdb	14.542		0	22.367
