swarm_1_129.pdb	3.179	13.485	0.465517	44.166
swarm_0_193.pdb	10.061	28.593	0	39.167
swarm_8_194.pdb	4.085	18.715	0.275862	37.552
swarm_9_109.pdb	17.189	67.960	0	37.310
swarm_14_91.pdb	8.992	14.984	0	36.927
swarm_22_100.pdb	10.144	31.093	0	35.531
swarm_1_68.pdb	3.739	14.620	0.258621	33.948
swarm_15_43.pdb	7.706	44.122	0	33.931
swarm_15_14.pdb	6.489	49.636	0.137931	33.869
swarm_17_61.pdb	15.364	67.453	0	33.781
swarm_20_146.pdb	9.478	20.972	0	33.725
swarm_6_134.pdb	9.576	21.129	0	31.327
swarm_14_67.pdb	9.382	20.411	0	30.601
swarm_4_13.pdb	6.920	44.910	0.0172414	29.943
swarm_18_161.pdb	10.200	21.145	0	28.861
swarm_17_160.pdb	15.102	66.884	0	28.847
swarm_11_43.pdb	5.432	38.550	0.137931	28.804
swarm_14_46.pdb	4.890	12.367	0.0517241	28.672
swarm_9_5.pdb	16.006	68.635	0	27.971
swarm_13_78.pdb	11.706	69.425	0	27.805
swarm_3_65.pdb	9.152	32.637	0	27.169
swarm_0_46.pdb	7.672	33.291	0	26.638
swarm_24_85.pdb	9.358	48.520	0	26.507
swarm_10_6.pdb	13.851	63.727	0	26.178
swarm_18_126.pdb	9.563	24.762	0	25.911
swarm_14_40.pdb	7.883	19.595	0	25.884
swarm_3_176.pdb	9.478	25.912	0	25.823
swarm_7_132.pdb	6.535	51.578	0.189655	25.486
swarm_19_166.pdb	13.578	62.480	0	25.333
swarm_0_184.pdb	7.173	19.841	0	24.983
swarm_20_58.pdb	4.237	31.438	0.448276	24.441
swarm_7_189.pdb	11.290	41.586	0	24.001
swarm_20_184.pdb	9.444	32.462	0	23.481
swarm_23_22.pdb	9.201	35.354	0	22.639
swarm_24_37.pdb	9.977	35.411	0	22.206
swarm_25_11.pdb	7.277	29.403	0.0172414	21.444
swarm_3_26.pdb	6.843	42.688	0.0689655	21.400
swarm_16_96.pdb	13.110	53.339	0	21.363
swarm_12_182.pdb	6.353	48.399	0.206897	21.338
swarm_25_23.pdb	7.202	23.594	0	19.968
swarm_6_151.pdb	5.392	17.961	0.0517241	19.914
swarm_15_115.pdb	10.190	30.067	0	19.805
swarm_22_27.pdb	9.486	27.238	0	19.551
swarm_13_53.pdb	10.672	63.398	0	19.053
swarm_12_194.pdb	12.825	48.396	0	18.797
swarm_14_116.pdb	4.215	11.020	0.137931	18.650
swarm_27_193.pdb	7.945	50.025	0.0689655	17.947
swarm_25_36.pdb	7.753	20.077	0	17.207
swarm_19_68.pdb	13.090	67.934	0	16.947
swarm_15_15.pdb	11.130	46.121	0	16.667
swarm_4_130.pdb	6.901	48.117	0.12069	16.584
swarm_4_142.pdb	5.742	35.138	0.0862069	16.309
swarm_18_194.pdb	9.798	24.500	0	16.058
swarm_24_10.pdb	7.147	50.528	0.0517241	11.917
swarm_15_156.pdb	11.062	34.608	0	11.815
swarm_11_39.pdb	8.180	26.592	0	10.635
swarm_8_97.pdb	8.838	19.982	0	10.223
swarm_23_181.pdb	9.699	47.052	0	7.896
swarm_19_194.pdb	11.370	48.817	0	7.623
swarm_19_138.pdb	8.409	57.521	0.0344828	2.959
