swarm_7_125.pdb	3.477	17.843	0.396552	32.337
swarm_14_49.pdb	3.326	29.445	0.362069	32.183
swarm_3_121.pdb	4.095	13.622	0.258621	29.181
swarm_11_78.pdb	3.603	12.730	0.396552	29.152
swarm_11_55.pdb	2.808	5.851	0.448276	28.893
swarm_3_133.pdb	5.678	25.769	0.155172	28.607
swarm_15_154.pdb	3.091	23.789	0.586207	27.110
swarm_15_69.pdb	7.123	33.089	0	25.476
swarm_11_178.pdb	3.776	11.649	0.310345	24.293
swarm_20_122.pdb	2.896	19.803	0.310345	23.768
swarm_12_10.pdb	5.494	47.943	0.293103	22.591
swarm_8_77.pdb	5.483	29.036	0.103448	22.070
swarm_5_189.pdb	4.015	19.681	0.172414	20.966
swarm_7_35.pdb	5.907	27.067	0.0689655	19.953
swarm_1_49.pdb	4.255	18.907	0.275862	18.490
swarm_7_174.pdb	7.458	19.521	0	18.200
