swarm_10_87.pdb	3.925	17.241	0.362069	36.783
swarm_0_13.pdb	8.332	40.288	0.103448	31.347
swarm_30_185.pdb	11.113	58.695	0	30.175
swarm_28_194.pdb	10.155	50.463	0.0862069	28.624
swarm_24_48.pdb	11.149	59.047	0	28.022
swarm_26_32.pdb	11.615	34.445	0	27.120
swarm_28_59.pdb	10.753	51.042	0.0344828	26.690
swarm_30_164.pdb	9.381	56.171	0	26.627
swarm_32_34.pdb	11.010	63.198	0	25.520
swarm_26_124.pdb	12.467	44.013	0	25.262
swarm_0_44.pdb	11.227	53.617	0.0172414	23.226
swarm_14_151.pdb	11.367	58.986	0	22.894
swarm_2_168.pdb	10.538	54.341	0.0689655	22.740
swarm_19_74.pdb	17.536	34.035	0	21.671
swarm_3_22.pdb	8.468	18.622	0	19.650
swarm_2_101.pdb	10.811	56.906	0	19.102
swarm_19_117.pdb	11.775	26.446	0	17.740
swarm_28_80.pdb	10.491	48.198	0	17.138
swarm_2_32.pdb	11.558	45.627	0	16.024
swarm_28_193.pdb	10.391	55.341	0	12.183
