swarm_20_51.pdb	4.223	17.824	0.307692	74.366
swarm_24_178.pdb	5.919	9.634	0.0192308	72.162
swarm_24_190.pdb	3.963	16.613	0.346154	71.828
swarm_19_142.pdb	6.078	10.480	0.0384615	66.512
swarm_19_137.pdb	3.575	15.041	0.384615	66.075
swarm_25_100.pdb	4.569	18.912	0.211538	64.943
swarm_21_73.pdb	7.183	16.898	0	60.678
swarm_20_27.pdb	7.251	16.270	0	57.886
swarm_22_198.pdb	7.145	16.836	0	57.313
swarm_18_165.pdb	5.128	19.598	0.173077	57.033
swarm_7_126.pdb	6.493	12.929	0.0192308	56.782
swarm_23_196.pdb	6.803	20.404	0	54.949
swarm_17_198.pdb	2.237	8.308	0.596154	54.521
swarm_19_166.pdb	6.909	14.894	0	53.496
swarm_9_8.pdb	14.342	42.451	0	53.434
swarm_6_87.pdb	3.873	17.685	0.307692	53.170
swarm_7_107.pdb	1.702	2.796	0.596154	52.777
swarm_26_154.pdb	8.238	34.317	0.230769	52.419
swarm_13_35.pdb	7.031	15.991	0	51.652
swarm_25_38.pdb	5.530	12.046	0	51.581
swarm_10_128.pdb	9.531	23.566	0	51.411
swarm_11_146.pdb	10.985	18.147	0	50.868
swarm_1_162.pdb	7.524	23.684	0	49.894
swarm_17_82.pdb	6.440	11.489	0.0192308	48.935
swarm_8_144.pdb	7.613	31.267	0.115385	48.625
swarm_21_72.pdb	12.049	22.442	0	48.419
swarm_12_176.pdb	10.513	22.529	0	47.730
swarm_17_170.pdb	7.420	14.434	0	47.409
swarm_15_54.pdb	8.351	17.447	0	47.230
swarm_22_42.pdb	13.169	27.758	0	46.964
swarm_0_94.pdb	12.935	36.910	0	46.631
swarm_23_138.pdb	8.118	34.038	0.0961538	46.264
swarm_16_78.pdb	10.611	21.568	0	46.211
swarm_5_66.pdb	12.769	37.207	0	46.088
swarm_10_17.pdb	8.985	16.419	0	45.726
swarm_11_117.pdb	7.736	16.281	0.0769231	45.203
swarm_6_42.pdb	7.359	29.861	0.0192308	44.577
swarm_1_153.pdb	5.047	21.240	0.192308	43.809
swarm_6_165.pdb	8.984	31.140	0	43.273
swarm_1_167.pdb	8.719	30.430	0	42.584
swarm_8_101.pdb	7.875	30.086	0.0576923	42.552
swarm_12_107.pdb	7.679	15.868	0	42.009
swarm_24_192.pdb	1.879	6.531	0.576923	41.914
swarm_18_115.pdb	5.835	15.988	0.0769231	41.729
swarm_26_95.pdb	9.509	38.914	0.0384615	41.492
swarm_8_64.pdb	8.260	33.780	0.0384615	41.472
swarm_17_86.pdb	3.547	10.199	0.423077	41.099
swarm_18_120.pdb	6.703	28.449	0.0192308	40.874
swarm_19_102.pdb	8.047	16.988	0	40.804
swarm_3_98.pdb	6.191	27.082	0.153846	40.335
swarm_14_167.pdb	9.054	19.251	0	39.801
swarm_14_147.pdb	7.036	15.148	0	39.528
swarm_21_141.pdb	4.166	18.619	0.307692	39.242
swarm_20_75.pdb	8.206	17.633	0	39.219
swarm_3_34.pdb	7.864	33.280	0.192308	39.181
swarm_9_144.pdb	16.625	47.930	0	39.084
swarm_6_127.pdb	10.525	24.878	0	39.055
swarm_15_62.pdb	1.056	4.016	0.596154	38.569
swarm_13_93.pdb	15.910	26.908	0	38.494
swarm_4_186.pdb	4.424	13.282	0.326923	38.458
swarm_26_116.pdb	6.019	26.928	0.115385	38.293
swarm_24_169.pdb	7.712	16.377	0	38.009
swarm_11_67.pdb	5.583	10.486	0.0769231	37.795
swarm_26_38.pdb	6.786	29.388	0.134615	37.662
swarm_16_109.pdb	15.305	27.332	0	36.550
swarm_19_5.pdb	12.447	19.715	0	36.435
swarm_12_69.pdb	8.423	18.599	0	36.385
swarm_13_136.pdb	13.755	29.150	0	36.119
swarm_14_62.pdb	4.852	10.227	0.134615	35.710
swarm_20_178.pdb	6.502	27.895	0.211538	35.709
swarm_2_45.pdb	9.337	20.937	0	35.302
swarm_16_105.pdb	14.653	31.831	0	35.107
swarm_0_136.pdb	15.250	40.769	0	34.994
swarm_2_21.pdb	4.377	15.340	0.346154	34.993
swarm_5_42.pdb	15.794	43.517	0	34.801
swarm_23_154.pdb	7.717	19.800	0	34.717
swarm_25_176.pdb	4.898	20.685	0.25	34.635
swarm_18_6.pdb	9.064	30.528	0	34.092
swarm_22_103.pdb	5.572	24.225	0.211538	33.819
swarm_20_61.pdb	1.916	9.144	0.461538	33.765
swarm_23_132.pdb	8.162	29.177	0	33.169
swarm_4_181.pdb	10.247	25.937	0	33.003
swarm_14_28.pdb	4.803	14.340	0.269231	32.520
swarm_10_135.pdb	5.314	16.531	0.269231	32.355
swarm_4_47.pdb	7.660	19.504	0.0192308	32.229
swarm_26_25.pdb	13.160	38.782	0	31.851
swarm_18_75.pdb	6.956	15.723	0	31.668
swarm_23_65.pdb	11.773	33.391	0	31.404
swarm_10_21.pdb	6.925	12.782	0.0961538	31.327
swarm_8_35.pdb	11.460	42.283	0	31.216
swarm_23_168.pdb	16.488	31.585	0	30.724
swarm_13_123.pdb	12.866	22.596	0	29.575
swarm_15_179.pdb	7.956	19.016	0	29.574
swarm_3_129.pdb	11.727	33.282	0	29.468
swarm_0_165.pdb	8.249	28.758	0	29.191
swarm_2_183.pdb	6.942	22.583	0.153846	28.845
swarm_19_17.pdb	4.985	15.434	0.0769231	28.759
swarm_3_193.pdb	13.226	41.474	0	28.125
swarm_1_33.pdb	9.805	22.987	0	28.051
swarm_23_189.pdb	5.926	24.323	0.134615	27.723
swarm_13_86.pdb	11.234	18.439	0	27.619
swarm_12_188.pdb	14.296	28.127	0	27.486
swarm_19_187.pdb	2.372	10.107	0.461538	27.154
swarm_15_172.pdb	6.082	17.486	0.0961538	27.149
swarm_7_52.pdb	2.870	9.035	0.403846	26.579
swarm_1_191.pdb	10.531	37.047	0	26.098
swarm_22_172.pdb	16.054	30.854	0	25.702
swarm_3_14.pdb	10.318	25.593	0	25.667
swarm_24_23.pdb	8.201	13.647	0	25.656
swarm_1_3.pdb	6.657	25.035	0.0384615	24.867
swarm_14_47.pdb	12.830	18.230	0	24.661
swarm_25_103.pdb	9.000	16.444	0	24.070
swarm_23_14.pdb	10.649	28.285	0	23.697
swarm_15_72.pdb	8.663	20.208	0	23.665
swarm_6_29.pdb	5.770	22.955	0.153846	23.274
swarm_25_51.pdb	9.327	23.164	0	23.128
swarm_9_142.pdb	14.993	43.636	0	22.958
swarm_22_86.pdb	11.622	32.249	0	22.763
swarm_10_82.pdb	5.148	20.210	0.307692	22.246
swarm_8_31.pdb	10.725	30.741	0	21.930
swarm_10_145.pdb	9.068	31.039	0.0769231	21.652
swarm_10_36.pdb	6.525	26.260	0.153846	21.358
swarm_25_27.pdb	9.439	29.140	0	20.159
swarm_12_110.pdb	7.703	18.600	0	19.827
swarm_11_101.pdb	3.471	13.017	0.25	19.188
swarm_17_73.pdb	7.107	15.555	0	18.508
swarm_14_18.pdb	5.452	20.233	0.230769	17.238
swarm_20_177.pdb	5.071	18.213	0.25	16.346
