swarm_17_74.pdb	2.516	3.674	0.384615	48.374
swarm_30_35.pdb	2.571	5.212	0.519231	47.378
swarm_39_101.pdb	3.914	13.169	0.326923	43.693
swarm_33_191.pdb	2.392	3.420	0.384615	41.716
swarm_26_196.pdb	2.814	4.621	0.403846	39.541
swarm_5_79.pdb	11.033	33.208	0	37.996
swarm_5_101.pdb	14.682	45.894	0	37.502
swarm_33_121.pdb	4.558	14.637	0.192308	35.930
swarm_5_46.pdb	8.363	32.586	0.115385	35.423
swarm_4_121.pdb	7.275	26.387	0.288462	35.392
swarm_34_172.pdb	11.783	42.537	0	33.398
swarm_3_111.pdb	8.463	28.966	0.0384615	32.816
swarm_9_132.pdb	8.784	33.084	0.230769	32.534
swarm_27_98.pdb	7.380	22.740	0.0384615	32.524
swarm_39_42.pdb	7.157	26.599	0.134615	32.443
swarm_5_8.pdb	10.109	37.640	0.134615	31.255
swarm_30_78.pdb	4.045	8.942	0.230769	30.741
swarm_13_44.pdb	10.520	39.751	0.134615	30.631
swarm_11_180.pdb	10.169	41.006	0.0576923	30.588
swarm_17_120.pdb	5.128	9.296	0.0384615	30.096
swarm_39_33.pdb	7.427	22.989	0.0384615	30.000
swarm_7_101.pdb	15.807	48.814	0	29.749
swarm_22_109.pdb	6.172	19.016	0.192308	29.688
swarm_8_3.pdb	6.051	12.302	0.0192308	29.560
swarm_26_67.pdb	7.029	16.388	0	29.518
swarm_4_5.pdb	7.013	23.686	0.0769231	29.457
swarm_21_103.pdb	8.293	24.124	0.0576923	29.409
swarm_8_83.pdb	8.451	27.658	0.0769231	29.112
swarm_22_86.pdb	3.188	6.872	0.269231	29.110
swarm_13_95.pdb	12.981	44.588	0.0384615	29.029
swarm_19_89.pdb	11.092	41.123	0.0576923	28.791
swarm_36_114.pdb	5.774	18.048	0.173077	28.491
swarm_9_184.pdb	10.299	37.996	0.0769231	28.389
swarm_10_148.pdb	2.497	5.903	0.5	28.335
swarm_4_26.pdb	9.133	27.750	0.0192308	27.606
swarm_19_63.pdb	16.742	54.502	0	27.568
swarm_11_124.pdb	13.602	45.176	0	27.449
swarm_17_124.pdb	6.969	14.363	0	27.361
swarm_19_140.pdb	13.666	47.284	0	27.119
swarm_38_129.pdb	15.649	49.611	0	26.989
swarm_5_181.pdb	9.375	40.122	0.0576923	26.936
swarm_36_33.pdb	5.402	18.844	0.0769231	26.841
swarm_23_117.pdb	8.310	21.002	0	26.519
swarm_14_56.pdb	11.317	44.985	0	26.479
swarm_11_85.pdb	11.242	44.553	0.0384615	26.261
swarm_24_157.pdb	5.749	21.917	0.0769231	26.068
swarm_20_198.pdb	9.906	35.413	0	25.947
swarm_4_134.pdb	8.057	29.515	0.0384615	25.887
swarm_26_183.pdb	5.404	14.441	0.173077	25.659
swarm_13_153.pdb	14.672	47.408	0	25.627
swarm_13_130.pdb	10.107	42.593	0.0576923	25.516
swarm_29_142.pdb	10.633	34.104	0	25.358
swarm_19_149.pdb	12.700	48.049	0.0576923	25.107
swarm_33_197.pdb	7.228	19.579	0.0192308	25.045
swarm_25_4.pdb	18.195	54.477	0	24.889
swarm_39_128.pdb	8.199	29.727	0.0384615	24.746
swarm_36_40.pdb	6.144	25.706	0.0961538	24.494
swarm_23_22.pdb	7.526	25.049	0.134615	24.402
swarm_37_26.pdb	12.018	40.415	0	24.312
swarm_21_45.pdb	7.136	28.185	0.25	24.282
swarm_7_65.pdb	14.790	53.299	0.0192308	24.152
swarm_10_36.pdb	5.429	15.328	0.211538	24.109
swarm_22_152.pdb	7.021	18.245	0.0192308	24.100
swarm_33_168.pdb	6.357	14.223	0.0192308	23.986
swarm_36_130.pdb	5.530	22.171	0.211538	23.934
swarm_25_8.pdb	10.909	41.790	0	23.894
swarm_21_130.pdb	6.692	16.295	0.0192308	23.827
swarm_28_55.pdb	12.683	40.715	0	22.935
swarm_7_126.pdb	11.300	44.521	0	22.843
swarm_34_70.pdb	11.150	43.646	0.0192308	22.687
swarm_2_106.pdb	7.146	29.505	0.153846	22.599
swarm_40_176.pdb	8.644	34.875	0.0384615	22.584
swarm_34_76.pdb	12.738	48.214	0.0384615	22.462
swarm_31_114.pdb	11.052	42.448	0	22.396
swarm_27_147.pdb	5.360	14.561	0.134615	22.252
swarm_8_59.pdb	9.050	21.750	0	22.220
swarm_1_12.pdb	10.915	41.045	0.0576923	22.173
swarm_16_14.pdb	7.085	29.504	0.0961538	21.985
swarm_7_4.pdb	16.787	51.937	0	21.735
swarm_34_102.pdb	12.481	42.878	0	21.682
swarm_9_24.pdb	9.539	40.928	0.0384615	21.648
swarm_30_53.pdb	5.736	13.239	0.0576923	21.303
swarm_23_21.pdb	9.980	38.326	0.134615	21.275
swarm_37_5.pdb	10.703	43.430	0.0192308	21.143
swarm_18_192.pdb	10.734	43.574	0.0384615	20.925
swarm_27_53.pdb	6.719	18.627	0.0384615	20.880
swarm_8_1.pdb	4.408	15.218	0.365385	20.839
swarm_13_117.pdb	12.376	46.501	0.0384615	20.830
swarm_27_7.pdb	3.248	13.014	0.25	20.706
swarm_3_116.pdb	7.092	30.091	0.0961538	20.683
swarm_13_100.pdb	9.640	39.199	0.0576923	20.665
swarm_21_100.pdb	5.631	23.141	0.115385	20.659
swarm_1_172.pdb	8.377	31.852	0.115385	20.485
swarm_3_68.pdb	8.499	33.541	0.153846	19.986
swarm_40_102.pdb	12.324	43.830	0	19.980
swarm_21_58.pdb	5.280	12.299	0.0961538	19.934
swarm_26_79.pdb	6.072	20.628	0.25	19.477
swarm_10_145.pdb	8.926	25.208	0	19.426
swarm_33_15.pdb	7.103	25.509	0.0769231	19.395
swarm_22_125.pdb	4.554	16.814	0.211538	19.335
swarm_20_64.pdb	11.572	43.419	0.0384615	19.224
swarm_36_32.pdb	5.490	15.828	0.153846	19.182
swarm_0_152.pdb	10.614	39.408	0	18.861
swarm_37_177.pdb	13.415	50.172	0.0384615	18.756
swarm_28_77.pdb	10.846	38.731	0	18.604
swarm_3_147.pdb	8.346	33.300	0.0769231	18.583
swarm_40_35.pdb	9.335	40.456	0.0769231	18.574
swarm_1_48.pdb	11.632	45.429	0.0384615	18.487
swarm_27_33.pdb	4.289	10.430	0.192308	18.150
swarm_32_38.pdb	12.408	47.749	0	17.902
swarm_29_141.pdb	5.496	22.897	0.153846	17.877
swarm_27_63.pdb	4.681	18.072	0.230769	17.791
swarm_20_76.pdb	9.811	40.219	0.0192308	17.718
swarm_16_149.pdb	9.468	35.917	0.0576923	17.602
swarm_33_99.pdb	5.840	22.490	0.0961538	17.489
swarm_30_131.pdb	6.589	16.046	0.0384615	17.474
swarm_15_57.pdb	10.980	43.459	0	17.473
swarm_18_104.pdb	10.917	40.226	0	17.423
swarm_40_163.pdb	12.162	45.438	0.0576923	17.383
swarm_8_189.pdb	6.831	19.724	0.0192308	17.060
swarm_1_61.pdb	8.328	32.278	0.0769231	16.917
swarm_33_179.pdb	4.756	11.001	0.173077	16.826
swarm_12_67.pdb	12.686	46.676	0	16.805
swarm_4_71.pdb	8.280	31.375	0.0961538	16.387
swarm_12_55.pdb	11.779	44.383	0	16.373
swarm_21_198.pdb	4.358	15.098	0.269231	16.248
swarm_24_18.pdb	7.342	28.374	0.115385	15.973
swarm_9_186.pdb	10.786	42.212	0.0384615	15.947
swarm_29_6.pdb	6.544	25.706	0.115385	15.656
swarm_9_128.pdb	8.999	36.316	0.0769231	15.288
swarm_31_123.pdb	11.904	44.320	0.0192308	15.099
swarm_8_28.pdb	8.727	16.308	0	14.591
swarm_24_98.pdb	8.816	35.464	0.0192308	14.388
swarm_1_17.pdb	9.727	38.298	0.0384615	14.088
swarm_39_195.pdb	7.572	26.332	0.173077	13.791
swarm_29_162.pdb	10.339	33.155	0	13.684
swarm_4_13.pdb	5.419	21.479	0.173077	13.093
swarm_5_63.pdb	9.130	33.311	0	13.017
swarm_4_78.pdb	9.770	34.707	0.0384615	11.971
swarm_2_7.pdb	6.711	17.998	0	11.850
swarm_20_91.pdb	9.752	33.612	0.0576923	10.230
swarm_21_174.pdb	9.415	36.385	0.0769231	9.674
swarm_24_21.pdb	5.069	19.808	0.173077	9.195
swarm_9_101.pdb	7.379	28.908	0.115385	7.596
swarm_20_170.pdb	8.121	24.925	0	7.027
swarm_3_0.pdb	8.262	27.869	0	5.072
