swarm_58_17.pdb	18.383	32.453	0	54.488
swarm_6_73.pdb	20.714	42.633	0	49.650
swarm_28_1.pdb	16.328	33.969	0	45.482
swarm_12_38.pdb	16.861	39.423	0	43.889
swarm_9_147.pdb	15.138	33.215	0	43.544
swarm_22_183.pdb	18.944	35.095	0	43.324
swarm_44_11.pdb	17.764	30.073	0	41.872
swarm_59_155.pdb	14.996	31.440	0	41.511
swarm_31_0.pdb	18.446	36.865	0	41.348
swarm_64_117.pdb	14.925	31.355	0	41.151
swarm_38_75.pdb	16.038	29.297	0	41.123
swarm_10_26.pdb	15.172	27.922	0	39.031
swarm_32_194.pdb	12.476	24.999	0	38.939
swarm_8_60.pdb	20.501	38.549	0	38.803
swarm_64_108.pdb	6.360	16.509	0.288462	38.707
swarm_25_25.pdb	17.596	41.184	0	38.669
swarm_62_49.pdb	15.215	32.208	0	37.834
swarm_13_133.pdb	18.998	29.786	0	37.449
swarm_40_102.pdb	15.675	28.840	0	37.440
swarm_44_20.pdb	15.894	33.976	0	37.341
swarm_10_153.pdb	15.868	30.365	0	37.237
swarm_16_167.pdb	16.238	33.167	0	36.160
swarm_33_84.pdb	15.664	33.141	0	36.006
swarm_13_171.pdb	18.482	35.405	0	35.833
swarm_11_57.pdb	16.908	34.330	0	35.738
swarm_30_108.pdb	15.783	33.336	0	35.665
swarm_33_161.pdb	16.499	30.283	0	35.249
swarm_33_37.pdb	17.978	29.092	0	35.167
swarm_11_131.pdb	16.144	32.745	0	34.976
swarm_22_77.pdb	18.041	30.977	0	34.802
swarm_50_42.pdb	16.116	34.586	0	34.675
swarm_32_75.pdb	16.249	36.718	0	34.460
swarm_8_23.pdb	14.947	37.509	0	34.374
swarm_11_107.pdb	5.221	12.206	0.211538	34.347
swarm_31_55.pdb	15.209	32.521	0	34.274
swarm_22_187.pdb	19.680	31.197	0	34.020
swarm_6_121.pdb	19.025	42.612	0	33.945
swarm_37_144.pdb	7.341	19.225	0	33.903
swarm_9_83.pdb	18.028	39.927	0	33.900
swarm_22_63.pdb	10.713	21.172	0.0192308	33.837
swarm_4_147.pdb	17.138	39.336	0	33.795
swarm_5_153.pdb	16.822	32.392	0	33.750
swarm_58_15.pdb	19.248	30.855	0	33.684
swarm_16_90.pdb	19.658	43.872	0.0384615	33.651
swarm_43_36.pdb	16.146	38.436	0	33.649
swarm_14_42.pdb	20.699	43.498	0	33.559
swarm_16_35.pdb	19.551	32.627	0	33.379
swarm_58_20.pdb	4.877	13.271	0.173077	33.343
swarm_55_152.pdb	8.990	18.019	0.0576923	33.324
swarm_31_142.pdb	16.296	32.972	0	33.311
swarm_17_93.pdb	8.625	27.026	0.115385	33.295
swarm_2_158.pdb	3.633	15.071	0.442308	33.272
swarm_4_101.pdb	19.122	43.411	0.0576923	33.217
swarm_35_105.pdb	16.081	30.700	0	33.194
swarm_20_162.pdb	10.931	31.437	0.0576923	33.175
swarm_22_129.pdb	18.927	40.537	0	33.059
swarm_15_141.pdb	20.998	37.595	0	33.058
swarm_44_90.pdb	11.816	32.572	0	33.019
swarm_38_104.pdb	19.023	31.501	0	32.877
swarm_31_190.pdb	20.149	33.458	0	32.835
swarm_38_186.pdb	4.238	10.215	0.192308	32.773
swarm_35_94.pdb	15.276	31.095	0	32.743
swarm_55_161.pdb	18.251	29.824	0	32.681
swarm_15_116.pdb	21.080	35.772	0	32.623
swarm_59_53.pdb	18.639	35.380	0	32.576
swarm_33_142.pdb	16.668	31.931	0	32.537
swarm_62_116.pdb	11.163	27.733	0.0192308	32.476
swarm_54_74.pdb	14.827	27.261	0	32.431
swarm_64_156.pdb	5.281	19.170	0.173077	32.404
swarm_62_15.pdb	13.402	30.865	0	32.229
swarm_16_180.pdb	15.900	35.074	0	32.192
swarm_63_124.pdb	3.769	16.506	0.326923	32.172
swarm_50_81.pdb	10.711	21.220	0	32.143
swarm_34_176.pdb	16.946	38.648	0	32.102
swarm_55_26.pdb	16.035	28.752	0	31.954
swarm_8_84.pdb	19.567	39.631	0	31.886
swarm_1_155.pdb	15.850	29.198	0	31.803
swarm_33_138.pdb	11.084	27.995	0.0769231	31.801
swarm_0_198.pdb	18.290	40.438	0	31.700
swarm_58_88.pdb	17.762	33.403	0	31.586
swarm_11_198.pdb	5.878	13.903	0.0384615	31.534
swarm_13_156.pdb	11.370	26.540	0.0961538	31.522
swarm_62_142.pdb	10.867	26.253	0.0192308	31.435
swarm_17_122.pdb	13.971	35.750	0	31.424
swarm_16_193.pdb	16.608	29.040	0	31.351
swarm_30_25.pdb	18.598	43.165	0	31.320
swarm_35_121.pdb	15.189	34.878	0.0192308	31.226
swarm_47_104.pdb	16.028	36.085	0.0384615	31.108
swarm_23_6.pdb	19.025	44.474	0	31.104
swarm_15_149.pdb	11.234	24.985	0.0961538	31.070
swarm_18_167.pdb	21.324	44.697	0	31.050
swarm_24_57.pdb	19.279	33.139	0	31.035
swarm_5_58.pdb	14.635	34.179	0	30.956
swarm_33_49.pdb	19.167	29.928	0	30.915
swarm_1_44.pdb	14.221	31.034	0.0384615	30.875
swarm_62_101.pdb	16.509	33.859	0	30.748
swarm_38_48.pdb	16.795	33.069	0	30.711
swarm_1_172.pdb	5.501	11.135	0.0576923	30.681
swarm_18_12.pdb	21.301	43.045	0	30.617
swarm_64_127.pdb	15.661	30.880	0	30.430
swarm_6_191.pdb	19.129	33.365	0	30.380
swarm_59_41.pdb	5.578	10.526	0.0384615	30.348
swarm_64_57.pdb	19.873	31.808	0	30.309
swarm_16_131.pdb	18.058	35.303	0	30.196
swarm_37_47.pdb	20.657	40.677	0.0192308	30.147
swarm_16_130.pdb	17.168	38.089	0	30.134
swarm_10_56.pdb	17.974	45.298	0.0192308	30.125
swarm_29_159.pdb	23.273	45.454	0	30.114
swarm_17_109.pdb	18.810	40.624	0.0384615	30.056
swarm_43_124.pdb	20.378	40.785	0	29.987
swarm_32_94.pdb	11.164	26.782	0	29.979
swarm_19_148.pdb	18.759	46.876	0	29.864
swarm_19_12.pdb	19.209	37.036	0	29.814
swarm_12_105.pdb	21.053	46.139	0	29.692
swarm_14_55.pdb	18.410	31.744	0	29.598
swarm_35_196.pdb	16.507	33.921	0	29.492
swarm_64_45.pdb	18.949	33.547	0	29.422
swarm_34_140.pdb	19.147	34.948	0	29.310
swarm_68_161.pdb	22.817	49.620	0	29.296
swarm_63_66.pdb	20.457	36.043	0	29.246
swarm_13_24.pdb	15.587	30.340	0	29.210
swarm_43_138.pdb	18.629	42.616	0.0769231	29.201
swarm_12_87.pdb	21.626	39.371	0	29.151
swarm_4_123.pdb	17.060	39.794	0	29.141
swarm_37_55.pdb	16.988	35.162	0	29.128
swarm_26_135.pdb	17.424	42.531	0.0576923	29.121
swarm_27_119.pdb	17.472	40.898	0	29.086
swarm_37_96.pdb	19.651	34.745	0	29.078
swarm_14_144.pdb	18.916	31.392	0	29.072
swarm_55_99.pdb	20.024	35.396	0	28.991
swarm_30_168.pdb	16.638	36.575	0	28.959
swarm_2_184.pdb	21.439	42.389	0	28.938
swarm_34_155.pdb	19.032	41.075	0	28.888
swarm_30_23.pdb	17.650	39.484	0	28.873
swarm_64_170.pdb	8.737	18.040	0	28.872
swarm_4_41.pdb	18.852	42.578	0	28.857
swarm_5_111.pdb	9.273	23.147	0	28.716
swarm_16_173.pdb	16.955	39.158	0	28.615
swarm_40_64.pdb	13.912	27.381	0	28.595
swarm_31_23.pdb	17.772	37.754	0	28.576
swarm_34_30.pdb	17.724	39.546	0	28.559
swarm_35_199.pdb	15.816	34.032	0	28.517
swarm_28_39.pdb	18.584	41.170	0	28.497
swarm_3_64.pdb	21.539	52.821	0	28.491
swarm_61_62.pdb	17.691	38.934	0	28.424
swarm_15_173.pdb	18.344	33.015	0	28.374
swarm_35_52.pdb	11.963	29.254	0.0961538	28.352
swarm_14_164.pdb	17.231	36.720	0	28.291
swarm_33_61.pdb	18.654	33.296	0	28.263
swarm_10_8.pdb	17.932	36.313	0	28.219
swarm_62_6.pdb	19.959	31.596	0	28.150
swarm_23_114.pdb	18.662	47.472	0	28.079
swarm_62_27.pdb	14.688	24.012	0	28.063
swarm_57_159.pdb	16.433	39.587	0.0192308	28.062
swarm_54_9.pdb	16.879	35.896	0	28.047
swarm_34_13.pdb	20.849	41.057	0	28.042
swarm_59_188.pdb	18.646	39.785	0.0384615	28.038
swarm_43_50.pdb	16.996	36.267	0	28.013
swarm_55_8.pdb	19.254	34.488	0	28.004
swarm_32_78.pdb	8.227	18.188	0	28.004
swarm_10_158.pdb	18.711	40.301	0	28.004
swarm_20_100.pdb	19.529	39.832	0	27.971
swarm_31_105.pdb	17.723	38.171	0	27.959
swarm_39_19.pdb	18.757	44.887	0	27.954
swarm_54_90.pdb	15.742	37.255	0.115385	27.863
swarm_44_34.pdb	19.465	37.980	0	27.808
swarm_31_121.pdb	17.829	34.894	0	27.786
swarm_2_197.pdb	18.494	33.339	0	27.785
swarm_32_112.pdb	9.790	18.190	0	27.765
swarm_5_169.pdb	17.292	36.835	0	27.748
swarm_6_75.pdb	15.100	42.804	0.0961538	27.719
swarm_13_169.pdb	18.254	40.038	0.0192308	27.717
swarm_34_143.pdb	19.457	45.016	0	27.696
swarm_29_190.pdb	17.738	30.824	0	27.655
swarm_2_63.pdb	19.234	35.122	0	27.647
swarm_32_21.pdb	20.911	43.120	0	27.643
swarm_12_153.pdb	19.691	34.229	0	27.603
swarm_50_51.pdb	19.801	34.935	0	27.573
swarm_5_17.pdb	16.922	34.331	0	27.556
swarm_10_193.pdb	20.899	41.421	0	27.551
swarm_18_172.pdb	21.972	52.553	0	27.543
swarm_1_76.pdb	16.919	32.247	0	27.464
swarm_51_154.pdb	12.813	32.919	0	27.417
swarm_14_25.pdb	20.375	33.308	0	27.409
swarm_59_104.pdb	15.790	36.242	0.0576923	27.386
swarm_1_166.pdb	18.672	36.844	0	27.378
swarm_44_180.pdb	19.624	38.277	0	27.362
swarm_62_111.pdb	17.882	36.121	0	27.302
swarm_28_191.pdb	21.776	50.322	0	27.299
swarm_51_139.pdb	19.479	43.837	0	27.253
swarm_29_9.pdb	19.354	35.523	0	27.225
swarm_54_49.pdb	9.210	26.661	0.0192308	27.202
swarm_17_150.pdb	19.710	42.341	0	27.096
swarm_4_104.pdb	16.364	33.848	0	27.081
swarm_24_163.pdb	8.388	26.357	0.153846	26.997
swarm_57_168.pdb	13.374	31.018	0	26.977
swarm_29_187.pdb	18.382	46.111	0.115385	26.952
swarm_31_111.pdb	16.651	29.647	0	26.885
swarm_42_18.pdb	19.066	41.749	0	26.826
swarm_3_131.pdb	19.891	34.586	0	26.785
swarm_58_129.pdb	10.502	18.597	0	26.735
swarm_24_185.pdb	15.885	26.954	0	26.718
swarm_35_82.pdb	22.153	40.673	0	26.711
swarm_13_26.pdb	11.798	27.558	0	26.675
swarm_32_178.pdb	19.878	39.981	0	26.672
swarm_44_148.pdb	18.474	40.630	0.0384615	26.636
swarm_2_109.pdb	4.196	11.122	0.25	26.626
swarm_22_20.pdb	19.410	41.813	0	26.541
swarm_28_162.pdb	15.388	34.809	0	26.524
swarm_4_173.pdb	19.406	42.164	0.0384615	26.503
swarm_13_1.pdb	18.267	38.607	0.0192308	26.400
swarm_17_35.pdb	14.634	37.287	0.0961538	26.382
swarm_15_98.pdb	17.769	29.727	0	26.363
swarm_20_127.pdb	19.528	43.716	0	26.340
swarm_24_31.pdb	20.309	42.506	0	26.329
swarm_5_104.pdb	12.500	29.227	0	26.324
swarm_32_49.pdb	21.271	35.592	0	26.246
swarm_42_20.pdb	15.339	38.276	0	26.197
swarm_36_166.pdb	16.232	40.526	0	26.129
swarm_15_103.pdb	17.753	29.287	0	26.116
swarm_38_39.pdb	19.504	40.091	0	26.091
swarm_18_126.pdb	17.308	43.796	0.0192308	26.091
swarm_17_146.pdb	17.621	38.656	0	26.070
swarm_18_132.pdb	19.618	41.688	0	26.004
swarm_43_49.pdb	19.332	39.169	0	25.996
swarm_38_72.pdb	18.539	36.954	0	25.987
swarm_31_185.pdb	15.634	37.017	0.153846	25.906
swarm_13_167.pdb	19.570	34.107	0	25.904
swarm_5_115.pdb	17.894	30.296	0	25.838
swarm_29_26.pdb	19.894	42.770	0	25.822
swarm_1_137.pdb	15.850	32.520	0	25.809
swarm_61_76.pdb	17.787	42.786	0	25.688
swarm_15_25.pdb	18.570	33.781	0	25.656
swarm_28_68.pdb	20.165	47.025	0	25.620
swarm_18_180.pdb	21.439	45.417	0	25.520
swarm_29_120.pdb	15.535	32.304	0	25.462
swarm_33_155.pdb	17.261	34.995	0	25.393
swarm_5_124.pdb	19.556	38.665	0	25.388
swarm_6_174.pdb	15.809	32.668	0	25.370
swarm_15_99.pdb	17.832	37.617	0	25.359
swarm_54_97.pdb	10.414	25.554	0	25.217
swarm_5_40.pdb	19.775	38.894	0	25.164
swarm_5_135.pdb	18.150	39.925	0	25.136
swarm_15_169.pdb	22.858	42.682	0	25.112
swarm_4_166.pdb	16.924	35.122	0	25.090
swarm_17_106.pdb	17.242	41.120	0.0576923	25.044
swarm_13_153.pdb	7.373	19.980	0.0384615	24.993
swarm_34_85.pdb	21.426	43.567	0	24.982
swarm_36_125.pdb	17.452	48.319	0	24.981
swarm_20_86.pdb	15.120	42.592	0	24.905
swarm_32_165.pdb	19.538	40.806	0	24.850
swarm_55_82.pdb	16.551	37.103	0.153846	24.735
swarm_40_41.pdb	12.911	28.559	0	24.715
swarm_16_155.pdb	19.084	41.252	0	24.706
swarm_35_106.pdb	18.380	38.543	0	24.703
swarm_13_16.pdb	17.921	30.435	0	24.687
swarm_17_78.pdb	9.738	27.087	0.0192308	24.671
swarm_32_154.pdb	19.509	45.377	0.134615	24.668
swarm_38_190.pdb	16.813	29.037	0	24.649
swarm_31_14.pdb	15.654	27.397	0	24.644
swarm_30_137.pdb	9.692	23.720	0	24.561
swarm_24_6.pdb	20.590	33.275	0	24.540
swarm_31_41.pdb	7.924	21.892	0	24.539
swarm_10_103.pdb	20.425	42.314	0	24.512
swarm_19_155.pdb	20.875	46.285	0	24.511
swarm_39_147.pdb	15.048	42.408	0	24.496
swarm_26_12.pdb	17.764	41.067	0.0192308	24.435
swarm_27_149.pdb	18.490	38.635	0	24.407
swarm_34_43.pdb	20.131	42.675	0	24.399
swarm_38_55.pdb	16.784	35.459	0	24.331
swarm_66_152.pdb	14.902	32.251	0	24.325
swarm_19_69.pdb	19.438	48.111	0	24.308
swarm_43_198.pdb	18.024	35.589	0	24.285
swarm_31_30.pdb	4.848	15.485	0.326923	24.270
swarm_0_107.pdb	22.922	46.511	0	24.219
swarm_59_62.pdb	11.386	19.745	0	24.205
swarm_9_139.pdb	7.969	17.228	0	24.202
swarm_35_99.pdb	17.414	32.644	0	24.083
swarm_28_62.pdb	19.377	37.639	0	24.032
swarm_35_144.pdb	16.891	35.402	0	24.018
swarm_13_93.pdb	18.414	38.847	0.0769231	23.983
swarm_25_180.pdb	16.782	33.395	0	23.960
swarm_13_91.pdb	20.876	40.176	0	23.955
swarm_62_179.pdb	9.797	22.087	0.0384615	23.932
swarm_30_167.pdb	18.245	34.942	0	23.887
swarm_18_14.pdb	16.898	40.169	0.0192308	23.868
swarm_35_51.pdb	5.701	14.121	0.0961538	23.828
swarm_44_23.pdb	19.280	43.012	0.0384615	23.822
swarm_30_83.pdb	16.249	34.880	0	23.820
swarm_44_148.pdb	13.666	29.745	0	23.789
swarm_54_124.pdb	11.279	26.964	0.153846	23.709
swarm_45_38.pdb	22.340	47.892	0	23.634
swarm_24_28.pdb	20.788	41.108	0	23.612
swarm_63_121.pdb	18.573	43.597	0.0192308	23.488
swarm_10_195.pdb	8.025	20.132	0.153846	23.472
swarm_45_116.pdb	24.687	51.320	0	23.467
swarm_54_170.pdb	18.109	36.272	0	23.449
swarm_10_188.pdb	14.511	25.954	0	23.386
swarm_35_22.pdb	17.528	37.429	0	23.346
swarm_41_151.pdb	17.988	46.655	0	23.345
swarm_30_4.pdb	18.339	37.054	0	23.322
swarm_55_176.pdb	16.099	35.867	0.0192308	23.271
swarm_59_185.pdb	19.102	33.127	0	23.264
swarm_20_77.pdb	20.782	47.275	0	23.261
swarm_35_50.pdb	12.026	29.052	0	23.239
swarm_55_102.pdb	17.221	30.594	0	23.205
swarm_37_84.pdb	13.967	33.752	0	23.146
swarm_5_109.pdb	19.378	35.419	0	23.098
swarm_54_3.pdb	18.925	37.810	0	23.045
swarm_55_125.pdb	15.363	28.976	0	23.012
swarm_8_1.pdb	21.271	45.718	0	22.979
swarm_64_63.pdb	13.839	33.215	0.115385	22.971
swarm_14_185.pdb	9.088	24.724	0	22.955
swarm_52_45.pdb	19.560	42.490	0	22.855
swarm_2_16.pdb	11.856	29.611	0.0576923	22.849
swarm_24_139.pdb	20.626	37.469	0	22.780
swarm_13_139.pdb	18.414	37.180	0	22.778
swarm_18_64.pdb	18.438	36.970	0	22.768
swarm_33_157.pdb	12.926	20.979	0	22.749
swarm_6_135.pdb	22.040	37.173	0	22.728
swarm_1_144.pdb	15.776	34.027	0	22.714
swarm_30_110.pdb	19.300	38.847	0	22.684
swarm_32_163.pdb	9.822	20.980	0	22.650
swarm_13_161.pdb	9.762	25.148	0.0961538	22.611
swarm_10_138.pdb	19.356	39.765	0	22.551
swarm_44_166.pdb	17.345	35.676	0	22.513
swarm_59_178.pdb	18.135	38.209	0	22.488
swarm_15_150.pdb	18.878	39.497	0	22.487
swarm_29_6.pdb	18.863	38.913	0	22.462
swarm_61_197.pdb	17.619	35.034	0	22.457
swarm_10_187.pdb	14.200	32.223	0	22.407
swarm_44_4.pdb	21.546	40.237	0	22.343
swarm_57_63.pdb	12.644	24.338	0	22.220
swarm_15_126.pdb	15.486	30.936	0	22.216
swarm_56_150.pdb	15.084	39.138	0	22.199
swarm_64_118.pdb	19.591	31.712	0	22.069
swarm_10_132.pdb	19.186	39.637	0	22.069
swarm_44_185.pdb	19.128	37.692	0	22.060
swarm_39_131.pdb	17.872	41.641	0	22.040
swarm_4_56.pdb	16.015	38.786	0.0192308	21.997
swarm_38_191.pdb	17.416	30.623	0	21.984
swarm_10_48.pdb	17.710	43.198	0.0384615	21.881
swarm_20_111.pdb	15.421	35.934	0	21.877
swarm_44_134.pdb	14.456	33.239	0.0384615	21.853
swarm_14_20.pdb	19.495	47.057	0.173077	21.851
swarm_33_66.pdb	20.730	38.115	0	21.846
swarm_54_168.pdb	7.291	28.281	0.346154	21.821
swarm_26_77.pdb	17.319	30.061	0	21.765
swarm_28_119.pdb	14.164	37.803	0	21.710
swarm_37_148.pdb	21.197	39.029	0	21.700
swarm_50_54.pdb	7.494	21.105	0.134615	21.695
swarm_44_80.pdb	19.498	40.629	0.0192308	21.653
swarm_29_3.pdb	19.176	33.279	0	21.652
swarm_37_103.pdb	19.330	39.239	0	21.650
swarm_45_137.pdb	22.850	50.118	0	21.635
swarm_20_151.pdb	17.970	36.530	0	21.592
swarm_44_48.pdb	3.901	14.499	0.403846	21.582
swarm_21_49.pdb	14.036	40.372	0	21.497
swarm_40_75.pdb	16.514	48.276	0	21.496
swarm_43_29.pdb	21.461	45.413	0	21.436
swarm_28_105.pdb	17.693	42.330	0	21.415
swarm_17_83.pdb	20.580	38.636	0	21.377
swarm_30_69.pdb	16.128	40.107	0.0961538	21.316
swarm_35_16.pdb	20.316	39.030	0	21.247
swarm_32_140.pdb	14.772	40.000	0.115385	21.231
swarm_57_6.pdb	9.924	26.150	0	21.221
swarm_27_144.pdb	14.506	30.864	0	21.212
swarm_7_65.pdb	16.580	37.976	0	21.096
swarm_28_93.pdb	13.688	31.555	0	21.034
swarm_30_171.pdb	18.003	35.470	0	21.014
swarm_35_15.pdb	17.711	36.326	0	20.811
swarm_15_9.pdb	17.591	36.707	0	20.755
swarm_42_109.pdb	20.468	43.920	0	20.712
swarm_39_67.pdb	20.042	43.239	0	20.680
swarm_45_6.pdb	16.799	42.074	0	20.558
swarm_16_2.pdb	13.578	33.351	0	20.430
swarm_58_7.pdb	13.090	31.934	0.0192308	20.274
swarm_8_121.pdb	15.905	38.982	0	20.250
swarm_16_103.pdb	20.287	45.017	0	20.183
swarm_44_149.pdb	15.414	27.222	0	20.143
swarm_22_98.pdb	17.891	37.955	0	20.115
swarm_31_75.pdb	9.048	23.928	0.134615	20.113
swarm_1_177.pdb	22.501	54.024	0	20.091
swarm_30_46.pdb	20.125	41.102	0	20.061
swarm_11_141.pdb	19.393	29.727	0	20.042
swarm_13_14.pdb	17.049	39.648	0	20.011
swarm_43_177.pdb	19.639	40.125	0	19.963
swarm_10_96.pdb	17.434	36.023	0	19.851
swarm_16_195.pdb	17.534	37.972	0	19.836
swarm_61_29.pdb	19.033	47.142	0.0769231	19.777
swarm_34_197.pdb	11.743	35.434	0	19.725
swarm_20_120.pdb	11.488	34.862	0	19.649
swarm_10_90.pdb	17.665	39.429	0	19.597
swarm_10_112.pdb	12.950	28.613	0.0192308	19.588
swarm_30_187.pdb	13.399	33.890	0.0192308	19.499
swarm_29_108.pdb	12.004	23.942	0	19.450
swarm_43_60.pdb	21.124	37.887	0	19.375
swarm_22_181.pdb	14.622	27.613	0.0192308	19.326
swarm_30_133.pdb	15.425	30.951	0	19.287
swarm_25_91.pdb	20.653	43.653	0	19.215
swarm_38_177.pdb	6.177	14.148	0.134615	19.135
swarm_26_21.pdb	13.767	42.983	0	19.085
swarm_58_54.pdb	20.792	31.784	0	19.046
swarm_10_135.pdb	19.951	41.619	0	19.013
swarm_58_70.pdb	18.632	35.506	0	18.911
swarm_27_14.pdb	12.822	32.682	0.230769	18.899
swarm_14_146.pdb	13.790	32.961	0	18.896
swarm_5_147.pdb	16.751	40.611	0.0961538	18.893
swarm_2_19.pdb	16.286	26.748	0	18.858
swarm_10_47.pdb	20.751	45.480	0	18.856
swarm_10_69.pdb	14.584	32.314	0	18.808
swarm_39_57.pdb	18.782	50.493	0	18.793
swarm_31_137.pdb	22.376	40.066	0	18.747
swarm_43_42.pdb	17.725	48.447	0	18.645
swarm_25_65.pdb	22.822	39.510	0	18.523
swarm_32_66.pdb	19.260	40.153	0	18.410
swarm_25_92.pdb	21.798	50.643	0	18.404
swarm_30_46.pdb	20.339	33.810	0	18.358
swarm_29_22.pdb	19.398	47.108	0.211538	18.300
swarm_40_31.pdb	22.545	57.721	0	18.273
swarm_27_51.pdb	20.978	46.214	0.0961538	18.207
swarm_42_122.pdb	16.718	44.536	0	18.205
swarm_44_83.pdb	20.861	34.344	0	18.170
swarm_29_121.pdb	12.527	21.066	0	18.044
swarm_62_73.pdb	2.431	8.311	0.346154	18.012
swarm_18_96.pdb	19.736	44.097	0	17.955
swarm_15_181.pdb	17.631	29.000	0	17.908
swarm_33_194.pdb	9.895	19.895	0	17.903
swarm_18_173.pdb	17.175	44.676	0	17.881
swarm_10_109.pdb	14.296	37.463	0	17.832
swarm_10_145.pdb	11.388	20.189	0	17.788
swarm_26_26.pdb	15.204	39.100	0	17.565
swarm_14_160.pdb	11.649	21.202	0	17.390
swarm_39_156.pdb	23.508	41.115	0	17.356
swarm_28_170.pdb	20.251	42.446	0	17.344
swarm_32_24.pdb	17.068	37.723	0	17.292
swarm_24_72.pdb	21.638	39.578	0	17.287
swarm_0_158.pdb	15.237	37.407	0	17.260
swarm_20_107.pdb	21.255	51.588	0.0576923	17.195
swarm_25_131.pdb	22.387	45.684	0	17.110
swarm_31_16.pdb	8.379	20.404	0.0576923	17.103
swarm_10_99.pdb	15.585	34.001	0	17.074
swarm_15_5.pdb	16.416	33.225	0	16.687
swarm_51_134.pdb	19.168	39.857	0	16.678
swarm_2_180.pdb	16.916	34.488	0	16.646
swarm_21_119.pdb	19.390	45.573	0	16.642
swarm_21_142.pdb	19.344	46.722	0	16.502
swarm_20_55.pdb	18.392	43.070	0	16.323
swarm_5_13.pdb	15.004	34.252	0	16.275
swarm_43_144.pdb	19.067	43.866	0	16.246
swarm_5_178.pdb	11.178	22.525	0	16.227
swarm_54_169.pdb	5.177	17.665	0.115385	16.070
swarm_26_88.pdb	21.674	52.841	0	15.953
swarm_32_68.pdb	19.361	37.655	0	15.862
swarm_5_88.pdb	18.554	36.812	0	15.611
swarm_4_168.pdb	8.474	23.706	0.0769231	15.559
swarm_1_134.pdb	15.053	33.090	0	15.357
swarm_2_185.pdb	6.642	20.445	0.0769231	15.246
swarm_10_180.pdb	17.058	46.332	0.0576923	14.849
swarm_35_126.pdb	16.020	32.700	0	14.707
swarm_18_32.pdb	18.000	45.145	0.0769231	14.593
swarm_42_85.pdb	20.168	43.170	0	14.519
swarm_12_25.pdb	20.407	51.146	0	14.155
swarm_23_182.pdb	21.379	52.697	0	13.800
swarm_20_21.pdb	16.631	50.379	0	13.541
swarm_48_126.pdb	21.951	52.738	0	13.417
swarm_21_155.pdb	11.723	24.284	0	13.194
swarm_5_20.pdb	5.169	18.846	0.0769231	13.098
swarm_12_118.pdb	21.453	54.252	0	13.029
swarm_38_22.pdb	20.302	37.032	0	12.698
swarm_24_42.pdb	21.584	40.108	0	12.477
swarm_24_40.pdb	22.382	49.550	0	12.403
swarm_6_38.pdb	18.231	42.176	0.0576923	12.293
swarm_34_58.pdb	17.379	48.573	0.192308	12.019
swarm_57_158.pdb	10.472	20.101	0	11.977
swarm_54_139.pdb	20.635	43.452	0	11.687
swarm_1_37.pdb	17.376	33.616	0	11.462
swarm_26_165.pdb	20.004	46.265	0.0192308	11.413
swarm_5_157.pdb	14.072	28.332	0	10.695
swarm_10_9.pdb	18.498	37.835	0	10.421
swarm_55_132.pdb	15.074	31.138	0	9.767
swarm_1_196.pdb	19.068	35.595	0	8.147
swarm_25_113.pdb	21.869	50.542	0	8.062
swarm_44_133.pdb	12.943	29.923	0	7.665
swarm_30_165.pdb	18.513	41.151	0.0192308	7.069
swarm_28_161.pdb	17.295	39.361	0.0192308	5.116
swarm_68_129.pdb	21.809	38.302	0	4.706
