run0-swarm_40_193.pdb	4.933	10.092	0.134615	50.860
run0-swarm_9_131.pdb	4.475	13.818	0.192308	48.131
run1-swarm_1_97.pdb	5.835	9.905	0.0384615	47.904
run0-swarm_11_72.pdb	4.473	8.089	0.211538	46.741
run1-swarm_66_168.pdb	6.170	11.197	0.0384615	46.692
run0-swarm_11_164.pdb	3.869	12.426	0.346154	46.287
run0-swarm_33_4.pdb	2.095	3.169	0.461538	46.209
run1-swarm_28_105.pdb	4.016	8.878	0.288462	44.766
run0-swarm_17_50.pdb	3.929	17.824	0.326923	43.504
run1-swarm_24_117.pdb	5.076	10.381	0.115385	43.490
run1-swarm_63_47.pdb	3.595	11.904	0.326923	42.996
run0-swarm_16_89.pdb	6.907	19.038	0	42.941
run1-swarm_10_133.pdb	4.028	18.282	0.307692	42.875
run0-swarm_15_117.pdb	4.787	11.965	0.115385	41.573
run0-swarm_38_180.pdb	4.960	9.846	0.0576923	40.792
run0-swarm_5_145.pdb	5.709	14.589	0.0769231	40.427
run1-swarm_62_92.pdb	1.719	3.687	0.557692	39.980
run1-swarm_30_81.pdb	5.145	10.829	0.0576923	39.927
run1-swarm_50_74.pdb	2.647	7.568	0.403846	39.245
run1-swarm_64_106.pdb	3.843	11.322	0.25	39.092
run0-swarm_7_41.pdb	8.701	31.750	0.0769231	39.060
run0-swarm_42_64.pdb	7.622	27.949	0.0192308	38.897
run0-swarm_38_135.pdb	5.840	11.014	0.0384615	38.661
run1-swarm_62_34.pdb	5.726	11.116	0.0384615	37.634
run1-swarm_27_3.pdb	9.402	19.036	0	37.571
run0-swarm_2_78.pdb	5.683	18.680	0.0961538	37.535
run1-swarm_59_72.pdb	3.524	14.525	0.365385	37.219
run1-swarm_51_84.pdb	8.551	27.580	0	36.935
run0-swarm_22_135.pdb	3.985	11.285	0.269231	36.826
run1-swarm_54_41.pdb	8.433	17.310	0	36.801
run0-swarm_31_146.pdb	5.653	19.203	0.288462	36.758
run1-swarm_32_168.pdb	6.334	17.418	0.0576923	36.724
run1-swarm_59_157.pdb	8.396	23.943	0.0384615	36.557
run1-swarm_55_119.pdb	8.461	15.178	0	36.557
run1-swarm_10_60.pdb	4.311	11.569	0.173077	36.521
run1-swarm_66_146.pdb	6.812	19.520	0.0192308	36.486
run1-swarm_58_79.pdb	7.007	13.217	0.0576923	36.393
run1-swarm_31_116.pdb	7.643	13.528	0	36.332
run1-swarm_29_54.pdb	7.307	13.298	0.0192308	36.312
run0-swarm_23_196.pdb	8.849	29.487	0	36.264
run1-swarm_14_153.pdb	7.720	15.444	0	36.130
run1-swarm_2_174.pdb	4.273	19.512	0.307692	36.068
run1-swarm_61_53.pdb	9.362	26.701	0.0192308	36.006
run1-swarm_35_68.pdb	5.080	22.885	0.173077	35.957
run1-swarm_0_20.pdb	9.109	33.646	0	35.919
run1-swarm_44_28.pdb	7.593	13.544	0.0192308	35.662
run0-swarm_38_42.pdb	2.380	5.072	0.365385	35.259
run1-swarm_47_13.pdb	8.658	36.300	0.0192308	35.249
run0-swarm_40_39.pdb	4.486	12.450	0.365385	35.234
run0-swarm_9_148.pdb	6.142	20.191	0.115385	34.911
run1-swarm_63_162.pdb	6.262	26.038	0.0192308	34.842
run1-swarm_57_129.pdb	10.227	20.844	0	34.822
run0-swarm_14_17.pdb	8.424	25.973	0	34.741
run0-swarm_13_178.pdb	5.536	17.557	0.230769	34.674
run1-swarm_64_134.pdb	4.700	14.576	0.0961538	34.374
run1-swarm_28_79.pdb	2.708	12.051	0.461538	34.124
run1-swarm_5_31.pdb	9.544	21.509	0	34.122
run1-swarm_38_51.pdb	6.275	26.166	0.0192308	34.012
run1-swarm_19_39.pdb	6.225	16.837	0	33.850
run1-swarm_32_141.pdb	11.054	32.788	0	33.808
run0-swarm_10_124.pdb	8.149	29.238	0.211538	33.800
run1-swarm_14_143.pdb	10.309	19.518	0	33.633
run1-swarm_29_34.pdb	9.569	20.810	0	33.595
run0-swarm_38_184.pdb	5.275	15.438	0.269231	33.338
run1-swarm_24_12.pdb	4.189	19.614	0.288462	33.334
run1-swarm_20_167.pdb	7.181	28.256	0	33.332
run0-swarm_11_198.pdb	9.802	18.475	0	33.288
run0-swarm_6_115.pdb	7.170	21.336	0.134615	33.133
run0-swarm_22_38.pdb	5.236	11.367	0.0769231	33.020
run0-swarm_8_75.pdb	9.706	34.934	0	32.904
run0-swarm_43_130.pdb	9.146	36.404	0.25	32.807
run0-swarm_13_184.pdb	6.546	27.263	0.346154	32.405
run1-swarm_16_73.pdb	6.714	30.291	0.0769231	32.324
run0-swarm_18_20.pdb	9.144	36.125	0.173077	32.317
run1-swarm_44_86.pdb	3.208	7.360	0.384615	32.305
run0-swarm_33_134.pdb	4.159	12.017	0.25	32.207
run1-swarm_19_176.pdb	6.984	28.488	0.0384615	32.144
run0-swarm_31_85.pdb	5.215	13.671	0.0384615	32.108
run1-swarm_13_93.pdb	10.161	31.655	0	32.085
run0-swarm_33_152.pdb	4.536	16.202	0.326923	31.914
run0-swarm_18_151.pdb	7.604	29.571	0.365385	31.886
run1-swarm_39_107.pdb	9.089	21.936	0	31.595
run1-swarm_21_116.pdb	15.120	49.741	0	31.490
run1-swarm_4_188.pdb	9.323	23.583	0	31.349
run0-swarm_4_142.pdb	6.988	24.124	0.0576923	31.133
run0-swarm_30_141.pdb	7.379	28.965	0.326923	31.044
run0-swarm_34_15.pdb	7.984	23.972	0.0576923	30.948
run1-swarm_34_46.pdb	12.973	30.167	0	30.930
run1-swarm_20_180.pdb	5.039	18.728	0.0961538	30.917
run0-swarm_28_160.pdb	9.123	36.806	0.173077	30.766
run1-swarm_17_196.pdb	5.043	14.178	0.0961538	30.651
run0-swarm_29_15.pdb	11.325	45.486	0.134615	30.562
run1-swarm_1_6.pdb	2.697	8.136	0.403846	30.466
run1-swarm_33_184.pdb	6.676	28.013	0.0192308	30.366
run1-swarm_52_5.pdb	10.257	29.193	0	30.307
run1-swarm_43_36.pdb	13.708	40.508	0	30.174
run0-swarm_36_174.pdb	11.397	40.391	0	30.112
run0-swarm_28_29.pdb	9.193	32.898	0.115385	29.917
run1-swarm_5_92.pdb	7.853	13.648	0	29.902
run0-swarm_42_172.pdb	10.880	31.045	0	29.558
run1-swarm_62_189.pdb	6.345	11.879	0.0192308	29.547
run1-swarm_4_160.pdb	10.344	19.876	0	29.448
run0-swarm_45_124.pdb	11.984	42.512	0	29.436
run1-swarm_44_161.pdb	6.433	15.656	0.269231	29.413
run0-swarm_8_49.pdb	8.009	24.285	0	29.392
run1-swarm_26_8.pdb	9.709	21.808	0	29.343
run1-swarm_55_139.pdb	4.826	13.685	0.0576923	29.330
run0-swarm_43_145.pdb	8.302	23.636	0	29.312
run0-swarm_2_27.pdb	8.569	25.468	0	29.252
run0-swarm_16_196.pdb	11.039	29.408	0	29.247
run0-swarm_2_195.pdb	9.494	25.279	0	29.243
run0-swarm_43_100.pdb	8.322	32.322	0.230769	29.209
run0-swarm_22_102.pdb	8.315	13.265	0	29.087
run0-swarm_8_131.pdb	7.679	30.739	0.134615	28.891
run1-swarm_59_150.pdb	5.482	14.014	0.0576923	28.859
run1-swarm_22_169.pdb	8.446	34.393	0	28.816
run1-swarm_55_77.pdb	6.931	17.357	0.0576923	28.683
run1-swarm_49_151.pdb	14.203	42.420	0	28.654
run0-swarm_30_142.pdb	7.261	22.970	0.134615	28.644
run0-swarm_28_163.pdb	11.346	40.864	0	28.569
run0-swarm_45_16.pdb	9.545	37.462	0.0769231	28.501
run1-swarm_29_151.pdb	9.823	17.145	0	28.380
run0-swarm_37_87.pdb	6.629	22.925	0.0384615	28.255
run0-swarm_35_31.pdb	5.287	19.605	0.346154	28.090
run1-swarm_30_56.pdb	4.900	19.994	0.115385	28.086
run1-swarm_2_179.pdb	6.388	26.399	0.0384615	27.965
run0-swarm_32_2.pdb	9.085	31.274	0.0769231	27.858
run0-swarm_2_196.pdb	8.668	23.937	0	27.821
run0-swarm_15_81.pdb	6.772	18.029	0.0384615	27.816
run0-swarm_15_131.pdb	6.698	24.113	0.269231	27.753
run1-swarm_34_137.pdb	9.522	24.868	0	27.706
run0-swarm_7_149.pdb	5.860	18.014	0.0384615	27.674
run0-swarm_33_169.pdb	5.380	13.758	0.115385	27.614
run0-swarm_10_60.pdb	8.968	35.933	0.25	27.581
run0-swarm_13_173.pdb	3.196	11.152	0.423077	27.570
run1-swarm_40_97.pdb	13.755	36.566	0	27.521
run0-swarm_11_61.pdb	8.429	14.347	0	27.509
run0-swarm_31_86.pdb	5.538	20.555	0.365385	27.475
run0-swarm_40_15.pdb	3.813	17.833	0.269231	27.465
run0-swarm_15_90.pdb	7.554	19.971	0.0384615	27.335
run0-swarm_25_20.pdb	8.671	26.470	0.0384615	27.295
run0-swarm_34_51.pdb	8.920	30.382	0.173077	27.185
run0-swarm_40_41.pdb	6.261	20.540	0.0576923	27.174
run0-swarm_21_169.pdb	9.678	34.806	0.0769231	27.137
run0-swarm_29_114.pdb	10.316	34.808	0	27.119
run0-swarm_0_175.pdb	8.197	32.261	0.0961538	27.079
run0-swarm_44_0.pdb	7.574	22.935	0.134615	27.044
run0-swarm_20_131.pdb	10.657	38.994	0.0192308	27.014
run1-swarm_31_21.pdb	6.109	18.270	0.0769231	27.001
run0-swarm_6_183.pdb	5.906	23.171	0.384615	26.659
run0-swarm_43_112.pdb	9.743	27.641	0	26.644
run0-swarm_34_56.pdb	7.284	28.297	0.307692	26.535
run0-swarm_39_7.pdb	11.098	40.886	0	26.421
run0-swarm_11_85.pdb	9.696	20.262	0	26.370
run1-swarm_14_145.pdb	9.249	19.253	0	26.366
run1-swarm_68_29.pdb	8.818	31.528	0	26.280
run1-swarm_17_111.pdb	8.788	29.375	0	26.244
run1-swarm_13_39.pdb	13.654	36.305	0	26.126
run0-swarm_9_168.pdb	9.657	21.308	0	26.084
run1-swarm_10_99.pdb	7.878	22.551	0	26.050
run0-swarm_10_41.pdb	11.014	40.388	0.0961538	26.050
run0-swarm_22_55.pdb	7.441	20.077	0.0384615	26.006
run1-swarm_5_43.pdb	10.379	27.300	0	25.949
run0-swarm_12_165.pdb	7.726	22.411	0	25.853
run0-swarm_34_164.pdb	12.970	40.745	0.0384615	25.845
run0-swarm_44_117.pdb	5.022	19.064	0.480769	25.764
run1-swarm_33_115.pdb	9.611	34.868	0	25.674
run0-swarm_45_63.pdb	12.681	45.713	0	25.572
run0-swarm_5_16.pdb	8.492	19.680	0	25.451
run0-swarm_32_199.pdb	6.365	23.729	0.0576923	25.441
run1-swarm_17_167.pdb	7.560	22.326	0	25.394
run1-swarm_34_1.pdb	14.014	24.675	0	25.349
run0-swarm_22_186.pdb	7.956	24.542	0.0961538	25.169
run1-swarm_16_118.pdb	8.318	28.862	0	25.164
run0-swarm_35_193.pdb	5.956	20.272	0.0769231	24.946
run0-swarm_20_176.pdb	10.320	38.326	0.0192308	24.915
run1-swarm_39_22.pdb	12.035	35.542	0	24.645
run0-swarm_35_134.pdb	1.893	8.271	0.384615	24.579
run1-swarm_53_70.pdb	12.932	31.426	0	24.562
run1-swarm_16_51.pdb	15.261	44.276	0	24.505
run1-swarm_41_149.pdb	13.187	32.573	0	24.388
run0-swarm_17_44.pdb	7.992	33.152	0.0769231	24.314
run0-swarm_32_164.pdb	8.692	26.783	0.0192308	24.193
run0-swarm_36_177.pdb	9.612	38.022	0	24.096
run0-swarm_44_120.pdb	4.508	16.560	0.211538	24.086
run0-swarm_6_141.pdb	7.610	29.133	0.25	24.066
run0-swarm_30_102.pdb	7.495	20.583	0	23.721
run0-swarm_0_53.pdb	9.492	27.646	0	23.271
run0-swarm_5_121.pdb	7.404	28.156	0.0576923	23.140
run0-swarm_34_12.pdb	6.923	26.192	0.192308	23.086
run0-swarm_24_50.pdb	8.383	33.637	0.0961538	23.078
run0-swarm_31_161.pdb	3.871	13.647	0.326923	23.066
run0-swarm_2_109.pdb	5.614	12.978	0.0576923	22.996
run0-swarm_32_18.pdb	5.172	18.620	0.0961538	22.964
run0-swarm_36_147.pdb	11.687	45.256	0	22.587
run1-swarm_32_169.pdb	11.172	27.621	0	22.488
run1-swarm_22_29.pdb	6.141	25.039	0.0384615	22.474
run0-swarm_24_45.pdb	10.597	33.256	0	22.435
run0-swarm_38_174.pdb	4.017	14.068	0.269231	22.133
run0-swarm_33_90.pdb	4.042	12.065	0.153846	22.109
run0-swarm_10_183.pdb	6.335	21.972	0.134615	21.762
run0-swarm_43_96.pdb	6.288	24.864	0.0961538	21.587
run0-swarm_35_93.pdb	9.480	23.574	0	21.576
run0-swarm_26_9.pdb	10.763	35.195	0	21.567
run0-swarm_25_34.pdb	11.634	36.835	0	21.544
run0-swarm_2_154.pdb	5.199	18.892	0.173077	21.447
run0-swarm_1_136.pdb	13.476	47.429	0	21.418
run1-swarm_10_38.pdb	5.680	24.205	0.115385	21.385
run0-swarm_7_79.pdb	5.214	16.766	0.153846	21.254
run1-swarm_57_177.pdb	6.443	17.135	0	21.245
run0-swarm_26_52.pdb	14.963	47.949	0	20.719
run0-swarm_6_121.pdb	10.728	31.819	0	20.505
run0-swarm_34_79.pdb	4.981	20.222	0.384615	20.502
run0-swarm_4_167.pdb	6.062	24.093	0.115385	20.388
run0-swarm_27_133.pdb	11.391	37.833	0	20.152
run0-swarm_19_17.pdb	10.687	43.662	0.115385	19.652
run0-swarm_12_169.pdb	6.618	23.741	0.0961538	19.377
run0-swarm_26_100.pdb	12.175	46.039	0	19.206
run0-swarm_12_157.pdb	9.916	30.389	0.0192308	19.159
run0-swarm_4_42.pdb	6.300	24.795	0.192308	19.071
run0-swarm_1_182.pdb	15.349	52.479	0	18.887
run0-swarm_14_176.pdb	9.638	39.467	0	18.735
run0-swarm_15_165.pdb	8.089	23.510	0	18.712
run0-swarm_10_6.pdb	6.165	22.359	0.211538	18.665
run1-swarm_61_23.pdb	9.747	28.524	0	18.405
run0-swarm_16_142.pdb	6.480	23.904	0.0769231	18.388
run0-swarm_44_175.pdb	9.121	32.984	0.153846	18.361
run0-swarm_37_73.pdb	8.372	30.309	0.0576923	18.291
run1-swarm_0_132.pdb	12.316	35.304	0	18.264
run1-swarm_57_187.pdb	11.815	29.009	0	17.944
run0-swarm_44_112.pdb	6.902	25.077	0.115385	17.797
run0-swarm_22_157.pdb	3.417	11.847	0.423077	17.346
run0-swarm_7_173.pdb	8.366	31.015	0	17.055
run0-swarm_35_84.pdb	6.457	15.443	0.0192308	16.792
run0-swarm_0_80.pdb	8.547	30.352	0	16.356
run0-swarm_41_70.pdb	11.380	38.340	0	16.137
run0-swarm_19_119.pdb	14.233	49.271	0	15.263
run1-swarm_44_58.pdb	5.852	18.384	0.115385	15.195
run0-swarm_21_132.pdb	10.877	41.836	0	15.119
run0-swarm_36_160.pdb	10.211	39.323	0	14.641
run0-swarm_32_64.pdb	6.354	25.469	0.153846	12.010
run0-swarm_6_173.pdb	6.267	18.520	0.0576923	11.662
run0-swarm_33_159.pdb	10.265	28.028	0.0961538	10.314
run1-swarm_24_7.pdb	4.910	13.295	0.192308	10.287
run1-swarm_20_145.pdb	10.260	33.250	0	10.217
run0-swarm_29_91.pdb	8.158	31.042	0.25	9.579
run0-swarm_42_173.pdb	7.671	30.322	0.25	9.223
run1-swarm_34_128.pdb	11.939	37.303	0.0192308	6.901
run1-swarm_20_52.pdb	11.704	34.164	0	5.717
run0-swarm_29_154.pdb	9.220	35.842	0.0192308	4.255
run0-swarm_28_186.pdb	7.104	27.657	0.0769231	0.544
