swarm_29_61.pdb	7.432	21.411	0	39.677
swarm_58_104.pdb	6.380	22.065	0.027027	39.133
swarm_38_121.pdb	6.084	19.711	0.0135135	39.031
swarm_51_96.pdb	6.347	19.905	0.027027	35.318
swarm_46_18.pdb	6.484	21.829	0.027027	33.880
swarm_0_17.pdb	2.173	7.745	0.540541	33.749
swarm_49_119.pdb	6.480	22.391	0.027027	33.185
swarm_41_61.pdb	6.647	20.862	0	32.864
swarm_64_36.pdb	1.937	6.723	0.513514	31.905
swarm_47_134.pdb	5.551	15.229	0.0945946	31.880
swarm_50_77.pdb	9.598	31.651	0	31.822
swarm_20_108.pdb	6.684	18.333	0.0945946	31.684
swarm_38_48.pdb	4.995	16.953	0.189189	31.676
swarm_48_115.pdb	6.824	19.508	0	31.432
swarm_22_185.pdb	8.414	23.067	0.0405405	30.876
swarm_51_159.pdb	8.434	20.134	0.0135135	30.821
swarm_65_181.pdb	2.143	7.735	0.445946	30.674
swarm_26_185.pdb	7.848	22.712	0	30.463
swarm_17_64.pdb	6.612	19.371	0.108108	30.362
swarm_35_62.pdb	2.183	6.676	0.405405	30.084
swarm_33_72.pdb	7.789	24.011	0	29.938
swarm_9_92.pdb	7.346	26.216	0.0675676	29.579
swarm_52_128.pdb	8.191	25.471	0	29.536
swarm_48_100.pdb	4.942	15.820	0.189189	29.453
swarm_31_75.pdb	7.512	20.669	0	29.392
swarm_8_160.pdb	7.407	18.412	0.0675676	29.318
swarm_54_126.pdb	7.102	20.153	0.027027	29.261
swarm_29_97.pdb	7.472	24.151	0.0135135	28.747
swarm_56_50.pdb	8.274	20.293	0.0540541	28.681
swarm_58_11.pdb	8.374	23.619	0.0135135	28.271
swarm_64_186.pdb	4.857	15.597	0.324324	28.239
swarm_12_53.pdb	8.414	19.909	0.027027	28.039
swarm_2_128.pdb	2.399	5.899	0.459459	27.804
swarm_0_88.pdb	5.215	16.803	0.162162	27.761
swarm_2_181.pdb	4.527	8.668	0.256757	27.521
swarm_0_31.pdb	6.129	18.952	0.0945946	27.428
swarm_17_87.pdb	2.351	5.988	0.472973	27.266
swarm_44_141.pdb	7.268	24.575	0	27.249
swarm_31_37.pdb	8.672	26.325	0.0135135	27.196
swarm_24_190.pdb	10.039	22.155	0	27.180
swarm_39_125.pdb	2.898	10.128	0.391892	27.150
swarm_3_2.pdb	6.283	21.014	0.0135135	26.906
swarm_11_42.pdb	5.991	21.082	0.0540541	26.796
swarm_30_6.pdb	6.596	21.251	0.027027	26.298
swarm_19_50.pdb	6.969	22.216	0.027027	26.006
swarm_25_132.pdb	7.706	20.920	0.027027	25.993
swarm_52_139.pdb	9.221	34.388	0	25.892
swarm_40_179.pdb	2.960	11.157	0.432432	25.664
swarm_34_78.pdb	6.806	21.084	0.027027	25.624
swarm_16_79.pdb	7.363	22.556	0	25.604
swarm_62_104.pdb	6.277	18.982	0.243243	25.444
swarm_44_81.pdb	6.386	19.597	0	25.423
swarm_43_58.pdb	6.500	21.919	0.0810811	25.422
swarm_48_183.pdb	9.047	20.988	0.027027	25.256
swarm_63_108.pdb	6.294	19.226	0.189189	25.049
swarm_37_114.pdb	8.741	34.484	0	25.044
swarm_56_70.pdb	6.336	22.665	0.027027	24.950
swarm_22_56.pdb	7.756	26.195	0.0405405	24.913
swarm_19_57.pdb	7.681	18.348	0.0540541	24.886
swarm_44_37.pdb	9.789	30.862	0	24.821
swarm_63_17.pdb	4.949	12.712	0.0540541	24.745
swarm_26_49.pdb	8.087	25.383	0.027027	24.592
swarm_31_74.pdb	11.963	38.340	0	24.576
swarm_39_87.pdb	4.426	15.557	0.297297	24.502
swarm_58_144.pdb	6.022	16.118	0.0135135	24.401
swarm_19_82.pdb	7.771	24.932	0.0135135	23.965
swarm_64_166.pdb	6.758	11.520	0.0405405	23.645
swarm_44_160.pdb	5.548	18.680	0.256757	23.584
swarm_51_177.pdb	7.165	24.958	0.0135135	23.533
swarm_64_82.pdb	7.469	13.819	0.0135135	23.489
swarm_45_194.pdb	5.575	19.449	0.216216	23.377
swarm_23_152.pdb	5.716	17.562	0.22973	23.331
swarm_36_74.pdb	6.125	13.298	0.0540541	23.122
swarm_14_22.pdb	5.982	20.992	0.0540541	23.112
swarm_40_21.pdb	5.464	14.629	0.027027	23.080
swarm_8_115.pdb	6.060	18.768	0.027027	23.059
swarm_9_105.pdb	9.654	33.965	0.0945946	23.000
swarm_9_68.pdb	5.685	19.482	0.0945946	22.955
swarm_22_91.pdb	7.380	23.101	0.0405405	22.834
swarm_26_128.pdb	6.776	24.795	0.0405405	22.732
swarm_16_199.pdb	7.049	24.803	0.0405405	22.689
swarm_18_57.pdb	6.991	23.140	0.0675676	22.599
swarm_54_186.pdb	7.463	25.007	0.0135135	22.409
swarm_62_54.pdb	5.795	23.953	0.135135	22.358
swarm_57_63.pdb	6.534	18.847	0	22.335
swarm_42_63.pdb	7.488	25.744	0	22.305
swarm_0_142.pdb	9.939	23.246	0.0405405	22.258
swarm_36_193.pdb	4.193	13.483	0.243243	21.981
swarm_52_63.pdb	7.156	24.749	0.0540541	21.895
swarm_27_50.pdb	7.548	18.946	0.027027	21.876
swarm_34_176.pdb	7.444	18.804	0.027027	21.811
swarm_39_146.pdb	6.984	21.321	0.0135135	21.611
swarm_43_141.pdb	7.927	25.852	0	21.592
swarm_5_34.pdb	6.924	23.010	0	21.536
swarm_9_125.pdb	7.118	21.667	0.0810811	21.520
swarm_57_78.pdb	8.586	19.917	0	21.171
swarm_28_67.pdb	5.188	18.713	0.22973	20.939
swarm_49_80.pdb	7.692	28.517	0.0135135	20.889
swarm_10_108.pdb	9.310	24.347	0	20.759
swarm_27_128.pdb	4.073	9.241	0.135135	20.741
swarm_38_148.pdb	7.067	21.256	0.0135135	20.623
swarm_35_1.pdb	7.044	21.836	0.175676	20.442
swarm_27_30.pdb	5.687	18.367	0.0405405	20.323
swarm_53_92.pdb	10.859	37.770	0	20.254
swarm_45_79.pdb	6.217	22.765	0	20.162
swarm_60_103.pdb	5.928	22.683	0.027027	20.143
swarm_12_102.pdb	8.427	26.154	0	20.096
swarm_4_99.pdb	8.431	29.144	0.0135135	20.042
swarm_17_104.pdb	2.845	7.541	0.364865	19.933
swarm_34_108.pdb	7.938	26.082	0	19.917
swarm_36_179.pdb	6.129	23.533	0.0540541	19.637
swarm_21_176.pdb	4.929	21.226	0.148649	19.624
swarm_8_151.pdb	4.563	13.006	0.243243	19.606
swarm_28_40.pdb	5.268	20.947	0.175676	19.250
swarm_10_185.pdb	6.736	21.782	0.189189	19.243
swarm_24_14.pdb	6.212	20.598	0.243243	19.055
swarm_63_129.pdb	5.072	16.052	0.27027	18.825
swarm_13_107.pdb	8.337	31.305	0.0540541	18.750
swarm_17_132.pdb	6.076	14.873	0.135135	18.706
swarm_65_158.pdb	6.782	15.200	0.0135135	18.629
swarm_60_120.pdb	6.748	14.153	0.027027	18.109
swarm_32_17.pdb	5.071	19.219	0.202703	17.726
swarm_22_27.pdb	6.543	14.915	0.121622	17.706
swarm_60_172.pdb	4.643	15.266	0.243243	17.477
swarm_4_63.pdb	7.588	28.761	0.027027	17.427
swarm_7_90.pdb	4.591	13.779	0.324324	17.392
swarm_40_131.pdb	7.255	23.989	0.0945946	17.239
swarm_28_154.pdb	4.435	12.780	0.0540541	17.134
swarm_8_76.pdb	8.220	17.930	0.0675676	17.101
swarm_36_116.pdb	7.521	24.526	0.121622	17.094
swarm_27_58.pdb	4.273	13.877	0.216216	17.093
swarm_3_128.pdb	7.794	21.002	0.0810811	16.792
swarm_6_6.pdb	7.327	26.860	0	16.680
swarm_61_56.pdb	7.265	20.635	0	16.594
swarm_7_198.pdb	5.271	10.088	0.0540541	16.505
swarm_1_38.pdb	6.395	23.736	0.027027	16.383
swarm_61_175.pdb	6.765	23.411	0.108108	16.317
swarm_32_21.pdb	7.203	22.426	0	16.204
swarm_27_64.pdb	6.341	17.911	0.243243	16.165
swarm_59_82.pdb	7.233	28.269	0.027027	15.681
swarm_32_154.pdb	7.747	30.027	0.027027	15.483
swarm_8_155.pdb	6.493	19.156	0.121622	15.308
swarm_20_42.pdb	7.134	17.255	0.121622	14.879
swarm_30_178.pdb	7.204	19.387	0.202703	14.729
swarm_7_55.pdb	5.327	21.372	0.0675676	14.671
swarm_64_43.pdb	6.706	14.643	0.135135	14.548
swarm_59_123.pdb	7.677	21.455	0.0135135	14.518
swarm_65_138.pdb	9.090	17.038	0	13.669
swarm_63_69.pdb	5.131	10.478	0.0675676	13.591
swarm_44_154.pdb	3.990	14.361	0.135135	13.462
swarm_17_71.pdb	5.291	9.971	0.121622	13.316
swarm_6_47.pdb	7.521	24.121	0.0540541	12.917
swarm_6_80.pdb	5.334	16.668	0.027027	12.663
swarm_17_89.pdb	8.386	14.044	0.027027	12.453
swarm_10_148.pdb	8.678	32.126	0.027027	11.679
swarm_10_38.pdb	10.618	34.686	0	11.320
swarm_55_0.pdb	5.635	14.624	0.027027	11.049
swarm_65_24.pdb	9.115	16.149	0.0540541	10.920
swarm_64_184.pdb	5.408	11.362	0.027027	10.100
swarm_51_55.pdb	5.525	20.191	0.202703	10.094
swarm_12_144.pdb	8.999	34.596	0	7.072
swarm_62_150.pdb	4.378	15.241	0.486486	0.216
swarm_8_72.pdb	7.048	26.662	0.0675676	0.056
