swarm_1_169.pdb	6.530	21.668	0.0945946	47.210
swarm_11_33.pdb	3.081	11.796	0.486486	46.357
swarm_27_101.pdb	6.300	20.639	0.0135135	45.685
swarm_19_7.pdb	6.873	24.370	0.0675676	43.619
swarm_26_8.pdb	7.321	25.258	0.0810811	42.320
swarm_19_2.pdb	6.480	16.466	0.0675676	39.805
swarm_26_82.pdb	6.149	15.359	0.0675676	39.796
swarm_33_8.pdb	7.722	26.891	0.108108	39.360
swarm_4_124.pdb	2.091	6.558	0.581081	38.471
swarm_27_63.pdb	5.752	17.840	0.135135	37.959
swarm_10_176.pdb	6.740	18.779	0.0675676	37.800
swarm_20_37.pdb	6.721	22.173	0.0135135	35.694
swarm_28_106.pdb	4.336	14.849	0.310811	35.004
swarm_31_62.pdb	7.398	20.358	0.0135135	34.428
swarm_20_149.pdb	5.514	19.513	0.175676	34.272
swarm_6_140.pdb	7.181	22.233	0.0135135	33.821
swarm_25_93.pdb	7.422	23.468	0.027027	33.704
swarm_27_74.pdb	3.020	11.066	0.432432	32.104
swarm_2_61.pdb	5.085	18.971	0.351351	31.198
swarm_1_112.pdb	6.867	22.170	0.148649	30.796
swarm_31_172.pdb	6.058	21.461	0.0135135	29.819
swarm_12_41.pdb	3.726	13.104	0.364865	29.684
swarm_24_169.pdb	6.232	25.843	0.108108	29.607
swarm_33_198.pdb	6.165	22.043	0.0675676	28.914
swarm_8_162.pdb	6.672	19.152	0.0405405	28.852
swarm_5_189.pdb	6.574	18.210	0.027027	28.727
swarm_15_198.pdb	6.248	20.058	0.202703	28.607
swarm_8_107.pdb	4.581	11.937	0.0945946	28.561
swarm_19_189.pdb	9.567	22.614	0	28.065
swarm_11_191.pdb	7.336	22.516	0.121622	27.712
swarm_9_183.pdb	4.794	10.074	0.108108	27.442
swarm_14_189.pdb	4.904	10.400	0.0675676	27.328
swarm_4_78.pdb	6.953	19.373	0.027027	26.028
swarm_14_95.pdb	4.495	16.333	0.297297	25.885
swarm_21_158.pdb	5.087	21.176	0.162162	25.857
swarm_2_10.pdb	6.723	20.282	0.027027	25.740
swarm_0_121.pdb	6.696	21.768	0.189189	25.032
swarm_29_184.pdb	6.712	25.329	0	24.961
swarm_11_39.pdb	5.640	17.855	0.22973	24.755
swarm_6_7.pdb	6.940	13.030	0.0405405	24.510
swarm_2_166.pdb	7.060	23.266	0.027027	24.129
swarm_6_180.pdb	6.030	22.039	0.0540541	24.122
swarm_9_31.pdb	7.318	17.395	0.027027	23.904
swarm_17_138.pdb	6.447	16.519	0	23.401
swarm_12_39.pdb	5.573	12.505	0.027027	22.871
swarm_9_197.pdb	1.951	3.150	0.324324	22.223
swarm_4_199.pdb	7.926	14.405	0.0135135	21.573
swarm_13_147.pdb	6.909	24.633	0	21.506
swarm_24_32.pdb	4.593	13.529	0.0675676	21.307
swarm_10_168.pdb	8.758	27.350	0	21.094
swarm_14_68.pdb	6.290	23.764	0	20.979
swarm_22_79.pdb	6.809	24.252	0	20.555
swarm_32_19.pdb	8.733	30.034	0.0135135	19.844
swarm_8_86.pdb	5.285	21.501	0.135135	19.639
swarm_5_179.pdb	6.370	22.027	0	19.167
swarm_11_92.pdb	7.477	13.710	0.027027	19.026
swarm_23_193.pdb	5.981	14.808	0.0540541	18.994
swarm_27_164.pdb	8.598	20.225	0	18.686
swarm_9_26.pdb	7.006	19.146	0	17.699
swarm_14_25.pdb	6.889	19.980	0	17.680
swarm_24_114.pdb	8.241	27.305	0	17.630
swarm_23_107.pdb	9.238	22.645	0.0405405	17.146
swarm_31_61.pdb	6.250	17.200	0.121622	16.901
swarm_4_2.pdb	3.183	8.395	0.148649	16.869
swarm_31_152.pdb	7.072	14.840	0.0540541	16.825
swarm_17_58.pdb	6.960	24.237	0.108108	16.645
swarm_17_89.pdb	5.961	20.709	0.0405405	16.508
swarm_14_148.pdb	7.465	21.396	0.202703	16.384
swarm_8_7.pdb	9.061	19.124	0.0405405	16.189
swarm_8_85.pdb	4.849	12.902	0.297297	15.238
swarm_5_97.pdb	3.921	7.133	0.189189	14.853
swarm_21_145.pdb	4.385	13.843	0.0810811	14.595
swarm_25_6.pdb	1.816	4.205	0.459459	13.975
swarm_31_65.pdb	8.389	15.356	0.0405405	11.248
swarm_7_72.pdb	4.187	10.584	0.0945946	10.714
swarm_29_92.pdb	6.086	22.329	0.0405405	4.121
