swarm_29_105.pdb	13.199	27.503	0	36.650
swarm_47_12.pdb	3.351	12.081	0.486486	34.086
swarm_48_99.pdb	13.872	33.724	0.027027	33.413
swarm_38_179.pdb	3.451	12.062	0.445946	33.334
swarm_57_127.pdb	12.298	26.896	0	33.298
swarm_35_59.pdb	2.184	7.788	0.594595	32.901
swarm_58_165.pdb	13.488	30.176	0.135135	32.661
swarm_29_96.pdb	13.351	28.660	0	32.320
swarm_57_58.pdb	12.494	29.085	0	32.264
swarm_58_66.pdb	6.715	17.789	0.0135135	31.892
swarm_0_43.pdb	13.832	27.673	0.0405405	31.732
swarm_31_171.pdb	12.857	28.594	0	31.427
swarm_51_123.pdb	12.767	26.267	0	31.378
swarm_31_120.pdb	12.149	28.044	0	31.106
swarm_58_139.pdb	7.608	21.994	0	30.613
swarm_49_75.pdb	13.694	29.020	0	29.561
swarm_51_61.pdb	12.437	28.603	0	29.486
swarm_12_162.pdb	6.900	21.144	0.0675676	28.731
swarm_7_156.pdb	14.273	29.984	0.0540541	28.701
swarm_51_75.pdb	6.309	15.419	0.027027	27.996
swarm_48_28.pdb	7.311	20.438	0	27.674
swarm_34_190.pdb	7.043	21.422	0.0675676	27.433
swarm_48_33.pdb	13.519	26.689	0.0135135	27.367
swarm_38_165.pdb	9.896	26.346	0.027027	26.989
swarm_24_84.pdb	13.872	25.820	0	26.450
swarm_8_41.pdb	11.585	27.455	0.0135135	26.375
swarm_33_133.pdb	7.815	26.017	0.0135135	25.981
swarm_24_174.pdb	11.991	25.828	0.0945946	25.667
swarm_44_148.pdb	6.010	15.928	0.0945946	25.486
swarm_6_123.pdb	13.797	29.891	0.0405405	25.463
swarm_41_157.pdb	14.780	32.409	0.0405405	25.386
swarm_20_190.pdb	8.217	23.172	0	25.321
swarm_65_41.pdb	6.254	14.004	0.121622	25.186
swarm_31_32.pdb	6.418	21.543	0.027027	25.090
swarm_24_108.pdb	13.756	23.867	0.0540541	25.067
swarm_42_103.pdb	11.223	28.241	0	25.001
swarm_51_21.pdb	8.533	21.369	0	24.918
swarm_31_37.pdb	7.912	26.476	0.0405405	24.827
swarm_34_34.pdb	10.991	31.430	0.0540541	24.744
swarm_43_73.pdb	8.493	24.091	0	24.683
swarm_21_49.pdb	14.335	27.994	0.0810811	24.543
swarm_58_127.pdb	12.873	25.291	0.121622	24.402
swarm_24_162.pdb	14.026	27.832	0	24.341
swarm_24_53.pdb	13.498	27.152	0	24.231
swarm_58_185.pdb	10.966	23.342	0.027027	24.146
swarm_20_21.pdb	10.379	24.077	0.108108	24.102
swarm_23_76.pdb	12.752	22.424	0.027027	24.086
swarm_24_166.pdb	14.627	25.267	0.0675676	24.057
swarm_8_53.pdb	9.832	30.631	0.0675676	23.796
swarm_52_19.pdb	14.164	27.186	0	23.671
swarm_49_144.pdb	13.416	31.254	0.108108	23.601
swarm_41_195.pdb	6.801	21.999	0.135135	23.524
swarm_60_168.pdb	15.011	26.539	0.0945946	23.115
swarm_24_62.pdb	13.616	28.077	0	22.935
swarm_49_155.pdb	13.411	25.587	0	22.926
swarm_20_143.pdb	13.222	28.485	0.0540541	22.870
swarm_10_15.pdb	15.368	33.391	0.0675676	22.642
swarm_2_155.pdb	12.479	24.792	0.135135	22.564
swarm_36_181.pdb	6.574	18.099	0.121622	22.415
swarm_65_38.pdb	11.947	19.222	0	22.162
swarm_18_20.pdb	8.035	19.567	0	22.077
swarm_9_38.pdb	7.655	20.897	0.0945946	22.070
swarm_45_131.pdb	14.448	26.665	0.216216	22.005
swarm_11_3.pdb	11.506	25.331	0	22.001
swarm_63_113.pdb	13.762	26.287	0.175676	21.862
swarm_38_108.pdb	13.702	29.689	0.0540541	21.802
swarm_17_90.pdb	13.915	23.803	0	21.788
swarm_63_162.pdb	7.637	15.021	0	21.761
swarm_19_197.pdb	11.039	31.654	0.0540541	21.741
swarm_65_70.pdb	13.690	25.409	0.0945946	21.574
swarm_64_63.pdb	8.270	16.858	0.0810811	21.520
swarm_23_102.pdb	15.382	26.393	0.0540541	21.046
swarm_25_0.pdb	7.487	20.695	0	20.923
swarm_8_107.pdb	11.278	20.524	0.0135135	20.754
swarm_46_66.pdb	7.397	18.162	0	20.753
swarm_5_41.pdb	13.698	30.246	0.0135135	20.745
swarm_57_163.pdb	7.891	20.930	0.0810811	20.588
swarm_30_177.pdb	9.850	19.417	0	20.559
swarm_9_116.pdb	10.307	24.596	0.0135135	20.533
swarm_28_139.pdb	14.254	29.327	0.108108	20.528
swarm_17_48.pdb	11.685	22.691	0.027027	20.406
swarm_17_96.pdb	13.298	24.148	0.108108	20.384
swarm_35_76.pdb	15.104	29.787	0	20.368
swarm_7_105.pdb	13.997	23.122	0	20.317
swarm_48_25.pdb	15.799	30.834	0.0675676	20.306
swarm_7_190.pdb	10.093	21.228	0	20.286
swarm_6_170.pdb	10.555	32.047	0.0945946	20.239
swarm_49_3.pdb	15.457	32.535	0	20.124
swarm_27_34.pdb	11.595	20.781	0.0135135	19.956
swarm_43_187.pdb	13.757	33.943	0	19.842
swarm_64_129.pdb	13.536	24.883	0.108108	19.685
swarm_35_40.pdb	12.935	21.830	0	19.645
swarm_64_176.pdb	6.727	19.956	0.162162	19.639
swarm_23_61.pdb	15.722	33.954	0.0810811	19.636
swarm_20_185.pdb	13.830	22.940	0	19.609
swarm_45_112.pdb	6.438	16.618	0.27027	19.598
swarm_27_198.pdb	10.971	17.883	0	19.586
swarm_22_179.pdb	15.103	29.449	0.0405405	19.566
swarm_21_189.pdb	4.623	17.934	0.324324	19.504
swarm_17_79.pdb	12.423	21.450	0	19.450
swarm_19_87.pdb	10.004	29.393	0.027027	19.411
swarm_8_84.pdb	10.670	22.418	0.0135135	19.404
swarm_16_172.pdb	7.445	22.695	0.189189	19.397
swarm_23_116.pdb	13.899	25.081	0	19.360
swarm_10_136.pdb	15.666	29.379	0	19.319
swarm_39_83.pdb	15.864	30.432	0	19.270
swarm_19_172.pdb	15.418	32.644	0	19.192
swarm_30_49.pdb	6.917	15.179	0.0135135	19.140
swarm_20_116.pdb	9.372	19.552	0	19.130
swarm_35_130.pdb	13.750	25.844	0	18.967
swarm_20_97.pdb	11.699	26.699	0	18.868
swarm_17_34.pdb	12.839	23.989	0.027027	18.835
swarm_43_26.pdb	9.233	22.436	0.0405405	18.705
swarm_39_36.pdb	15.230	26.034	0.0540541	18.641
swarm_26_141.pdb	15.173	25.781	0.0675676	18.625
swarm_16_88.pdb	9.590	23.314	0	18.538
swarm_39_64.pdb	5.565	17.568	0.27027	18.404
swarm_64_161.pdb	14.099	21.087	0	18.385
swarm_65_173.pdb	12.916	20.116	0	18.377
swarm_18_138.pdb	7.559	22.193	0.202703	18.321
swarm_44_40.pdb	12.341	26.032	0.027027	18.316
swarm_28_17.pdb	13.151	25.499	0.0540541	18.286
swarm_30_31.pdb	8.410	16.756	0.0675676	18.190
swarm_19_138.pdb	7.347	16.861	0.0135135	18.010
swarm_27_168.pdb	14.642	24.210	0	17.977
swarm_56_59.pdb	14.011	25.643	0	17.848
swarm_65_107.pdb	11.243	19.803	0	17.845
swarm_23_93.pdb	13.639	30.007	0	17.814
swarm_62_87.pdb	5.271	12.645	0.027027	17.756
swarm_12_138.pdb	14.269	27.649	0	17.707
swarm_12_57.pdb	14.345	27.947	0	17.701
swarm_7_198.pdb	12.934	25.644	0.0135135	17.678
swarm_8_6.pdb	14.951	27.141	0.0135135	17.659
swarm_56_114.pdb	11.265	25.352	0.0810811	17.658
swarm_21_33.pdb	12.551	26.954	0.108108	17.641
swarm_30_89.pdb	9.422	17.692	0	17.636
swarm_27_140.pdb	14.478	28.778	0.0810811	17.615
swarm_30_36.pdb	13.180	23.723	0	17.602
swarm_22_89.pdb	13.646	23.945	0	17.591
swarm_26_122.pdb	9.813	22.385	0	17.576
swarm_21_64.pdb	9.258	22.980	0.108108	17.574
swarm_63_3.pdb	11.537	22.304	0.0945946	17.508
swarm_17_42.pdb	11.458	21.562	0	17.424
swarm_3_171.pdb	10.412	22.397	0.027027	17.420
swarm_0_75.pdb	12.997	19.819	0	17.367
swarm_38_123.pdb	15.409	26.524	0	17.330
swarm_46_45.pdb	13.508	25.052	0	17.325
swarm_17_147.pdb	7.838	15.331	0.175676	17.288
swarm_20_2.pdb	6.457	13.432	0.027027	17.121
swarm_27_8.pdb	6.547	14.995	0.0945946	16.909
swarm_20_100.pdb	7.935	15.582	0.0405405	16.900
swarm_10_67.pdb	10.098	21.903	0.0675676	16.855
swarm_64_141.pdb	14.598	23.799	0.0135135	16.690
swarm_64_171.pdb	7.323	17.680	0.0135135	16.673
swarm_30_53.pdb	10.517	18.608	0	16.654
swarm_3_128.pdb	13.803	24.415	0	16.579
swarm_3_175.pdb	12.897	23.374	0.0135135	16.450
swarm_39_63.pdb	15.031	28.124	0	16.377
swarm_33_103.pdb	7.785	20.823	0.0135135	16.338
swarm_35_142.pdb	13.417	26.183	0	16.299
swarm_7_160.pdb	12.975	22.238	0	16.196
swarm_27_175.pdb	11.604	21.595	0	16.104
swarm_7_134.pdb	13.334	26.400	0	15.943
swarm_36_126.pdb	13.729	28.974	0.0540541	15.919
swarm_44_9.pdb	7.341	19.804	0	15.801
swarm_3_196.pdb	15.930	28.382	0	15.781
swarm_43_196.pdb	13.512	27.202	0.0135135	15.751
swarm_34_6.pdb	13.736	24.574	0	15.557
swarm_22_159.pdb	10.351	26.691	0	15.495
swarm_64_107.pdb	10.159	16.497	0.0135135	15.463
swarm_7_175.pdb	14.507	26.599	0	15.447
swarm_7_20.pdb	13.804	23.975	0	15.286
swarm_40_126.pdb	12.990	22.889	0.0675676	15.286
swarm_35_72.pdb	10.772	24.475	0.108108	15.253
swarm_40_117.pdb	9.969	18.022	0.0405405	15.229
swarm_65_179.pdb	6.788	15.148	0	15.182
swarm_52_27.pdb	14.999	28.779	0	14.999
swarm_17_44.pdb	12.266	22.648	0.0810811	14.955
swarm_4_61.pdb	8.849	22.993	0	14.931
swarm_44_74.pdb	8.512	20.385	0.027027	14.872
swarm_44_107.pdb	7.538	19.539	0.0135135	14.757
swarm_3_116.pdb	15.107	31.230	0.0135135	14.691
swarm_40_11.pdb	5.943	17.817	0.108108	14.684
swarm_60_90.pdb	8.108	25.608	0.121622	14.586
swarm_35_58.pdb	14.067	22.972	0	14.538
swarm_63_99.pdb	9.243	22.855	0.108108	14.482
swarm_52_198.pdb	13.769	27.306	0	14.198
swarm_2_154.pdb	12.826	23.671	0.0135135	14.125
swarm_2_130.pdb	14.255	26.085	0.0135135	14.064
swarm_40_143.pdb	14.198	23.011	0	14.057
swarm_27_101.pdb	13.404	23.870	0.0135135	13.991
swarm_62_73.pdb	12.830	23.273	0	13.859
swarm_21_174.pdb	12.922	30.249	0	13.759
swarm_64_139.pdb	13.924	21.272	0	13.630
swarm_43_13.pdb	7.894	22.072	0.135135	13.422
swarm_15_2.pdb	11.040	34.577	0.0540541	13.344
swarm_49_163.pdb	11.330	25.241	0	13.247
swarm_17_4.pdb	14.377	25.620	0.0405405	12.860
swarm_13_176.pdb	15.086	33.903	0.0135135	12.534
swarm_45_134.pdb	13.327	21.290	0	12.274
swarm_35_92.pdb	6.983	18.038	0.0810811	12.234
swarm_40_191.pdb	11.721	22.793	0.0675676	12.147
swarm_58_121.pdb	6.602	16.038	0.0675676	11.825
swarm_6_49.pdb	10.055	33.807	0.027027	11.203
swarm_51_121.pdb	13.833	29.561	0.027027	11.126
swarm_60_178.pdb	12.012	25.843	0.108108	10.592
swarm_65_130.pdb	8.275	17.140	0.175676	10.582
swarm_15_160.pdb	6.918	19.598	0.243243	10.235
swarm_30_13.pdb	13.071	22.282	0	8.818
swarm_15_9.pdb	11.546	30.994	0.027027	8.163
swarm_60_9.pdb	12.816	19.142	0	8.105
swarm_2_107.pdb	7.321	15.581	0.189189	7.196
swarm_43_108.pdb	11.303	24.248	0.0135135	7.081
swarm_2_77.pdb	8.600	23.310	0.0135135	6.952
swarm_2_34.pdb	7.897	21.492	0	6.280
swarm_17_30.pdb	11.158	20.933	0.0540541	5.792
swarm_20_161.pdb	12.771	27.393	0.0135135	5.684
swarm_27_129.pdb	5.713	15.539	0.243243	3.656
swarm_58_94.pdb	12.790	21.091	0	2.844
swarm_64_14.pdb	12.967	21.564	0.0135135	2.796
swarm_53_95.pdb	10.802	27.476	0	0.076
