swarm_62_1.pdb	11.653	45.960	0	35.452
swarm_59_74.pdb	14.166	43.954	0.027027	34.906
swarm_43_11.pdb	10.532	40.076	0	34.851
swarm_32_144.pdb	10.462	40.077	0.0135135	34.768
swarm_10_148.pdb	16.445	45.590	0	34.592
swarm_40_43.pdb	12.918	28.418	0	34.381
swarm_44_7.pdb	10.476	34.456	0	32.817
swarm_36_107.pdb	9.751	34.431	0	32.216
swarm_13_131.pdb	10.872	42.390	0	32.139
swarm_5_13.pdb	12.314	37.764	0.0540541	31.591
swarm_60_120.pdb	12.609	40.833	0.0135135	31.207
swarm_17_59.pdb	13.979	44.553	0.027027	31.123
swarm_47_139.pdb	6.922	19.238	0.0135135	30.904
swarm_42_26.pdb	12.513	39.281	0	30.888
swarm_52_124.pdb	11.230	28.762	0	30.865
swarm_35_54.pdb	13.421	29.942	0.0810811	30.723
swarm_15_70.pdb	10.203	39.188	0	30.682
swarm_30_11.pdb	15.117	31.865	0.0135135	30.559
swarm_30_198.pdb	13.550	28.681	0	30.377
swarm_32_73.pdb	6.048	18.991	0.027027	30.091
swarm_40_31.pdb	14.045	44.675	0	29.894
swarm_19_150.pdb	16.397	43.062	0	29.876
swarm_62_35.pdb	13.383	41.942	0.0135135	29.616
swarm_19_75.pdb	10.488	36.529	0	29.527
swarm_76_2.pdb	11.001	43.028	0	29.486
swarm_75_24.pdb	11.711	42.547	0.0135135	29.482
swarm_10_37.pdb	12.846	40.536	0	29.453
swarm_22_168.pdb	12.060	36.265	0	29.364
swarm_42_9.pdb	11.793	42.820	0.0135135	29.341
swarm_13_142.pdb	18.301	45.617	0	29.059
swarm_58_135.pdb	9.998	37.064	0	29.011
swarm_51_125.pdb	11.836	39.285	0.0135135	28.953
swarm_24_158.pdb	16.885	43.795	0	28.920
swarm_53_126.pdb	14.059	25.617	0.108108	28.842
swarm_42_14.pdb	16.929	44.276	0	28.679
swarm_32_144.pdb	11.908	29.946	0	28.673
swarm_30_55.pdb	13.408	31.314	0	28.593
swarm_10_12.pdb	14.464	43.557	0.0135135	28.498
swarm_39_78.pdb	14.210	29.767	0.0810811	28.401
swarm_26_55.pdb	11.922	37.732	0	28.380
swarm_58_63.pdb	12.934	27.455	0.0675676	28.371
swarm_32_67.pdb	13.746	30.717	0.162162	28.354
swarm_2_103.pdb	13.772	35.852	0.0405405	28.351
swarm_13_175.pdb	11.814	29.878	0	28.295
swarm_9_176.pdb	11.689	37.332	0	28.235
swarm_44_58.pdb	17.735	47.921	0	28.201
swarm_75_161.pdb	15.122	47.720	0	28.001
swarm_28_77.pdb	13.835	41.524	0	27.990
swarm_42_78.pdb	13.456	28.265	0	27.900
swarm_41_101.pdb	13.857	40.692	0	27.854
swarm_45_131.pdb	10.355	37.422	0	27.853
swarm_2_145.pdb	14.582	44.797	0.0405405	27.839
swarm_69_107.pdb	9.273	35.793	0	27.824
swarm_42_11.pdb	15.396	43.316	0	27.819
swarm_15_34.pdb	13.453	30.744	0	27.704
swarm_50_26.pdb	13.098	43.315	0.0135135	27.684
swarm_33_195.pdb	11.947	33.483	0	27.632
swarm_80_117.pdb	15.676	44.845	0	27.627
swarm_8_175.pdb	13.408	32.142	0.135135	27.566
swarm_51_157.pdb	11.261	35.143	0.0540541	27.448
swarm_58_151.pdb	12.771	33.855	0.121622	27.445
swarm_59_115.pdb	11.856	40.930	0	27.433
swarm_25_76.pdb	15.656	38.691	0	27.271
swarm_25_158.pdb	13.829	27.260	0.121622	27.251
swarm_4_35.pdb	15.214	33.908	0.0135135	27.245
swarm_37_147.pdb	11.446	26.440	0.0540541	27.148
swarm_77_123.pdb	18.023	49.252	0	27.124
swarm_75_80.pdb	14.282	41.557	0.027027	27.037
swarm_17_38.pdb	14.388	31.053	0.0135135	26.843
swarm_68_163.pdb	16.761	39.531	0	26.811
swarm_66_124.pdb	14.849	38.477	0	26.715
swarm_80_62.pdb	14.020	40.927	0.027027	26.678
swarm_47_91.pdb	13.167	33.216	0.135135	26.548
swarm_44_87.pdb	12.090	27.649	0.0540541	26.523
swarm_20_58.pdb	15.556	42.355	0	26.515
swarm_64_11.pdb	14.133	33.842	0	26.493
swarm_9_78.pdb	14.474	39.028	0.0405405	26.483
swarm_42_135.pdb	12.619	48.415	0	26.449
swarm_79_105.pdb	14.165	41.880	0.0135135	26.421
swarm_44_29.pdb	12.045	33.056	0.0135135	26.392
swarm_28_130.pdb	10.960	35.360	0	26.383
swarm_43_60.pdb	17.332	41.091	0	26.378
swarm_79_56.pdb	17.863	41.099	0	26.336
swarm_46_103.pdb	11.382	37.322	0	26.269
swarm_21_18.pdb	14.093	30.353	0.0540541	26.240
swarm_22_195.pdb	15.770	38.428	0	26.232
swarm_52_184.pdb	7.772	23.926	0.0540541	26.144
swarm_39_157.pdb	15.838	47.159	0	26.088
swarm_45_87.pdb	10.421	25.162	0.121622	26.068
swarm_72_155.pdb	17.362	38.425	0	26.050
swarm_19_191.pdb	10.627	39.470	0	26.031
swarm_5_181.pdb	11.542	25.184	0.0945946	25.998
swarm_21_11.pdb	11.965	35.061	0	25.975
swarm_45_0.pdb	16.655	41.396	0	25.858
swarm_65_105.pdb	15.958	41.181	0	25.803
swarm_65_125.pdb	12.797	34.679	0	25.739
swarm_10_187.pdb	12.573	36.495	0	25.684
swarm_66_52.pdb	11.874	35.563	0.0675676	25.577
swarm_67_68.pdb	11.915	25.937	0.0810811	25.551
swarm_63_17.pdb	13.936	40.030	0.0405405	25.515
swarm_72_41.pdb	13.030	40.827	0.0135135	25.469
swarm_42_24.pdb	16.782	34.317	0	25.412
swarm_22_117.pdb	13.831	30.061	0.0540541	25.365
swarm_77_43.pdb	15.345	45.319	0	25.347
swarm_19_4.pdb	12.208	31.741	0	25.332
swarm_6_124.pdb	12.183	35.508	0	25.298
swarm_52_66.pdb	11.759	39.853	0.027027	25.266
swarm_6_169.pdb	9.409	29.252	0.0405405	25.204
swarm_2_153.pdb	8.365	25.689	0	25.127
swarm_23_67.pdb	13.453	28.539	0.0810811	25.125
swarm_56_38.pdb	13.701	37.203	0.0540541	25.055
swarm_44_164.pdb	13.812	43.479	0	24.978
swarm_21_72.pdb	12.798	38.297	0	24.941
swarm_2_193.pdb	16.415	40.893	0	24.903
swarm_80_43.pdb	12.875	44.474	0	24.838
swarm_68_20.pdb	17.181	43.509	0	24.774
swarm_63_188.pdb	11.931	39.398	0.027027	24.641
swarm_9_88.pdb	13.069	39.352	0.0135135	24.621
swarm_37_20.pdb	9.407	35.655	0	24.600
swarm_27_118.pdb	10.231	37.536	0	24.590
swarm_33_18.pdb	14.697	37.363	0	24.579
swarm_7_142.pdb	13.496	36.635	0.0540541	24.436
swarm_38_170.pdb	14.683	41.158	0	24.434
swarm_59_149.pdb	14.755	46.807	0	24.429
swarm_40_161.pdb	13.860	46.611	0	24.402
swarm_83_163.pdb	18.409	40.904	0	24.396
swarm_9_177.pdb	14.169	30.076	0	24.370
swarm_43_144.pdb	16.775	44.354	0	24.329
swarm_23_181.pdb	12.097	34.201	0.0405405	24.329
swarm_22_77.pdb	12.789	33.539	0.0135135	24.278
swarm_28_176.pdb	15.291	43.180	0	24.276
swarm_11_88.pdb	13.500	43.896	0	24.176
swarm_34_68.pdb	11.696	36.933	0.0540541	24.152
swarm_55_22.pdb	13.527	40.156	0	24.088
swarm_56_1.pdb	10.268	36.998	0	24.067
swarm_64_191.pdb	9.596	31.340	0.0540541	24.063
swarm_46_157.pdb	15.247	47.002	0	24.053
swarm_31_35.pdb	12.739	32.447	0.148649	24.034
swarm_7_65.pdb	8.842	31.265	0	24.032
swarm_7_125.pdb	7.542	24.705	0.0405405	23.998
swarm_1_176.pdb	7.756	24.256	0	23.982
swarm_46_2.pdb	17.144	45.285	0	23.972
swarm_64_158.pdb	12.717	37.506	0.0540541	23.954
swarm_40_77.pdb	10.710	35.946	0	23.943
swarm_23_52.pdb	15.134	36.927	0.027027	23.856
swarm_81_98.pdb	12.647	42.271	0	23.843
swarm_9_191.pdb	14.077	34.826	0	23.784
swarm_37_189.pdb	11.092	35.274	0	23.765
swarm_66_87.pdb	10.086	35.368	0	23.702
swarm_66_118.pdb	15.199	37.985	0	23.693
swarm_36_175.pdb	14.124	39.396	0	23.677
swarm_37_98.pdb	14.033	31.881	0.0135135	23.630
swarm_44_166.pdb	14.448	33.510	0	23.597
swarm_7_93.pdb	3.130	6.845	0.418919	23.595
swarm_62_192.pdb	13.687	43.185	0	23.586
swarm_53_146.pdb	13.240	28.650	0.162162	23.541
swarm_45_145.pdb	17.403	45.281	0	23.523
swarm_26_158.pdb	12.852	38.124	0	23.516
swarm_75_158.pdb	11.193	41.001	0	23.514
swarm_38_111.pdb	12.572	24.306	0.0675676	23.512
swarm_42_130.pdb	15.712	37.780	0	23.492
swarm_42_115.pdb	10.041	31.745	0.027027	23.489
swarm_30_12.pdb	10.355	41.893	0	23.455
swarm_13_27.pdb	13.561	38.990	0	23.450
swarm_34_52.pdb	17.121	42.964	0	23.416
swarm_66_56.pdb	17.170	43.640	0	23.409
swarm_0_15.pdb	14.295	31.271	0	23.361
swarm_1_166.pdb	7.359	24.764	0.148649	23.353
swarm_65_97.pdb	15.094	42.006	0	23.346
swarm_50_90.pdb	13.656	24.784	0.0810811	23.344
swarm_53_103.pdb	14.441	39.033	0.027027	23.327
swarm_75_74.pdb	12.989	41.594	0	23.297
swarm_10_25.pdb	15.128	34.009	0.0675676	23.282
swarm_24_55.pdb	14.209	39.948	0	23.243
swarm_21_8.pdb	10.783	33.120	0.0135135	23.149
swarm_33_172.pdb	14.094	36.594	0.0135135	23.146
swarm_73_27.pdb	13.122	43.464	0	23.142
swarm_19_38.pdb	15.890	40.402	0	23.115
swarm_9_171.pdb	10.666	40.872	0	23.110
swarm_21_193.pdb	11.267	31.324	0.027027	23.102
swarm_11_177.pdb	15.282	42.034	0	23.068
swarm_32_147.pdb	12.994	33.160	0.027027	23.058
swarm_5_19.pdb	9.752	33.489	0.027027	23.044
swarm_49_109.pdb	13.945	28.018	0.0405405	23.043
swarm_0_173.pdb	16.214	32.073	0.0540541	23.043
swarm_41_185.pdb	4.774	17.653	0.337838	23.028
swarm_53_63.pdb	14.444	28.959	0	22.977
swarm_34_86.pdb	8.587	29.561	0.0675676	22.977
swarm_49_55.pdb	14.166	25.177	0.0675676	22.953
swarm_43_145.pdb	14.047	45.606	0	22.938
swarm_8_143.pdb	13.132	25.121	0.121622	22.929
swarm_24_134.pdb	9.875	32.478	0	22.912
swarm_38_149.pdb	12.575	36.681	0	22.908
swarm_2_158.pdb	8.933	30.769	0	22.875
swarm_13_159.pdb	15.019	34.791	0	22.840
swarm_20_52.pdb	11.432	28.042	0.0810811	22.830
swarm_68_139.pdb	13.532	39.443	0.0405405	22.760
swarm_65_21.pdb	16.435	42.226	0	22.688
swarm_60_191.pdb	15.076	38.668	0.0135135	22.684
swarm_37_113.pdb	16.008	37.508	0	22.684
swarm_44_5.pdb	12.064	39.515	0	22.681
swarm_69_45.pdb	16.153	40.617	0	22.603
swarm_41_147.pdb	14.760	30.502	0	22.543
swarm_49_45.pdb	12.699	32.972	0.0135135	22.525
swarm_57_87.pdb	11.216	34.445	0	22.517
swarm_42_116.pdb	15.312	43.777	0	22.483
swarm_65_108.pdb	16.855	41.998	0	22.479
swarm_67_180.pdb	5.940	13.972	0.0405405	22.411
swarm_18_69.pdb	9.183	27.975	0	22.409
swarm_68_36.pdb	18.058	39.309	0	22.383
swarm_71_76.pdb	14.609	43.375	0	22.378
swarm_32_69.pdb	8.436	24.518	0	22.363
swarm_56_105.pdb	7.610	28.572	0.0405405	22.358
swarm_21_146.pdb	9.769	33.856	0.0135135	22.313
swarm_81_151.pdb	16.567	48.300	0	22.284
swarm_26_133.pdb	15.459	33.746	0	22.284
swarm_34_7.pdb	12.176	37.784	0.0405405	22.208
swarm_43_174.pdb	16.540	42.814	0	22.190
swarm_11_6.pdb	9.523	31.214	0	22.188
swarm_11_128.pdb	14.694	46.907	0	22.165
swarm_15_6.pdb	13.241	33.122	0.0810811	22.133
swarm_38_140.pdb	14.444	42.088	0	22.111
swarm_26_71.pdb	13.160	36.276	0	22.102
swarm_48_61.pdb	13.887	38.003	0	22.100
swarm_28_132.pdb	16.753	35.213	0	22.082
swarm_80_113.pdb	16.086	45.433	0	22.056
swarm_2_154.pdb	11.001	30.757	0	22.045
swarm_33_161.pdb	11.086	37.013	0.027027	22.032
swarm_11_61.pdb	15.933	39.703	0	21.997
swarm_20_12.pdb	10.871	31.151	0.0135135	21.994
swarm_52_62.pdb	9.300	31.864	0	21.963
swarm_33_113.pdb	13.073	37.802	0	21.960
swarm_19_124.pdb	14.790	43.641	0	21.956
swarm_4_128.pdb	13.951	33.734	0	21.955
swarm_11_53.pdb	13.992	32.948	0	21.934
swarm_0_80.pdb	15.301	35.075	0	21.930
swarm_34_188.pdb	9.465	34.652	0.0135135	21.920
swarm_5_40.pdb	9.755	31.627	0.0675676	21.909
swarm_43_78.pdb	15.585	43.386	0	21.891
swarm_57_96.pdb	16.116	39.264	0	21.856
swarm_49_196.pdb	14.041	38.520	0.0405405	21.837
swarm_59_25.pdb	12.141	27.186	0.0945946	21.831
swarm_58_82.pdb	10.673	34.379	0	21.818
swarm_43_120.pdb	16.319	42.006	0	21.811
swarm_26_172.pdb	13.108	38.400	0	21.802
swarm_36_128.pdb	13.644	38.026	0	21.768
swarm_65_101.pdb	13.629	40.190	0.0135135	21.767
swarm_27_5.pdb	17.213	45.284	0	21.756
swarm_34_162.pdb	8.782	29.449	0.027027	21.731
swarm_48_52.pdb	14.476	33.601	0	21.670
swarm_18_77.pdb	12.189	34.908	0	21.644
swarm_6_178.pdb	14.719	37.620	0.0135135	21.611
swarm_9_112.pdb	14.353	35.340	0	21.597
swarm_80_134.pdb	13.215	47.733	0	21.570
swarm_28_182.pdb	17.683	44.192	0	21.567
swarm_10_55.pdb	11.152	42.940	0.0810811	21.551
swarm_35_30.pdb	14.859	30.546	0	21.540
swarm_27_125.pdb	10.323	32.372	0.0135135	21.511
swarm_2_110.pdb	11.016	33.310	0	21.469
swarm_18_5.pdb	8.425	27.313	0.027027	21.452
swarm_16_113.pdb	7.158	24.950	0.0540541	21.448
swarm_78_145.pdb	15.992	33.192	0	21.444
swarm_7_87.pdb	13.911	35.860	0	21.400
swarm_52_139.pdb	15.191	33.284	0	21.389
swarm_56_35.pdb	6.700	24.573	0.0405405	21.383
swarm_17_5.pdb	14.316	33.242	0	21.383
swarm_52_129.pdb	10.312	34.160	0.0675676	21.363
swarm_32_179.pdb	15.369	31.648	0	21.328
swarm_25_0.pdb	8.619	21.940	0.0405405	21.323
swarm_61_178.pdb	12.090	40.397	0	21.307
swarm_45_173.pdb	11.253	36.924	0.0540541	21.277
swarm_37_129.pdb	13.301	35.669	0	21.252
swarm_4_147.pdb	8.782	25.416	0.027027	21.247
swarm_9_104.pdb	13.295	36.641	0	21.244
swarm_56_189.pdb	13.104	30.199	0.0675676	21.244
swarm_41_178.pdb	10.971	33.124	0	21.233
swarm_45_29.pdb	14.624	33.189	0	21.218
swarm_31_33.pdb	14.801	31.986	0.0135135	21.217
swarm_35_98.pdb	15.257	35.620	0	21.216
swarm_10_159.pdb	15.104	43.240	0	21.154
swarm_62_28.pdb	18.073	43.739	0	21.129
swarm_62_199.pdb	14.736	45.844	0	21.120
swarm_10_163.pdb	13.574	38.435	0	21.100
swarm_52_130.pdb	17.508	42.339	0	21.041
swarm_50_53.pdb	14.194	41.030	0	21.025
swarm_13_71.pdb	12.345	35.460	0.0135135	21.006
swarm_12_176.pdb	12.762	28.447	0.0405405	20.987
swarm_51_18.pdb	15.356	37.884	0.0405405	20.970
swarm_34_197.pdb	16.115	38.992	0	20.957
swarm_56_22.pdb	14.777	40.225	0.0135135	20.931
swarm_22_57.pdb	14.334	36.975	0	20.929
swarm_6_81.pdb	14.537	37.565	0	20.922
swarm_18_66.pdb	16.198	37.861	0	20.914
swarm_52_179.pdb	14.639	29.048	0	20.859
swarm_51_181.pdb	15.525	37.598	0.0135135	20.817
swarm_58_112.pdb	8.238	31.722	0.0135135	20.793
swarm_57_134.pdb	15.496	38.760	0	20.772
swarm_0_62.pdb	14.510	30.813	0	20.741
swarm_58_29.pdb	10.005	32.680	0	20.707
swarm_41_30.pdb	15.639	39.744	0	20.704
swarm_61_184.pdb	13.115	34.042	0	20.684
swarm_10_24.pdb	15.786	30.127	0	20.659
swarm_36_144.pdb	9.695	29.317	0.0405405	20.630
swarm_10_177.pdb	15.091	44.330	0	20.630
swarm_33_135.pdb	14.014	33.525	0	20.588
swarm_9_40.pdb	15.599	39.681	0	20.522
swarm_51_120.pdb	16.323	45.563	0	20.506
swarm_69_65.pdb	12.161	38.780	0	20.502
swarm_18_106.pdb	13.067	39.374	0	20.499
swarm_61_159.pdb	15.420	36.089	0.0405405	20.473
swarm_85_40.pdb	7.691	21.895	0.0810811	20.472
swarm_56_62.pdb	15.811	33.404	0	20.468
swarm_20_19.pdb	12.564	41.481	0	20.436
swarm_5_176.pdb	14.774	36.841	0	20.408
swarm_0_146.pdb	13.196	24.643	0.135135	20.396
swarm_78_41.pdb	11.076	35.791	0	20.386
swarm_44_146.pdb	12.878	30.939	0.0135135	20.367
swarm_43_71.pdb	17.245	41.221	0	20.353
swarm_37_151.pdb	14.958	31.664	0	20.345
swarm_45_140.pdb	13.863	35.474	0	20.311
swarm_37_9.pdb	12.295	29.979	0	20.302
swarm_52_136.pdb	14.000	32.190	0	20.263
swarm_29_47.pdb	12.864	26.701	0	20.263
swarm_45_93.pdb	15.518	38.275	0	20.251
swarm_4_68.pdb	7.820	27.650	0.0945946	20.239
swarm_19_134.pdb	7.122	21.386	0.162162	20.191
swarm_36_9.pdb	12.599	33.050	0	20.188
swarm_3_168.pdb	11.354	33.254	0	20.180
swarm_23_128.pdb	14.223	35.986	0	20.169
swarm_8_191.pdb	14.807	33.449	0.0405405	20.154
swarm_69_11.pdb	12.830	43.170	0	20.151
swarm_36_14.pdb	13.647	38.251	0.0540541	20.125
swarm_1_148.pdb	14.617	27.542	0	20.107
swarm_35_1.pdb	11.630	35.912	0	20.101
swarm_44_143.pdb	9.546	27.360	0	20.044
swarm_61_86.pdb	9.487	34.264	0.027027	20.000
swarm_22_28.pdb	11.877	35.236	0	19.999
swarm_41_107.pdb	15.369	43.802	0	19.990
swarm_37_84.pdb	6.959	26.235	0.0135135	19.955
swarm_48_47.pdb	13.030	32.248	0	19.949
swarm_11_133.pdb	15.754	38.671	0	19.947
swarm_66_185.pdb	16.373	39.913	0	19.931
swarm_37_33.pdb	14.622	35.228	0	19.929
swarm_34_170.pdb	15.208	38.060	0	19.925
swarm_34_139.pdb	13.444	37.997	0	19.918
swarm_65_15.pdb	15.755	36.226	0	19.890
swarm_67_199.pdb	3.871	14.374	0.297297	19.889
swarm_38_38.pdb	15.178	36.916	0	19.872
swarm_58_58.pdb	14.905	33.323	0	19.863
swarm_39_3.pdb	15.545	42.458	0	19.853
swarm_6_144.pdb	11.100	31.352	0	19.837
swarm_38_50.pdb	14.304	36.990	0	19.836
swarm_11_32.pdb	10.046	22.568	0.0135135	19.828
swarm_23_1.pdb	14.225	31.152	0	19.823
swarm_49_79.pdb	14.536	27.581	0.108108	19.814
swarm_85_179.pdb	13.998	33.535	0	19.802
swarm_62_118.pdb	16.452	43.006	0	19.800
swarm_37_56.pdb	14.274	30.229	0	19.780
swarm_34_109.pdb	6.789	25.044	0.0540541	19.773
swarm_47_15.pdb	10.745	30.258	0.0675676	19.759
swarm_9_174.pdb	17.600	42.370	0	19.741
swarm_77_39.pdb	18.276	42.996	0	19.728
swarm_27_164.pdb	14.788	43.238	0	19.713
swarm_35_144.pdb	14.268	30.858	0	19.693
swarm_37_46.pdb	12.634	39.181	0.0135135	19.687
swarm_51_85.pdb	14.633	33.153	0	19.678
swarm_17_36.pdb	13.822	33.369	0.0135135	19.671
swarm_62_77.pdb	11.770	45.475	0	19.663
swarm_1_127.pdb	8.430	23.869	0.027027	19.663
swarm_52_81.pdb	14.738	32.525	0.0135135	19.651
swarm_37_5.pdb	14.426	35.512	0	19.643
swarm_37_129.pdb	14.972	31.013	0	19.629
swarm_82_145.pdb	17.601	49.280	0	19.624
swarm_23_40.pdb	16.705	40.183	0	19.618
swarm_68_163.pdb	12.835	34.112	0	19.609
swarm_21_55.pdb	15.530	32.219	0	19.596
swarm_56_121.pdb	7.904	28.026	0.0945946	19.587
swarm_61_195.pdb	9.583	32.907	0.0405405	19.571
swarm_51_92.pdb	17.376	40.577	0	19.557
swarm_53_164.pdb	13.326	25.953	0.0405405	19.555
swarm_41_104.pdb	15.307	38.629	0	19.509
swarm_5_19.pdb	12.149	37.829	0.027027	19.508
swarm_48_106.pdb	14.074	34.605	0	19.505
swarm_38_190.pdb	16.873	38.269	0.0405405	19.500
swarm_11_78.pdb	17.236	43.816	0	19.482
swarm_42_77.pdb	13.366	33.659	0	19.479
swarm_82_46.pdb	16.332	48.943	0	19.469
swarm_33_41.pdb	11.561	32.725	0.027027	19.465
swarm_11_147.pdb	11.729	26.638	0	19.465
swarm_48_116.pdb	7.166	28.586	0.0405405	19.456
swarm_25_126.pdb	7.212	20.659	0.0135135	19.442
swarm_41_124.pdb	14.729	31.629	0	19.426
swarm_24_131.pdb	12.136	32.075	0	19.423
swarm_5_103.pdb	14.407	32.803	0	19.395
swarm_44_138.pdb	15.109	35.617	0	19.387
swarm_62_158.pdb	14.677	41.218	0	19.372
swarm_23_151.pdb	12.286	30.452	0.027027	19.366
swarm_68_12.pdb	16.082	40.551	0	19.356
swarm_45_174.pdb	12.857	35.838	0	19.355
swarm_17_181.pdb	8.189	28.567	0.0945946	19.343
swarm_56_123.pdb	15.283	42.601	0	19.325
swarm_48_126.pdb	14.728	32.281	0	19.290
swarm_21_59.pdb	16.530	39.935	0	19.285
swarm_58_175.pdb	14.511	32.914	0	19.244
swarm_19_30.pdb	16.215	44.329	0	19.218
swarm_49_23.pdb	11.812	25.897	0.108108	19.201
swarm_64_131.pdb	10.869	31.746	0	19.195
swarm_23_108.pdb	14.889	34.586	0	19.183
swarm_5_163.pdb	15.176	36.867	0	19.182
swarm_51_102.pdb	9.333	25.136	0	19.164
swarm_36_126.pdb	15.012	38.941	0	19.163
swarm_47_64.pdb	5.214	15.723	0.243243	19.160
swarm_23_127.pdb	8.689	25.956	0.135135	19.135
swarm_37_98.pdb	14.002	33.515	0	19.117
swarm_27_117.pdb	10.458	33.114	0	19.104
swarm_85_172.pdb	11.333	23.547	0	19.086
swarm_7_60.pdb	10.652	28.661	0	19.059
swarm_85_146.pdb	8.074	30.510	0.0945946	19.058
swarm_39_126.pdb	16.241	31.436	0	19.053
swarm_1_86.pdb	11.758	27.024	0.135135	19.042
swarm_44_25.pdb	12.755	34.588	0.0135135	19.033
swarm_45_30.pdb	14.497	34.565	0	19.032
swarm_36_7.pdb	14.943	38.349	0	19.008
swarm_41_32.pdb	8.541	20.508	0	18.991
swarm_53_108.pdb	14.078	25.137	0.0945946	18.986
swarm_2_188.pdb	15.141	32.919	0	18.976
swarm_2_111.pdb	12.574	30.189	0.121622	18.976
swarm_55_168.pdb	14.007	36.516	0.0135135	18.954
swarm_38_129.pdb	13.132	37.524	0	18.950
swarm_20_138.pdb	16.051	47.122	0	18.935
swarm_16_100.pdb	16.756	38.931	0	18.925
swarm_18_161.pdb	14.617	43.209	0	18.861
swarm_44_84.pdb	14.137	37.945	0	18.825
swarm_5_108.pdb	11.563	32.907	0	18.799
swarm_78_30.pdb	9.614	29.805	0.027027	18.774
swarm_16_28.pdb	16.454	40.096	0	18.773
swarm_16_68.pdb	12.695	24.586	0.0945946	18.763
swarm_43_35.pdb	14.682	40.194	0.027027	18.714
swarm_23_85.pdb	15.676	32.355	0	18.696
swarm_8_57.pdb	14.625	30.640	0	18.685
swarm_55_108.pdb	14.779	39.274	0.0405405	18.685
swarm_77_124.pdb	13.376	39.319	0.0135135	18.630
swarm_20_142.pdb	5.308	17.149	0.135135	18.623
swarm_7_55.pdb	10.503	34.129	0	18.588
swarm_34_71.pdb	13.540	29.301	0	18.573
swarm_5_16.pdb	15.625	31.802	0	18.567
swarm_5_140.pdb	14.552	32.709	0.0135135	18.566
swarm_18_168.pdb	15.934	37.726	0	18.554
swarm_17_107.pdb	17.578	35.918	0	18.528
swarm_77_52.pdb	13.192	42.191	0	18.486
swarm_22_46.pdb	5.586	19.762	0.216216	18.473
swarm_35_90.pdb	7.764	17.584	0.0675676	18.450
swarm_72_32.pdb	15.456	37.234	0	18.412
swarm_27_106.pdb	13.636	37.778	0.0540541	18.409
swarm_42_128.pdb	15.257	31.129	0	18.397
swarm_29_56.pdb	11.111	23.547	0	18.397
swarm_18_142.pdb	14.560	32.927	0	18.395
swarm_5_41.pdb	14.293	32.383	0	18.348
swarm_43_43.pdb	15.470	39.180	0	18.345
swarm_45_125.pdb	13.924	30.595	0	18.333
swarm_56_155.pdb	12.353	36.941	0	18.300
swarm_2_198.pdb	11.749	39.489	0.0135135	18.300
swarm_39_173.pdb	13.348	41.565	0	18.293
swarm_18_173.pdb	14.277	33.301	0	18.287
swarm_66_145.pdb	16.483	39.071	0	18.271
swarm_55_15.pdb	17.803	38.742	0	18.268
swarm_1_154.pdb	4.719	11.470	0.0540541	18.242
swarm_0_23.pdb	13.417	26.797	0.0135135	18.242
swarm_63_79.pdb	16.040	45.174	0	18.202
swarm_56_195.pdb	17.601	40.900	0	18.182
swarm_39_188.pdb	15.331	40.000	0.027027	18.164
swarm_58_184.pdb	15.293	41.072	0	18.127
swarm_35_50.pdb	13.762	29.798	0	18.102
swarm_34_141.pdb	12.321	37.461	0.0540541	18.073
swarm_31_91.pdb	14.823	32.279	0	18.070
swarm_6_42.pdb	14.678	35.382	0	18.068
swarm_19_91.pdb	16.387	42.065	0	18.052
swarm_73_112.pdb	14.474	32.740	0	18.033
swarm_61_177.pdb	14.609	38.022	0	18.009
swarm_19_146.pdb	14.207	43.020	0	17.966
swarm_19_20.pdb	13.116	25.122	0.0540541	17.918
swarm_7_78.pdb	16.198	40.303	0.0135135	17.913
swarm_20_191.pdb	12.094	37.842	0	17.909
swarm_38_69.pdb	14.696	36.488	0	17.881
swarm_72_152.pdb	16.531	41.204	0	17.861
swarm_67_104.pdb	14.312	25.838	0	17.848
swarm_4_68.pdb	15.228	34.497	0	17.837
swarm_7_94.pdb	12.128	27.297	0.0540541	17.830
swarm_41_48.pdb	13.240	24.099	0.0135135	17.821
swarm_78_139.pdb	13.159	29.079	0	17.814
swarm_39_137.pdb	16.759	43.501	0	17.811
swarm_48_78.pdb	11.006	29.747	0	17.805
swarm_38_49.pdb	13.997	32.840	0	17.798
swarm_21_5.pdb	14.418	35.260	0	17.763
swarm_36_87.pdb	15.426	37.596	0.027027	17.752
swarm_51_55.pdb	8.813	28.304	0	17.740
swarm_78_66.pdb	12.707	32.161	0.0540541	17.702
swarm_21_101.pdb	11.984	34.892	0	17.699
swarm_51_30.pdb	15.754	38.990	0	17.676
swarm_14_148.pdb	13.168	30.068	0.0810811	17.649
swarm_75_194.pdb	15.599	45.815	0	17.640
swarm_39_73.pdb	5.532	17.828	0.27027	17.604
swarm_6_145.pdb	4.967	16.953	0.189189	17.585
swarm_63_182.pdb	15.397	37.319	0.027027	17.528
swarm_78_62.pdb	15.836	36.813	0	17.492
swarm_41_67.pdb	13.650	27.092	0	17.485
swarm_17_163.pdb	7.458	21.397	0.162162	17.454
swarm_69_124.pdb	11.930	45.014	0	17.443
swarm_35_6.pdb	15.461	36.086	0	17.421
swarm_33_83.pdb	15.784	35.405	0	17.405
swarm_33_115.pdb	15.198	39.077	0	17.404
swarm_50_53.pdb	11.011	33.890	0	17.401
swarm_16_33.pdb	11.668	38.630	0	17.371
swarm_21_197.pdb	14.404	35.872	0	17.349
swarm_35_58.pdb	14.355	33.698	0	17.312
swarm_15_53.pdb	11.521	34.131	0.0945946	17.307
swarm_51_106.pdb	15.342	33.201	0	17.279
swarm_52_180.pdb	14.968	39.448	0	17.274
swarm_20_128.pdb	7.468	24.002	0.189189	17.256
swarm_51_105.pdb	6.747	23.764	0.135135	17.250
swarm_9_183.pdb	14.623	36.092	0	17.220
swarm_28_60.pdb	13.656	43.616	0	17.200
swarm_20_77.pdb	13.583	22.144	0	17.189
swarm_45_84.pdb	7.479	25.795	0.0810811	17.175
swarm_2_4.pdb	14.136	32.076	0	17.173
swarm_22_171.pdb	11.363	25.474	0.135135	17.172
swarm_0_17.pdb	14.681	26.535	0	17.165
swarm_35_103.pdb	5.758	11.281	0.027027	17.164
swarm_12_47.pdb	15.162	29.689	0	17.118
swarm_8_134.pdb	9.659	31.700	0.0540541	17.095
swarm_41_123.pdb	14.859	32.458	0.0135135	17.062
swarm_42_163.pdb	12.320	37.636	0	17.030
swarm_52_116.pdb	13.354	40.001	0	17.017
swarm_7_106.pdb	10.557	37.479	0.0405405	17.015
swarm_23_80.pdb	12.050	34.139	0	17.001
swarm_23_70.pdb	13.438	35.964	0	16.961
swarm_51_140.pdb	10.338	37.190	0.0135135	16.956
swarm_52_7.pdb	13.037	24.023	0	16.952
swarm_8_48.pdb	13.259	38.189	0.0135135	16.950
swarm_78_24.pdb	11.863	32.263	0	16.932
swarm_75_187.pdb	17.312	39.036	0	16.932
swarm_8_151.pdb	15.802	35.435	0	16.916
swarm_76_57.pdb	14.358	40.939	0	16.879
swarm_8_196.pdb	15.346	30.504	0	16.872
swarm_5_32.pdb	14.430	33.802	0	16.810
swarm_61_148.pdb	17.555	39.012	0	16.804
swarm_5_9.pdb	15.748	35.978	0	16.763
swarm_34_92.pdb	13.050	34.931	0	16.719
swarm_42_5.pdb	15.806	37.131	0	16.710
swarm_35_47.pdb	12.535	24.639	0.0405405	16.709
swarm_18_174.pdb	14.677	39.888	0	16.703
swarm_35_181.pdb	15.420	32.662	0	16.658
swarm_45_77.pdb	14.095	33.998	0	16.639
swarm_36_159.pdb	7.262	26.246	0.0540541	16.608
swarm_17_194.pdb	16.040	36.154	0	16.600
swarm_11_4.pdb	10.818	22.410	0	16.592
swarm_16_56.pdb	13.659	38.042	0.0675676	16.585
swarm_11_141.pdb	10.010	20.824	0	16.570
swarm_11_42.pdb	15.721	27.273	0	16.536
swarm_17_26.pdb	11.330	21.023	0	16.513
swarm_8_70.pdb	10.701	31.330	0.0540541	16.512
swarm_4_66.pdb	13.820	30.285	0.027027	16.505
swarm_0_199.pdb	14.021	27.490	0	16.495
swarm_6_81.pdb	12.814	24.014	0.108108	16.475
swarm_39_56.pdb	15.773	35.863	0	16.473
swarm_34_175.pdb	14.140	35.499	0	16.460
swarm_13_105.pdb	16.462	38.103	0	16.456
swarm_61_197.pdb	14.378	36.582	0	16.451
swarm_26_183.pdb	9.833	29.170	0	16.391
swarm_22_139.pdb	15.440	36.204	0	16.390
swarm_61_160.pdb	16.301	37.987	0	16.328
swarm_5_133.pdb	10.227	21.074	0.0405405	16.317
swarm_36_128.pdb	9.200	26.883	0.0540541	16.311
swarm_78_124.pdb	15.626	30.188	0.0405405	16.308
swarm_65_156.pdb	15.721	35.446	0	16.293
swarm_56_160.pdb	12.514	39.847	0.0405405	16.291
swarm_37_166.pdb	14.902	37.999	0.0540541	16.291
swarm_11_14.pdb	14.365	26.538	0	16.269
swarm_1_106.pdb	14.010	29.921	0.0810811	16.262
swarm_45_74.pdb	13.922	30.816	0	16.260
swarm_36_145.pdb	14.994	33.116	0.0135135	16.227
swarm_14_23.pdb	17.158	36.004	0	16.227
swarm_65_59.pdb	15.269	34.869	0	16.225
swarm_52_177.pdb	16.424	40.810	0	16.212
swarm_63_16.pdb	10.868	41.882	0	16.143
swarm_25_16.pdb	17.047	37.352	0	16.055
swarm_45_92.pdb	14.942	31.829	0	16.050
swarm_23_62.pdb	14.727	29.566	0.0405405	16.045
swarm_58_149.pdb	14.783	41.943	0.027027	16.023
swarm_21_160.pdb	15.738	35.704	0	16.007
swarm_0_177.pdb	9.061	19.790	0.0135135	15.999
swarm_51_69.pdb	12.570	35.142	0	15.998
swarm_31_62.pdb	13.705	31.775	0	15.986
swarm_39_58.pdb	6.976	25.766	0.0810811	15.978
swarm_17_171.pdb	10.650	27.338	0.0405405	15.969
swarm_7_167.pdb	17.257	32.873	0	15.954
swarm_11_196.pdb	5.903	21.632	0.027027	15.947
swarm_36_127.pdb	10.198	28.944	0.0135135	15.927
swarm_33_99.pdb	15.201	33.093	0.0135135	15.927
swarm_26_192.pdb	14.187	46.014	0	15.855
swarm_24_14.pdb	15.286	29.759	0	15.810
swarm_21_160.pdb	14.678	32.551	0	15.783
swarm_28_181.pdb	16.719	37.462	0	15.777
swarm_60_150.pdb	16.484	43.764	0	15.758
swarm_6_170.pdb	4.586	11.430	0.297297	15.753
swarm_27_122.pdb	12.327	37.382	0	15.720
swarm_67_19.pdb	12.530	23.972	0.0945946	15.715
swarm_38_43.pdb	13.891	37.727	0	15.711
swarm_52_52.pdb	15.377	41.369	0	15.658
swarm_27_16.pdb	17.612	38.402	0	15.647
swarm_43_30.pdb	17.265	43.797	0	15.620
swarm_7_122.pdb	13.452	34.872	0	15.594
swarm_67_84.pdb	8.278	26.648	0.0540541	15.523
swarm_35_27.pdb	10.187	26.238	0.0405405	15.493
swarm_43_68.pdb	14.291	46.286	0.0135135	15.481
swarm_70_197.pdb	11.201	44.701	0	15.468
swarm_7_66.pdb	10.259	28.441	0.0405405	15.425
swarm_78_6.pdb	11.479	27.306	0.0945946	15.368
swarm_78_20.pdb	13.165	29.675	0	15.361
swarm_16_155.pdb	14.037	37.023	0	15.344
swarm_21_93.pdb	15.114	35.078	0	15.297
swarm_61_66.pdb	15.055	38.916	0	15.295
swarm_35_182.pdb	10.706	27.094	0	15.256
swarm_36_30.pdb	13.243	32.932	0	15.251
swarm_18_95.pdb	17.216	46.205	0	15.248
swarm_9_37.pdb	15.621	43.642	0.0135135	15.228
swarm_17_156.pdb	9.679	25.755	0	15.192
swarm_6_151.pdb	14.305	27.341	0	15.173
swarm_5_109.pdb	13.050	22.658	0	15.152
swarm_44_53.pdb	8.676	23.800	0	15.109
swarm_11_27.pdb	15.252	27.458	0.0945946	15.108
swarm_48_5.pdb	8.729	19.349	0.0405405	15.083
swarm_9_5.pdb	14.582	37.988	0.0135135	15.056
swarm_5_53.pdb	14.294	25.432	0.0810811	15.042
swarm_67_61.pdb	12.436	28.052	0.0810811	15.034
swarm_16_166.pdb	9.008	29.740	0.027027	15.029
swarm_78_171.pdb	12.074	30.602	0	15.014
swarm_36_35.pdb	14.533	35.605	0	14.956
swarm_63_196.pdb	16.301	41.833	0	14.943
swarm_12_135.pdb	13.603	32.146	0.0135135	14.937
swarm_41_85.pdb	12.661	31.032	0.027027	14.920
swarm_34_119.pdb	8.746	22.575	0.0540541	14.917
swarm_31_79.pdb	14.538	30.072	0	14.904
swarm_6_110.pdb	15.870	33.459	0	14.889
swarm_21_179.pdb	10.008	32.100	0	14.828
swarm_17_2.pdb	13.251	25.495	0	14.810
swarm_5_161.pdb	14.603	37.541	0	14.717
swarm_56_198.pdb	14.680	28.821	0	14.607
swarm_0_38.pdb	8.820	17.915	0.0675676	14.592
swarm_45_137.pdb	11.535	30.013	0.0135135	14.573
swarm_27_121.pdb	15.181	35.333	0	14.559
swarm_68_83.pdb	17.189	33.742	0	14.538
swarm_0_188.pdb	9.144	26.155	0.027027	14.527
swarm_16_102.pdb	12.207	40.841	0	14.502
swarm_14_69.pdb	8.313	19.559	0.0945946	14.459
swarm_38_47.pdb	14.009	34.448	0	14.456
swarm_10_141.pdb	8.472	20.396	0.0810811	14.438
swarm_43_158.pdb	16.181	45.854	0	14.416
swarm_36_181.pdb	16.621	30.675	0	14.382
swarm_56_76.pdb	16.114	26.500	0	14.368
swarm_0_183.pdb	15.125	28.328	0.027027	14.353
swarm_44_192.pdb	13.983	33.791	0	14.331
swarm_9_19.pdb	13.761	42.189	0	14.320
swarm_59_198.pdb	12.178	28.877	0.0540541	14.302
swarm_45_113.pdb	8.033	26.765	0.0135135	14.271
swarm_50_119.pdb	16.035	41.175	0	14.221
swarm_52_105.pdb	17.573	38.379	0	14.152
swarm_5_80.pdb	7.542	24.916	0	14.050
swarm_45_81.pdb	9.207	27.057	0.027027	13.983
swarm_11_101.pdb	15.799	42.557	0	13.982
swarm_46_116.pdb	12.997	41.195	0	13.948
swarm_8_189.pdb	13.245	32.527	0	13.943
swarm_78_70.pdb	14.071	33.978	0	13.936
swarm_52_159.pdb	15.419	38.680	0	13.913
swarm_60_1.pdb	17.321	35.977	0	13.860
swarm_35_161.pdb	11.229	34.916	0	13.847
swarm_72_99.pdb	15.462	45.681	0	13.816
swarm_49_141.pdb	14.471	29.077	0	13.790
swarm_15_29.pdb	11.299	39.007	0.0135135	13.681
swarm_25_151.pdb	16.487	38.801	0	13.654
swarm_16_30.pdb	15.884	31.289	0	13.653
swarm_1_112.pdb	15.513	28.413	0	13.574
swarm_1_68.pdb	13.827	27.224	0	13.406
swarm_16_133.pdb	8.736	27.516	0.027027	13.300
swarm_4_164.pdb	13.941	32.524	0	13.290
swarm_15_177.pdb	14.195	31.523	0	13.269
swarm_4_63.pdb	8.362	25.276	0.0405405	13.266
swarm_25_167.pdb	12.494	43.733	0.0405405	13.244
swarm_45_118.pdb	7.673	27.881	0	13.238
swarm_11_164.pdb	14.072	31.834	0.108108	13.237
swarm_11_75.pdb	11.240	32.668	0	13.236
swarm_63_116.pdb	10.658	40.868	0.0135135	13.227
swarm_36_40.pdb	14.379	36.329	0	13.090
swarm_60_152.pdb	16.104	34.290	0.0135135	13.073
swarm_38_2.pdb	17.135	36.349	0	13.028
swarm_56_86.pdb	14.512	36.618	0.0405405	13.025
swarm_39_185.pdb	16.265	29.796	0	13.010
swarm_67_166.pdb	15.435	27.943	0	12.954
swarm_41_95.pdb	12.192	25.758	0.256757	12.946
swarm_78_136.pdb	16.138	35.035	0	12.561
swarm_45_178.pdb	9.751	31.228	0.0135135	12.415
swarm_27_60.pdb	9.362	29.122	0	12.408
swarm_10_71.pdb	10.827	28.483	0	12.400
swarm_8_171.pdb	13.663	25.157	0	12.391
swarm_2_58.pdb	15.310	31.973	0	12.363
swarm_8_120.pdb	13.279	28.434	0	12.350
swarm_49_3.pdb	9.851	22.667	0.0135135	12.272
swarm_53_107.pdb	8.968	18.555	0	12.201
swarm_8_119.pdb	7.726	20.710	0.27027	12.159
swarm_43_124.pdb	17.029	43.424	0	12.127
swarm_60_189.pdb	13.493	37.290	0	12.107
swarm_25_184.pdb	14.412	33.137	0.0945946	12.018
swarm_31_73.pdb	7.156	17.111	0	11.936
swarm_45_40.pdb	7.275	19.100	0	11.912
swarm_6_100.pdb	13.896	26.074	0	11.814
swarm_10_59.pdb	9.196	20.042	0.0810811	11.813
swarm_21_18.pdb	15.972	34.021	0	11.790
swarm_33_171.pdb	12.097	32.608	0	11.776
swarm_17_163.pdb	11.089	32.837	0.0945946	11.593
swarm_19_167.pdb	16.737	43.795	0	11.168
swarm_0_0.pdb	12.298	26.618	0	11.078
swarm_38_169.pdb	12.279	32.525	0.0135135	11.046
swarm_67_17.pdb	13.606	26.542	0	10.962
swarm_1_157.pdb	4.708	12.658	0.189189	10.933
swarm_53_37.pdb	13.176	24.767	0.0810811	10.925
swarm_46_155.pdb	15.502	36.529	0	10.911
swarm_56_60.pdb	13.941	40.880	0.0135135	10.755
swarm_35_192.pdb	10.873	21.343	0	10.659
swarm_1_52.pdb	13.653	27.095	0	10.582
swarm_66_50.pdb	13.645	38.688	0	10.500
swarm_8_181.pdb	13.724	29.314	0.108108	10.312
swarm_54_105.pdb	7.531	15.174	0.0810811	9.995
swarm_1_114.pdb	15.175	25.720	0	9.973
swarm_45_36.pdb	12.504	32.420	0.135135	9.949
swarm_45_196.pdb	15.181	28.627	0	9.855
swarm_1_56.pdb	15.767	25.671	0	9.752
swarm_48_144.pdb	14.810	33.146	0	9.526
swarm_21_131.pdb	12.890	34.784	0	9.503
swarm_41_60.pdb	8.856	20.723	0.0945946	9.349
swarm_59_132.pdb	17.565	35.264	0	9.238
swarm_1_155.pdb	14.133	35.129	0.121622	9.224
swarm_67_52.pdb	13.972	31.668	0	9.063
swarm_46_38.pdb	8.412	23.356	0.0810811	8.911
swarm_8_104.pdb	9.811	19.349	0.0675676	8.871
swarm_52_10.pdb	14.578	39.787	0.0135135	8.807
swarm_15_183.pdb	15.761	45.312	0	8.798
swarm_19_80.pdb	13.652	26.304	0.148649	8.741
swarm_19_21.pdb	10.265	22.228	0.108108	8.523
swarm_9_117.pdb	14.224	43.514	0	8.356
swarm_58_196.pdb	6.538	13.712	0.108108	8.111
swarm_54_80.pdb	10.671	36.396	0.0135135	7.916
swarm_42_22.pdb	9.971	36.971	0.0135135	7.628
swarm_33_150.pdb	14.790	39.952	0	7.602
swarm_42_157.pdb	10.736	37.412	0	7.550
swarm_52_95.pdb	15.827	41.375	0	7.452
swarm_44_64.pdb	13.537	30.138	0.0675676	7.366
swarm_38_178.pdb	6.513	13.038	0.0945946	7.360
swarm_51_70.pdb	18.294	41.434	0	7.336
swarm_13_7.pdb	12.066	33.404	0	7.227
swarm_11_13.pdb	5.293	13.495	0.0675676	7.208
swarm_9_92.pdb	12.410	29.750	0	7.178
swarm_8_129.pdb	13.435	43.459	0	7.046
swarm_38_101.pdb	14.096	41.108	0.0135135	6.980
swarm_37_141.pdb	11.799	24.058	0	6.942
swarm_36_106.pdb	12.271	35.158	0.0945946	6.753
swarm_36_143.pdb	12.573	34.643	0.0810811	6.495
swarm_53_26.pdb	12.149	25.459	0.108108	6.098
swarm_73_129.pdb	15.774	41.780	0	5.251
swarm_23_22.pdb	10.194	32.934	0.0540541	5.218
swarm_73_2.pdb	17.426	39.555	0	5.196
swarm_41_49.pdb	14.210	43.092	0	4.568
swarm_67_13.pdb	7.555	22.531	0.0945946	4.529
swarm_34_49.pdb	15.609	31.225	0	4.434
swarm_38_42.pdb	17.555	40.756	0	4.378
swarm_45_21.pdb	12.592	29.863	0	3.578
swarm_60_75.pdb	10.524	32.289	0.0405405	3.474
swarm_53_80.pdb	10.897	36.443	0	3.446
swarm_45_71.pdb	11.947	42.966	0	2.841
swarm_56_182.pdb	10.529	33.907	0.0540541	2.651
swarm_17_168.pdb	7.925	18.472	0.175676	2.491
swarm_14_195.pdb	15.487	24.611	0	2.224
swarm_11_175.pdb	11.931	40.445	0	2.167
swarm_5_185.pdb	12.359	22.494	0.0405405	2.120
swarm_11_116.pdb	10.975	24.450	0.0135135	1.736
swarm_11_123.pdb	6.378	18.334	0.108108	1.645
swarm_10_124.pdb	8.695	25.430	0.0945946	1.608
swarm_35_140.pdb	10.451	31.091	0.189189	0.367
swarm_23_170.pdb	10.955	32.563	0	0.174
