swarm_38_65.pdb	6.624	21.214	0.108108	44.579
swarm_39_131.pdb	6.520	20.710	0.121622	40.142
swarm_53_145.pdb	6.516	20.344	0.135135	38.781
swarm_27_70.pdb	15.577	49.808	0	38.007
swarm_47_170.pdb	6.421	20.221	0.135135	37.811
swarm_40_158.pdb	6.289	22.935	0.0945946	33.851
swarm_20_14.pdb	14.094	46.057	0	33.051
swarm_14_70.pdb	5.671	20.251	0.162162	32.923
swarm_4_65.pdb	6.812	17.915	0.027027	31.809
swarm_53_180.pdb	5.553	18.198	0.0945946	30.649
swarm_58_77.pdb	14.013	44.717	0	30.397
swarm_35_88.pdb	5.414	19.983	0.324324	30.141
swarm_1_74.pdb	4.400	16.987	0.351351	28.906
swarm_34_58.pdb	10.657	31.855	0	28.879
swarm_25_87.pdb	14.500	46.404	0	28.177
swarm_38_160.pdb	2.733	9.614	0.527027	28.101
swarm_5_51.pdb	10.648	30.052	0	27.620
swarm_28_27.pdb	12.457	38.946	0	27.415
swarm_35_122.pdb	5.351	16.139	0.108108	27.376
swarm_22_171.pdb	13.270	42.819	0	27.343
swarm_52_112.pdb	5.807	17.800	0.162162	27.094
swarm_56_24.pdb	10.664	30.480	0	27.000
swarm_17_157.pdb	5.333	19.530	0.216216	26.965
swarm_26_23.pdb	13.097	35.903	0	26.687
swarm_58_149.pdb	12.321	37.048	0	26.447
swarm_36_56.pdb	11.152	34.091	0	26.305
swarm_36_33.pdb	11.277	30.177	0	26.177
swarm_21_67.pdb	11.866	36.482	0	26.133
swarm_19_107.pdb	13.749	44.369	0	25.901
swarm_23_108.pdb	11.151	32.709	0	25.552
swarm_51_111.pdb	10.958	31.939	0	25.348
swarm_50_16.pdb	11.843	37.465	0	25.163
swarm_35_120.pdb	7.563	24.079	0	24.449
swarm_0_113.pdb	5.449	20.619	0.27027	24.011
swarm_38_118.pdb	5.513	19.164	0.189189	23.808
swarm_11_65.pdb	9.713	24.480	0	23.772
swarm_30_36.pdb	14.565	43.698	0	23.517
swarm_41_147.pdb	5.329	19.752	0.22973	23.429
swarm_42_123.pdb	11.149	35.753	0	23.379
swarm_52_174.pdb	5.521	19.659	0.0540541	23.218
swarm_45_135.pdb	11.282	29.224	0	23.012
swarm_41_59.pdb	5.109	13.486	0.0540541	22.813
swarm_34_189.pdb	7.139	27.862	0.0810811	22.657
swarm_58_72.pdb	16.295	42.167	0	22.375
swarm_49_135.pdb	10.923	31.784	0	21.992
swarm_2_132.pdb	11.628	33.892	0	21.852
swarm_35_33.pdb	7.908	25.379	0	21.773
swarm_32_90.pdb	4.851	12.192	0.135135	21.667
swarm_41_175.pdb	5.824	23.913	0.121622	21.205
swarm_9_177.pdb	12.948	31.620	0	21.177
swarm_6_91.pdb	10.902	31.813	0	21.074
swarm_17_37.pdb	6.072	24.862	0.121622	21.023
swarm_59_6.pdb	5.986	19.987	0.0405405	20.907
swarm_51_79.pdb	10.984	31.126	0	20.760
swarm_49_186.pdb	6.716	24.392	0.0810811	20.753
swarm_1_106.pdb	8.288	26.239	0	20.692
swarm_45_78.pdb	11.519	29.352	0	20.655
swarm_42_31.pdb	8.915	29.399	0	20.608
swarm_21_111.pdb	14.744	35.571	0	20.596
swarm_8_127.pdb	5.396	22.318	0.135135	20.427
swarm_10_40.pdb	5.503	17.895	0.027027	19.711
swarm_8_42.pdb	10.949	27.964	0	19.515
swarm_51_50.pdb	9.264	29.597	0	19.370
swarm_17_57.pdb	9.103	29.299	0	19.115
swarm_21_106.pdb	7.916	31.364	0.027027	19.000
swarm_31_59.pdb	5.703	24.516	0.121622	18.327
swarm_25_36.pdb	12.377	37.133	0	18.165
swarm_23_118.pdb	7.929	26.338	0.0945946	18.092
swarm_32_100.pdb	5.594	22.145	0.0810811	18.052
swarm_0_108.pdb	5.890	17.133	0.256757	17.694
swarm_8_176.pdb	6.218	19.444	0.027027	17.478
swarm_51_178.pdb	5.600	23.469	0.0945946	17.242
swarm_5_26.pdb	9.240	35.670	0.0405405	17.059
swarm_11_81.pdb	11.203	32.692	0	16.792
swarm_23_113.pdb	7.122	25.724	0.0675676	16.298
swarm_36_195.pdb	9.156	32.762	0.027027	16.161
swarm_48_192.pdb	6.357	21.908	0.0135135	15.958
swarm_9_188.pdb	10.317	36.742	0.0135135	15.525
swarm_11_60.pdb	6.257	22.212	0.108108	15.508
swarm_12_94.pdb	5.726	18.205	0.0405405	15.108
swarm_45_3.pdb	9.574	34.603	0	14.052
swarm_44_95.pdb	9.944	35.172	0.0135135	13.771
swarm_54_12.pdb	8.991	18.986	0.0540541	12.659
swarm_45_4.pdb	6.346	19.779	0.108108	11.997
swarm_50_147.pdb	8.490	30.436	0.0810811	11.939
swarm_16_46.pdb	4.706	16.263	0.202703	11.595
swarm_16_55.pdb	7.795	14.167	0.0135135	11.564
swarm_51_57.pdb	4.486	17.757	0.324324	11.337
swarm_54_49.pdb	5.239	11.739	0.0945946	10.787
swarm_16_183.pdb	5.102	14.018	0.121622	10.713
swarm_6_93.pdb	5.560	19.413	0.189189	9.718
swarm_5_75.pdb	3.992	15.466	0.135135	8.909
swarm_46_0.pdb	13.182	41.511	0	8.807
swarm_1_11.pdb	10.223	24.131	0	8.337
swarm_7_37.pdb	4.911	14.833	0.27027	8.303
swarm_11_177.pdb	5.903	23.184	0.0810811	8.063
swarm_8_134.pdb	7.382	26.725	0.121622	7.831
swarm_25_32.pdb	9.240	34.725	0.0135135	6.896
swarm_54_101.pdb	8.571	15.281	0	5.709
swarm_5_171.pdb	7.158	23.609	0.121622	3.123
swarm_7_117.pdb	7.225	11.858	0.0135135	2.187
swarm_1_133.pdb	5.040	14.891	0.121622	1.234
swarm_34_111.pdb	8.817	32.118	0	1.228
swarm_57_95.pdb	10.258	37.502	0	0.765
swarm_1_144.pdb	5.312	14.801	0.0405405	0.362
swarm_0_152.pdb	4.271	12.483	0.27027	0.304
