swarm_2_138.pdb	7.292	24.540	0.0243902	54.435
swarm_4_78.pdb	6.696	18.536	0.0487805	51.311
swarm_5_122.pdb	7.296	24.350	0.0243902	50.802
swarm_6_149.pdb	6.366	18.210	0.0487805	46.763
swarm_7_165.pdb	6.181	16.934	0.0487805	45.618
swarm_3_92.pdb	6.612	19.517	0.0243902	45.005
swarm_2_178.pdb	5.372	12.997	0.097561	41.321
swarm_1_123.pdb	6.031	14.927	0.0243902	41.318
swarm_0_7.pdb	5.698	13.629	0.097561	39.071
swarm_8_10.pdb	5.102	15.485	0.170732	32.618
swarm_9_197.pdb	6.242	15.849	0.0487805	32.575
swarm_3_100.pdb	5.742	14.551	0.0243902	31.849
swarm_6_83.pdb	5.423	13.507	0.0487805	29.398
swarm_7_131.pdb	5.413	13.899	0.0487805	28.935
swarm_6_159.pdb	4.099	10.503	0.121951	20.577
swarm_5_99.pdb	4.797	14.874	0.268293	12.003
swarm_0_147.pdb	7.245	22.864	0.0487805	3.861
