swarm_49_96.pdb	11.310	28.398	0	36.120
swarm_17_76.pdb	8.329	25.941	0	32.979
swarm_50_98.pdb	11.994	30.190	0	32.527
swarm_16_191.pdb	8.188	25.410	0	31.859
swarm_25_5.pdb	9.548	28.807	0	31.427
swarm_26_22.pdb	5.582	11.978	0.0243902	30.241
swarm_2_23.pdb	9.886	34.799	0	29.878
swarm_48_160.pdb	9.856	24.437	0	29.754
swarm_40_107.pdb	10.657	28.061	0	29.694
swarm_45_72.pdb	10.616	29.340	0	29.374
swarm_38_134.pdb	6.239	12.581	0	28.778
swarm_0_103.pdb	7.324	19.111	0.0487805	28.099
swarm_14_54.pdb	8.822	26.137	0	27.935
swarm_20_189.pdb	6.472	18.275	0	27.574
swarm_17_185.pdb	8.463	17.042	0	27.529
swarm_48_69.pdb	7.185	20.089	0.121951	27.101
swarm_50_92.pdb	6.285	18.923	0.097561	27.043
swarm_18_75.pdb	6.884	16.735	0	26.794
swarm_26_28.pdb	6.930	14.552	0	26.768
swarm_1_2.pdb	10.438	29.363	0	26.634
swarm_26_189.pdb	8.525	22.255	0	26.216
swarm_28_54.pdb	8.220	22.154	0	25.327
swarm_28_56.pdb	10.678	33.921	0	25.086
swarm_32_49.pdb	7.530	19.542	0.0731707	25.058
swarm_25_85.pdb	11.351	34.766	0	24.868
swarm_44_58.pdb	5.782	11.695	0	24.675
swarm_36_110.pdb	6.589	14.894	0	24.566
swarm_39_59.pdb	6.713	20.854	0.0731707	24.272
swarm_28_179.pdb	7.768	23.818	0	24.204
swarm_19_97.pdb	6.560	16.950	0.0487805	23.927
swarm_36_169.pdb	6.988	13.848	0	23.789
swarm_39_153.pdb	7.488	19.602	0.170732	23.588
swarm_35_108.pdb	10.949	30.949	0	23.577
swarm_21_13.pdb	5.170	12.474	0.0243902	23.515
swarm_19_81.pdb	6.905	16.657	0	23.144
swarm_44_107.pdb	6.346	11.217	0.0243902	22.870
swarm_39_5.pdb	7.014	12.776	0	22.833
swarm_14_71.pdb	9.171	25.742	0	22.377
swarm_7_129.pdb	10.943	34.278	0	22.278
swarm_15_154.pdb	9.814	33.820	0	21.954
swarm_4_125.pdb	5.929	20.301	0.146341	21.694
swarm_49_192.pdb	6.292	19.968	0.0731707	21.567
swarm_38_153.pdb	6.425	13.766	0.0243902	21.342
swarm_20_9.pdb	4.646	10.801	0.0487805	21.339
swarm_18_89.pdb	8.096	19.556	0	21.142
swarm_21_138.pdb	5.913	18.502	0.170732	21.129
swarm_17_98.pdb	7.188	14.706	0	20.947
swarm_4_178.pdb	10.339	24.596	0	20.783
swarm_15_118.pdb	10.614	31.391	0	20.397
swarm_51_12.pdb	10.854	33.800	0	20.148
swarm_42_47.pdb	8.404	23.128	0.195122	20.078
swarm_12_61.pdb	6.687	21.046	0.0731707	19.553
swarm_4_190.pdb	4.977	14.148	0.097561	19.147
swarm_35_110.pdb	9.366	23.510	0	18.964
swarm_25_161.pdb	10.865	31.581	0	18.190
swarm_23_132.pdb	13.139	37.627	0	18.033
swarm_21_39.pdb	7.160	13.559	0	17.444
swarm_37_9.pdb	5.805	13.776	0.0243902	17.369
swarm_37_75.pdb	5.224	12.152	0.097561	17.087
swarm_24_160.pdb	10.298	28.883	0	16.973
swarm_40_102.pdb	6.478	19.814	0.097561	16.835
swarm_4_49.pdb	7.079	16.398	0.0243902	16.637
swarm_45_34.pdb	6.366	20.948	0.0731707	16.200
swarm_40_35.pdb	9.793	32.376	0	14.749
swarm_16_120.pdb	9.596	28.176	0	14.119
swarm_35_153.pdb	10.132	32.033	0	13.947
swarm_23_40.pdb	8.632	28.647	0	12.768
swarm_23_48.pdb	10.486	38.289	0	0.071
