swarm_38_188.pdb	11.384	21.178	0.0243902	29.825
swarm_18_98.pdb	12.137	24.306	0	29.038
swarm_38_26.pdb	11.585	21.483	0.0243902	28.946
swarm_30_170.pdb	11.023	20.454	0.0243902	28.919
swarm_16_23.pdb	9.725	18.952	0.0243902	28.749
swarm_18_123.pdb	12.251	23.298	0.0243902	28.572
swarm_29_48.pdb	11.329	23.526	0.0243902	28.209
swarm_38_93.pdb	9.891	17.111	0	28.208
swarm_16_20.pdb	8.878	21.369	0.0731707	28.088
swarm_44_86.pdb	10.430	20.978	0	28.049
swarm_38_97.pdb	12.267	21.953	0	27.490
swarm_11_44.pdb	13.408	26.278	0	27.469
swarm_19_71.pdb	9.316	18.370	0.0243902	27.463
swarm_17_52.pdb	8.073	17.904	0	27.045
swarm_17_148.pdb	8.967	18.605	0	26.952
swarm_32_11.pdb	12.790	23.781	0	26.859
swarm_29_16.pdb	7.928	11.966	0	26.571
swarm_19_131.pdb	9.489	17.403	0.0487805	26.246
swarm_24_129.pdb	10.251	18.639	0	26.218
swarm_29_164.pdb	9.104	20.765	0	26.072
swarm_14_72.pdb	6.674	14.456	0	25.476
swarm_19_143.pdb	7.959	12.915	0	25.391
swarm_27_174.pdb	6.920	24.357	0.097561	25.319
swarm_24_133.pdb	8.623	17.646	0	24.946
swarm_43_89.pdb	12.740	28.701	0	24.867
swarm_22_169.pdb	11.014	33.201	0	24.837
swarm_31_71.pdb	11.670	21.448	0	24.836
swarm_40_182.pdb	12.356	22.536	0	24.825
swarm_31_145.pdb	11.171	21.505	0	24.809
swarm_29_168.pdb	8.712	16.403	0	24.791
swarm_14_78.pdb	12.777	23.996	0	24.520
swarm_0_196.pdb	9.273	18.739	0.0487805	24.499
swarm_46_90.pdb	12.629	32.557	0	24.489
swarm_11_97.pdb	12.223	31.712	0.0487805	24.466
swarm_38_128.pdb	6.019	13.724	0.0243902	24.465
swarm_41_170.pdb	6.591	17.407	0.0731707	24.220
swarm_44_102.pdb	13.092	28.129	0.0243902	24.199
swarm_21_98.pdb	12.904	25.418	0	24.114
swarm_20_153.pdb	14.268	28.039	0	23.881
swarm_13_151.pdb	12.858	28.169	0	23.861
swarm_37_101.pdb	5.637	10.727	0	23.814
swarm_22_9.pdb	11.126	30.702	0	23.778
swarm_0_35.pdb	10.185	21.472	0	23.762
swarm_29_154.pdb	10.192	19.009	0	23.668
swarm_20_59.pdb	8.773	22.048	0	23.564
swarm_33_67.pdb	12.700	31.768	0.0243902	23.533
swarm_16_141.pdb	12.204	22.013	0.0243902	23.378
swarm_30_32.pdb	10.806	22.526	0	23.361
swarm_17_158.pdb	12.090	23.641	0.0243902	23.315
swarm_29_160.pdb	12.032	24.934	0	23.299
swarm_21_196.pdb	9.237	16.642	0	23.124
swarm_27_109.pdb	11.774	24.225	0	23.056
swarm_38_83.pdb	10.713	18.020	0	23.036
swarm_13_59.pdb	11.326	22.113	0	22.905
swarm_20_64.pdb	10.056	16.956	0	22.831
swarm_39_96.pdb	13.050	25.154	0	22.669
swarm_16_199.pdb	11.372	21.541	0	22.576
swarm_43_118.pdb	13.802	27.661	0	22.560
swarm_24_189.pdb	9.715	19.650	0	22.527
swarm_29_161.pdb	13.011	27.291	0	22.378
swarm_24_88.pdb	9.671	19.283	0.121951	22.341
swarm_16_108.pdb	9.352	22.722	0	22.325
swarm_32_190.pdb	10.871	18.861	0	22.276
swarm_37_19.pdb	12.019	25.270	0	22.204
swarm_24_63.pdb	11.042	21.632	0	22.187
swarm_33_75.pdb	15.019	32.970	0	22.165
swarm_14_127.pdb	13.025	26.188	0	22.121
swarm_20_30.pdb	8.183	20.150	0.0731707	22.094
swarm_22_38.pdb	13.659	38.038	0	22.014
swarm_24_144.pdb	12.669	24.283	0	21.852
swarm_16_189.pdb	11.473	23.135	0	21.835
swarm_42_135.pdb	13.369	30.390	0	21.808
swarm_36_64.pdb	8.606	16.321	0	21.755
swarm_18_58.pdb	9.493	17.280	0.0487805	21.654
swarm_18_88.pdb	7.260	14.445	0.195122	21.616
swarm_5_63.pdb	13.150	29.008	0	21.589
swarm_37_58.pdb	9.192	18.197	0	21.367
swarm_5_17.pdb	9.653	22.463	0.0243902	21.303
swarm_45_12.pdb	14.230	29.618	0	21.278
swarm_14_120.pdb	11.285	29.138	0	21.231
swarm_5_14.pdb	12.756	30.330	0	21.136
swarm_18_111.pdb	11.205	22.793	0.0243902	21.120
swarm_17_77.pdb	10.230	19.153	0	21.038
swarm_32_57.pdb	12.258	22.361	0	20.939
swarm_46_110.pdb	12.132	26.895	0	20.773
swarm_11_160.pdb	12.924	24.739	0	20.745
swarm_18_10.pdb	7.602	18.793	0	20.647
swarm_40_5.pdb	4.908	9.692	0.0243902	20.321
swarm_37_31.pdb	12.002	21.139	0	20.312
swarm_29_109.pdb	10.103	18.674	0	20.252
swarm_6_21.pdb	9.368	17.497	0	20.246
swarm_21_66.pdb	11.655	27.175	0	20.198
swarm_4_81.pdb	13.257	33.092	0	20.167
swarm_33_187.pdb	10.171	29.598	0	19.962
swarm_20_80.pdb	12.572	26.291	0	19.952
swarm_37_64.pdb	10.880	20.704	0.0243902	19.859
swarm_21_180.pdb	11.358	28.134	0	19.769
swarm_21_165.pdb	7.936	23.093	0.0243902	19.720
swarm_9_71.pdb	12.524	34.028	0.0243902	19.718
swarm_2_71.pdb	15.617	37.334	0	19.639
swarm_13_176.pdb	8.424	17.859	0.0243902	19.601
swarm_14_111.pdb	14.146	32.027	0	19.599
swarm_20_169.pdb	12.265	25.526	0	19.505
swarm_19_115.pdb	10.037	17.973	0.0487805	19.448
swarm_22_133.pdb	13.340	30.775	0	19.391
swarm_6_191.pdb	10.334	23.635	0	19.241
swarm_0_3.pdb	12.369	23.293	0	19.224
swarm_27_92.pdb	14.450	34.350	0	19.211
swarm_29_99.pdb	12.622	22.748	0	19.186
swarm_18_82.pdb	9.640	23.026	0.146341	19.161
swarm_17_35.pdb	8.764	14.363	0	19.103
swarm_32_177.pdb	12.941	22.130	0	19.056
swarm_31_75.pdb	8.600	22.097	0.0731707	18.989
swarm_46_106.pdb	14.732	31.232	0	18.982
swarm_19_3.pdb	10.747	18.533	0	18.975
swarm_13_15.pdb	7.330	19.171	0	18.807
swarm_14_43.pdb	9.139	30.773	0	18.702
swarm_7_119.pdb	11.027	26.737	0	18.594
swarm_39_117.pdb	5.321	11.616	0.0243902	18.543
swarm_6_177.pdb	10.312	26.532	0.0731707	18.433
swarm_44_50.pdb	15.013	33.469	0	18.291
swarm_27_68.pdb	14.841	34.304	0	18.026
swarm_19_56.pdb	6.804	14.615	0.0243902	17.975
swarm_21_73.pdb	15.256	32.886	0	17.870
swarm_35_75.pdb	12.392	23.999	0	17.856
swarm_31_25.pdb	14.599	29.580	0	17.764
swarm_6_34.pdb	11.807	20.806	0	17.699
swarm_5_92.pdb	14.741	28.906	0	17.667
swarm_37_117.pdb	9.633	20.455	0	17.647
swarm_40_75.pdb	12.146	22.378	0.0731707	17.607
swarm_27_198.pdb	15.032	35.935	0	17.519
swarm_37_131.pdb	9.292	17.336	0	17.501
swarm_22_50.pdb	14.733	35.303	0	17.449
swarm_5_163.pdb	12.406	29.156	0.0487805	17.439
swarm_13_28.pdb	13.171	28.251	0.0731707	17.302
swarm_39_126.pdb	12.099	28.795	0	17.293
swarm_46_100.pdb	15.884	34.613	0	17.256
swarm_37_68.pdb	12.697	22.600	0	17.192
swarm_0_178.pdb	13.017	24.981	0.0731707	17.165
swarm_44_151.pdb	14.911	31.120	0	17.147
swarm_40_21.pdb	10.905	21.349	0	17.106
swarm_14_139.pdb	13.913	29.192	0	17.068
swarm_20_35.pdb	11.747	23.575	0	16.930
swarm_21_131.pdb	11.913	27.060	0	16.871
swarm_17_2.pdb	11.107	20.857	0	16.704
swarm_13_129.pdb	12.542	25.083	0	16.592
swarm_45_77.pdb	11.460	23.571	0.121951	16.578
swarm_2_81.pdb	15.224	31.302	0	16.567
swarm_21_47.pdb	13.202	29.017	0	16.521
swarm_7_14.pdb	11.962	27.942	0	16.487
swarm_4_18.pdb	13.718	36.850	0	16.458
swarm_45_168.pdb	8.814	25.864	0	16.362
swarm_4_120.pdb	15.937	37.330	0	16.358
swarm_27_76.pdb	12.632	27.451	0	16.276
swarm_43_129.pdb	10.868	30.387	0	16.228
swarm_45_28.pdb	11.255	26.009	0	16.214
swarm_7_161.pdb	13.216	29.324	0	16.039
swarm_42_197.pdb	17.448	39.365	0	15.950
swarm_6_106.pdb	11.324	31.169	0.0243902	15.948
swarm_13_180.pdb	13.406	29.649	0	15.686
swarm_20_185.pdb	9.175	16.661	0	15.665
swarm_30_159.pdb	13.057	25.935	0	15.646
swarm_1_161.pdb	16.266	39.847	0	15.501
swarm_5_66.pdb	11.920	27.733	0	15.283
swarm_17_102.pdb	12.440	22.415	0	15.139
swarm_45_60.pdb	10.416	27.286	0	15.101
swarm_11_5.pdb	9.054	26.077	0	15.030
swarm_14_147.pdb	9.579	22.938	0.0487805	15.011
swarm_44_21.pdb	13.376	24.253	0	14.691
swarm_19_32.pdb	12.136	19.515	0	14.686
swarm_18_75.pdb	11.550	20.383	0	14.588
swarm_26_138.pdb	14.885	37.025	0	14.585
swarm_44_101.pdb	11.727	27.924	0	14.578
swarm_32_36.pdb	9.345	16.800	0	14.446
swarm_43_52.pdb	8.815	22.560	0	14.424
swarm_27_165.pdb	14.453	29.734	0	14.145
swarm_18_11.pdb	12.403	22.423	0	14.026
swarm_2_34.pdb	15.898	36.375	0	13.830
swarm_23_34.pdb	11.025	25.197	0	13.661
swarm_38_175.pdb	10.662	17.025	0	13.566
swarm_16_133.pdb	12.889	27.744	0	13.403
swarm_5_129.pdb	16.076	36.781	0	13.286
swarm_29_110.pdb	11.213	25.601	0	12.720
swarm_31_190.pdb	8.526	21.975	0	12.382
swarm_10_121.pdb	12.672	36.236	0	12.279
swarm_32_99.pdb	11.854	22.134	0.0487805	12.219
swarm_35_63.pdb	11.509	22.197	0	11.515
swarm_16_42.pdb	9.419	23.989	0.0487805	10.688
swarm_40_27.pdb	10.136	21.004	0	9.423
swarm_31_68.pdb	10.832	24.221	0	8.140
swarm_17_4.pdb	8.987	16.742	0.170732	7.099
swarm_32_96.pdb	8.234	19.792	0.097561	5.112
