swarm_17_121.pdb	6.653	18.987	0.195122	48.201
swarm_9_94.pdb	6.993	20.606	0.121951	47.358
swarm_14_9.pdb	5.577	10.481	0.0487805	46.493
swarm_12_78.pdb	9.352	21.874	0	45.830
swarm_20_83.pdb	7.383	21.286	0.121951	44.353
swarm_21_5.pdb	6.697	20.256	0.121951	44.114
swarm_11_159.pdb	6.863	14.749	0.0243902	43.440
swarm_9_104.pdb	6.059	14.284	0.170732	43.287
swarm_14_140.pdb	3.331	8.638	0.292683	42.119
swarm_13_103.pdb	7.316	14.997	0.0243902	41.152
swarm_10_27.pdb	3.436	9.387	0.268293	41.035
swarm_15_29.pdb	6.604	16.670	0.0487805	40.253
swarm_5_50.pdb	5.978	17.202	0.219512	39.577
swarm_8_13.pdb	5.336	10.119	0.0487805	38.761
swarm_2_80.pdb	4.687	11.908	0.195122	38.199
swarm_10_5.pdb	8.096	19.900	0.0731707	38.013
swarm_22_28.pdb	6.206	18.286	0.146341	37.374
swarm_3_67.pdb	7.196	16.064	0	37.025
swarm_22_74.pdb	4.814	11.531	0.170732	36.472
swarm_20_170.pdb	8.417	21.152	0.0243902	36.432
swarm_21_88.pdb	4.881	13.926	0.243902	36.354
swarm_15_131.pdb	6.782	13.407	0.0487805	36.185
swarm_22_29.pdb	6.910	18.544	0.146341	35.958
swarm_10_34.pdb	5.659	11.870	0.0731707	35.521
swarm_22_186.pdb	4.811	9.049	0.097561	35.239
swarm_21_89.pdb	8.414	22.001	0.0243902	35.176
swarm_18_47.pdb	7.940	20.296	0.0487805	34.915
swarm_6_20.pdb	6.276	14.693	0.0487805	34.862
swarm_9_80.pdb	8.817	22.482	0.0243902	34.778
swarm_7_58.pdb	10.493	29.741	0	34.623
swarm_0_137.pdb	6.128	15.070	0.0243902	34.615
swarm_4_160.pdb	5.605	13.561	0.0487805	34.437
swarm_6_149.pdb	7.450	18.921	0.0487805	34.351
swarm_16_128.pdb	6.559	21.060	0.121951	33.714
swarm_3_175.pdb	5.582	13.691	0.0487805	33.590
swarm_1_22.pdb	5.930	14.583	0.0243902	33.342
swarm_3_149.pdb	3.270	7.572	0.268293	32.599
swarm_5_192.pdb	8.003	19.448	0.0731707	32.300
swarm_2_162.pdb	6.755	13.183	0.0487805	32.258
swarm_19_62.pdb	6.774	18.715	0.0487805	32.196
swarm_4_111.pdb	3.826	9.323	0.292683	30.876
swarm_12_149.pdb	4.631	12.022	0.219512	30.398
swarm_3_110.pdb	6.933	11.223	0	30.212
swarm_16_162.pdb	5.989	18.885	0.195122	29.809
swarm_10_93.pdb	6.997	17.167	0.0731707	29.368
swarm_1_38.pdb	9.241	22.665	0.0243902	28.832
swarm_4_143.pdb	3.784	7.106	0.146341	28.534
swarm_2_19.pdb	6.734	10.866	0	28.397
swarm_7_57.pdb	6.499	17.329	0.0243902	27.985
swarm_11_177.pdb	6.662	10.393	0	27.777
swarm_14_95.pdb	6.316	13.803	0.0487805	26.465
swarm_8_195.pdb	8.250	18.913	0.0243902	26.357
swarm_8_110.pdb	5.928	12.082	0.0487805	24.714
swarm_6_154.pdb	5.678	14.203	0.146341	22.454
swarm_8_46.pdb	6.993	10.080	0	19.310
swarm_13_133.pdb	9.601	26.732	0	17.012
swarm_20_49.pdb	9.217	30.009	0	13.634
