swarm_38_148.pdb	4.233	12.094	0.170732	36.888
swarm_2_112.pdb	5.163	16.820	0.146341	32.754
swarm_39_93.pdb	7.538	12.375	0	31.670
swarm_36_49.pdb	7.394	12.241	0	31.516
swarm_40_126.pdb	13.936	41.731	0	30.221
swarm_35_181.pdb	5.675	12.148	0.0487805	29.804
swarm_16_92.pdb	14.655	43.348	0	29.688
swarm_25_58.pdb	8.033	14.244	0	29.380
swarm_36_108.pdb	4.730	14.350	0.146341	28.881
swarm_35_120.pdb	7.735	15.204	0	28.807
swarm_31_124.pdb	10.280	24.365	0	28.639
swarm_3_50.pdb	15.254	45.161	0	28.553
swarm_2_85.pdb	8.034	23.032	0	28.510
swarm_11_12.pdb	13.592	41.175	0	28.481
swarm_47_76.pdb	15.558	45.488	0	28.356
swarm_30_199.pdb	5.122	11.415	0.097561	28.108
swarm_22_21.pdb	5.844	12.639	0	27.871
swarm_46_92.pdb	7.740	16.782	0	27.838
swarm_16_140.pdb	15.227	45.335	0	27.729
swarm_34_101.pdb	16.002	47.728	0	27.630
swarm_21_187.pdb	5.046	15.776	0.195122	27.527
swarm_7_15.pdb	11.321	30.473	0	27.364
swarm_38_1.pdb	8.441	15.905	0	27.354
swarm_20_79.pdb	7.676	16.762	0	27.005
swarm_31_19.pdb	9.645	33.567	0	26.905
swarm_43_80.pdb	7.475	15.372	0	26.666
swarm_44_168.pdb	10.060	21.713	0	26.627
swarm_15_51.pdb	10.704	27.121	0	26.592
swarm_18_68.pdb	11.115	28.436	0	26.389
swarm_13_76.pdb	14.362	42.654	0	26.345
swarm_44_1.pdb	8.603	20.583	0	26.017
swarm_33_186.pdb	8.642	20.228	0	26.010
swarm_51_101.pdb	9.726	31.362	0	25.522
swarm_11_79.pdb	10.174	35.082	0	25.347
swarm_41_51.pdb	9.740	33.956	0	25.250
swarm_8_102.pdb	11.079	26.952	0	25.166
swarm_32_47.pdb	13.725	43.153	0	24.585
swarm_48_53.pdb	9.585	24.985	0	24.438
swarm_33_54.pdb	8.661	24.699	0	24.178
swarm_19_31.pdb	10.303	35.680	0	24.169
swarm_9_41.pdb	10.703	26.830	0	24.126
swarm_39_0.pdb	5.113	9.369	0.0243902	24.078
swarm_23_179.pdb	15.241	46.174	0	24.034
swarm_45_38.pdb	13.700	43.008	0	23.754
swarm_29_173.pdb	11.886	37.609	0	23.690
swarm_42_89.pdb	5.258	9.831	0	23.628
swarm_23_22.pdb	15.332	46.320	0	23.625
swarm_18_88.pdb	9.886	30.766	0	23.621
swarm_19_126.pdb	10.845	29.196	0	23.527
swarm_32_25.pdb	10.143	36.925	0	23.507
swarm_10_42.pdb	9.504	29.943	0	23.475
swarm_24_153.pdb	14.838	43.193	0	23.465
swarm_8_81.pdb	9.213	16.095	0	23.451
swarm_30_82.pdb	10.039	19.772	0	23.421
swarm_48_24.pdb	10.889	35.515	0	23.418
swarm_7_140.pdb	9.728	31.235	0	23.364
swarm_10_165.pdb	10.810	28.400	0	23.178
swarm_14_160.pdb	10.713	35.663	0	23.064
swarm_18_51.pdb	10.751	36.756	0	23.025
swarm_37_0.pdb	9.564	35.337	0	23.003
swarm_48_116.pdb	9.118	31.370	0	22.891
swarm_50_63.pdb	10.105	32.995	0	22.810
swarm_31_126.pdb	9.397	28.096	0	22.723
swarm_21_23.pdb	3.856	8.231	0.170732	22.689
swarm_5_112.pdb	11.981	31.804	0	22.461
swarm_37_105.pdb	10.805	33.261	0	22.373
swarm_9_51.pdb	8.302	14.750	0	22.076
swarm_50_33.pdb	10.353	22.478	0	21.916
swarm_36_146.pdb	6.623	22.363	0.0487805	21.873
swarm_43_126.pdb	8.286	23.138	0	21.855
swarm_12_143.pdb	13.546	35.267	0	21.834
swarm_29_194.pdb	9.843	34.634	0	21.743
swarm_12_133.pdb	11.031	33.196	0	21.716
swarm_6_162.pdb	9.899	22.233	0	21.652
swarm_34_12.pdb	12.252	39.429	0	21.431
swarm_12_52.pdb	10.701	33.004	0	21.237
swarm_50_35.pdb	12.144	31.553	0	20.947
swarm_49_28.pdb	14.328	37.841	0	20.924
swarm_7_29.pdb	11.227	35.627	0	20.607
swarm_26_65.pdb	7.584	24.224	0	20.578
swarm_44_129.pdb	7.400	25.068	0	20.525
swarm_41_114.pdb	10.539	37.639	0	20.505
swarm_22_188.pdb	11.178	29.916	0	20.449
swarm_25_99.pdb	10.560	21.873	0	20.311
swarm_26_70.pdb	11.743	32.263	0	20.307
swarm_46_77.pdb	9.238	15.818	0	20.197
swarm_51_102.pdb	11.064	25.522	0	19.996
swarm_37_28.pdb	9.694	27.003	0	19.922
swarm_25_71.pdb	6.936	16.257	0	19.728
swarm_37_33.pdb	12.119	38.526	0	19.495
swarm_46_24.pdb	7.685	20.793	0	19.210
swarm_23_104.pdb	13.482	42.498	0	19.205
swarm_27_52.pdb	15.548	41.484	0	18.973
swarm_27_27.pdb	15.937	45.041	0	18.718
swarm_49_104.pdb	11.753	30.574	0	18.576
swarm_20_27.pdb	8.665	25.964	0	18.396
swarm_51_53.pdb	9.062	26.842	0	18.270
swarm_10_103.pdb	6.650	17.067	0	18.035
swarm_7_117.pdb	13.369	34.157	0	18.028
swarm_28_56.pdb	15.442	45.440	0	17.716
swarm_4_183.pdb	15.825	41.301	0	17.714
swarm_28_120.pdb	13.803	41.581	0	17.663
swarm_13_20.pdb	12.927	38.170	0	17.609
swarm_49_177.pdb	10.870	34.746	0	17.454
swarm_17_49.pdb	9.008	24.459	0	17.223
swarm_4_126.pdb	11.650	36.574	0	17.012
swarm_4_9.pdb	14.521	43.684	0	16.546
swarm_28_84.pdb	15.234	42.625	0	16.544
swarm_8_110.pdb	11.114	24.169	0	16.481
swarm_15_173.pdb	14.494	40.092	0	16.334
swarm_15_89.pdb	12.265	35.131	0	16.333
swarm_45_92.pdb	13.768	46.246	0	15.509
swarm_14_15.pdb	14.679	40.530	0	14.931
swarm_5_165.pdb	9.770	32.062	0	14.190
swarm_39_130.pdb	8.648	17.296	0	14.161
swarm_13_141.pdb	14.107	42.324	0	13.082
swarm_5_58.pdb	14.793	37.423	0	13.067
swarm_28_1.pdb	13.540	40.471	0	11.541
swarm_14_125.pdb	12.461	39.785	0	6.243
