swarm_40_80.pdb	9.187	29.064	0	52.326
swarm_19_88.pdb	3.537	13.524	0.580645	48.487
swarm_31_155.pdb	4.157	16.281	0.370968	46.147
swarm_28_34.pdb	5.665	19.990	0.274194	42.792
swarm_16_115.pdb	11.749	42.293	0.0483871	42.217
swarm_21_97.pdb	15.107	29.602	0	41.531
swarm_20_138.pdb	4.030	15.688	0.419355	41.285
swarm_23_22.pdb	6.183	23.271	0.145161	41.031
swarm_1_41.pdb	10.754	40.434	0.0645161	40.234
swarm_32_30.pdb	5.644	22.142	0.274194	38.702
swarm_29_199.pdb	10.195	38.664	0.0483871	36.822
swarm_35_44.pdb	14.465	25.974	0	36.685
swarm_30_85.pdb	9.938	36.903	0.0806452	35.904
swarm_30_19.pdb	14.379	25.888	0	35.704
swarm_12_177.pdb	10.155	38.385	0.0322581	34.595
swarm_24_6.pdb	9.199	35.120	0.0645161	32.999
swarm_24_64.pdb	14.025	24.450	0	32.292
swarm_13_99.pdb	20.646	37.704	0	31.391
swarm_13_96.pdb	14.599	30.761	0	30.718
swarm_14_116.pdb	15.653	30.492	0	30.551
swarm_3_61.pdb	16.620	34.402	0	29.668
swarm_24_165.pdb	16.428	32.801	0	29.230
swarm_13_70.pdb	14.653	27.159	0	29.080
swarm_4_39.pdb	9.796	37.143	0.0483871	28.603
swarm_24_90.pdb	20.961	40.311	0	28.142
swarm_35_19.pdb	8.812	33.499	0.0645161	27.939
swarm_22_5.pdb	9.365	37.907	0.0806452	27.832
swarm_5_109.pdb	12.400	44.300	0.0645161	27.757
swarm_21_116.pdb	14.318	27.881	0	27.076
swarm_29_7.pdb	9.206	33.411	0	24.884
swarm_0_161.pdb	12.989	43.723	0.016129	24.729
swarm_11_59.pdb	13.927	45.174	0.0322581	21.855
swarm_12_118.pdb	12.863	21.420	0	21.060
swarm_21_118.pdb	10.269	36.012	0.016129	19.347
swarm_34_179.pdb	10.158	29.321	0	18.078
swarm_34_83.pdb	11.604	18.199	0	2.052
