swarm_34_80.pdb	10.532	27.953	0	65.026
swarm_27_157.pdb	5.401	25.531	0.290323	59.966
swarm_16_193.pdb	5.880	27.984	0.258065	57.974
swarm_26_25.pdb	4.600	21.126	0.354839	57.948
swarm_15_112.pdb	4.662	23.116	0.354839	54.547
swarm_1_55.pdb	5.771	26.745	0.306452	54.025
swarm_22_99.pdb	4.424	22.700	0.258065	52.302
swarm_26_80.pdb	6.335	30.919	0.145161	51.921
swarm_15_164.pdb	6.240	30.790	0.145161	51.517
swarm_22_4.pdb	5.154	25.071	0.403226	51.279
swarm_25_24.pdb	4.696	23.461	0.241935	50.616
swarm_1_105.pdb	5.010	24.858	0.370968	49.452
swarm_30_108.pdb	2.974	14.549	0.66129	46.690
swarm_13_43.pdb	10.760	37.387	0.0483871	44.975
swarm_16_80.pdb	6.721	25.118	0.16129	44.653
swarm_7_117.pdb	6.113	26.494	0.258065	43.245
swarm_2_86.pdb	11.414	38.999	0.0322581	42.576
swarm_8_153.pdb	12.269	40.165	0	40.729
swarm_9_67.pdb	10.822	24.206	0	40.234
swarm_30_126.pdb	6.575	31.068	0.0967742	40.128
swarm_35_120.pdb	11.693	38.108	0	39.973
swarm_10_172.pdb	3.137	14.248	0.467742	39.465
swarm_10_1.pdb	11.469	21.059	0.016129	39.166
swarm_9_148.pdb	8.292	31.453	0.129032	38.687
swarm_24_131.pdb	9.296	32.002	0.0645161	37.088
swarm_22_26.pdb	6.230	20.922	0.177419	36.952
swarm_25_84.pdb	9.147	18.780	0	36.790
swarm_8_173.pdb	11.413	39.106	0.0483871	35.741
swarm_1_173.pdb	7.398	35.000	0.0483871	35.508
swarm_2_153.pdb	9.608	31.026	0.16129	34.243
swarm_26_86.pdb	8.864	19.799	0.0322581	33.424
swarm_16_187.pdb	9.285	21.010	0	33.393
swarm_14_180.pdb	8.486	18.859	0.0322581	33.298
swarm_14_136.pdb	8.301	17.321	0	32.968
swarm_8_138.pdb	9.696	30.043	0	32.142
swarm_14_74.pdb	10.896	22.840	0	32.065
swarm_13_142.pdb	12.499	36.835	0.016129	31.163
swarm_26_109.pdb	8.190	30.971	0.129032	30.343
swarm_21_197.pdb	8.657	27.601	0.129032	30.187
swarm_14_108.pdb	2.210	8.811	0.790323	30.101
swarm_2_108.pdb	8.782	27.687	0.112903	29.513
swarm_22_64.pdb	8.603	18.340	0.0322581	29.366
swarm_13_135.pdb	14.716	43.603	0	27.792
swarm_35_126.pdb	16.189	48.814	0	26.483
swarm_10_50.pdb	7.142	16.279	0.129032	26.031
swarm_7_43.pdb	11.158	25.938	0	25.494
swarm_9_44.pdb	5.999	18.959	0.258065	21.725
swarm_23_67.pdb	6.810	19.772	0.129032	10.662
