swarm_3_77.pdb	3.372	15.113	0.645161	92.254
swarm_1_109.pdb	2.098	10.278	0.709677	88.650
swarm_5_135.pdb	5.162	20.090	0.532258	81.970
swarm_1_93.pdb	4.961	18.818	0.532258	79.687
swarm_0_19.pdb	2.654	8.940	0.435484	69.728
swarm_2_179.pdb	3.380	7.669	0.419355	49.086
swarm_8_106.pdb	5.894	16.690	0.193548	41.804
swarm_6_50.pdb	3.590	7.951	0.403226	34.581
swarm_9_172.pdb	4.738	14.629	0.241935	32.667
swarm_3_182.pdb	4.167	7.952	0.274194	23.693
swarm_9_56.pdb	6.989	22.144	0.451613	22.292
swarm_0_56.pdb	3.852	6.551	0.290323	16.778
swarm_5_77.pdb	3.690	11.692	0.209677	11.762
swarm_7_172.pdb	4.779	13.690	0.225806	3.546
