swarm_34_95.pdb	17.323	42.044	0.0322581	41.870
swarm_29_12.pdb	3.506	19.187	0.403226	38.542
swarm_28_6.pdb	13.750	33.306	0	37.353
swarm_43_75.pdb	11.706	23.139	0	36.252
swarm_45_81.pdb	8.523	25.480	0.112903	34.842
swarm_30_30.pdb	20.344	42.622	0	34.776
swarm_23_21.pdb	18.170	35.298	0	33.276
swarm_17_28.pdb	17.866	35.427	0	32.361
swarm_22_27.pdb	13.419	32.796	0.016129	31.921
swarm_26_69.pdb	27.114	43.630	0	30.467
swarm_30_57.pdb	24.494	44.373	0	29.979
swarm_38_173.pdb	19.036	28.991	0	29.491
swarm_43_121.pdb	17.774	30.957	0.016129	29.236
swarm_17_33.pdb	14.274	34.128	0.016129	28.959
swarm_51_191.pdb	17.807	40.785	0	28.371
swarm_24_178.pdb	18.815	31.966	0	27.877
swarm_51_48.pdb	15.599	33.984	0.016129	27.870
swarm_42_129.pdb	6.980	22.345	0.177419	27.350
swarm_4_109.pdb	21.953	39.561	0	27.064
swarm_23_105.pdb	19.391	35.471	0	26.878
swarm_9_150.pdb	25.841	43.250	0	26.776
swarm_27_38.pdb	23.460	40.414	0	26.654
swarm_35_104.pdb	4.294	12.721	0.387097	26.615
swarm_47_198.pdb	17.206	30.640	0	26.367
swarm_28_32.pdb	17.040	35.804	0.0645161	26.110
swarm_41_147.pdb	9.258	27.684	0.0483871	24.618
swarm_6_2.pdb	20.913	32.206	0	24.579
swarm_12_54.pdb	14.826	33.232	0.016129	24.314
swarm_38_184.pdb	12.161	21.611	0	23.615
swarm_25_30.pdb	16.713	31.087	0.0483871	22.971
swarm_6_5.pdb	13.469	26.216	0.0322581	22.832
swarm_38_167.pdb	13.691	23.294	0	22.723
swarm_24_87.pdb	23.367	40.050	0	22.664
swarm_18_27.pdb	25.712	41.952	0	22.386
swarm_10_102.pdb	12.683	22.521	0.0806452	22.171
swarm_49_63.pdb	14.260	27.115	0.0483871	22.129
swarm_27_66.pdb	20.821	40.257	0	21.993
swarm_25_26.pdb	15.899	31.163	0.0483871	21.424
swarm_35_32.pdb	15.988	26.320	0	20.856
swarm_48_29.pdb	9.890	24.487	0.0806452	20.481
swarm_31_61.pdb	20.658	37.970	0	19.601
swarm_31_117.pdb	13.690	27.745	0	19.451
swarm_27_112.pdb	20.519	39.472	0	18.548
swarm_24_20.pdb	22.552	36.869	0	18.244
swarm_27_33.pdb	14.814	26.893	0	17.934
swarm_28_178.pdb	20.141	31.322	0	17.728
swarm_50_104.pdb	11.081	18.991	0	17.281
swarm_3_170.pdb	17.651	37.378	0	17.028
swarm_50_60.pdb	19.766	35.873	0	16.739
swarm_3_167.pdb	24.637	43.552	0	16.373
swarm_28_2.pdb	13.002	23.983	0.0645161	15.926
swarm_37_118.pdb	24.310	38.399	0	15.228
swarm_22_89.pdb	10.609	35.950	0.016129	15.017
swarm_24_101.pdb	22.833	33.815	0	14.293
swarm_24_126.pdb	24.150	37.212	0	14.235
swarm_28_171.pdb	16.507	29.948	0	10.409
swarm_19_7.pdb	29.062	48.347	0	8.620
swarm_47_176.pdb	20.814	37.575	0	3.445
swarm_24_147.pdb	16.592	31.756	0.016129	2.363
