swarm_14_105.pdb	2.638	13.930	0.677419	54.553
swarm_28_49.pdb	2.988	15.632	0.677419	52.210
swarm_19_190.pdb	4.771	23.673	0.370968	51.538
swarm_18_185.pdb	3.150	16.133	0.564516	51.391
swarm_30_80.pdb	2.612	13.453	0.725806	50.516
swarm_37_151.pdb	4.580	9.754	0.209677	49.624
swarm_11_178.pdb	4.660	10.086	0.177419	49.352
swarm_33_73.pdb	4.254	22.628	0.419355	47.081
swarm_19_52.pdb	6.732	32.313	0.145161	46.386
swarm_11_151.pdb	2.876	13.395	0.5	46.171
swarm_31_100.pdb	5.149	26.458	0.225806	43.845
swarm_33_195.pdb	6.225	30.130	0.16129	43.517
swarm_31_125.pdb	3.016	14.175	0.467742	43.120
swarm_30_165.pdb	5.675	28.750	0.145161	42.068
swarm_35_174.pdb	5.198	26.275	0.16129	41.716
swarm_28_64.pdb	6.362	29.181	0.0967742	39.832
swarm_9_77.pdb	14.212	43.879	0	39.793
swarm_28_157.pdb	3.747	18.647	0.403226	36.705
swarm_17_8.pdb	14.227	45.415	0	36.681
swarm_38_86.pdb	13.021	43.946	0.016129	36.036
swarm_3_41.pdb	13.626	41.275	0	35.823
swarm_8_150.pdb	14.371	42.909	0	35.362
swarm_29_50.pdb	8.816	21.680	0	34.766
swarm_3_42.pdb	13.526	40.852	0	34.711
swarm_17_52.pdb	14.034	40.874	0	34.382
swarm_18_128.pdb	5.565	7.569	0.0967742	33.411
swarm_23_101.pdb	10.274	29.974	0	32.369
swarm_26_134.pdb	10.816	23.033	0	32.005
swarm_29_192.pdb	9.201	29.145	0.016129	31.902
swarm_9_4.pdb	9.103	25.383	0	31.724
swarm_24_60.pdb	15.228	46.539	0	31.384
swarm_5_23.pdb	8.808	22.077	0	31.038
swarm_32_176.pdb	12.617	42.470	0	30.093
swarm_8_5.pdb	6.739	29.489	0.0967742	28.438
swarm_35_125.pdb	5.513	23.716	0.209677	28.252
swarm_23_146.pdb	10.705	24.392	0	28.106
swarm_20_183.pdb	7.475	30.743	0.0806452	27.127
swarm_27_74.pdb	8.228	20.576	0	26.701
swarm_26_4.pdb	7.929	17.431	0	26.150
swarm_9_87.pdb	11.829	36.684	0	25.197
swarm_17_101.pdb	9.681	31.081	0	24.973
swarm_32_94.pdb	14.264	45.305	0	24.158
swarm_37_115.pdb	7.753	15.366	0	23.434
swarm_17_22.pdb	9.616	35.313	0.0645161	21.192
swarm_3_191.pdb	9.898	33.585	0	18.436
swarm_15_114.pdb	16.020	50.075	0	18.016
