swarm_34_80.pdb	10.532	27.953	0	65.026
swarm_27_157.pdb	5.401	25.531	0.290323	59.966
swarm_16_193.pdb	5.880	27.984	0.258065	57.974
swarm_26_25.pdb	4.600	21.126	0.354839	57.948
swarm_37_177.pdb	4.297	17.950	0.532258	54.985
swarm_14_105.pdb	2.638	13.930	0.677419	54.553
swarm_15_112.pdb	4.662	23.116	0.354839	54.547
swarm_1_55.pdb	5.771	26.745	0.306452	54.025
swarm_25_46.pdb	7.097	32.457	0.258065	52.533
swarm_40_80.pdb	9.187	29.064	0	52.326
swarm_22_99.pdb	4.424	22.700	0.258065	52.302
swarm_28_49.pdb	2.988	15.632	0.677419	52.210
swarm_26_80.pdb	6.335	30.919	0.145161	51.921
swarm_19_190.pdb	4.771	23.673	0.370968	51.538
swarm_15_164.pdb	6.240	30.790	0.145161	51.517
swarm_18_185.pdb	3.150	16.133	0.564516	51.391
swarm_22_4.pdb	5.154	25.071	0.403226	51.279
swarm_19_186.pdb	2.858	12.632	0.629032	50.743
swarm_25_24.pdb	4.696	23.461	0.241935	50.616
swarm_30_80.pdb	2.612	13.453	0.725806	50.516
swarm_48_191.pdb	9.382	37.020	0.0322581	50.065
swarm_37_151.pdb	4.580	9.754	0.209677	49.624
swarm_18_160.pdb	8.751	38.301	0.0322581	49.515
swarm_1_105.pdb	5.010	24.858	0.370968	49.452
swarm_11_178.pdb	4.660	10.086	0.177419	49.352
swarm_19_88.pdb	3.537	13.524	0.580645	48.487
swarm_51_118.pdb	9.743	33.614	0.0483871	48.014
swarm_33_73.pdb	4.254	22.628	0.419355	47.081
swarm_21_108.pdb	9.035	39.104	0.0322581	46.867
swarm_30_108.pdb	2.974	14.549	0.66129	46.690
swarm_19_52.pdb	6.732	32.313	0.145161	46.386
swarm_11_151.pdb	2.876	13.395	0.5	46.171
swarm_31_155.pdb	4.157	16.281	0.370968	46.147
swarm_1_33.pdb	7.576	34.101	0.193548	45.409
swarm_13_43.pdb	10.760	37.387	0.0483871	44.975
swarm_16_80.pdb	6.721	25.118	0.16129	44.653
swarm_10_97.pdb	8.816	32.666	0.0967742	44.404
swarm_20_59.pdb	3.331	14.644	0.451613	44.278
swarm_13_85.pdb	9.651	32.497	0.0322581	44.108
swarm_3_193.pdb	9.760	32.885	0.0322581	44.101
swarm_31_100.pdb	5.149	26.458	0.225806	43.845
swarm_33_195.pdb	6.225	30.130	0.16129	43.517
swarm_11_109.pdb	8.783	29.096	0.0483871	43.353
swarm_7_117.pdb	6.113	26.494	0.258065	43.245
swarm_24_154.pdb	3.514	10.669	0.435484	43.143
swarm_31_125.pdb	3.016	14.175	0.467742	43.120
swarm_28_34.pdb	5.665	19.990	0.274194	42.792
swarm_26_176.pdb	8.804	33.450	0.0967742	42.580
swarm_2_86.pdb	11.414	38.999	0.0322581	42.576
swarm_16_115.pdb	11.749	42.293	0.0483871	42.217
swarm_6_46.pdb	4.208	10.013	0.290323	42.073
swarm_30_165.pdb	5.675	28.750	0.145161	42.068
swarm_31_165.pdb	2.743	12.964	0.693548	41.918
swarm_40_63.pdb	8.951	34.461	0.0645161	41.824
swarm_35_174.pdb	5.198	26.275	0.16129	41.716
swarm_21_97.pdb	15.107	29.602	0	41.531
swarm_39_179.pdb	3.722	14.805	0.370968	41.530
swarm_20_138.pdb	4.030	15.688	0.419355	41.285
swarm_23_22.pdb	6.183	23.271	0.145161	41.031
swarm_8_153.pdb	12.269	40.165	0	40.729
swarm_8_163.pdb	13.610	46.313	0.0322581	40.328
swarm_9_67.pdb	10.822	24.206	0	40.234
swarm_1_41.pdb	10.754	40.434	0.0645161	40.234
swarm_30_126.pdb	6.575	31.068	0.0967742	40.128
swarm_1_84.pdb	6.349	24.511	0.435484	40.026
swarm_35_120.pdb	11.693	38.108	0	39.973
swarm_12_47.pdb	8.466	34.291	0.0645161	39.871
swarm_28_64.pdb	6.362	29.181	0.0967742	39.832
swarm_9_77.pdb	14.212	43.879	0	39.793
swarm_18_121.pdb	6.148	29.803	0.177419	39.734
swarm_45_104.pdb	3.194	10.511	0.403226	39.659
swarm_10_172.pdb	3.137	14.248	0.467742	39.465
swarm_10_1.pdb	11.469	21.059	0.016129	39.166
swarm_24_2.pdb	4.571	17.080	0.66129	39.036
swarm_16_186.pdb	8.502	27.541	0.0483871	38.940
swarm_36_121.pdb	6.413	16.769	0.112903	38.839
swarm_32_30.pdb	5.644	22.142	0.274194	38.702
swarm_9_148.pdb	8.292	31.453	0.129032	38.687
swarm_29_73.pdb	16.091	50.767	0.016129	38.642
swarm_22_99.pdb	8.742	32.598	0.0806452	38.367
swarm_46_107.pdb	9.630	36.846	0.0322581	37.722
swarm_47_122.pdb	16.092	51.830	0.016129	37.662
swarm_24_131.pdb	9.296	32.002	0.0645161	37.088
swarm_22_26.pdb	6.230	20.922	0.177419	36.952
swarm_29_199.pdb	10.195	38.664	0.0483871	36.822
swarm_25_84.pdb	9.147	18.780	0	36.790
swarm_28_157.pdb	3.747	18.647	0.403226	36.705
swarm_35_44.pdb	14.465	25.974	0	36.685
swarm_17_8.pdb	14.227	45.415	0	36.681
swarm_29_113.pdb	15.045	40.461	0	36.668
swarm_40_132.pdb	10.602	39.198	0.0322581	36.666
swarm_31_185.pdb	4.958	21.737	0.33871	36.586
swarm_4_98.pdb	9.501	24.249	0	36.452
swarm_0_142.pdb	10.507	33.972	0.016129	36.447
swarm_38_86.pdb	13.021	43.946	0.016129	36.036
swarm_30_85.pdb	9.938	36.903	0.0806452	35.904
swarm_3_41.pdb	13.626	41.275	0	35.823
swarm_8_173.pdb	11.413	39.106	0.0483871	35.741
swarm_10_192.pdb	12.276	36.797	0	35.739
swarm_12_37.pdb	6.823	30.732	0.0967742	35.713
swarm_30_19.pdb	14.379	25.888	0	35.704
swarm_1_173.pdb	7.398	35.000	0.0483871	35.508
swarm_8_150.pdb	14.371	42.909	0	35.362
swarm_46_191.pdb	7.161	28.618	0.0645161	35.346
swarm_50_184.pdb	11.658	39.726	0.0483871	35.169
swarm_29_50.pdb	8.816	21.680	0	34.766
swarm_3_42.pdb	13.526	40.852	0	34.711
swarm_12_177.pdb	10.155	38.385	0.0322581	34.595
swarm_17_52.pdb	14.034	40.874	0	34.382
swarm_31_77.pdb	5.738	25.776	0.193548	34.279
swarm_2_153.pdb	9.608	31.026	0.16129	34.243
swarm_8_38.pdb	15.974	49.162	0.016129	34.137
swarm_36_66.pdb	9.117	27.479	0	33.918
swarm_3_45.pdb	10.144	29.805	0	33.696
swarm_44_98.pdb	13.368	41.820	0	33.543
swarm_26_86.pdb	8.864	19.799	0.0322581	33.424
swarm_18_128.pdb	5.565	7.569	0.0967742	33.411
swarm_16_187.pdb	9.285	21.010	0	33.393
swarm_14_180.pdb	8.486	18.859	0.0322581	33.298
swarm_36_16.pdb	9.591	21.603	0	33.263
swarm_11_151.pdb	8.252	30.739	0.0483871	33.262
swarm_41_192.pdb	5.128	20.285	0.209677	33.131
swarm_24_6.pdb	9.199	35.120	0.0645161	32.999
swarm_14_136.pdb	8.301	17.321	0	32.968
swarm_35_100.pdb	9.953	23.796	0	32.899
swarm_24_175.pdb	8.686	29.436	0.0483871	32.710
swarm_23_101.pdb	10.274	29.974	0	32.369
swarm_24_64.pdb	14.025	24.450	0	32.292
swarm_8_138.pdb	9.696	30.043	0	32.142
swarm_16_55.pdb	7.935	29.971	0.0483871	32.142
swarm_14_74.pdb	10.896	22.840	0	32.065
swarm_26_134.pdb	10.816	23.033	0	32.005
swarm_47_79.pdb	15.424	48.673	0.016129	31.937
swarm_29_192.pdb	9.201	29.145	0.016129	31.902
swarm_43_106.pdb	14.903	47.816	0	31.882
swarm_9_4.pdb	9.103	25.383	0	31.724
swarm_13_99.pdb	20.646	37.704	0	31.391
swarm_24_60.pdb	15.228	46.539	0	31.384
swarm_13_142.pdb	12.499	36.835	0.016129	31.163
swarm_5_23.pdb	8.808	22.077	0	31.038
swarm_13_96.pdb	14.599	30.761	0	30.718
swarm_26_167.pdb	11.453	38.641	0.0483871	30.559
swarm_14_116.pdb	15.653	30.492	0	30.551
swarm_9_46.pdb	14.107	38.005	0	30.549
swarm_26_109.pdb	8.190	30.971	0.129032	30.343
swarm_21_197.pdb	8.657	27.601	0.129032	30.187
swarm_14_108.pdb	2.210	8.811	0.790323	30.101
swarm_32_176.pdb	12.617	42.470	0	30.093
swarm_45_14.pdb	9.347	22.786	0	29.675
swarm_3_61.pdb	16.620	34.402	0	29.668
swarm_2_108.pdb	8.782	27.687	0.112903	29.513
swarm_44_156.pdb	14.832	46.654	0	29.411
swarm_22_64.pdb	8.603	18.340	0.0322581	29.366
swarm_24_165.pdb	16.428	32.801	0	29.230
swarm_13_70.pdb	14.653	27.159	0	29.080
swarm_26_168.pdb	11.854	39.651	0.0483871	28.716
swarm_3_37.pdb	10.002	29.760	0	28.657
swarm_4_39.pdb	9.796	37.143	0.0483871	28.603
swarm_2_89.pdb	14.200	37.717	0	28.479
swarm_8_5.pdb	6.739	29.489	0.0967742	28.438
swarm_35_125.pdb	5.513	23.716	0.209677	28.252
swarm_2_150.pdb	12.274	30.207	0	28.185
swarm_24_90.pdb	20.961	40.311	0	28.142
swarm_23_146.pdb	10.705	24.392	0	28.106
swarm_4_18.pdb	11.715	32.670	0	28.086
swarm_35_19.pdb	8.812	33.499	0.0645161	27.939
swarm_22_5.pdb	9.365	37.907	0.0806452	27.832
swarm_13_135.pdb	14.716	43.603	0	27.792
swarm_5_109.pdb	12.400	44.300	0.0645161	27.757
swarm_51_12.pdb	9.776	32.018	0.0322581	27.676
swarm_43_60.pdb	11.724	37.553	0	27.312
swarm_50_104.pdb	13.379	36.079	0	27.277
swarm_20_183.pdb	7.475	30.743	0.0806452	27.127
swarm_21_116.pdb	14.318	27.881	0	27.076
swarm_25_190.pdb	7.844	34.334	0.0645161	26.796
swarm_40_131.pdb	9.461	28.020	0.0967742	26.754
swarm_0_28.pdb	11.446	31.352	0	26.709
swarm_27_74.pdb	8.228	20.576	0	26.701
swarm_4_126.pdb	12.525	31.790	0	26.637
swarm_35_126.pdb	16.189	48.814	0	26.483
swarm_26_4.pdb	7.929	17.431	0	26.150
swarm_40_199.pdb	11.970	36.092	0	26.143
swarm_10_50.pdb	7.142	16.279	0.129032	26.031
swarm_7_43.pdb	11.158	25.938	0	25.494
swarm_30_87.pdb	11.171	27.959	0	25.262
swarm_9_87.pdb	11.829	36.684	0	25.197
swarm_8_125.pdb	16.727	53.444	0.016129	25.009
swarm_17_101.pdb	9.681	31.081	0	24.973
swarm_29_7.pdb	9.206	33.411	0	24.884
swarm_0_161.pdb	12.989	43.723	0.016129	24.729
swarm_14_54.pdb	13.424	37.292	0	24.173
swarm_32_94.pdb	14.264	45.305	0	24.158
swarm_37_115.pdb	7.753	15.366	0	23.434
swarm_36_173.pdb	11.090	27.863	0	23.217
swarm_13_95.pdb	12.544	37.898	0	22.712
swarm_26_61.pdb	11.669	34.864	0	22.283
swarm_11_59.pdb	13.927	45.174	0.0322581	21.855
swarm_9_44.pdb	5.999	18.959	0.258065	21.725
swarm_19_106.pdb	5.884	19.567	0.209677	21.541
swarm_17_22.pdb	9.616	35.313	0.0645161	21.192
swarm_33_3.pdb	11.895	31.791	0	21.191
swarm_12_118.pdb	12.863	21.420	0	21.060
swarm_46_29.pdb	10.770	34.771	0.016129	20.520
swarm_34_77.pdb	7.613	21.221	0.145161	20.284
swarm_34_69.pdb	6.448	12.935	0.0967742	19.968
swarm_46_58.pdb	10.399	26.577	0.0806452	19.808
swarm_13_173.pdb	13.602	37.616	0	19.499
swarm_19_195.pdb	4.324	8.378	0.258065	19.367
swarm_21_118.pdb	10.269	36.012	0.016129	19.347
swarm_10_88.pdb	7.696	22.794	0.145161	19.210
swarm_45_121.pdb	9.447	20.058	0	19.095
swarm_5_4.pdb	7.657	27.933	0.129032	19.048
swarm_5_95.pdb	5.194	18.517	0.145161	18.477
swarm_3_191.pdb	9.898	33.585	0	18.436
swarm_34_179.pdb	10.158	29.321	0	18.078
swarm_15_114.pdb	16.020	50.075	0	18.016
swarm_44_171.pdb	11.159	33.915	0.016129	17.554
swarm_35_159.pdb	7.184	15.803	0.0967742	17.447
swarm_30_149.pdb	12.030	31.757	0	17.051
swarm_9_197.pdb	11.128	31.267	0.016129	16.789
swarm_50_64.pdb	8.118	24.559	0.145161	16.613
swarm_3_33.pdb	3.933	13.383	0.467742	16.574
swarm_26_65.pdb	10.049	31.761	0.129032	16.574
swarm_30_172.pdb	12.256	27.360	0	16.355
swarm_10_170.pdb	9.891	26.238	0.0806452	15.689
swarm_5_82.pdb	9.796	24.298	0	14.760
swarm_22_55.pdb	11.002	33.350	0	14.729
swarm_5_19.pdb	10.639	22.662	0	14.725
swarm_9_135.pdb	10.872	29.605	0.0483871	14.311
swarm_23_42.pdb	10.285	22.878	0	13.985
swarm_28_68.pdb	7.714	27.327	0.112903	12.963
swarm_23_67.pdb	6.810	19.772	0.129032	10.662
swarm_10_182.pdb	8.987	28.787	0.0322581	6.425
swarm_40_59.pdb	8.730	29.493	0.0322581	4.487
swarm_41_184.pdb	5.311	19.292	0.354839	3.698
swarm_34_83.pdb	11.604	18.199	0	2.052
swarm_20_2.pdb	9.842	25.820	0	1.312
swarm_30_150.pdb	9.408	23.595	0.0322581	0.030
