swarm_35_170.pdb	16.169	36.946	0	27.338
swarm_9_143.pdb	9.597	33.077	0.0196078	24.154
swarm_13_88.pdb	8.329	27.290	0.0980392	22.472
swarm_34_22.pdb	8.061	29.556	0.0784314	21.712
swarm_30_186.pdb	10.210	34.384	0.0196078	21.376
swarm_23_130.pdb	19.759	47.690	0	21.331
swarm_17_18.pdb	13.600	29.516	0	20.140
swarm_32_163.pdb	17.290	48.351	0	18.546
swarm_4_71.pdb	18.141	42.179	0	18.428
swarm_25_50.pdb	10.465	33.344	0.0784314	18.042
swarm_9_0.pdb	16.749	36.974	0	17.826
swarm_12_173.pdb	9.825	33.274	0.0784314	16.862
swarm_12_62.pdb	14.164	34.208	0	16.322
swarm_7_33.pdb	9.201	29.055	0.156863	14.698
