swarm_4_40.pdb	9.134	18.578	0.0196078	38.726
swarm_29_51.pdb	13.652	25.843	0	36.783
swarm_17_176.pdb	11.233	21.181	0.0196078	36.041
swarm_31_6.pdb	13.942	25.093	0	35.753
swarm_5_164.pdb	9.412	20.265	0	35.412
swarm_27_103.pdb	13.858	26.716	0	33.752
swarm_12_22.pdb	12.516	21.729	0	33.714
swarm_37_171.pdb	11.451	21.762	0	33.702
swarm_12_29.pdb	13.056	29.096	0.0392157	33.697
swarm_31_180.pdb	11.649	22.459	0	32.222
swarm_12_91.pdb	13.490	25.732	0	32.012
swarm_12_88.pdb	12.393	24.781	0	31.940
swarm_31_36.pdb	10.342	22.763	0	31.668
swarm_29_178.pdb	4.947	15.307	0.117647	31.265
swarm_27_128.pdb	14.447	27.844	0	30.898
swarm_14_137.pdb	14.013	34.416	0	30.716
swarm_4_108.pdb	14.176	24.425	0	30.266
swarm_13_103.pdb	12.981	31.745	0.0196078	30.242
swarm_37_116.pdb	10.230	19.154	0.0196078	30.021
swarm_30_164.pdb	14.169	25.407	0	29.901
swarm_4_41.pdb	11.351	21.762	0	29.672
swarm_12_120.pdb	12.519	23.135	0	29.576
swarm_15_92.pdb	9.716	19.222	0	29.550
swarm_18_12.pdb	14.408	25.670	0	29.145
swarm_6_179.pdb	14.994	29.011	0	29.141
swarm_30_172.pdb	15.227	26.333	0	28.859
swarm_29_110.pdb	14.366	24.891	0	28.830
swarm_12_78.pdb	13.315	25.814	0	28.724
swarm_21_82.pdb	17.215	41.265	0.0196078	28.692
swarm_5_102.pdb	8.009	18.179	0.0784314	28.499
swarm_4_119.pdb	12.380	21.351	0	27.960
swarm_12_0.pdb	10.757	25.260	0	27.919
swarm_26_143.pdb	13.759	33.293	0	27.770
swarm_21_68.pdb	15.792	31.516	0	27.768
swarm_30_163.pdb	10.733	21.064	0.0196078	27.473
swarm_27_91.pdb	10.482	22.756	0	27.336
swarm_4_92.pdb	13.341	23.333	0	27.217
swarm_31_132.pdb	8.301	14.329	0.0196078	27.150
swarm_6_83.pdb	10.260	18.003	0	27.141
swarm_29_157.pdb	13.364	25.120	0	26.990
swarm_12_99.pdb	11.998	20.758	0.0392157	26.957
swarm_29_139.pdb	8.504	17.115	0	26.883
swarm_19_43.pdb	15.791	30.903	0	26.879
swarm_4_115.pdb	14.874	25.559	0	26.851
swarm_14_147.pdb	15.077	28.697	0	26.849
swarm_21_104.pdb	11.895	32.011	0	26.809
swarm_37_132.pdb	14.032	24.647	0	26.807
swarm_15_52.pdb	11.336	25.966	0	26.774
swarm_26_48.pdb	11.199	27.778	0	26.354
swarm_12_69.pdb	12.073	21.723	0.0196078	26.319
swarm_26_77.pdb	11.294	30.256	0	26.059
swarm_5_97.pdb	14.181	23.586	0	25.968
swarm_17_102.pdb	14.859	23.966	0	25.768
swarm_15_97.pdb	12.268	20.834	0	25.724
swarm_5_20.pdb	9.892	26.337	0	25.533
swarm_37_142.pdb	9.299	17.367	0	25.478
swarm_8_13.pdb	14.730	27.995	0	25.121
swarm_37_65.pdb	12.786	22.488	0	24.781
swarm_27_1.pdb	11.616	29.323	0	24.728
swarm_18_119.pdb	14.228	23.046	0	24.703
swarm_17_56.pdb	15.475	26.219	0	24.661
swarm_9_97.pdb	14.587	29.366	0.0196078	24.636
swarm_18_30.pdb	14.941	24.739	0	24.599
swarm_33_95.pdb	17.722	35.472	0	24.484
swarm_29_188.pdb	11.943	19.645	0	24.408
swarm_16_61.pdb	16.529	41.752	0	24.376
swarm_5_34.pdb	8.932	17.699	0.0588235	24.329
swarm_20_60.pdb	13.077	29.576	0	24.328
swarm_31_118.pdb	13.461	24.270	0	24.226
swarm_30_23.pdb	10.328	29.846	0	24.172
swarm_21_33.pdb	16.631	34.124	0	24.171
swarm_29_8.pdb	6.312	11.088	0	24.062
swarm_31_69.pdb	13.794	22.065	0	24.030
swarm_19_13.pdb	14.451	33.976	0	24.027
swarm_37_33.pdb	9.310	16.808	0	23.863
swarm_15_80.pdb	16.473	31.748	0	23.819
swarm_18_24.pdb	8.630	16.563	0	23.782
swarm_29_159.pdb	13.928	24.512	0	23.703
swarm_37_69.pdb	10.646	20.987	0	23.603
swarm_6_196.pdb	12.864	32.201	0.0196078	23.562
swarm_20_83.pdb	14.075	25.694	0	23.555
swarm_27_122.pdb	11.696	22.802	0	23.486
swarm_6_10.pdb	14.219	29.802	0.0392157	23.355
swarm_37_68.pdb	13.003	25.823	0	23.296
swarm_12_104.pdb	13.802	23.303	0	23.285
swarm_28_138.pdb	13.170	33.881	0	23.151
swarm_18_13.pdb	10.268	16.509	0	23.092
swarm_12_10.pdb	10.583	18.930	0.0196078	22.988
swarm_5_10.pdb	15.374	31.251	0.0588235	22.900
swarm_8_150.pdb	13.253	25.708	0	22.884
swarm_29_177.pdb	12.060	22.712	0	22.806
swarm_9_177.pdb	15.748	31.679	0	22.762
swarm_9_187.pdb	17.169	33.919	0	22.662
swarm_15_71.pdb	14.681	28.444	0	22.644
swarm_5_60.pdb	10.597	22.819	0.0588235	22.493
swarm_31_134.pdb	14.328	25.770	0	22.294
swarm_15_160.pdb	15.360	25.740	0	22.294
swarm_27_174.pdb	13.332	30.711	0	22.267
swarm_4_23.pdb	9.845	15.945	0	22.253
swarm_29_155.pdb	13.917	25.755	0.0784314	22.250
swarm_9_89.pdb	16.179	28.779	0	22.056
swarm_6_117.pdb	12.117	30.184	0	22.029
swarm_8_66.pdb	10.832	23.029	0.0980392	22.027
swarm_9_58.pdb	10.367	27.421	0.137255	21.700
swarm_31_41.pdb	12.661	22.068	0.0392157	21.617
swarm_37_131.pdb	8.994	16.546	0.0980392	21.594
swarm_31_190.pdb	13.825	29.151	0	21.512
swarm_27_178.pdb	14.804	29.815	0	21.408
swarm_16_90.pdb	17.070	37.085	0	21.399
swarm_32_168.pdb	13.579	31.351	0	21.397
swarm_23_146.pdb	14.881	26.575	0	21.213
swarm_37_130.pdb	12.080	21.531	0.137255	21.211
swarm_31_172.pdb	13.299	26.002	0	21.071
swarm_26_69.pdb	15.014	34.265	0	20.928
swarm_18_71.pdb	7.734	21.686	0.0588235	20.909
swarm_12_82.pdb	5.717	13.165	0.0588235	20.805
swarm_13_16.pdb	15.378	33.734	0.0196078	20.709
swarm_8_60.pdb	11.441	25.234	0.0392157	20.653
swarm_20_32.pdb	13.458	25.039	0	20.510
swarm_20_183.pdb	17.516	31.297	0	20.497
swarm_23_19.pdb	11.765	27.655	0	20.487
swarm_30_46.pdb	6.754	18.603	0.0196078	20.303
swarm_15_51.pdb	15.634	27.621	0	20.201
swarm_6_99.pdb	12.768	23.479	0.0784314	20.116
swarm_30_80.pdb	15.296	25.985	0.0196078	20.064
swarm_39_91.pdb	14.075	27.929	0	20.018
swarm_6_160.pdb	10.025	20.950	0	20.006
swarm_39_87.pdb	14.104	32.081	0	19.999
swarm_18_124.pdb	13.009	23.343	0	19.969
swarm_32_122.pdb	14.626	33.040	0	19.907
swarm_20_109.pdb	10.474	27.974	0	19.881
swarm_5_169.pdb	4.858	14.213	0.176471	19.761
swarm_37_86.pdb	12.946	22.693	0.0784314	19.665
swarm_34_3.pdb	14.883	31.201	0.0196078	19.642
swarm_17_197.pdb	12.557	23.386	0	19.594
swarm_14_182.pdb	13.958	30.117	0	19.569
swarm_6_163.pdb	11.380	21.812	0.0196078	19.568
swarm_2_89.pdb	16.607	30.616	0	19.496
swarm_28_11.pdb	15.191	37.995	0	19.495
swarm_31_13.pdb	10.051	19.693	0	19.279
swarm_9_10.pdb	13.132	25.975	0	19.277
swarm_12_80.pdb	11.541	20.286	0	19.224
swarm_5_80.pdb	12.560	28.020	0	19.218
swarm_2_78.pdb	13.709	35.854	0	19.104
swarm_26_129.pdb	16.429	38.710	0.0392157	19.030
swarm_9_115.pdb	15.357	31.714	0	18.916
swarm_9_114.pdb	14.286	30.400	0	18.910
swarm_11_25.pdb	18.874	36.960	0	18.809
swarm_9_163.pdb	13.173	24.033	0	18.805
swarm_26_89.pdb	10.533	34.767	0.156863	18.704
swarm_8_121.pdb	12.509	27.234	0	18.659
swarm_9_62.pdb	11.871	25.921	0	18.638
swarm_6_13.pdb	13.234	30.679	0	18.577
swarm_37_45.pdb	13.021	25.054	0	18.523
swarm_9_19.pdb	14.853	33.192	0.0588235	18.507
swarm_6_153.pdb	13.400	26.078	0	18.401
swarm_30_184.pdb	14.329	30.051	0.0196078	18.376
swarm_12_157.pdb	9.934	18.514	0.0588235	18.362
swarm_27_47.pdb	9.355	24.587	0	18.348
swarm_9_121.pdb	14.167	36.805	0.0196078	18.314
swarm_1_157.pdb	17.378	45.053	0	18.308
swarm_31_192.pdb	13.268	26.556	0.0392157	18.272
swarm_34_82.pdb	15.401	32.259	0	18.259
swarm_17_157.pdb	15.609	26.615	0	18.209
swarm_35_153.pdb	18.903	43.735	0	18.190
swarm_17_45.pdb	11.320	19.510	0	18.107
swarm_39_14.pdb	12.958	31.107	0	18.078
swarm_28_67.pdb	14.840	38.446	0	18.057
swarm_0_21.pdb	18.958	44.648	0	17.980
swarm_20_6.pdb	16.446	33.747	0	17.854
swarm_20_173.pdb	12.738	28.154	0	17.814
swarm_34_151.pdb	16.462	37.495	0	17.728
swarm_19_192.pdb	17.666	34.577	0	17.709
swarm_26_68.pdb	13.905	34.863	0	17.666
swarm_19_38.pdb	14.983	34.883	0	17.621
swarm_19_165.pdb	14.188	32.408	0	17.542
swarm_28_66.pdb	17.075	36.965	0	17.490
swarm_18_139.pdb	12.157	23.631	0	17.469
swarm_20_125.pdb	16.971	28.851	0	17.302
swarm_30_142.pdb	12.879	25.700	0	17.053
swarm_2_72.pdb	16.981	33.058	0	17.031
swarm_2_6.pdb	14.383	34.967	0	16.984
swarm_8_196.pdb	16.111	29.996	0	16.906
swarm_21_122.pdb	13.797	33.450	0	16.900
swarm_28_61.pdb	18.151	44.621	0.0196078	16.825
swarm_24_81.pdb	14.969	36.503	0	16.752
swarm_4_94.pdb	15.124	24.894	0	16.704
swarm_39_180.pdb	14.264	28.347	0	16.688
swarm_14_116.pdb	13.402	31.570	0	16.672
swarm_14_18.pdb	15.856	30.936	0	16.658
swarm_6_166.pdb	13.602	29.814	0	16.613
swarm_18_70.pdb	11.238	20.379	0	16.600
swarm_7_90.pdb	18.559	48.059	0	16.529
swarm_37_199.pdb	12.629	24.484	0.0196078	16.486
swarm_31_162.pdb	14.063	28.332	0	16.405
swarm_24_123.pdb	15.784	40.574	0.0196078	16.383
swarm_15_94.pdb	12.759	28.695	0	16.286
swarm_40_99.pdb	14.677	35.218	0	16.198
swarm_17_173.pdb	12.830	21.833	0	16.188
swarm_8_181.pdb	15.734	26.158	0	16.187
swarm_39_186.pdb	13.343	31.554	0	16.065
swarm_18_142.pdb	10.995	21.278	0	16.025
swarm_28_34.pdb	16.093	34.970	0	15.981
swarm_28_128.pdb	15.247	36.553	0	15.871
swarm_6_156.pdb	11.289	26.651	0.0588235	15.836
swarm_18_181.pdb	14.859	24.593	0.0196078	15.761
swarm_34_80.pdb	16.524	39.442	0	15.751
swarm_26_162.pdb	13.832	35.294	0.0784314	15.684
swarm_0_43.pdb	15.322	38.423	0	15.576
swarm_20_193.pdb	15.063	26.588	0	15.471
swarm_9_41.pdb	17.619	35.639	0	15.396
swarm_2_70.pdb	14.465	37.748	0	15.379
swarm_15_48.pdb	13.882	26.698	0.0196078	15.316
swarm_6_25.pdb	15.112	31.884	0	15.237
swarm_5_61.pdb	14.712	30.737	0	15.186
swarm_26_102.pdb	11.455	22.804	0	15.054
swarm_1_116.pdb	19.252	39.502	0	15.015
swarm_28_196.pdb	17.820	40.815	0	14.968
swarm_26_67.pdb	12.798	32.604	0	14.916
swarm_2_180.pdb	15.982	35.571	0	14.780
swarm_19_186.pdb	14.191	36.499	0	14.761
swarm_9_46.pdb	15.802	36.111	0	14.570
swarm_19_63.pdb	14.207	26.792	0	14.557
swarm_10_148.pdb	16.617	42.056	0	14.556
swarm_4_87.pdb	13.260	21.972	0	14.508
swarm_19_11.pdb	14.425	26.577	0	14.479
swarm_37_1.pdb	11.645	19.624	0.0196078	14.467
swarm_26_152.pdb	12.196	26.801	0	14.276
swarm_15_33.pdb	13.812	24.425	0.0392157	13.828
swarm_28_182.pdb	14.769	39.235	0.0392157	13.812
swarm_26_1.pdb	17.639	38.266	0	13.758
swarm_18_41.pdb	7.594	12.366	0.0196078	13.705
swarm_20_142.pdb	11.389	21.997	0	13.520
swarm_15_171.pdb	14.556	31.032	0	13.209
swarm_26_66.pdb	14.024	37.656	0	13.152
swarm_30_121.pdb	15.416	25.480	0	13.120
swarm_9_63.pdb	14.304	33.654	0.0196078	12.916
swarm_20_69.pdb	15.101	31.634	0	12.704
swarm_29_69.pdb	13.024	26.323	0	12.519
swarm_15_59.pdb	12.213	23.313	0	12.286
swarm_30_123.pdb	12.608	27.328	0	12.178
swarm_31_87.pdb	14.955	29.380	0	12.081
swarm_15_152.pdb	6.961	18.214	0.0196078	12.027
swarm_9_161.pdb	15.157	37.323	0.0784314	11.990
swarm_34_94.pdb	19.224	39.150	0	11.871
swarm_31_64.pdb	13.019	23.307	0	11.813
swarm_32_192.pdb	11.944	34.744	0.0392157	11.709
swarm_15_66.pdb	12.346	24.234	0	11.238
swarm_31_94.pdb	12.536	23.900	0	11.037
swarm_8_18.pdb	13.294	26.382	0	10.721
swarm_20_49.pdb	17.198	33.626	0	10.326
swarm_37_43.pdb	12.335	20.807	0	9.943
swarm_37_40.pdb	10.178	19.058	0	9.583
swarm_27_95.pdb	9.602	25.991	0.0784314	9.338
swarm_18_143.pdb	12.891	27.189	0	9.164
swarm_28_137.pdb	17.499	38.562	0	7.973
swarm_19_25.pdb	13.406	34.404	0.0196078	7.090
swarm_5_122.pdb	12.831	27.203	0	6.302
swarm_11_7.pdb	16.396	32.325	0	5.974
swarm_39_51.pdb	18.006	34.650	0	4.692
swarm_18_42.pdb	14.450	24.796	0	4.301
swarm_6_67.pdb	11.553	24.192	0	4.291
swarm_33_43.pdb	15.239	33.891	0	3.516
swarm_10_31.pdb	17.985	39.845	0	3.185
swarm_4_150.pdb	8.911	18.018	0	1.497
swarm_21_84.pdb	12.883	30.737	0	1.448
swarm_26_184.pdb	14.366	31.468	0	1.405
swarm_24_14.pdb	18.040	41.116	0	1.123
swarm_12_13.pdb	8.531	19.377	0.0196078	0.886
