swarm_15_90.pdb	9.188	16.552	0	56.046
swarm_21_136.pdb	8.604	15.833	0	42.957
swarm_31_178.pdb	10.692	16.933	0	41.867
swarm_33_16.pdb	10.796	16.948	0	41.049
swarm_12_65.pdb	9.618	14.306	0	40.356
swarm_16_187.pdb	9.478	16.899	0	40.015
swarm_22_48.pdb	2.554	8.396	0.294118	38.755
swarm_25_145.pdb	11.063	17.663	0	38.086
swarm_37_196.pdb	9.742	17.585	0	38.021
swarm_11_125.pdb	10.959	17.452	0	36.465
swarm_2_82.pdb	2.360	7.319	0.431373	35.289
swarm_44_96.pdb	15.789	46.013	0	34.627
swarm_25_48.pdb	7.823	19.237	0.0196078	34.326
swarm_1_32.pdb	8.376	19.032	0	34.219
swarm_20_155.pdb	15.661	43.272	0	33.218
swarm_11_109.pdb	16.134	48.629	0	33.152
swarm_28_142.pdb	11.316	22.304	0	31.693
swarm_43_110.pdb	15.913	44.939	0	31.427
swarm_33_165.pdb	7.988	11.766	0	31.184
swarm_11_0.pdb	11.110	20.690	0	30.949
swarm_33_141.pdb	10.359	17.824	0.0196078	30.504
swarm_23_37.pdb	7.342	13.140	0	30.182
swarm_34_40.pdb	15.927	37.411	0	30.172
swarm_28_39.pdb	7.938	23.171	0	30.138
swarm_27_141.pdb	12.070	43.688	0	29.933
swarm_8_161.pdb	7.187	20.375	0.0196078	29.735
swarm_47_110.pdb	15.498	46.329	0	29.724
swarm_27_116.pdb	15.305	46.245	0	29.670
swarm_22_96.pdb	11.312	39.584	0	29.440
swarm_14_49.pdb	16.688	47.089	0	29.333
swarm_4_105.pdb	15.919	38.126	0	29.284
swarm_47_0.pdb	18.204	50.102	0	29.090
swarm_4_100.pdb	2.079	4.774	0.509804	28.937
swarm_31_84.pdb	9.823	34.887	0	28.895
swarm_12_18.pdb	8.031	24.756	0	28.832
swarm_31_148.pdb	16.601	41.347	0	28.803
swarm_9_143.pdb	10.278	18.134	0	28.617
swarm_7_93.pdb	12.986	35.188	0	28.311
swarm_30_86.pdb	17.922	51.899	0	28.032
swarm_8_197.pdb	16.797	47.599	0	28.003
swarm_26_60.pdb	7.850	18.915	0.0196078	27.994
swarm_26_39.pdb	9.537	15.138	0	27.928
swarm_17_35.pdb	11.938	43.034	0	27.927
swarm_12_115.pdb	6.587	17.732	0.0196078	27.808
swarm_10_176.pdb	8.422	26.693	0	27.677
swarm_34_21.pdb	11.088	39.505	0	27.643
swarm_23_159.pdb	2.948	8.562	0.156863	27.635
swarm_9_20.pdb	8.356	25.693	0	27.470
swarm_12_153.pdb	10.055	17.695	0	27.470
swarm_7_66.pdb	4.079	15.015	0.294118	27.418
swarm_5_57.pdb	6.941	20.443	0.0392157	27.371
swarm_35_170.pdb	16.169	36.946	0	27.338
swarm_11_71.pdb	8.286	12.014	0	27.328
swarm_0_153.pdb	10.920	18.706	0	27.267
swarm_9_55.pdb	9.798	34.205	0	27.067
swarm_16_55.pdb	9.817	17.047	0	27.049
swarm_4_140.pdb	7.325	12.156	0	26.882
swarm_10_181.pdb	8.968	12.690	0	26.841
swarm_16_77.pdb	5.876	13.420	0	26.665
swarm_28_47.pdb	15.130	41.298	0	26.640
swarm_36_166.pdb	7.712	14.246	0	26.596
swarm_15_189.pdb	9.421	14.562	0	26.497
swarm_37_61.pdb	4.131	8.678	0.137255	26.300
swarm_4_151.pdb	9.581	15.146	0	26.256
swarm_7_114.pdb	7.887	19.459	0	25.963
swarm_10_96.pdb	16.361	51.651	0	25.902
swarm_26_109.pdb	12.210	19.736	0	25.863
swarm_21_119.pdb	16.416	48.628	0	25.713
swarm_33_169.pdb	9.889	16.651	0	25.490
swarm_15_15.pdb	17.172	48.261	0	25.331
swarm_9_121.pdb	12.651	27.833	0	25.283
swarm_24_45.pdb	7.336	14.093	0	24.842
swarm_26_16.pdb	11.347	17.451	0	24.802
swarm_1_41.pdb	13.063	20.479	0	24.307
swarm_9_143.pdb	9.597	33.077	0.0196078	24.154
swarm_26_24.pdb	10.258	29.949	0	23.952
swarm_27_69.pdb	12.461	42.004	0	23.833
swarm_11_50.pdb	10.022	17.357	0	23.821
swarm_7_61.pdb	11.787	42.593	0.0392157	23.721
swarm_0_85.pdb	15.463	39.994	0	23.649
swarm_9_61.pdb	11.150	28.989	0	23.641
swarm_5_43.pdb	12.819	31.594	0	23.597
swarm_8_20.pdb	12.864	33.746	0	23.312
swarm_33_54.pdb	5.917	15.051	0.294118	23.262
swarm_23_97.pdb	4.853	17.857	0.156863	23.243
swarm_3_7.pdb	7.365	17.993	0.0196078	23.124
swarm_20_53.pdb	13.592	48.899	0	22.965
swarm_18_150.pdb	13.722	28.685	0	22.765
swarm_29_20.pdb	8.451	16.259	0	22.763
swarm_15_25.pdb	6.568	16.169	0.0196078	22.716
swarm_20_144.pdb	10.492	34.077	0	22.682
swarm_33_93.pdb	4.393	9.903	0.117647	22.537
swarm_13_88.pdb	8.329	27.290	0.0980392	22.472
swarm_10_76.pdb	17.809	52.838	0	22.372
swarm_23_148.pdb	15.901	42.980	0	22.232
swarm_20_181.pdb	14.015	46.714	0	22.133
swarm_4_5.pdb	12.548	45.834	0	21.849
swarm_34_22.pdb	8.061	29.556	0.0784314	21.712
swarm_6_124.pdb	10.047	22.553	0	21.672
swarm_33_120.pdb	11.736	35.562	0	21.652
swarm_21_64.pdb	12.346	18.209	0	21.610
swarm_22_137.pdb	16.721	46.524	0	21.473
swarm_7_145.pdb	6.742	13.260	0	21.393
swarm_30_186.pdb	10.210	34.384	0.0196078	21.376
swarm_23_130.pdb	19.759	47.690	0	21.331
swarm_20_150.pdb	11.243	36.059	0	20.968
swarm_16_170.pdb	9.463	18.889	0	20.941
swarm_18_143.pdb	9.023	28.878	0	20.910
swarm_42_86.pdb	12.057	37.582	0	20.900
swarm_26_173.pdb	12.351	38.869	0	20.762
swarm_19_169.pdb	14.089	37.108	0	20.731
swarm_1_22.pdb	5.114	12.133	0.117647	20.727
swarm_28_66.pdb	10.406	18.149	0	20.594
swarm_7_14.pdb	15.364	38.793	0	20.236
swarm_25_160.pdb	12.217	23.769	0	20.180
swarm_17_18.pdb	13.600	29.516	0	20.140
swarm_25_170.pdb	11.651	20.306	0	19.973
swarm_12_185.pdb	12.060	29.272	0	19.954
swarm_8_111.pdb	8.075	26.533	0	19.851
swarm_7_78.pdb	10.264	33.366	0	19.741
swarm_51_20.pdb	7.887	27.792	0.196078	19.661
swarm_24_57.pdb	16.588	38.650	0	19.636
swarm_8_117.pdb	13.060	22.243	0	19.600
swarm_36_52.pdb	14.595	34.529	0	19.590
swarm_12_183.pdb	13.478	41.101	0	19.281
swarm_26_60.pdb	14.795	38.820	0	19.275
swarm_47_124.pdb	15.525	48.225	0	19.254
swarm_30_37.pdb	19.440	52.070	0	19.238
swarm_17_132.pdb	14.955	50.485	0	18.891
swarm_28_117.pdb	12.642	39.322	0	18.701
swarm_29_85.pdb	4.985	11.679	0.0588235	18.677
swarm_32_163.pdb	17.290	48.351	0	18.546
swarm_4_71.pdb	18.141	42.179	0	18.428
swarm_12_146.pdb	8.617	15.334	0	18.189
swarm_25_50.pdb	10.465	33.344	0.0784314	18.042
swarm_30_50.pdb	14.392	51.009	0	17.895
swarm_22_186.pdb	13.962	49.873	0	17.829
swarm_9_0.pdb	16.749	36.974	0	17.826
swarm_18_69.pdb	11.403	21.657	0	17.495
swarm_11_179.pdb	5.890	19.224	0.0784314	17.136
swarm_23_10.pdb	13.479	33.590	0	17.065
swarm_12_173.pdb	9.825	33.274	0.0784314	16.862
swarm_6_27.pdb	15.683	28.327	0	16.601
swarm_51_177.pdb	11.520	30.026	0	16.463
swarm_4_140.pdb	13.378	19.798	0	16.407
swarm_12_62.pdb	14.164	34.208	0	16.322
swarm_33_95.pdb	13.343	43.934	0	16.173
swarm_22_11.pdb	14.175	36.897	0	15.902
swarm_10_66.pdb	14.615	37.610	0	15.638
swarm_8_56.pdb	14.464	27.283	0	14.735
swarm_7_33.pdb	9.201	29.055	0.156863	14.698
swarm_1_136.pdb	12.007	29.329	0	13.534
swarm_5_165.pdb	15.435	34.414	0	12.943
swarm_7_152.pdb	12.155	27.867	0	12.477
swarm_23_69.pdb	11.164	41.023	0.0196078	12.449
swarm_5_136.pdb	12.609	32.415	0	12.303
swarm_11_187.pdb	10.346	22.040	0	12.248
swarm_8_171.pdb	12.841	31.143	0	11.007
swarm_21_80.pdb	10.660	18.557	0	8.846
swarm_10_29.pdb	12.222	23.982	0	8.620
swarm_12_49.pdb	12.354	24.857	0	4.727
swarm_28_149.pdb	10.664	18.769	0.0196078	2.327
swarm_20_186.pdb	12.875	45.646	0	0.369
swarm_33_22.pdb	7.207	13.806	0	0.322
swarm_31_21.pdb	12.124	36.914	0.0588235	0.102
