swarm_6_98.pdb	2.296	6.231	0.372549	67.012
swarm_4_125.pdb	3.811	10.809	0.27451	60.110
swarm_0_149.pdb	5.044	15.357	0.235294	55.319
swarm_9_45.pdb	5.137	11.591	0.0980392	53.586
swarm_9_165.pdb	7.102	20.919	0.117647	52.061
swarm_5_191.pdb	7.409	22.987	0.0980392	47.886
swarm_3_190.pdb	7.512	23.609	0.137255	47.867
swarm_7_191.pdb	7.768	29.743	0.0784314	43.984
swarm_1_122.pdb	7.557	29.056	0.0588235	43.116
swarm_7_137.pdb	8.287	22.823	0.0588235	40.081
swarm_6_39.pdb	3.617	10.450	0.352941	38.028
swarm_8_36.pdb	5.937	20.380	0.215686	37.946
swarm_2_85.pdb	4.888	14.853	0.254902	37.717
swarm_7_65.pdb	9.120	33.141	0	31.214
swarm_2_37.pdb	7.700	25.997	0.0980392	30.150
swarm_4_147.pdb	4.151	9.758	0.137255	29.552
swarm_8_86.pdb	8.041	24.620	0.0784314	28.374
swarm_3_1.pdb	7.027	22.127	0.0980392	27.925
swarm_0_96.pdb	6.220	15.738	0.0980392	26.410
swarm_5_126.pdb	6.473	16.529	0.0980392	26.398
swarm_5_61.pdb	8.713	29.408	0.0784314	26.142
swarm_1_109.pdb	8.101	27.252	0.0980392	25.374
swarm_8_62.pdb	4.524	10.071	0.0980392	21.990
swarm_4_105.pdb	6.162	15.630	0.0980392	21.949
