swarm_13_133.pdb	2.753	5.950	0.470588	45.612
swarm_12_69.pdb	4.097	9.982	0.117647	39.017
swarm_3_85.pdb	4.384	11.836	0.0980392	36.535
swarm_27_117.pdb	3.750	9.687	0.176471	33.761
swarm_12_124.pdb	6.162	18.325	0.0588235	33.426
swarm_24_50.pdb	4.480	8.817	0.0980392	31.207
swarm_21_84.pdb	3.117	4.879	0.176471	30.394
swarm_3_5.pdb	6.019	12.535	0.0392157	30.170
swarm_21_50.pdb	5.364	11.011	0.137255	29.907
swarm_27_152.pdb	6.048	12.616	0.0392157	29.101
swarm_19_144.pdb	4.154	9.278	0.176471	28.554
swarm_24_71.pdb	4.750	15.855	0.294118	27.488
swarm_7_183.pdb	9.322	30.092	0.254902	27.179
swarm_23_145.pdb	6.940	21.882	0.0196078	27.136
swarm_5_198.pdb	7.611	26.207	0.294118	26.899
swarm_28_196.pdb	7.106	24.941	0.117647	26.767
swarm_11_197.pdb	6.545	24.167	0.0784314	25.458
swarm_3_12.pdb	4.306	7.833	0.117647	24.562
swarm_18_81.pdb	9.824	24.798	0	24.203
swarm_14_132.pdb	5.056	9.798	0.0588235	24.195
swarm_22_40.pdb	2.860	7.210	0.294118	23.938
swarm_9_7.pdb	8.567	26.758	0.0784314	23.721
swarm_6_99.pdb	9.638	33.304	0.0196078	23.555
swarm_30_108.pdb	10.062	33.214	0.156863	23.549
swarm_18_7.pdb	9.333	32.172	0.0196078	23.356
swarm_4_124.pdb	3.551	10.445	0.313725	23.141
swarm_14_85.pdb	4.864	14.540	0.0588235	23.122
swarm_16_5.pdb	9.771	32.807	0	22.577
swarm_27_173.pdb	11.192	18.518	0	22.560
swarm_22_85.pdb	5.943	21.317	0.0392157	22.498
swarm_7_103.pdb	5.535	17.534	0.27451	22.203
swarm_18_147.pdb	7.540	25.828	0.0980392	21.908
swarm_15_32.pdb	7.665	23.666	0.0784314	21.757
swarm_13_111.pdb	4.377	11.586	0.235294	21.701
swarm_5_172.pdb	10.105	24.733	0	21.557
swarm_10_75.pdb	8.711	27.377	0.0588235	21.433
swarm_10_136.pdb	8.171	25.323	0	21.108
swarm_8_44.pdb	11.277	28.655	0	21.085
swarm_4_156.pdb	6.722	20.414	0.0588235	20.184
swarm_29_159.pdb	8.797	33.531	0.0588235	19.794
swarm_25_171.pdb	9.229	32.129	0.0392157	19.773
swarm_30_94.pdb	9.707	33.800	0.0392157	19.463
swarm_29_146.pdb	10.982	36.264	0.0588235	19.457
swarm_3_192.pdb	5.995	13.900	0.0392157	19.178
swarm_10_194.pdb	9.681	29.270	0.0784314	19.119
swarm_14_90.pdb	2.568	6.702	0.352941	18.956
swarm_5_120.pdb	7.377	15.849	0	18.892
swarm_28_98.pdb	9.459	22.828	0	18.132
swarm_11_132.pdb	6.352	13.637	0.0196078	18.099
swarm_5_184.pdb	5.780	14.617	0.0980392	17.949
swarm_15_121.pdb	9.259	21.575	0	17.290
swarm_20_97.pdb	12.426	39.366	0.0196078	17.261
swarm_13_192.pdb	9.281	15.455	0	17.226
swarm_30_72.pdb	10.374	26.637	0	16.856
swarm_7_86.pdb	9.714	20.473	0	16.808
swarm_24_58.pdb	8.820	21.444	0.0392157	16.638
swarm_11_127.pdb	3.997	9.962	0.117647	16.566
swarm_0_92.pdb	10.403	36.382	0	16.454
swarm_19_13.pdb	6.129	17.191	0.0392157	16.152
swarm_15_169.pdb	6.268	14.024	0.0980392	15.254
swarm_25_9.pdb	11.272	38.258	0	14.767
swarm_11_67.pdb	6.954	17.618	0.0196078	13.549
swarm_8_96.pdb	11.209	19.970	0	9.269
