run0-swarm_44_143.pdb	3.923	10.097	0.196078	51.997
run0-swarm_2_60.pdb	2.667	8.306	0.333333	45.664
run0-swarm_12_27.pdb	4.185	11.910	0.137255	44.486
run0-swarm_19_99.pdb	2.960	8.539	0.215686	43.977
run0-swarm_43_98.pdb	3.141	6.909	0.176471	43.157
run0-swarm_35_109.pdb	2.353	6.499	0.568627	38.793
run0-swarm_7_151.pdb	3.432	11.931	0.509804	35.926
run0-swarm_41_22.pdb	4.556	10.264	0.117647	35.201
run0-swarm_31_151.pdb	4.963	14.712	0.137255	34.637
run0-swarm_20_144.pdb	3.341	5.878	0.196078	34.081
run0-swarm_35_104.pdb	3.880	12.300	0.431373	31.343
run0-swarm_19_92.pdb	8.704	12.894	0	30.827
run0-swarm_27_184.pdb	7.930	26.203	0.294118	30.561
run0-swarm_7_143.pdb	7.302	25.548	0.27451	29.886
run0-swarm_32_106.pdb	8.481	28.208	0.27451	28.844
run0-swarm_43_11.pdb	7.823	12.860	0	28.122
run0-swarm_41_170.pdb	2.641	8.392	0.509804	27.895
run0-swarm_35_98.pdb	5.818	9.502	0	26.638
run0-swarm_5_34.pdb	4.576	14.308	0.352941	26.568
run0-swarm_12_21.pdb	6.782	11.169	0	25.212
run0-swarm_22_174.pdb	8.113	23.183	0.215686	24.862
run0-swarm_10_187.pdb	8.873	29.000	0.254902	24.800
run0-swarm_5_152.pdb	8.390	26.357	0.0784314	24.601
run0-swarm_28_12.pdb	10.276	33.474	0.0980392	24.406
run0-swarm_28_1.pdb	8.199	29.014	0.0784314	24.098
run0-swarm_24_68.pdb	8.947	32.412	0.0784314	23.759
run0-swarm_36_97.pdb	11.184	34.701	0.0196078	23.409
run0-swarm_42_60.pdb	8.569	28.268	0.0588235	23.154
run0-swarm_24_178.pdb	9.171	30.109	0.0980392	22.737
run0-swarm_31_65.pdb	7.049	20.056	0.0784314	22.625
run0-swarm_42_4.pdb	13.119	37.038	0	22.615
run0-swarm_37_63.pdb	8.037	26.926	0.0196078	21.533
run0-swarm_23_117.pdb	9.504	31.197	0.196078	21.293
run0-swarm_31_192.pdb	10.123	26.501	0.0196078	21.248
run0-swarm_31_89.pdb	6.569	14.017	0	20.806
run0-swarm_44_100.pdb	6.351	10.851	0	20.694
run0-swarm_15_135.pdb	10.985	28.159	0	19.987
run0-swarm_28_195.pdb	6.898	24.759	0.215686	18.791
run0-swarm_16_98.pdb	4.855	13.036	0.0980392	18.688
run0-swarm_0_111.pdb	15.017	41.803	0	18.670
run0-swarm_5_28.pdb	10.664	30.138	0.0980392	18.129
run0-swarm_29_45.pdb	11.262	35.307	0.117647	16.890
run0-swarm_34_80.pdb	14.578	45.282	0.0196078	16.335
run0-swarm_23_126.pdb	11.968	36.868	0.0588235	14.732
run0-swarm_36_3.pdb	7.663	27.042	0.196078	14.612
run0-swarm_42_152.pdb	7.386	23.457	0.0980392	13.594
run0-swarm_43_100.pdb	6.898	13.127	0	10.414
run0-swarm_7_45.pdb	5.461	11.692	0	9.677
run0-swarm_7_167.pdb	7.695	23.810	0.0588235	6.435
run0-swarm_10_181.pdb	8.098	23.104	0.0392157	5.063
run0-swarm_2_121.pdb	9.044	18.886	0	4.433
run0-swarm_27_26.pdb	8.526	26.725	0.0392157	2.246
