swarm_36_47.pdb	16.408	47.183	0	31.980
swarm_28_164.pdb	8.528	44.127	0	31.953
swarm_14_69.pdb	12.293	37.651	0	29.844
swarm_3_55.pdb	10.756	31.615	0	29.059
swarm_41_4.pdb	13.906	45.350	0	28.169
swarm_35_56.pdb	11.174	35.808	0	28.084
swarm_34_105.pdb	14.013	45.581	0	27.885
swarm_35_131.pdb	12.551	45.402	0	27.719
swarm_42_71.pdb	12.295	36.900	0	27.406
swarm_19_193.pdb	15.562	31.355	0	27.052
swarm_8_36.pdb	15.196	30.217	0	26.913
swarm_10_22.pdb	12.002	32.576	0	26.687
swarm_3_121.pdb	10.841	33.242	0.025	26.615
swarm_28_61.pdb	12.383	33.858	0	26.455
swarm_39_116.pdb	15.809	47.190	0	26.338
swarm_0_148.pdb	15.566	32.622	0	26.313
swarm_13_183.pdb	10.945	30.212	0.025	26.265
swarm_37_17.pdb	11.488	35.789	0	25.940
swarm_11_70.pdb	13.047	38.496	0	25.876
swarm_35_187.pdb	13.091	46.712	0	25.405
swarm_31_22.pdb	15.154	30.926	0	25.339
swarm_39_9.pdb	14.026	45.249	0	25.311
swarm_35_85.pdb	12.867	47.281	0	25.275
swarm_42_166.pdb	6.746	36.008	0	25.160
swarm_0_0.pdb	14.542	35.030	0	25.064
swarm_40_193.pdb	13.408	36.975	0	25.002
swarm_15_149.pdb	11.797	36.665	0	24.937
swarm_15_46.pdb	11.929	42.221	0	24.915
swarm_29_166.pdb	12.758	43.638	0	24.619
swarm_1_51.pdb	13.916	32.868	0	24.581
swarm_27_172.pdb	10.945	37.191	0.025	24.501
swarm_12_88.pdb	11.191	25.153	0	24.474
swarm_36_66.pdb	13.670	44.681	0	24.407
swarm_40_137.pdb	11.547	31.299	0	24.343
swarm_35_194.pdb	16.839	43.187	0	24.143
swarm_30_36.pdb	12.657	23.005	0	23.987
swarm_37_142.pdb	16.511	43.895	0	23.941
swarm_23_120.pdb	14.821	44.265	0	23.909
swarm_15_103.pdb	14.552	35.515	0	23.862
swarm_0_136.pdb	15.696	38.452	0	23.591
swarm_35_31.pdb	13.116	34.562	0	23.539
swarm_11_14.pdb	16.444	36.073	0	23.407
swarm_10_49.pdb	14.169	34.565	0	23.375
swarm_25_31.pdb	11.659	39.501	0	23.328
swarm_10_168.pdb	15.718	37.679	0	23.246
swarm_36_54.pdb	18.764	43.710	0	23.164
swarm_20_27.pdb	15.570	33.252	0	23.118
swarm_13_191.pdb	16.274	33.441	0	23.067
swarm_2_67.pdb	10.440	31.572	0	23.066
swarm_27_57.pdb	3.768	22.715	0.3	23.020
swarm_15_144.pdb	14.573	40.132	0	22.986
swarm_15_77.pdb	13.591	44.689	0	22.916
swarm_15_199.pdb	13.064	39.207	0	22.910
swarm_18_70.pdb	13.155	35.998	0	22.863
swarm_27_67.pdb	11.550	27.660	0	22.816
swarm_27_19.pdb	15.026	36.963	0	22.806
swarm_0_58.pdb	11.663	33.291	0	22.766
swarm_14_80.pdb	11.769	40.654	0	22.667
swarm_11_135.pdb	10.576	26.576	0	22.649
swarm_24_135.pdb	14.306	30.202	0	22.625
swarm_29_6.pdb	10.867	39.103	0	22.600
swarm_35_180.pdb	15.248	45.398	0	22.586
swarm_34_49.pdb	17.441	49.549	0	22.553
swarm_41_191.pdb	11.858	36.869	0	22.366
swarm_12_83.pdb	14.393	27.162	0	22.312
swarm_7_199.pdb	9.409	20.291	0	22.295
swarm_38_83.pdb	10.238	23.204	0	22.099
swarm_14_8.pdb	10.363	32.172	0	22.071
swarm_3_60.pdb	12.575	38.897	0.025	22.069
swarm_3_15.pdb	12.194	33.823	0.025	22.062
swarm_3_25.pdb	12.652	34.476	0	22.026
swarm_5_126.pdb	12.578	31.311	0	22.011
swarm_30_112.pdb	10.592	18.150	0	22.004
swarm_24_4.pdb	8.815	30.708	0.05	21.929
swarm_14_199.pdb	11.134	36.201	0	21.825
swarm_19_142.pdb	13.472	36.021	0	21.723
swarm_41_68.pdb	15.916	44.858	0	21.632
swarm_7_47.pdb	13.076	30.493	0	21.535
swarm_29_0.pdb	12.296	43.891	0	21.496
swarm_41_82.pdb	17.778	45.259	0	21.491
swarm_21_53.pdb	16.710	43.345	0	21.443
swarm_29_103.pdb	13.357	45.865	0	21.222
swarm_37_64.pdb	14.838	35.072	0	21.088
swarm_41_84.pdb	12.609	39.895	0.025	20.923
swarm_9_143.pdb	11.348	36.214	0	20.912
swarm_28_21.pdb	5.622	35.383	0.15	20.883
swarm_4_162.pdb	11.231	26.399	0.05	20.876
swarm_19_4.pdb	15.776	33.010	0	20.832
swarm_19_132.pdb	15.180	34.474	0	20.806
swarm_29_182.pdb	20.300	50.760	0	20.644
swarm_28_130.pdb	13.823	48.455	0	20.627
swarm_40_30.pdb	11.257	33.757	0	20.458
swarm_29_121.pdb	14.844	44.304	0	20.356
swarm_6_97.pdb	9.493	21.284	0.05	20.253
swarm_13_14.pdb	10.600	34.236	0	20.184
swarm_13_79.pdb	14.109	32.757	0	20.135
swarm_1_31.pdb	9.524	22.982	0	20.047
swarm_30_4.pdb	10.505	23.124	0	19.935
swarm_14_83.pdb	11.314	32.015	0	19.891
swarm_34_197.pdb	16.769	41.222	0	19.765
swarm_14_144.pdb	11.668	28.599	0	19.753
swarm_17_160.pdb	7.280	21.140	0	19.724
swarm_29_132.pdb	14.304	43.749	0	19.696
swarm_26_105.pdb	15.812	40.471	0	19.324
swarm_8_13.pdb	12.270	34.052	0	19.267
swarm_40_57.pdb	14.134	39.413	0	19.179
swarm_26_158.pdb	16.364	35.537	0	19.166
swarm_34_47.pdb	13.529	45.655	0	19.160
swarm_29_80.pdb	15.114	38.749	0	19.108
swarm_7_119.pdb	10.556	23.571	0	19.091
swarm_42_137.pdb	18.669	41.050	0	19.003
swarm_9_102.pdb	8.744	29.171	0	18.983
swarm_15_108.pdb	15.127	41.812	0	18.895
swarm_33_134.pdb	12.545	40.184	0	18.885
swarm_7_67.pdb	11.363	29.125	0.05	18.714
swarm_2_117.pdb	9.620	31.914	0	18.665
swarm_30_62.pdb	12.209	25.622	0.025	18.511
swarm_11_67.pdb	13.625	36.835	0	18.504
swarm_22_165.pdb	14.458	34.189	0	18.424
swarm_10_121.pdb	14.975	34.023	0	18.424
swarm_25_189.pdb	11.043	36.297	0	18.268
swarm_15_75.pdb	12.637	36.658	0	18.252
swarm_17_114.pdb	14.135	29.098	0	18.149
swarm_38_131.pdb	12.648	28.673	0	18.147
swarm_8_153.pdb	13.129	31.269	0	18.077
swarm_17_108.pdb	11.893	26.080	0	18.048
swarm_36_48.pdb	12.049	40.878	0	18.028
swarm_7_135.pdb	12.608	31.430	0	18.004
swarm_31_116.pdb	12.083	30.080	0	17.934
swarm_28_56.pdb	15.228	41.338	0	17.891
swarm_10_115.pdb	15.926	39.667	0	17.870
swarm_10_74.pdb	9.512	33.909	0	17.839
swarm_32_151.pdb	13.278	24.574	0	17.824
swarm_41_135.pdb	17.203	41.119	0	17.809
swarm_7_107.pdb	10.593	26.469	0	17.620
swarm_31_21.pdb	15.470	30.384	0	17.616
swarm_20_128.pdb	8.031	32.131	0.1	17.613
swarm_5_179.pdb	13.640	22.973	0	17.528
swarm_20_142.pdb	13.523	26.569	0	17.506
swarm_9_192.pdb	14.537	30.270	0	17.474
swarm_28_64.pdb	15.375	37.168	0	17.441
swarm_9_72.pdb	15.039	34.606	0	17.423
swarm_38_173.pdb	12.982	30.513	0	17.365
swarm_4_61.pdb	9.907	24.550	0.075	17.348
swarm_24_81.pdb	13.335	31.500	0	17.280
swarm_10_48.pdb	10.242	25.929	0.1	17.129
swarm_20_118.pdb	11.780	29.149	0	17.055
swarm_24_49.pdb	12.469	37.175	0.025	16.880
swarm_40_108.pdb	12.404	43.790	0.025	16.878
swarm_3_30.pdb	12.105	33.142	0	16.850
swarm_25_70.pdb	13.019	44.399	0	16.839
swarm_41_178.pdb	19.538	42.387	0	16.809
swarm_40_120.pdb	16.725	43.720	0	16.794
swarm_25_30.pdb	9.638	37.636	0	16.780
swarm_17_91.pdb	14.230	28.674	0	16.775
swarm_41_64.pdb	17.872	42.654	0	16.765
swarm_17_12.pdb	12.708	29.228	0	16.749
swarm_23_188.pdb	11.522	45.388	0	16.715
swarm_3_129.pdb	10.873	34.356	0.075	16.543
swarm_5_23.pdb	13.492	28.954	0	16.441
swarm_28_22.pdb	11.300	29.592	0	16.392
swarm_24_97.pdb	11.051	40.157	0	16.329
swarm_6_28.pdb	12.369	26.842	0	16.103
swarm_10_194.pdb	11.585	35.873	0.05	16.065
swarm_0_102.pdb	9.835	34.634	0	16.050
swarm_19_32.pdb	14.298	32.154	0	15.888
swarm_17_16.pdb	13.184	29.794	0	15.842
swarm_7_158.pdb	9.440	25.152	0	15.725
swarm_21_161.pdb	14.818	41.290	0	15.707
swarm_31_6.pdb	15.841	30.225	0	15.649
swarm_22_49.pdb	9.558	38.112	0	15.586
swarm_42_135.pdb	11.574	41.813	0	15.571
swarm_4_199.pdb	11.947	22.798	0.05	15.537
swarm_42_91.pdb	20.708	48.309	0	15.466
swarm_0_161.pdb	11.540	21.072	0	15.271
swarm_4_15.pdb	12.892	27.109	0	15.238
swarm_1_36.pdb	12.281	34.916	0	15.233
swarm_23_99.pdb	15.840	44.298	0	15.144
swarm_32_192.pdb	11.158	31.823	0	15.115
swarm_32_104.pdb	12.808	24.922	0	15.090
swarm_38_1.pdb	9.160	22.058	0	15.026
swarm_0_56.pdb	10.733	34.136	0	15.009
swarm_8_82.pdb	14.794	34.530	0	14.941
swarm_11_183.pdb	13.136	40.349	0	14.888
swarm_32_198.pdb	15.703	33.847	0	14.877
swarm_8_45.pdb	12.049	26.072	0	14.861
swarm_35_185.pdb	14.481	38.475	0	14.860
swarm_25_168.pdb	15.286	41.669	0	14.772
swarm_8_89.pdb	13.004	35.298	0	14.394
swarm_24_119.pdb	12.622	41.942	0	14.279
swarm_9_127.pdb	10.434	36.918	0	14.186
swarm_6_122.pdb	12.565	24.269	0	13.987
swarm_11_154.pdb	11.475	32.254	0.025	12.821
swarm_0_111.pdb	10.849	30.091	0.05	12.751
swarm_18_45.pdb	14.257	34.503	0	12.330
swarm_13_184.pdb	15.835	41.307	0	12.114
swarm_18_122.pdb	13.286	35.306	0	11.961
swarm_18_59.pdb	12.870	36.143	0	11.449
swarm_12_27.pdb	13.511	25.355	0	10.929
swarm_35_116.pdb	14.333	45.503	0	10.514
swarm_12_80.pdb	12.898	27.945	0	9.484
swarm_5_37.pdb	12.505	24.011	0	8.638
swarm_12_68.pdb	14.611	31.432	0	8.496
swarm_42_73.pdb	15.741	31.205	0	8.479
swarm_19_173.pdb	9.474	33.741	0.075	8.115
swarm_41_12.pdb	15.772	37.492	0	7.888
swarm_16_25.pdb	13.003	28.189	0	7.774
swarm_21_16.pdb	15.277	39.756	0	7.604
swarm_34_61.pdb	14.397	45.204	0	4.936
swarm_7_100.pdb	13.558	34.663	0	4.576
swarm_41_25.pdb	8.453	32.616	0.025	4.203
swarm_10_172.pdb	13.634	32.118	0	3.474
swarm_27_132.pdb	12.626	30.547	0	3.339
swarm_32_44.pdb	10.283	23.459	0	3.014
