swarm_39_51.pdb	10.863	22.589	0	33.450
swarm_34_38.pdb	8.748	29.039	0.175	32.489
swarm_14_158.pdb	12.327	24.787	0	31.345
swarm_23_147.pdb	13.118	26.973	0	31.209
swarm_33_70.pdb	12.302	33.677	0	30.548
swarm_7_2.pdb	9.789	21.404	0	30.410
swarm_5_67.pdb	10.001	20.272	0	30.246
swarm_37_46.pdb	6.430	17.282	0.05	29.838
swarm_3_39.pdb	10.103	32.112	0.075	29.792
swarm_3_24.pdb	11.826	23.717	0	29.345
swarm_51_129.pdb	13.121	34.320	0	29.284
swarm_38_156.pdb	10.248	19.391	0	29.161
swarm_38_63.pdb	11.328	29.720	0.075	28.879
swarm_16_125.pdb	11.079	32.832	0.025	28.857
swarm_24_14.pdb	16.474	33.678	0	28.815
swarm_30_93.pdb	12.947	28.669	0	28.647
swarm_15_175.pdb	10.611	32.993	0	28.338
swarm_17_198.pdb	11.534	26.854	0	28.292
swarm_13_149.pdb	14.632	36.346	0	28.289
swarm_24_43.pdb	10.131	29.693	0	28.236
swarm_39_36.pdb	9.351	27.434	0.1	27.818
swarm_37_25.pdb	9.175	16.366	0	27.771
swarm_5_39.pdb	9.312	19.974	0	27.754
swarm_36_7.pdb	11.201	21.977	0	27.631
swarm_14_1.pdb	8.352	22.859	0	27.628
swarm_38_150.pdb	13.264	25.473	0	27.590
swarm_13_101.pdb	14.820	33.354	0	27.171
swarm_0_97.pdb	10.346	22.673	0	27.105
swarm_20_192.pdb	11.834	29.745	0	27.049
swarm_30_198.pdb	8.135	20.596	0.15	27.046
swarm_45_186.pdb	9.335	19.041	0	26.926
swarm_3_82.pdb	13.709	29.865	0	26.877
swarm_17_70.pdb	7.861	23.177	0	26.757
swarm_5_62.pdb	13.497	26.053	0	26.699
swarm_14_156.pdb	11.541	37.423	0	26.699
swarm_15_43.pdb	11.884	33.859	0	26.602
swarm_39_21.pdb	7.285	21.280	0	26.601
swarm_40_12.pdb	12.904	27.299	0	26.557
swarm_32_107.pdb	11.422	25.911	0	26.505
swarm_29_48.pdb	15.388	33.020	0	26.482
swarm_9_8.pdb	13.005	24.951	0	26.236
swarm_18_81.pdb	5.680	14.666	0.2	26.200
swarm_24_138.pdb	11.950	32.181	0	26.006
swarm_31_14.pdb	16.290	40.059	0	25.803
swarm_0_69.pdb	10.557	24.192	0	25.751
swarm_36_82.pdb	13.433	32.773	0	25.572
swarm_24_31.pdb	13.599	28.704	0	25.471
swarm_21_19.pdb	15.552	34.964	0	25.415
swarm_49_83.pdb	11.958	29.826	0	25.358
swarm_50_123.pdb	13.370	29.801	0	25.072
swarm_35_15.pdb	10.206	22.197	0	24.949
swarm_15_94.pdb	16.139	36.360	0	24.936
swarm_20_186.pdb	11.816	27.364	0	24.869
swarm_23_186.pdb	14.412	29.470	0	24.688
swarm_37_195.pdb	14.664	29.157	0	24.674
swarm_7_106.pdb	8.146	18.441	0	24.582
swarm_24_136.pdb	9.361	35.055	0.025	24.560
swarm_24_137.pdb	12.710	36.994	0	24.520
swarm_29_72.pdb	12.454	31.562	0	24.355
swarm_43_19.pdb	9.983	33.198	0.075	24.351
swarm_49_176.pdb	11.031	27.595	0	24.203
swarm_29_158.pdb	8.625	31.904	0.1	24.179
swarm_14_12.pdb	8.600	25.855	0.1	24.160
swarm_23_27.pdb	13.721	29.660	0	24.123
swarm_37_134.pdb	8.734	24.723	0	24.113
swarm_9_116.pdb	12.889	31.296	0	24.023
swarm_14_192.pdb	12.413	31.078	0	23.999
swarm_42_44.pdb	12.884	29.035	0	23.966
swarm_15_6.pdb	14.999	32.392	0	23.958
swarm_13_170.pdb	11.072	29.649	0.025	23.944
swarm_20_132.pdb	14.120	25.850	0	23.871
swarm_9_103.pdb	12.925	23.708	0	23.759
swarm_18_1.pdb	7.874	20.488	0.1	23.743
swarm_35_108.pdb	4.450	16.548	0.45	23.709
swarm_45_87.pdb	9.739	20.444	0	23.655
swarm_20_8.pdb	10.743	23.289	0	23.638
swarm_15_51.pdb	14.824	37.524	0	23.579
swarm_43_146.pdb	8.468	31.413	0	23.523
swarm_35_174.pdb	9.358	18.949	0	23.464
swarm_1_142.pdb	10.052	26.123	0	23.406
swarm_0_153.pdb	6.641	29.404	0.275	23.350
swarm_41_82.pdb	8.525	25.808	0	23.252
swarm_5_37.pdb	9.472	19.432	0	23.210
swarm_13_96.pdb	10.950	27.664	0	23.108
swarm_47_73.pdb	9.021	27.310	0	23.097
swarm_22_86.pdb	8.416	20.983	0.025	23.045
swarm_30_94.pdb	11.082	32.225	0.05	22.988
swarm_24_128.pdb	12.673	28.686	0	22.949
swarm_45_108.pdb	8.908	15.039	0	22.895
swarm_7_160.pdb	12.207	24.366	0	22.827
swarm_32_13.pdb	14.291	33.106	0	22.806
swarm_50_93.pdb	10.848	23.924	0	22.801
swarm_43_160.pdb	8.927	32.308	0	22.780
swarm_47_24.pdb	15.892	32.548	0	22.775
swarm_12_114.pdb	8.762	26.073	0	22.770
swarm_43_94.pdb	14.328	34.807	0	22.677
swarm_45_174.pdb	2.666	17.330	0.65	22.647
swarm_49_63.pdb	12.955	34.394	0	22.620
swarm_14_39.pdb	10.504	31.121	0	22.584
swarm_35_90.pdb	11.363	25.076	0	22.456
swarm_27_103.pdb	15.790	31.123	0	22.432
swarm_3_59.pdb	12.833	32.647	0.025	22.422
swarm_24_3.pdb	11.664	28.398	0	22.422
swarm_18_142.pdb	13.370	29.024	0	22.350
swarm_29_9.pdb	13.410	27.804	0	22.324
swarm_47_179.pdb	14.082	25.279	0	22.270
swarm_49_13.pdb	11.057	33.464	0.075	22.199
swarm_39_187.pdb	13.640	29.130	0	22.160
swarm_18_155.pdb	11.661	26.109	0.05	22.099
swarm_35_41.pdb	13.929	23.674	0	22.090
swarm_50_94.pdb	10.919	35.158	0	22.020
swarm_36_154.pdb	4.076	15.228	0.175	21.996
swarm_29_0.pdb	10.233	24.791	0	21.965
swarm_19_73.pdb	11.186	20.570	0	21.933
swarm_43_100.pdb	9.530	31.810	0	21.910
swarm_34_24.pdb	14.529	36.449	0	21.891
swarm_16_7.pdb	15.566	32.641	0	21.839
swarm_9_100.pdb	13.474	26.400	0	21.817
swarm_2_166.pdb	12.321	26.410	0	21.804
swarm_7_188.pdb	8.036	13.203	0	21.788
swarm_36_126.pdb	14.855	27.833	0	21.730
swarm_36_131.pdb	12.826	29.484	0	21.671
swarm_15_117.pdb	16.109	33.862	0	21.659
swarm_17_154.pdb	4.289	20.917	0.3	21.651
swarm_39_54.pdb	12.819	23.214	0	21.368
swarm_7_15.pdb	11.859	28.864	0	21.295
swarm_18_88.pdb	9.134	17.479	0	21.238
swarm_0_57.pdb	14.153	35.215	0	21.207
swarm_5_13.pdb	12.370	22.942	0	21.155
swarm_35_113.pdb	12.155	23.164	0.025	21.127
swarm_18_26.pdb	10.886	24.707	0	21.122
swarm_28_137.pdb	11.597	37.408	0	21.108
swarm_39_73.pdb	15.295	30.309	0	21.055
swarm_31_77.pdb	13.477	32.742	0	20.999
swarm_11_166.pdb	8.064	30.978	0	20.946
swarm_30_121.pdb	11.845	26.235	0	20.887
swarm_15_12.pdb	11.410	31.509	0	20.802
swarm_42_192.pdb	11.115	27.386	0.1	20.799
swarm_29_131.pdb	14.782	26.515	0	20.716
swarm_34_174.pdb	11.091	29.406	0	20.694
swarm_34_133.pdb	13.424	30.294	0	20.690
swarm_28_141.pdb	7.759	33.393	0.1	20.636
swarm_13_142.pdb	11.039	23.288	0	20.608
swarm_22_51.pdb	4.138	17.737	0.275	20.600
swarm_28_65.pdb	11.385	32.757	0	20.505
swarm_1_194.pdb	15.154	37.320	0	20.484
swarm_34_106.pdb	15.504	32.172	0	20.468
swarm_44_164.pdb	11.655	33.228	0	20.326
swarm_19_110.pdb	13.265	24.959	0	20.284
swarm_48_56.pdb	9.613	21.447	0	20.263
swarm_37_139.pdb	7.053	24.498	0	20.260
swarm_44_79.pdb	12.757	30.700	0	20.245
swarm_22_60.pdb	8.228	21.863	0.075	20.167
swarm_23_127.pdb	8.351	25.622	0.225	20.146
swarm_32_129.pdb	12.110	32.224	0	20.143
swarm_16_66.pdb	14.403	29.173	0	20.141
swarm_12_123.pdb	10.591	24.163	0	20.134
swarm_1_16.pdb	9.410	39.604	0.025	20.110
swarm_16_57.pdb	10.164	27.827	0	20.041
swarm_43_186.pdb	9.409	33.332	0.05	19.928
swarm_45_96.pdb	14.310	25.236	0	19.879
swarm_41_37.pdb	9.338	27.038	0	19.824
swarm_49_32.pdb	8.173	32.987	0	19.726
swarm_37_187.pdb	12.509	27.001	0	19.663
swarm_12_66.pdb	11.866	26.106	0	19.658
swarm_5_151.pdb	13.395	25.269	0	19.648
swarm_21_79.pdb	12.157	32.186	0	19.604
swarm_47_109.pdb	10.476	25.352	0	19.494
swarm_19_147.pdb	13.024	23.197	0	19.407
swarm_3_162.pdb	8.404	26.013	0.075	19.373
swarm_47_7.pdb	11.181	24.020	0	19.343
swarm_6_153.pdb	15.319	34.925	0	19.294
swarm_7_110.pdb	9.433	21.046	0.175	19.223
swarm_20_87.pdb	11.085	23.672	0	19.181
swarm_11_115.pdb	12.433	37.657	0	19.151
swarm_38_188.pdb	9.887	24.442	0.05	19.148
swarm_12_177.pdb	11.066	27.018	0.075	19.121
swarm_13_154.pdb	12.494	28.768	0	19.115
swarm_38_154.pdb	12.603	23.874	0	19.088
swarm_12_146.pdb	14.684	29.010	0	19.084
swarm_7_121.pdb	7.532	17.441	0.025	19.005
swarm_13_168.pdb	14.515	33.519	0	18.933
swarm_1_193.pdb	11.405	35.134	0.05	18.892
swarm_40_89.pdb	6.049	24.691	0.15	18.888
swarm_20_100.pdb	10.972	25.943	0	18.878
swarm_47_145.pdb	12.497	26.788	0	18.809
swarm_22_76.pdb	13.892	30.007	0	18.763
swarm_12_27.pdb	13.054	29.091	0	18.662
swarm_35_13.pdb	8.704	19.125	0.025	18.636
swarm_0_148.pdb	13.658	29.506	0	18.618
swarm_9_32.pdb	5.954	20.793	0.1	18.532
swarm_0_186.pdb	10.465	25.950	0	18.493
swarm_19_49.pdb	13.315	22.930	0	18.491
swarm_30_185.pdb	11.637	28.202	0.1	18.477
swarm_32_111.pdb	14.147	28.701	0	18.403
swarm_10_143.pdb	10.554	26.691	0	18.304
swarm_29_99.pdb	6.097	21.304	0.1	18.300
swarm_19_141.pdb	11.738	25.849	0.075	18.299
swarm_33_33.pdb	9.893	28.595	0.025	18.264
swarm_20_56.pdb	12.114	24.369	0	18.201
swarm_12_101.pdb	12.886	28.008	0	18.139
swarm_29_52.pdb	12.648	31.662	0.05	17.965
swarm_11_135.pdb	13.651	41.207	0	17.761
swarm_45_172.pdb	13.104	27.180	0	17.747
swarm_7_180.pdb	11.866	24.526	0	17.678
swarm_34_51.pdb	7.563	31.104	0	17.575
swarm_12_158.pdb	11.742	28.407	0	17.553
swarm_43_183.pdb	12.794	40.254	0	17.490
swarm_19_142.pdb	12.614	27.873	0	17.389
swarm_18_60.pdb	14.108	31.445	0	17.369
swarm_5_85.pdb	11.115	26.766	0	17.336
swarm_48_141.pdb	11.461	28.278	0	17.335
swarm_33_148.pdb	16.019	33.893	0	17.308
swarm_11_134.pdb	11.430	35.505	0	17.258
swarm_0_49.pdb	9.575	29.169	0.25	17.258
swarm_13_8.pdb	16.817	35.195	0	17.255
swarm_50_102.pdb	11.863	31.864	0	17.142
swarm_48_179.pdb	11.489	23.659	0	17.132
swarm_23_75.pdb	10.205	22.453	0	17.001
swarm_9_132.pdb	13.253	26.587	0	16.904
swarm_32_77.pdb	10.619	31.757	0	16.808
swarm_29_62.pdb	10.204	25.340	0	16.758
swarm_24_51.pdb	11.509	26.306	0.075	16.643
swarm_45_42.pdb	11.172	28.262	0	16.471
swarm_42_181.pdb	13.567	30.981	0	16.329
swarm_8_198.pdb	10.326	26.268	0	16.314
swarm_29_36.pdb	11.365	21.897	0	16.188
swarm_12_161.pdb	12.806	28.363	0	16.164
swarm_46_5.pdb	13.448	27.746	0	16.074
swarm_10_64.pdb	11.898	23.549	0	16.028
swarm_49_95.pdb	12.855	29.602	0	15.978
swarm_0_32.pdb	14.134	34.365	0	15.939
swarm_9_11.pdb	14.283	25.716	0	15.936
swarm_9_78.pdb	14.395	24.746	0	15.799
swarm_22_180.pdb	13.036	22.390	0	15.722
swarm_43_70.pdb	14.248	36.693	0	15.688
swarm_22_110.pdb	9.153	24.648	0	15.652
swarm_24_40.pdb	11.913	28.293	0	15.649
swarm_36_81.pdb	12.837	30.949	0	15.646
swarm_51_81.pdb	10.332	32.656	0	15.644
swarm_38_77.pdb	11.493	25.594	0	15.529
swarm_29_132.pdb	13.177	36.525	0	15.474
swarm_10_114.pdb	15.043	28.235	0	15.453
swarm_22_193.pdb	7.134	16.488	0	15.394
swarm_40_134.pdb	9.833	23.148	0	15.303
swarm_49_6.pdb	13.842	36.172	0	14.994
swarm_5_75.pdb	9.973	23.637	0	14.682
swarm_41_117.pdb	11.505	29.610	0	14.676
swarm_30_186.pdb	13.971	29.347	0	14.672
swarm_5_163.pdb	11.232	24.117	0	14.599
swarm_1_195.pdb	15.048	33.770	0	14.580
swarm_1_103.pdb	13.006	27.383	0	14.117
swarm_16_92.pdb	14.256	28.709	0	13.951
swarm_20_183.pdb	12.889	31.990	0	13.365
swarm_18_143.pdb	11.965	29.046	0	13.357
swarm_39_7.pdb	7.726	27.421	0.175	13.351
swarm_1_175.pdb	9.997	23.315	0	12.933
swarm_3_21.pdb	14.518	28.522	0	12.798
swarm_20_32.pdb	16.474	26.985	0	12.732
swarm_46_121.pdb	12.472	31.687	0	12.472
swarm_47_32.pdb	12.826	22.913	0	12.183
swarm_28_177.pdb	8.744	31.923	0	12.136
swarm_17_145.pdb	10.102	29.921	0	12.096
swarm_0_137.pdb	8.775	26.532	0.05	11.746
swarm_9_25.pdb	12.138	25.526	0	11.680
swarm_49_166.pdb	12.782	35.153	0	11.437
swarm_19_10.pdb	10.408	18.767	0	10.989
swarm_42_109.pdb	14.477	31.673	0	10.897
swarm_19_160.pdb	12.221	21.715	0	10.503
swarm_35_155.pdb	15.918	23.933	0	10.283
swarm_45_111.pdb	13.888	28.081	0	9.974
swarm_9_79.pdb	10.549	24.475	0	9.951
swarm_7_112.pdb	9.883	22.417	0.15	8.925
swarm_48_150.pdb	11.366	24.799	0.025	8.675
swarm_50_46.pdb	13.842	25.583	0	8.354
swarm_43_21.pdb	15.288	40.610	0	8.337
swarm_43_28.pdb	12.252	35.862	0	8.057
swarm_14_24.pdb	12.766	32.663	0	7.058
swarm_11_79.pdb	13.063	32.717	0	4.943
swarm_24_67.pdb	9.778	27.185	0	2.592
swarm_29_38.pdb	11.472	24.547	0	2.537
swarm_30_49.pdb	11.645	29.596	0.05	2.234
swarm_14_68.pdb	13.169	32.745	0	1.666
swarm_15_20.pdb	14.429	33.079	0	0.969
swarm_33_72.pdb	16.384	34.577	0	0.092
