swarm_13_191.pdb	10.595	35.208	0.025	32.171
swarm_34_183.pdb	12.666	22.999	0	30.249
swarm_24_71.pdb	12.835	23.182	0	28.425
swarm_29_44.pdb	11.106	28.269	0.025	28.332
swarm_28_52.pdb	9.707	26.293	0	28.217
swarm_11_187.pdb	11.283	25.988	0	28.171
swarm_1_59.pdb	8.588	18.106	0	27.822
swarm_13_153.pdb	12.101	33.258	0	27.821
swarm_11_174.pdb	9.120	35.247	0.025	27.759
swarm_44_21.pdb	12.306	33.957	0	27.636
swarm_10_141.pdb	11.186	28.623	0	27.479
swarm_28_9.pdb	9.738	22.412	0	27.437
swarm_33_6.pdb	11.986	35.601	0.05	27.240
swarm_10_167.pdb	18.046	37.677	0	27.238
swarm_45_4.pdb	12.844	28.524	0	26.774
swarm_13_192.pdb	11.876	28.396	0	26.493
swarm_31_111.pdb	14.558	35.204	0	26.481
swarm_42_104.pdb	8.515	31.402	0.025	26.311
swarm_26_47.pdb	12.126	28.368	0.15	26.023
swarm_44_142.pdb	9.648	29.692	0	25.928
swarm_7_188.pdb	9.673	21.042	0	25.864
swarm_36_191.pdb	10.556	30.678	0	25.669
swarm_3_55.pdb	11.242	31.254	0	25.406
swarm_10_193.pdb	15.011	31.097	0	24.620
swarm_13_131.pdb	12.605	34.964	0.025	24.555
swarm_33_118.pdb	15.216	39.479	0	24.474
swarm_36_119.pdb	7.786	28.187	0	24.242
swarm_0_163.pdb	11.157	28.084	0.025	24.232
swarm_42_14.pdb	13.589	34.157	0	24.208
swarm_26_141.pdb	10.771	26.479	0.25	23.722
swarm_29_47.pdb	16.227	33.787	0	23.694
swarm_26_58.pdb	10.299	20.096	0	23.674
swarm_29_57.pdb	12.655	28.384	0	23.631
swarm_26_35.pdb	10.609	24.378	0	23.496
swarm_44_2.pdb	8.997	38.191	0	23.395
swarm_0_178.pdb	16.046	31.305	0	23.314
swarm_4_62.pdb	11.486	47.798	0	23.281
swarm_15_66.pdb	10.327	30.898	0	23.235
swarm_26_131.pdb	12.022	32.429	0	23.204
swarm_0_41.pdb	14.736	31.603	0	23.026
swarm_29_154.pdb	11.594	29.021	0	23.012
swarm_7_110.pdb	9.980	29.493	0.05	22.977
swarm_42_168.pdb	12.953	40.331	0	22.734
swarm_31_126.pdb	16.406	38.628	0	22.732
swarm_43_76.pdb	11.673	36.618	0.025	22.650
swarm_11_157.pdb	13.559	28.038	0	22.609
swarm_1_72.pdb	13.294	27.535	0	22.606
swarm_11_184.pdb	11.545	30.342	0	22.563
swarm_29_17.pdb	11.899	32.273	0	22.538
swarm_44_110.pdb	15.539	37.481	0	22.494
swarm_34_124.pdb	14.520	30.487	0	22.421
swarm_14_136.pdb	11.509	27.751	0.075	22.328
swarm_8_131.pdb	10.736	23.796	0	22.268
swarm_34_49.pdb	11.656	28.972	0	22.250
swarm_17_69.pdb	5.682	26.848	0.25	22.237
swarm_15_72.pdb	14.508	27.669	0	22.210
swarm_34_117.pdb	9.274	21.151	0	22.176
swarm_32_108.pdb	15.037	37.928	0	22.121
swarm_1_128.pdb	12.099	22.792	0	22.056
swarm_10_89.pdb	13.884	31.827	0	22.033
swarm_13_190.pdb	16.603	38.295	0	21.899
swarm_31_197.pdb	13.982	30.537	0	21.850
swarm_19_79.pdb	12.570	45.440	0	21.722
swarm_11_137.pdb	14.409	33.214	0	21.681
swarm_36_67.pdb	13.288	32.874	0	21.641
swarm_15_10.pdb	6.373	24.625	0.125	21.605
swarm_14_59.pdb	10.842	28.326	0	21.533
swarm_29_107.pdb	12.256	33.900	0.05	21.303
swarm_36_34.pdb	13.713	36.393	0	21.228
swarm_35_99.pdb	10.286	29.477	0	21.121
swarm_3_28.pdb	10.971	37.224	0	21.029
swarm_35_48.pdb	16.666	39.291	0	21.011
swarm_13_186.pdb	11.633	25.701	0	20.984
swarm_14_117.pdb	9.141	22.921	0	20.687
swarm_34_166.pdb	14.606	25.658	0	20.662
swarm_31_61.pdb	12.067	35.338	0.025	20.640
swarm_39_27.pdb	17.643	50.889	0	20.636
swarm_36_123.pdb	11.885	34.159	0	20.605
swarm_34_39.pdb	13.540	33.706	0	20.529
swarm_7_80.pdb	10.914	23.587	0	20.506
swarm_1_151.pdb	9.793	17.533	0	20.478
swarm_15_128.pdb	16.977	35.604	0	20.468
swarm_34_67.pdb	7.793	23.274	0.05	20.463
swarm_21_169.pdb	18.754	47.980	0	20.451
swarm_27_51.pdb	12.494	52.223	0	20.318
swarm_28_99.pdb	4.106	12.325	0.325	20.257
swarm_35_155.pdb	14.050	34.294	0	20.229
swarm_36_73.pdb	12.602	30.862	0	20.204
swarm_32_24.pdb	15.513	31.506	0	20.153
swarm_32_75.pdb	10.476	32.801	0	20.130
swarm_2_180.pdb	10.486	31.559	0	20.112
swarm_0_86.pdb	9.779	18.148	0	20.054
swarm_35_168.pdb	16.812	41.462	0	19.966
swarm_28_59.pdb	10.546	24.683	0	19.750
swarm_5_182.pdb	15.635	41.869	0	19.694
swarm_15_137.pdb	13.941	28.571	0	19.425
swarm_20_190.pdb	12.407	37.772	0	19.408
swarm_20_84.pdb	13.847	38.469	0	19.402
swarm_1_9.pdb	11.601	21.951	0	19.343
swarm_8_162.pdb	8.838	20.974	0.175	19.292
swarm_36_27.pdb	10.188	39.971	0.025	19.208
swarm_18_9.pdb	10.778	30.321	0.125	19.176
swarm_20_65.pdb	13.320	40.122	0	19.147
swarm_24_99.pdb	14.041	25.020	0	19.118
swarm_20_69.pdb	14.510	38.471	0	19.088
swarm_5_124.pdb	11.322	44.448	0.025	19.051
swarm_20_191.pdb	16.542	44.507	0	19.048
swarm_33_142.pdb	16.448	35.986	0	19.017
swarm_4_68.pdb	9.555	41.041	0	18.810
swarm_24_78.pdb	5.802	10.790	0.025	18.802
swarm_31_7.pdb	14.130	27.940	0	18.791
swarm_7_85.pdb	13.260	30.375	0	18.774
swarm_3_133.pdb	10.343	32.127	0	18.727
swarm_32_181.pdb	13.627	25.622	0	18.681
swarm_10_194.pdb	10.743	25.233	0	18.681
swarm_5_159.pdb	15.990	36.851	0	18.672
swarm_14_93.pdb	13.232	23.279	0	18.646
swarm_6_42.pdb	9.654	21.036	0.05	18.584
swarm_7_146.pdb	10.716	23.315	0	18.535
swarm_24_49.pdb	8.334	17.838	0.025	18.520
swarm_29_36.pdb	10.362	20.931	0	18.453
swarm_5_194.pdb	16.249	44.585	0	18.359
swarm_25_46.pdb	14.333	44.551	0	18.296
swarm_8_87.pdb	14.637	32.803	0	18.285
swarm_28_152.pdb	11.653	26.208	0	18.237
swarm_19_173.pdb	16.493	35.675	0	18.220
swarm_8_194.pdb	13.166	38.423	0	18.113
swarm_32_196.pdb	11.097	31.468	0	17.948
swarm_28_71.pdb	12.649	27.833	0.025	17.929
swarm_8_79.pdb	11.131	37.675	0	17.925
swarm_6_58.pdb	12.156	26.402	0	17.892
swarm_31_13.pdb	15.308	30.279	0	17.885
swarm_9_29.pdb	8.905	29.506	0	17.806
swarm_14_8.pdb	13.278	28.039	0	17.797
swarm_2_82.pdb	10.658	37.801	0	17.760
swarm_25_122.pdb	20.170	52.781	0	17.757
swarm_19_33.pdb	13.536	38.588	0	17.668
swarm_39_189.pdb	15.241	47.154	0	17.610
swarm_15_157.pdb	16.769	29.380	0	17.460
swarm_8_190.pdb	15.101	35.024	0	17.434
swarm_25_105.pdb	17.079	46.913	0	17.411
swarm_17_147.pdb	11.466	34.265	0	17.250
swarm_3_175.pdb	9.901	38.869	0	17.187
swarm_15_41.pdb	13.963	24.937	0	17.111
swarm_8_90.pdb	12.807	33.414	0	16.980
swarm_26_28.pdb	11.809	20.523	0	16.980
swarm_35_7.pdb	11.671	31.470	0	16.938
swarm_15_89.pdb	13.074	24.724	0	16.933
swarm_32_109.pdb	15.193	34.303	0	16.899
swarm_18_105.pdb	11.569	27.062	0	16.861
swarm_4_78.pdb	12.166	41.348	0	16.829
swarm_26_10.pdb	10.911	28.771	0	16.782
swarm_42_91.pdb	16.459	37.051	0	16.662
swarm_5_92.pdb	16.378	46.843	0	16.643
swarm_9_175.pdb	13.272	34.146	0	16.574
swarm_11_182.pdb	11.666	35.746	0.075	16.571
swarm_4_2.pdb	15.719	42.278	0	16.462
swarm_28_108.pdb	12.933	27.194	0	16.400
swarm_0_181.pdb	14.158	30.377	0	16.350
swarm_20_1.pdb	13.253	33.618	0	16.337
swarm_5_81.pdb	14.353	39.710	0	16.291
swarm_7_70.pdb	13.537	34.472	0	16.237
swarm_7_164.pdb	9.915	24.892	0	16.215
swarm_7_102.pdb	12.436	27.951	0	16.181
swarm_19_25.pdb	14.060	41.148	0	16.070
swarm_1_81.pdb	11.341	25.381	0.025	16.059
swarm_19_172.pdb	15.526	42.300	0	15.928
swarm_9_136.pdb	10.325	31.046	0	15.924
swarm_20_87.pdb	13.268	34.822	0	15.444
swarm_34_190.pdb	16.135	38.310	0	15.376
swarm_5_112.pdb	16.799	36.274	0	15.364
swarm_6_133.pdb	8.133	18.149	0	15.238
swarm_6_73.pdb	15.515	27.678	0	15.214
swarm_20_174.pdb	10.531	31.447	0	15.115
swarm_12_57.pdb	15.860	38.025	0	15.099
swarm_14_104.pdb	12.312	28.737	0	15.076
swarm_8_34.pdb	12.251	26.539	0	14.929
swarm_17_197.pdb	15.482	39.482	0	14.738
swarm_15_183.pdb	14.124	25.483	0	14.565
swarm_15_86.pdb	12.327	36.039	0	14.464
swarm_6_56.pdb	14.500	27.790	0	14.437
swarm_0_194.pdb	9.367	23.681	0	14.286
swarm_10_60.pdb	6.049	32.890	0.1	14.105
swarm_39_186.pdb	13.779	38.368	0	14.097
swarm_5_175.pdb	14.976	35.333	0	13.930
swarm_5_24.pdb	15.310	37.112	0	13.774
swarm_39_187.pdb	12.951	39.375	0	13.763
swarm_6_51.pdb	12.811	22.659	0	13.638
swarm_14_188.pdb	13.190	27.695	0	13.618
swarm_21_60.pdb	11.495	40.696	0	13.577
swarm_9_69.pdb	10.521	36.986	0	13.556
swarm_12_116.pdb	13.644	40.333	0	13.285
swarm_32_55.pdb	15.823	34.906	0	13.214
swarm_30_127.pdb	9.710	25.545	0	13.187
swarm_15_186.pdb	13.528	35.132	0	13.070
swarm_32_95.pdb	14.307	30.467	0	12.980
swarm_34_45.pdb	9.184	21.704	0	12.939
swarm_9_162.pdb	12.904	31.256	0	12.929
swarm_18_126.pdb	11.502	29.105	0	12.591
swarm_7_11.pdb	11.445	30.454	0	12.587
swarm_19_193.pdb	11.459	36.294	0.025	12.531
swarm_15_168.pdb	11.280	19.293	0	12.245
swarm_1_28.pdb	13.129	28.767	0	12.215
swarm_21_98.pdb	10.608	43.529	0	12.109
swarm_8_102.pdb	13.590	38.655	0	11.732
swarm_30_93.pdb	10.941	25.992	0	11.611
swarm_26_0.pdb	11.785	28.660	0	11.387
swarm_17_97.pdb	11.761	28.342	0	10.899
swarm_12_115.pdb	12.100	37.239	0	10.764
swarm_8_7.pdb	15.288	33.395	0	10.697
swarm_26_173.pdb	11.533	31.082	0	10.433
swarm_16_175.pdb	14.935	38.035	0	10.358
swarm_14_42.pdb	11.179	25.733	0	10.290
swarm_25_24.pdb	13.241	41.872	0	9.881
swarm_30_194.pdb	13.885	31.116	0	9.579
swarm_15_11.pdb	14.955	35.950	0	9.414
swarm_35_28.pdb	14.120	41.634	0	9.046
swarm_9_55.pdb	10.534	24.935	0	8.785
swarm_29_166.pdb	14.675	29.903	0	7.221
swarm_45_119.pdb	15.708	31.149	0	7.190
swarm_25_37.pdb	19.783	50.964	0	6.723
swarm_19_101.pdb	16.178	35.585	0	5.807
swarm_7_136.pdb	9.984	29.251	0	5.222
swarm_13_75.pdb	12.701	37.660	0.025	2.238
swarm_24_194.pdb	12.124	24.082	0	2.096
swarm_14_27.pdb	9.766	18.237	0	0.970
swarm_1_6.pdb	11.376	26.296	0	0.428
