swarm_3_117.pdb	3.900	23.259	0.25	36.750
swarm_39_160.pdb	9.216	47.324	0	36.577
swarm_36_166.pdb	10.057	48.228	0	35.750
swarm_11_101.pdb	4.438	24.124	0.2	35.744
swarm_0_152.pdb	3.981	23.231	0.3	35.444
swarm_36_7.pdb	4.962	22.906	0.175	34.799
swarm_38_85.pdb	8.415	42.569	0	34.654
swarm_29_8.pdb	4.750	25.126	0.225	34.481
swarm_13_65.pdb	4.534	22.441	0.2	33.292
swarm_23_101.pdb	8.758	43.952	0	33.275
swarm_42_168.pdb	8.661	42.970	0	33.227
swarm_11_42.pdb	8.805	39.632	0	32.679
swarm_38_9.pdb	8.484	35.800	0	32.407
swarm_8_41.pdb	8.580	36.590	0	32.221
swarm_43_84.pdb	8.265	43.513	0	32.063
swarm_27_175.pdb	8.776	42.477	0	32.015
swarm_47_8.pdb	8.312	43.053	0	31.909
swarm_26_43.pdb	4.013	21.807	0.325	31.720
swarm_2_24.pdb	6.668	23.637	0.025	31.552
swarm_34_47.pdb	7.845	27.791	0	31.452
swarm_17_167.pdb	11.452	34.211	0	31.428
swarm_34_7.pdb	9.179	49.055	0	31.298
swarm_33_50.pdb	4.531	25.923	0.2	31.281
swarm_23_13.pdb	9.202	38.435	0	31.028
swarm_28_185.pdb	11.068	34.901	0	30.943
swarm_24_120.pdb	7.685	27.382	0	30.940
swarm_32_113.pdb	8.780	35.813	0	30.466
swarm_28_10.pdb	10.654	41.736	0	30.114
swarm_10_78.pdb	10.660	35.473	0	29.651
swarm_28_196.pdb	8.133	40.490	0	29.585
swarm_15_140.pdb	8.594	41.274	0	29.513
swarm_42_15.pdb	5.784	29.692	0.05	29.486
swarm_14_116.pdb	5.651	27.320	0.175	29.468
swarm_1_69.pdb	3.124	18.626	0.375	29.305
swarm_33_99.pdb	8.671	31.900	0	29.045
swarm_34_139.pdb	7.011	28.954	0	28.962
swarm_34_52.pdb	10.970	48.527	0	28.792
swarm_15_121.pdb	4.026	19.929	0.35	28.747
swarm_2_90.pdb	5.515	18.058	0.025	28.742
swarm_28_190.pdb	2.191	9.983	0.675	28.649
swarm_30_17.pdb	8.479	27.532	0	28.580
swarm_35_46.pdb	8.522	42.480	0	28.345
swarm_31_166.pdb	5.939	29.569	0.075	28.232
swarm_11_144.pdb	7.257	33.001	0	28.189
swarm_49_151.pdb	10.521	33.615	0	28.132
swarm_27_72.pdb	7.846	25.495	0	28.067
swarm_37_118.pdb	8.104	36.702	0	28.023
swarm_27_65.pdb	3.966	25.680	0.425	28.010
swarm_48_115.pdb	10.707	32.494	0	27.776
swarm_21_97.pdb	9.545	46.929	0	27.695
swarm_23_7.pdb	9.463	37.869	0	27.688
swarm_35_64.pdb	5.130	25.855	0.2	27.664
swarm_3_2.pdb	5.273	25.882	0.225	27.615
swarm_43_198.pdb	8.397	40.749	0	27.489
swarm_42_73.pdb	8.823	32.164	0	27.391
swarm_37_45.pdb	7.722	40.383	0	27.287
swarm_10_136.pdb	4.025	26.245	0.375	27.226
swarm_34_184.pdb	3.998	23.457	0.475	27.192
swarm_14_152.pdb	3.690	17.861	0.375	27.074
swarm_44_159.pdb	4.785	24.723	0.2	26.883
swarm_25_63.pdb	9.957	49.393	0	26.883
swarm_9_149.pdb	5.635	18.271	0.025	26.879
swarm_7_33.pdb	11.703	26.144	0	26.735
swarm_39_68.pdb	7.092	29.105	0.025	26.712
swarm_39_41.pdb	9.134	41.219	0	26.705
swarm_11_113.pdb	8.386	30.935	0	26.662
swarm_23_151.pdb	11.141	47.022	0	26.648
swarm_9_120.pdb	6.911	26.217	0.025	26.597
swarm_14_136.pdb	9.063	37.267	0	26.535
swarm_28_63.pdb	8.587	39.811	0	26.534
swarm_0_103.pdb	3.730	24.448	0.45	26.504
swarm_7_47.pdb	5.533	28.466	0.275	26.495
swarm_48_19.pdb	8.315	38.456	0	26.478
swarm_15_137.pdb	8.949	27.229	0	26.478
swarm_45_188.pdb	11.413	50.222	0	26.454
swarm_45_123.pdb	8.368	41.127	0	26.448
swarm_31_72.pdb	4.960	24.070	0.225	26.351
swarm_40_77.pdb	8.791	32.342	0	26.237
swarm_24_22.pdb	3.228	16.496	0.575	26.236
swarm_12_174.pdb	8.289	18.665	0	26.166
swarm_22_162.pdb	6.913	30.631	0	26.150
swarm_16_189.pdb	7.899	30.723	0	26.071
swarm_14_139.pdb	10.280	33.672	0	26.007
swarm_18_160.pdb	8.618	38.561	0	25.935
swarm_19_145.pdb	9.379	40.445	0	25.826
swarm_37_136.pdb	10.055	43.979	0	25.788
swarm_7_128.pdb	8.562	28.842	0	25.742
swarm_14_84.pdb	7.847	39.654	0	25.703
swarm_10_60.pdb	6.679	28.949	0.05	25.696
swarm_4_138.pdb	9.350	44.923	0	25.693
swarm_39_193.pdb	8.462	41.526	0	25.567
swarm_26_169.pdb	9.118	32.601	0	25.515
swarm_0_147.pdb	10.264	37.003	0	25.502
swarm_10_93.pdb	6.471	24.205	0	25.500
swarm_30_136.pdb	7.163	34.658	0	25.425
swarm_18_156.pdb	13.599	42.097	0	25.350
swarm_24_180.pdb	5.340	26.272	0.175	25.348
swarm_29_19.pdb	8.791	33.279	0	25.310
swarm_29_40.pdb	11.751	43.788	0	25.293
swarm_41_0.pdb	9.404	36.879	0	25.292
swarm_27_138.pdb	8.538	38.456	0	25.262
swarm_21_194.pdb	6.013	17.068	0.025	25.191
swarm_14_99.pdb	7.087	27.370	0	25.191
swarm_23_177.pdb	7.765	33.800	0	25.141
swarm_29_172.pdb	6.922	39.400	0	25.113
swarm_30_81.pdb	3.632	11.419	0.15	25.058
swarm_20_111.pdb	8.740	38.210	0	24.997
swarm_39_124.pdb	7.152	35.102	0	24.940
swarm_0_79.pdb	8.554	34.739	0	24.891
swarm_7_133.pdb	13.887	38.232	0	24.847
swarm_22_178.pdb	10.310	38.905	0	24.838
swarm_10_184.pdb	11.037	20.124	0	24.776
swarm_36_83.pdb	8.376	35.334	0	24.727
swarm_29_96.pdb	6.438	29.172	0.025	24.658
swarm_10_138.pdb	5.180	17.407	0.075	24.636
swarm_16_87.pdb	3.337	21.542	0.5	24.491
swarm_2_62.pdb	5.699	28.376	0.15	24.433
swarm_6_189.pdb	8.729	28.846	0	24.427
swarm_11_34.pdb	4.419	25.757	0.125	24.409
swarm_15_5.pdb	10.572	37.493	0	24.375
swarm_17_4.pdb	6.281	27.555	0.15	24.290
swarm_1_139.pdb	9.101	25.801	0	24.135
swarm_29_155.pdb	8.872	44.130	0	24.124
swarm_24_100.pdb	1.326	5.644	0.775	24.118
swarm_12_47.pdb	1.954	11.793	0.625	24.074
swarm_35_95.pdb	8.064	34.052	0	23.808
swarm_10_123.pdb	4.411	21.959	0.25	23.796
swarm_27_43.pdb	9.349	49.365	0	23.787
swarm_35_31.pdb	11.425	42.431	0	23.757
swarm_0_155.pdb	2.554	16.717	0.575	23.749
swarm_48_13.pdb	8.446	35.715	0	23.742
swarm_36_105.pdb	6.006	32.690	0.1	23.718
swarm_13_151.pdb	2.950	19.372	0.5	23.704
swarm_24_91.pdb	8.845	42.477	0	23.680
swarm_14_153.pdb	3.741	15.006	0.225	23.664
swarm_4_120.pdb	6.737	19.635	0.075	23.643
swarm_4_39.pdb	6.185	26.945	0.125	23.631
swarm_14_125.pdb	4.188	27.171	0.3	23.448
swarm_26_140.pdb	9.412	38.690	0	23.376
swarm_7_12.pdb	4.912	22.292	0.15	23.372
swarm_3_43.pdb	8.546	34.107	0	23.350
swarm_16_34.pdb	6.316	29.476	0	23.261
swarm_5_155.pdb	9.188	40.570	0	23.260
swarm_16_152.pdb	2.092	9.346	0.575	23.218
swarm_22_22.pdb	6.841	36.372	0	23.203
swarm_22_65.pdb	7.802	36.613	0	23.170
swarm_27_127.pdb	10.952	42.766	0	23.166
swarm_5_120.pdb	5.187	30.460	0.225	23.162
swarm_0_20.pdb	6.341	33.827	0.05	23.145
swarm_34_30.pdb	3.111	13.601	0.475	23.070
swarm_34_12.pdb	5.726	22.693	0.025	23.060
swarm_25_66.pdb	10.535	42.284	0	23.054
swarm_15_91.pdb	2.091	13.144	0.625	23.004
swarm_13_6.pdb	9.485	33.146	0	22.992
swarm_17_67.pdb	3.943	17.578	0.1	22.946
swarm_24_83.pdb	8.001	29.473	0	22.936
swarm_29_158.pdb	8.703	44.060	0	22.913
swarm_14_97.pdb	7.066	29.797	0	22.863
swarm_17_46.pdb	8.272	28.147	0	22.856
swarm_4_46.pdb	6.593	12.812	0	22.855
swarm_7_68.pdb	4.264	15.943	0.075	22.758
swarm_27_102.pdb	8.192	19.717	0	22.682
swarm_41_6.pdb	5.468	19.158	0.075	22.586
swarm_35_50.pdb	9.001	41.357	0	22.579
swarm_31_178.pdb	6.270	27.056	0.05	22.563
swarm_14_46.pdb	0.959	2.573	0.925	22.503
swarm_10_146.pdb	9.258	30.491	0	22.480
swarm_12_110.pdb	7.982	32.585	0	22.468
swarm_26_150.pdb	7.533	35.463	0	22.442
swarm_3_169.pdb	9.148	20.203	0	22.356
swarm_48_73.pdb	5.446	33.668	0.15	22.312
swarm_12_10.pdb	8.681	21.838	0	22.198
swarm_42_125.pdb	6.419	40.859	0.15	22.171
swarm_9_146.pdb	8.464	33.510	0	22.142
swarm_20_129.pdb	11.550	46.552	0	22.078
swarm_44_52.pdb	6.252	29.923	0.025	22.044
swarm_8_162.pdb	7.453	33.589	0.025	21.993
swarm_8_162.pdb	9.631	32.433	0	21.926
swarm_6_121.pdb	1.917	7.339	0.65	21.896
swarm_37_9.pdb	10.295	40.994	0	21.829
swarm_17_79.pdb	7.378	32.945	0	21.822
swarm_31_52.pdb	2.532	9.848	0.525	21.808
swarm_17_5.pdb	7.964	37.747	0	21.779
swarm_8_85.pdb	7.877	20.297	0	21.778
swarm_49_71.pdb	5.521	32.750	0.15	21.772
swarm_30_147.pdb	7.493	16.310	0	21.736
swarm_8_49.pdb	5.196	16.749	0.05	21.732
swarm_9_139.pdb	10.344	33.337	0	21.719
swarm_25_128.pdb	8.071	41.957	0	21.618
swarm_28_192.pdb	5.136	20.899	0.075	21.592
swarm_25_195.pdb	9.381	32.845	0	21.576
swarm_0_96.pdb	11.028	47.879	0	21.480
swarm_26_110.pdb	4.842	22.040	0.225	21.435
swarm_1_56.pdb	3.192	18.576	0.4	21.399
swarm_29_69.pdb	6.448	31.630	0.05	21.277
swarm_41_116.pdb	2.253	13.662	0.65	21.257
swarm_20_120.pdb	9.446	28.023	0	21.257
swarm_44_123.pdb	8.075	32.226	0	21.212
swarm_5_176.pdb	6.124	21.443	0.05	21.159
swarm_12_51.pdb	2.623	15.568	0.55	21.045
swarm_32_70.pdb	4.160	23.934	0.4	20.952
swarm_25_96.pdb	8.997	35.673	0	20.908
swarm_30_50.pdb	7.241	32.769	0.05	20.875
swarm_18_10.pdb	8.839	33.967	0	20.875
swarm_28_17.pdb	4.998	22.250	0.225	20.752
swarm_22_176.pdb	7.795	40.330	0	20.738
swarm_49_67.pdb	6.328	29.461	0.075	20.691
swarm_26_195.pdb	2.057	8.249	0.525	20.661
swarm_13_121.pdb	6.310	33.162	0.05	20.661
swarm_20_84.pdb	7.280	23.963	0	20.627
swarm_44_196.pdb	9.541	36.864	0	20.611
swarm_13_158.pdb	8.897	27.958	0	20.603
swarm_28_3.pdb	8.638	34.056	0	20.571
swarm_6_177.pdb	6.744	21.888	0	20.554
swarm_4_132.pdb	4.710	21.541	0.2	20.514
swarm_14_137.pdb	8.456	34.692	0	20.375
swarm_18_190.pdb	7.912	38.048	0	20.286
swarm_43_12.pdb	7.443	40.220	0	20.266
swarm_8_85.pdb	5.194	26.736	0.225	20.145
swarm_3_136.pdb	3.529	9.887	0.1	20.103
swarm_29_177.pdb	3.297	20.487	0.375	20.096
swarm_38_13.pdb	7.875	19.357	0	20.078
swarm_36_100.pdb	7.264	40.594	0.025	19.836
swarm_24_95.pdb	9.075	28.532	0	19.762
swarm_7_130.pdb	9.297	23.960	0	19.742
swarm_1_48.pdb	8.331	23.721	0	19.727
swarm_12_114.pdb	8.914	16.058	0	19.727
swarm_4_124.pdb	7.100	26.343	0	19.701
swarm_9_124.pdb	6.895	24.971	0	19.623
swarm_5_169.pdb	8.342	38.757	0	19.621
swarm_19_13.pdb	7.727	38.599	0	19.569
swarm_16_28.pdb	2.748	17.437	0.5	19.566
swarm_6_109.pdb	6.629	26.052	0	19.479
swarm_28_46.pdb	6.722	23.958	0	19.400
swarm_39_144.pdb	10.199	44.466	0	19.376
swarm_9_137.pdb	4.204	22.293	0.175	19.353
swarm_5_18.pdb	6.119	18.667	0.075	19.264
swarm_19_33.pdb	9.920	31.161	0	19.262
swarm_37_10.pdb	9.112	36.540	0	19.230
swarm_14_110.pdb	3.068	19.263	0.575	19.129
swarm_40_143.pdb	8.219	38.696	0	19.045
swarm_14_18.pdb	11.368	46.455	0	19.037
swarm_45_58.pdb	7.967	40.680	0	19.013
swarm_29_135.pdb	10.606	43.739	0	18.994
swarm_21_83.pdb	8.993	42.091	0	18.981
swarm_6_114.pdb	6.946	22.467	0.025	18.960
swarm_13_132.pdb	4.464	24.970	0.15	18.938
swarm_34_29.pdb	2.856	14.485	0.375	18.931
swarm_6_194.pdb	10.157	30.015	0	18.921
swarm_1_1.pdb	7.454	30.842	0	18.907
swarm_33_10.pdb	3.092	13.629	0.55	18.870
swarm_34_36.pdb	2.234	13.803	0.725	18.789
swarm_0_15.pdb	11.770	34.962	0	18.757
swarm_22_149.pdb	8.663	42.123	0	18.736
swarm_18_91.pdb	8.957	41.909	0	18.694
swarm_48_123.pdb	5.785	36.617	0.125	18.675
swarm_15_119.pdb	4.884	22.096	0.075	18.546
swarm_2_112.pdb	2.802	17.923	0.525	18.497
swarm_7_146.pdb	7.073	17.499	0	18.482
swarm_18_114.pdb	5.441	35.919	0.325	18.399
swarm_14_37.pdb	3.843	16.685	0.175	18.293
swarm_0_51.pdb	6.012	25.586	0.075	18.279
swarm_26_157.pdb	11.464	46.488	0	18.242
swarm_9_41.pdb	2.487	11.948	0.675	18.185
swarm_9_95.pdb	7.887	30.474	0.025	18.131
swarm_22_96.pdb	9.041	42.239	0	18.088
swarm_10_128.pdb	7.355	32.767	0	18.081
swarm_32_98.pdb	6.782	33.354	0.025	18.011
swarm_32_159.pdb	9.275	21.881	0	17.938
swarm_33_150.pdb	7.633	36.471	0	17.852
swarm_33_175.pdb	8.443	35.578	0	17.775
swarm_13_189.pdb	6.067	27.381	0.075	17.723
swarm_31_155.pdb	6.351	34.307	0.1	17.715
swarm_6_128.pdb	6.855	18.039	0	17.677
swarm_14_131.pdb	10.637	38.401	0	17.626
swarm_18_35.pdb	10.865	42.831	0	17.522
swarm_6_125.pdb	2.849	14.634	0.6	17.486
swarm_26_72.pdb	12.461	41.865	0	17.465
swarm_2_136.pdb	10.972	37.644	0	17.323
swarm_14_109.pdb	6.300	21.537	0.025	17.239
swarm_22_130.pdb	11.362	33.236	0	17.151
swarm_19_174.pdb	4.706	12.403	0.175	17.123
swarm_8_183.pdb	4.697	26.808	0.2	17.078
swarm_13_154.pdb	6.493	31.184	0.1	17.011
swarm_9_151.pdb	8.360	33.351	0	16.896
swarm_19_36.pdb	8.484	22.550	0	16.837
swarm_40_149.pdb	8.538	45.721	0	16.782
swarm_0_81.pdb	7.869	24.225	0	16.750
swarm_32_129.pdb	6.761	22.860	0	16.740
swarm_31_107.pdb	7.772	23.368	0	16.666
swarm_24_85.pdb	8.395	32.642	0	16.642
swarm_26_154.pdb	10.369	48.004	0	16.600
swarm_12_181.pdb	6.857	10.666	0	16.412
swarm_43_38.pdb	7.146	36.540	0.075	16.373
swarm_1_11.pdb	8.092	19.492	0	16.267
swarm_4_23.pdb	6.662	11.116	0.025	16.154
swarm_20_193.pdb	11.315	26.690	0	16.109
swarm_15_165.pdb	5.383	23.873	0.025	15.904
swarm_35_78.pdb	6.240	10.795	0.05	15.893
swarm_40_157.pdb	10.859	46.884	0	15.862
swarm_7_152.pdb	8.485	23.080	0	15.833
swarm_18_25.pdb	8.833	34.409	0	15.819
swarm_38_191.pdb	7.445	16.500	0.025	15.812
swarm_6_47.pdb	5.503	16.996	0.1	15.731
swarm_32_185.pdb	7.325	34.188	0.025	15.723
swarm_15_82.pdb	9.908	46.134	0	15.622
swarm_18_13.pdb	5.605	30.562	0.1	15.568
swarm_15_23.pdb	3.759	17.828	0.35	15.485
swarm_25_10.pdb	7.892	41.360	0	15.461
swarm_36_142.pdb	9.098	26.490	0	15.438
swarm_1_52.pdb	3.718	23.456	0.55	15.418
swarm_11_176.pdb	5.887	35.322	0.075	15.327
swarm_19_116.pdb	8.251	33.670	0	15.236
swarm_7_123.pdb	5.134	21.926	0.2	15.223
swarm_24_166.pdb	7.617	36.114	0	15.198
swarm_22_158.pdb	9.579	44.826	0	15.163
swarm_27_131.pdb	7.199	29.799	0	15.004
swarm_19_4.pdb	6.643	32.906	0.075	14.943
swarm_21_189.pdb	7.095	24.144	0.025	14.919
swarm_20_67.pdb	5.887	32.195	0.125	14.890
swarm_40_154.pdb	9.121	44.062	0	14.837
swarm_18_42.pdb	10.808	31.177	0	14.733
swarm_19_124.pdb	5.673	11.430	0.025	14.672
swarm_17_2.pdb	3.617	9.925	0.525	14.441
swarm_22_165.pdb	8.430	32.732	0	14.384
swarm_32_83.pdb	5.769	17.610	0.025	14.189
swarm_49_40.pdb	9.493	23.756	0	13.947
swarm_0_85.pdb	3.392	11.748	0.275	13.746
swarm_33_12.pdb	9.002	15.321	0	13.745
swarm_26_82.pdb	7.535	37.662	0.05	13.491
swarm_18_56.pdb	3.714	18.493	0.325	13.486
swarm_32_80.pdb	6.930	29.331	0	13.438
swarm_32_133.pdb	8.660	28.996	0	13.336
swarm_45_46.pdb	8.979	38.578	0	13.214
swarm_19_85.pdb	5.335	19.353	0.25	13.153
swarm_40_41.pdb	10.240	42.450	0	13.093
swarm_7_83.pdb	4.463	22.249	0.25	13.083
swarm_35_13.pdb	3.723	11.200	0.325	12.906
swarm_33_198.pdb	11.858	48.265	0	12.837
swarm_18_162.pdb	7.151	29.330	0.05	12.617
swarm_26_64.pdb	13.507	47.121	0	12.179
swarm_14_196.pdb	6.760	30.843	0	11.975
swarm_13_30.pdb	4.605	15.424	0.1	11.360
swarm_0_113.pdb	5.224	24.089	0.1	10.979
swarm_31_199.pdb	8.176	34.476	0	10.914
swarm_28_145.pdb	4.354	18.098	0.25	10.468
swarm_25_125.pdb	8.127	33.750	0	10.382
swarm_14_19.pdb	10.084	38.779	0	10.137
swarm_44_31.pdb	7.618	42.024	0	10.024
swarm_1_136.pdb	10.448	26.618	0	9.914
swarm_42_10.pdb	10.456	42.308	0	9.309
swarm_47_32.pdb	10.426	41.044	0	9.232
swarm_45_65.pdb	11.388	46.008	0	9.212
swarm_40_79.pdb	9.329	36.381	0	8.883
swarm_31_161.pdb	7.854	18.416	0	5.757
swarm_30_12.pdb	7.740	15.126	0	5.156
swarm_8_124.pdb	6.687	30.490	0.025	5.016
swarm_22_188.pdb	11.105	44.463	0	4.183
swarm_42_165.pdb	6.882	26.564	0.025	3.804
swarm_43_153.pdb	10.804	46.828	0	2.279
swarm_31_168.pdb	10.645	34.900	0	2.176
swarm_33_142.pdb	9.889	47.315	0	1.997
swarm_13_131.pdb	8.001	33.419	0	1.766
