swarm_16_16.pdb	3.924	23.699	0.3	40.187
swarm_47_176.pdb	2.323	10.051	0.575	39.400
swarm_35_45.pdb	2.323	10.372	0.625	38.222
swarm_12_44.pdb	2.241	12.799	0.725	38.004
swarm_0_158.pdb	2.183	11.840	0.775	37.876
swarm_5_193.pdb	1.861	12.402	0.675	37.208
swarm_45_87.pdb	1.950	6.782	0.725	36.347
swarm_15_130.pdb	5.017	31.373	0.15	35.947
swarm_18_12.pdb	1.156	3.295	0.875	35.568
swarm_20_7.pdb	1.349	6.538	0.875	35.447
swarm_38_123.pdb	2.720	11.859	0.575	35.185
swarm_5_180.pdb	1.544	3.351	0.9	34.969
swarm_23_135.pdb	2.841	17.808	0.575	34.967
swarm_24_169.pdb	4.275	26.782	0.225	34.943
swarm_32_0.pdb	6.313	18.458	0	34.650
swarm_30_152.pdb	5.578	19.366	0	34.137
swarm_29_57.pdb	4.216	22.121	0.175	34.093
swarm_23_19.pdb	3.282	19.094	0.425	33.899
swarm_24_67.pdb	4.492	19.158	0.125	33.083
swarm_37_185.pdb	2.870	13.786	0.525	32.907
swarm_18_94.pdb	3.134	19.871	0.45	32.860
swarm_39_38.pdb	5.438	24.592	0.025	32.608
swarm_1_188.pdb	4.440	28.616	0.3	32.465
swarm_29_100.pdb	4.507	28.826	0.325	31.948
swarm_34_77.pdb	6.472	25.190	0	31.203
swarm_17_65.pdb	3.911	19.308	0.375	30.939
swarm_41_199.pdb	6.815	24.627	0	30.846
swarm_22_116.pdb	6.795	16.972	0.05	30.548
swarm_3_178.pdb	4.209	17.483	0.225	30.283
swarm_7_44.pdb	2.033	7.121	0.65	30.253
swarm_36_28.pdb	3.565	16.558	0.375	29.567
swarm_33_125.pdb	4.063	22.826	0.325	29.532
swarm_12_140.pdb	3.891	25.968	0.425	29.440
swarm_19_80.pdb	3.931	17.833	0.3	28.618
swarm_50_182.pdb	4.386	25.488	0.275	28.599
swarm_13_148.pdb	3.790	25.328	0.4	28.513
swarm_14_16.pdb	4.133	24.839	0.25	28.330
swarm_28_126.pdb	7.495	40.531	0	28.328
swarm_21_90.pdb	5.225	27.628	0.275	28.090
swarm_43_188.pdb	7.189	33.628	0	27.981
swarm_33_136.pdb	7.775	27.919	0	27.796
swarm_45_107.pdb	4.077	21.572	0.325	27.751
swarm_42_105.pdb	3.630	20.467	0.525	27.739
swarm_22_49.pdb	3.162	15.155	0.55	27.652
swarm_34_52.pdb	8.018	26.049	0	27.297
swarm_44_16.pdb	5.638	29.347	0.075	27.195
swarm_5_29.pdb	6.708	17.408	0.025	26.860
swarm_49_119.pdb	4.877	31.490	0.3	26.717
swarm_3_106.pdb	6.680	25.615	0.025	26.691
swarm_48_195.pdb	6.900	17.679	0.05	26.662
swarm_19_111.pdb	2.657	8.762	0.2	26.408
swarm_45_177.pdb	5.221	14.679	0.05	26.238
swarm_50_107.pdb	7.015	31.621	0.025	26.230
swarm_32_111.pdb	6.737	25.899	0.05	26.124
swarm_51_75.pdb	6.154	35.093	0.075	26.089
swarm_19_67.pdb	6.788	16.874	0.025	25.959
swarm_43_154.pdb	6.218	30.244	0.075	25.912
swarm_49_166.pdb	3.888	25.218	0.275	25.759
swarm_48_83.pdb	3.933	21.088	0.5	25.701
swarm_39_91.pdb	4.846	22.407	0.15	25.643
swarm_25_156.pdb	7.451	38.072	0	25.428
swarm_17_107.pdb	6.675	23.795	0	25.305
swarm_50_34.pdb	6.128	28.781	0.1	25.250
swarm_38_13.pdb	4.802	22.355	0.25	25.188
swarm_1_146.pdb	3.773	24.298	0.3	25.135
swarm_14_104.pdb	5.990	23.158	0	25.018
swarm_18_198.pdb	8.680	15.296	0	24.750
swarm_9_34.pdb	6.920	21.106	0	24.647
swarm_31_194.pdb	6.780	26.305	0.05	24.519
swarm_47_180.pdb	5.873	25.121	0.025	24.452
swarm_36_114.pdb	5.336	24.082	0.225	24.255
swarm_29_188.pdb	2.684	14.903	0.475	24.140
swarm_46_7.pdb	4.004	19.224	0.4	23.874
swarm_11_92.pdb	7.246	38.518	0	23.774
swarm_51_12.pdb	8.471	41.790	0	23.640
swarm_30_50.pdb	6.246	26.486	0.15	23.516
swarm_10_41.pdb	3.497	15.338	0.075	23.477
swarm_36_124.pdb	6.290	23.674	0.075	23.476
swarm_8_127.pdb	6.170	31.815	0.05	23.451
swarm_40_107.pdb	6.902	21.849	0.025	23.354
swarm_9_189.pdb	3.109	14.441	0.175	23.260
swarm_10_47.pdb	7.028	20.889	0.025	23.134
swarm_11_4.pdb	4.934	31.226	0.2	22.986
swarm_0_186.pdb	4.769	28.611	0.225	22.815
swarm_17_149.pdb	6.078	24.404	0.15	22.798
swarm_20_11.pdb	4.068	22.725	0.175	22.525
swarm_22_107.pdb	4.895	13.771	0.05	22.495
swarm_47_62.pdb	4.492	24.147	0.175	22.444
swarm_48_119.pdb	4.080	21.120	0.45	22.381
swarm_9_61.pdb	3.108	17.020	0.55	22.244
swarm_4_7.pdb	7.946	37.726	0	22.242
swarm_2_10.pdb	6.674	31.184	0.025	22.194
swarm_14_102.pdb	6.775	29.608	0.025	22.061
swarm_35_131.pdb	2.932	13.095	0.675	22.058
swarm_14_27.pdb	7.126	29.163	0	21.770
swarm_12_118.pdb	8.410	14.472	0	21.746
swarm_38_162.pdb	8.788	14.769	0	21.716
swarm_28_12.pdb	6.675	39.342	0.075	21.575
swarm_36_198.pdb	2.915	13.714	0.55	21.437
swarm_51_173.pdb	7.930	29.747	0	21.412
swarm_21_181.pdb	7.109	29.748	0	21.359
swarm_43_105.pdb	5.410	31.507	0.175	21.309
swarm_49_114.pdb	7.262	37.478	0	21.298
swarm_34_188.pdb	6.578	24.000	0	21.159
swarm_34_151.pdb	8.687	32.169	0	21.155
swarm_8_173.pdb	5.400	26.633	0.2	21.112
swarm_31_13.pdb	6.955	32.756	0	21.108
swarm_13_50.pdb	8.504	35.119	0.025	21.097
swarm_37_151.pdb	6.369	11.843	0	21.013
swarm_22_180.pdb	5.719	18.106	0.075	20.957
swarm_34_101.pdb	6.468	33.308	0.1	20.927
swarm_3_125.pdb	5.955	26.513	0.175	20.718
swarm_8_196.pdb	6.337	23.397	0.075	20.655
swarm_11_131.pdb	7.390	30.035	0	20.410
swarm_17_51.pdb	5.390	17.874	0.15	20.217
swarm_43_189.pdb	7.253	27.925	0.025	19.884
swarm_6_122.pdb	7.689	35.609	0	19.525
swarm_32_36.pdb	5.545	25.345	0.2	19.467
swarm_44_4.pdb	5.511	29.701	0.1	19.417
swarm_26_116.pdb	7.844	38.438	0	19.264
swarm_25_62.pdb	5.738	29.078	0.225	19.221
swarm_42_111.pdb	4.504	23.010	0.175	19.211
swarm_10_107.pdb	4.043	18.942	0.5	18.685
swarm_6_43.pdb	5.604	29.342	0.15	18.337
swarm_14_84.pdb	7.039	29.586	0	18.077
swarm_7_141.pdb	6.191	19.636	0.075	17.717
swarm_7_65.pdb	7.030	18.922	0	16.388
swarm_7_125.pdb	4.087	14.305	0.5	16.250
swarm_3_84.pdb	7.015	34.470	0.075	16.062
swarm_9_190.pdb	5.352	14.595	0.125	15.993
swarm_13_166.pdb	8.779	22.833	0	15.434
swarm_5_13.pdb	8.221	15.160	0	15.209
swarm_41_133.pdb	7.346	32.217	0	14.882
swarm_46_35.pdb	5.800	19.793	0.15	14.868
swarm_51_56.pdb	4.601	30.555	0.3	14.307
swarm_11_99.pdb	7.654	27.564	0	14.056
swarm_30_95.pdb	8.397	18.653	0	13.481
swarm_45_132.pdb	7.139	12.770	0.025	13.470
swarm_50_88.pdb	4.812	20.046	0.1	11.001
swarm_40_50.pdb	7.270	30.379	0	10.958
swarm_45_137.pdb	5.332	23.271	0.025	7.746
swarm_25_152.pdb	9.875	40.342	0	5.132
swarm_22_175.pdb	7.960	22.224	0	1.024
