swarm_16_42.pdb	4.056	20.178	0.25	46.534
swarm_8_96.pdb	2.170	10.750	0.7	43.377
swarm_11_197.pdb	2.339	11.597	0.65	41.922
swarm_8_21.pdb	6.231	17.428	0	40.451
swarm_2_185.pdb	6.591	20.379	0	40.123
swarm_15_158.pdb	7.625	22.904	0	39.838
swarm_4_58.pdb	6.366	19.633	0	39.704
swarm_1_20.pdb	8.242	28.402	0	39.365
swarm_3_173.pdb	6.336	18.645	0	39.018
swarm_1_16.pdb	2.329	14.750	0.575	38.895
swarm_15_139.pdb	6.582	20.413	0	38.772
swarm_10_97.pdb	8.293	27.623	0	38.521
swarm_15_144.pdb	6.834	22.477	0	38.125
swarm_13_166.pdb	4.344	24.474	0.275	37.930
swarm_12_69.pdb	6.491	20.449	0	37.883
swarm_9_193.pdb	8.143	33.172	0	37.706
swarm_5_124.pdb	6.939	22.875	0.025	37.619
swarm_4_84.pdb	2.411	10.216	0.375	37.301
swarm_7_6.pdb	6.485	25.971	0.05	37.255
swarm_9_174.pdb	6.510	24.609	0	36.624
swarm_2_61.pdb	6.763	24.679	0.05	36.086
swarm_14_93.pdb	6.864	33.641	0	35.694
swarm_16_104.pdb	6.612	22.231	0	35.545
swarm_16_116.pdb	6.785	24.601	0	35.539
swarm_4_67.pdb	5.867	20.149	0.05	35.322
swarm_3_52.pdb	6.294	20.803	0.05	35.170
swarm_12_59.pdb	7.714	31.923	0	34.231
swarm_2_124.pdb	4.576	24.853	0.35	34.093
swarm_14_91.pdb	5.767	21.475	0.025	33.761
swarm_12_140.pdb	4.651	21.685	0.15	33.268
swarm_1_66.pdb	4.185	26.763	0.3	32.754
swarm_9_2.pdb	6.328	20.771	0.025	32.717
swarm_10_17.pdb	6.859	28.562	0.025	31.077
swarm_6_40.pdb	5.736	31.435	0.075	30.584
swarm_2_144.pdb	6.785	25.075	0.025	29.864
swarm_10_64.pdb	5.333	29.213	0.1	29.068
swarm_13_126.pdb	7.029	34.717	0	28.975
swarm_2_176.pdb	7.056	28.956	0	28.794
swarm_9_8.pdb	7.341	33.201	0	27.995
swarm_0_76.pdb	6.760	25.389	0.025	27.609
swarm_3_184.pdb	7.415	24.151	0.025	26.386
swarm_14_28.pdb	7.763	38.149	0	25.970
swarm_3_167.pdb	2.287	12.218	0.325	25.622
swarm_6_124.pdb	6.924	27.693	0	25.015
swarm_7_152.pdb	6.830	29.463	0	24.660
swarm_5_30.pdb	8.156	37.432	0	24.642
swarm_3_96.pdb	4.880	17.583	0.1	23.425
swarm_0_67.pdb	6.977	30.574	0	22.854
swarm_6_103.pdb	8.106	34.153	0	22.208
swarm_11_3.pdb	4.023	23.787	0.275	21.140
swarm_7_143.pdb	6.159	29.553	0.025	20.954
swarm_12_138.pdb	7.543	15.941	0	20.683
swarm_7_162.pdb	10.101	44.536	0	20.432
swarm_0_81.pdb	5.397	31.320	0.075	19.183
swarm_5_126.pdb	7.908	30.671	0	18.403
swarm_0_153.pdb	8.343	39.736	0	18.309
swarm_1_178.pdb	4.813	10.618	0.125	17.213
swarm_14_155.pdb	8.141	32.858	0	16.695
swarm_13_61.pdb	5.961	30.775	0.125	16.217
swarm_0_41.pdb	8.143	33.235	0	15.956
swarm_14_105.pdb	7.561	35.277	0	12.552
swarm_12_5.pdb	3.905	10.965	0.15	12.314
swarm_8_100.pdb	6.749	17.298	0	10.610
