run0-swarm_23_117.pdb	4.504	21.358	0.2	34.374
run0-swarm_32_169.pdb	3.759	21.148	0.3	34.138
run0-swarm_46_45.pdb	8.466	45.184	0	34.078
run0-swarm_47_190.pdb	9.725	46.810	0	32.417
run0-swarm_15_37.pdb	4.428	25.773	0.2	32.229
run0-swarm_27_191.pdb	10.463	42.482	0	31.682
run0-swarm_43_195.pdb	8.943	43.799	0	31.520
run0-swarm_28_40.pdb	10.083	41.218	0	31.472
run0-swarm_34_174.pdb	8.913	41.805	0	31.116
run0-swarm_21_164.pdb	2.400	11.478	0.625	30.980
run0-swarm_32_121.pdb	6.280	24.881	0	30.757
run0-swarm_35_140.pdb	3.265	15.482	0.5	30.606
run0-swarm_34_167.pdb	7.895	41.497	0	30.550
run0-swarm_19_121.pdb	4.440	21.457	0.225	29.969
run0-swarm_42_155.pdb	5.195	27.754	0.175	29.942
run0-swarm_13_191.pdb	8.330	28.494	0	29.679
run0-swarm_24_82.pdb	7.918	41.011	0	29.650
run0-swarm_3_138.pdb	8.873	33.189	0	29.565
run0-swarm_49_59.pdb	8.696	42.119	0	29.151
run0-swarm_49_177.pdb	7.580	42.072	0	28.778
run0-swarm_2_149.pdb	9.335	37.131	0	28.656
run0-swarm_33_163.pdb	3.574	17.271	0.475	28.603
run0-swarm_8_157.pdb	1.966	6.422	0.85	28.502
run0-swarm_35_106.pdb	6.546	27.500	0	28.453
run0-swarm_12_83.pdb	1.865	6.237	0.7	28.291
run0-swarm_31_79.pdb	2.574	11.942	0.65	28.289
run0-swarm_20_18.pdb	3.223	15.501	0.525	28.242
run0-swarm_19_79.pdb	6.199	16.681	0	28.161
run0-swarm_14_65.pdb	3.960	22.756	0.2	28.037
run0-swarm_48_180.pdb	3.022	14.260	0.525	27.910
run0-swarm_9_7.pdb	1.797	8.230	0.6	27.788
run0-swarm_5_103.pdb	7.860	31.131	0	27.712
run0-swarm_36_77.pdb	6.393	29.819	0.025	27.641
run0-swarm_13_148.pdb	6.850	20.415	0	27.486
run0-swarm_23_43.pdb	1.899	11.344	0.65	27.481
run0-swarm_26_163.pdb	3.345	20.549	0.325	27.442
run0-swarm_25_97.pdb	9.202	37.335	0	27.378
run0-swarm_6_141.pdb	4.470	21.790	0.275	27.287
run0-swarm_3_188.pdb	4.243	24.697	0.275	27.156
run0-swarm_30_58.pdb	5.338	27.892	0.1	27.017
run0-swarm_40_83.pdb	5.056	29.471	0.15	26.914
run0-swarm_44_154.pdb	6.312	19.128	0	26.705
run0-swarm_37_124.pdb	6.913	31.229	0	26.373
run0-swarm_20_39.pdb	5.560	14.445	0.05	26.281
run0-swarm_28_191.pdb	8.359	32.787	0	26.215
run0-swarm_25_20.pdb	8.611	27.995	0	26.205
run0-swarm_45_88.pdb	2.225	8.655	0.525	26.189
run0-swarm_35_171.pdb	9.900	22.321	0	26.090
run0-swarm_50_85.pdb	7.741	38.793	0	25.893
run0-swarm_25_0.pdb	10.350	33.143	0	25.819
run0-swarm_44_25.pdb	6.865	17.985	0.05	25.753
run0-swarm_11_108.pdb	2.698	17.589	0.625	25.493
run0-swarm_42_96.pdb	8.102	32.079	0	25.435
run0-swarm_40_133.pdb	7.102	32.995	0	25.281
run0-swarm_34_45.pdb	6.283	39.952	0.125	25.249
run0-swarm_0_154.pdb	7.284	26.353	0	24.755
run0-swarm_15_128.pdb	4.173	25.309	0.2	24.710
run0-swarm_5_195.pdb	6.403	30.482	0.025	24.605
run0-swarm_16_29.pdb	8.559	39.562	0	24.473
run0-swarm_13_140.pdb	3.848	17.097	0.175	24.297
run0-swarm_29_158.pdb	8.806	42.991	0	24.199
run0-swarm_46_190.pdb	10.547	35.528	0	24.140
run0-swarm_14_112.pdb	7.648	40.663	0	24.114
run0-swarm_3_100.pdb	9.035	37.476	0	23.819
run0-swarm_4_159.pdb	5.191	31.232	0.1	23.803
run0-swarm_39_123.pdb	5.555	27.988	0.125	23.634
run0-swarm_9_30.pdb	5.590	20.843	0.05	23.411
run0-swarm_15_56.pdb	7.280	28.745	0	23.409
run0-swarm_12_63.pdb	3.807	25.845	0.425	23.331
run0-swarm_6_38.pdb	7.241	28.344	0.025	23.310
run0-swarm_17_178.pdb	6.441	12.195	0	23.201
run0-swarm_36_142.pdb	3.912	21.087	0.5	23.025
run0-swarm_11_0.pdb	6.603	30.621	0.05	22.940
run0-swarm_18_56.pdb	5.731	9.728	0	22.939
run0-swarm_1_191.pdb	4.169	25.143	0.175	22.750
run0-swarm_9_71.pdb	6.675	23.274	0	22.626
run0-swarm_7_60.pdb	7.149	32.685	0	22.456
run0-swarm_17_83.pdb	3.380	14.148	0.175	22.363
run0-swarm_46_159.pdb	7.325	39.447	0	22.311
run0-swarm_8_81.pdb	5.825	9.985	0.05	21.726
run0-swarm_50_19.pdb	8.759	37.617	0	21.552
run0-swarm_24_137.pdb	7.306	38.043	0	21.372
run0-swarm_8_129.pdb	5.997	15.469	0	21.276
run0-swarm_14_96.pdb	8.556	35.638	0	21.031
run0-swarm_30_161.pdb	8.624	25.776	0	20.955
run0-swarm_35_187.pdb	8.545	18.016	0	20.889
run0-swarm_22_145.pdb	5.995	32.832	0.125	20.763
run0-swarm_26_164.pdb	6.480	27.704	0.025	20.450
run0-swarm_9_151.pdb	3.182	18.630	0.525	20.360
run0-swarm_45_185.pdb	6.550	14.099	0	20.245
run0-swarm_33_89.pdb	5.522	28.807	0.15	20.188
run0-swarm_15_54.pdb	7.075	24.122	0	20.068
run0-swarm_17_42.pdb	6.705	11.222	0.025	20.041
run0-swarm_18_190.pdb	6.047	16.725	0	19.850
run0-swarm_2_199.pdb	8.181	28.726	0	19.767
run0-swarm_25_63.pdb	7.001	36.776	0.075	19.616
run0-swarm_26_82.pdb	6.723	20.871	0	19.167
run0-swarm_43_45.pdb	7.856	35.091	0	18.893
run0-swarm_11_95.pdb	6.458	33.669	0.075	18.784
run0-swarm_8_24.pdb	5.806	10.045	0	18.723
run0-swarm_12_55.pdb	7.200	25.350	0	18.699
run0-swarm_16_45.pdb	5.712	34.894	0.125	18.686
run0-swarm_2_46.pdb	7.670	34.653	0	18.361
run0-swarm_10_148.pdb	8.042	43.578	0	18.291
run0-swarm_47_54.pdb	9.241	39.938	0	18.038
run0-swarm_41_117.pdb	5.375	29.475	0.15	17.977
run0-swarm_17_35.pdb	3.343	17.673	0.425	17.967
run0-swarm_4_45.pdb	7.768	39.936	0	17.824
run0-swarm_16_7.pdb	7.793	34.891	0	17.651
run0-swarm_20_166.pdb	6.166	20.155	0.075	16.984
run0-swarm_38_115.pdb	4.974	27.166	0.175	16.955
run0-swarm_31_89.pdb	8.354	16.262	0	16.765
run0-swarm_27_60.pdb	8.379	28.849	0	16.647
run0-swarm_29_193.pdb	6.999	40.364	0.1	16.525
run0-swarm_16_0.pdb	11.180	33.454	0	16.453
run0-swarm_16_30.pdb	7.930	28.323	0	16.450
run0-swarm_31_2.pdb	7.261	12.299	0	16.269
run0-swarm_27_171.pdb	6.476	31.585	0.125	14.890
run0-swarm_3_75.pdb	6.707	28.115	0	14.759
run0-swarm_45_115.pdb	6.895	13.829	0	14.720
run0-swarm_2_64.pdb	8.169	28.385	0	14.686
run0-swarm_23_149.pdb	7.642	12.495	0	14.486
run0-swarm_11_103.pdb	7.325	30.980	0.025	14.285
run0-swarm_12_54.pdb	6.745	18.350	0	13.792
run0-swarm_26_79.pdb	7.089	27.476	0	13.727
run0-swarm_20_19.pdb	7.419	14.655	0	13.245
run0-swarm_11_100.pdb	9.341	27.740	0	11.516
run0-swarm_26_187.pdb	7.782	15.164	0	11.329
run0-swarm_15_127.pdb	7.017	15.658	0	10.309
run0-swarm_47_185.pdb	5.694	34.458	0.2	7.609
run0-swarm_27_22.pdb	5.571	34.695	0.175	6.626
run0-swarm_42_176.pdb	4.870	28.163	0.3	6.240
run0-swarm_18_58.pdb	5.423	13.858	0	2.619
