swarm_39_160.pdb	9.216	47.324	0	36.577
swarm_36_166.pdb	10.057	48.228	0	35.750
swarm_34_7.pdb	9.179	49.055	0	31.298
swarm_23_13.pdb	9.202	38.435	0	31.028
swarm_28_10.pdb	10.654	41.736	0	30.114
swarm_10_78.pdb	10.660	35.473	0	29.651
swarm_15_140.pdb	8.594	41.274	0	29.513
swarm_34_52.pdb	10.970	48.527	0	28.792
swarm_35_46.pdb	8.522	42.480	0	28.345
swarm_27_72.pdb	7.846	25.495	0	28.067
swarm_27_65.pdb	3.966	25.680	0.425	28.010
swarm_42_73.pdb	8.823	32.164	0	27.391
swarm_37_45.pdb	7.722	40.383	0	27.287
swarm_10_136.pdb	4.025	26.245	0.375	27.226
swarm_11_113.pdb	8.386	30.935	0	26.662
swarm_23_151.pdb	11.141	47.022	0	26.648
swarm_14_136.pdb	9.063	37.267	0	26.535
swarm_28_63.pdb	8.587	39.811	0	26.534
swarm_0_103.pdb	3.730	24.448	0.45	26.504
swarm_40_77.pdb	8.791	32.342	0	26.237
swarm_12_174.pdb	8.289	18.665	0	26.166
swarm_16_189.pdb	7.899	30.723	0	26.071
swarm_14_139.pdb	10.280	33.672	0	26.007
swarm_37_136.pdb	10.055	43.979	0	25.788
swarm_14_84.pdb	7.847	39.654	0	25.703
swarm_29_40.pdb	11.751	43.788	0	25.293
swarm_41_0.pdb	9.404	36.879	0	25.292
swarm_29_172.pdb	6.922	39.400	0	25.113
swarm_30_81.pdb	3.632	11.419	0.15	25.058
swarm_0_79.pdb	8.554	34.739	0	24.891
swarm_11_34.pdb	4.419	25.757	0.125	24.409
swarm_15_5.pdb	10.572	37.493	0	24.375
swarm_1_139.pdb	9.101	25.801	0	24.135
swarm_29_155.pdb	8.872	44.130	0	24.124
swarm_4_120.pdb	6.737	19.635	0.075	23.643
swarm_14_125.pdb	4.188	27.171	0.3	23.448
swarm_3_43.pdb	8.546	34.107	0	23.350
swarm_16_34.pdb	6.316	29.476	0	23.261
swarm_0_20.pdb	6.341	33.827	0.05	23.145
swarm_13_6.pdb	9.485	33.146	0	22.992
swarm_17_67.pdb	3.943	17.578	0.1	22.946
swarm_4_46.pdb	6.593	12.812	0	22.855
swarm_27_102.pdb	8.192	19.717	0	22.682
swarm_31_178.pdb	6.270	27.056	0.05	22.563
swarm_10_146.pdb	9.258	30.491	0	22.480
swarm_12_10.pdb	8.681	21.838	0	22.198
swarm_8_162.pdb	9.631	32.433	0	21.926
swarm_8_85.pdb	7.877	20.297	0	21.778
swarm_30_147.pdb	7.493	16.310	0	21.736
swarm_9_139.pdb	10.344	33.337	0	21.719
swarm_25_195.pdb	9.381	32.845	0	21.576
swarm_20_120.pdb	9.446	28.023	0	21.257
swarm_5_176.pdb	6.124	21.443	0.05	21.159
swarm_12_51.pdb	2.623	15.568	0.55	21.045
swarm_25_96.pdb	8.997	35.673	0	20.908
swarm_18_10.pdb	8.839	33.967	0	20.875
swarm_20_84.pdb	7.280	23.963	0	20.627
swarm_13_158.pdb	8.897	27.958	0	20.603
swarm_28_3.pdb	8.638	34.056	0	20.571
swarm_14_137.pdb	8.456	34.692	0	20.375
swarm_38_13.pdb	7.875	19.357	0	20.078
swarm_36_100.pdb	7.264	40.594	0.025	19.836
swarm_24_95.pdb	9.075	28.532	0	19.762
swarm_7_130.pdb	9.297	23.960	0	19.742
swarm_19_13.pdb	7.727	38.599	0	19.569
swarm_5_18.pdb	6.119	18.667	0.075	19.264
swarm_19_33.pdb	9.920	31.161	0	19.262
swarm_37_10.pdb	9.112	36.540	0	19.230
swarm_29_135.pdb	10.606	43.739	0	18.994
swarm_21_83.pdb	8.993	42.091	0	18.981
swarm_6_114.pdb	6.946	22.467	0.025	18.960
swarm_13_132.pdb	4.464	24.970	0.15	18.938
swarm_1_1.pdb	7.454	30.842	0	18.907
swarm_0_15.pdb	11.770	34.962	0	18.757
swarm_22_149.pdb	8.663	42.123	0	18.736
swarm_18_91.pdb	8.957	41.909	0	18.694
swarm_7_146.pdb	7.073	17.499	0	18.482
swarm_22_96.pdb	9.041	42.239	0	18.088
swarm_32_159.pdb	9.275	21.881	0	17.938
swarm_33_175.pdb	8.443	35.578	0	17.775
swarm_31_155.pdb	6.351	34.307	0.1	17.715
swarm_6_128.pdb	6.855	18.039	0	17.677
swarm_26_72.pdb	12.461	41.865	0	17.465
swarm_2_136.pdb	10.972	37.644	0	17.323
swarm_22_130.pdb	11.362	33.236	0	17.151
swarm_8_183.pdb	4.697	26.808	0.2	17.078
swarm_9_151.pdb	8.360	33.351	0	16.896
swarm_32_129.pdb	6.761	22.860	0	16.740
swarm_31_107.pdb	7.772	23.368	0	16.666
swarm_26_154.pdb	10.369	48.004	0	16.600
swarm_12_181.pdb	6.857	10.666	0	16.412
swarm_1_11.pdb	8.092	19.492	0	16.267
swarm_4_23.pdb	6.662	11.116	0.025	16.154
swarm_18_25.pdb	8.833	34.409	0	15.819
swarm_38_191.pdb	7.445	16.500	0.025	15.812
swarm_6_47.pdb	5.503	16.996	0.1	15.731
swarm_15_82.pdb	9.908	46.134	0	15.622
swarm_18_13.pdb	5.605	30.562	0.1	15.568
swarm_1_52.pdb	3.718	23.456	0.55	15.418
swarm_11_176.pdb	5.887	35.322	0.075	15.327
swarm_19_116.pdb	8.251	33.670	0	15.236
swarm_24_166.pdb	7.617	36.114	0	15.198
swarm_22_158.pdb	9.579	44.826	0	15.163
swarm_20_67.pdb	5.887	32.195	0.125	14.890
swarm_17_2.pdb	3.617	9.925	0.525	14.441
swarm_22_165.pdb	8.430	32.732	0	14.384
swarm_26_82.pdb	7.535	37.662	0.05	13.491
swarm_32_133.pdb	8.660	28.996	0	13.336
swarm_40_41.pdb	10.240	42.450	0	13.093
swarm_33_198.pdb	11.858	48.265	0	12.837
swarm_18_162.pdb	7.151	29.330	0.05	12.617
swarm_0_113.pdb	5.224	24.089	0.1	10.979
swarm_40_79.pdb	9.329	36.381	0	8.883
swarm_30_12.pdb	7.740	15.126	0	5.156
swarm_22_188.pdb	11.105	44.463	0	4.183
swarm_33_142.pdb	9.889	47.315	0	1.997
swarm_13_131.pdb	8.001	33.419	0	1.766
