swarm_3_166.pdb	13.852	30.010	0	48.004
swarm_2_126.pdb	13.680	35.559	0	47.352
swarm_38_136.pdb	10.637	25.209	0	46.636
swarm_6_70.pdb	15.087	30.396	0	44.800
swarm_42_180.pdb	13.252	37.928	0.025	42.078
swarm_40_78.pdb	18.894	38.094	0	40.147
swarm_2_5.pdb	15.831	41.486	0	39.695
swarm_26_171.pdb	15.772	30.581	0	39.579
swarm_41_70.pdb	10.148	24.424	0.025	39.345
swarm_4_101.pdb	14.575	36.877	0	38.658
swarm_1_108.pdb	16.571	30.602	0	38.027
swarm_4_85.pdb	11.378	35.087	0	36.512
swarm_30_152.pdb	14.588	38.019	0.025	36.510
swarm_5_100.pdb	13.132	32.063	0	36.404
swarm_35_159.pdb	13.932	29.597	0	35.890
swarm_20_180.pdb	17.479	29.826	0	35.655
swarm_20_174.pdb	16.780	30.626	0	34.818
swarm_1_131.pdb	17.206	30.959	0	34.471
swarm_33_180.pdb	13.743	38.859	0	34.255
swarm_42_137.pdb	14.742	38.334	0	33.787
swarm_1_71.pdb	14.796	31.723	0	33.469
swarm_26_74.pdb	15.921	30.114	0.025	33.012
swarm_0_98.pdb	12.590	27.451	0	32.865
swarm_35_12.pdb	10.556	22.343	0	32.648
swarm_0_188.pdb	8.975	24.145	0.075	32.587
swarm_0_2.pdb	12.073	26.657	0	32.505
swarm_35_45.pdb	17.819	30.504	0	32.478
swarm_0_172.pdb	15.074	35.034	0	32.462
swarm_0_170.pdb	13.473	26.929	0	31.865
swarm_30_92.pdb	15.758	32.466	0	31.798
swarm_41_25.pdb	13.580	33.560	0.025	31.785
swarm_6_121.pdb	11.259	22.805	0	31.125
swarm_2_136.pdb	10.854	29.647	0.05	30.893
swarm_33_7.pdb	18.490	37.934	0	30.425
swarm_36_94.pdb	15.799	32.064	0	30.331
swarm_18_195.pdb	15.442	47.401	0	30.031
swarm_35_196.pdb	12.735	29.641	0	29.791
swarm_2_84.pdb	11.285	27.947	0.025	29.581
swarm_41_171.pdb	12.910	23.779	0	29.211
swarm_35_109.pdb	17.704	32.825	0	29.102
swarm_5_11.pdb	17.229	35.209	0	29.039
swarm_31_95.pdb	13.645	40.596	0.025	28.797
swarm_30_72.pdb	14.449	44.582	0	28.671
swarm_40_197.pdb	11.880	26.132	0	28.555
swarm_0_73.pdb	15.471	34.807	0	28.247
swarm_1_56.pdb	12.895	22.286	0	28.084
swarm_35_117.pdb	11.377	20.062	0	28.045
swarm_0_38.pdb	14.858	34.938	0	28.043
swarm_6_5.pdb	16.179	37.929	0	27.936
swarm_30_47.pdb	18.913	37.117	0	27.738
swarm_3_94.pdb	13.001	31.438	0	27.220
swarm_41_143.pdb	17.409	31.622	0	26.847
swarm_26_180.pdb	10.869	19.811	0	26.688
swarm_41_22.pdb	11.985	31.029	0	26.612
swarm_35_34.pdb	14.011	27.356	0	26.441
swarm_30_35.pdb	15.573	39.487	0	26.068
swarm_31_34.pdb	17.092	38.288	0	25.771
swarm_4_145.pdb	14.707	28.381	0	25.591
swarm_11_71.pdb	16.984	33.117	0	25.446
swarm_5_96.pdb	11.073	36.132	0.025	25.134
swarm_4_4.pdb	17.918	36.542	0	24.498
swarm_25_197.pdb	18.249	34.024	0	23.878
swarm_24_174.pdb	11.960	28.690	0	23.685
swarm_31_169.pdb	16.355	36.239	0	22.989
swarm_30_20.pdb	15.522	47.371	0.025	22.935
swarm_21_178.pdb	11.041	19.204	0	22.814
swarm_24_48.pdb	14.173	29.189	0	22.798
swarm_3_24.pdb	17.150	32.811	0	22.778
swarm_31_99.pdb	17.929	34.853	0	22.580
swarm_41_10.pdb	11.970	19.266	0	22.435
swarm_33_171.pdb	20.104	40.901	0	22.336
swarm_25_88.pdb	5.890	12.079	0.05	22.217
swarm_26_104.pdb	17.455	30.846	0	22.098
swarm_31_188.pdb	12.584	38.771	0.025	21.932
swarm_24_196.pdb	15.734	34.278	0	21.533
swarm_30_51.pdb	18.953	38.107	0	19.783
swarm_2_178.pdb	14.630	37.833	0.025	19.598
swarm_25_148.pdb	14.991	28.148	0.025	19.245
swarm_26_173.pdb	12.211	20.813	0	17.412
swarm_33_181.pdb	15.132	31.682	0	11.297
