swarm_35_189.pdb	17.500	29.262	0	45.175
swarm_37_166.pdb	17.332	30.337	0	44.216
swarm_1_83.pdb	16.970	30.249	0	44.215
swarm_60_135.pdb	13.202	35.986	0	42.883
swarm_46_41.pdb	13.411	26.058	0	42.274
swarm_30_126.pdb	17.180	29.860	0	42.141
swarm_45_146.pdb	11.414	23.199	0.025	41.847
swarm_3_60.pdb	15.409	31.343	0	41.643
swarm_1_94.pdb	16.262	33.891	0.05	41.628
swarm_54_156.pdb	15.928	32.630	0	40.447
swarm_3_129.pdb	11.307	26.601	0.075	40.407
swarm_37_127.pdb	11.133	25.373	0.1	39.837
swarm_3_87.pdb	14.628	31.005	0	39.808
swarm_3_90.pdb	13.753	30.752	0	39.756
swarm_36_67.pdb	14.850	27.773	0.025	39.600
swarm_2_166.pdb	16.945	36.621	0.025	39.452
swarm_2_62.pdb	13.863	37.012	0	38.956
swarm_45_198.pdb	14.963	33.840	0	38.758
swarm_47_19.pdb	13.905	28.293	0	37.984
swarm_54_48.pdb	16.281	34.879	0.05	37.615
swarm_59_115.pdb	12.112	27.746	0	37.393
swarm_23_169.pdb	15.104	31.374	0	37.210
swarm_45_168.pdb	13.432	30.862	0	36.342
swarm_30_157.pdb	18.733	31.593	0	36.236
swarm_1_152.pdb	15.183	30.977	0	36.219
swarm_58_55.pdb	17.211	34.216	0	35.736
swarm_2_124.pdb	16.249	42.253	0	35.137
swarm_36_24.pdb	15.950	31.220	0	35.051
swarm_38_169.pdb	17.150	31.037	0.075	34.877
swarm_0_32.pdb	12.059	26.438	0	34.781
swarm_59_14.pdb	11.508	33.561	0	34.761
swarm_10_6.pdb	5.230	15.112	0.1	34.678
swarm_58_123.pdb	14.849	32.439	0	34.372
swarm_47_122.pdb	16.246	28.297	0	34.153
swarm_17_127.pdb	16.632	32.611	0.15	34.075
swarm_17_130.pdb	11.619	19.530	0	33.953
swarm_23_2.pdb	16.386	34.190	0.05	33.896
swarm_33_25.pdb	14.215	27.891	0	33.829
swarm_1_137.pdb	8.924	21.894	0.175	33.753
swarm_58_101.pdb	16.759	33.626	0	33.745
swarm_59_174.pdb	14.645	32.944	0	33.696
swarm_48_172.pdb	16.441	32.922	0.15	33.575
swarm_58_113.pdb	14.769	27.870	0	33.519
swarm_51_181.pdb	3.931	11.720	0.45	33.386
swarm_22_73.pdb	15.003	28.645	0	33.342
swarm_54_184.pdb	14.787	37.053	0.025	33.313
swarm_35_193.pdb	18.147	33.799	0	33.243
swarm_38_106.pdb	10.968	18.997	0	33.217
swarm_58_156.pdb	9.672	22.436	0	33.060
swarm_23_138.pdb	9.085	16.876	0	33.027
swarm_31_47.pdb	11.502	25.941	0	33.023
swarm_3_192.pdb	16.287	35.036	0.025	32.990
swarm_54_46.pdb	17.731	30.535	0	32.854
swarm_21_41.pdb	17.878	32.279	0	32.834
swarm_36_158.pdb	13.191	26.018	0	32.206
swarm_21_75.pdb	18.338	30.016	0	32.152
swarm_54_41.pdb	13.607	28.795	0.075	32.003
swarm_47_118.pdb	8.118	14.090	0	31.894
swarm_7_118.pdb	14.657	28.087	0	31.630
swarm_23_105.pdb	14.187	26.506	0	31.576
swarm_60_187.pdb	15.744	31.745	0	31.564
swarm_58_139.pdb	16.872	37.141	0.05	31.441
swarm_20_40.pdb	16.425	32.970	0	31.320
swarm_50_106.pdb	17.162	31.362	0.025	31.077
swarm_37_4.pdb	18.127	29.705	0	30.933
swarm_29_84.pdb	12.960	32.416	0	30.927
swarm_2_26.pdb	11.414	31.727	0.025	30.782
swarm_1_50.pdb	17.085	31.355	0	30.766
swarm_2_179.pdb	12.614	23.437	0	30.678
swarm_47_75.pdb	16.891	30.969	0	30.580
swarm_21_37.pdb	4.039	8.524	0.325	30.567
swarm_60_24.pdb	12.395	35.488	0.025	30.317
swarm_0_146.pdb	9.148	24.889	0.075	30.314
swarm_54_85.pdb	10.148	20.873	0.2	30.031
swarm_48_61.pdb	8.702	15.954	0.225	29.940
swarm_1_40.pdb	15.206	37.758	0	29.858
swarm_34_29.pdb	13.270	38.576	0.025	29.772
swarm_43_66.pdb	18.170	30.673	0	29.697
swarm_37_196.pdb	12.482	23.371	0	29.637
swarm_55_9.pdb	17.564	31.361	0	29.607
swarm_3_141.pdb	15.965	28.604	0	29.530
swarm_0_156.pdb	12.043	25.877	0	29.508
swarm_22_197.pdb	10.874	18.280	0	29.201
swarm_57_125.pdb	17.416	36.278	0.075	29.197
swarm_53_56.pdb	13.231	22.548	0.025	29.138
swarm_21_134.pdb	12.710	24.000	0	28.739
swarm_24_103.pdb	14.436	24.281	0	28.486
swarm_36_75.pdb	11.624	22.372	0	28.461
swarm_58_79.pdb	9.111	22.142	0	28.348
swarm_46_149.pdb	16.288	36.805	0	28.348
swarm_58_135.pdb	14.889	31.155	0	28.286
swarm_53_57.pdb	13.949	24.800	0	28.200
swarm_36_55.pdb	11.896	20.152	0.025	28.142
swarm_52_74.pdb	17.684	36.254	0	28.119
swarm_38_189.pdb	2.859	3.224	0.6	28.083
swarm_43_195.pdb	9.247	22.104	0.025	28.034
swarm_0_58.pdb	12.257	23.903	0	27.998
swarm_30_3.pdb	18.625	31.746	0.1	27.933
swarm_54_27.pdb	12.188	29.507	0	27.906
swarm_59_94.pdb	11.418	24.595	0	27.736
swarm_37_130.pdb	13.416	21.734	0	27.723
swarm_25_31.pdb	19.198	33.592	0.05	27.677
swarm_51_168.pdb	16.307	29.799	0	27.641
swarm_0_116.pdb	15.397	34.192	0	27.626
swarm_54_5.pdb	17.805	34.353	0	27.562
swarm_47_178.pdb	8.616	15.344	0	27.501
swarm_53_54.pdb	7.032	15.086	0.225	27.486
swarm_39_26.pdb	3.439	8.254	0.3	27.155
swarm_52_99.pdb	18.433	35.068	0	27.096
swarm_36_71.pdb	11.259	22.656	0	27.041
swarm_30_29.pdb	11.483	25.309	0	27.039
swarm_6_38.pdb	4.712	13.415	0.15	27.001
swarm_55_161.pdb	16.941	31.282	0.1	27.001
swarm_22_131.pdb	12.825	21.678	0	26.988
swarm_32_190.pdb	11.746	19.650	0	26.916
swarm_20_197.pdb	6.556	22.727	0.125	26.833
swarm_24_59.pdb	11.141	19.847	0.025	26.614
swarm_25_156.pdb	13.616	22.737	0	26.575
swarm_58_125.pdb	11.630	27.616	0.025	26.506
swarm_17_42.pdb	7.306	16.521	0.025	26.348
swarm_33_103.pdb	14.279	27.288	0.025	26.247
swarm_59_92.pdb	10.046	23.590	0	26.093
swarm_17_193.pdb	16.094	32.627	0	26.093
swarm_0_97.pdb	13.362	24.832	0	25.977
swarm_32_35.pdb	19.732	34.663	0	25.965
swarm_29_10.pdb	16.900	31.932	0	25.872
swarm_43_185.pdb	13.630	23.050	0	25.863
swarm_37_2.pdb	16.334	27.170	0	25.802
swarm_35_56.pdb	15.787	24.178	0	25.791
swarm_50_96.pdb	20.826	35.298	0	25.718
swarm_35_109.pdb	8.760	15.578	0	25.660
swarm_43_114.pdb	15.347	32.894	0	25.649
swarm_36_36.pdb	11.533	23.796	0.15	25.631
swarm_18_117.pdb	19.184	36.909	0	25.344
swarm_46_160.pdb	12.695	23.878	0	25.287
swarm_12_72.pdb	14.626	30.654	0	25.275
swarm_43_133.pdb	16.468	34.853	0.05	25.201
swarm_30_75.pdb	10.414	23.143	0.2	25.142
swarm_20_165.pdb	12.149	25.073	0	25.137
swarm_17_100.pdb	16.942	32.486	0	25.053
swarm_28_153.pdb	17.360	32.741	0	25.004
swarm_28_40.pdb	7.073	22.911	0.05	24.972
swarm_36_161.pdb	10.771	17.912	0	24.888
swarm_57_108.pdb	9.861	32.553	0.025	24.883
swarm_39_22.pdb	16.652	30.326	0	24.883
swarm_13_148.pdb	9.331	19.313	0.275	24.882
swarm_14_165.pdb	4.584	13.216	0.225	24.827
swarm_39_96.pdb	10.232	21.703	0	24.825
swarm_35_188.pdb	17.503	33.591	0.05	24.798
swarm_55_187.pdb	18.515	33.298	0	24.784
swarm_35_52.pdb	12.255	22.939	0	24.761
swarm_59_124.pdb	12.615	29.551	0.05	24.670
swarm_4_112.pdb	13.837	25.777	0	24.627
swarm_24_18.pdb	14.019	29.090	0	24.537
swarm_53_91.pdb	10.448	20.492	0.05	24.378
swarm_46_103.pdb	14.777	30.049	0.1	24.275
swarm_45_175.pdb	10.335	19.223	0	24.245
swarm_35_76.pdb	13.650	27.048	0	24.221
swarm_37_12.pdb	14.045	21.987	0	24.187
swarm_9_123.pdb	21.686	37.283	0	24.126
swarm_50_146.pdb	19.595	33.331	0.025	24.099
swarm_39_138.pdb	18.607	31.759	0.1	24.097
swarm_0_25.pdb	12.299	38.096	0.025	24.082
swarm_48_44.pdb	12.439	24.610	0	23.968
swarm_48_148.pdb	11.411	18.398	0	23.953
swarm_50_104.pdb	18.369	32.380	0.025	23.917
swarm_37_163.pdb	12.989	22.808	0	23.810
swarm_49_146.pdb	15.993	33.600	0	23.808
swarm_54_86.pdb	12.538	22.442	0.025	23.714
swarm_29_15.pdb	17.270	32.348	0	23.622
swarm_13_196.pdb	11.887	23.962	0	23.611
swarm_16_5.pdb	11.981	22.801	0	23.593
swarm_37_31.pdb	16.111	27.201	0	23.581
swarm_7_72.pdb	17.371	32.007	0.05	23.535
swarm_53_89.pdb	13.204	22.315	0	23.424
swarm_38_92.pdb	15.189	27.131	0	23.284
swarm_30_180.pdb	8.649	19.302	0	23.150
swarm_21_164.pdb	15.619	30.469	0	23.042
swarm_6_69.pdb	10.873	20.076	0	23.004
swarm_50_26.pdb	7.176	15.554	0	22.978
swarm_31_169.pdb	4.724	14.152	0.1	22.969
swarm_44_115.pdb	14.123	33.509	0	22.907
swarm_48_140.pdb	16.659	30.602	0	22.845
swarm_19_165.pdb	19.416	34.572	0	22.844
swarm_12_80.pdb	18.635	37.343	0	22.837
swarm_46_23.pdb	13.186	24.764	0	22.766
swarm_7_61.pdb	11.582	22.100	0	22.656
swarm_39_142.pdb	10.340	22.054	0	22.656
swarm_17_11.pdb	13.907	23.866	0	22.609
swarm_13_184.pdb	12.986	23.050	0	22.461
swarm_13_169.pdb	14.486	24.491	0	22.440
swarm_6_131.pdb	13.726	31.621	0	22.439
swarm_7_127.pdb	17.188	31.934	0.05	22.386
swarm_1_115.pdb	15.366	30.095	0	22.361
swarm_38_16.pdb	15.795	30.355	0.1	22.318
swarm_50_72.pdb	13.172	29.404	0	22.208
swarm_10_150.pdb	20.135	35.977	0	22.183
swarm_32_192.pdb	20.797	35.817	0	22.135
swarm_45_194.pdb	16.745	31.511	0	22.076
swarm_14_143.pdb	13.099	26.882	0	22.060
swarm_25_5.pdb	18.504	31.693	0	22.029
swarm_6_80.pdb	16.480	32.802	0.025	22.022
swarm_22_45.pdb	16.689	30.365	0.05	22.016
swarm_23_146.pdb	16.073	30.690	0	21.946
swarm_33_95.pdb	12.835	24.140	0	21.916
swarm_59_121.pdb	15.688	30.867	0	21.838
swarm_7_95.pdb	16.836	32.136	0	21.809
swarm_24_188.pdb	17.041	27.440	0	21.740
swarm_47_137.pdb	16.757	31.858	0.05	21.714
swarm_51_44.pdb	9.993	24.168	0.2	21.668
swarm_36_192.pdb	15.716	28.720	0	21.627
swarm_16_35.pdb	13.325	25.322	0	21.601
swarm_22_53.pdb	11.386	21.655	0	21.576
swarm_21_50.pdb	14.974	31.946	0	21.527
swarm_48_0.pdb	13.330	22.210	0	21.514
swarm_28_176.pdb	21.112	39.960	0	21.488
swarm_7_187.pdb	10.159	18.024	0	21.474
swarm_47_81.pdb	11.229	23.750	0.075	21.436
swarm_42_147.pdb	12.277	35.325	0	21.435
swarm_12_6.pdb	18.211	34.262	0	21.433
swarm_33_93.pdb	14.452	27.615	0	21.418
swarm_25_87.pdb	12.447	20.255	0	21.232
swarm_44_138.pdb	10.805	31.965	0	21.195
swarm_47_184.pdb	14.679	29.450	0.025	21.111
swarm_13_30.pdb	9.777	21.767	0.075	21.101
swarm_33_24.pdb	12.527	30.681	0	21.035
swarm_1_188.pdb	14.225	27.615	0	20.986
swarm_22_44.pdb	15.086	28.135	0	20.983
swarm_37_11.pdb	16.203	24.977	0	20.949
swarm_24_90.pdb	13.826	29.207	0.025	20.947
swarm_53_137.pdb	11.794	19.590	0	20.926
swarm_39_3.pdb	11.748	19.205	0	20.882
swarm_38_6.pdb	11.221	20.831	0	20.763
swarm_53_35.pdb	17.303	31.630	0	20.711
swarm_19_55.pdb	22.783	37.825	0	20.696
swarm_37_58.pdb	11.811	19.591	0	20.656
swarm_50_124.pdb	19.659	32.608	0	20.608
swarm_50_155.pdb	13.297	20.566	0	20.579
swarm_13_8.pdb	18.824	31.478	0.025	20.441
swarm_19_177.pdb	19.485	33.668	0.05	20.420
swarm_6_101.pdb	18.315	31.440	0	20.402
swarm_13_120.pdb	19.590	33.343	0.025	20.303
swarm_12_100.pdb	21.303	36.480	0	20.164
swarm_14_150.pdb	13.102	34.831	0	19.987
swarm_48_15.pdb	8.133	19.157	0.075	19.846
swarm_9_71.pdb	21.585	34.127	0	19.740
swarm_53_115.pdb	16.061	28.248	0	19.726
swarm_53_58.pdb	12.204	20.574	0	19.628
swarm_54_106.pdb	10.777	21.537	0.025	19.601
swarm_37_109.pdb	15.496	31.206	0.125	19.417
swarm_14_41.pdb	11.124	27.095	0	19.356
swarm_8_125.pdb	21.251	38.522	0	19.351
swarm_30_136.pdb	18.402	27.745	0	19.326
swarm_30_133.pdb	17.941	31.152	0	19.305
swarm_42_103.pdb	14.068	32.341	0	19.301
swarm_9_91.pdb	20.893	36.055	0.025	19.298
swarm_46_19.pdb	16.247	32.044	0	19.231
swarm_48_32.pdb	15.737	33.040	0	19.210
swarm_47_192.pdb	14.268	22.242	0	19.176
swarm_9_179.pdb	20.916	35.326	0	19.171
swarm_51_132.pdb	14.150	29.142	0	19.136
swarm_5_0.pdb	14.506	41.888	0	19.119
swarm_51_159.pdb	20.730	35.577	0	18.994
swarm_29_159.pdb	15.608	28.373	0	18.918
swarm_51_183.pdb	15.266	28.995	0	18.879
swarm_24_199.pdb	12.731	22.724	0	18.848
swarm_53_51.pdb	16.772	26.680	0	18.836
swarm_37_147.pdb	15.806	27.237	0	18.784
swarm_50_110.pdb	18.377	33.210	0	18.739
swarm_14_180.pdb	17.443	30.095	0	18.713
swarm_0_117.pdb	15.282	38.367	0	18.700
swarm_43_59.pdb	18.255	34.143	0	18.696
swarm_17_148.pdb	16.509	31.368	0	18.579
swarm_50_76.pdb	12.907	27.417	0	18.501
swarm_19_39.pdb	13.624	31.972	0	18.494
swarm_16_166.pdb	20.340	35.076	0.025	18.449
swarm_30_178.pdb	11.216	20.144	0	18.445
swarm_53_164.pdb	14.349	24.699	0.025	18.429
swarm_46_105.pdb	18.631	36.333	0	18.401
swarm_10_47.pdb	14.444	32.215	0	18.388
swarm_12_75.pdb	15.553	37.044	0	18.346
swarm_33_194.pdb	19.903	35.207	0	18.251
swarm_36_31.pdb	18.728	28.083	0	18.217
swarm_38_187.pdb	15.957	23.547	0	18.208
swarm_32_128.pdb	13.270	29.013	0	18.115
swarm_0_198.pdb	14.382	29.057	0	17.919
swarm_58_93.pdb	17.066	42.586	0	17.824
swarm_10_104.pdb	18.824	39.224	0	17.765
swarm_51_186.pdb	14.836	32.981	0	17.717
swarm_16_159.pdb	20.699	34.510	0	17.565
swarm_53_4.pdb	12.955	22.173	0	17.523
swarm_10_82.pdb	17.308	33.961	0	17.514
swarm_20_43.pdb	15.193	33.731	0	17.445
swarm_21_180.pdb	13.654	30.134	0	17.373
swarm_9_80.pdb	23.377	39.347	0	17.351
swarm_6_159.pdb	13.325	27.070	0.025	17.169
swarm_14_197.pdb	21.914	34.998	0	17.139
swarm_22_167.pdb	15.640	25.946	0	17.078
swarm_17_95.pdb	15.670	28.096	0	17.051
swarm_24_105.pdb	11.062	23.774	0	16.891
swarm_4_116.pdb	19.646	40.586	0	16.885
swarm_31_145.pdb	16.070	27.713	0	16.801
swarm_0_135.pdb	13.266	23.004	0	16.671
swarm_32_64.pdb	20.179	34.215	0	16.643
swarm_23_121.pdb	13.136	22.438	0	16.573
swarm_50_84.pdb	8.418	17.531	0	16.532
swarm_11_7.pdb	15.362	37.087	0	16.366
swarm_7_168.pdb	16.516	30.802	0.025	16.265
swarm_42_7.pdb	15.285	34.999	0	16.172
swarm_18_157.pdb	14.718	39.731	0	16.170
swarm_18_95.pdb	15.396	37.388	0	16.119
swarm_30_164.pdb	17.083	26.783	0	15.841
swarm_28_166.pdb	22.235	38.679	0	15.824
swarm_46_126.pdb	18.794	34.705	0	15.745
swarm_55_4.pdb	22.542	37.144	0	15.739
swarm_5_149.pdb	15.146	35.684	0.025	15.733
swarm_28_23.pdb	16.082	37.306	0	15.731
swarm_7_65.pdb	15.436	25.868	0	15.678
swarm_16_199.pdb	19.637	35.128	0	15.647
swarm_13_170.pdb	14.311	25.425	0	15.464
swarm_31_62.pdb	14.716	36.876	0	15.200
swarm_39_81.pdb	15.085	25.588	0.025	15.105
swarm_14_34.pdb	15.119	34.699	0	15.053
swarm_24_3.pdb	8.662	17.548	0.025	15.043
swarm_34_40.pdb	17.822	34.375	0	15.028
swarm_42_167.pdb	22.943	38.704	0	14.990
swarm_25_0.pdb	21.846	37.021	0	14.854
swarm_5_174.pdb	16.453	30.656	0	14.808
swarm_33_8.pdb	18.657	33.259	0	14.458
swarm_10_25.pdb	15.243	35.612	0	14.318
swarm_57_150.pdb	12.949	31.024	0.025	14.233
swarm_6_75.pdb	20.462	34.405	0.025	14.141
swarm_17_16.pdb	15.216	25.540	0	14.100
swarm_6_50.pdb	22.395	36.291	0	13.959
swarm_21_106.pdb	10.651	21.152	0.025	13.615
swarm_0_55.pdb	15.077	35.794	0	13.511
swarm_25_128.pdb	21.242	33.633	0	13.458
swarm_25_145.pdb	13.843	25.958	0	13.425
swarm_47_22.pdb	14.255	29.957	0	13.296
swarm_39_72.pdb	13.670	26.058	0.075	13.207
swarm_13_84.pdb	13.240	27.110	0	13.004
swarm_29_114.pdb	14.996	34.217	0	12.893
swarm_1_141.pdb	14.678	33.443	0.025	12.511
swarm_51_163.pdb	16.445	28.355	0	12.510
swarm_26_43.pdb	14.549	35.483	0	12.380
swarm_19_93.pdb	15.838	37.917	0	11.840
swarm_8_186.pdb	25.131	44.899	0	11.573
swarm_13_66.pdb	9.571	16.061	0	10.533
swarm_53_46.pdb	5.181	12.168	0.2	10.418
swarm_53_154.pdb	12.117	23.668	0.025	10.208
swarm_14_198.pdb	16.988	37.656	0.075	8.856
swarm_24_40.pdb	13.796	25.294	0.125	6.296
swarm_48_39.pdb	9.636	18.743	0.05	5.777
swarm_46_199.pdb	14.715	34.923	0	1.418
