swarm_42_36.pdb	15.753	30.034	0	48.304
swarm_3_166.pdb	13.852	30.010	0	48.004
swarm_2_126.pdb	13.680	35.559	0	47.352
swarm_38_136.pdb	10.637	25.209	0	46.636
swarm_2_27.pdb	12.986	36.139	0	44.822
swarm_6_70.pdb	15.087	30.396	0	44.800
swarm_48_107.pdb	10.134	24.387	0.025	44.746
swarm_49_169.pdb	12.935	35.516	0.025	44.264
swarm_1_160.pdb	16.222	33.671	0.05	43.521
swarm_46_169.pdb	14.622	30.605	0	43.178
swarm_49_182.pdb	16.113	31.077	0	42.592
swarm_3_120.pdb	13.098	28.384	0	42.380
swarm_42_180.pdb	13.252	37.928	0.025	42.078
swarm_46_92.pdb	12.576	40.809	0.05	41.883
swarm_34_50.pdb	15.165	34.045	0	41.261
swarm_45_34.pdb	12.772	27.014	0	41.119
swarm_47_186.pdb	14.072	31.398	0	40.917
swarm_40_78.pdb	18.894	38.094	0	40.147
swarm_2_5.pdb	15.831	41.486	0	39.695
swarm_26_171.pdb	15.772	30.581	0	39.579
swarm_41_70.pdb	10.148	24.424	0.025	39.345
swarm_4_101.pdb	14.575	36.877	0	38.658
swarm_29_98.pdb	17.610	34.688	0	38.492
swarm_0_37.pdb	12.565	27.372	0	38.352
swarm_1_108.pdb	16.571	30.602	0	38.027
swarm_47_125.pdb	13.594	30.745	0	37.967
swarm_1_177.pdb	16.647	30.474	0	37.793
swarm_13_126.pdb	8.871	21.117	0.075	37.731
swarm_30_36.pdb	18.300	44.184	0	37.637
swarm_31_85.pdb	12.810	29.237	0	37.565
swarm_44_70.pdb	14.993	28.358	0	37.382
swarm_24_84.pdb	16.833	31.374	0.075	37.365
swarm_23_152.pdb	12.153	24.437	0	37.151
swarm_34_167.pdb	12.659	28.369	0	36.920
swarm_4_85.pdb	11.378	35.087	0	36.512
swarm_30_152.pdb	14.588	38.019	0.025	36.510
swarm_18_0.pdb	17.761	30.745	0	36.451
swarm_47_48.pdb	12.061	21.908	0	36.422
swarm_5_100.pdb	13.132	32.063	0	36.404
swarm_31_152.pdb	15.866	30.858	0	36.357
swarm_45_46.pdb	12.849	29.373	0	36.032
swarm_35_159.pdb	13.932	29.597	0	35.890
swarm_13_75.pdb	16.919	38.250	0	35.864
swarm_7_137.pdb	13.677	27.240	0	35.800
swarm_13_16.pdb	18.136	30.498	0	35.786
swarm_20_180.pdb	17.479	29.826	0	35.655
swarm_14_141.pdb	14.935	29.553	0	35.646
swarm_3_156.pdb	10.756	24.928	0.075	35.324
swarm_1_20.pdb	17.252	30.627	0	34.909
swarm_12_117.pdb	19.149	41.082	0	34.881
swarm_20_174.pdb	16.780	30.626	0	34.818
swarm_1_131.pdb	17.206	30.959	0	34.471
swarm_32_120.pdb	14.804	29.523	0	34.441
swarm_36_143.pdb	14.820	31.995	0	34.422
swarm_33_180.pdb	13.743	38.859	0	34.255
swarm_3_166.pdb	15.388	30.265	0	34.175
swarm_42_137.pdb	14.742	38.334	0	33.787
swarm_15_199.pdb	18.311	31.133	0	33.529
swarm_17_82.pdb	11.528	27.212	0	33.496
swarm_2_130.pdb	13.523	34.182	0.025	33.486
swarm_1_71.pdb	14.796	31.723	0	33.469
swarm_12_105.pdb	14.049	34.981	0	33.414
swarm_31_101.pdb	17.568	29.813	0	33.090
swarm_26_74.pdb	15.921	30.114	0.025	33.012
swarm_0_98.pdb	12.590	27.451	0	32.865
swarm_49_35.pdb	16.568	35.853	0.05	32.859
swarm_47_85.pdb	14.679	32.151	0	32.825
swarm_22_27.pdb	18.129	31.179	0	32.794
swarm_3_106.pdb	14.497	33.832	0	32.655
swarm_35_12.pdb	10.556	22.343	0	32.648
swarm_0_188.pdb	8.975	24.145	0.075	32.587
swarm_0_2.pdb	12.073	26.657	0	32.505
swarm_45_114.pdb	15.038	33.836	0	32.502
swarm_35_45.pdb	17.819	30.504	0	32.478
swarm_0_172.pdb	15.074	35.034	0	32.462
swarm_27_83.pdb	6.372	15.946	0.3	32.376
swarm_2_34.pdb	12.901	24.604	0	32.189
swarm_28_182.pdb	19.844	39.301	0	32.184
swarm_3_46.pdb	17.345	35.761	0	32.045
swarm_29_123.pdb	16.141	32.587	0	32.026
swarm_32_94.pdb	11.293	20.112	0.075	31.934
swarm_0_170.pdb	13.473	26.929	0	31.865
swarm_30_92.pdb	15.758	32.466	0	31.798
swarm_41_25.pdb	13.580	33.560	0.025	31.785
swarm_34_102.pdb	14.791	34.419	0	31.763
swarm_36_133.pdb	11.467	28.928	0	31.694
swarm_45_95.pdb	9.337	18.709	0	31.625
swarm_36_54.pdb	15.244	30.935	0	31.574
swarm_35_60.pdb	14.919	38.151	0	31.437
swarm_27_80.pdb	17.706	35.350	0	31.435
swarm_36_188.pdb	13.287	31.247	0	31.427
swarm_26_105.pdb	15.407	30.310	0	31.419
swarm_47_119.pdb	15.157	38.807	0	31.381
swarm_12_132.pdb	15.636	36.328	0.025	31.319
swarm_45_30.pdb	10.597	19.398	0	31.225
swarm_6_121.pdb	11.259	22.805	0	31.125
swarm_48_100.pdb	14.749	31.867	0	30.943
swarm_2_136.pdb	10.854	29.647	0.05	30.893
swarm_1_130.pdb	8.814	22.032	0.125	30.835
swarm_29_44.pdb	16.678	33.291	0	30.646
swarm_27_118.pdb	12.564	24.565	0	30.561
swarm_42_65.pdb	18.031	33.549	0	30.486
swarm_30_122.pdb	17.315	31.909	0	30.467
swarm_25_131.pdb	18.368	29.867	0	30.428
swarm_33_7.pdb	18.490	37.934	0	30.425
swarm_30_117.pdb	16.743	36.683	0	30.357
swarm_42_25.pdb	18.448	33.195	0.025	30.354
swarm_36_94.pdb	15.799	32.064	0	30.331
swarm_23_70.pdb	16.435	34.087	0.05	30.321
swarm_28_148.pdb	18.911	38.937	0	30.252
swarm_0_24.pdb	12.049	25.861	0	30.045
swarm_2_47.pdb	17.609	35.072	0	30.039
swarm_18_195.pdb	15.442	47.401	0	30.031
swarm_12_29.pdb	19.814	39.183	0	30.026
swarm_44_114.pdb	12.922	27.294	0	30.020
swarm_42_16.pdb	13.106	32.917	0	30.011
swarm_28_104.pdb	17.104	33.831	0	30.006
swarm_8_159.pdb	18.438	33.138	0	29.999
swarm_44_169.pdb	11.838	27.321	0	29.975
swarm_28_87.pdb	12.449	28.200	0	29.911
swarm_35_196.pdb	12.735	29.641	0	29.791
swarm_42_87.pdb	16.179	34.463	0	29.788
swarm_30_178.pdb	16.298	32.422	0.15	29.757
swarm_18_70.pdb	16.031	31.635	0	29.729
swarm_17_42.pdb	7.266	16.343	0.025	29.701
swarm_2_84.pdb	11.285	27.947	0.025	29.581
swarm_20_85.pdb	7.315	19.527	0.05	29.574
swarm_12_127.pdb	12.638	31.825	0.025	29.555
swarm_32_132.pdb	15.529	27.634	0	29.458
swarm_27_126.pdb	5.819	18.215	0.225	29.431
swarm_31_65.pdb	17.411	30.761	0	29.321
swarm_29_73.pdb	19.873	47.458	0	29.305
swarm_41_171.pdb	12.910	23.779	0	29.211
swarm_32_51.pdb	15.081	30.612	0	29.167
swarm_45_56.pdb	17.798	30.127	0	29.163
swarm_35_109.pdb	17.704	32.825	0	29.102
swarm_32_171.pdb	7.807	13.989	0.025	29.102
swarm_5_11.pdb	17.229	35.209	0	29.039
swarm_47_129.pdb	9.067	22.338	0	28.928
swarm_3_6.pdb	15.277	32.342	0	28.817
swarm_31_95.pdb	13.645	40.596	0.025	28.797
swarm_48_140.pdb	12.159	35.416	0	28.738
swarm_26_146.pdb	19.125	37.812	0	28.735
swarm_48_36.pdb	11.838	24.612	0	28.727
swarm_18_149.pdb	13.899	26.445	0.05	28.724
swarm_30_72.pdb	14.449	44.582	0	28.671
swarm_0_116.pdb	12.795	23.482	0	28.652
swarm_31_112.pdb	16.125	42.865	0	28.649
swarm_40_197.pdb	11.880	26.132	0	28.555
swarm_23_162.pdb	16.144	32.423	0	28.452
swarm_0_73.pdb	15.471	34.807	0	28.247
swarm_7_127.pdb	15.921	31.238	0	28.244
swarm_11_115.pdb	12.053	30.133	0	28.147
swarm_48_177.pdb	14.830	25.247	0	28.135
swarm_48_184.pdb	13.182	22.766	0	28.125
swarm_48_19.pdb	14.701	35.589	0	28.094
swarm_1_56.pdb	12.895	22.286	0	28.084
swarm_20_188.pdb	15.574	32.652	0	28.063
swarm_11_70.pdb	14.845	30.332	0	28.048
swarm_35_117.pdb	11.377	20.062	0	28.045
swarm_0_38.pdb	14.858	34.938	0	28.043
swarm_23_121.pdb	13.953	26.168	0	27.987
swarm_6_5.pdb	16.179	37.929	0	27.936
swarm_27_48.pdb	17.880	32.092	0	27.922
swarm_39_73.pdb	19.167	42.177	0	27.886
swarm_6_83.pdb	16.876	33.864	0	27.809
swarm_30_47.pdb	18.913	37.117	0	27.738
swarm_22_8.pdb	14.564	30.300	0	27.706
swarm_44_105.pdb	18.421	35.581	0	27.660
swarm_42_145.pdb	17.978	31.794	0	27.650
swarm_12_120.pdb	15.513	30.408	0	27.649
swarm_16_137.pdb	17.591	29.713	0	27.633
swarm_10_179.pdb	19.456	34.387	0	27.465
swarm_23_177.pdb	14.168	29.071	0	27.423
swarm_22_41.pdb	18.691	32.901	0	27.396
swarm_22_139.pdb	18.478	34.015	0	27.369
swarm_46_110.pdb	13.119	36.893	0.025	27.351
swarm_16_134.pdb	13.578	25.381	0	27.321
swarm_29_157.pdb	16.224	43.834	0	27.261
swarm_3_94.pdb	13.001	31.438	0	27.220
swarm_3_147.pdb	15.954	28.574	0	27.128
swarm_32_197.pdb	14.313	35.106	0	27.063
swarm_10_159.pdb	17.123	47.932	0	27.037
swarm_14_97.pdb	11.357	35.076	0.025	26.993
swarm_7_190.pdb	14.372	27.400	0	26.960
swarm_15_8.pdb	16.241	29.922	0	26.939
swarm_41_143.pdb	17.409	31.622	0	26.847
swarm_25_123.pdb	7.389	22.762	0.025	26.838
swarm_26_169.pdb	11.694	21.176	0	26.808
swarm_25_194.pdb	9.292	18.556	0	26.793
swarm_12_42.pdb	13.022	29.682	0.075	26.792
swarm_7_119.pdb	12.669	23.895	0	26.740
swarm_32_1.pdb	17.456	31.513	0	26.732
swarm_31_47.pdb	21.873	40.229	0	26.701
swarm_26_180.pdb	10.869	19.811	0	26.688
swarm_8_130.pdb	17.693	31.519	0.125	26.671
swarm_32_92.pdb	11.989	21.227	0.075	26.622
swarm_41_22.pdb	11.985	31.029	0	26.612
swarm_40_95.pdb	4.624	11.102	0.3	26.525
swarm_31_16.pdb	9.472	18.766	0	26.524
swarm_17_134.pdb	18.110	30.930	0	26.519
swarm_0_5.pdb	18.975	43.561	0	26.512
swarm_12_164.pdb	17.900	47.583	0	26.465
swarm_44_5.pdb	13.642	35.835	0	26.454
swarm_35_34.pdb	14.011	27.356	0	26.441
swarm_42_45.pdb	10.214	18.252	0	26.351
swarm_24_192.pdb	14.056	43.716	0.05	26.311
swarm_17_163.pdb	12.056	24.683	0	26.300
swarm_0_54.pdb	18.403	39.372	0	26.242
swarm_16_35.pdb	11.760	21.859	0	26.156
swarm_17_124.pdb	13.978	25.608	0	26.126
swarm_49_55.pdb	16.854	41.900	0	26.110
swarm_36_172.pdb	15.103	30.945	0	26.094
swarm_30_35.pdb	15.573	39.487	0	26.068
swarm_44_79.pdb	17.152	31.184	0	26.048
swarm_26_186.pdb	12.144	26.952	0	26.048
swarm_12_86.pdb	21.173	40.583	0	26.039
swarm_33_45.pdb	15.175	32.455	0.175	25.974
swarm_12_124.pdb	19.106	38.381	0	25.946
swarm_49_69.pdb	15.477	40.028	0	25.934
swarm_12_146.pdb	20.339	39.268	0	25.926
swarm_19_140.pdb	20.812	51.589	0	25.911
swarm_13_148.pdb	9.274	15.724	0	25.911
swarm_25_83.pdb	12.987	24.983	0.125	25.865
swarm_24_2.pdb	12.038	24.346	0.05	25.864
swarm_4_104.pdb	17.700	31.949	0	25.784
swarm_31_34.pdb	17.092	38.288	0	25.771
swarm_49_96.pdb	13.500	31.762	0	25.750
swarm_2_35.pdb	17.360	30.081	0	25.747
swarm_8_134.pdb	14.115	31.677	0	25.720
swarm_6_166.pdb	17.188	36.858	0	25.623
swarm_13_187.pdb	16.555	26.127	0	25.602
swarm_4_145.pdb	14.707	28.381	0	25.591
swarm_29_111.pdb	14.746	28.281	0	25.533
swarm_44_20.pdb	15.576	44.201	0	25.532
swarm_0_161.pdb	16.794	37.110	0	25.518
swarm_18_38.pdb	21.898	45.850	0	25.475
swarm_4_128.pdb	13.726	25.457	0	25.472
swarm_15_126.pdb	13.189	27.189	0.2	25.454
swarm_33_53.pdb	16.129	37.263	0	25.453
swarm_11_71.pdb	16.984	33.117	0	25.446
swarm_9_135.pdb	20.122	37.669	0	25.438
swarm_4_189.pdb	9.475	27.510	0	25.400
swarm_15_120.pdb	9.536	27.535	0.05	25.349
swarm_28_101.pdb	18.674	31.791	0	25.342
swarm_14_57.pdb	5.562	14.140	0.125	25.315
swarm_39_133.pdb	12.399	22.175	0	25.302
swarm_25_15.pdb	13.294	25.032	0.175	25.286
swarm_21_16.pdb	12.511	32.551	0.025	25.207
swarm_5_96.pdb	11.073	36.132	0.025	25.134
swarm_32_8.pdb	10.200	33.162	0.075	25.125
swarm_16_154.pdb	13.604	24.893	0.025	25.057
swarm_1_73.pdb	14.783	29.713	0	25.016
swarm_21_98.pdb	13.718	38.847	0	24.952
swarm_17_58.pdb	16.848	29.741	0.05	24.952
swarm_30_127.pdb	18.030	32.172	0	24.943
swarm_22_55.pdb	16.954	32.046	0	24.844
swarm_31_191.pdb	11.442	29.854	0	24.813
swarm_22_113.pdb	16.087	31.782	0	24.812
swarm_20_13.pdb	14.285	22.032	0	24.772
swarm_24_4.pdb	7.506	13.585	0	24.740
swarm_32_146.pdb	14.314	31.126	0	24.728
swarm_1_165.pdb	16.412	30.110	0	24.655
swarm_30_130.pdb	16.347	35.468	0.025	24.636
swarm_32_113.pdb	13.205	23.399	0	24.621
swarm_21_53.pdb	17.808	30.154	0	24.598
swarm_43_57.pdb	13.493	24.664	0	24.516
swarm_4_4.pdb	17.918	36.542	0	24.498
swarm_32_174.pdb	16.519	33.880	0.05	24.453
swarm_8_182.pdb	20.772	43.106	0	24.416
swarm_0_143.pdb	20.561	46.786	0	24.387
swarm_36_36.pdb	15.616	29.956	0	24.321
swarm_31_83.pdb	16.107	40.812	0	24.312
swarm_36_118.pdb	16.280	33.383	0	24.290
swarm_14_16.pdb	17.232	31.696	0	24.266
swarm_13_156.pdb	17.463	52.303	0	24.244
swarm_29_61.pdb	13.667	33.184	0	24.226
swarm_23_65.pdb	16.093	31.460	0	24.192
swarm_34_44.pdb	13.744	31.871	0	24.176
swarm_11_59.pdb	11.906	44.991	0	24.123
swarm_29_13.pdb	9.920	25.493	0	24.060
swarm_2_17.pdb	12.446	23.501	0.025	24.041
swarm_34_111.pdb	13.401	29.602	0	24.038
swarm_26_43.pdb	16.636	30.463	0	24.024
swarm_38_8.pdb	21.056	52.173	0	23.999
swarm_41_16.pdb	11.999	19.788	0	23.989
swarm_27_194.pdb	13.205	25.866	0	23.940
swarm_0_166.pdb	14.001	29.090	0	23.890
swarm_5_101.pdb	11.804	20.760	0	23.887
swarm_25_197.pdb	18.249	34.024	0	23.878
swarm_15_195.pdb	15.314	24.511	0	23.860
swarm_7_138.pdb	14.845	29.065	0	23.856
swarm_34_156.pdb	18.592	39.632	0	23.854
swarm_10_32.pdb	13.191	28.804	0.025	23.833
swarm_15_109.pdb	13.298	27.486	0.125	23.811
swarm_10_91.pdb	13.578	30.210	0	23.806
swarm_39_129.pdb	21.020	46.430	0	23.797
swarm_34_163.pdb	19.346	31.067	0	23.791
swarm_29_0.pdb	22.048	52.106	0	23.756
swarm_10_84.pdb	8.105	23.977	0.05	23.698
swarm_3_60.pdb	14.963	41.478	0.1	23.692
swarm_24_174.pdb	11.960	28.690	0	23.685
swarm_7_9.pdb	15.522	27.010	0	23.684
swarm_0_59.pdb	18.812	48.139	0	23.679
swarm_1_37.pdb	13.014	24.948	0.1	23.670
swarm_24_7.pdb	15.674	29.572	0.125	23.668
swarm_34_161.pdb	17.470	39.735	0	23.590
swarm_22_29.pdb	15.749	25.217	0	23.548
swarm_27_122.pdb	19.001	32.134	0	23.532
swarm_6_193.pdb	16.222	35.300	0	23.515
swarm_22_54.pdb	24.091	48.678	0	23.493
swarm_23_79.pdb	12.006	25.927	0	23.491
swarm_48_51.pdb	13.897	27.135	0	23.452
swarm_0_164.pdb	19.498	45.225	0	23.435
swarm_12_196.pdb	19.077	37.893	0	23.406
swarm_39_127.pdb	21.386	49.418	0	23.386
swarm_43_120.pdb	17.163	30.676	0	23.371
swarm_30_31.pdb	13.657	39.778	0	23.346
swarm_46_151.pdb	13.159	34.114	0	23.327
swarm_9_157.pdb	14.263	28.390	0	23.325
swarm_45_179.pdb	15.503	31.038	0.025	23.317
swarm_43_193.pdb	13.949	22.450	0	23.315
swarm_0_84.pdb	21.333	44.649	0	23.308
swarm_8_32.pdb	21.329	40.771	0	23.276
swarm_25_140.pdb	17.038	31.052	0.125	23.272
swarm_15_189.pdb	18.922	31.358	0	23.263
swarm_4_20.pdb	17.099	33.020	0	23.258
swarm_1_140.pdb	8.162	15.747	0	23.186
swarm_31_70.pdb	16.671	43.479	0	23.176
swarm_22_159.pdb	16.131	25.059	0	23.175
swarm_24_110.pdb	17.168	32.190	0	23.133
swarm_47_62.pdb	20.630	45.033	0	23.129
swarm_9_180.pdb	15.348	38.244	0	23.093
swarm_25_58.pdb	10.389	39.299	0.075	23.034
swarm_41_103.pdb	17.968	30.383	0	23.033
swarm_14_16.pdb	17.653	39.532	0	23.012
swarm_31_169.pdb	16.355	36.239	0	22.989
swarm_33_104.pdb	15.575	31.263	0	22.973
swarm_30_20.pdb	15.522	47.371	0.025	22.935
swarm_10_173.pdb	14.251	27.579	0	22.915
swarm_33_76.pdb	17.123	32.629	0	22.914
swarm_27_132.pdb	18.388	39.107	0	22.913
swarm_42_99.pdb	12.283	20.804	0	22.904
swarm_37_134.pdb	20.134	51.535	0	22.861
swarm_10_130.pdb	16.526	40.109	0	22.856
swarm_34_29.pdb	13.834	38.608	0	22.827
swarm_21_178.pdb	11.041	19.204	0	22.814
swarm_36_21.pdb	19.407	38.246	0	22.802
swarm_24_48.pdb	14.173	29.189	0	22.798
swarm_3_24.pdb	17.150	32.811	0	22.778
swarm_44_156.pdb	13.112	37.564	0	22.751
swarm_26_137.pdb	16.386	35.040	0	22.723
swarm_31_186.pdb	21.354	45.339	0	22.719
swarm_32_181.pdb	16.946	42.599	0	22.702
swarm_48_131.pdb	16.443	31.886	0.05	22.681
swarm_32_3.pdb	18.097	43.598	0.05	22.669
swarm_24_162.pdb	8.127	17.183	0.175	22.651
swarm_50_94.pdb	20.419	35.299	0	22.596
swarm_22_50.pdb	17.715	29.889	0	22.589
swarm_31_99.pdb	17.929	34.853	0	22.580
swarm_36_34.pdb	14.277	24.690	0	22.505
swarm_5_180.pdb	17.918	31.504	0	22.499
swarm_18_12.pdb	12.477	40.698	0	22.441
swarm_3_116.pdb	13.492	29.613	0	22.436
swarm_41_10.pdb	11.970	19.266	0	22.435
swarm_39_113.pdb	20.813	54.587	0	22.432
swarm_10_175.pdb	19.229	52.588	0	22.431
swarm_17_195.pdb	11.805	25.013	0	22.382
swarm_33_171.pdb	20.104	40.901	0	22.336
swarm_3_157.pdb	18.707	34.986	0	22.331
swarm_20_14.pdb	13.564	27.103	0	22.277
swarm_26_57.pdb	11.831	18.920	0	22.269
swarm_25_88.pdb	5.890	12.079	0.05	22.217
swarm_25_105.pdb	12.981	20.608	0	22.208
swarm_2_8.pdb	16.577	25.413	0	22.186
swarm_28_108.pdb	19.086	55.979	0	22.143
swarm_4_175.pdb	14.400	27.566	0	22.103
swarm_26_104.pdb	17.455	30.846	0	22.098
swarm_22_149.pdb	19.399	49.724	0	22.093
swarm_25_30.pdb	16.048	25.841	0	22.049
swarm_5_155.pdb	16.612	33.354	0.1	22.045
swarm_10_31.pdb	12.920	31.268	0	22.014
swarm_34_168.pdb	12.429	23.712	0	21.987
swarm_31_188.pdb	12.584	38.771	0.025	21.932
swarm_45_126.pdb	17.132	32.357	0	21.902
swarm_27_50.pdb	20.364	35.145	0	21.869
swarm_49_53.pdb	17.527	36.761	0	21.852
swarm_50_21.pdb	21.054	39.036	0	21.851
swarm_29_193.pdb	22.583	51.742	0	21.843
swarm_42_109.pdb	15.578	24.778	0	21.838
swarm_39_0.pdb	18.311	49.498	0	21.784
swarm_30_162.pdb	18.921	47.036	0	21.750
swarm_20_154.pdb	14.324	27.869	0	21.720
swarm_27_146.pdb	12.530	23.224	0	21.695
swarm_27_102.pdb	15.284	26.797	0	21.675
swarm_15_118.pdb	14.370	25.310	0	21.626
swarm_20_57.pdb	12.423	23.569	0.075	21.615
swarm_27_111.pdb	12.419	25.517	0	21.612
swarm_16_71.pdb	17.573	31.533	0	21.601
swarm_31_23.pdb	12.262	26.010	0	21.577
swarm_19_50.pdb	14.743	30.453	0	21.572
swarm_26_168.pdb	15.828	39.345	0.1	21.567
swarm_6_194.pdb	10.679	29.195	0.025	21.553
swarm_13_86.pdb	20.510	47.852	0	21.547
swarm_32_68.pdb	13.730	31.212	0	21.544
swarm_27_187.pdb	17.574	30.936	0	21.544
swarm_24_196.pdb	15.734	34.278	0	21.533
swarm_5_105.pdb	20.810	44.186	0	21.518
swarm_11_144.pdb	14.057	32.598	0	21.468
swarm_30_191.pdb	16.926	40.544	0	21.448
swarm_30_186.pdb	17.679	38.264	0	21.408
swarm_33_23.pdb	17.950	37.833	0.05	21.400
swarm_36_18.pdb	10.766	22.374	0	21.324
swarm_25_8.pdb	16.440	29.619	0	21.319
swarm_0_66.pdb	17.400	32.910	0	21.299
swarm_10_63.pdb	23.074	43.824	0	21.293
swarm_43_16.pdb	12.631	20.454	0	21.279
swarm_9_67.pdb	19.134	44.991	0	21.272
swarm_7_102.pdb	10.348	24.318	0	21.250
swarm_15_33.pdb	16.125	28.118	0	21.241
swarm_50_179.pdb	17.879	33.958	0	21.238
swarm_36_28.pdb	17.901	32.926	0	21.212
swarm_15_7.pdb	15.016	34.560	0	21.203
swarm_39_60.pdb	7.765	19.297	0	21.152
swarm_42_11.pdb	14.645	30.538	0	21.125
swarm_0_160.pdb	20.764	49.583	0	21.113
swarm_30_98.pdb	16.486	36.983	0	21.097
swarm_18_182.pdb	15.579	29.256	0.05	21.072
swarm_14_114.pdb	10.854	17.585	0	21.064
swarm_26_130.pdb	11.217	18.939	0	21.052
swarm_27_17.pdb	13.362	28.957	0	21.050
swarm_21_55.pdb	11.192	22.200	0.025	21.044
swarm_32_47.pdb	20.368	39.832	0	20.966
swarm_27_53.pdb	8.281	17.843	0.025	20.957
swarm_12_152.pdb	18.966	38.062	0	20.945
swarm_12_98.pdb	20.227	42.780	0	20.944
swarm_36_173.pdb	17.118	31.242	0	20.909
swarm_31_127.pdb	19.918	38.261	0	20.899
swarm_2_101.pdb	16.845	27.027	0	20.889
swarm_7_93.pdb	11.034	18.989	0	20.810
swarm_2_43.pdb	20.964	34.205	0	20.806
swarm_17_173.pdb	16.975	31.759	0	20.779
swarm_2_40.pdb	11.907	22.126	0	20.738
swarm_23_159.pdb	17.839	43.572	0	20.726
swarm_23_63.pdb	14.806	35.387	0	20.698
swarm_36_109.pdb	16.105	28.238	0	20.690
swarm_25_130.pdb	16.419	36.762	0	20.673
swarm_0_91.pdb	21.244	47.522	0	20.640
swarm_11_130.pdb	12.709	30.722	0.025	20.635
swarm_20_123.pdb	17.198	29.257	0	20.629
swarm_7_142.pdb	15.013	27.704	0	20.578
swarm_32_160.pdb	7.335	28.495	0.1	20.568
swarm_5_77.pdb	19.197	34.169	0.05	20.563
swarm_7_86.pdb	8.975	24.673	0.05	20.559
swarm_27_153.pdb	12.465	24.262	0	20.555
swarm_34_198.pdb	14.053	31.213	0	20.526
swarm_4_172.pdb	17.267	33.811	0	20.486
swarm_45_186.pdb	16.286	26.935	0	20.480
swarm_20_69.pdb	18.078	31.359	0	20.397
swarm_48_155.pdb	15.056	34.313	0.025	20.382
swarm_5_135.pdb	12.700	36.542	0	20.373
swarm_29_173.pdb	15.115	29.152	0	20.360
swarm_50_55.pdb	15.041	40.138	0	20.358
swarm_23_66.pdb	20.267	42.295	0	20.343
swarm_17_198.pdb	14.120	28.114	0	20.319
swarm_3_97.pdb	16.391	41.976	0	20.313
swarm_11_171.pdb	9.190	30.159	0.025	20.272
swarm_21_72.pdb	22.829	42.127	0.025	20.264
swarm_26_121.pdb	19.598	39.513	0	20.251
swarm_48_113.pdb	15.551	31.642	0	20.212
swarm_28_198.pdb	18.040	44.889	0	20.202
swarm_4_112.pdb	13.543	30.828	0	20.189
swarm_22_26.pdb	14.866	37.692	0.05	20.147
swarm_2_76.pdb	12.856	30.366	0	20.091
swarm_42_196.pdb	13.065	24.296	0	20.084
swarm_4_129.pdb	14.416	28.202	0	20.027
swarm_45_101.pdb	16.488	25.738	0	20.024
swarm_35_73.pdb	13.917	33.928	0	19.967
swarm_18_197.pdb	15.795	27.921	0	19.932
swarm_47_177.pdb	11.706	37.709	0	19.913
swarm_30_32.pdb	15.651	27.843	0	19.836
swarm_0_116.pdb	14.608	51.119	0	19.831
swarm_30_51.pdb	18.953	38.107	0	19.783
swarm_31_31.pdb	17.635	45.489	0	19.743
swarm_7_3.pdb	13.044	27.478	0	19.713
swarm_31_188.pdb	17.568	38.696	0	19.672
swarm_45_29.pdb	10.012	20.045	0.25	19.646
swarm_8_186.pdb	20.997	39.540	0	19.635
swarm_2_178.pdb	14.630	37.833	0.025	19.598
swarm_35_50.pdb	17.644	38.134	0	19.587
swarm_7_36.pdb	14.117	24.069	0	19.570
swarm_29_153.pdb	17.399	32.038	0	19.556
swarm_45_8.pdb	4.881	12.534	0.125	19.533
swarm_14_58.pdb	11.010	18.925	0	19.442
swarm_39_175.pdb	18.584	49.922	0	19.432
swarm_47_178.pdb	20.861	39.839	0.025	19.409
swarm_39_71.pdb	16.810	43.266	0	19.407
swarm_2_194.pdb	18.528	31.862	0	19.403
swarm_18_7.pdb	15.899	26.501	0	19.324
swarm_13_187.pdb	11.951	30.691	0.1	19.307
swarm_14_177.pdb	15.813	42.660	0	19.297
swarm_27_19.pdb	16.809	30.663	0	19.287
swarm_6_51.pdb	12.769	28.541	0	19.275
swarm_0_119.pdb	19.355	48.662	0	19.262
swarm_19_171.pdb	16.419	41.699	0	19.261
swarm_30_22.pdb	17.145	46.302	0	19.247
swarm_25_148.pdb	14.991	28.148	0.025	19.245
swarm_36_32.pdb	15.947	37.789	0	19.241
swarm_18_20.pdb	12.329	25.129	0.05	19.204
swarm_32_167.pdb	16.834	32.198	0.2	19.153
swarm_11_45.pdb	22.253	49.728	0	19.137
swarm_14_161.pdb	22.783	48.437	0	19.133
swarm_23_171.pdb	16.378	41.842	0	19.132
swarm_5_29.pdb	8.308	15.383	0.3	19.100
swarm_2_194.pdb	19.335	36.550	0	19.073
swarm_22_136.pdb	16.316	40.748	0	19.046
swarm_32_157.pdb	17.467	36.192	0	19.042
swarm_39_121.pdb	14.153	42.972	0	19.032
swarm_34_101.pdb	17.211	35.398	0.125	18.996
swarm_17_39.pdb	17.125	33.116	0	18.969
swarm_49_190.pdb	21.772	52.581	0	18.959
swarm_33_30.pdb	9.542	33.254	0.125	18.933
swarm_15_137.pdb	16.592	32.889	0	18.877
swarm_21_167.pdb	15.948	29.961	0	18.854
swarm_8_84.pdb	15.585	29.817	0.025	18.824
swarm_29_96.pdb	17.357	33.196	0	18.817
swarm_8_163.pdb	10.939	23.895	0	18.799
swarm_2_197.pdb	7.617	20.684	0.025	18.773
swarm_18_153.pdb	19.629	44.884	0	18.770
swarm_31_7.pdb	18.025	46.910	0	18.756
swarm_31_3.pdb	6.555	16.815	0.05	18.702
swarm_31_46.pdb	17.208	37.473	0.075	18.699
swarm_15_198.pdb	18.253	30.037	0	18.694
swarm_14_73.pdb	21.225	35.775	0	18.674
swarm_27_170.pdb	18.025	35.039	0	18.671
swarm_32_85.pdb	15.873	34.538	0	18.642
swarm_45_136.pdb	11.740	26.793	0	18.626
swarm_6_192.pdb	4.596	12.179	0.225	18.579
swarm_17_114.pdb	14.178	27.026	0	18.572
swarm_27_164.pdb	7.816	24.070	0.325	18.554
swarm_14_102.pdb	19.478	44.614	0	18.549
swarm_36_135.pdb	19.200	39.884	0.025	18.543
swarm_39_137.pdb	18.864	51.638	0	18.540
swarm_26_115.pdb	18.156	35.176	0.1	18.519
swarm_49_69.pdb	21.968	44.554	0	18.516
swarm_32_197.pdb	18.973	43.907	0	18.498
swarm_4_113.pdb	20.908	41.815	0	18.458
swarm_4_136.pdb	19.912	41.475	0	18.442
swarm_0_90.pdb	15.600	37.777	0.025	18.411
swarm_17_38.pdb	16.550	28.256	0	18.379
swarm_46_118.pdb	15.561	41.899	0	18.360
swarm_19_196.pdb	19.525	60.345	0	18.342
swarm_7_0.pdb	11.672	22.353	0.05	18.245
swarm_25_163.pdb	14.826	41.547	0	18.244
swarm_34_192.pdb	16.251	32.256	0	18.219
swarm_17_142.pdb	20.571	41.668	0	18.176
swarm_3_173.pdb	22.099	45.809	0	18.174
swarm_3_51.pdb	13.619	33.647	0	18.153
swarm_35_106.pdb	18.519	32.407	0	18.138
swarm_36_81.pdb	16.823	29.465	0	18.087
swarm_12_100.pdb	21.744	43.012	0	18.074
swarm_34_26.pdb	15.039	31.777	0.025	18.051
swarm_15_56.pdb	14.306	29.559	0	18.034
swarm_18_30.pdb	19.465	40.943	0	18.012
swarm_30_188.pdb	17.060	41.589	0	17.927
swarm_2_43.pdb	12.214	21.219	0	17.893
swarm_43_70.pdb	15.209	23.551	0	17.843
swarm_26_99.pdb	15.486	33.439	0.025	17.828
swarm_1_142.pdb	16.493	41.320	0	17.809
swarm_26_134.pdb	11.230	32.706	0	17.806
swarm_23_93.pdb	14.035	32.748	0	17.797
swarm_7_2.pdb	11.897	21.666	0	17.750
swarm_42_102.pdb	15.927	26.407	0	17.748
swarm_35_93.pdb	16.308	38.974	0	17.709
swarm_0_137.pdb	21.625	45.899	0	17.685
swarm_11_53.pdb	15.044	50.605	0	17.678
swarm_32_69.pdb	19.508	37.175	0	17.672
swarm_15_177.pdb	14.612	29.336	0	17.574
swarm_36_146.pdb	17.834	39.374	0	17.571
swarm_33_97.pdb	16.245	39.450	0	17.512
swarm_31_88.pdb	16.142	35.202	0	17.478
swarm_30_197.pdb	15.085	36.258	0	17.472
swarm_13_103.pdb	17.342	51.250	0	17.467
swarm_7_147.pdb	10.277	19.875	0	17.445
swarm_32_122.pdb	17.582	46.568	0	17.442
swarm_35_2.pdb	14.376	31.813	0.025	17.426
swarm_26_173.pdb	12.211	20.813	0	17.412
swarm_31_8.pdb	14.753	25.097	0	17.371
swarm_21_40.pdb	22.222	45.665	0	17.292
swarm_32_31.pdb	20.151	48.973	0	17.276
swarm_25_192.pdb	21.256	46.355	0	17.165
swarm_36_55.pdb	10.998	20.478	0	17.135
swarm_18_172.pdb	16.028	39.147	0	17.123
swarm_26_60.pdb	13.156	26.578	0	17.103
swarm_29_103.pdb	12.279	23.020	0	17.065
swarm_13_71.pdb	15.097	33.598	0	17.002
swarm_21_83.pdb	21.384	42.829	0	16.978
swarm_49_44.pdb	16.592	49.665	0	16.972
swarm_35_162.pdb	15.101	33.875	0	16.962
swarm_17_101.pdb	18.663	47.450	0	16.958
swarm_25_59.pdb	18.488	43.742	0	16.940
swarm_24_31.pdb	18.432	39.294	0	16.908
swarm_24_75.pdb	10.985	41.906	0.025	16.889
swarm_3_33.pdb	18.197	35.300	0	16.808
swarm_29_135.pdb	17.053	31.516	0	16.808
swarm_50_183.pdb	14.770	36.617	0	16.778
swarm_32_198.pdb	15.048	33.354	0	16.699
swarm_36_89.pdb	19.284	34.254	0	16.662
swarm_23_5.pdb	21.122	40.056	0	16.528
swarm_5_190.pdb	20.051	36.430	0	16.475
swarm_47_58.pdb	24.866	43.986	0	16.475
swarm_2_170.pdb	15.589	26.967	0	16.450
swarm_2_124.pdb	12.846	20.182	0	16.429
swarm_3_84.pdb	23.521	53.346	0	16.402
swarm_49_7.pdb	23.883	48.043	0	16.397
swarm_30_125.pdb	20.919	46.301	0	16.388
swarm_3_64.pdb	24.041	51.749	0	16.386
swarm_27_142.pdb	12.793	28.897	0	16.384
swarm_11_123.pdb	21.902	52.731	0	16.384
swarm_17_119.pdb	18.347	31.106	0	16.368
swarm_44_80.pdb	19.680	31.720	0	16.337
swarm_17_190.pdb	14.301	37.692	0	16.268
swarm_7_68.pdb	23.783	39.599	0	16.263
swarm_10_18.pdb	23.696	44.415	0	16.217
swarm_6_104.pdb	14.009	30.474	0	16.169
swarm_48_97.pdb	18.508	35.056	0	16.154
swarm_32_26.pdb	15.091	28.657	0	16.111
swarm_28_98.pdb	13.218	35.440	0	16.073
swarm_28_44.pdb	24.241	46.527	0	16.050
swarm_7_142.pdb	20.514	35.189	0	16.047
swarm_16_165.pdb	17.984	47.229	0	16.040
swarm_27_195.pdb	12.534	26.028	0.075	16.000
swarm_4_21.pdb	19.073	45.021	0	15.915
swarm_33_179.pdb	21.602	44.671	0	15.912
swarm_22_152.pdb	14.702	25.735	0	15.898
swarm_36_30.pdb	19.048	39.207	0	15.876
swarm_8_139.pdb	14.280	29.672	0	15.778
swarm_4_20.pdb	15.485	41.397	0	15.774
swarm_6_108.pdb	15.372	34.395	0	15.771
swarm_31_27.pdb	16.762	35.170	0	15.739
swarm_6_75.pdb	16.539	36.952	0	15.737
swarm_14_25.pdb	16.433	26.179	0	15.731
swarm_41_2.pdb	18.599	45.674	0	15.720
swarm_14_167.pdb	12.136	20.300	0	15.718
swarm_6_87.pdb	16.682	31.259	0	15.702
swarm_41_54.pdb	18.052	44.546	0	15.688
swarm_8_4.pdb	20.592	48.914	0	15.663
swarm_15_159.pdb	15.362	31.033	0.025	15.644
swarm_8_106.pdb	15.082	40.856	0	15.562
swarm_1_32.pdb	20.930	44.655	0	15.551
swarm_32_91.pdb	11.322	35.623	0	15.540
swarm_27_165.pdb	18.617	36.565	0	15.531
swarm_32_109.pdb	12.465	37.153	0.075	15.480
swarm_26_7.pdb	10.162	24.764	0.1	15.469
swarm_21_130.pdb	16.653	37.107	0	15.442
swarm_30_85.pdb	17.183	40.428	0	15.407
swarm_31_72.pdb	18.628	44.814	0	15.349
swarm_16_60.pdb	17.173	40.841	0	15.329
swarm_15_60.pdb	21.684	37.760	0	15.266
swarm_23_114.pdb	8.939	21.803	0.025	15.251
swarm_28_119.pdb	22.576	44.824	0	15.250
swarm_45_61.pdb	16.816	29.307	0	15.228
swarm_7_95.pdb	13.945	32.932	0	15.220
swarm_2_173.pdb	16.684	33.223	0.025	15.218
swarm_5_146.pdb	22.879	38.707	0	15.216
swarm_36_131.pdb	19.057	39.984	0	15.212
swarm_15_125.pdb	17.648	30.173	0	15.193
swarm_20_34.pdb	14.173	30.694	0.05	15.165
swarm_12_143.pdb	19.092	46.674	0	15.129
swarm_7_69.pdb	22.135	38.739	0	15.128
swarm_8_56.pdb	19.601	53.058	0	15.105
swarm_8_54.pdb	18.268	55.829	0	15.060
swarm_14_126.pdb	23.790	48.197	0	15.039
swarm_27_193.pdb	15.952	30.722	0	15.033
swarm_22_191.pdb	16.565	40.526	0	15.031
swarm_19_5.pdb	18.656	40.871	0	15.027
swarm_10_40.pdb	17.677	33.401	0	14.944
swarm_25_182.pdb	8.860	30.719	0	14.937
swarm_23_21.pdb	14.232	32.191	0.05	14.904
swarm_48_26.pdb	18.216	34.640	0	14.876
swarm_47_130.pdb	20.580	38.323	0	14.874
swarm_47_190.pdb	22.630	39.187	0	14.836
swarm_24_157.pdb	16.319	29.497	0	14.779
swarm_5_0.pdb	16.548	45.568	0	14.752
swarm_15_161.pdb	19.605	34.260	0.05	14.740
swarm_15_128.pdb	16.787	28.278	0	14.723
swarm_2_190.pdb	14.746	28.283	0	14.721
swarm_15_165.pdb	14.062	24.423	0	14.676
swarm_48_185.pdb	11.046	34.463	0	14.658
swarm_15_94.pdb	16.132	29.416	0	14.653
swarm_35_117.pdb	23.771	44.316	0	14.624
swarm_4_174.pdb	25.868	51.903	0	14.605
swarm_49_160.pdb	15.083	44.482	0.025	14.548
swarm_42_160.pdb	17.502	31.993	0	14.459
swarm_34_1.pdb	16.323	32.366	0	14.454
swarm_22_127.pdb	19.231	32.188	0	14.431
swarm_4_46.pdb	16.042	45.272	0.05	14.409
swarm_4_177.pdb	19.920	45.825	0	14.386
swarm_17_137.pdb	11.594	25.248	0	14.383
swarm_22_158.pdb	17.558	34.683	0	14.380
swarm_15_97.pdb	13.591	30.067	0	14.374
swarm_34_173.pdb	15.721	35.220	0	14.349
swarm_18_117.pdb	9.934	20.001	0	14.335
swarm_12_177.pdb	15.085	39.100	0	14.319
swarm_42_199.pdb	17.549	29.488	0	14.291
swarm_42_127.pdb	11.733	28.436	0.05	14.219
swarm_9_115.pdb	25.483	52.745	0	14.124
swarm_47_167.pdb	18.250	32.858	0	14.083
swarm_4_149.pdb	19.877	39.810	0	14.003
swarm_49_175.pdb	14.864	48.111	0	13.992
swarm_21_138.pdb	14.922	37.371	0	13.991
swarm_7_13.pdb	19.487	34.306	0	13.919
swarm_31_101.pdb	24.037	44.405	0	13.901
swarm_29_71.pdb	24.384	55.294	0	13.850
swarm_48_1.pdb	25.911	49.419	0	13.809
swarm_15_121.pdb	16.988	32.543	0	13.786
swarm_36_95.pdb	26.050	46.697	0	13.769
swarm_21_146.pdb	15.828	31.856	0	13.764
swarm_47_92.pdb	17.147	34.159	0	13.756
swarm_41_181.pdb	18.144	48.562	0	13.753
swarm_4_100.pdb	16.636	44.037	0	13.722
swarm_36_126.pdb	17.400	32.933	0.025	13.656
swarm_24_9.pdb	9.642	18.092	0	13.653
swarm_17_163.pdb	17.628	42.566	0	13.635
swarm_42_114.pdb	8.243	20.503	0.1	13.631
swarm_8_123.pdb	12.838	21.099	0	13.628
swarm_17_22.pdb	20.874	44.997	0	13.552
swarm_4_3.pdb	21.015	39.178	0	13.491
swarm_22_12.pdb	20.997	44.306	0	13.438
swarm_15_130.pdb	17.857	27.790	0	13.405
swarm_47_74.pdb	23.670	45.311	0	13.392
swarm_15_95.pdb	19.610	31.928	0	13.345
swarm_26_49.pdb	16.672	35.282	0	13.319
swarm_1_48.pdb	21.573	47.728	0	13.303
swarm_17_83.pdb	23.034	46.785	0	13.276
swarm_14_100.pdb	14.041	26.769	0	13.186
swarm_15_65.pdb	14.705	28.539	0	13.147
swarm_48_94.pdb	24.664	44.530	0	13.135
swarm_45_48.pdb	16.777	29.935	0	13.110
swarm_26_139.pdb	13.378	32.801	0	13.083
swarm_30_78.pdb	16.392	32.261	0	13.071
swarm_12_169.pdb	18.227	41.727	0	12.995
swarm_45_21.pdb	11.739	22.966	0.025	12.935
swarm_1_171.pdb	21.277	49.954	0	12.865
swarm_16_49.pdb	18.502	44.395	0.025	12.833
swarm_12_108.pdb	19.035	36.167	0	12.781
swarm_33_164.pdb	18.589	34.750	0	12.771
swarm_6_156.pdb	15.789	39.309	0	12.689
swarm_48_158.pdb	17.432	36.390	0	12.685
swarm_47_52.pdb	22.436	37.692	0	12.678
swarm_4_88.pdb	18.956	46.523	0	12.621
swarm_48_27.pdb	21.664	39.718	0	12.577
swarm_7_151.pdb	16.293	29.359	0	12.534
swarm_28_32.pdb	10.830	31.638	0	12.456
swarm_6_84.pdb	22.008	35.954	0	12.432
swarm_18_112.pdb	18.649	33.691	0	12.276
swarm_6_108.pdb	7.381	17.519	0	12.220
swarm_48_62.pdb	17.188	33.845	0	12.173
swarm_48_92.pdb	24.718	43.751	0	12.149
swarm_14_38.pdb	17.508	31.499	0	12.124
swarm_5_122.pdb	16.889	44.385	0	12.121
swarm_36_157.pdb	18.785	42.010	0	12.095
swarm_5_28.pdb	17.202	40.418	0	12.094
swarm_35_108.pdb	16.676	40.034	0	12.046
swarm_18_14.pdb	17.267	30.730	0	11.934
swarm_17_144.pdb	19.690	45.527	0	11.793
swarm_21_48.pdb	14.738	35.780	0	11.565
swarm_16_51.pdb	17.747	29.113	0	11.542
swarm_18_108.pdb	15.143	33.135	0	11.491
swarm_11_134.pdb	17.353	59.910	0	11.428
swarm_33_181.pdb	15.132	31.682	0	11.297
swarm_35_10.pdb	19.844	38.834	0	11.270
swarm_49_82.pdb	20.611	48.136	0	11.215
swarm_7_65.pdb	16.713	27.715	0	11.170
swarm_5_44.pdb	20.021	42.116	0	10.976
swarm_4_118.pdb	25.875	51.285	0	10.941
swarm_18_123.pdb	14.870	33.564	0	10.685
swarm_41_67.pdb	18.474	52.642	0	10.486
swarm_48_189.pdb	10.123	17.147	0	10.439
swarm_6_125.pdb	23.069	40.829	0	10.398
swarm_12_33.pdb	18.891	45.905	0	10.316
swarm_15_63.pdb	11.693	25.570	0	10.295
swarm_25_181.pdb	20.244	43.730	0	10.266
swarm_7_30.pdb	19.747	36.074	0	10.094
swarm_24_139.pdb	14.847	32.803	0	9.974
swarm_11_97.pdb	11.787	33.871	0.05	9.040
swarm_23_177.pdb	17.594	37.283	0.1	8.793
swarm_5_121.pdb	17.590	47.629	0	8.751
swarm_6_57.pdb	12.770	23.823	0	7.288
swarm_17_76.pdb	23.229	46.523	0	7.274
swarm_5_195.pdb	20.361	47.953	0	7.262
swarm_2_199.pdb	15.947	31.163	0	7.249
swarm_22_132.pdb	15.976	36.962	0	6.229
swarm_38_95.pdb	16.796	43.620	0	6.082
swarm_29_53.pdb	18.800	43.863	0	5.578
swarm_3_124.pdb	10.489	20.594	0.05	5.323
swarm_22_196.pdb	15.073	42.916	0	3.604
swarm_48_50.pdb	17.760	30.638	0	3.569
swarm_22_133.pdb	16.389	30.990	0	3.354
swarm_39_8.pdb	15.832	42.313	0	2.447
swarm_44_26.pdb	12.853	24.458	0.025	2.397
swarm_38_121.pdb	17.460	49.434	0	1.572
