swarm_45_124.pdb	10.030	22.187	0	51.461
swarm_27_17.pdb	9.484	20.885	0	50.078
swarm_42_15.pdb	9.405	19.897	0	46.605
swarm_13_67.pdb	5.606	15.158	0.025	42.694
swarm_32_4.pdb	7.977	13.867	0	42.506
swarm_1_90.pdb	9.645	20.943	0	42.313
swarm_6_47.pdb	7.181	23.207	0.025	42.220
swarm_23_48.pdb	9.449	22.765	0	41.701
swarm_11_64.pdb	6.526	21.606	0.025	41.028
swarm_28_69.pdb	8.820	28.751	0.05	40.950
swarm_30_58.pdb	7.974	21.854	0.2	40.834
swarm_15_14.pdb	6.180	15.273	0.025	40.688
swarm_6_164.pdb	6.011	15.041	0	40.343
swarm_10_76.pdb	5.619	13.965	0.025	40.217
swarm_25_52.pdb	7.889	13.642	0	40.036
swarm_20_30.pdb	6.212	14.889	0	40.020
swarm_39_85.pdb	5.240	12.203	0.075	39.960
swarm_48_127.pdb	8.792	17.846	0	39.895
swarm_8_22.pdb	8.012	24.873	0.025	39.740
swarm_9_38.pdb	8.507	28.838	0.05	39.643
swarm_32_34.pdb	9.941	21.936	0	39.325
swarm_36_193.pdb	7.847	13.951	0	39.136
swarm_31_86.pdb	7.087	12.403	0	37.898
swarm_24_41.pdb	9.337	18.483	0	37.691
swarm_17_108.pdb	8.095	25.750	0.025	37.641
swarm_22_162.pdb	8.285	16.820	0	37.611
swarm_9_159.pdb	6.549	17.378	0	37.470
swarm_41_69.pdb	4.667	11.407	0.375	36.840
swarm_26_157.pdb	3.781	6.070	0.25	36.482
swarm_40_151.pdb	4.428	11.027	0.225	36.447
swarm_44_108.pdb	6.441	22.357	0.125	35.665
swarm_18_63.pdb	4.631	10.426	0.15	35.644
swarm_4_50.pdb	8.157	27.483	0.025	35.143
swarm_25_91.pdb	4.199	9.982	0.425	35.086
swarm_27_25.pdb	4.429	12.091	0.35	34.227
swarm_24_131.pdb	4.578	7.559	0.15	34.122
swarm_22_170.pdb	5.277	16.492	0.075	33.980
swarm_15_55.pdb	5.043	13.557	0.15	33.957
swarm_3_42.pdb	8.994	19.147	0	33.934
swarm_41_58.pdb	6.213	13.265	0	33.229
swarm_14_60.pdb	8.116	14.751	0.075	33.020
swarm_4_102.pdb	8.100	23.775	0	32.923
swarm_9_150.pdb	8.535	27.312	0	32.741
swarm_29_98.pdb	6.219	20.399	0.075	32.159
swarm_17_130.pdb	5.399	15.695	0.025	31.657
swarm_7_73.pdb	5.558	14.676	0.125	31.522
swarm_20_161.pdb	9.168	27.569	0	31.461
swarm_10_117.pdb	8.591	26.887	0	31.219
swarm_18_52.pdb	5.766	13.718	0.05	31.188
swarm_5_7.pdb	6.580	23.083	0.125	30.867
swarm_41_136.pdb	5.979	14.053	0.075	30.865
swarm_44_92.pdb	9.355	23.749	0	30.764
swarm_26_19.pdb	6.091	16.558	0.375	30.753
swarm_22_51.pdb	5.114	8.068	0.075	30.728
swarm_1_192.pdb	7.578	12.519	0	30.649
swarm_18_46.pdb	8.661	15.645	0	30.427
swarm_27_139.pdb	9.016	18.581	0.125	30.424
swarm_14_71.pdb	5.324	13.770	0.375	30.038
swarm_26_45.pdb	4.973	14.616	0.4	29.981
swarm_30_119.pdb	5.810	18.630	0.25	29.601
swarm_26_153.pdb	7.575	12.956	0	29.583
swarm_28_87.pdb	6.756	21.771	0.05	29.165
swarm_13_165.pdb	9.647	19.219	0	29.089
swarm_0_16.pdb	8.358	22.252	0.025	29.029
swarm_4_29.pdb	7.483	22.939	0.025	28.995
swarm_12_58.pdb	9.568	28.311	0	28.648
swarm_6_69.pdb	8.933	25.868	0	28.598
swarm_18_160.pdb	5.303	11.615	0.025	28.495
swarm_37_93.pdb	8.121	29.160	0.025	28.448
swarm_10_103.pdb	8.609	22.973	0	28.269
swarm_29_47.pdb	7.946	26.057	0	27.647
swarm_42_169.pdb	5.834	15.605	0.1	27.586
swarm_15_192.pdb	4.114	7.125	0.2	27.573
swarm_32_65.pdb	4.422	9.700	0.3	27.530
swarm_41_199.pdb	9.164	16.491	0.075	27.317
swarm_40_173.pdb	5.692	19.631	0.175	27.280
swarm_39_42.pdb	7.975	20.788	0	27.020
swarm_13_39.pdb	6.356	18.155	0.075	26.914
swarm_46_25.pdb	12.452	33.068	0	26.128
swarm_40_76.pdb	6.182	21.445	0.075	26.048
swarm_7_50.pdb	4.830	9.699	0.125	26.025
swarm_42_137.pdb	6.713	13.893	0	25.976
swarm_1_50.pdb	9.053	22.246	0.15	25.919
swarm_37_167.pdb	6.498	21.596	0.1	25.863
swarm_7_39.pdb	5.275	10.848	0.375	25.661
swarm_39_188.pdb	6.933	21.300	0.025	25.537
swarm_4_99.pdb	11.156	36.389	0	25.385
swarm_23_101.pdb	7.203	14.155	0.025	25.365
swarm_25_3.pdb	8.767	21.131	0.25	25.310
swarm_17_131.pdb	10.017	19.883	0	25.110
swarm_7_174.pdb	8.383	22.065	0.3	24.997
swarm_7_106.pdb	6.701	22.069	0.125	24.921
swarm_47_131.pdb	8.276	18.526	0	24.886
swarm_6_43.pdb	6.132	13.250	0.025	24.709
swarm_34_156.pdb	9.712	21.623	0	24.309
swarm_20_27.pdb	8.142	26.119	0	24.138
swarm_49_36.pdb	9.686	20.325	0	23.698
swarm_17_26.pdb	9.054	30.488	0	21.839
swarm_32_114.pdb	4.913	14.278	0.45	21.208
swarm_49_77.pdb	12.371	33.833	0	18.311
swarm_22_8.pdb	7.689	19.445	0	16.805
swarm_36_25.pdb	8.671	24.573	0	16.370
swarm_48_138.pdb	8.548	21.713	0	15.780
swarm_47_159.pdb	8.651	27.768	0.1	12.356
swarm_49_24.pdb	8.976	30.771	0	11.580
swarm_1_73.pdb	9.228	24.849	0	11.570
swarm_49_187.pdb	9.364	33.490	0.05	11.368
swarm_34_168.pdb	9.307	26.968	0	9.412
