swarm_4_146.pdb	9.487	18.308	0	34.686
swarm_16_159.pdb	8.969	15.060	0.025	34.486
swarm_0_162.pdb	11.816	42.217	0	32.627
swarm_3_92.pdb	11.361	39.578	0	29.547
swarm_30_160.pdb	11.380	37.610	0	29.324
swarm_3_53.pdb	11.525	37.048	0	29.070
swarm_19_111.pdb	11.961	40.410	0	29.066
swarm_23_25.pdb	12.287	35.980	0	29.055
swarm_18_127.pdb	11.891	41.790	0	28.943
swarm_11_160.pdb	11.749	40.814	0	28.862
swarm_9_137.pdb	12.446	32.521	0	28.403
swarm_0_170.pdb	11.813	42.142	0	28.396
swarm_19_135.pdb	12.846	35.692	0	27.791
swarm_1_69.pdb	10.567	33.213	0	27.344
swarm_33_8.pdb	13.768	28.214	0	27.102
swarm_32_187.pdb	13.301	26.383	0	26.952
swarm_4_153.pdb	9.466	24.483	0	26.822
swarm_13_165.pdb	12.543	42.210	0	26.678
swarm_8_36.pdb	9.902	18.408	0	26.300
swarm_26_86.pdb	13.252	25.231	0	26.222
swarm_7_195.pdb	11.785	21.023	0	26.061
swarm_31_43.pdb	14.496	35.411	0	26.021
swarm_14_95.pdb	12.041	38.179	0	25.442
swarm_22_66.pdb	11.972	42.038	0	25.357
swarm_18_97.pdb	12.349	35.693	0	25.342
swarm_11_143.pdb	13.889	51.762	0	25.295
swarm_27_167.pdb	12.398	20.962	0	25.114
swarm_2_134.pdb	11.986	19.869	0	24.891
swarm_28_65.pdb	10.075	34.255	0	24.842
swarm_21_98.pdb	12.038	21.734	0	24.560
swarm_11_79.pdb	12.192	43.381	0	24.237
swarm_16_150.pdb	11.968	22.504	0	24.192
swarm_8_29.pdb	11.836	19.280	0	23.895
swarm_16_68.pdb	9.842	17.907	0	22.969
swarm_4_46.pdb	13.579	28.613	0	22.691
swarm_26_19.pdb	15.658	33.651	0	22.620
swarm_19_141.pdb	12.405	30.784	0	22.620
swarm_15_19.pdb	13.738	27.721	0	22.413
swarm_27_106.pdb	9.533	21.042	0	22.333
swarm_2_103.pdb	12.502	22.807	0	22.132
swarm_2_81.pdb	9.417	16.853	0	21.916
swarm_10_65.pdb	10.141	30.883	0	21.866
swarm_10_165.pdb	12.943	30.425	0	21.831
swarm_19_192.pdb	12.950	39.419	0	21.368
swarm_23_86.pdb	12.314	37.031	0	21.341
swarm_32_82.pdb	10.702	35.935	0	21.265
swarm_2_117.pdb	11.226	19.205	0	21.149
swarm_28_168.pdb	11.206	37.261	0	21.044
swarm_30_38.pdb	14.016	30.445	0	20.952
swarm_14_25.pdb	13.892	31.839	0	20.786
swarm_26_40.pdb	13.687	29.686	0	20.419
swarm_23_185.pdb	13.861	29.871	0	20.240
swarm_1_34.pdb	12.603	40.411	0	20.017
swarm_32_118.pdb	9.016	34.356	0.025	20.014
swarm_8_33.pdb	12.592	21.851	0	19.552
swarm_33_144.pdb	11.297	18.654	0	19.551
swarm_19_107.pdb	12.846	41.443	0	19.274
swarm_5_167.pdb	12.262	24.707	0	19.263
swarm_10_1.pdb	11.056	31.465	0	18.949
swarm_28_45.pdb	12.512	27.879	0	18.925
swarm_17_50.pdb	9.989	17.903	0	18.482
swarm_26_135.pdb	11.178	33.010	0	18.438
swarm_8_22.pdb	12.114	24.260	0	18.413
swarm_9_67.pdb	14.896	40.613	0	18.407
swarm_2_186.pdb	10.642	17.718	0	18.405
swarm_26_74.pdb	10.724	19.596	0	18.061
swarm_18_92.pdb	13.757	40.755	0	17.682
swarm_8_5.pdb	13.779	24.164	0	17.659
swarm_14_20.pdb	12.384	36.924	0	17.577
swarm_31_184.pdb	13.933	29.033	0	17.572
swarm_16_49.pdb	14.342	24.568	0	17.457
swarm_25_15.pdb	14.707	44.911	0	17.176
swarm_27_86.pdb	14.722	25.102	0	16.991
swarm_4_124.pdb	10.214	27.427	0	16.894
swarm_2_153.pdb	14.402	24.678	0	16.568
swarm_8_165.pdb	10.137	18.937	0	16.084
swarm_10_188.pdb	14.884	34.225	0	15.944
swarm_6_192.pdb	13.965	29.419	0	15.728
swarm_5_132.pdb	12.590	25.919	0	15.708
swarm_27_96.pdb	12.078	25.197	0	15.551
swarm_10_120.pdb	12.478	25.507	0	15.405
swarm_18_82.pdb	12.619	32.755	0	15.322
swarm_28_101.pdb	13.992	31.910	0	15.277
swarm_1_67.pdb	14.977	44.760	0	15.264
swarm_16_168.pdb	12.270	19.630	0	15.118
swarm_4_81.pdb	14.108	26.916	0	15.075
swarm_9_153.pdb	13.073	40.365	0	15.001
swarm_9_141.pdb	10.983	29.380	0	14.944
swarm_31_188.pdb	14.728	32.385	0	14.577
swarm_5_22.pdb	12.110	19.547	0	14.372
swarm_20_8.pdb	12.099	24.334	0	14.344
swarm_12_36.pdb	12.233	23.345	0	14.152
swarm_26_194.pdb	10.712	28.716	0	14.015
swarm_32_89.pdb	14.105	33.491	0	13.981
swarm_23_193.pdb	12.716	31.097	0	13.976
swarm_5_103.pdb	14.236	23.995	0	13.931
swarm_17_86.pdb	10.013	15.972	0	13.827
swarm_20_39.pdb	13.824	27.005	0	13.708
swarm_19_169.pdb	15.089	44.365	0	13.517
swarm_17_88.pdb	12.462	24.928	0	13.242
swarm_14_56.pdb	14.427	28.183	0	12.784
swarm_32_189.pdb	14.546	31.375	0	12.749
swarm_17_177.pdb	10.893	19.390	0	11.995
swarm_26_113.pdb	13.848	24.364	0	11.890
swarm_13_51.pdb	10.925	35.800	0	11.820
swarm_21_157.pdb	12.471	22.255	0	8.744
swarm_25_25.pdb	10.927	29.309	0	7.287
swarm_3_162.pdb	12.551	40.928	0	7.250
swarm_12_16.pdb	8.643	20.446	0.075	5.910
swarm_30_109.pdb	11.256	35.115	0	5.761
