swarm_4_61.pdb	4.748	23.145	0.384615	41.384
swarm_1_152.pdb	6.662	31.484	0.307692	40.938
swarm_17_74.pdb	6.786	35.139	0.192308	39.795
swarm_6_95.pdb	7.634	31.527	0.0384615	37.304
swarm_15_99.pdb	5.410	30.134	0.346154	37.254
swarm_0_29.pdb	5.560	28.516	0.307692	36.484
swarm_12_95.pdb	7.039	35.362	0.192308	36.305
swarm_7_78.pdb	6.117	31.332	0.269231	34.780
swarm_11_143.pdb	2.321	5.559	0.692308	33.963
swarm_12_22.pdb	5.378	23.788	0.153846	33.686
swarm_9_167.pdb	2.398	7.203	0.538462	33.276
swarm_18_34.pdb	4.083	19.115	0.615385	32.656
swarm_13_34.pdb	1.350	3.690	0.846154	31.597
swarm_1_195.pdb	8.378	39.280	0.115385	31.410
swarm_7_196.pdb	4.969	23.878	0.576923	31.325
swarm_9_136.pdb	2.021	7.556	0.846154	31.289
swarm_4_194.pdb	6.171	30.991	0.346154	31.013
swarm_10_42.pdb	2.282	9.150	0.692308	30.797
swarm_18_12.pdb	4.780	24.637	0.423077	30.162
swarm_11_164.pdb	4.578	18.109	0.115385	30.092
swarm_10_115.pdb	1.505	10.700	0.538462	29.444
swarm_10_25.pdb	3.592	10.682	0.153846	29.370
swarm_11_54.pdb	2.867	13.042	0.615385	29.227
swarm_7_153.pdb	6.930	26.919	0.0384615	28.782
swarm_9_124.pdb	4.320	17.516	0.153846	28.600
swarm_7_105.pdb	8.195	38.622	0.230769	28.345
swarm_12_115.pdb	6.931	29.123	0	28.265
swarm_16_129.pdb	3.146	17.027	0.538462	27.893
swarm_17_75.pdb	6.690	30.223	0.153846	27.605
swarm_17_172.pdb	9.344	42.775	0.0384615	27.480
swarm_17_123.pdb	7.795	34.520	0.0384615	27.215
swarm_8_151.pdb	5.204	27.519	0.5	27.207
swarm_4_198.pdb	6.743	26.534	0.0384615	27.082
swarm_6_153.pdb	7.290	30.841	0.0769231	26.831
swarm_1_159.pdb	7.015	28.157	0.0384615	26.074
swarm_6_144.pdb	6.842	26.819	0.0384615	25.968
swarm_8_96.pdb	4.537	22.973	0.384615	25.525
swarm_18_97.pdb	5.472	30.042	0.307692	25.439
swarm_5_90.pdb	4.351	21.324	0.307692	25.251
swarm_14_92.pdb	3.845	18.731	0.384615	25.081
swarm_18_123.pdb	4.557	16.244	0.153846	24.931
swarm_15_127.pdb	5.702	28.643	0.192308	24.258
swarm_13_10.pdb	3.244	16.467	0.307692	24.134
swarm_1_92.pdb	6.982	32.873	0.0769231	24.062
swarm_12_57.pdb	6.190	28.703	0.0769231	24.032
swarm_18_41.pdb	4.728	16.135	0.115385	23.626
swarm_12_26.pdb	7.440	30.223	0	23.040
swarm_0_178.pdb	5.255	27.754	0.230769	22.962
swarm_2_132.pdb	5.120	25.624	0.230769	22.892
swarm_5_111.pdb	6.030	24.881	0.0769231	22.464
swarm_8_11.pdb	4.468	18.007	0.115385	21.871
swarm_1_124.pdb	8.118	37.433	0	21.756
swarm_16_1.pdb	4.273	20.446	0.230769	21.706
swarm_0_21.pdb	5.257	22.559	0.153846	21.275
swarm_0_162.pdb	5.160	13.809	0.115385	21.183
swarm_15_10.pdb	6.129	33.732	0.5	20.058
swarm_3_135.pdb	6.733	34.376	0	20.045
swarm_0_140.pdb	8.692	30.901	0	19.970
swarm_16_72.pdb	4.913	20.977	0.0769231	19.887
swarm_5_2.pdb	4.852	28.731	0.307692	19.805
swarm_6_10.pdb	7.501	37.822	0.0769231	19.653
swarm_0_106.pdb	4.905	22.882	0.230769	19.297
swarm_2_103.pdb	6.680	34.585	0	18.681
swarm_8_164.pdb	6.348	30.178	0.0384615	17.849
swarm_14_9.pdb	5.573	29.382	0.269231	17.725
swarm_13_105.pdb	5.176	18.933	0.0384615	17.401
swarm_14_41.pdb	7.835	28.588	0	17.071
swarm_15_30.pdb	5.994	30.092	0.0769231	16.991
swarm_12_74.pdb	9.197	24.890	0	16.357
swarm_10_160.pdb	9.750	17.122	0	15.653
swarm_12_129.pdb	9.111	30.150	0	15.351
swarm_2_75.pdb	7.418	22.826	0	14.844
swarm_17_52.pdb	9.206	32.750	0	14.354
swarm_1_30.pdb	6.934	34.210	0.0769231	13.668
swarm_15_54.pdb	4.895	20.366	0.153846	12.063
swarm_3_119.pdb	9.802	37.911	0	11.942
swarm_16_17.pdb	7.078	22.180	0.0769231	10.009
swarm_8_144.pdb	9.498	29.105	0	9.575
swarm_11_165.pdb	7.218	19.385	0.115385	7.433
swarm_0_158.pdb	4.723	14.965	0.269231	7.113
swarm_16_196.pdb	5.620	16.302	0	2.945
swarm_11_29.pdb	9.342	19.275	0	0.677
