swarm_8_124.pdb	3.224	12.210	0.615385	46.416
swarm_5_51.pdb	5.429	26.097	0.461538	46.306
swarm_1_114.pdb	4.234	19.777	0.576923	45.122
swarm_0_1.pdb	3.951	18.070	0.576923	44.249
swarm_2_96.pdb	2.830	7.942	0.615385	43.378
swarm_3_135.pdb	5.281	27.876	0.384615	43.187
swarm_6_60.pdb	5.749	30.508	0.384615	43.033
swarm_9_66.pdb	5.533	31.080	0.346154	42.827
swarm_4_95.pdb	2.716	7.508	0.615385	42.272
swarm_7_131.pdb	5.612	32.343	0.346154	42.265
swarm_7_169.pdb	5.156	27.222	0.461538	42.064
swarm_6_72.pdb	5.132	27.856	0.346154	41.957
swarm_1_17.pdb	5.299	25.691	0.269231	41.679
swarm_1_141.pdb	5.731	32.358	0.307692	41.484
swarm_3_57.pdb	5.470	31.557	0.346154	41.284
swarm_7_107.pdb	8.226	38.440	0.192308	39.709
swarm_5_133.pdb	4.904	27.509	0.346154	38.936
swarm_4_31.pdb	4.796	26.791	0.346154	38.609
swarm_3_34.pdb	3.421	15.879	0.615385	38.565
swarm_8_40.pdb	2.320	7.067	0.769231	37.806
swarm_5_69.pdb	2.786	10.276	0.615385	37.724
swarm_9_181.pdb	3.955	20.413	0.461538	36.243
swarm_0_161.pdb	3.895	20.364	0.423077	36.155
swarm_6_3.pdb	8.677	41.482	0.115385	35.674
swarm_1_115.pdb	6.398	22.356	0.0384615	34.874
swarm_1_182.pdb	8.360	38.321	0.0769231	34.301
swarm_5_188.pdb	6.841	26.734	0.0384615	34.093
swarm_3_122.pdb	6.880	27.436	0.0384615	33.940
swarm_2_99.pdb	3.994	20.255	0.384615	32.794
swarm_6_153.pdb	6.925	27.690	0.0384615	31.766
swarm_2_127.pdb	2.625	11.224	0.423077	30.640
swarm_0_40.pdb	2.803	11.846	0.423077	29.982
swarm_8_11.pdb	4.170	14.068	0.115385	29.425
swarm_4_154.pdb	3.670	17.493	0.384615	28.495
swarm_0_192.pdb	5.670	15.820	0.0384615	26.891
swarm_0_95.pdb	2.444	6.818	0.307692	26.241
swarm_6_38.pdb	8.246	38.340	0.0384615	24.559
swarm_9_118.pdb	4.016	16.345	0.576923	22.005
swarm_9_33.pdb	7.109	30.252	0	21.592
swarm_8_147.pdb	5.993	18.224	0.0384615	21.157
swarm_9_54.pdb	8.069	36.948	0.0769231	14.482
swarm_3_145.pdb	8.081	36.439	0.0769231	13.364
swarm_7_165.pdb	8.320	39.631	0.153846	2.999
