swarm_28_21.pdb	13.353	27.230	0.192308	38.772
swarm_5_72.pdb	10.692	15.489	0	31.481
swarm_29_152.pdb	12.864	27.670	0	31.212
swarm_3_13.pdb	9.210	26.941	0.0384615	29.586
swarm_28_173.pdb	12.491	24.145	0	29.290
swarm_30_197.pdb	9.140	22.188	0.115385	28.512
swarm_18_146.pdb	12.410	33.916	0	28.367
swarm_19_161.pdb	14.960	35.624	0	28.175
swarm_5_113.pdb	16.532	35.343	0	27.970
swarm_18_117.pdb	9.353	26.613	0	27.680
swarm_21_116.pdb	12.124	33.014	0	27.262
swarm_0_95.pdb	13.030	30.889	0.0769231	26.921
swarm_18_69.pdb	9.176	32.538	0	26.878
swarm_25_107.pdb	12.144	23.453	0.192308	26.601
swarm_28_12.pdb	13.132	35.703	0	26.332
swarm_7_96.pdb	10.542	31.047	0.153846	26.331
swarm_18_47.pdb	15.148	27.186	0	26.202
swarm_18_171.pdb	10.114	31.876	0	26.103
swarm_14_10.pdb	13.349	38.550	0	26.080
swarm_13_53.pdb	9.567	36.702	0.153846	26.019
swarm_3_160.pdb	13.892	43.470	0	25.925
swarm_15_68.pdb	15.258	36.296	0	25.846
swarm_24_145.pdb	10.583	14.678	0	25.749
swarm_12_195.pdb	10.804	32.732	0	25.747
swarm_30_137.pdb	10.915	22.922	0	25.516
swarm_5_164.pdb	15.902	34.616	0	25.483
swarm_4_47.pdb	12.915	33.643	0	25.225
swarm_16_92.pdb	13.280	40.526	0.0384615	25.120
swarm_12_171.pdb	16.682	44.630	0	24.910
swarm_29_95.pdb	14.830	27.023	0	24.909
swarm_7_24.pdb	15.803	34.187	0	24.873
swarm_18_67.pdb	7.674	34.592	0.307692	24.841
swarm_16_46.pdb	11.530	18.122	0	24.833
swarm_33_194.pdb	15.945	43.733	0	24.734
swarm_21_124.pdb	10.801	38.986	0.192308	24.523
swarm_10_199.pdb	17.828	33.169	0	24.495
swarm_24_142.pdb	17.181	35.175	0	24.327
swarm_20_168.pdb	10.880	39.216	0.0384615	24.278
swarm_7_131.pdb	8.533	34.554	0.192308	24.083
swarm_9_105.pdb	14.135	47.322	0.153846	23.873
swarm_14_40.pdb	17.939	37.922	0	23.776
swarm_8_41.pdb	12.456	32.223	0	23.734
swarm_30_109.pdb	17.314	34.613	0	23.731
swarm_7_136.pdb	10.957	26.505	0	23.681
swarm_14_6.pdb	13.319	39.210	0	23.660
swarm_24_149.pdb	11.683	26.250	0	23.659
swarm_6_169.pdb	11.393	23.263	0	23.626
swarm_2_104.pdb	15.125	32.470	0	23.567
swarm_17_102.pdb	14.162	37.633	0	23.537
swarm_15_135.pdb	15.891	43.261	0	23.488
swarm_8_26.pdb	16.100	31.534	0	23.447
swarm_8_140.pdb	12.136	29.428	0	23.342
swarm_24_185.pdb	11.205	18.156	0	23.315
swarm_10_190.pdb	15.451	34.311	0	23.214
swarm_3_87.pdb	14.259	24.048	0	23.183
swarm_21_92.pdb	14.689	27.624	0	23.158
swarm_33_24.pdb	16.774	34.966	0	23.133
swarm_16_38.pdb	5.280	23.763	0.0769231	23.083
swarm_24_142.pdb	15.406	23.442	0	23.026
swarm_20_87.pdb	9.192	33.149	0.269231	23.004
swarm_17_39.pdb	12.950	24.575	0	22.936
swarm_4_36.pdb	9.312	23.818	0.0384615	22.906
swarm_2_164.pdb	11.513	35.962	0.0769231	22.766
swarm_1_161.pdb	16.011	41.966	0	22.766
swarm_24_50.pdb	9.719	28.362	0.0769231	22.630
swarm_18_48.pdb	14.457	33.706	0	22.614
swarm_28_147.pdb	9.635	27.306	0.115385	22.419
swarm_21_76.pdb	16.460	34.891	0	22.387
swarm_7_81.pdb	10.321	36.625	0	22.364
swarm_9_102.pdb	9.522	26.883	0	22.358
swarm_21_144.pdb	11.594	41.570	0	22.278
swarm_24_87.pdb	13.705	38.374	0	22.261
swarm_21_61.pdb	12.384	32.333	0	22.247
swarm_29_120.pdb	11.828	27.232	0	22.210
swarm_24_120.pdb	8.151	18.358	0	22.202
swarm_28_99.pdb	17.537	37.065	0	22.191
swarm_34_179.pdb	16.644	31.683	0	22.145
swarm_3_131.pdb	16.602	44.255	0	22.140
swarm_14_122.pdb	12.772	44.968	0	22.121
swarm_2_165.pdb	13.407	27.048	0	22.109
swarm_7_100.pdb	10.522	41.882	0	22.076
swarm_29_13.pdb	6.636	24.465	0.153846	22.071
swarm_20_145.pdb	8.575	41.536	0	22.019
swarm_8_9.pdb	15.828	35.605	0	21.982
swarm_14_78.pdb	12.127	33.809	0.0769231	21.965
swarm_32_46.pdb	13.867	37.033	0	21.928
swarm_20_79.pdb	14.526	43.211	0	21.878
swarm_24_81.pdb	12.169	32.619	0	21.875
swarm_2_19.pdb	9.474	31.940	0	21.868
swarm_26_156.pdb	11.069	27.475	0	21.812
swarm_10_171.pdb	16.627	33.800	0	21.773
swarm_6_39.pdb	11.231	19.239	0	21.758
swarm_20_23.pdb	17.429	35.650	0	21.728
swarm_4_66.pdb	13.059	36.775	0	21.629
swarm_8_179.pdb	12.995	33.858	0	21.608
swarm_24_116.pdb	15.423	36.259	0	21.574
swarm_10_105.pdb	8.359	26.823	0.0769231	21.483
swarm_18_91.pdb	15.267	20.953	0	21.478
swarm_10_180.pdb	13.595	29.460	0	21.460
swarm_8_149.pdb	11.284	33.652	0	21.452
swarm_10_42.pdb	13.238	28.685	0	21.426
swarm_28_151.pdb	18.290	36.260	0	21.401
swarm_2_136.pdb	16.880	32.507	0	21.359
swarm_10_115.pdb	10.279	31.653	0.192308	21.337
swarm_18_130.pdb	11.820	26.688	0	21.328
swarm_1_61.pdb	10.122	34.152	0.192308	21.280
swarm_26_131.pdb	8.942	42.232	0.230769	21.271
swarm_16_30.pdb	14.958	28.810	0	21.186
swarm_19_90.pdb	7.485	35.474	0.192308	21.142
swarm_3_161.pdb	9.742	28.217	0.0384615	21.108
swarm_25_198.pdb	17.644	37.796	0	21.081
swarm_29_129.pdb	9.429	24.949	0.0769231	21.058
swarm_27_122.pdb	16.796	42.299	0	21.046
swarm_21_135.pdb	12.739	32.701	0	21.003
swarm_21_118.pdb	10.340	31.019	0	20.979
swarm_15_161.pdb	9.826	16.324	0	20.960
swarm_22_115.pdb	16.688	34.932	0	20.930
swarm_24_120.pdb	16.858	34.563	0	20.895
swarm_7_95.pdb	17.358	35.851	0	20.848
swarm_17_96.pdb	13.367	38.042	0	20.826
swarm_3_122.pdb	16.990	43.607	0	20.780
swarm_34_78.pdb	14.683	24.924	0	20.766
swarm_8_20.pdb	15.497	36.046	0	20.721
swarm_7_49.pdb	17.614	34.705	0	20.711
swarm_27_67.pdb	9.984	43.415	0.115385	20.692
swarm_24_195.pdb	14.674	30.662	0.0384615	20.589
swarm_4_194.pdb	8.602	33.834	0.0384615	20.570
swarm_4_21.pdb	11.566	34.820	0.0769231	20.524
swarm_17_71.pdb	14.815	25.500	0	20.523
swarm_6_182.pdb	7.625	24.348	0.0769231	20.511
swarm_21_47.pdb	12.770	40.381	0.0384615	20.420
swarm_28_101.pdb	16.833	36.980	0	20.336
swarm_20_75.pdb	17.977	33.863	0	20.336
swarm_6_50.pdb	8.638	36.377	0	20.328
swarm_15_67.pdb	14.122	38.852	0	20.310
swarm_12_21.pdb	18.702	37.558	0	20.309
swarm_22_70.pdb	8.827	21.208	0.0384615	20.287
swarm_22_191.pdb	15.687	32.876	0	20.252
swarm_4_132.pdb	13.363	29.139	0	20.245
swarm_25_108.pdb	15.807	29.726	0	20.169
swarm_1_182.pdb	14.830	39.011	0	20.155
swarm_34_71.pdb	16.821	29.137	0	20.136
swarm_8_167.pdb	7.618	38.021	0	20.134
swarm_15_145.pdb	17.188	48.317	0	20.104
swarm_13_156.pdb	13.259	40.712	0.153846	20.020
swarm_24_170.pdb	16.492	29.316	0	20.014
swarm_23_23.pdb	6.625	26.718	0.153846	20.007
swarm_16_33.pdb	13.584	42.078	0	19.997
swarm_29_44.pdb	15.985	36.022	0	19.963
swarm_32_29.pdb	11.594	27.050	0	19.961
swarm_0_129.pdb	6.854	29.296	0.192308	19.927
swarm_21_88.pdb	11.487	27.117	0.0769231	19.899
swarm_29_193.pdb	4.515	11.647	0.192308	19.847
swarm_13_124.pdb	18.847	41.517	0	19.846
swarm_33_125.pdb	15.649	38.801	0	19.811
swarm_3_80.pdb	16.312	36.139	0	19.800
swarm_4_185.pdb	14.131	43.431	0	19.770
swarm_3_55.pdb	11.900	25.746	0	19.769
swarm_29_38.pdb	10.894	21.989	0	19.751
swarm_8_68.pdb	16.401	44.038	0	19.710
swarm_24_45.pdb	11.272	40.369	0	19.705
swarm_22_137.pdb	13.059	27.935	0.0384615	19.673
swarm_6_130.pdb	14.308	27.536	0	19.672
swarm_21_165.pdb	12.659	28.984	0	19.646
swarm_21_150.pdb	8.175	18.990	0.0769231	19.601
swarm_17_184.pdb	9.904	26.348	0.115385	19.587
swarm_4_113.pdb	14.208	34.356	0	19.573
swarm_4_166.pdb	11.674	18.270	0	19.482
swarm_33_166.pdb	14.447	32.853	0	19.456
swarm_22_84.pdb	13.074	28.460	0	19.434
swarm_34_99.pdb	8.470	16.556	0	19.396
swarm_10_77.pdb	12.419	39.551	0	19.377
swarm_18_85.pdb	9.168	24.694	0	19.375
swarm_34_59.pdb	10.866	26.056	0.0384615	19.371
swarm_14_53.pdb	14.228	39.578	0	19.351
swarm_17_75.pdb	8.597	24.209	0.0769231	19.347
swarm_13_183.pdb	17.788	48.372	0	19.343
swarm_6_134.pdb	14.431	38.802	0	19.334
swarm_16_66.pdb	16.986	34.318	0	19.328
swarm_4_125.pdb	15.267	36.328	0	19.309
swarm_25_132.pdb	11.343	45.777	0	19.160
swarm_18_151.pdb	14.185	36.869	0	19.155
swarm_29_61.pdb	12.999	32.594	0.115385	19.133
swarm_8_47.pdb	15.851	29.638	0	19.087
swarm_26_116.pdb	15.211	36.779	0	19.080
swarm_14_149.pdb	5.699	33.220	0.346154	19.038
swarm_28_154.pdb	12.949	18.421	0	19.023
swarm_10_127.pdb	17.318	33.535	0	18.987
swarm_4_48.pdb	11.132	25.555	0.0769231	18.985
swarm_16_153.pdb	8.236	18.826	0	18.952
swarm_15_188.pdb	8.262	32.320	0	18.883
swarm_0_185.pdb	10.268	30.069	0.153846	18.872
swarm_5_150.pdb	13.413	24.356	0	18.867
swarm_2_135.pdb	15.933	36.853	0	18.856
swarm_17_130.pdb	14.225	31.878	0	18.831
swarm_6_139.pdb	18.249	30.208	0	18.725
swarm_4_9.pdb	12.587	23.292	0	18.683
swarm_13_174.pdb	7.357	40.790	0.230769	18.664
swarm_27_161.pdb	13.790	34.169	0	18.660
swarm_11_126.pdb	9.459	16.381	0	18.650
swarm_24_8.pdb	15.708	38.966	0	18.647
swarm_13_35.pdb	16.860	44.733	0	18.590
swarm_8_142.pdb	13.747	19.404	0	18.589
swarm_33_11.pdb	16.323	44.781	0	18.574
swarm_11_160.pdb	13.589	33.390	0.0384615	18.556
swarm_15_55.pdb	16.183	50.986	0	18.553
swarm_26_192.pdb	13.029	19.623	0	18.552
swarm_19_195.pdb	15.627	37.525	0	18.550
swarm_21_147.pdb	14.493	31.377	0	18.529
swarm_7_128.pdb	12.723	32.354	0	18.516
swarm_21_114.pdb	16.756	36.235	0	18.516
swarm_3_51.pdb	11.186	44.164	0.0384615	18.490
swarm_4_83.pdb	11.241	22.640	0	18.488
swarm_0_66.pdb	14.597	40.933	0	18.475
swarm_13_133.pdb	17.621	40.875	0	18.460
swarm_29_90.pdb	6.684	25.052	0	18.449
swarm_25_43.pdb	16.827	37.074	0	18.430
swarm_9_14.pdb	7.723	30.127	0	18.378
swarm_10_158.pdb	1.502	5.131	0.5	18.344
swarm_19_194.pdb	10.018	39.769	0.0384615	18.311
swarm_6_124.pdb	12.748	24.438	0	18.300
swarm_16_63.pdb	13.733	29.908	0	18.297
swarm_9_140.pdb	12.699	30.358	0	18.279
swarm_5_23.pdb	8.309	25.726	0.0384615	18.275
swarm_8_149.pdb	5.253	14.764	0.0384615	18.227
swarm_11_84.pdb	15.371	21.558	0.0769231	18.222
swarm_1_2.pdb	15.579	37.566	0	18.198
swarm_22_89.pdb	12.913	29.797	0.0384615	18.187
swarm_10_79.pdb	6.268	21.699	0.0769231	18.165
swarm_10_64.pdb	12.907	32.974	0	18.158
swarm_26_118.pdb	11.750	27.765	0	18.144
swarm_22_93.pdb	11.141	36.260	0	18.143
swarm_4_138.pdb	10.107	19.422	0.0769231	18.103
swarm_6_97.pdb	3.550	11.731	0.230769	18.078
swarm_16_97.pdb	14.568	29.343	0	18.010
swarm_11_65.pdb	18.362	42.693	0	17.977
swarm_23_62.pdb	10.182	36.723	0	17.963
swarm_1_50.pdb	18.021	34.833	0	17.949
swarm_9_84.pdb	16.251	37.763	0	17.791
swarm_14_126.pdb	14.614	45.008	0	17.791
swarm_0_90.pdb	17.002	40.203	0	17.778
swarm_28_162.pdb	12.103	27.138	0.0384615	17.761
swarm_9_77.pdb	14.936	37.366	0	17.738
swarm_2_90.pdb	11.325	37.971	0	17.718
swarm_4_184.pdb	15.346	32.087	0.0384615	17.707
swarm_12_160.pdb	13.143	41.051	0	17.655
swarm_11_164.pdb	10.666	18.971	0	17.637
swarm_25_95.pdb	11.112	25.661	0	17.612
swarm_26_167.pdb	16.535	33.187	0	17.567
swarm_6_115.pdb	16.101	41.129	0	17.564
swarm_25_105.pdb	14.570	42.627	0	17.556
swarm_2_44.pdb	13.419	33.918	0	17.535
swarm_24_146.pdb	8.240	27.358	0	17.535
swarm_19_117.pdb	15.760	41.962	0	17.531
swarm_19_51.pdb	14.769	28.894	0	17.528
swarm_11_104.pdb	15.427	40.423	0	17.487
swarm_25_168.pdb	12.450	23.539	0	17.458
swarm_14_123.pdb	15.588	47.617	0	17.432
swarm_13_186.pdb	15.830	46.216	0	17.403
swarm_34_39.pdb	11.946	31.920	0	17.401
swarm_27_13.pdb	13.521	33.136	0	17.378
swarm_9_56.pdb	16.261	36.378	0	17.351
swarm_6_29.pdb	14.026	40.891	0	17.335
swarm_6_65.pdb	12.890	23.227	0	17.328
swarm_29_38.pdb	15.740	37.493	0	17.325
swarm_1_137.pdb	13.335	43.285	0.115385	17.319
swarm_12_164.pdb	15.297	27.962	0	17.286
swarm_23_115.pdb	11.387	34.407	0	17.276
swarm_29_179.pdb	9.782	28.858	0	17.253
swarm_28_195.pdb	16.164	32.000	0	17.249
swarm_3_148.pdb	13.116	19.603	0	17.247
swarm_26_78.pdb	10.730	16.176	0	17.235
swarm_3_136.pdb	15.548	28.480	0	17.232
swarm_16_16.pdb	12.382	27.867	0	17.215
swarm_4_96.pdb	15.327	22.834	0.0384615	17.204
swarm_22_158.pdb	7.946	22.980	0	17.188
swarm_2_111.pdb	12.321	33.830	0.0769231	17.174
swarm_9_96.pdb	13.250	37.608	0	17.158
swarm_20_160.pdb	9.561	37.472	0.0769231	17.141
swarm_21_14.pdb	15.821	40.455	0	17.135
swarm_7_62.pdb	8.128	31.816	0.153846	17.101
swarm_6_115.pdb	6.229	22.788	0.192308	17.093
swarm_2_138.pdb	14.298	27.318	0	17.067
swarm_17_24.pdb	16.836	27.576	0	17.061
swarm_4_142.pdb	10.310	28.608	0.0384615	17.048
swarm_7_170.pdb	12.015	30.671	0	17.041
swarm_34_33.pdb	14.651	30.688	0	17.038
swarm_29_196.pdb	15.239	25.320	0	17.008
swarm_7_145.pdb	15.630	43.477	0	16.939
swarm_7_174.pdb	14.622	42.702	0	16.936
swarm_14_59.pdb	16.187	41.895	0	16.919
swarm_11_43.pdb	13.007	16.490	0	16.900
swarm_19_86.pdb	14.131	38.050	0	16.896
swarm_19_163.pdb	18.094	38.549	0	16.885
swarm_29_0.pdb	12.834	31.641	0	16.883
swarm_27_136.pdb	14.269	27.908	0	16.847
swarm_9_28.pdb	13.920	46.802	0.0384615	16.825
swarm_17_136.pdb	13.707	21.602	0	16.823
swarm_22_103.pdb	16.906	36.687	0	16.804
swarm_25_144.pdb	12.568	51.260	0.0384615	16.802
swarm_8_7.pdb	14.905	32.507	0	16.798
swarm_16_105.pdb	12.878	32.348	0	16.795
swarm_28_154.pdb	6.379	22.939	0.0384615	16.792
swarm_32_76.pdb	11.184	22.429	0	16.787
swarm_28_48.pdb	12.860	23.991	0.0769231	16.750
swarm_13_143.pdb	15.768	45.583	0	16.730
swarm_18_74.pdb	10.967	30.409	0.0384615	16.699
swarm_23_31.pdb	11.167	35.335	0	16.693
swarm_13_119.pdb	16.517	36.382	0	16.689
swarm_7_160.pdb	11.575	36.850	0.115385	16.680
swarm_4_33.pdb	15.229	31.787	0	16.680
swarm_0_173.pdb	15.241	36.508	0	16.635
swarm_28_91.pdb	12.106	29.735	0	16.623
swarm_27_20.pdb	7.252	33.826	0.269231	16.617
swarm_26_62.pdb	15.689	37.882	0	16.593
swarm_11_92.pdb	12.436	23.777	0	16.550
swarm_10_148.pdb	13.892	31.778	0	16.549
swarm_10_152.pdb	10.591	29.520	0.115385	16.516
swarm_26_25.pdb	15.245	28.087	0	16.509
swarm_29_114.pdb	15.252	33.724	0	16.480
swarm_33_96.pdb	15.962	37.054	0	16.472
swarm_1_132.pdb	10.600	25.483	0	16.427
swarm_6_108.pdb	12.956	30.737	0.0384615	16.421
swarm_20_194.pdb	14.092	48.998	0.115385	16.415
swarm_22_55.pdb	13.376	32.410	0	16.399
swarm_3_184.pdb	13.118	29.595	0	16.389
swarm_5_9.pdb	17.562	38.473	0	16.363
swarm_10_81.pdb	14.468	28.977	0	16.360
swarm_17_162.pdb	13.254	30.730	0	16.338
swarm_22_24.pdb	6.306	23.620	0	16.323
swarm_22_81.pdb	9.189	24.516	0	16.304
swarm_29_54.pdb	14.640	39.245	0	16.303
swarm_11_130.pdb	15.720	35.773	0	16.293
swarm_6_102.pdb	10.157	36.913	0.0384615	16.291
swarm_15_36.pdb	15.887	33.850	0	16.250
swarm_9_176.pdb	12.967	51.065	0.0384615	16.241
swarm_13_64.pdb	15.677	41.043	0	16.229
swarm_23_22.pdb	11.363	47.098	0.115385	16.227
swarm_15_170.pdb	11.573	44.452	0	16.201
swarm_0_187.pdb	18.175	38.462	0	16.166
swarm_18_118.pdb	12.783	32.164	0	16.155
swarm_6_195.pdb	17.459	36.190	0	16.131
swarm_17_53.pdb	16.968	31.774	0	16.091
swarm_2_176.pdb	14.735	27.446	0	16.082
swarm_17_181.pdb	4.140	14.214	0.153846	16.082
swarm_13_84.pdb	15.079	37.567	0	16.068
swarm_10_62.pdb	12.158	41.414	0.153846	16.047
swarm_24_119.pdb	13.014	21.919	0	16.036
swarm_12_121.pdb	18.726	40.096	0	16.035
swarm_29_39.pdb	12.076	24.795	0	16.033
swarm_4_9.pdb	9.381	34.940	0	16.019
swarm_3_49.pdb	13.132	32.781	0	16.018
swarm_7_104.pdb	13.505	34.483	0	15.996
swarm_9_61.pdb	9.727	31.481	0.153846	15.988
swarm_24_128.pdb	8.570	21.568	0.0384615	15.965
swarm_22_117.pdb	15.116	35.517	0	15.953
swarm_22_36.pdb	16.669	30.075	0	15.932
swarm_31_193.pdb	19.366	44.547	0	15.923
swarm_19_50.pdb	11.742	41.558	0.0384615	15.919
swarm_30_49.pdb	8.878	19.542	0	15.910
swarm_0_3.pdb	16.919	33.715	0	15.909
swarm_7_145.pdb	13.869	43.529	0	15.908
swarm_17_175.pdb	13.907	17.864	0	15.883
swarm_21_18.pdb	12.443	33.876	0	15.878
swarm_11_17.pdb	8.567	19.084	0	15.864
swarm_21_13.pdb	11.851	42.540	0	15.851
swarm_21_72.pdb	17.147	41.678	0	15.826
swarm_8_90.pdb	14.587	40.140	0	15.766
swarm_5_127.pdb	14.828	33.110	0.0384615	15.753
swarm_11_96.pdb	16.573	44.725	0	15.747
swarm_17_155.pdb	4.549	14.289	0.153846	15.736
swarm_20_59.pdb	13.285	35.697	0	15.704
swarm_31_134.pdb	13.797	39.134	0	15.698
swarm_15_149.pdb	13.831	32.962	0	15.687
swarm_5_183.pdb	17.812	31.318	0	15.678
swarm_5_166.pdb	16.468	36.866	0	15.666
swarm_25_160.pdb	14.491	26.799	0	15.658
swarm_32_159.pdb	10.801	22.923	0	15.653
swarm_5_181.pdb	18.490	36.454	0	15.647
swarm_1_45.pdb	19.552	39.791	0	15.594
swarm_9_97.pdb	14.667	25.233	0.0384615	15.566
swarm_31_153.pdb	10.637	34.172	0	15.551
swarm_15_33.pdb	11.518	23.498	0.0384615	15.549
swarm_1_39.pdb	18.842	39.804	0	15.544
swarm_19_145.pdb	14.657	44.359	0.0384615	15.542
swarm_23_73.pdb	13.258	47.440	0.115385	15.536
swarm_19_90.pdb	15.732	43.675	0	15.532
swarm_0_181.pdb	8.643	35.967	0	15.532
swarm_17_18.pdb	7.965	18.060	0.0769231	15.522
swarm_0_124.pdb	16.291	36.861	0	15.521
swarm_23_198.pdb	14.936	44.016	0	15.516
swarm_29_15.pdb	13.780	31.442	0	15.498
swarm_1_1.pdb	16.651	36.238	0	15.492
swarm_24_40.pdb	13.980	29.990	0	15.476
swarm_8_79.pdb	14.124	30.479	0.0384615	15.452
swarm_13_193.pdb	11.066	29.212	0	15.411
swarm_25_153.pdb	7.850	25.454	0.115385	15.396
swarm_9_146.pdb	17.829	33.807	0	15.365
swarm_11_135.pdb	14.884	33.304	0	15.358
swarm_28_46.pdb	15.624	26.011	0	15.319
swarm_8_166.pdb	7.530	24.459	0.115385	15.308
swarm_25_159.pdb	12.351	24.213	0	15.289
swarm_4_162.pdb	9.841	24.379	0	15.280
swarm_9_99.pdb	11.245	31.450	0	15.278
swarm_20_175.pdb	16.120	32.058	0	15.276
swarm_6_166.pdb	13.813	28.245	0	15.274
swarm_22_7.pdb	11.283	30.192	0	15.255
swarm_9_45.pdb	11.936	30.700	0	15.250
swarm_29_13.pdb	5.437	28.006	0.346154	15.250
swarm_11_68.pdb	16.777	33.280	0	15.249
swarm_6_150.pdb	10.856	24.930	0	15.240
swarm_5_141.pdb	16.593	32.472	0	15.237
swarm_0_11.pdb	11.532	33.316	0	15.231
swarm_17_115.pdb	8.582	28.104	0.0384615	15.218
swarm_20_40.pdb	12.652	34.712	0	15.217
swarm_27_111.pdb	16.532	44.004	0	15.177
swarm_24_40.pdb	11.939	26.707	0	15.083
swarm_6_64.pdb	12.823	31.222	0.0384615	15.076
swarm_1_121.pdb	12.676	37.232	0.0384615	15.063
swarm_3_170.pdb	17.183	45.133	0	15.061
swarm_14_157.pdb	15.416	39.788	0	15.052
swarm_19_34.pdb	14.333	28.264	0	15.050
swarm_30_56.pdb	15.880	32.028	0	15.040
swarm_9_61.pdb	9.823	41.921	0.153846	15.033
swarm_5_168.pdb	10.486	32.324	0	15.022
swarm_26_27.pdb	10.822	31.944	0	15.011
swarm_26_187.pdb	10.035	24.719	0	14.975
swarm_20_102.pdb	14.175	32.415	0	14.960
swarm_1_72.pdb	15.239	25.804	0	14.943
swarm_17_189.pdb	17.622	33.692	0	14.939
swarm_12_68.pdb	7.668	29.594	0.0769231	14.921
swarm_19_133.pdb	15.748	31.717	0	14.917
swarm_7_39.pdb	16.694	36.082	0	14.895
swarm_2_85.pdb	11.258	27.032	0.0384615	14.891
swarm_28_72.pdb	11.292	31.453	0	14.853
swarm_17_33.pdb	10.187	33.576	0.0384615	14.853
swarm_25_88.pdb	6.737	21.514	0.0769231	14.840
swarm_23_80.pdb	13.759	35.158	0	14.835
swarm_4_162.pdb	9.395	20.716	0	14.814
swarm_2_15.pdb	13.317	38.759	0	14.779
swarm_3_83.pdb	15.286	38.335	0	14.772
swarm_4_152.pdb	14.997	39.754	0	14.762
swarm_24_125.pdb	14.353	39.881	0	14.741
swarm_13_51.pdb	16.632	43.468	0	14.720
swarm_0_169.pdb	12.328	32.776	0	14.704
swarm_30_40.pdb	7.701	16.443	0	14.687
swarm_28_29.pdb	10.991	32.626	0	14.684
swarm_21_85.pdb	16.736	40.211	0	14.675
swarm_0_158.pdb	18.248	44.092	0	14.675
swarm_33_91.pdb	11.529	42.375	0	14.673
swarm_0_17.pdb	13.962	42.090	0.0769231	14.667
swarm_15_123.pdb	12.824	46.266	0.115385	14.663
swarm_23_94.pdb	18.414	39.397	0	14.653
swarm_17_78.pdb	6.583	20.601	0.115385	14.641
swarm_1_113.pdb	13.122	32.967	0	14.626
swarm_5_96.pdb	9.255	24.578	0	14.617
swarm_16_128.pdb	13.608	31.317	0	14.606
swarm_27_51.pdb	17.352	38.756	0	14.604
swarm_7_190.pdb	14.531	29.558	0.0384615	14.600
swarm_27_159.pdb	20.362	42.525	0	14.589
swarm_7_45.pdb	12.622	35.897	0	14.574
swarm_5_175.pdb	15.997	30.383	0	14.518
swarm_21_52.pdb	13.779	31.487	0.0384615	14.508
swarm_18_163.pdb	9.866	25.137	0	14.507
swarm_5_115.pdb	15.393	28.778	0	14.492
swarm_8_143.pdb	6.830	26.724	0.0384615	14.482
swarm_19_183.pdb	15.732	40.817	0	14.466
swarm_16_112.pdb	15.238	32.790	0	14.461
swarm_7_162.pdb	8.096	33.785	0.0384615	14.453
swarm_23_90.pdb	10.574	37.689	0.0384615	14.453
swarm_14_50.pdb	18.478	43.585	0	14.426
swarm_23_133.pdb	14.968	31.766	0	14.405
swarm_26_9.pdb	10.142	21.799	0	14.396
swarm_9_42.pdb	13.758	40.134	0.0384615	14.338
swarm_17_131.pdb	12.969	33.917	0	14.336
swarm_14_168.pdb	14.300	32.084	0	14.332
swarm_34_172.pdb	15.661	25.269	0	14.321
swarm_14_32.pdb	15.671	40.933	0.0384615	14.316
swarm_0_91.pdb	16.260	29.155	0	14.314
swarm_5_41.pdb	6.030	20.594	0.0769231	14.311
swarm_7_139.pdb	10.972	37.839	0	14.309
swarm_15_193.pdb	12.666	28.924	0.0769231	14.303
swarm_0_80.pdb	17.182	38.340	0	14.273
swarm_13_90.pdb	12.717	45.897	0	14.262
swarm_16_135.pdb	16.022	38.513	0	14.245
swarm_18_179.pdb	12.875	31.971	0.0384615	14.231
swarm_19_149.pdb	17.179	41.038	0	14.221
swarm_15_156.pdb	17.675	43.120	0	14.198
swarm_4_15.pdb	14.396	28.356	0	14.121
swarm_15_102.pdb	3.958	11.972	0.192308	14.119
swarm_15_103.pdb	14.821	23.160	0	14.115
swarm_13_157.pdb	10.689	35.813	0.0769231	14.096
swarm_1_0.pdb	13.605	33.633	0	14.092
swarm_8_22.pdb	11.838	43.814	0.0384615	14.084
swarm_26_20.pdb	15.119	32.750	0	14.064
swarm_16_176.pdb	12.294	35.069	0	14.029
swarm_32_140.pdb	12.132	32.511	0	14.020
swarm_18_194.pdb	6.237	21.552	0	14.020
swarm_5_127.pdb	15.244	31.198	0	14.002
swarm_10_8.pdb	14.103	40.525	0.0769231	13.991
swarm_1_160.pdb	14.113	38.487	0	13.981
swarm_21_23.pdb	13.398	38.836	0	13.966
swarm_12_177.pdb	15.155	47.638	0	13.957
swarm_25_139.pdb	15.421	48.703	0	13.953
swarm_11_146.pdb	2.107	7.309	0.384615	13.940
swarm_8_87.pdb	13.551	38.532	0.115385	13.913
swarm_18_150.pdb	18.322	34.726	0	13.879
swarm_12_129.pdb	12.651	39.438	0.0769231	13.878
swarm_22_26.pdb	18.905	32.596	0	13.862
swarm_14_198.pdb	7.188	30.768	0	13.858
swarm_23_139.pdb	11.398	34.399	0	13.853
swarm_21_42.pdb	15.040	37.120	0	13.840
swarm_0_79.pdb	11.367	37.767	0.115385	13.817
swarm_33_158.pdb	17.529	44.858	0	13.802
swarm_22_143.pdb	13.490	33.091	0	13.770
swarm_29_141.pdb	16.136	31.253	0	13.752
swarm_18_50.pdb	14.191	32.902	0	13.717
swarm_18_11.pdb	13.737	38.989	0	13.714
swarm_26_170.pdb	13.884	33.515	0	13.709
swarm_17_21.pdb	9.535	30.766	0	13.708
swarm_19_25.pdb	15.275	45.415	0	13.689
swarm_5_132.pdb	7.310	21.569	0	13.686
swarm_0_82.pdb	12.727	37.420	0.115385	13.684
swarm_26_0.pdb	8.078	20.668	0	13.653
swarm_31_115.pdb	15.751	31.457	0	13.634
swarm_12_62.pdb	13.891	38.658	0.0769231	13.633
swarm_27_148.pdb	13.027	44.430	0	13.603
swarm_19_89.pdb	12.433	41.164	0	13.602
swarm_27_6.pdb	14.067	44.158	0	13.584
swarm_4_98.pdb	11.687	32.812	0	13.573
swarm_11_16.pdb	16.032	40.421	0	13.565
swarm_4_64.pdb	15.510	36.608	0	13.560
swarm_23_147.pdb	11.574	49.254	0	13.557
swarm_23_32.pdb	12.407	45.598	0	13.555
swarm_1_173.pdb	9.004	23.879	0.0769231	13.552
swarm_32_100.pdb	14.216	37.212	0	13.544
swarm_18_188.pdb	18.337	37.179	0	13.540
swarm_12_17.pdb	10.898	39.823	0.192308	13.501
swarm_26_125.pdb	12.178	46.634	0.115385	13.483
swarm_1_164.pdb	7.173	32.443	0.0384615	13.441
swarm_6_88.pdb	19.991	39.993	0	13.436
swarm_21_13.pdb	10.423	33.784	0	13.413
swarm_34_134.pdb	8.509	17.122	0	13.403
swarm_11_55.pdb	10.672	41.952	0	13.394
swarm_0_105.pdb	13.127	27.651	0	13.381
swarm_5_195.pdb	15.079	38.134	0	13.370
swarm_0_91.pdb	14.456	34.336	0	13.366
swarm_1_120.pdb	11.122	36.604	0	13.365
swarm_17_128.pdb	12.636	25.305	0	13.348
swarm_20_58.pdb	11.528	39.659	0	13.336
swarm_19_38.pdb	8.449	38.325	0.0384615	13.320
swarm_33_171.pdb	14.320	33.561	0	13.304
swarm_28_0.pdb	8.343	29.720	0	13.294
swarm_2_41.pdb	8.386	27.505	0.115385	13.285
swarm_1_110.pdb	17.759	34.799	0	13.284
swarm_1_173.pdb	13.396	28.955	0	13.273
swarm_29_138.pdb	15.057	42.172	0	13.265
swarm_3_122.pdb	10.148	28.684	0.0384615	13.256
swarm_11_162.pdb	7.516	16.846	0	13.248
swarm_15_95.pdb	16.195	48.589	0	13.235
swarm_0_163.pdb	15.771	34.336	0	13.234
swarm_33_27.pdb	9.489	38.011	0	13.223
swarm_23_135.pdb	16.004	31.068	0	13.222
swarm_19_93.pdb	14.984	38.314	0	13.213
swarm_20_27.pdb	13.142	44.576	0	13.196
swarm_27_171.pdb	15.406	37.938	0	13.193
swarm_22_132.pdb	11.139	32.768	0.115385	13.192
swarm_17_0.pdb	10.448	19.436	0	13.192
swarm_12_162.pdb	11.270	34.604	0	13.156
swarm_0_176.pdb	15.119	38.287	0	13.135
swarm_3_118.pdb	9.432	31.415	0	13.098
swarm_22_110.pdb	18.345	34.544	0	13.091
swarm_11_34.pdb	11.154	32.314	0	13.051
swarm_14_4.pdb	16.956	33.667	0	13.028
swarm_10_67.pdb	10.326	29.999	0	13.017
swarm_20_118.pdb	15.211	46.479	0	13.013
swarm_29_68.pdb	16.713	26.348	0	12.999
swarm_6_135.pdb	13.061	27.788	0	12.994
swarm_22_30.pdb	5.150	25.536	0.307692	12.984
swarm_29_157.pdb	12.209	32.257	0	12.978
swarm_20_20.pdb	8.950	43.829	0.0769231	12.953
swarm_1_85.pdb	13.480	24.378	0	12.944
swarm_26_98.pdb	13.551	45.455	0.115385	12.929
swarm_26_28.pdb	10.029	29.731	0.0769231	12.910
swarm_9_10.pdb	17.592	40.527	0	12.909
swarm_11_196.pdb	16.903	31.693	0	12.903
swarm_17_172.pdb	14.951	33.648	0	12.875
swarm_24_174.pdb	13.251	26.298	0	12.872
swarm_21_119.pdb	14.103	25.135	0	12.855
swarm_34_7.pdb	16.048	22.653	0	12.839
swarm_28_40.pdb	16.233	27.756	0	12.839
swarm_23_114.pdb	11.986	38.881	0	12.831
swarm_23_6.pdb	18.437	48.588	0	12.817
swarm_4_170.pdb	13.268	29.606	0.0384615	12.749
swarm_0_103.pdb	9.143	34.923	0.0384615	12.732
swarm_34_46.pdb	9.439	21.269	0	12.722
swarm_32_33.pdb	10.917	23.717	0	12.703
swarm_20_64.pdb	17.711	37.098	0	12.698
swarm_19_54.pdb	9.258	38.881	0.0769231	12.695
swarm_9_125.pdb	15.967	44.790	0	12.668
swarm_12_87.pdb	10.970	42.296	0.192308	12.662
swarm_13_58.pdb	11.673	47.286	0.153846	12.654
swarm_31_157.pdb	18.652	41.445	0	12.653
swarm_16_1.pdb	19.140	38.386	0	12.653
swarm_13_3.pdb	14.631	45.743	0	12.631
swarm_20_154.pdb	9.324	39.807	0.153846	12.630
swarm_11_123.pdb	14.485	19.145	0	12.590
swarm_22_13.pdb	14.787	39.131	0	12.556
swarm_14_47.pdb	23.747	45.119	0	12.526
swarm_8_111.pdb	11.023	42.463	0	12.522
swarm_22_97.pdb	14.027	37.140	0	12.500
swarm_8_5.pdb	6.791	29.163	0	12.486
swarm_19_193.pdb	11.184	37.423	0.153846	12.484
swarm_18_170.pdb	11.467	36.542	0.0384615	12.456
swarm_14_186.pdb	12.750	37.271	0	12.451
swarm_7_99.pdb	13.554	43.595	0	12.416
swarm_1_140.pdb	10.788	41.924	0.0384615	12.347
swarm_9_20.pdb	12.988	50.447	0.0384615	12.346
swarm_14_116.pdb	10.610	30.502	0	12.334
swarm_18_60.pdb	15.377	32.414	0	12.330
swarm_19_18.pdb	12.132	39.411	0.0384615	12.293
swarm_1_109.pdb	12.822	40.034	0	12.268
swarm_3_190.pdb	6.012	25.135	0.115385	12.260
swarm_14_152.pdb	12.013	33.740	0.192308	12.230
swarm_13_8.pdb	11.736	42.499	0.0769231	12.213
swarm_20_105.pdb	9.579	38.128	0.0769231	12.198
swarm_26_19.pdb	16.272	44.094	0	12.167
swarm_2_39.pdb	13.460	32.181	0	12.142
swarm_22_48.pdb	15.457	30.911	0	12.138
swarm_9_78.pdb	14.591	32.923	0	12.124
swarm_9_115.pdb	16.887	43.936	0	12.120
swarm_25_85.pdb	11.303	32.834	0	12.111
swarm_9_51.pdb	13.509	44.717	0	12.098
swarm_15_109.pdb	16.041	41.827	0	12.081
swarm_27_52.pdb	17.491	44.380	0	12.056
swarm_10_39.pdb	15.607	41.327	0	12.050
swarm_5_7.pdb	13.338	28.692	0	12.048
swarm_27_84.pdb	12.252	48.236	0.0769231	12.047
swarm_27_187.pdb	15.277	34.782	0	11.995
swarm_12_71.pdb	10.045	38.874	0	11.949
swarm_12_15.pdb	15.292	44.440	0.153846	11.937
swarm_21_103.pdb	8.742	37.612	0	11.930
swarm_21_107.pdb	16.231	31.798	0	11.923
swarm_19_126.pdb	16.549	39.355	0	11.920
swarm_29_41.pdb	13.697	33.698	0.0384615	11.918
swarm_8_128.pdb	11.107	28.374	0	11.849
swarm_0_114.pdb	13.803	29.179	0	11.835
swarm_17_2.pdb	13.186	38.232	0	11.815
swarm_23_36.pdb	8.934	38.661	0	11.805
swarm_14_60.pdb	8.420	28.486	0.153846	11.776
swarm_19_40.pdb	17.306	32.483	0	11.756
swarm_19_32.pdb	19.794	38.998	0	11.734
swarm_32_73.pdb	12.454	28.322	0	11.716
swarm_22_106.pdb	15.252	29.984	0	11.708
swarm_17_120.pdb	13.726	19.953	0	11.698
swarm_4_5.pdb	11.408	26.079	0	11.642
swarm_30_179.pdb	14.626	21.874	0	11.642
swarm_20_116.pdb	12.958	44.886	0	11.629
swarm_5_108.pdb	12.339	33.046	0	11.627
swarm_21_58.pdb	16.864	40.218	0	11.625
swarm_24_168.pdb	12.226	34.987	0	11.589
swarm_9_191.pdb	12.115	42.297	0	11.586
swarm_13_60.pdb	11.595	49.592	0.115385	11.536
swarm_23_158.pdb	17.643	44.780	0	11.530
swarm_23_8.pdb	14.867	39.904	0	11.493
swarm_8_180.pdb	16.060	30.013	0	11.465
swarm_1_169.pdb	9.107	31.663	0.153846	11.448
swarm_27_65.pdb	15.147	30.599	0	11.435
swarm_0_34.pdb	4.315	19.517	0.230769	11.372
swarm_1_108.pdb	17.288	35.190	0	11.311
swarm_19_28.pdb	12.724	42.158	0	11.310
swarm_33_35.pdb	16.835	48.520	0	11.291
swarm_3_115.pdb	12.052	45.702	0	11.244
swarm_17_197.pdb	13.332	31.801	0	11.225
swarm_1_70.pdb	6.814	28.198	0	11.221
swarm_21_131.pdb	14.384	28.983	0.0769231	11.193
swarm_1_76.pdb	13.892	29.943	0	11.185
swarm_32_44.pdb	16.161	39.079	0	11.169
swarm_26_194.pdb	16.586	54.850	0	11.122
swarm_28_62.pdb	12.889	30.576	0	11.101
swarm_10_102.pdb	12.525	25.262	0	11.070
swarm_15_70.pdb	13.230	47.593	0	11.060
swarm_28_5.pdb	14.516	37.889	0	11.020
swarm_11_12.pdb	8.651	18.117	0.0384615	10.986
swarm_29_6.pdb	8.030	31.849	0	10.954
swarm_21_39.pdb	10.156	36.328	0	10.915
swarm_7_125.pdb	11.408	37.311	0	10.902
swarm_1_44.pdb	13.509	44.855	0	10.890
swarm_16_51.pdb	15.387	35.180	0	10.761
swarm_23_144.pdb	16.733	44.010	0	10.735
swarm_20_184.pdb	19.518	35.923	0	10.719
swarm_11_10.pdb	16.711	45.967	0	10.719
swarm_20_157.pdb	12.955	45.485	0.115385	10.688
swarm_9_86.pdb	16.992	41.694	0	10.595
swarm_9_33.pdb	16.725	37.163	0	10.526
swarm_15_112.pdb	7.060	21.439	0.153846	10.434
swarm_23_187.pdb	12.777	32.704	0.0384615	10.424
swarm_17_87.pdb	13.421	40.834	0	10.417
swarm_15_121.pdb	11.865	30.772	0	10.284
swarm_22_196.pdb	15.021	32.357	0	10.268
swarm_23_13.pdb	11.515	37.713	0	10.252
swarm_18_20.pdb	15.175	32.865	0	10.247
swarm_23_136.pdb	11.296	35.476	0	10.217
swarm_12_122.pdb	9.318	29.815	0.115385	10.214
swarm_21_98.pdb	12.239	35.030	0	10.181
swarm_13_102.pdb	14.897	35.371	0	10.170
swarm_16_174.pdb	6.741	27.874	0.115385	10.134
swarm_22_46.pdb	12.992	26.034	0.0384615	10.109
swarm_28_79.pdb	9.972	32.393	0	10.108
swarm_12_48.pdb	19.152	36.183	0	10.060
swarm_12_86.pdb	16.307	35.615	0	10.037
swarm_13_167.pdb	14.780	46.290	0	10.008
swarm_29_109.pdb	12.052	29.010	0	9.943
swarm_14_167.pdb	10.197	34.244	0.0384615	9.896
swarm_5_185.pdb	8.198	33.681	0.115385	9.880
swarm_14_191.pdb	15.307	45.160	0	9.795
swarm_15_54.pdb	16.489	46.846	0	9.693
swarm_9_161.pdb	13.480	48.252	0.0769231	9.597
swarm_1_120.pdb	11.100	23.135	0	9.510
swarm_0_22.pdb	8.555	27.923	0.153846	9.480
swarm_19_28.pdb	16.519	31.541	0	9.333
swarm_30_16.pdb	16.328	30.368	0	9.332
swarm_14_157.pdb	14.712	48.263	0	9.289
swarm_28_177.pdb	14.836	25.650	0	9.270
swarm_16_10.pdb	18.920	38.932	0	9.261
swarm_14_113.pdb	16.375	41.979	0	9.168
swarm_18_108.pdb	8.904	28.625	0.0769231	9.114
swarm_32_0.pdb	12.659	35.041	0	9.021
swarm_32_71.pdb	11.767	32.588	0	9.013
swarm_27_165.pdb	12.739	50.813	0.0769231	8.995
swarm_18_24.pdb	13.957	29.246	0	8.880
swarm_18_199.pdb	11.544	35.154	0.0769231	8.839
swarm_30_182.pdb	11.097	19.545	0	8.804
swarm_20_106.pdb	16.658	48.244	0	8.696
swarm_6_129.pdb	11.741	44.001	0	8.650
swarm_9_157.pdb	13.527	26.532	0	8.522
swarm_12_155.pdb	17.949	30.549	0	8.486
swarm_0_55.pdb	13.695	28.370	0	8.457
swarm_25_110.pdb	14.882	23.120	0	8.356
swarm_25_174.pdb	13.842	29.042	0	8.263
swarm_8_102.pdb	12.490	48.156	0.115385	8.257
swarm_10_106.pdb	13.628	33.046	0	8.247
swarm_4_37.pdb	12.091	23.867	0	8.135
swarm_8_37.pdb	15.325	40.594	0	8.127
swarm_18_64.pdb	13.987	37.920	0.153846	8.122
swarm_27_132.pdb	13.548	38.917	0	8.115
swarm_15_77.pdb	7.407	23.558	0.115385	7.699
swarm_28_52.pdb	18.981	36.015	0	6.732
swarm_11_67.pdb	15.721	44.847	0	6.678
swarm_25_73.pdb	10.489	40.834	0.230769	6.065
swarm_15_117.pdb	16.368	48.823	0	6.023
swarm_3_183.pdb	7.616	29.441	0.153846	5.439
swarm_16_155.pdb	16.077	28.952	0	4.782
swarm_14_24.pdb	14.279	34.760	0	4.365
swarm_1_117.pdb	8.925	37.466	0.0384615	3.916
swarm_15_62.pdb	9.156	32.985	0	3.811
swarm_29_104.pdb	14.629	33.553	0	3.692
swarm_21_98.pdb	13.601	39.680	0	2.075
swarm_30_101.pdb	13.322	26.846	0	1.192
swarm_23_87.pdb	12.862	29.503	0	0.135
