swarm_15_199.pdb	8.721	38.077	0	35.155
swarm_26_143.pdb	8.773	38.545	0	33.775
swarm_18_124.pdb	8.849	39.553	0	32.651
swarm_21_39.pdb	6.859	31.309	0.0384615	28.219
swarm_25_137.pdb	4.983	18.454	0.115385	28.148
swarm_14_128.pdb	5.353	21.099	0.115385	28.127
swarm_5_173.pdb	9.935	48.619	0	28.096
swarm_17_136.pdb	8.462	35.382	0	27.507
swarm_5_116.pdb	8.990	39.354	0	27.341
swarm_15_6.pdb	9.184	44.686	0	27.250
swarm_33_128.pdb	6.934	34.741	0	24.920
swarm_4_66.pdb	10.544	45.213	0	24.865
swarm_1_134.pdb	5.203	23.757	0.0384615	24.632
swarm_35_15.pdb	5.363	26.786	0.230769	24.369
swarm_4_67.pdb	9.014	41.266	0	24.328
swarm_27_10.pdb	6.950	37.181	0	24.261
swarm_36_13.pdb	6.478	34.661	0.115385	24.097
swarm_10_119.pdb	6.491	28.579	0.0384615	23.786
swarm_16_172.pdb	5.404	27.020	0.0384615	23.744
swarm_15_12.pdb	8.651	34.910	0	23.566
swarm_10_139.pdb	6.406	36.029	0.153846	23.476
swarm_7_108.pdb	6.743	34.858	0.0384615	23.375
swarm_34_142.pdb	9.022	34.620	0	23.174
swarm_0_128.pdb	12.025	48.126	0	23.173
swarm_29_73.pdb	5.223	22.305	0.115385	22.892
swarm_3_110.pdb	10.732	47.533	0	22.887
swarm_16_185.pdb	8.487	40.047	0	22.750
swarm_36_66.pdb	4.692	23.628	0.307692	22.713
swarm_35_109.pdb	6.337	32.990	0.115385	22.627
swarm_32_23.pdb	9.129	44.020	0	22.420
swarm_3_194.pdb	8.948	44.281	0	22.390
swarm_26_167.pdb	8.756	39.493	0	22.028
swarm_27_90.pdb	12.189	39.175	0	21.988
swarm_23_150.pdb	7.643	30.033	0.115385	21.760
swarm_16_83.pdb	7.061	33.945	0.0384615	21.748
swarm_30_25.pdb	12.667	37.721	0	21.579
swarm_7_80.pdb	8.066	35.010	0	21.097
swarm_27_130.pdb	8.447	41.688	0	20.848
swarm_5_37.pdb	10.720	48.031	0	20.795
swarm_17_30.pdb	9.527	46.524	0	20.747
swarm_27_199.pdb	9.093	44.780	0	20.685
swarm_31_22.pdb	7.096	32.432	0.0384615	20.672
swarm_26_189.pdb	9.512	47.298	0	20.630
swarm_1_185.pdb	7.304	35.959	0.0384615	20.203
swarm_30_156.pdb	6.944	31.603	0	20.174
swarm_15_20.pdb	8.988	39.301	0	19.973
swarm_2_38.pdb	6.128	26.197	0.0384615	19.770
swarm_3_103.pdb	10.947	46.359	0	19.674
swarm_31_12.pdb	7.846	42.660	0.115385	19.514
swarm_16_29.pdb	8.729	37.284	0	19.397
swarm_15_169.pdb	7.610	37.910	0.0384615	19.239
swarm_23_60.pdb	6.337	26.792	0.0384615	19.173
swarm_11_23.pdb	2.611	8.779	0.576923	19.156
swarm_16_66.pdb	8.175	32.472	0	19.059
swarm_23_3.pdb	7.576	35.877	0	19.011
swarm_29_142.pdb	6.618	35.007	0	18.771
swarm_2_180.pdb	6.563	24.107	0.0384615	18.759
swarm_18_101.pdb	5.663	29.691	0.115385	18.684
swarm_18_34.pdb	9.510	47.175	0	18.594
swarm_27_12.pdb	7.751	36.599	0	18.451
swarm_36_197.pdb	6.264	22.247	0.0384615	18.339
swarm_35_88.pdb	9.521	37.717	0	18.219
swarm_20_195.pdb	3.246	16.059	0.423077	18.110
swarm_27_133.pdb	11.275	48.728	0	18.099
swarm_23_113.pdb	9.192	34.376	0	18.060
swarm_18_140.pdb	8.425	39.231	0	17.916
swarm_7_47.pdb	6.784	29.981	0.0384615	17.686
swarm_4_93.pdb	10.142	38.248	0	17.507
swarm_11_30.pdb	5.317	21.587	0.0769231	17.455
swarm_1_162.pdb	9.127	32.990	0	17.274
swarm_10_195.pdb	7.788	34.693	0	16.974
swarm_17_104.pdb	9.651	46.936	0	16.486
swarm_3_172.pdb	10.896	45.164	0.0384615	16.462
swarm_35_21.pdb	6.688	25.496	0	16.371
swarm_1_123.pdb	7.439	33.601	0	16.304
swarm_13_68.pdb	5.190	22.395	0.115385	16.154
swarm_16_119.pdb	7.763	39.220	0.0384615	15.999
swarm_25_99.pdb	5.502	27.171	0.307692	15.816
swarm_17_115.pdb	10.897	46.988	0	15.786
swarm_36_58.pdb	4.818	26.093	0.192308	15.760
swarm_13_15.pdb	4.518	23.667	0.192308	15.656
swarm_13_182.pdb	4.912	26.357	0.346154	15.218
swarm_4_183.pdb	9.134	44.294	0	15.025
swarm_6_4.pdb	3.278	12.139	0.346154	15.021
swarm_21_122.pdb	9.263	39.301	0	14.999
swarm_11_22.pdb	4.291	19.641	0.423077	14.917
swarm_29_99.pdb	6.051	32.381	0.153846	13.856
swarm_19_141.pdb	2.755	7.761	0.538462	13.338
swarm_35_11.pdb	6.021	30.736	0.0769231	13.309
swarm_21_51.pdb	5.518	28.053	0.153846	13.221
swarm_36_157.pdb	7.794	34.130	0.0384615	12.377
swarm_23_84.pdb	7.495	28.570	0	12.356
swarm_17_78.pdb	8.078	40.060	0.0384615	10.997
swarm_20_2.pdb	7.471	29.785	0	9.086
