swarm_13_101.pdb	7.663	28.131	0	33.560
swarm_23_88.pdb	8.000	30.061	0	31.448
swarm_39_12.pdb	7.993	30.044	0	30.134
swarm_25_26.pdb	7.826	22.833	0	27.489
swarm_11_35.pdb	7.823	14.454	0	26.267
swarm_4_39.pdb	8.505	25.013	0	25.780
swarm_1_58.pdb	7.228	27.922	0	25.320
swarm_16_159.pdb	7.370	33.107	0	24.780
swarm_2_84.pdb	9.811	41.442	0	24.438
swarm_37_29.pdb	8.649	26.109	0	24.232
swarm_15_184.pdb	7.671	13.891	0	24.098
swarm_34_105.pdb	8.621	34.955	0	23.774
swarm_21_39.pdb	6.656	29.246	0	23.669
swarm_8_143.pdb	8.113	33.864	0	23.607
swarm_14_8.pdb	7.979	34.934	0	23.198
swarm_4_178.pdb	8.207	35.915	0	23.181
swarm_27_176.pdb	8.269	36.103	0	23.116
swarm_31_83.pdb	6.417	30.581	0	23.006
swarm_10_166.pdb	6.655	16.687	0.0384615	22.965
swarm_20_124.pdb	9.815	41.957	0	22.921
swarm_41_85.pdb	7.761	33.185	0	22.709
swarm_38_196.pdb	8.596	35.156	0	22.551
swarm_17_110.pdb	9.572	35.799	0	22.403
swarm_12_60.pdb	6.877	32.359	0	22.400
swarm_23_135.pdb	6.957	35.176	0	22.241
swarm_40_137.pdb	7.740	34.605	0	22.038
swarm_22_180.pdb	8.844	36.827	0	21.600
swarm_42_145.pdb	7.479	32.855	0	21.234
swarm_26_83.pdb	4.768	13.312	0.0769231	21.120
swarm_1_110.pdb	7.550	36.444	0	20.862
swarm_37_166.pdb	8.442	27.658	0	20.326
swarm_19_11.pdb	7.416	37.435	0	20.224
swarm_8_128.pdb	10.552	45.938	0	20.211
swarm_24_168.pdb	8.494	37.411	0	20.049
swarm_29_108.pdb	6.238	24.882	0.192308	19.982
swarm_34_42.pdb	7.464	24.273	0	19.277
swarm_3_37.pdb	9.774	37.283	0	19.266
swarm_11_49.pdb	7.068	16.379	0.0384615	19.232
swarm_0_112.pdb	11.253	42.780	0	18.852
swarm_7_36.pdb	3.759	10.488	0.115385	18.552
swarm_13_134.pdb	6.432	28.971	0	18.497
swarm_4_140.pdb	6.111	25.783	0.0384615	18.380
swarm_4_184.pdb	9.170	29.331	0	18.304
swarm_25_102.pdb	4.366	11.105	0.0384615	17.581
swarm_6_86.pdb	6.868	16.881	0.115385	17.493
swarm_32_48.pdb	8.022	30.755	0	17.326
swarm_11_112.pdb	4.226	10.604	0.115385	17.273
swarm_0_178.pdb	7.020	35.686	0	17.273
swarm_25_199.pdb	8.295	14.167	0	17.102
swarm_17_19.pdb	10.268	39.605	0	16.800
swarm_37_28.pdb	7.538	16.706	0.0384615	16.734
swarm_42_160.pdb	7.139	21.003	0.0384615	16.722
swarm_32_169.pdb	10.131	31.559	0	16.682
swarm_9_20.pdb	5.491	13.876	0	16.617
swarm_30_152.pdb	10.701	36.588	0	16.495
swarm_10_130.pdb	5.241	10.638	0.0384615	16.161
swarm_5_172.pdb	6.154	11.825	0.0384615	16.148
swarm_39_15.pdb	9.231	26.531	0	16.129
swarm_6_43.pdb	5.826	9.682	0.0769231	16.083
swarm_21_86.pdb	9.184	25.393	0	16.057
swarm_9_38.pdb	6.010	11.554	0.0384615	16.043
swarm_12_48.pdb	8.944	25.752	0	16.005
swarm_15_98.pdb	5.358	26.560	0.307692	15.955
swarm_3_30.pdb	12.092	35.649	0	15.949
swarm_34_35.pdb	10.042	35.884	0	15.612
swarm_29_55.pdb	5.437	25.626	0.192308	15.600
swarm_15_150.pdb	6.777	17.619	0.0384615	15.595
swarm_6_196.pdb	8.710	18.144	0	15.525
swarm_29_120.pdb	7.129	19.518	0.0769231	15.341
swarm_35_63.pdb	8.047	23.232	0	15.242
swarm_30_21.pdb	6.975	27.178	0	15.191
swarm_40_41.pdb	5.762	28.915	0.0384615	15.161
swarm_32_185.pdb	8.249	23.200	0	14.912
swarm_33_44.pdb	5.212	27.074	0.307692	14.753
swarm_26_114.pdb	7.982	11.647	0	14.735
swarm_18_7.pdb	9.216	22.702	0	14.675
swarm_35_176.pdb	7.786	23.174	0.0384615	14.656
swarm_11_122.pdb	7.018	20.167	0.0769231	14.390
swarm_28_29.pdb	5.980	31.864	0.192308	14.345
swarm_1_197.pdb	9.592	31.151	0	14.206
swarm_9_57.pdb	10.422	18.265	0	14.202
swarm_16_73.pdb	5.429	25.691	0.423077	14.166
swarm_17_8.pdb	13.710	40.397	0	14.092
swarm_18_141.pdb	5.488	23.151	0.0384615	14.022
swarm_10_121.pdb	8.549	11.073	0	13.915
swarm_21_114.pdb	5.553	12.769	0.0384615	13.870
swarm_2_46.pdb	11.205	42.581	0	13.787
swarm_6_123.pdb	7.418	18.504	0	13.712
swarm_9_112.pdb	8.747	14.132	0	13.531
swarm_7_194.pdb	10.490	18.995	0	13.402
swarm_3_40.pdb	7.826	25.626	0.0769231	13.000
swarm_18_98.pdb	5.630	18.472	0	12.939
swarm_19_65.pdb	10.298	42.239	0	12.836
swarm_3_43.pdb	12.464	34.884	0	12.803
swarm_21_50.pdb	10.367	18.594	0	12.422
swarm_29_166.pdb	6.314	30.212	0.0384615	12.235
swarm_41_54.pdb	5.947	26.271	0.0384615	12.130
swarm_1_193.pdb	7.935	30.297	0	11.252
swarm_32_92.pdb	6.054	15.529	0	11.092
swarm_34_168.pdb	6.381	27.328	0.0769231	10.486
swarm_5_18.pdb	6.815	18.763	0.0769231	9.570
swarm_32_82.pdb	10.600	22.111	0	8.327
swarm_37_4.pdb	10.405	24.123	0.0384615	7.465
swarm_37_16.pdb	4.827	18.615	0.269231	7.303
swarm_7_89.pdb	8.704	14.977	0	6.147
swarm_26_82.pdb	9.797	15.379	0	4.979
swarm_3_161.pdb	10.422	27.639	0.115385	2.466
swarm_5_121.pdb	8.824	18.008	0	2.092
