swarm_27_161.pdb	6.749	32.809	0.307692	39.930
swarm_4_158.pdb	2.837	15.632	0.615385	36.226
swarm_16_156.pdb	2.118	12.962	0.615385	35.994
swarm_22_35.pdb	7.947	38.004	0.115385	35.374
swarm_32_71.pdb	9.486	42.890	0.0384615	34.682
swarm_2_161.pdb	2.829	9.913	0.615385	33.315
swarm_5_114.pdb	2.477	14.340	0.576923	33.250
swarm_30_8.pdb	5.819	28.202	0.230769	33.130
swarm_24_87.pdb	2.826	10.747	0.653846	32.876
swarm_33_44.pdb	6.064	28.426	0.5	32.236
swarm_17_96.pdb	2.687	10.197	0.615385	32.038
swarm_19_82.pdb	6.344	31.744	0.307692	31.688
swarm_6_133.pdb	1.924	7.925	0.730769	31.620
swarm_10_47.pdb	3.866	17.240	0.615385	31.561
swarm_28_27.pdb	8.780	38.921	0	31.070
swarm_7_49.pdb	1.533	5.697	0.807692	30.603
swarm_19_166.pdb	8.118	39.209	0.115385	30.583
swarm_32_58.pdb	10.914	48.392	0.0384615	30.093
swarm_16_139.pdb	5.300	23.874	0.230769	29.881
swarm_14_2.pdb	5.728	33.000	0.307692	29.431
swarm_8_177.pdb	4.538	24.902	0.461538	29.245
swarm_24_35.pdb	4.650	26.304	0.538462	29.007
swarm_10_67.pdb	4.821	23.661	0.5	28.731
swarm_27_40.pdb	4.983	28.020	0.5	28.560
swarm_30_134.pdb	5.839	33.923	0.384615	28.537
swarm_31_188.pdb	6.525	22.310	0.0384615	28.530
swarm_26_27.pdb	3.551	16.813	0.384615	28.309
swarm_9_30.pdb	7.496	36.412	0.192308	28.152
swarm_3_76.pdb	3.939	12.493	0.115385	28.053
swarm_11_173.pdb	5.197	28.530	0.384615	27.805
swarm_11_48.pdb	6.551	28.692	0.0769231	27.653
swarm_37_7.pdb	2.209	7.264	0.538462	27.618
swarm_19_198.pdb	11.088	43.631	0	27.618
swarm_17_174.pdb	1.704	8.382	0.384615	27.556
swarm_18_21.pdb	5.469	23.458	0.153846	27.504
swarm_24_171.pdb	5.869	24.005	0.230769	27.319
swarm_28_176.pdb	9.929	44.876	0.0769231	27.264
swarm_9_7.pdb	5.757	29.980	0.269231	27.239
swarm_22_116.pdb	9.110	40.310	0.115385	26.913
swarm_18_94.pdb	6.155	19.830	0.0384615	26.909
swarm_3_15.pdb	3.068	19.432	0.538462	26.795
swarm_2_133.pdb	4.166	11.858	0.115385	26.586
swarm_3_163.pdb	2.028	5.906	0.423077	26.513
swarm_15_52.pdb	7.035	30.715	0.0384615	26.198
swarm_1_21.pdb	6.416	25.953	0.0384615	26.136
swarm_21_83.pdb	3.205	13.037	0.615385	26.089
swarm_30_161.pdb	8.343	40.188	0.115385	26.059
swarm_16_4.pdb	2.333	7.814	0.5	25.982
swarm_18_180.pdb	3.836	16.551	0.307692	25.870
swarm_7_0.pdb	2.519	12.974	0.615385	25.732
swarm_17_159.pdb	3.968	16.514	0.384615	25.489
swarm_33_145.pdb	6.023	26.580	0.0769231	25.342
swarm_12_91.pdb	4.700	27.716	0.423077	25.023
swarm_24_36.pdb	6.603	21.284	0	25.000
swarm_0_95.pdb	2.779	14.956	0.538462	24.940
swarm_34_177.pdb	2.414	7.234	0.615385	24.771
swarm_28_166.pdb	8.378	37.420	0.0384615	24.604
swarm_33_198.pdb	6.681	27.856	0.115385	24.586
swarm_37_115.pdb	6.197	18.339	0.0769231	24.545
swarm_29_177.pdb	2.779	11.254	0.230769	24.494
swarm_22_190.pdb	5.766	32.169	0.346154	24.475
swarm_20_175.pdb	2.331	9.143	0.576923	24.309
swarm_29_81.pdb	6.389	18.286	0	24.299
swarm_5_192.pdb	2.704	9.869	0.5	24.262
swarm_5_121.pdb	4.998	14.235	0.0769231	24.002
swarm_2_58.pdb	6.438	17.644	0	23.807
swarm_4_105.pdb	4.100	22.771	0.461538	23.735
swarm_20_176.pdb	4.002	20.209	0.461538	23.595
swarm_5_4.pdb	2.882	14.620	0.192308	23.398
swarm_35_112.pdb	2.415	11.217	0.538462	23.391
swarm_9_141.pdb	7.262	31.920	0.0384615	23.252
swarm_14_20.pdb	8.228	28.479	0.0384615	23.069
swarm_22_102.pdb	7.469	30.433	0.0384615	22.942
swarm_10_132.pdb	6.242	20.139	0.0384615	22.744
swarm_7_45.pdb	6.040	20.164	0.0384615	22.738
swarm_15_143.pdb	6.671	26.456	0.0384615	22.717
swarm_24_133.pdb	6.653	21.144	0	22.686
swarm_19_97.pdb	7.127	28.962	0.0384615	22.678
swarm_8_181.pdb	3.879	18.496	0.384615	22.488
swarm_19_81.pdb	8.108	35.807	0	22.487
swarm_33_157.pdb	5.861	21.985	0.0769231	22.311
swarm_11_178.pdb	7.099	25.900	0	22.264
swarm_33_15.pdb	6.784	26.498	0.0384615	22.253
swarm_2_105.pdb	6.920	20.861	0	22.087
swarm_28_109.pdb	6.293	34.761	0.269231	22.076
swarm_34_188.pdb	2.856	12.732	0.538462	22.033
swarm_27_103.pdb	8.348	38.358	0.0384615	21.798
swarm_21_63.pdb	3.139	14.264	0.5	21.721
swarm_17_168.pdb	2.035	9.946	0.653846	21.698
swarm_22_38.pdb	6.817	29.915	0.0769231	21.508
swarm_2_157.pdb	8.002	24.634	0.0769231	21.383
swarm_31_54.pdb	3.463	16.642	0.346154	21.267
swarm_23_61.pdb	4.330	22.792	0.307692	20.876
swarm_22_42.pdb	8.242	41.531	0	20.695
swarm_0_170.pdb	4.897	26.226	0.230769	20.670
swarm_29_4.pdb	6.700	21.426	0	20.631
swarm_3_170.pdb	6.279	21.904	0.0384615	20.522
swarm_31_39.pdb	6.431	20.013	0	20.467
swarm_5_141.pdb	2.609	3.888	0.269231	20.389
swarm_14_77.pdb	5.656	28.987	0.153846	20.365
swarm_31_122.pdb	6.495	21.823	0.0769231	20.275
swarm_18_38.pdb	6.781	28.177	0.0769231	20.271
swarm_10_33.pdb	2.923	15.534	0.538462	20.257
swarm_10_59.pdb	7.237	26.462	0	20.228
swarm_16_118.pdb	3.314	9.569	0.192308	20.090
swarm_17_92.pdb	5.130	12.222	0.0769231	20.013
swarm_14_45.pdb	6.904	29.409	0	19.989
swarm_13_124.pdb	5.063	25.959	0.307692	19.975
swarm_25_142.pdb	8.002	42.005	0	19.890
swarm_34_165.pdb	5.694	12.467	0.0384615	19.867
swarm_14_181.pdb	5.214	23.853	0.153846	19.825
swarm_16_115.pdb	3.544	21.058	0.346154	19.725
swarm_36_90.pdb	6.119	18.737	0.0384615	19.693
swarm_9_161.pdb	8.075	38.544	0.0384615	19.496
swarm_6_188.pdb	2.714	14.327	0.269231	19.132
swarm_27_0.pdb	6.533	30.063	0.0769231	19.105
swarm_29_188.pdb	6.424	24.443	0.115385	19.058
swarm_15_103.pdb	7.510	37.838	0.0384615	18.944
swarm_8_75.pdb	5.063	30.628	0.384615	18.745
swarm_1_50.pdb	6.986	35.165	0.0384615	18.718
swarm_25_15.pdb	7.956	35.492	0	18.706
swarm_26_103.pdb	5.922	18.977	0.0384615	18.596
swarm_34_78.pdb	4.610	6.754	0.115385	18.545
swarm_35_142.pdb	4.335	21.704	0.346154	18.538
swarm_36_55.pdb	7.158	35.098	0.0384615	18.505
swarm_32_166.pdb	6.969	33.038	0	17.959
swarm_6_126.pdb	4.442	7.349	0.115385	17.782
swarm_1_42.pdb	7.737	36.454	0.0769231	17.674
swarm_10_35.pdb	6.965	25.350	0	17.636
swarm_10_183.pdb	9.076	26.276	0	17.492
swarm_21_135.pdb	4.151	16.527	0.192308	17.440
swarm_4_17.pdb	4.669	19.436	0.153846	17.144
swarm_28_179.pdb	6.654	36.036	0.115385	17.094
swarm_5_57.pdb	6.601	15.585	0.0384615	16.903
swarm_16_52.pdb	10.375	24.374	0	16.857
swarm_7_131.pdb	7.002	17.234	0	16.753
swarm_18_161.pdb	7.305	30.234	0	16.601
swarm_6_68.pdb	10.042	27.016	0	16.466
swarm_28_138.pdb	9.556	36.475	0	16.325
swarm_11_172.pdb	5.881	32.499	0.230769	16.219
swarm_20_86.pdb	10.026	24.716	0	16.151
swarm_37_123.pdb	9.823	19.652	0	16.031
swarm_8_11.pdb	9.413	29.267	0	16.025
swarm_1_66.pdb	8.895	33.276	0	15.986
swarm_12_138.pdb	5.888	30.345	0.269231	15.936
swarm_13_70.pdb	6.332	31.627	0	15.611
swarm_13_136.pdb	7.217	22.214	0	15.506
swarm_25_75.pdb	6.299	30.472	0.0384615	15.437
swarm_3_53.pdb	5.986	18.044	0.0769231	15.312
swarm_23_178.pdb	7.187	37.066	0	15.310
swarm_24_199.pdb	9.555	30.457	0	14.684
swarm_32_185.pdb	11.407	44.957	0	14.662
swarm_36_100.pdb	8.514	35.218	0.0769231	14.201
swarm_36_6.pdb	8.737	38.004	0.0384615	14.198
swarm_5_3.pdb	9.463	19.912	0	13.912
swarm_22_158.pdb	8.418	41.426	0.230769	13.818
swarm_17_103.pdb	9.189	20.487	0	13.818
swarm_19_47.pdb	7.500	33.719	0	13.679
swarm_12_147.pdb	6.960	28.280	0.0384615	13.505
swarm_29_0.pdb	9.982	17.355	0	13.370
swarm_15_113.pdb	8.589	37.661	0.0769231	13.326
swarm_23_2.pdb	7.323	30.383	0.0384615	12.740
swarm_2_8.pdb	9.254	22.538	0	12.495
swarm_23_130.pdb	6.282	33.540	0.153846	11.859
swarm_4_159.pdb	7.049	33.213	0.153846	11.322
swarm_17_181.pdb	5.607	10.938	0.0384615	10.966
swarm_36_62.pdb	9.752	22.198	0	10.388
swarm_7_193.pdb	9.293	22.215	0	10.191
swarm_8_136.pdb	6.070	32.864	0.576923	10.011
swarm_35_41.pdb	5.003	10.386	0	1.768
