swarm_35_88.pdb	17.033	38.236	0	28.567
swarm_4_84.pdb	8.855	33.369	0	27.555
swarm_18_53.pdb	16.824	37.102	0	27.501
swarm_3_33.pdb	10.388	19.347	0	26.903
swarm_29_67.pdb	10.137	18.918	0	26.873
swarm_38_199.pdb	9.865	19.220	0	25.235
swarm_13_154.pdb	6.123	16.975	0.0384615	25.032
swarm_12_5.pdb	4.664	17.988	0.307692	24.990
swarm_33_124.pdb	11.872	19.375	0	24.398
swarm_44_199.pdb	8.262	21.923	0	24.083
swarm_42_54.pdb	7.772	24.371	0.115385	23.421
swarm_29_140.pdb	4.523	8.801	0.0769231	22.877
swarm_4_88.pdb	14.599	38.373	0	22.834
swarm_7_67.pdb	7.163	22.148	0.0769231	22.592
swarm_22_60.pdb	6.044	15.760	0.0769231	22.416
swarm_34_31.pdb	7.839	25.151	0.115385	22.398
swarm_2_177.pdb	7.926	27.178	0	21.924
swarm_34_194.pdb	3.074	9.821	0.384615	21.690
swarm_16_17.pdb	3.764	12.479	0.384615	21.453
swarm_7_116.pdb	6.347	17.001	0	20.673
swarm_27_12.pdb	14.680	31.537	0	20.426
swarm_36_65.pdb	13.911	29.725	0	19.956
swarm_5_125.pdb	9.678	35.418	0.0769231	19.556
swarm_2_105.pdb	17.063	37.300	0	19.338
swarm_13_52.pdb	6.119	19.940	0.192308	18.714
swarm_32_182.pdb	9.264	33.844	0	18.325
swarm_28_150.pdb	11.768	37.125	0.0384615	17.749
swarm_19_115.pdb	9.994	30.444	0.0384615	17.730
swarm_20_192.pdb	8.374	25.169	0	17.406
swarm_29_131.pdb	7.909	17.805	0	17.386
swarm_13_59.pdb	5.940	21.695	0.0769231	17.141
swarm_25_119.pdb	9.883	25.906	0	17.068
swarm_39_137.pdb	10.341	31.964	0	16.976
swarm_16_35.pdb	7.680	12.838	0.0769231	16.863
swarm_23_65.pdb	8.651	25.769	0	16.587
swarm_9_147.pdb	6.684	18.039	0.0769231	15.411
swarm_38_96.pdb	5.146	16.472	0.230769	15.020
swarm_39_152.pdb	10.510	36.705	0.0384615	13.084
swarm_16_160.pdb	7.274	20.084	0.115385	12.575
swarm_12_137.pdb	9.607	27.385	0.0384615	12.252
swarm_42_86.pdb	8.135	28.627	0.153846	12.243
swarm_44_153.pdb	9.422	27.756	0.0769231	11.926
swarm_33_92.pdb	5.701	16.661	0.153846	11.294
swarm_21_168.pdb	11.574	40.503	0	10.921
swarm_7_173.pdb	9.868	28.519	0.0769231	10.884
swarm_21_175.pdb	13.305	46.585	0	10.684
