swarm_29_8.pdb	7.848	19.472	0.0384615	43.956
swarm_12_62.pdb	8.032	20.437	0	42.383
swarm_34_162.pdb	7.004	24.528	0.0769231	41.429
swarm_14_144.pdb	7.356	25.471	0	37.575
swarm_14_17.pdb	8.133	21.483	0	37.181
swarm_44_123.pdb	8.624	22.199	0	36.112
swarm_39_169.pdb	2.137	7.887	0.769231	35.605
swarm_13_179.pdb	7.382	18.327	0	35.013
swarm_15_157.pdb	2.716	10.816	0.692308	34.637
swarm_23_35.pdb	5.023	16.651	0.269231	33.707
swarm_32_60.pdb	2.873	11.075	0.692308	33.030
swarm_11_180.pdb	7.729	26.335	0	32.574
swarm_21_104.pdb	8.215	18.466	0	32.513
swarm_26_25.pdb	9.474	35.721	0	32.180
swarm_36_196.pdb	14.318	34.308	0	31.840
swarm_32_55.pdb	8.443	19.807	0	31.836
swarm_4_34.pdb	9.425	36.164	0	31.508
swarm_41_20.pdb	8.524	18.855	0	31.473
swarm_6_10.pdb	8.425	19.298	0	31.471
swarm_10_63.pdb	8.036	16.586	0	31.073
swarm_24_2.pdb	7.949	17.218	0	30.957
swarm_34_73.pdb	9.067	30.740	0	30.482
swarm_21_40.pdb	9.752	35.443	0	30.412
swarm_25_192.pdb	8.545	19.960	0.0384615	30.388
swarm_14_151.pdb	10.649	29.284	0	30.240
swarm_10_154.pdb	9.777	36.873	0	29.885
swarm_16_22.pdb	8.287	20.232	0	29.778
swarm_20_130.pdb	7.522	16.147	0	29.700
swarm_37_126.pdb	10.618	16.429	0	29.665
swarm_10_143.pdb	9.853	23.019	0	29.212
swarm_33_21.pdb	12.840	39.089	0	29.110
swarm_7_172.pdb	8.630	19.672	0	28.964
swarm_38_38.pdb	4.532	17.837	0.346154	28.726
swarm_9_63.pdb	14.044	32.025	0	28.677
swarm_35_88.pdb	17.033	38.236	0	28.567
swarm_36_154.pdb	7.732	18.715	0.0384615	28.511
swarm_29_144.pdb	9.628	32.970	0	28.197
swarm_31_65.pdb	14.046	35.702	0	28.141
swarm_18_70.pdb	14.441	34.706	0	28.134
swarm_19_87.pdb	14.021	31.797	0	28.027
swarm_21_38.pdb	5.563	20.461	0.192308	27.862
swarm_25_133.pdb	12.103	27.478	0	27.745
swarm_11_132.pdb	9.930	35.912	0	27.743
swarm_47_72.pdb	8.401	19.836	0	27.633
swarm_38_149.pdb	7.716	21.055	0.0384615	27.581
swarm_4_84.pdb	8.855	33.369	0	27.555
swarm_18_53.pdb	16.824	37.102	0	27.501
swarm_3_178.pdb	8.089	30.847	0	27.403
swarm_34_102.pdb	14.644	30.729	0	27.346
swarm_33_173.pdb	9.586	32.385	0	27.302
swarm_22_72.pdb	11.443	32.328	0	27.231
swarm_41_116.pdb	7.937	22.843	0	27.160
swarm_24_60.pdb	6.886	16.891	0.0384615	27.102
swarm_3_33.pdb	10.388	19.347	0	26.903
swarm_29_67.pdb	10.137	18.918	0	26.873
swarm_43_21.pdb	11.369	31.912	0	26.601
swarm_22_47.pdb	10.222	32.852	0	26.593
swarm_19_8.pdb	7.416	17.133	0.0769231	26.514
swarm_17_170.pdb	9.686	33.512	0	26.457
swarm_26_143.pdb	11.567	34.493	0	26.447
swarm_37_120.pdb	13.062	42.573	0.0769231	26.372
swarm_21_114.pdb	14.819	34.193	0	26.193
swarm_6_24.pdb	9.500	26.233	0	26.149
swarm_44_93.pdb	14.345	33.935	0	26.095
swarm_18_95.pdb	15.112	31.854	0	26.042
swarm_53_69.pdb	15.171	31.888	0	25.885
swarm_15_62.pdb	5.695	16.739	0.192308	25.810
swarm_21_3.pdb	10.123	27.403	0.0384615	25.808
swarm_18_181.pdb	10.079	30.003	0	25.742
swarm_27_110.pdb	6.926	20.560	0.0769231	25.697
swarm_7_192.pdb	7.485	24.756	0	25.626
swarm_35_155.pdb	10.707	35.747	0	25.626
swarm_22_188.pdb	6.644	21.838	0	25.527
swarm_37_34.pdb	9.584	32.325	0	25.416
swarm_1_160.pdb	8.410	24.275	0	25.300
swarm_38_170.pdb	9.083	20.720	0	25.292
swarm_38_199.pdb	9.865	19.220	0	25.235
swarm_8_194.pdb	8.742	19.908	0	25.178
swarm_13_154.pdb	6.123	16.975	0.0384615	25.032
swarm_12_5.pdb	4.664	17.988	0.307692	24.990
swarm_38_110.pdb	15.196	36.021	0	24.976
swarm_23_132.pdb	10.559	28.282	0	24.912
swarm_46_63.pdb	12.157	35.633	0	24.855
swarm_18_14.pdb	14.097	35.985	0	24.834
swarm_20_105.pdb	4.689	18.546	0.384615	24.624
swarm_33_124.pdb	11.872	19.375	0	24.398
swarm_15_9.pdb	9.507	32.684	0	24.268
swarm_12_99.pdb	7.755	20.996	0	24.238
swarm_42_116.pdb	7.926	19.839	0	24.229
swarm_11_74.pdb	14.642	35.011	0	24.219
swarm_26_35.pdb	8.619	18.884	0	24.128
swarm_44_199.pdb	8.262	21.923	0	24.083
swarm_16_98.pdb	7.561	24.599	0.115385	24.052
swarm_20_127.pdb	10.372	19.934	0	24.028
swarm_16_199.pdb	10.761	33.349	0	24.026
swarm_29_154.pdb	16.147	35.470	0	24.020
swarm_16_70.pdb	8.540	27.975	0.0384615	23.844
swarm_3_25.pdb	11.224	30.486	0	23.831
swarm_13_115.pdb	13.773	32.029	0	23.793
swarm_38_57.pdb	12.136	28.985	0	23.755
swarm_18_23.pdb	10.223	24.182	0	23.749
swarm_39_30.pdb	14.064	27.242	0	23.520
swarm_42_54.pdb	7.772	24.371	0.115385	23.421
swarm_45_128.pdb	9.278	25.455	0.0384615	23.290
swarm_55_133.pdb	10.323	22.961	0	23.201
swarm_35_146.pdb	10.765	34.036	0	23.094
swarm_34_189.pdb	7.741	29.226	0	23.084
swarm_47_40.pdb	10.621	20.839	0	23.082
swarm_14_20.pdb	6.374	24.032	0.230769	23.072
swarm_24_21.pdb	9.541	19.986	0	23.013
swarm_3_73.pdb	6.576	21.012	0	23.010
swarm_42_148.pdb	6.851	20.485	0.0384615	22.993
swarm_35_149.pdb	6.265	24.632	0.269231	22.953
swarm_29_140.pdb	4.523	8.801	0.0769231	22.877
swarm_4_88.pdb	14.599	38.373	0	22.834
swarm_31_73.pdb	11.588	32.051	0	22.822
swarm_3_17.pdb	9.480	22.493	0	22.675
swarm_41_184.pdb	14.095	28.617	0	22.665
swarm_22_60.pdb	8.541	33.391	0	22.631
swarm_7_67.pdb	7.163	22.148	0.0769231	22.592
swarm_34_4.pdb	9.896	20.149	0	22.579
swarm_33_182.pdb	13.848	26.775	0	22.467
swarm_9_124.pdb	11.652	26.518	0	22.447
swarm_22_60.pdb	6.044	15.760	0.0769231	22.416
swarm_34_31.pdb	7.839	25.151	0.115385	22.398
swarm_35_193.pdb	9.076	26.522	0.0384615	22.345
swarm_33_149.pdb	14.819	35.489	0	22.329
swarm_1_63.pdb	9.251	24.679	0	22.315
swarm_25_7.pdb	18.043	40.740	0	22.297
swarm_19_59.pdb	13.846	34.688	0	22.259
swarm_7_152.pdb	10.434	29.155	0.0384615	22.255
swarm_35_58.pdb	10.125	27.987	0.0769231	22.204
swarm_28_59.pdb	11.248	37.879	0	22.170
swarm_54_36.pdb	10.856	25.789	0	22.137
swarm_13_169.pdb	14.174	28.229	0	22.105
swarm_37_22.pdb	13.493	27.834	0	22.076
swarm_51_64.pdb	11.001	29.495	0	21.999
swarm_37_50.pdb	10.713	26.505	0	21.983
swarm_30_74.pdb	9.798	27.290	0	21.941
swarm_2_177.pdb	7.926	27.178	0	21.924
swarm_45_115.pdb	11.551	24.326	0	21.844
swarm_34_194.pdb	3.074	9.821	0.384615	21.690
swarm_26_43.pdb	14.452	35.253	0	21.654
swarm_31_102.pdb	11.775	24.773	0	21.643
swarm_0_131.pdb	9.461	30.463	0	21.577
swarm_56_125.pdb	5.372	14.811	0	21.564
swarm_23_125.pdb	8.025	23.183	0.0384615	21.538
swarm_3_153.pdb	10.441	17.689	0	21.464
swarm_16_17.pdb	3.764	12.479	0.384615	21.453
swarm_37_51.pdb	10.158	30.063	0	21.429
swarm_44_8.pdb	10.626	26.185	0	21.387
swarm_9_199.pdb	13.169	27.272	0	21.305
swarm_19_39.pdb	15.145	31.863	0	21.297
swarm_4_140.pdb	10.860	21.166	0	21.262
swarm_33_101.pdb	12.844	35.996	0	21.216
swarm_2_10.pdb	4.782	18.346	0.423077	21.152
swarm_8_170.pdb	14.434	31.418	0	21.149
swarm_21_77.pdb	11.872	24.292	0	21.149
swarm_2_140.pdb	10.127	27.419	0	21.076
swarm_19_169.pdb	11.262	21.942	0	21.066
swarm_43_177.pdb	13.019	28.201	0	21.031
swarm_56_102.pdb	6.521	23.000	0.192308	21.021
swarm_12_139.pdb	14.368	37.604	0	20.912
swarm_21_18.pdb	14.306	37.252	0	20.863
swarm_14_78.pdb	9.094	20.565	0	20.707
swarm_7_116.pdb	6.347	17.001	0	20.673
swarm_27_12.pdb	14.680	31.537	0	20.426
swarm_27_23.pdb	11.231	25.533	0	20.396
swarm_7_95.pdb	11.133	34.606	0	20.387
swarm_26_154.pdb	7.547	18.560	0.0769231	20.338
swarm_2_44.pdb	11.321	23.709	0	20.276
swarm_58_45.pdb	7.769	15.471	0	20.255
swarm_9_17.pdb	13.540	25.883	0	20.221
swarm_45_156.pdb	9.072	19.834	0	20.212
swarm_28_24.pdb	8.035	20.450	0	20.104
swarm_52_64.pdb	13.647	28.680	0	20.103
swarm_16_36.pdb	11.248	24.185	0	20.053
swarm_19_195.pdb	13.113	26.324	0	20.035
swarm_19_2.pdb	9.907	21.621	0	20.027
swarm_36_65.pdb	13.911	29.725	0	19.956
swarm_27_174.pdb	7.376	20.318	0	19.924
swarm_7_42.pdb	11.238	22.583	0	19.900
swarm_0_26.pdb	11.888	39.558	0	19.867
swarm_8_195.pdb	8.139	29.992	0	19.816
swarm_7_177.pdb	8.213	27.598	0.0769231	19.665
swarm_43_60.pdb	8.739	18.557	0	19.638
swarm_43_168.pdb	15.539	33.106	0	19.560
swarm_5_125.pdb	9.678	35.418	0.0769231	19.556
swarm_55_160.pdb	11.352	28.860	0	19.532
swarm_5_78.pdb	10.971	39.686	0.0769231	19.531
swarm_43_164.pdb	13.403	27.058	0	19.446
swarm_26_38.pdb	11.791	37.289	0	19.376
swarm_23_130.pdb	4.885	16.688	0.269231	19.368
swarm_45_1.pdb	6.746	16.482	0.115385	19.343
swarm_2_105.pdb	17.063	37.300	0	19.338
swarm_10_158.pdb	7.208	17.026	0.115385	19.327
swarm_34_125.pdb	9.298	21.144	0	19.174
swarm_29_91.pdb	10.567	32.207	0.0384615	19.169
swarm_4_3.pdb	9.421	19.733	0	19.164
swarm_4_5.pdb	11.567	24.729	0	19.112
swarm_39_172.pdb	10.022	16.791	0	18.905
swarm_9_9.pdb	15.211	31.563	0	18.835
swarm_30_15.pdb	6.883	18.877	0.115385	18.829
swarm_38_184.pdb	7.754	13.613	0.0384615	18.822
swarm_13_52.pdb	6.119	19.940	0.192308	18.714
swarm_11_93.pdb	10.900	27.195	0	18.652
swarm_40_16.pdb	13.299	28.561	0	18.589
swarm_42_11.pdb	9.582	17.788	0	18.498
swarm_39_92.pdb	11.743	19.098	0	18.465
swarm_0_28.pdb	9.564	28.598	0.0384615	18.392
swarm_7_184.pdb	11.810	27.546	0	18.329
swarm_32_182.pdb	9.264	33.844	0	18.325
swarm_9_171.pdb	7.559	25.741	0	18.308
swarm_8_60.pdb	7.198	24.115	0.0769231	18.240
swarm_50_124.pdb	10.766	17.484	0	18.191
swarm_8_96.pdb	9.685	35.538	0	18.168
swarm_2_67.pdb	6.240	19.233	0.153846	18.107
swarm_30_73.pdb	17.900	48.799	0	18.101
swarm_41_122.pdb	8.999	28.313	0	18.063
swarm_43_198.pdb	9.848	23.304	0	18.060
swarm_31_146.pdb	18.087	46.228	0	18.053
swarm_17_129.pdb	13.978	35.737	0	18.028
swarm_19_68.pdb	11.723	24.933	0	17.973
swarm_5_150.pdb	10.260	37.498	0	17.948
swarm_43_88.pdb	8.387	27.738	0	17.912
swarm_54_26.pdb	9.902	17.148	0	17.900
swarm_40_74.pdb	8.209	29.929	0.0384615	17.897
swarm_5_40.pdb	11.735	39.959	0	17.855
swarm_6_112.pdb	16.120	34.754	0	17.840
swarm_28_150.pdb	11.768	37.125	0.0384615	17.749
swarm_19_115.pdb	9.994	30.444	0.0384615	17.730
swarm_50_57.pdb	9.474	22.688	0	17.695
swarm_37_16.pdb	10.546	36.776	0	17.661
swarm_6_181.pdb	13.902	36.899	0	17.657
swarm_42_47.pdb	9.461	22.692	0	17.637
swarm_1_54.pdb	8.041	17.250	0	17.573
swarm_8_123.pdb	11.045	23.757	0	17.568
swarm_54_60.pdb	13.059	30.139	0	17.555
swarm_31_29.pdb	8.474	26.873	0	17.497
swarm_19_48.pdb	11.167	16.880	0	17.448
swarm_20_192.pdb	8.374	25.169	0	17.406
swarm_29_131.pdb	7.909	17.805	0	17.386
swarm_48_95.pdb	9.849	32.891	0	17.320
swarm_9_56.pdb	12.068	32.812	0	17.306
swarm_11_198.pdb	14.050	24.808	0	17.287
swarm_23_81.pdb	6.380	21.332	0.192308	17.271
swarm_0_0.pdb	7.487	24.800	0	17.261
swarm_31_159.pdb	17.524	40.843	0	17.242
swarm_55_21.pdb	10.597	19.927	0	17.210
swarm_15_26.pdb	6.512	14.754	0.115385	17.199
swarm_7_122.pdb	9.596	25.488	0	17.159
swarm_13_59.pdb	5.940	21.695	0.0769231	17.141
swarm_25_76.pdb	15.068	32.117	0	17.120
swarm_38_104.pdb	10.972	31.524	0.0384615	17.086
swarm_25_119.pdb	9.883	25.906	0	17.068
swarm_37_125.pdb	13.639	31.909	0	17.042
swarm_45_153.pdb	4.189	15.061	0.192308	16.992
swarm_34_48.pdb	10.417	29.121	0	16.986
swarm_39_137.pdb	10.341	31.964	0	16.976
swarm_11_77.pdb	10.793	23.920	0	16.955
swarm_16_35.pdb	7.680	12.838	0.0769231	16.863
swarm_34_17.pdb	7.843	27.685	0.115385	16.767
swarm_28_162.pdb	12.101	38.573	0.0384615	16.762
swarm_4_127.pdb	11.882	23.100	0	16.745
swarm_48_193.pdb	13.651	32.220	0	16.720
swarm_16_153.pdb	7.281	25.525	0.0769231	16.690
swarm_32_195.pdb	5.314	20.888	0.384615	16.680
swarm_50_161.pdb	10.304	15.672	0	16.655
swarm_34_30.pdb	13.108	32.114	0	16.653
swarm_2_41.pdb	13.799	28.496	0	16.615
swarm_23_65.pdb	8.651	25.769	0	16.587
swarm_34_31.pdb	8.972	22.243	0	16.568
swarm_46_106.pdb	14.917	41.203	0	16.508
swarm_11_36.pdb	7.163	21.361	0	16.500
swarm_10_115.pdb	9.324	34.564	0	16.470
swarm_7_124.pdb	13.849	35.150	0	16.422
swarm_35_122.pdb	14.061	42.120	0	16.395
swarm_38_108.pdb	9.310	20.367	0	16.390
swarm_14_62.pdb	8.656	27.450	0.153846	16.287
swarm_0_190.pdb	11.342	30.179	0	16.242
swarm_46_102.pdb	16.060	41.478	0	16.219
swarm_11_61.pdb	11.344	33.549	0	16.202
swarm_3_81.pdb	11.293	22.710	0	16.200
swarm_50_192.pdb	11.460	30.862	0	15.987
swarm_32_107.pdb	10.933	23.726	0	15.970
swarm_19_185.pdb	17.354	44.323	0	15.959
swarm_1_26.pdb	10.299	23.880	0	15.959
swarm_30_51.pdb	12.091	33.277	0	15.850
swarm_24_182.pdb	9.301	19.606	0	15.739
swarm_12_15.pdb	16.204	36.374	0	15.713
swarm_3_17.pdb	10.436	23.523	0	15.697
swarm_21_74.pdb	9.041	32.633	0	15.691
swarm_18_63.pdb	12.036	27.646	0	15.671
swarm_21_196.pdb	7.670	16.990	0.0769231	15.636
swarm_28_24.pdb	12.936	39.393	0.0384615	15.610
swarm_47_145.pdb	10.942	23.873	0	15.485
swarm_28_165.pdb	9.120	19.764	0	15.476
swarm_19_145.pdb	11.081	34.123	0	15.475
swarm_40_164.pdb	13.666	32.184	0	15.444
swarm_9_147.pdb	6.684	18.039	0.0769231	15.411
swarm_22_40.pdb	8.167	23.151	0	15.395
swarm_20_26.pdb	12.077	26.508	0	15.254
swarm_37_142.pdb	11.514	32.822	0	15.227
swarm_20_87.pdb	6.284	21.721	0.230769	15.200
swarm_4_24.pdb	5.950	17.131	0.0769231	15.190
swarm_56_137.pdb	8.727	17.816	0.0384615	15.117
swarm_38_96.pdb	5.146	16.472	0.230769	15.020
swarm_38_82.pdb	7.745	27.502	0.230769	14.953
swarm_55_132.pdb	10.862	33.270	0	14.939
swarm_7_72.pdb	10.837	25.059	0	14.767
swarm_38_50.pdb	9.142	14.930	0	14.693
swarm_4_133.pdb	4.554	13.405	0.346154	14.195
swarm_41_15.pdb	11.866	30.192	0	14.130
swarm_8_186.pdb	13.286	25.415	0	14.085
swarm_5_174.pdb	11.175	37.596	0	14.077
swarm_16_136.pdb	11.759	27.606	0	14.064
swarm_33_139.pdb	18.239	46.154	0	13.897
swarm_8_103.pdb	14.667	29.609	0	13.843
swarm_43_30.pdb	10.214	25.711	0	13.757
swarm_52_169.pdb	10.489	22.602	0	13.742
swarm_17_187.pdb	8.111	30.236	0	13.599
swarm_35_114.pdb	8.113	24.104	0.0769231	13.500
swarm_42_124.pdb	11.104	31.947	0	13.457
swarm_32_133.pdb	5.591	16.577	0.0769231	13.416
swarm_39_114.pdb	9.760	22.707	0	13.414
swarm_18_130.pdb	9.576	34.150	0	13.399
swarm_1_58.pdb	10.647	32.561	0.0769231	13.262
swarm_58_31.pdb	10.490	30.328	0	13.165
swarm_39_152.pdb	10.510	36.705	0.0384615	13.084
swarm_9_43.pdb	8.367	30.297	0.0384615	13.072
swarm_31_136.pdb	8.808	30.687	0	12.960
swarm_7_24.pdb	13.265	33.722	0	12.618
swarm_20_23.pdb	6.031	14.003	0.0384615	12.608
swarm_32_165.pdb	12.412	23.448	0	12.592
swarm_6_159.pdb	7.651	29.932	0.115385	12.584
swarm_16_160.pdb	7.274	20.084	0.115385	12.575
swarm_34_144.pdb	9.697	33.928	0.0384615	12.510
swarm_7_182.pdb	8.192	32.303	0.0769231	12.480
swarm_33_145.pdb	6.188	12.924	0	12.383
swarm_12_137.pdb	9.607	27.385	0.0384615	12.252
swarm_42_86.pdb	8.135	28.627	0.153846	12.243
swarm_47_62.pdb	15.473	31.831	0	12.122
swarm_40_195.pdb	12.693	34.443	0	11.947
swarm_44_153.pdb	9.422	27.756	0.0769231	11.926
swarm_6_172.pdb	8.879	28.094	0.230769	11.853
swarm_38_112.pdb	9.067	29.624	0.192308	11.751
swarm_2_78.pdb	5.962	17.882	0.153846	11.718
swarm_33_92.pdb	5.701	16.661	0.153846	11.294
swarm_10_102.pdb	8.969	34.733	0.230769	11.252
swarm_6_4.pdb	9.565	32.432	0	11.206
swarm_21_168.pdb	11.574	40.503	0	10.921
swarm_16_173.pdb	10.282	35.103	0.0384615	10.890
swarm_7_173.pdb	9.868	28.519	0.0769231	10.884
swarm_51_42.pdb	12.077	38.106	0.0384615	10.725
swarm_22_72.pdb	9.343	33.926	0.0384615	10.686
swarm_21_175.pdb	13.305	46.585	0	10.684
swarm_13_56.pdb	6.038	14.981	0	10.187
swarm_55_12.pdb	6.830	18.216	0	9.967
swarm_21_153.pdb	8.937	34.838	0.0769231	9.421
swarm_10_80.pdb	11.787	41.995	0.0769231	9.343
swarm_20_53.pdb	8.094	20.144	0.0384615	9.282
swarm_38_75.pdb	5.462	10.649	0.115385	9.052
swarm_13_145.pdb	2.741	6.463	0.615385	7.476
swarm_19_81.pdb	7.083	20.220	0.115385	2.438
