swarm_29_8.pdb	7.848	19.472	0.0384615	43.956
swarm_12_62.pdb	8.032	20.437	0	42.383
swarm_14_17.pdb	8.133	21.483	0	37.181
swarm_44_123.pdb	8.624	22.199	0	36.112
swarm_39_169.pdb	2.137	7.887	0.769231	35.605
swarm_13_179.pdb	7.382	18.327	0	35.013
swarm_15_157.pdb	2.716	10.816	0.692308	34.637
swarm_23_35.pdb	5.023	16.651	0.269231	33.707
swarm_11_180.pdb	7.729	26.335	0	32.574
swarm_21_104.pdb	8.215	18.466	0	32.513
swarm_36_196.pdb	14.318	34.308	0	31.840
swarm_32_55.pdb	8.443	19.807	0	31.836
swarm_41_20.pdb	8.524	18.855	0	31.473
swarm_6_10.pdb	8.425	19.298	0	31.471
swarm_10_63.pdb	8.036	16.586	0	31.073
swarm_24_2.pdb	7.949	17.218	0	30.957
swarm_25_192.pdb	8.545	19.960	0.0384615	30.388
swarm_16_22.pdb	8.287	20.232	0	29.778
swarm_20_130.pdb	7.522	16.147	0	29.700
swarm_10_143.pdb	9.853	23.019	0	29.212
swarm_33_21.pdb	12.840	39.089	0	29.110
swarm_7_172.pdb	8.630	19.672	0	28.964
swarm_9_63.pdb	14.044	32.025	0	28.677
swarm_36_154.pdb	7.732	18.715	0.0384615	28.511
swarm_18_70.pdb	14.441	34.706	0	28.134
swarm_19_87.pdb	14.021	31.797	0	28.027
swarm_25_133.pdb	12.103	27.478	0	27.745
swarm_47_72.pdb	8.401	19.836	0	27.633
swarm_33_173.pdb	9.586	32.385	0	27.302
swarm_22_72.pdb	11.443	32.328	0	27.231
swarm_41_116.pdb	7.937	22.843	0	27.160
swarm_22_47.pdb	10.222	32.852	0	26.593
swarm_19_8.pdb	7.416	17.133	0.0769231	26.514
swarm_21_114.pdb	14.819	34.193	0	26.193
swarm_6_24.pdb	9.500	26.233	0	26.149
swarm_44_93.pdb	14.345	33.935	0	26.095
swarm_18_95.pdb	15.112	31.854	0	26.042
swarm_15_62.pdb	5.695	16.739	0.192308	25.810
swarm_18_181.pdb	10.079	30.003	0	25.742
swarm_27_110.pdb	6.926	20.560	0.0769231	25.697
swarm_35_155.pdb	10.707	35.747	0	25.626
swarm_22_188.pdb	6.644	21.838	0	25.527
swarm_37_34.pdb	9.584	32.325	0	25.416
swarm_1_160.pdb	8.410	24.275	0	25.300
swarm_38_170.pdb	9.083	20.720	0	25.292
swarm_8_194.pdb	8.742	19.908	0	25.178
swarm_38_110.pdb	15.196	36.021	0	24.976
swarm_46_63.pdb	12.157	35.633	0	24.855
swarm_12_99.pdb	7.755	20.996	0	24.238
swarm_42_116.pdb	7.926	19.839	0	24.229
swarm_26_35.pdb	8.619	18.884	0	24.128
swarm_20_127.pdb	10.372	19.934	0	24.028
swarm_38_57.pdb	12.136	28.985	0	23.755
swarm_18_23.pdb	10.223	24.182	0	23.749
swarm_35_146.pdb	10.765	34.036	0	23.094
swarm_47_40.pdb	10.621	20.839	0	23.082
swarm_24_21.pdb	9.541	19.986	0	23.013
swarm_3_73.pdb	6.576	21.012	0	23.010
swarm_31_73.pdb	11.588	32.051	0	22.822
swarm_3_17.pdb	9.480	22.493	0	22.675
swarm_41_184.pdb	14.095	28.617	0	22.665
swarm_34_4.pdb	9.896	20.149	0	22.579
swarm_9_124.pdb	11.652	26.518	0	22.447
swarm_30_74.pdb	9.798	27.290	0	21.941
swarm_45_115.pdb	11.551	24.326	0	21.844
swarm_31_102.pdb	11.775	24.773	0	21.643
swarm_0_131.pdb	9.461	30.463	0	21.577
swarm_37_51.pdb	10.158	30.063	0	21.429
swarm_44_8.pdb	10.626	26.185	0	21.387
swarm_9_199.pdb	13.169	27.272	0	21.305
swarm_19_39.pdb	15.145	31.863	0	21.297
swarm_4_140.pdb	10.860	21.166	0	21.262
swarm_33_101.pdb	12.844	35.996	0	21.216
swarm_8_170.pdb	14.434	31.418	0	21.149
swarm_21_77.pdb	11.872	24.292	0	21.149
swarm_2_140.pdb	10.127	27.419	0	21.076
swarm_19_169.pdb	11.262	21.942	0	21.066
swarm_43_177.pdb	13.019	28.201	0	21.031
swarm_14_78.pdb	9.094	20.565	0	20.707
swarm_27_23.pdb	11.231	25.533	0	20.396
swarm_26_154.pdb	7.547	18.560	0.0769231	20.338
swarm_2_44.pdb	11.321	23.709	0	20.276
swarm_45_156.pdb	9.072	19.834	0	20.212
swarm_28_24.pdb	8.035	20.450	0	20.104
swarm_16_36.pdb	11.248	24.185	0	20.053
swarm_19_195.pdb	13.113	26.324	0	20.035
swarm_19_2.pdb	9.907	21.621	0	20.027
swarm_27_174.pdb	7.376	20.318	0	19.924
swarm_7_42.pdb	11.238	22.583	0	19.900
swarm_43_168.pdb	15.539	33.106	0	19.560
swarm_43_164.pdb	13.403	27.058	0	19.446
swarm_45_1.pdb	6.746	16.482	0.115385	19.343
swarm_10_158.pdb	7.208	17.026	0.115385	19.327
swarm_34_125.pdb	9.298	21.144	0	19.174
swarm_4_5.pdb	11.567	24.729	0	19.112
swarm_9_9.pdb	15.211	31.563	0	18.835
swarm_11_93.pdb	10.900	27.195	0	18.652
swarm_40_16.pdb	13.299	28.561	0	18.589
swarm_0_28.pdb	9.564	28.598	0.0384615	18.392
swarm_8_60.pdb	7.198	24.115	0.0769231	18.240
swarm_2_67.pdb	6.240	19.233	0.153846	18.107
swarm_41_122.pdb	8.999	28.313	0	18.063
swarm_17_129.pdb	13.978	35.737	0	18.028
swarm_43_88.pdb	8.387	27.738	0	17.912
swarm_40_74.pdb	8.209	29.929	0.0384615	17.897
swarm_6_112.pdb	16.120	34.754	0	17.840
swarm_8_123.pdb	11.045	23.757	0	17.568
swarm_31_29.pdb	8.474	26.873	0	17.497
swarm_48_95.pdb	9.849	32.891	0	17.320
swarm_23_81.pdb	6.380	21.332	0.192308	17.271
swarm_25_76.pdb	15.068	32.117	0	17.120
swarm_38_104.pdb	10.972	31.524	0.0384615	17.086
swarm_48_193.pdb	13.651	32.220	0	16.720
swarm_2_41.pdb	13.799	28.496	0	16.615
swarm_11_36.pdb	7.163	21.361	0	16.500
swarm_35_122.pdb	14.061	42.120	0	16.395
swarm_0_190.pdb	11.342	30.179	0	16.242
swarm_3_81.pdb	11.293	22.710	0	16.200
swarm_32_107.pdb	10.933	23.726	0	15.970
swarm_1_26.pdb	10.299	23.880	0	15.959
swarm_30_51.pdb	12.091	33.277	0	15.850
swarm_12_15.pdb	16.204	36.374	0	15.713
swarm_18_63.pdb	12.036	27.646	0	15.671
swarm_47_145.pdb	10.942	23.873	0	15.485
swarm_28_165.pdb	9.120	19.764	0	15.476
swarm_40_164.pdb	13.666	32.184	0	15.444
swarm_22_40.pdb	8.167	23.151	0	15.395
swarm_20_26.pdb	12.077	26.508	0	15.254
swarm_37_142.pdb	11.514	32.822	0	15.227
swarm_4_24.pdb	5.950	17.131	0.0769231	15.190
swarm_7_72.pdb	10.837	25.059	0	14.767
swarm_41_15.pdb	11.866	30.192	0	14.130
swarm_8_186.pdb	13.286	25.415	0	14.085
swarm_16_136.pdb	11.759	27.606	0	14.064
swarm_8_103.pdb	14.667	29.609	0	13.843
swarm_32_165.pdb	12.412	23.448	0	12.592
swarm_47_62.pdb	15.473	31.831	0	12.122
swarm_40_195.pdb	12.693	34.443	0	11.947
swarm_13_145.pdb	2.741	6.463	0.615385	7.476
swarm_19_81.pdb	7.083	20.220	0.115385	2.438
