swarm_1_66.pdb	9.216	31.433	0	41.404
swarm_5_161.pdb	8.359	28.599	0.0384615	38.447
swarm_7_67.pdb	9.493	31.877	0	38.212
swarm_6_83.pdb	8.491	29.135	0	38.031
swarm_4_177.pdb	8.689	30.841	0	33.184
swarm_9_17.pdb	8.810	30.706	0	27.254
swarm_7_31.pdb	9.141	32.448	0	25.395
swarm_1_89.pdb	8.464	32.018	0.115385	22.937
swarm_3_176.pdb	7.607	27.514	0.0769231	22.325
swarm_3_48.pdb	9.799	27.771	0.0769231	21.776
swarm_4_13.pdb	7.842	28.378	0	20.437
swarm_2_84.pdb	9.288	31.567	0.192308	19.135
swarm_6_149.pdb	8.774	31.222	0.0769231	18.530
swarm_5_43.pdb	9.040	31.960	0.115385	17.858
swarm_3_195.pdb	9.295	28.058	0.153846	16.424
swarm_2_20.pdb	9.014	32.977	0.115385	14.721
