swarm_21_152.pdb	6.181	21.449	0.0384615	50.725
swarm_29_118.pdb	2.876	11.092	0.730769	50.444
swarm_38_166.pdb	4.228	15.636	0.5	42.431
swarm_43_130.pdb	6.311	22.206	0.0384615	41.579
swarm_27_121.pdb	6.656	22.575	0.0769231	40.771
swarm_40_162.pdb	3.670	14.494	0.461538	40.701
swarm_34_20.pdb	8.157	28.749	0	39.901
swarm_44_75.pdb	3.349	14.014	0.576923	37.540
swarm_23_45.pdb	3.206	12.926	0.576923	36.276
swarm_22_87.pdb	9.446	32.431	0	33.878
swarm_15_71.pdb	4.756	18.258	0.230769	32.908
swarm_24_169.pdb	9.480	31.835	0	32.411
swarm_28_100.pdb	5.278	21.066	0.269231	29.329
swarm_25_0.pdb	9.309	30.948	0	29.244
swarm_42_127.pdb	5.235	17.698	0.192308	28.835
swarm_30_46.pdb	4.982	15.258	0.269231	28.766
swarm_37_25.pdb	8.981	30.091	0	28.595
swarm_29_55.pdb	4.842	19.697	0.307692	27.936
swarm_2_96.pdb	3.613	12.111	0.307692	27.276
swarm_38_35.pdb	3.860	14.552	0.615385	27.157
swarm_41_192.pdb	2.376	6.978	0.538462	26.890
swarm_35_11.pdb	3.375	12.340	0.5	26.772
swarm_20_118.pdb	4.185	12.256	0.307692	26.669
swarm_21_28.pdb	7.930	26.623	0	26.437
swarm_28_69.pdb	5.534	20.362	0.192308	26.151
swarm_1_81.pdb	9.256	27.003	0	26.021
swarm_43_53.pdb	6.313	21.492	0.115385	25.363
swarm_7_117.pdb	7.623	17.746	0	24.657
swarm_1_177.pdb	4.672	13.706	0.0769231	24.043
swarm_11_122.pdb	8.779	31.306	0	23.402
swarm_36_57.pdb	9.043	31.358	0	23.117
swarm_10_95.pdb	7.524	29.194	0.230769	23.107
swarm_11_171.pdb	8.684	28.229	0	22.604
swarm_10_24.pdb	7.080	24.818	0.0769231	22.202
swarm_11_147.pdb	8.753	25.554	0.0769231	21.796
swarm_1_85.pdb	7.411	21.519	0	21.771
swarm_14_132.pdb	10.014	31.806	0	21.523
swarm_18_114.pdb	11.013	32.693	0	21.449
swarm_37_100.pdb	9.875	34.320	0	21.349
swarm_16_196.pdb	5.950	20.787	0	21.340
swarm_9_107.pdb	7.252	23.662	0.0384615	21.165
swarm_2_123.pdb	5.599	18.556	0.307692	21.095
swarm_27_7.pdb	7.120	21.386	0	20.933
swarm_11_89.pdb	6.660	26.190	0.153846	20.931
swarm_39_183.pdb	6.129	21.521	0.0769231	20.894
swarm_15_105.pdb	7.466	20.115	0	20.831
swarm_32_175.pdb	10.131	32.899	0	20.803
swarm_2_109.pdb	7.148	16.391	0	20.790
swarm_13_66.pdb	4.268	13.132	0.230769	20.712
swarm_31_59.pdb	9.250	30.537	0	20.266
swarm_23_26.pdb	7.128	23.665	0.0769231	20.242
swarm_18_65.pdb	10.169	33.202	0	20.240
swarm_34_43.pdb	8.936	29.833	0.0384615	19.854
swarm_27_198.pdb	7.992	27.302	0.0384615	19.513
swarm_41_171.pdb	3.632	12.386	0.346154	19.270
swarm_19_166.pdb	5.939	20.053	0	19.266
swarm_44_157.pdb	6.372	26.221	0.269231	19.097
swarm_21_20.pdb	10.606	32.147	0	18.685
swarm_13_86.pdb	7.242	14.108	0.115385	18.443
swarm_29_50.pdb	4.528	10.589	0.230769	17.831
swarm_29_54.pdb	9.061	27.045	0	17.805
swarm_32_74.pdb	8.376	28.564	0	17.722
swarm_5_127.pdb	7.434	23.035	0.192308	17.620
swarm_26_113.pdb	3.754	7.874	0.230769	17.464
swarm_21_52.pdb	8.323	28.385	0.0769231	17.384
swarm_8_90.pdb	6.576	23.197	0.115385	17.277
swarm_23_17.pdb	7.426	22.920	0.0384615	17.176
swarm_15_187.pdb	6.379	16.172	0.115385	17.105
swarm_0_40.pdb	10.279	35.156	0	17.011
swarm_44_45.pdb	4.415	18.211	0.384615	16.977
swarm_38_158.pdb	8.373	22.740	0	16.944
swarm_44_133.pdb	6.775	19.134	0.0384615	16.827
swarm_36_33.pdb	10.675	37.615	0	16.712
swarm_5_3.pdb	3.845	11.730	0.192308	16.625
swarm_10_157.pdb	8.569	27.461	0	16.143
swarm_6_62.pdb	5.579	16.050	0.115385	16.071
swarm_38_83.pdb	6.725	22.857	0.192308	15.825
swarm_9_45.pdb	4.229	14.209	0.0769231	15.806
swarm_20_140.pdb	4.543	9.856	0.153846	15.677
swarm_10_126.pdb	8.982	33.766	0.192308	15.465
swarm_18_29.pdb	9.094	28.339	0.0769231	15.392
swarm_40_167.pdb	5.934	17.592	0.0384615	15.315
swarm_4_129.pdb	7.545	22.858	0	15.119
swarm_23_150.pdb	8.223	23.770	0.0769231	15.103
swarm_42_167.pdb	9.450	24.122	0	15.054
swarm_44_145.pdb	5.132	17.763	0.269231	14.995
swarm_42_80.pdb	7.709	23.416	0.0384615	14.851
swarm_26_21.pdb	4.365	9.316	0.115385	14.800
swarm_33_160.pdb	8.825	30.970	0.192308	14.659
swarm_27_34.pdb	9.428	28.807	0.0769231	14.488
swarm_41_122.pdb	10.085	25.545	0	14.478
swarm_13_55.pdb	3.996	11.965	0.115385	14.451
swarm_29_159.pdb	6.761	22.459	0.230769	14.441
swarm_23_74.pdb	9.696	24.438	0	14.342
swarm_44_91.pdb	8.234	24.629	0.230769	14.276
swarm_42_38.pdb	7.420	29.760	0.153846	14.101
swarm_43_139.pdb	8.336	24.846	0.0769231	14.073
swarm_35_10.pdb	6.734	20.651	0.0769231	13.925
swarm_4_91.pdb	11.187	30.877	0.0769231	13.797
swarm_26_136.pdb	6.269	17.000	0.230769	13.608
swarm_41_154.pdb	7.645	17.828	0	13.592
swarm_13_45.pdb	4.445	9.984	0.0384615	13.576
swarm_43_11.pdb	5.868	19.593	0.269231	13.353
swarm_4_72.pdb	9.439	27.728	0.0769231	12.846
swarm_35_138.pdb	7.160	18.244	0.115385	12.839
swarm_30_33.pdb	5.195	13.510	0	12.624
swarm_6_101.pdb	7.652	19.725	0	12.437
swarm_8_26.pdb	4.835	13.767	0.115385	12.357
swarm_42_185.pdb	9.584	27.179	0.0769231	12.198
swarm_15_87.pdb	10.855	28.598	0	11.962
swarm_39_127.pdb	10.787	26.744	0	11.847
swarm_5_117.pdb	7.652	21.468	0.0769231	11.722
swarm_20_55.pdb	7.305	18.711	0	11.608
swarm_13_75.pdb	9.698	21.580	0	11.382
swarm_27_181.pdb	6.932	20.404	0.0769231	11.125
swarm_42_10.pdb	9.872	32.931	0.153846	10.991
swarm_21_78.pdb	9.097	28.044	0.153846	10.398
