run0-swarm_1_63.pdb	5.206	16.854	0.0384615	40.350
run0-swarm_21_174.pdb	3.165	12.524	0.615385	37.149
run0-swarm_34_117.pdb	2.682	9.731	0.769231	37.032
run0-swarm_12_117.pdb	8.313	20.549	0	34.935
run0-swarm_3_23.pdb	5.120	17.246	0.153846	34.160
run0-swarm_6_106.pdb	8.407	21.319	0.0384615	33.810
run0-swarm_10_131.pdb	2.737	8.321	0.384615	33.766
run0-swarm_31_81.pdb	2.918	11.041	0.769231	31.487
run0-swarm_25_71.pdb	3.342	13.730	0.538462	30.862
run0-swarm_17_147.pdb	7.295	17.328	0.0769231	29.902
run0-swarm_8_90.pdb	8.425	17.927	0.0769231	29.642
run0-swarm_23_140.pdb	7.131	19.229	0.0384615	28.992
run0-swarm_26_146.pdb	2.592	8.590	0.269231	28.838
run0-swarm_13_51.pdb	4.151	15.033	0.269231	28.619
run0-swarm_23_61.pdb	5.556	15.930	0.115385	28.359
run0-swarm_36_31.pdb	9.042	30.147	0	27.977
run0-swarm_30_157.pdb	7.845	18.550	0	27.957
run0-swarm_18_135.pdb	8.680	28.031	0.0769231	27.840
run0-swarm_22_40.pdb	6.773	17.707	0.0384615	27.560
run0-swarm_9_71.pdb	7.344	24.483	0	27.373
run0-swarm_35_50.pdb	5.033	20.590	0.346154	26.503
run0-swarm_37_38.pdb	8.200	24.483	0	25.303
run0-swarm_36_95.pdb	9.402	31.611	0.0384615	24.541
run0-swarm_16_20.pdb	9.332	19.827	0.0384615	24.318
run0-swarm_10_22.pdb	8.399	17.247	0.0384615	24.229
run0-swarm_16_52.pdb	7.266	20.290	0.0384615	23.378
run0-swarm_0_68.pdb	7.264	24.753	0	23.332
run0-swarm_29_116.pdb	9.194	30.976	0	23.309
run0-swarm_3_175.pdb	8.196	19.004	0	23.286
run0-swarm_25_187.pdb	5.996	17.555	0.153846	22.929
run0-swarm_19_134.pdb	7.707	16.143	0.0769231	22.832
run0-swarm_40_124.pdb	5.631	14.938	0.115385	22.758
run0-swarm_27_91.pdb	8.592	23.243	0	22.662
run0-swarm_2_162.pdb	6.044	16.326	0.153846	22.365
run0-swarm_22_80.pdb	6.706	21.816	0.0769231	22.217
run0-swarm_22_79.pdb	6.735	19.930	0.115385	22.006
run0-swarm_20_178.pdb	8.346	17.080	0	21.985
run0-swarm_18_57.pdb	5.346	16.962	0.0769231	21.496
run0-swarm_28_88.pdb	7.483	21.087	0.115385	21.212
run0-swarm_30_46.pdb	9.524	20.306	0	20.964
run0-swarm_27_47.pdb	11.329	31.367	0	20.839
run0-swarm_11_76.pdb	8.477	15.936	0	20.678
run0-swarm_28_180.pdb	6.373	19.212	0.153846	20.254
run0-swarm_32_123.pdb	4.630	17.237	0.153846	20.091
run0-swarm_7_135.pdb	9.462	19.908	0.0769231	19.947
run0-swarm_10_153.pdb	8.622	14.070	0.0384615	19.916
run0-swarm_13_19.pdb	8.512	21.402	0	19.496
run0-swarm_40_49.pdb	8.709	15.069	0.0384615	19.108
run0-swarm_30_170.pdb	9.410	27.484	0.0384615	19.007
run0-swarm_11_0.pdb	4.386	11.594	0.192308	18.301
run0-swarm_7_133.pdb	4.891	14.915	0.153846	17.689
run0-swarm_23_96.pdb	6.584	19.528	0.0384615	17.630
run0-swarm_7_40.pdb	11.503	20.746	0.0384615	17.301
run0-swarm_1_82.pdb	5.765	19.023	0.0384615	17.207
run0-swarm_5_33.pdb	8.885	26.377	0	17.044
run0-swarm_41_59.pdb	8.406	26.263	0	16.511
run0-swarm_41_114.pdb	9.790	23.694	0	16.491
run0-swarm_5_123.pdb	7.973	23.850	0	16.448
run0-swarm_19_153.pdb	4.906	15.687	0.115385	16.011
run0-swarm_40_62.pdb	9.110	19.750	0	15.949
run0-swarm_39_150.pdb	6.457	17.530	0	15.477
run0-swarm_15_115.pdb	5.641	17.889	0.0384615	15.086
run0-swarm_9_137.pdb	9.303	24.923	0	14.073
run0-swarm_16_31.pdb	7.249	17.310	0	13.804
run0-swarm_15_59.pdb	7.684	24.081	0.0384615	13.744
run0-swarm_40_125.pdb	11.526	19.970	0.0384615	13.104
run0-swarm_34_101.pdb	6.861	14.648	0.115385	12.896
run0-swarm_10_189.pdb	5.124	13.657	0.230769	12.489
run0-swarm_4_36.pdb	7.336	15.014	0	11.317
