swarm_15_145.pdb	13.472	36.269	0	36.632
swarm_7_193.pdb	14.066	39.281	0	35.140
swarm_2_101.pdb	12.986	32.231	0	33.267
swarm_25_91.pdb	8.802	42.512	0.025641	32.857
swarm_21_108.pdb	12.946	23.695	0	32.534
swarm_20_120.pdb	14.606	41.179	0	32.010
swarm_2_140.pdb	10.071	30.480	0	31.794
swarm_2_35.pdb	14.276	30.113	0	31.317
swarm_10_56.pdb	13.359	29.080	0	31.176
swarm_2_91.pdb	12.363	25.689	0.025641	30.989
swarm_14_136.pdb	7.749	20.053	0	30.953
swarm_7_86.pdb	14.270	30.025	0	30.904
swarm_24_198.pdb	9.986	37.621	0	30.487
swarm_7_150.pdb	14.483	33.290	0	30.181
swarm_15_39.pdb	12.424	28.684	0	30.048
swarm_33_198.pdb	15.333	36.550	0	29.513
swarm_8_85.pdb	13.363	30.132	0	29.473
swarm_20_12.pdb	14.961	37.027	0	29.147
swarm_1_175.pdb	7.650	37.511	0.025641	29.069
swarm_15_13.pdb	14.035	37.102	0	28.768
swarm_20_14.pdb	15.192	44.129	0	28.666
swarm_30_16.pdb	14.480	34.124	0	28.657
swarm_0_177.pdb	15.901	26.476	0	28.271
swarm_7_180.pdb	12.020	29.302	0	28.087
swarm_34_156.pdb	12.958	21.953	0	27.665
swarm_2_21.pdb	13.196	29.334	0.179487	27.383
swarm_8_90.pdb	14.595	33.134	0	27.259
swarm_21_74.pdb	15.244	26.040	0	26.983
swarm_4_31.pdb	9.254	20.166	0	26.935
swarm_12_125.pdb	15.270	43.139	0	26.900
swarm_25_64.pdb	13.489	41.290	0.102564	26.811
swarm_13_73.pdb	11.615	37.526	0.0512821	26.665
swarm_12_195.pdb	12.154	43.676	0.0512821	26.524
swarm_14_83.pdb	12.767	28.229	0	26.493
swarm_14_107.pdb	12.702	28.120	0	26.358
swarm_14_70.pdb	11.504	21.174	0	26.327
swarm_0_194.pdb	10.066	20.421	0	26.240
swarm_21_106.pdb	14.811	26.675	0	25.964
swarm_14_54.pdb	11.214	30.107	0.025641	25.854
swarm_4_66.pdb	13.125	27.131	0	25.642
swarm_24_123.pdb	13.873	46.806	0	25.550
swarm_17_134.pdb	13.322	38.728	0	25.496
swarm_7_178.pdb	13.407	33.128	0.179487	25.482
swarm_24_189.pdb	13.544	41.918	0.0512821	25.377
swarm_7_94.pdb	16.007	37.966	0	25.133
swarm_21_197.pdb	11.379	21.001	0	25.035
swarm_30_116.pdb	12.810	37.382	0	25.018
swarm_11_62.pdb	17.465	47.151	0	24.947
swarm_1_196.pdb	15.001	44.778	0	24.663
swarm_30_13.pdb	17.000	33.109	0	24.621
swarm_4_18.pdb	13.716	22.538	0	24.530
swarm_31_102.pdb	15.859	26.914	0	24.488
swarm_11_123.pdb	10.917	38.320	0.025641	24.413
swarm_24_119.pdb	14.786	37.548	0	24.110
swarm_14_128.pdb	13.352	30.625	0.0769231	23.985
swarm_22_141.pdb	16.932	51.374	0	23.963
swarm_26_181.pdb	13.806	27.588	0	23.878
swarm_24_134.pdb	10.822	36.116	0	23.811
swarm_9_7.pdb	14.438	38.324	0	23.786
swarm_20_129.pdb	14.557	32.884	0	23.229
swarm_4_196.pdb	11.018	20.761	0	23.224
swarm_17_139.pdb	15.787	34.928	0	23.193
swarm_14_28.pdb	12.122	24.113	0	22.977
swarm_34_54.pdb	10.853	22.325	0.025641	22.883
swarm_10_174.pdb	12.861	24.966	0	22.835
swarm_22_145.pdb	12.835	47.015	0.0512821	22.813
swarm_1_121.pdb	13.733	46.972	0	22.548
swarm_13_146.pdb	15.967	46.553	0	22.376
swarm_8_157.pdb	14.494	32.792	0	22.326
swarm_30_32.pdb	8.942	39.091	0.102564	22.286
swarm_15_27.pdb	15.343	30.600	0	22.255
swarm_14_13.pdb	8.487	19.407	0	21.945
swarm_24_28.pdb	14.897	39.801	0	21.579
swarm_13_42.pdb	16.984	43.773	0	21.412
swarm_31_35.pdb	13.384	26.889	0.025641	21.328
swarm_22_113.pdb	16.090	47.338	0	21.133
swarm_10_24.pdb	9.883	24.360	0	21.106
swarm_24_71.pdb	9.543	46.062	0	21.011
swarm_9_113.pdb	14.089	34.236	0	20.844
swarm_13_25.pdb	15.121	36.732	0	20.642
swarm_10_91.pdb	14.163	32.069	0	20.586
swarm_33_90.pdb	14.565	37.140	0	20.552
swarm_18_172.pdb	12.814	38.247	0	20.285
swarm_11_106.pdb	18.447	48.246	0	20.190
swarm_25_20.pdb	13.986	37.116	0	20.138
swarm_1_158.pdb	15.707	47.679	0	20.044
swarm_13_176.pdb	14.760	41.809	0.025641	20.017
swarm_7_108.pdb	15.016	32.747	0	20.012
swarm_19_114.pdb	12.843	28.571	0.0769231	19.902
swarm_7_79.pdb	15.660	32.915	0	19.811
swarm_15_164.pdb	12.740	32.703	0	19.729
swarm_9_27.pdb	5.115	32.717	0.102564	19.721
swarm_19_34.pdb	11.460	31.745	0	19.708
swarm_20_101.pdb	16.027	36.390	0	19.631
swarm_10_62.pdb	13.878	24.923	0	19.629
swarm_10_124.pdb	10.869	24.398	0	19.498
swarm_20_198.pdb	11.031	37.274	0.025641	19.427
swarm_14_3.pdb	13.960	23.653	0	19.323
swarm_12_84.pdb	15.780	51.327	0	19.255
swarm_30_160.pdb	14.196	42.138	0	19.053
swarm_8_16.pdb	12.847	28.064	0	19.013
swarm_30_21.pdb	11.830	40.435	0	18.963
swarm_9_144.pdb	16.075	41.213	0	18.962
swarm_24_151.pdb	15.176	42.581	0	18.867
swarm_8_186.pdb	9.794	36.115	0.025641	18.808
swarm_34_144.pdb	15.119	23.228	0	18.608
swarm_0_4.pdb	13.669	22.465	0	18.314
swarm_19_163.pdb	13.115	30.188	0	17.969
swarm_15_128.pdb	10.453	35.455	0	17.870
swarm_36_80.pdb	9.091	43.439	0	17.735
swarm_8_196.pdb	13.278	27.425	0	17.645
swarm_8_140.pdb	12.511	27.210	0	17.182
swarm_1_191.pdb	13.999	36.333	0	17.057
swarm_9_99.pdb	15.363	33.977	0	17.013
swarm_20_89.pdb	10.461	27.639	0	16.251
swarm_35_186.pdb	13.472	31.121	0.025641	15.921
swarm_13_169.pdb	15.327	36.130	0	15.452
swarm_22_181.pdb	17.379	42.138	0	15.447
swarm_8_167.pdb	15.580	39.626	0	15.375
swarm_26_92.pdb	9.454	19.357	0	15.334
swarm_13_91.pdb	14.480	33.618	0	14.606
swarm_27_133.pdb	14.658	39.708	0	14.360
swarm_0_180.pdb	13.322	25.871	0	13.897
swarm_0_84.pdb	13.825	26.802	0.0512821	13.304
swarm_20_91.pdb	11.316	34.718	0	12.969
swarm_17_175.pdb	14.610	31.409	0	6.800
swarm_21_19.pdb	11.146	26.089	0	6.606
swarm_24_18.pdb	14.550	35.838	0	0.127
