swarm_22_121.pdb	1.515	7.552	0.692308	57.126
swarm_11_158.pdb	1.853	8.934	0.666667	54.375
swarm_3_27.pdb	1.983	9.141	0.717949	49.768
swarm_18_69.pdb	2.443	6.317	0.461538	48.787
swarm_7_73.pdb	3.974	20.289	0.205128	47.404
swarm_6_181.pdb	2.958	9.450	0.538462	47.095
swarm_16_13.pdb	4.524	22.358	0.102564	42.032
swarm_4_168.pdb	2.887	16.398	0.307692	41.821
swarm_5_141.pdb	5.186	33.042	0.0512821	40.264
swarm_6_92.pdb	3.664	15.965	0.205128	39.763
swarm_8_181.pdb	5.341	35.832	0.0769231	38.476
swarm_6_122.pdb	8.070	23.208	0	37.960
swarm_13_20.pdb	6.534	40.774	0.102564	37.137
swarm_17_198.pdb	5.369	35.810	0.0512821	36.698
swarm_15_197.pdb	10.261	46.026	0	35.616
swarm_5_190.pdb	6.554	37.562	0.102564	34.668
swarm_13_66.pdb	9.937	47.657	0	34.422
swarm_7_34.pdb	2.898	22.226	0.512821	33.590
swarm_12_19.pdb	8.890	45.168	0	33.560
swarm_22_189.pdb	5.086	20.328	0.0769231	33.336
swarm_7_176.pdb	7.834	24.722	0	33.166
swarm_5_166.pdb	4.459	27.729	0.128205	33.100
swarm_21_13.pdb	2.914	9.153	0.487179	32.394
swarm_9_47.pdb	6.380	38.847	0.0512821	31.756
swarm_11_17.pdb	3.901	6.409	0.0769231	30.831
swarm_1_188.pdb	8.651	45.246	0	29.789
swarm_10_14.pdb	9.115	41.485	0	28.824
swarm_8_23.pdb	9.339	47.629	0	28.688
swarm_20_135.pdb	8.730	39.753	0.0512821	28.643
swarm_9_41.pdb	8.822	42.204	0.025641	28.558
swarm_19_10.pdb	5.942	20.753	0.0512821	28.156
swarm_17_131.pdb	5.783	25.956	0	28.063
swarm_13_8.pdb	7.624	40.968	0	27.498
swarm_12_24.pdb	10.322	51.469	0	27.181
swarm_2_165.pdb	9.759	42.252	0.0512821	27.147
swarm_20_71.pdb	5.217	26.398	0.128205	27.050
swarm_14_25.pdb	2.795	3.963	0.333333	26.441
swarm_11_177.pdb	3.916	11.946	0.179487	26.214
swarm_15_32.pdb	12.184	52.981	0	25.534
swarm_0_85.pdb	8.192	38.263	0.0512821	25.212
swarm_15_118.pdb	9.520	42.627	0	25.058
swarm_0_130.pdb	7.102	26.358	0.0769231	24.714
swarm_8_85.pdb	6.519	39.248	0.0512821	24.531
swarm_8_179.pdb	9.549	46.304	0	24.525
swarm_18_70.pdb	5.650	14.599	0.025641	23.429
swarm_1_127.pdb	10.262	49.020	0	23.097
swarm_7_166.pdb	4.472	31.351	0.153846	23.028
swarm_9_126.pdb	10.190	48.088	0	22.882
swarm_20_21.pdb	7.634	33.279	0	22.755
swarm_16_184.pdb	6.019	31.176	0.128205	22.422
swarm_4_43.pdb	6.234	20.250	0	22.357
swarm_17_187.pdb	5.673	24.020	0.102564	21.886
swarm_3_100.pdb	4.257	13.981	0.333333	21.780
swarm_21_48.pdb	6.397	19.861	0.0512821	21.743
swarm_20_154.pdb	7.267	40.318	0	21.238
swarm_2_78.pdb	8.325	33.241	0.0512821	20.024
swarm_0_10.pdb	8.830	35.418	0.102564	19.912
swarm_1_68.pdb	11.312	52.653	0	19.908
swarm_12_149.pdb	9.245	47.988	0	19.889
swarm_15_72.pdb	10.031	46.329	0	19.568
swarm_19_31.pdb	4.843	14.185	0.128205	19.405
swarm_22_16.pdb	5.178	17.467	0.25641	19.266
swarm_18_91.pdb	6.961	21.964	0	18.598
swarm_2_188.pdb	8.348	31.887	0.102564	17.891
swarm_14_77.pdb	7.249	20.166	0	16.349
swarm_18_68.pdb	5.182	14.203	0.0512821	15.327
swarm_16_42.pdb	6.286	19.442	0.0512821	14.909
