swarm_297_137.pdb	15.079	66.653	0	28.787
swarm_357_19.pdb	13.782	29.986	0	27.100
swarm_257_60.pdb	13.881	30.622	0	26.696
swarm_376_51.pdb	7.122	25.646	0.025641	24.793
swarm_354_118.pdb	8.208	37.992	0.0512821	24.750
swarm_339_124.pdb	11.798	23.036	0	24.393
swarm_357_95.pdb	14.469	30.720	0	24.102
swarm_340_124.pdb	3.983	11.639	0.128205	24.101
swarm_359_9.pdb	13.183	30.848	0.025641	23.417
swarm_346_5.pdb	11.497	35.087	0	23.103
swarm_257_147.pdb	13.355	27.864	0	22.669
swarm_325_6.pdb	19.710	68.965	0	22.598
swarm_359_197.pdb	8.620	22.802	0	22.384
swarm_33_65.pdb	13.577	25.940	0.102564	22.381
swarm_359_162.pdb	6.909	35.762	0.128205	22.001
swarm_253_171.pdb	20.875	80.963	0	21.790
swarm_262_0.pdb	19.296	51.077	0	21.343
swarm_34_52.pdb	13.686	28.106	0.0769231	20.918
swarm_390_90.pdb	12.762	25.365	0	20.868
swarm_290_2.pdb	9.882	27.609	0.102564	20.793
swarm_40_187.pdb	7.109	40.403	0.0512821	20.769
swarm_340_96.pdb	11.213	20.167	0	20.694
swarm_346_143.pdb	12.948	32.023	0	20.586
swarm_183_24.pdb	23.556	82.136	0	20.559
swarm_40_150.pdb	12.873	33.074	0	20.278
swarm_257_4.pdb	12.568	22.379	0	20.195
swarm_300_102.pdb	19.401	52.644	0	20.140
swarm_263_28.pdb	22.975	74.604	0	20.028
swarm_339_41.pdb	13.263	26.732	0	19.977
swarm_290_56.pdb	13.948	24.237	0	19.973
swarm_357_91.pdb	14.141	33.044	0	19.843
swarm_297_149.pdb	19.723	64.680	0	19.826
swarm_279_72.pdb	9.905	23.437	0.0512821	19.600
swarm_363_149.pdb	8.286	36.244	0.025641	19.584
swarm_340_60.pdb	10.399	20.007	0	19.493
swarm_33_84.pdb	8.262	21.220	0	19.486
swarm_357_104.pdb	15.670	25.807	0	19.418
swarm_350_7.pdb	11.706	26.180	0	19.379
swarm_390_101.pdb	9.323	20.553	0	19.364
swarm_257_186.pdb	13.530	29.920	0.0512821	19.309
swarm_137_18.pdb	14.689	52.934	0	19.303
swarm_303_123.pdb	16.908	49.402	0	19.164
swarm_68_44.pdb	13.105	26.764	0	19.113
swarm_207_93.pdb	23.298	81.587	0	18.916
swarm_179_0.pdb	15.652	27.429	0	18.834
swarm_359_124.pdb	10.527	30.417	0	18.676
swarm_68_24.pdb	15.608	33.523	0	18.348
swarm_79_132.pdb	4.862	23.718	0.128205	18.261
swarm_350_27.pdb	15.542	26.741	0	18.018
swarm_339_192.pdb	4.738	23.728	0.307692	17.938
swarm_92_159.pdb	11.636	48.560	0	17.919
swarm_359_80.pdb	14.277	34.911	0	17.865
swarm_390_43.pdb	11.029	23.381	0.0512821	17.708
swarm_215_51.pdb	19.679	64.581	0	17.600
swarm_79_133.pdb	15.638	35.817	0	17.488
swarm_290_64.pdb	12.983	24.950	0	17.436
swarm_381_33.pdb	9.747	29.741	0	17.426
swarm_257_192.pdb	13.538	30.979	0.128205	17.373
swarm_196_120.pdb	25.023	74.416	0	17.273
swarm_342_114.pdb	10.192	35.638	0	17.142
swarm_357_33.pdb	13.891	30.834	0	17.001
swarm_359_50.pdb	14.316	31.250	0	16.972
swarm_363_25.pdb	15.918	41.922	0	16.731
swarm_381_5.pdb	9.995	29.210	0	16.709
swarm_355_135.pdb	29.842	90.453	0	16.598
swarm_346_169.pdb	11.288	38.921	0.0512821	16.597
swarm_104_192.pdb	14.509	41.311	0	16.434
swarm_359_62.pdb	6.732	21.967	0.205128	16.380
swarm_44_166.pdb	12.204	54.444	0.153846	16.359
swarm_381_132.pdb	12.932	35.969	0	16.184
swarm_292_36.pdb	22.882	55.959	0	15.883
swarm_44_98.pdb	14.417	53.198	0	15.713
swarm_33_33.pdb	14.412	28.826	0.025641	15.669
swarm_363_69.pdb	7.885	42.392	0	15.663
swarm_342_125.pdb	13.395	27.484	0	15.486
swarm_28_172.pdb	28.237	91.329	0	15.348
swarm_382_60.pdb	27.785	88.744	0	15.263
swarm_354_18.pdb	11.290	30.118	0	15.241
swarm_125_5.pdb	17.227	60.288	0	14.920
swarm_157_58.pdb	28.559	95.735	0	14.829
swarm_357_18.pdb	10.922	25.210	0.128205	14.668
swarm_69_103.pdb	14.728	57.725	0	14.625
swarm_342_83.pdb	8.991	26.787	0	14.383
swarm_55_73.pdb	13.858	61.619	0	14.364
swarm_374_24.pdb	10.947	39.778	0.0512821	14.330
swarm_361_14.pdb	12.511	37.212	0	14.228
swarm_41_122.pdb	26.834	89.433	0	14.222
swarm_359_23.pdb	14.741	34.842	0	13.958
swarm_290_89.pdb	11.895	23.983	0.025641	13.567
swarm_95_196.pdb	22.664	71.600	0	13.044
swarm_10_197.pdb	27.785	91.444	0	12.965
swarm_365_64.pdb	14.547	46.348	0	11.976
swarm_246_23.pdb	30.140	99.908	0	11.939
swarm_274_70.pdb	18.822	55.331	0	11.764
swarm_227_118.pdb	20.642	60.390	0	11.138
swarm_190_155.pdb	13.417	30.896	0	10.925
swarm_79_161.pdb	14.137	41.532	0.0512821	10.733
swarm_311_75.pdb	22.420	68.740	0	10.436
swarm_26_85.pdb	13.464	46.732	0.025641	10.300
swarm_288_53.pdb	17.193	67.915	0	9.788
swarm_359_153.pdb	10.990	33.673	0	9.711
swarm_359_105.pdb	11.920	35.493	0	7.648
swarm_165_64.pdb	26.184	84.921	0	6.586
swarm_357_158.pdb	10.008	23.375	0.0769231	5.986
swarm_16_103.pdb	12.053	44.851	0	5.393
swarm_79_196.pdb	8.274	28.822	0.102564	4.916
