swarm_49_7.pdb	13.701	24.184	0	34.892
swarm_24_142.pdb	13.550	22.987	0	34.589
swarm_0_199.pdb	13.699	25.682	0	34.489
swarm_48_165.pdb	13.183	27.900	0	34.344
swarm_41_190.pdb	13.732	25.639	0	33.616
swarm_11_117.pdb	12.851	28.195	0	32.864
swarm_34_87.pdb	14.992	26.001	0	32.495
swarm_3_123.pdb	16.243	37.561	0	31.693
swarm_50_66.pdb	13.151	26.368	0	31.558
swarm_48_115.pdb	14.274	31.821	0	31.331
swarm_45_84.pdb	2.802	9.200	0.484375	30.704
swarm_29_80.pdb	14.101	25.281	0	29.878
swarm_45_141.pdb	12.982	20.727	0	29.873
swarm_37_44.pdb	13.151	24.128	0	29.640
swarm_37_50.pdb	15.439	31.353	0	29.427
swarm_34_199.pdb	12.618	22.370	0	29.228
swarm_39_28.pdb	7.629	15.603	0.109375	28.978
swarm_42_75.pdb	13.762	24.238	0	28.975
swarm_41_47.pdb	14.445	27.116	0	28.765
swarm_6_140.pdb	12.520	29.263	0	28.503
swarm_48_190.pdb	14.044	25.703	0	28.401
swarm_39_124.pdb	14.381	25.307	0.015625	28.126
swarm_18_144.pdb	14.058	31.480	0	28.106
swarm_20_138.pdb	13.133	22.762	0	28.089
swarm_48_139.pdb	12.600	22.514	0	28.060
swarm_41_108.pdb	12.889	21.137	0	28.029
swarm_42_48.pdb	10.567	18.555	0	28.005
swarm_31_62.pdb	12.760	22.859	0	27.899
swarm_42_164.pdb	11.387	25.930	0	27.895
swarm_31_91.pdb	7.891	16.853	0	27.610
swarm_31_106.pdb	13.049	24.763	0	27.592
swarm_34_99.pdb	13.011	21.172	0	27.578
swarm_47_122.pdb	14.034	30.350	0	27.507
swarm_45_109.pdb	13.777	23.719	0	27.253
swarm_0_73.pdb	6.460	22.540	0.078125	26.731
swarm_49_82.pdb	13.561	22.652	0	26.714
swarm_31_113.pdb	14.538	33.469	0.078125	26.634
swarm_29_106.pdb	11.756	20.246	0	26.573
swarm_6_22.pdb	14.220	30.338	0	26.525
swarm_18_56.pdb	12.474	20.654	0	26.518
swarm_0_198.pdb	14.789	27.721	0.015625	26.469
swarm_24_38.pdb	10.126	16.043	0	26.401
swarm_13_121.pdb	14.440	26.486	0	26.338
swarm_49_47.pdb	13.872	24.688	0.03125	26.152
swarm_23_62.pdb	10.732	20.152	0	25.926
swarm_45_120.pdb	14.231	25.454	0	25.908
swarm_47_10.pdb	12.299	27.369	0	25.814
swarm_31_166.pdb	13.957	25.617	0	25.553
swarm_43_172.pdb	14.844	28.316	0	25.428
swarm_41_195.pdb	9.471	15.949	0.015625	25.325
swarm_11_67.pdb	12.477	24.574	0	25.280
swarm_45_50.pdb	10.016	19.661	0	25.207
swarm_19_187.pdb	13.956	30.740	0	25.116
swarm_29_73.pdb	8.770	17.576	0	25.046
swarm_40_103.pdb	14.299	27.609	0	24.916
swarm_38_106.pdb	13.959	31.797	0	24.848
swarm_29_51.pdb	13.645	23.795	0	24.843
swarm_0_37.pdb	12.419	19.740	0	24.840
swarm_47_39.pdb	15.256	35.351	0	24.692
swarm_41_10.pdb	13.111	21.479	0	24.658
swarm_19_194.pdb	11.737	27.617	0	24.571
swarm_48_100.pdb	9.568	31.424	0.046875	24.509
swarm_43_148.pdb	11.286	24.309	0	24.475
swarm_26_16.pdb	13.853	25.010	0	24.395
swarm_42_64.pdb	14.514	25.218	0	24.394
swarm_27_21.pdb	14.442	29.250	0	24.298
swarm_20_7.pdb	14.507	26.946	0	24.230
swarm_34_96.pdb	13.404	22.982	0	24.069
swarm_48_186.pdb	14.509	29.609	0	24.030
swarm_31_154.pdb	14.675	28.917	0.03125	24.028
swarm_41_114.pdb	9.757	16.919	0	23.932
swarm_19_174.pdb	9.378	27.058	0.0625	23.926
swarm_33_69.pdb	16.359	31.894	0	23.866
swarm_13_111.pdb	15.073	31.286	0.03125	23.853
swarm_0_193.pdb	12.538	23.468	0	23.848
swarm_0_122.pdb	14.618	26.942	0.015625	23.778
swarm_44_168.pdb	19.125	42.196	0	23.738
swarm_49_186.pdb	10.187	18.927	0	23.669
swarm_39_164.pdb	13.030	21.262	0	23.596
swarm_32_31.pdb	13.214	23.724	0	23.546
swarm_10_21.pdb	14.907	30.931	0	23.397
swarm_4_154.pdb	16.163	33.331	0	23.326
swarm_29_165.pdb	11.489	21.652	0	23.277
swarm_34_106.pdb	13.333	25.763	0.09375	23.173
swarm_26_135.pdb	13.254	22.580	0	22.964
swarm_16_158.pdb	19.748	43.135	0	22.940
swarm_32_138.pdb	14.543	25.312	0	22.895
swarm_0_90.pdb	10.826	20.191	0	22.885
swarm_31_145.pdb	13.799	28.571	0.015625	22.861
swarm_27_158.pdb	13.083	24.632	0	22.803
swarm_45_174.pdb	15.477	27.560	0	22.774
swarm_0_194.pdb	12.953	23.694	0	22.741
swarm_18_122.pdb	14.619	26.295	0.03125	22.703
swarm_39_161.pdb	13.523	20.971	0	22.624
swarm_30_13.pdb	17.827	42.288	0	22.593
swarm_31_146.pdb	13.409	26.865	0	22.454
swarm_24_104.pdb	5.949	15.046	0.046875	22.449
swarm_42_7.pdb	14.780	27.600	0	22.440
swarm_45_146.pdb	10.403	15.978	0	22.251
swarm_13_29.pdb	12.087	22.902	0.046875	22.250
swarm_48_162.pdb	7.355	23.299	0.0625	22.240
swarm_37_85.pdb	12.144	23.795	0	22.194
swarm_28_140.pdb	10.903	20.352	0.125	22.121
swarm_48_185.pdb	14.488	29.646	0	22.119
swarm_26_182.pdb	14.376	23.859	0	22.113
swarm_10_29.pdb	10.436	30.596	0.0625	22.044
swarm_9_1.pdb	13.761	25.064	0	22.035
swarm_16_141.pdb	18.958	42.484	0	22.025
swarm_53_16.pdb	7.201	20.027	0.078125	22.020
swarm_41_185.pdb	14.079	23.943	0	22.014
swarm_40_76.pdb	12.340	21.969	0	21.977
swarm_34_104.pdb	14.062	25.450	0	21.976
swarm_49_168.pdb	13.847	24.264	0	21.909
swarm_22_26.pdb	18.497	45.614	0	21.830
swarm_26_126.pdb	14.414	26.655	0	21.808
swarm_32_71.pdb	14.132	28.261	0.03125	21.763
swarm_29_135.pdb	14.718	27.521	0	21.736
swarm_42_20.pdb	15.144	29.130	0	21.731
swarm_9_73.pdb	9.947	21.003	0	21.623
swarm_40_57.pdb	15.700	30.688	0	21.597
swarm_0_97.pdb	10.516	21.158	0	21.590
swarm_43_144.pdb	16.518	31.465	0	21.574
swarm_6_142.pdb	10.361	27.218	0.015625	21.521
swarm_0_186.pdb	13.986	24.943	0	21.468
swarm_29_74.pdb	12.896	24.748	0	21.409
swarm_11_165.pdb	14.518	33.342	0	21.347
swarm_51_6.pdb	13.670	30.604	0	21.331
swarm_39_191.pdb	11.475	22.257	0.078125	21.238
swarm_45_35.pdb	13.059	24.491	0	21.103
swarm_46_195.pdb	15.849	34.854	0	21.051
swarm_41_178.pdb	11.708	21.832	0	20.975
swarm_37_68.pdb	8.989	22.754	0.046875	20.947
swarm_32_186.pdb	15.562	29.164	0	20.939
swarm_23_109.pdb	14.688	30.366	0	20.939
swarm_37_191.pdb	14.360	28.824	0	20.914
swarm_40_196.pdb	15.209	27.135	0	20.896
swarm_45_28.pdb	9.390	15.742	0	20.824
swarm_9_165.pdb	13.778	22.136	0	20.814
swarm_10_56.pdb	9.925	22.572	0	20.810
swarm_6_83.pdb	10.477	23.712	0	20.808
swarm_7_82.pdb	18.590	44.110	0	20.799
swarm_45_80.pdb	10.394	21.654	0.03125	20.796
swarm_32_7.pdb	14.610	27.794	0	20.737
swarm_48_77.pdb	15.184	30.854	0.03125	20.640
swarm_37_87.pdb	14.286	28.868	0	20.580
swarm_48_99.pdb	14.210	29.807	0.078125	20.532
swarm_19_128.pdb	14.670	32.445	0	20.503
swarm_36_20.pdb	17.025	34.767	0	20.461
swarm_26_27.pdb	10.420	17.979	0	20.407
swarm_28_44.pdb	14.102	23.369	0	20.404
swarm_14_17.pdb	13.958	25.517	0	20.366
swarm_37_185.pdb	14.813	30.391	0.015625	20.309
swarm_49_130.pdb	10.756	20.292	0.03125	20.246
swarm_19_59.pdb	13.870	29.358	0	20.238
swarm_0_74.pdb	10.394	22.444	0	20.200
swarm_34_137.pdb	8.364	19.677	0.046875	20.094
swarm_32_125.pdb	12.523	24.043	0	20.044
swarm_19_118.pdb	9.586	21.128	0	20.018
swarm_31_165.pdb	13.039	25.104	0	19.870
swarm_45_129.pdb	14.781	26.951	0	19.849
swarm_46_69.pdb	16.078	30.948	0.0625	19.836
swarm_39_40.pdb	13.026	23.336	0	19.833
swarm_27_48.pdb	13.010	23.780	0	19.752
swarm_13_80.pdb	12.043	24.069	0	19.464
swarm_31_5.pdb	14.042	27.429	0	19.447
swarm_27_80.pdb	16.326	29.433	0	19.432
swarm_24_82.pdb	15.390	29.082	0	19.396
swarm_19_129.pdb	12.092	26.980	0	19.184
swarm_33_109.pdb	13.746	24.878	0	19.168
swarm_37_23.pdb	10.529	20.260	0.03125	19.160
swarm_37_73.pdb	14.223	32.902	0	19.154
swarm_39_147.pdb	11.723	22.156	0.0625	19.151
swarm_49_198.pdb	11.352	19.508	0.046875	19.108
swarm_24_163.pdb	9.832	19.934	0.0625	19.025
swarm_18_46.pdb	8.437	19.858	0	18.961
swarm_50_161.pdb	12.920	28.138	0	18.913
swarm_20_17.pdb	14.109	26.507	0	18.865
swarm_10_66.pdb	17.001	35.235	0	18.653
swarm_0_77.pdb	13.754	22.288	0	18.632
swarm_6_27.pdb	15.139	30.274	0	18.614
swarm_49_196.pdb	8.747	15.420	0	18.552
swarm_31_78.pdb	5.830	22.349	0.015625	18.534
swarm_41_85.pdb	11.112	26.887	0.078125	18.522
swarm_34_62.pdb	11.827	20.184	0	18.499
swarm_23_13.pdb	9.266	23.160	0.046875	18.454
swarm_8_48.pdb	19.220	40.803	0	18.439
swarm_2_47.pdb	17.799	37.062	0	18.423
swarm_18_16.pdb	14.466	28.866	0.03125	18.391
swarm_37_147.pdb	13.947	24.150	0	18.346
swarm_31_16.pdb	14.482	28.201	0.046875	18.295
swarm_42_47.pdb	14.807	32.477	0	18.258
swarm_5_124.pdb	13.945	30.403	0	18.239
swarm_4_24.pdb	18.901	41.870	0	18.190
swarm_42_95.pdb	11.973	23.501	0	18.005
swarm_42_26.pdb	15.416	29.566	0	18.002
swarm_13_117.pdb	14.719	29.059	0	17.875
swarm_13_134.pdb	14.223	24.692	0	17.721
swarm_37_80.pdb	12.566	28.917	0	17.685
swarm_51_15.pdb	11.893	21.426	0	17.678
swarm_28_101.pdb	14.225	23.771	0	17.628
swarm_31_177.pdb	8.320	17.566	0	17.534
swarm_47_129.pdb	15.884	33.918	0	17.406
swarm_26_53.pdb	15.252	26.276	0	17.320
swarm_26_185.pdb	13.186	27.739	0	17.153
swarm_10_166.pdb	14.264	25.836	0	17.039
swarm_27_150.pdb	13.466	28.010	0	17.023
swarm_46_182.pdb	15.547	29.477	0	16.977
swarm_42_111.pdb	10.228	21.599	0.015625	16.931
swarm_19_52.pdb	12.518	32.227	0	16.710
swarm_29_62.pdb	14.899	26.259	0	16.692
swarm_11_194.pdb	13.145	34.374	0	16.583
swarm_51_27.pdb	18.884	39.978	0	16.503
swarm_11_81.pdb	15.386	32.129	0	16.402
swarm_38_120.pdb	14.982	35.984	0	16.392
swarm_28_136.pdb	14.918	24.591	0.015625	16.262
swarm_48_148.pdb	13.241	27.403	0	16.209
swarm_20_101.pdb	16.008	30.130	0	16.184
swarm_0_32.pdb	9.048	16.676	0.03125	16.163
swarm_27_38.pdb	15.063	30.750	0.09375	16.039
swarm_0_123.pdb	14.440	25.466	0.015625	15.988
swarm_18_171.pdb	13.958	28.922	0.015625	15.964
swarm_39_151.pdb	8.299	14.651	0	15.807
swarm_13_132.pdb	11.954	22.032	0.015625	15.634
swarm_4_33.pdb	12.383	29.565	0	15.541
swarm_20_153.pdb	14.779	27.369	0.09375	15.527
swarm_39_157.pdb	12.462	23.978	0	15.326
swarm_33_145.pdb	17.402	37.253	0	15.101
swarm_41_174.pdb	9.890	15.404	0	15.059
swarm_39_84.pdb	12.440	19.980	0	14.535
swarm_39_109.pdb	8.695	16.107	0.03125	14.479
swarm_41_3.pdb	14.260	25.334	0	14.364
swarm_41_191.pdb	2.885	5.410	0.34375	14.314
swarm_37_22.pdb	13.705	28.399	0	13.893
swarm_31_152.pdb	14.947	30.057	0	13.831
swarm_51_167.pdb	14.259	29.107	0	13.734
swarm_13_67.pdb	12.778	24.731	0	13.731
swarm_6_75.pdb	12.427	28.206	0	13.404
swarm_38_156.pdb	15.449	37.277	0	13.283
swarm_37_181.pdb	12.381	23.430	0	13.208
swarm_34_150.pdb	12.216	25.217	0.046875	12.985
swarm_0_3.pdb	10.797	20.768	0	12.839
swarm_41_26.pdb	9.928	20.531	0.015625	12.621
swarm_48_170.pdb	14.278	31.054	0	11.884
swarm_49_194.pdb	12.820	23.371	0.078125	11.488
swarm_6_38.pdb	15.979	36.444	0	11.427
swarm_49_151.pdb	7.997	20.006	0.03125	11.001
swarm_25_80.pdb	14.590	26.367	0	9.169
swarm_53_27.pdb	16.236	29.581	0	5.285
swarm_7_56.pdb	13.823	30.442	0	4.666
swarm_24_53.pdb	15.216	26.826	0	2.188
swarm_51_117.pdb	12.832	29.160	0	1.236
swarm_50_124.pdb	13.531	24.415	0	1.076
