run0-swarm_0_131.pdb	1.241	4.512	0.765625	40.050
run0-swarm_37_103.pdb	1.667	4.465	0.703125	37.571
run0-swarm_24_1.pdb	7.281	23.280	0.078125	34.920
run0-swarm_47_23.pdb	6.709	20.258	0.1875	34.375
run0-swarm_35_167.pdb	6.303	20.761	0.078125	34.149
run0-swarm_39_68.pdb	2.608	8.275	0.53125	34.058
run0-swarm_0_65.pdb	4.657	13.314	0.265625	31.514
run0-swarm_35_105.pdb	3.896	11.213	0.234375	31.049
run0-swarm_39_66.pdb	7.846	14.361	0.015625	31.044
run0-swarm_34_6.pdb	11.027	18.460	0	31.001
run0-swarm_43_145.pdb	8.127	27.811	0	30.854
run0-swarm_0_192.pdb	7.166	14.807	0.015625	30.554
run0-swarm_9_164.pdb	7.020	24.718	0.109375	30.313
run0-swarm_4_62.pdb	11.986	32.219	0	29.653
run0-swarm_38_43.pdb	12.693	27.386	0	29.034
run0-swarm_1_122.pdb	7.715	26.494	0	28.510
run0-swarm_24_155.pdb	7.137	13.828	0.015625	28.502
run0-swarm_21_84.pdb	10.221	18.181	0	28.480
run0-swarm_34_159.pdb	11.487	21.063	0	27.921
run0-swarm_40_168.pdb	8.111	14.810	0	27.360
run0-swarm_0_157.pdb	7.384	14.201	0	27.266
run0-swarm_49_121.pdb	11.545	22.605	0	26.902
run0-swarm_0_111.pdb	5.611	19.426	0.265625	26.742
run0-swarm_44_73.pdb	8.259	28.051	0	26.699
run0-swarm_24_72.pdb	8.635	21.817	0	26.469
run0-swarm_47_195.pdb	7.377	26.689	0	26.341
run0-swarm_23_77.pdb	8.493	13.628	0	25.699
run0-swarm_9_149.pdb	6.702	22.866	0	25.666
run0-swarm_32_198.pdb	8.040	27.966	0	25.657
run0-swarm_38_197.pdb	9.745	18.573	0	25.289
run0-swarm_17_60.pdb	10.298	18.055	0	25.194
run0-swarm_9_32.pdb	8.069	21.456	0.015625	25.161
run0-swarm_6_182.pdb	9.661	24.353	0	24.917
run0-swarm_37_158.pdb	8.626	13.244	0	24.574
run0-swarm_50_110.pdb	11.789	26.172	0	24.562
run0-swarm_20_79.pdb	8.758	14.548	0	24.425
run0-swarm_45_71.pdb	6.606	21.535	0.03125	24.333
run0-swarm_46_68.pdb	6.918	27.219	0.015625	24.219
run0-swarm_10_146.pdb	7.951	18.640	0	24.080
run0-swarm_38_173.pdb	10.269	18.062	0	24.014
run0-swarm_11_163.pdb	13.306	34.315	0	23.904
run0-swarm_39_36.pdb	3.382	10.807	0.390625	23.662
run0-swarm_8_137.pdb	9.359	28.397	0.015625	23.645
run0-swarm_34_53.pdb	8.411	17.055	0	23.553
run0-swarm_26_101.pdb	12.979	32.636	0	23.333
run0-swarm_17_97.pdb	7.809	25.291	0	23.306
run0-swarm_23_30.pdb	3.382	10.705	0.375	23.292
run0-swarm_40_110.pdb	11.793	25.013	0	23.132
run0-swarm_36_27.pdb	7.501	27.531	0	23.096
run0-swarm_4_36.pdb	14.601	39.822	0	22.969
run0-swarm_10_123.pdb	11.088	26.885	0	22.893
run0-swarm_46_140.pdb	7.528	26.326	0.171875	22.813
run0-swarm_10_153.pdb	7.677	12.685	0	22.709
run0-swarm_37_157.pdb	4.275	11.396	0.25	22.583
run0-swarm_13_73.pdb	10.904	34.805	0	22.489
run0-swarm_6_186.pdb	7.514	25.322	0.109375	22.264
run0-swarm_48_83.pdb	12.804	32.739	0	22.236
run0-swarm_51_129.pdb	7.811	30.711	0	22.218
run0-swarm_6_5.pdb	7.344	22.943	0.03125	22.162
run0-swarm_39_52.pdb	7.444	15.833	0	22.162
run0-swarm_21_41.pdb	5.871	17.280	0.0625	21.972
run0-swarm_29_193.pdb	13.091	34.509	0	21.734
run0-swarm_38_6.pdb	7.974	25.316	0	21.016
run0-swarm_26_84.pdb	10.011	26.741	0	19.923
run0-swarm_49_19.pdb	10.543	29.072	0	19.887
run0-swarm_1_76.pdb	10.354	30.932	0	19.367
run0-swarm_48_94.pdb	8.417	29.212	0	19.181
run0-swarm_2_132.pdb	10.614	28.311	0	19.010
run0-swarm_41_82.pdb	8.742	29.919	0	18.600
run0-swarm_13_50.pdb	11.570	31.628	0	18.584
run0-swarm_14_76.pdb	11.318	32.043	0	18.235
run0-swarm_19_149.pdb	9.104	33.042	0	14.296
run0-swarm_45_49.pdb	7.309	14.097	0.015625	12.847
run0-swarm_38_60.pdb	8.027	19.444	0	11.364
run0-swarm_5_68.pdb	9.301	34.423	0	8.794
