swarm_4_105.pdb	12.989	26.501	0	54.941
swarm_0_149.pdb	13.955	25.305	0	51.296
swarm_0_117.pdb	13.678	25.609	0	48.841
swarm_2_181.pdb	13.912	23.882	0	47.403
swarm_3_196.pdb	7.065	15.380	0.015625	46.277
swarm_1_133.pdb	9.519	24.075	0.09375	45.741
swarm_8_150.pdb	14.356	31.271	0	44.593
swarm_9_154.pdb	13.741	22.993	0	43.934
swarm_6_177.pdb	12.672	22.145	0	43.852
swarm_5_40.pdb	14.015	23.508	0	43.470
swarm_2_79.pdb	12.526	21.793	0.09375	43.470
swarm_8_64.pdb	13.356	24.828	0	42.665
swarm_4_118.pdb	15.043	31.798	0.015625	41.764
swarm_5_50.pdb	10.477	23.066	0	41.683
swarm_2_22.pdb	8.517	16.408	0.015625	41.629
swarm_1_85.pdb	14.368	30.253	0	41.519
swarm_5_3.pdb	4.486	12.027	0.171875	41.510
swarm_8_130.pdb	13.016	26.601	0.015625	40.944
swarm_5_17.pdb	14.076	24.183	0	40.607
swarm_3_106.pdb	13.571	22.717	0	40.508
swarm_7_80.pdb	14.027	25.049	0	40.334
swarm_7_55.pdb	13.724	23.726	0	39.314
swarm_1_105.pdb	13.799	27.874	0	39.218
swarm_7_168.pdb	13.169	22.587	0	38.808
swarm_8_137.pdb	14.363	27.765	0	38.767
swarm_2_9.pdb	13.934	23.249	0	38.547
swarm_5_155.pdb	14.210	24.280	0	38.503
swarm_2_137.pdb	9.189	18.015	0.0625	38.216
swarm_9_53.pdb	13.735	23.213	0	38.010
swarm_5_82.pdb	14.000	24.153	0	37.679
swarm_4_149.pdb	14.109	27.104	0.09375	37.515
swarm_2_199.pdb	12.581	20.981	0	37.282
swarm_6_120.pdb	13.682	24.645	0	36.590
swarm_7_181.pdb	14.385	23.926	0	36.472
swarm_2_90.pdb	12.204	19.934	0	36.243
swarm_2_107.pdb	13.714	21.758	0	36.220
swarm_8_115.pdb	7.581	25.340	0.078125	36.210
swarm_1_35.pdb	12.686	26.941	0	36.093
swarm_0_22.pdb	13.664	22.581	0	35.868
swarm_0_93.pdb	8.674	23.442	0.0625	35.640
swarm_2_41.pdb	14.323	24.562	0	35.209
swarm_0_64.pdb	13.114	21.993	0	35.146
swarm_0_178.pdb	10.689	19.945	0	34.910
swarm_8_157.pdb	15.280	31.500	0	34.639
swarm_0_14.pdb	12.234	22.554	0	34.509
swarm_1_90.pdb	11.718	24.703	0.0625	34.449
swarm_1_159.pdb	13.282	22.037	0	34.398
swarm_1_172.pdb	13.663	24.214	0	34.226
swarm_5_197.pdb	13.974	24.771	0	33.644
swarm_5_45.pdb	12.635	23.426	0	33.593
swarm_6_72.pdb	11.586	20.873	0	33.262
swarm_6_3.pdb	13.394	26.693	0	33.186
swarm_7_172.pdb	13.519	28.550	0	32.985
swarm_7_161.pdb	12.724	20.844	0	32.939
swarm_0_153.pdb	9.464	17.641	0	32.825
swarm_9_119.pdb	12.891	20.307	0	32.765
swarm_0_52.pdb	10.372	20.857	0	32.569
swarm_3_174.pdb	12.674	24.492	0	32.185
swarm_3_161.pdb	12.535	20.401	0	32.108
swarm_0_45.pdb	14.042	25.167	0	31.821
swarm_7_57.pdb	9.227	19.020	0.015625	31.538
swarm_7_124.pdb	16.359	29.613	0	31.384
swarm_0_111.pdb	13.235	23.322	0	31.278
swarm_9_110.pdb	10.485	21.926	0	31.026
swarm_6_193.pdb	13.341	25.384	0.015625	31.005
swarm_9_79.pdb	13.141	24.879	0.03125	30.998
swarm_0_83.pdb	10.195	22.233	0	30.994
swarm_9_51.pdb	11.692	23.455	0	30.719
swarm_3_148.pdb	15.253	26.682	0	30.669
swarm_6_4.pdb	13.393	23.202	0.015625	30.621
swarm_4_171.pdb	15.081	29.003	0	30.616
swarm_0_57.pdb	12.588	20.197	0	30.319
swarm_7_183.pdb	7.807	18.070	0.03125	29.989
swarm_4_37.pdb	14.919	28.757	0	29.980
swarm_6_54.pdb	14.810	25.071	0	29.916
swarm_6_114.pdb	12.537	25.866	0.0625	29.784
swarm_7_169.pdb	13.679	20.737	0	29.750
swarm_2_91.pdb	11.119	21.121	0.015625	29.479
swarm_3_160.pdb	13.746	23.082	0	29.087
swarm_3_55.pdb	14.805	24.167	0	29.001
swarm_2_39.pdb	14.016	25.500	0	28.959
swarm_9_28.pdb	8.971	16.587	0	28.774
swarm_2_45.pdb	8.484	14.541	0	28.597
swarm_2_127.pdb	14.331	25.806	0	28.417
swarm_2_139.pdb	8.812	15.527	0	28.230
swarm_6_124.pdb	12.830	19.258	0	28.126
swarm_9_182.pdb	7.606	16.207	0.109375	27.884
swarm_4_98.pdb	15.513	28.672	0.046875	27.764
swarm_9_194.pdb	11.699	21.777	0	27.762
swarm_8_51.pdb	13.062	24.582	0	27.652
swarm_3_19.pdb	12.231	19.920	0	27.514
swarm_9_125.pdb	9.674	17.124	0	27.464
swarm_5_166.pdb	11.330	20.386	0.015625	27.358
swarm_5_77.pdb	14.268	24.823	0	27.263
swarm_3_20.pdb	10.095	17.881	0	26.997
swarm_6_30.pdb	13.281	24.459	0	26.934
swarm_5_101.pdb	13.917	22.102	0	26.820
swarm_8_65.pdb	13.576	28.282	0	26.729
swarm_1_135.pdb	12.818	24.094	0	26.558
swarm_5_81.pdb	13.435	27.128	0	26.479
swarm_8_121.pdb	9.320	27.557	0.015625	26.295
swarm_9_89.pdb	11.825	20.912	0	25.914
swarm_8_4.pdb	14.011	30.554	0.046875	25.648
swarm_6_121.pdb	9.584	20.219	0	25.319
swarm_0_76.pdb	14.346	26.199	0	25.221
swarm_8_8.pdb	13.124	25.073	0	25.174
swarm_9_122.pdb	11.994	24.400	0	25.070
swarm_7_20.pdb	14.157	24.747	0	24.919
swarm_3_84.pdb	15.044	26.924	0	24.904
swarm_6_80.pdb	13.198	24.613	0	24.773
swarm_8_62.pdb	12.970	28.706	0	24.681
swarm_3_34.pdb	8.294	12.874	0	24.228
swarm_4_60.pdb	13.996	26.615	0	24.148
swarm_2_31.pdb	11.700	21.324	0.03125	24.093
swarm_3_177.pdb	11.169	18.398	0	24.091
swarm_4_178.pdb	10.678	22.330	0	23.875
swarm_0_49.pdb	15.274	28.780	0	23.632
swarm_6_50.pdb	14.519	23.652	0	23.449
swarm_1_131.pdb	14.149	28.409	0	23.412
swarm_5_13.pdb	10.415	18.712	0	23.237
swarm_3_29.pdb	11.977	23.669	0	23.099
swarm_7_151.pdb	14.379	26.556	0	22.764
swarm_2_122.pdb	13.490	23.888	0	22.707
swarm_2_96.pdb	14.867	26.132	0.015625	22.539
swarm_3_33.pdb	12.887	21.453	0	22.434
swarm_0_189.pdb	15.100	26.211	0	22.255
swarm_1_111.pdb	14.336	25.022	0	22.046
swarm_2_145.pdb	11.087	19.598	0	21.884
swarm_8_56.pdb	6.411	25.708	0.21875	21.122
swarm_4_136.pdb	14.585	31.386	0	20.459
swarm_4_31.pdb	14.115	26.220	0	18.898
swarm_7_66.pdb	14.900	26.697	0	18.560
swarm_1_168.pdb	9.814	26.548	0	18.190
swarm_4_151.pdb	9.480	26.434	0.03125	17.791
swarm_8_35.pdb	13.891	26.673	0	17.371
swarm_9_118.pdb	11.317	18.943	0.015625	15.425
swarm_4_112.pdb	10.852	26.055	0	14.837
swarm_4_148.pdb	6.752	23.185	0.015625	13.474
swarm_1_121.pdb	11.279	26.654	0	13.218
swarm_9_192.pdb	15.263	27.436	0	12.548
swarm_6_153.pdb	12.948	22.336	0	7.162
swarm_0_155.pdb	12.163	24.326	0	6.072
swarm_5_55.pdb	11.569	17.707	0	4.981
swarm_3_178.pdb	14.529	25.058	0	4.721
swarm_7_94.pdb	13.573	22.212	0	0.964
