swarm_33_48.pdb	14.188	24.271	0	27.760
swarm_267_74.pdb	12.189	39.245	0.046875	24.630
swarm_351_20.pdb	15.187	32.030	0.03125	22.602
swarm_15_88.pdb	13.249	23.328	0.03125	22.260
swarm_55_140.pdb	13.882	24.487	0	22.158
swarm_179_178.pdb	11.975	28.766	0	21.334
swarm_335_188.pdb	13.709	31.319	0.03125	21.284
swarm_12_121.pdb	22.554	68.116	0	21.081
swarm_132_146.pdb	17.502	55.105	0	20.812
swarm_376_90.pdb	13.886	25.919	0.09375	20.757
swarm_11_158.pdb	7.982	15.729	0.09375	20.229
swarm_132_5.pdb	13.943	46.286	0	19.815
swarm_186_110.pdb	13.634	33.664	0	19.250
swarm_351_103.pdb	16.628	34.699	0.0625	19.164
swarm_202_100.pdb	19.676	68.320	0	19.157
swarm_47_139.pdb	12.588	22.902	0.015625	19.134
swarm_339_160.pdb	12.183	32.097	0.03125	19.067
swarm_371_10.pdb	8.065	16.407	0	18.888
swarm_315_181.pdb	13.715	40.874	0	18.852
swarm_311_197.pdb	15.068	57.741	0	18.708
swarm_168_55.pdb	13.430	36.930	0.09375	18.549
swarm_47_9.pdb	9.170	15.910	0	18.546
swarm_358_93.pdb	7.664	23.790	0.015625	18.165
swarm_14_173.pdb	23.816	73.931	0	17.984
swarm_95_180.pdb	15.032	28.498	0	17.959
swarm_382_49.pdb	9.226	26.675	0.09375	17.884
swarm_149_195.pdb	18.889	58.623	0	17.884
swarm_32_197.pdb	7.848	16.146	0.15625	17.517
swarm_187_151.pdb	12.201	29.650	0.03125	17.426
swarm_374_0.pdb	7.400	16.302	0.046875	17.419
swarm_374_84.pdb	9.857	15.969	0	17.291
swarm_175_152.pdb	19.323	60.533	0	16.911
swarm_202_20.pdb	23.334	76.321	0	16.860
swarm_114_135.pdb	7.527	19.614	0.03125	16.612
swarm_337_197.pdb	6.738	19.993	0.171875	16.457
swarm_60_97.pdb	12.165	34.244	0.03125	16.434
swarm_375_123.pdb	12.331	35.896	0	16.369
swarm_110_74.pdb	25.273	78.053	0	16.363
swarm_93_21.pdb	7.054	14.335	0	16.297
swarm_361_76.pdb	25.903	80.896	0	16.284
swarm_192_9.pdb	16.341	28.872	0.0625	16.279
swarm_111_31.pdb	6.852	14.374	0.03125	16.270
swarm_367_56.pdb	30.627	91.664	0	16.240
swarm_56_127.pdb	15.133	35.495	0.0625	16.114
swarm_246_106.pdb	29.622	89.250	0	15.830
swarm_386_100.pdb	15.559	49.273	0	15.562
swarm_350_13.pdb	8.992	24.347	0.03125	15.415
swarm_173_99.pdb	22.723	67.621	0	15.171
swarm_8_147.pdb	12.752	42.068	0	15.084
swarm_39_101.pdb	29.316	87.812	0	15.084
swarm_270_88.pdb	20.004	52.624	0	15.048
swarm_2_12.pdb	31.693	92.564	0	15.021
swarm_382_158.pdb	9.251	23.317	0.078125	14.979
swarm_191_125.pdb	25.101	77.332	0	14.571
swarm_126_171.pdb	19.231	63.491	0	14.459
swarm_0_136.pdb	29.882	93.000	0	14.084
swarm_109_58.pdb	22.191	63.791	0	14.046
swarm_146_98.pdb	30.410	88.239	0	13.937
swarm_371_111.pdb	12.240	24.061	0.03125	13.823
swarm_62_92.pdb	11.944	38.143	0.015625	13.695
swarm_223_90.pdb	30.963	94.566	0	13.656
swarm_350_6.pdb	7.140	17.940	0.03125	13.467
swarm_192_38.pdb	8.502	18.875	0.140625	13.282
swarm_337_14.pdb	7.825	25.352	0.015625	13.178
swarm_301_187.pdb	7.327	26.392	0	12.464
swarm_59_98.pdb	24.481	75.832	0	12.351
swarm_93_114.pdb	13.889	24.306	0	11.593
swarm_192_153.pdb	12.488	25.032	0.078125	11.217
