swarm_46_176.pdb	13.711	30.281	0	33.481
swarm_59_13.pdb	13.181	30.812	0.03125	32.614
swarm_60_4.pdb	11.867	18.855	0	31.093
swarm_5_102.pdb	15.989	34.633	0	31.092
swarm_46_190.pdb	11.803	30.261	0.03125	31.077
swarm_29_12.pdb	14.229	25.363	0	29.547
swarm_29_163.pdb	13.656	21.436	0	29.314
swarm_14_117.pdb	13.748	26.856	0	29.155
swarm_25_56.pdb	14.699	25.664	0	29.032
swarm_32_40.pdb	9.029	24.160	0.078125	28.302
swarm_59_2.pdb	14.735	31.791	0	28.200
swarm_51_176.pdb	12.338	21.387	0	28.194
swarm_18_144.pdb	13.932	31.290	0	27.987
swarm_33_23.pdb	14.017	28.644	0	27.348
swarm_51_122.pdb	12.067	22.689	0	27.269
swarm_46_170.pdb	13.719	26.649	0	27.180
swarm_37_82.pdb	13.684	23.797	0	27.069
swarm_58_49.pdb	12.832	31.383	0	27.047
swarm_25_160.pdb	13.976	22.769	0	27.012
swarm_52_7.pdb	14.467	29.386	0	26.997
swarm_18_15.pdb	13.547	25.457	0	26.963
swarm_27_82.pdb	14.247	23.377	0	26.748
swarm_30_177.pdb	12.785	20.910	0	26.679
swarm_25_88.pdb	11.921	17.586	0	26.194
swarm_61_129.pdb	9.944	23.403	0.03125	25.953
swarm_0_106.pdb	13.166	22.547	0	25.296
swarm_61_68.pdb	14.379	29.906	0	25.221
swarm_32_35.pdb	12.473	22.290	0	25.157
swarm_46_104.pdb	13.369	27.487	0	25.144
swarm_56_60.pdb	15.099	30.764	0	25.083
swarm_37_74.pdb	13.634	24.355	0.015625	25.011
swarm_46_83.pdb	9.895	21.114	0	24.833
swarm_11_45.pdb	14.995	27.337	0.03125	24.822
swarm_22_54.pdb	17.047	43.995	0	24.485
swarm_8_60.pdb	13.779	22.198	0	24.376
swarm_48_131.pdb	11.520	19.369	0.015625	24.347
swarm_45_96.pdb	12.127	20.626	0	24.009
swarm_25_20.pdb	14.651	29.866	0.015625	23.829
swarm_22_0.pdb	16.318	38.558	0	23.788
swarm_19_145.pdb	10.960	29.258	0.015625	23.629
swarm_59_95.pdb	13.317	26.701	0	23.595
swarm_38_159.pdb	15.691	30.355	0	23.516
swarm_59_185.pdb	11.858	24.899	0	23.462
swarm_39_116.pdb	13.301	30.846	0	23.374
swarm_30_114.pdb	12.060	20.559	0.046875	23.310
swarm_32_145.pdb	7.755	14.169	0.015625	23.165
swarm_25_13.pdb	14.635	26.861	0	23.107
swarm_0_66.pdb	15.073	30.017	0.0625	23.104
swarm_62_109.pdb	14.751	28.348	0	23.010
swarm_59_98.pdb	15.400	32.442	0	22.975
swarm_26_137.pdb	15.912	35.610	0	22.939
swarm_60_105.pdb	14.131	24.325	0	22.642
swarm_62_70.pdb	14.055	26.887	0	22.595
swarm_16_127.pdb	19.619	43.004	0	22.364
swarm_56_148.pdb	14.571	30.123	0	22.196
swarm_30_7.pdb	8.180	16.003	0.09375	22.078
swarm_14_47.pdb	15.366	29.416	0	22.049
swarm_11_95.pdb	14.792	25.031	0	21.891
swarm_9_173.pdb	11.789	25.835	0	21.823
swarm_43_155.pdb	16.100	37.628	0	21.504
swarm_60_35.pdb	9.250	19.346	0.015625	21.322
swarm_42_129.pdb	9.553	24.605	0.109375	21.271
swarm_48_188.pdb	12.326	20.019	0	21.239
swarm_33_32.pdb	15.646	34.163	0	21.207
swarm_30_119.pdb	9.480	16.545	0	21.176
swarm_30_115.pdb	12.874	20.276	0	21.072
swarm_27_19.pdb	9.974	20.173	0.03125	20.957
swarm_0_147.pdb	14.953	27.765	0	20.887
swarm_56_136.pdb	11.885	24.436	0.03125	20.727
swarm_18_152.pdb	13.459	28.099	0	20.723
swarm_27_49.pdb	9.312	21.844	0.09375	20.678
swarm_62_43.pdb	15.009	28.251	0	20.397
swarm_19_195.pdb	14.140	35.248	0	20.205
swarm_62_148.pdb	14.803	29.867	0	20.201
swarm_59_164.pdb	13.043	23.466	0	20.190
swarm_14_138.pdb	9.627	19.494	0.015625	20.140
swarm_14_111.pdb	7.604	12.657	0	20.123
swarm_33_96.pdb	12.764	24.052	0.015625	20.096
swarm_11_98.pdb	12.753	25.406	0	19.966
swarm_4_103.pdb	19.180	44.323	0	19.726
swarm_62_137.pdb	15.548	31.456	0	19.525
swarm_25_165.pdb	13.890	25.583	0	19.374
swarm_11_134.pdb	14.563	27.953	0	19.373
swarm_30_9.pdb	13.007	21.973	0	19.347
swarm_45_84.pdb	11.172	18.521	0	19.327
swarm_29_70.pdb	12.133	23.951	0	19.276
swarm_33_28.pdb	11.500	27.479	0	19.222
swarm_8_33.pdb	16.969	33.236	0	19.093
swarm_58_105.pdb	14.296	30.850	0	19.031
swarm_14_124.pdb	14.109	25.344	0	18.961
swarm_25_98.pdb	13.172	24.261	0	18.950
swarm_29_167.pdb	13.839	22.919	0	18.904
swarm_18_49.pdb	13.723	25.732	0	18.873
swarm_59_146.pdb	8.950	26.669	0	18.772
swarm_27_31.pdb	11.868	19.908	0	18.760
swarm_29_111.pdb	14.746	29.951	0.03125	18.737
swarm_62_45.pdb	15.394	31.429	0	18.669
swarm_63_72.pdb	12.125	21.981	0	18.658
swarm_60_125.pdb	7.857	17.062	0.0625	18.563
swarm_27_133.pdb	9.382	19.291	0	18.433
swarm_32_197.pdb	13.717	25.322	0	18.370
swarm_27_144.pdb	13.723	28.303	0	18.354
swarm_14_193.pdb	8.510	22.708	0.109375	18.294
swarm_25_199.pdb	14.733	27.847	0	18.195
swarm_46_66.pdb	13.667	24.673	0	18.115
swarm_60_40.pdb	5.546	11.978	0.21875	18.072
swarm_60_118.pdb	13.382	22.001	0	18.049
swarm_43_15.pdb	16.703	39.015	0	17.976
swarm_25_123.pdb	10.020	24.542	0.015625	17.862
swarm_60_191.pdb	15.535	27.623	0	17.689
swarm_21_33.pdb	16.916	37.367	0	17.687
swarm_37_2.pdb	11.229	19.744	0	17.605
swarm_46_103.pdb	15.235	29.420	0	17.470
swarm_62_17.pdb	15.662	29.529	0	17.404
swarm_42_190.pdb	15.969	28.061	0	17.365
swarm_11_128.pdb	15.344	27.218	0.046875	17.329
swarm_11_116.pdb	13.650	28.582	0	17.215
swarm_60_196.pdb	14.606	26.533	0	17.195
swarm_9_6.pdb	14.660	32.790	0	17.035
swarm_25_190.pdb	13.755	22.992	0	17.023
swarm_38_39.pdb	15.774	28.477	0	16.790
swarm_14_63.pdb	13.053	25.967	0	16.780
swarm_18_164.pdb	12.250	24.126	0.015625	16.724
swarm_25_89.pdb	11.972	21.775	0	16.689
swarm_8_75.pdb	15.143	27.437	0	16.597
swarm_60_199.pdb	14.870	25.113	0	16.491
swarm_8_134.pdb	15.843	32.359	0	16.485
swarm_28_162.pdb	15.496	30.131	0	16.459
swarm_48_71.pdb	9.122	14.424	0	16.400
swarm_33_178.pdb	14.973	29.945	0	16.331
swarm_32_48.pdb	11.467	30.104	0.03125	16.330
swarm_18_45.pdb	13.087	22.770	0	16.277
swarm_32_148.pdb	13.661	27.738	0.015625	16.103
swarm_30_3.pdb	13.770	26.412	0	15.987
swarm_11_8.pdb	15.725	30.823	0	15.460
swarm_8_180.pdb	15.860	28.687	0	15.431
swarm_38_123.pdb	14.182	33.958	0	15.365
swarm_46_6.pdb	14.298	28.949	0.0625	15.247
swarm_11_119.pdb	11.045	25.335	0.03125	15.159
swarm_11_59.pdb	12.842	28.017	0	15.035
swarm_25_124.pdb	11.493	25.801	0	15.034
swarm_17_187.pdb	16.458	30.673	0	14.363
swarm_42_172.pdb	15.232	31.785	0	14.300
swarm_8_29.pdb	11.929	24.194	0.078125	13.755
swarm_29_135.pdb	7.803	13.876	0.015625	13.747
swarm_53_29.pdb	13.923	25.206	0	12.462
swarm_46_96.pdb	9.920	20.631	0	11.554
swarm_11_65.pdb	14.208	26.454	0	11.083
swarm_2_40.pdb	19.290	41.839	0	9.435
swarm_13_14.pdb	17.496	44.864	0	6.774
swarm_0_65.pdb	6.801	12.297	0.015625	6.603
swarm_12_87.pdb	18.237	42.826	0	4.304
swarm_46_82.pdb	13.512	24.495	0	3.072
swarm_51_157.pdb	11.454	20.516	0	2.121
swarm_60_89.pdb	12.908	23.600	0	1.700
