swarm_31_93.pdb	13.253	46.050	0	66.500
swarm_30_97.pdb	13.105	45.387	0	64.753
swarm_34_10.pdb	8.721	44.541	0.188679	60.724
swarm_7_88.pdb	7.269	39.472	0.207547	59.268
swarm_24_35.pdb	13.582	48.316	0	57.460
swarm_22_124.pdb	13.787	48.847	0	56.974
swarm_25_163.pdb	13.504	45.896	0	56.624
swarm_9_37.pdb	10.149	35.310	0	54.480
swarm_10_65.pdb	13.255	48.033	0	54.363
swarm_5_133.pdb	7.087	25.192	0.0377358	54.040
swarm_37_88.pdb	3.357	15.633	0.433962	52.773
swarm_7_121.pdb	5.938	29.371	0.188679	52.057
swarm_14_0.pdb	3.392	14.678	0.358491	51.083
swarm_12_51.pdb	5.631	17.865	0.113208	50.642
swarm_0_52.pdb	2.194	7.937	0.566038	49.861
swarm_20_96.pdb	7.846	24.931	0.0188679	49.570
swarm_34_164.pdb	10.016	40.375	0	49.258
swarm_17_102.pdb	2.861	10.896	0.433962	49.072
swarm_27_140.pdb	10.019	35.834	0	48.779
swarm_30_24.pdb	11.529	38.917	0.0754717	48.418
swarm_33_49.pdb	13.545	47.568	0	47.307
swarm_6_84.pdb	7.452	23.757	0.0188679	47.263
swarm_38_130.pdb	6.115	27.484	0.132075	46.164
swarm_18_33.pdb	10.285	40.442	0	45.777
swarm_20_192.pdb	7.269	22.738	0	45.350
swarm_27_150.pdb	13.261	43.097	0	45.234
swarm_15_19.pdb	8.820	32.051	0	44.971
swarm_15_63.pdb	4.872	23.718	0.320755	44.034
swarm_34_87.pdb	8.459	38.589	0.0943396	43.896
swarm_10_177.pdb	13.197	42.917	0	43.444
swarm_17_152.pdb	3.773	17.112	0.207547	42.942
swarm_2_168.pdb	8.989	30.478	0	42.917
swarm_1_141.pdb	6.619	27.998	0.0188679	42.846
swarm_9_151.pdb	13.516	45.685	0	42.433
swarm_14_151.pdb	3.719	16.494	0.245283	42.265
swarm_0_93.pdb	6.585	21.120	0.0188679	41.908
swarm_7_99.pdb	5.419	27.082	0.283019	41.769
swarm_30_122.pdb	12.615	39.363	0	41.316
swarm_36_145.pdb	2.623	4.986	0.283019	40.966
swarm_9_2.pdb	10.158	40.358	0.0188679	40.955
swarm_26_99.pdb	14.697	50.323	0	40.902
swarm_13_147.pdb	2.245	10.414	0.584906	40.853
swarm_28_170.pdb	11.969	39.220	0	40.770
swarm_21_140.pdb	13.538	47.003	0	40.458
swarm_39_99.pdb	6.340	26.442	0.0566038	39.989
swarm_5_73.pdb	6.867	33.569	0.0188679	39.988
swarm_11_195.pdb	14.391	51.626	0	39.918
swarm_5_124.pdb	4.295	21.299	0.301887	39.451
swarm_3_154.pdb	4.751	16.607	0.169811	38.961
swarm_12_96.pdb	5.740	22.950	0.0566038	38.816
swarm_18_152.pdb	9.612	34.998	0	38.740
swarm_22_77.pdb	12.743	42.496	0	38.596
swarm_3_117.pdb	3.664	16.938	0.169811	38.049
swarm_8_19.pdb	5.590	29.480	0.188679	37.983
swarm_39_192.pdb	5.348	24.700	0.226415	37.914
swarm_39_130.pdb	8.150	24.707	0	37.801
swarm_3_156.pdb	3.555	13.715	0.226415	37.736
swarm_28_149.pdb	10.386	35.201	0	37.389
swarm_36_99.pdb	4.136	9.275	0.132075	37.009
swarm_1_50.pdb	7.130	27.278	0.0566038	36.334
swarm_23_162.pdb	6.124	26.868	0.169811	36.313
swarm_8_6.pdb	5.826	33.212	0.245283	35.538
swarm_34_173.pdb	8.012	33.460	0.0566038	35.357
swarm_4_102.pdb	9.605	32.422	0	35.157
swarm_37_87.pdb	4.645	18.163	0.150943	35.059
swarm_38_136.pdb	5.861	33.280	0.207547	35.003
swarm_37_143.pdb	4.441	13.884	0.188679	34.441
swarm_33_33.pdb	13.417	50.257	0	34.421
swarm_28_82.pdb	12.819	47.236	0	34.367
swarm_19_136.pdb	8.991	41.801	0.0754717	34.003
swarm_37_91.pdb	4.534	7.981	0.113208	33.422
swarm_20_55.pdb	10.878	37.522	0	33.316
swarm_16_181.pdb	12.287	44.988	0	33.191
swarm_32_77.pdb	13.151	47.919	0	33.166
swarm_26_92.pdb	15.717	53.352	0	32.518
swarm_1_34.pdb	4.742	27.401	0.207547	32.370
swarm_29_103.pdb	16.463	62.232	0	32.251
swarm_6_78.pdb	11.717	38.904	0	32.161
swarm_38_84.pdb	4.160	17.951	0.169811	32.069
swarm_8_74.pdb	7.332	30.519	0.0754717	31.968
swarm_24_112.pdb	12.284	40.912	0	31.739
swarm_19_122.pdb	9.281	39.378	0.0566038	31.544
swarm_32_2.pdb	13.649	55.723	0	31.164
swarm_2_199.pdb	8.755	40.999	0	31.080
swarm_2_38.pdb	6.774	24.561	0.0566038	30.987
swarm_31_156.pdb	13.667	48.216	0	30.661
swarm_25_124.pdb	14.019	55.443	0	30.358
swarm_16_13.pdb	7.009	35.708	0.0377358	30.190
swarm_35_196.pdb	13.499	47.829	0	30.015
swarm_11_194.pdb	16.136	64.416	0	29.370
swarm_3_119.pdb	6.524	22.055	0.0943396	29.109
swarm_38_175.pdb	6.534	24.570	0.150943	28.960
swarm_21_186.pdb	10.845	38.170	0	28.957
swarm_21_58.pdb	12.541	42.633	0	28.842
swarm_26_122.pdb	13.990	47.467	0	28.826
swarm_35_120.pdb	11.525	43.292	0	28.780
swarm_19_8.pdb	8.583	41.715	0	28.770
swarm_13_22.pdb	5.969	21.716	0.283019	28.593
swarm_29_129.pdb	14.834	56.288	0	28.335
swarm_0_43.pdb	6.545	27.177	0.0188679	28.246
swarm_20_23.pdb	6.425	29.829	0.0754717	28.008
swarm_0_155.pdb	3.531	19.443	0.301887	27.770
swarm_10_188.pdb	15.074	54.212	0	27.603
swarm_23_70.pdb	5.891	25.482	0.150943	27.436
swarm_16_188.pdb	7.716	46.092	0.207547	27.022
swarm_35_75.pdb	13.150	53.415	0	26.728
swarm_35_164.pdb	8.836	49.780	0.150943	26.545
swarm_36_168.pdb	6.162	12.980	0.0943396	26.490
swarm_16_197.pdb	10.495	44.552	0	26.116
swarm_11_142.pdb	16.521	57.207	0	26.086
swarm_4_50.pdb	5.708	23.580	0.150943	25.935
swarm_17_182.pdb	4.233	18.617	0.320755	25.396
swarm_5_139.pdb	8.865	37.183	0	24.890
swarm_2_39.pdb	7.417	45.545	0.169811	24.870
swarm_16_121.pdb	7.947	47.972	0.150943	24.097
swarm_28_156.pdb	7.669	39.166	0.0188679	23.958
swarm_25_95.pdb	16.217	55.326	0	23.814
swarm_4_176.pdb	9.592	37.846	0	23.703
swarm_2_76.pdb	5.893	34.904	0.245283	23.465
swarm_8_90.pdb	9.863	30.023	0.0943396	23.383
swarm_5_64.pdb	5.822	35.633	0.245283	22.739
swarm_18_162.pdb	6.798	31.148	0.113208	22.625
swarm_25_6.pdb	16.472	66.279	0	22.286
swarm_12_135.pdb	6.053	28.656	0.113208	22.240
swarm_24_104.pdb	14.429	57.324	0	21.733
swarm_23_92.pdb	10.972	37.499	0	20.362
swarm_15_76.pdb	7.335	35.790	0.0754717	19.761
swarm_15_186.pdb	7.482	34.115	0.0377358	19.047
swarm_15_88.pdb	7.359	35.473	0.113208	18.951
swarm_13_103.pdb	7.015	26.570	0.0188679	18.398
swarm_14_49.pdb	7.030	32.012	0.0566038	17.648
swarm_4_55.pdb	7.460	35.035	0.0377358	17.426
swarm_38_199.pdb	10.201	29.570	0.0377358	17.365
swarm_8_158.pdb	8.561	32.763	0.0188679	17.003
swarm_9_41.pdb	9.878	50.252	0.0566038	16.421
swarm_18_149.pdb	6.143	30.190	0.0566038	15.314
swarm_21_63.pdb	11.558	39.389	0	14.432
swarm_38_131.pdb	6.968	29.894	0.0188679	12.694
swarm_18_135.pdb	8.869	41.680	0.0188679	1.118
swarm_18_81.pdb	9.417	41.800	0.113208	0.779
