swarm_15_108.pdb	13.553	45.654	0	65.071
swarm_2_114.pdb	13.782	47.849	0	63.377
swarm_19_126.pdb	2.191	4.575	0.433962	56.558
swarm_0_50.pdb	5.223	16.272	0.150943	52.118
swarm_10_79.pdb	13.977	48.757	0	52.058
swarm_20_198.pdb	2.408	6.892	0.339623	50.003
swarm_8_189.pdb	14.118	48.585	0	49.974
swarm_5_150.pdb	2.553	8.323	0.433962	49.858
swarm_3_187.pdb	14.034	50.463	0	49.526
swarm_9_188.pdb	15.034	48.607	0	49.135
swarm_0_44.pdb	2.236	6.044	0.358491	46.863
swarm_10_155.pdb	14.588	50.555	0	46.793
swarm_23_25.pdb	2.163	8.032	0.54717	45.406
swarm_6_5.pdb	7.577	23.940	0	44.790
swarm_23_162.pdb	4.668	10.091	0.0377358	42.580
swarm_7_197.pdb	14.951	48.434	0	41.668
swarm_19_62.pdb	2.563	10.919	0.471698	41.457
swarm_1_175.pdb	4.228	15.103	0.150943	41.407
swarm_15_5.pdb	11.026	39.417	0.0188679	41.330
swarm_24_110.pdb	5.315	17.132	0.132075	40.953
swarm_21_57.pdb	3.551	18.778	0.264151	40.494
swarm_22_184.pdb	14.828	51.580	0	39.788
swarm_0_45.pdb	2.731	12.817	0.415094	39.536
swarm_25_63.pdb	8.697	29.593	0	38.883
swarm_18_132.pdb	13.817	46.256	0	38.662
swarm_5_177.pdb	4.351	19.827	0.245283	38.167
swarm_16_81.pdb	15.022	50.216	0	37.492
swarm_5_70.pdb	2.966	14.399	0.301887	36.318
swarm_21_98.pdb	5.115	18.710	0.150943	36.199
swarm_23_75.pdb	2.932	12.378	0.377358	35.809
swarm_14_126.pdb	16.447	56.510	0	35.565
swarm_23_132.pdb	6.185	25.131	0.283019	34.130
swarm_20_43.pdb	3.325	15.923	0.358491	33.728
swarm_1_73.pdb	3.436	17.406	0.264151	32.823
swarm_0_139.pdb	3.768	21.887	0.283019	32.167
swarm_11_41.pdb	5.762	33.658	0.283019	31.613
swarm_15_177.pdb	8.644	29.888	0	30.582
swarm_13_99.pdb	14.204	48.312	0	28.981
swarm_13_169.pdb	7.720	30.898	0	26.265
swarm_12_169.pdb	8.513	52.057	0.207547	25.444
swarm_25_49.pdb	6.664	23.529	0.0188679	24.463
swarm_21_83.pdb	4.216	22.394	0.207547	22.918
swarm_23_1.pdb	4.515	23.986	0.113208	22.496
swarm_25_106.pdb	10.298	34.638	0	21.526
swarm_24_93.pdb	8.178	30.450	0	20.960
swarm_25_11.pdb	5.182	25.477	0.245283	19.829
swarm_0_33.pdb	6.628	17.570	0	14.839
swarm_6_83.pdb	9.790	36.175	0	9.863
swarm_21_51.pdb	6.683	26.951	0.0943396	8.381
swarm_15_18.pdb	12.225	40.337	0	5.000
