swarm_22_90.pdb	21.281	49.503	0	52.705
swarm_41_50.pdb	14.357	44.767	0.0566038	50.009
swarm_32_76.pdb	18.168	41.083	0	49.775
swarm_19_60.pdb	12.027	49.347	0.0377358	48.950
swarm_7_31.pdb	14.168	47.793	0	47.673
swarm_30_101.pdb	19.736	50.650	0	46.745
swarm_33_170.pdb	14.182	46.224	0.0754717	44.839
swarm_43_61.pdb	23.154	54.705	0	44.045
swarm_19_79.pdb	19.974	46.566	0	42.826
swarm_15_166.pdb	20.153	43.484	0	42.575
swarm_8_196.pdb	19.753	50.495	0	42.440
swarm_43_123.pdb	12.660	48.384	0.0566038	42.297
swarm_15_32.pdb	14.310	52.731	0.0188679	41.775
swarm_17_34.pdb	10.858	40.473	0	41.549
swarm_9_9.pdb	14.499	59.197	0	41.493
swarm_4_138.pdb	17.605	38.145	0	41.369
swarm_3_32.pdb	23.123	50.262	0	41.287
swarm_31_85.pdb	13.931	55.195	0	40.664
swarm_23_50.pdb	16.548	58.053	0	40.243
swarm_25_36.pdb	18.695	55.135	0	39.990
swarm_37_59.pdb	9.047	40.432	0.0754717	39.964
swarm_7_152.pdb	14.085	44.312	0.132075	39.802
swarm_14_141.pdb	14.977	45.364	0	39.503
swarm_8_55.pdb	19.728	47.285	0	39.423
swarm_19_6.pdb	21.047	48.155	0	39.362
swarm_48_13.pdb	22.294	49.525	0	39.009
swarm_21_182.pdb	13.585	53.232	0	38.574
swarm_6_134.pdb	18.907	45.770	0	38.180
swarm_13_189.pdb	22.509	46.832	0	38.133
swarm_9_9.pdb	11.348	34.219	0	37.759
swarm_29_87.pdb	10.092	43.186	0	37.559
swarm_1_155.pdb	13.853	63.016	0.0754717	37.463
swarm_29_32.pdb	24.742	55.147	0	37.413
swarm_14_87.pdb	10.152	34.331	0	37.016
swarm_32_61.pdb	19.893	47.744	0	36.898
swarm_23_62.pdb	14.994	55.230	0	36.259
swarm_9_131.pdb	15.737	52.410	0	36.193
swarm_21_131.pdb	16.470	57.020	0.0377358	35.920
swarm_6_88.pdb	13.887	40.853	0	35.865
swarm_50_88.pdb	11.294	28.794	0.0377358	35.773
swarm_27_166.pdb	17.122	40.934	0	35.742
swarm_3_87.pdb	15.974	36.569	0	35.495
swarm_22_43.pdb	15.795	51.414	0	35.433
swarm_18_33.pdb	18.507	50.426	0	35.401
swarm_6_14.pdb	18.639	47.540	0	35.236
swarm_9_110.pdb	13.242	43.480	0	35.089
swarm_15_50.pdb	14.285	55.594	0	34.979
swarm_20_167.pdb	21.307	43.391	0	34.653
swarm_38_131.pdb	8.564	36.195	0	34.548
swarm_42_29.pdb	23.190	51.114	0	34.462
swarm_28_180.pdb	20.260	43.476	0	34.359
swarm_19_91.pdb	14.321	44.183	0	34.318
swarm_15_16.pdb	17.658	51.658	0	34.232
swarm_27_4.pdb	12.073	52.939	0	34.055
swarm_6_19.pdb	13.739	38.251	0	34.038
swarm_1_43.pdb	21.331	33.679	0	33.913
swarm_7_34.pdb	21.026	48.381	0	33.884
swarm_25_14.pdb	17.573	58.314	0	33.757
swarm_28_190.pdb	19.639	46.097	0	33.701
swarm_15_53.pdb	19.130	45.837	0	33.572
swarm_25_193.pdb	18.046	60.841	0	33.553
swarm_50_3.pdb	2.836	10.878	0.433962	33.526
swarm_6_127.pdb	14.807	47.187	0.0754717	33.525
swarm_3_85.pdb	14.891	33.184	0	33.522
swarm_9_160.pdb	24.397	59.089	0	33.488
swarm_50_16.pdb	14.059	26.275	0	33.446
swarm_32_194.pdb	20.756	45.326	0	33.308
swarm_27_106.pdb	22.781	42.143	0	33.290
swarm_35_26.pdb	10.982	53.331	0.0754717	33.245
swarm_33_82.pdb	19.023	45.634	0	33.122
swarm_22_49.pdb	22.002	57.219	0	32.998
swarm_6_21.pdb	12.641	35.731	0	32.963
swarm_31_181.pdb	15.319	50.646	0	32.895
swarm_25_48.pdb	16.209	57.960	0.0377358	32.878
swarm_19_119.pdb	21.189	48.990	0	32.742
swarm_47_75.pdb	17.604	38.436	0	32.702
swarm_47_40.pdb	11.008	48.150	0.0566038	32.700
swarm_0_162.pdb	6.748	26.563	0.207547	32.665
swarm_32_164.pdb	17.091	47.420	0	32.650
swarm_15_82.pdb	21.885	46.958	0	32.395
swarm_37_103.pdb	12.348	48.860	0	32.308
swarm_19_97.pdb	13.560	46.261	0	32.204
swarm_3_39.pdb	10.417	27.974	0	32.201
swarm_19_17.pdb	15.631	45.855	0	32.175
swarm_33_51.pdb	21.332	44.859	0	32.062
swarm_33_62.pdb	15.369	52.304	0.0754717	32.002
swarm_47_146.pdb	24.519	50.132	0	31.874
swarm_26_46.pdb	21.102	40.096	0	31.837
swarm_37_84.pdb	16.468	38.600	0	31.776
swarm_13_76.pdb	21.078	46.465	0	31.757
swarm_38_104.pdb	11.748	29.057	0	31.652
swarm_17_118.pdb	14.401	52.884	0.0566038	31.620
swarm_23_78.pdb	14.371	59.915	0.113208	31.586
swarm_18_137.pdb	22.810	53.958	0	31.584
swarm_30_84.pdb	12.494	43.811	0	31.520
swarm_1_41.pdb	5.535	21.093	0.283019	31.460
swarm_25_38.pdb	12.175	28.095	0	31.420
swarm_47_178.pdb	14.624	44.563	0	31.416
swarm_36_179.pdb	10.749	40.361	0.0377358	31.416
swarm_36_135.pdb	15.670	48.846	0.0566038	31.395
swarm_27_113.pdb	12.665	44.672	0	31.379
swarm_11_49.pdb	23.969	52.320	0	31.294
swarm_41_89.pdb	15.872	42.504	0	31.259
swarm_31_155.pdb	17.349	45.466	0	30.984
swarm_19_101.pdb	16.002	52.490	0.0566038	30.974
swarm_7_137.pdb	11.604	35.292	0	30.943
swarm_17_94.pdb	19.760	50.948	0	30.935
swarm_32_0.pdb	18.345	35.514	0	30.907
swarm_6_77.pdb	18.370	39.115	0	30.816
swarm_4_193.pdb	13.431	45.770	0	30.728
swarm_7_140.pdb	12.572	41.906	0	30.692
swarm_8_93.pdb	21.843	56.622	0	30.649
swarm_4_192.pdb	23.079	60.365	0	30.622
swarm_36_7.pdb	13.504	53.228	0.0377358	30.615
swarm_25_35.pdb	15.511	55.045	0.0377358	30.350
swarm_12_109.pdb	19.881	34.249	0	30.223
swarm_39_181.pdb	25.363	50.146	0	29.992
swarm_7_30.pdb	20.776	50.591	0	29.975
swarm_27_15.pdb	7.764	31.343	0.0188679	29.897
swarm_30_99.pdb	19.686	54.420	0	29.618
swarm_18_160.pdb	21.474	66.075	0	29.608
swarm_41_195.pdb	13.976	41.670	0	29.561
swarm_36_105.pdb	15.474	53.851	0	29.491
swarm_25_40.pdb	21.686	44.616	0	29.427
swarm_5_28.pdb	24.909	62.003	0	29.407
swarm_6_169.pdb	21.930	46.999	0	29.349
swarm_47_19.pdb	15.662	44.201	0	29.341
swarm_4_8.pdb	18.774	56.897	0	29.301
swarm_42_120.pdb	11.257	51.704	0	29.273
swarm_30_56.pdb	15.480	47.915	0	29.268
swarm_19_48.pdb	15.252	34.852	0	29.268
swarm_32_71.pdb	17.288	42.632	0	29.263
swarm_42_127.pdb	13.091	60.126	0.0566038	29.253
swarm_24_96.pdb	23.991	58.098	0	29.190
swarm_45_142.pdb	14.526	27.698	0	29.149
swarm_30_190.pdb	18.586	44.693	0	29.097
swarm_1_184.pdb	14.356	65.236	0.0943396	29.069
swarm_15_72.pdb	14.566	41.300	0	29.037
swarm_12_198.pdb	12.331	31.059	0	29.028
swarm_37_153.pdb	16.336	36.697	0	28.953
swarm_19_63.pdb	14.115	40.128	0	28.830
swarm_13_95.pdb	11.883	31.517	0	28.722
swarm_6_97.pdb	17.058	45.674	0.0188679	28.548
swarm_13_76.pdb	14.132	50.236	0	28.470
swarm_50_40.pdb	16.127	37.212	0	28.469
swarm_26_114.pdb	15.713	44.702	0	28.309
swarm_30_135.pdb	14.150	42.969	0	28.301
swarm_27_116.pdb	7.389	32.603	0.0943396	28.289
swarm_4_76.pdb	19.923	62.533	0	28.278
swarm_15_188.pdb	18.978	40.539	0	28.256
swarm_12_91.pdb	20.067	40.154	0	28.141
swarm_31_30.pdb	19.348	55.894	0	28.102
swarm_22_89.pdb	15.900	58.533	0	28.095
swarm_25_37.pdb	16.678	46.290	0	28.075
swarm_23_63.pdb	14.069	54.697	0	28.040
swarm_32_131.pdb	12.375	46.854	0	28.010
swarm_18_122.pdb	28.679	67.556	0	28.007
swarm_26_164.pdb	13.603	68.680	0	27.983
swarm_3_24.pdb	22.849	42.968	0	27.981
swarm_8_109.pdb	20.779	47.038	0	27.977
swarm_3_141.pdb	11.888	31.342	0	27.928
swarm_28_38.pdb	18.388	47.033	0	27.927
swarm_20_22.pdb	13.990	59.293	0.0188679	27.862
swarm_21_167.pdb	16.048	58.699	0	27.781
swarm_23_189.pdb	6.068	29.892	0.226415	27.767
swarm_4_23.pdb	20.107	60.271	0	27.755
swarm_6_65.pdb	18.051	41.762	0	27.641
swarm_25_66.pdb	19.858	48.691	0	27.623
swarm_7_169.pdb	15.302	42.596	0	27.592
swarm_4_11.pdb	21.003	60.357	0	27.534
swarm_29_83.pdb	18.651	30.150	0	27.502
swarm_28_6.pdb	20.261	43.847	0	27.413
swarm_33_152.pdb	16.556	43.849	0	27.401
swarm_9_144.pdb	13.345	44.163	0	27.333
swarm_28_127.pdb	16.374	61.252	0	27.320
swarm_5_172.pdb	21.182	51.046	0	27.244
swarm_5_23.pdb	21.371	40.687	0	27.213
swarm_7_83.pdb	13.912	34.972	0	27.185
swarm_45_73.pdb	12.597	35.522	0.0188679	27.181
swarm_12_117.pdb	13.090	33.121	0	27.181
swarm_23_95.pdb	16.617	62.590	0	26.986
swarm_7_114.pdb	10.041	32.713	0.150943	26.984
swarm_48_23.pdb	14.270	56.549	0	26.918
swarm_30_110.pdb	18.893	36.445	0	26.897
swarm_14_197.pdb	13.528	39.216	0	26.773
swarm_49_127.pdb	12.586	24.482	0	26.723
swarm_25_166.pdb	10.619	29.010	0.0943396	26.687
swarm_24_29.pdb	8.593	30.229	0.113208	26.654
swarm_16_56.pdb	13.371	66.814	0.0943396	26.651
swarm_46_194.pdb	5.980	34.508	0.169811	26.585
swarm_7_43.pdb	16.526	54.827	0	26.430
swarm_25_115.pdb	16.923	56.419	0	26.414
swarm_8_48.pdb	25.067	37.805	0	26.403
swarm_25_90.pdb	15.904	58.259	0	26.339
swarm_13_90.pdb	15.459	44.313	0	26.281
swarm_6_3.pdb	21.614	43.898	0	26.251
swarm_28_110.pdb	19.289	48.171	0	26.218
swarm_20_67.pdb	24.145	52.695	0	26.178
swarm_20_5.pdb	14.485	63.612	0	26.139
swarm_39_83.pdb	8.781	39.799	0.0754717	26.103
swarm_11_60.pdb	10.998	31.091	0	26.076
swarm_8_176.pdb	20.819	34.134	0	26.009
swarm_44_22.pdb	10.100	35.253	0.0188679	25.965
swarm_46_178.pdb	24.999	51.342	0	25.903
swarm_13_188.pdb	20.496	44.053	0	25.894
swarm_1_166.pdb	20.798	32.550	0	25.892
swarm_1_112.pdb	23.636	35.428	0	25.889
swarm_29_196.pdb	20.869	36.735	0	25.860
swarm_46_42.pdb	23.302	45.325	0	25.856
swarm_2_19.pdb	16.396	65.317	0	25.856
swarm_9_76.pdb	16.782	43.079	0	25.786
swarm_29_30.pdb	18.579	57.666	0	25.775
swarm_22_162.pdb	12.348	48.165	0	25.642
swarm_41_16.pdb	16.971	39.260	0	25.620
swarm_4_99.pdb	20.084	37.185	0	25.609
swarm_24_42.pdb	17.408	61.427	0	25.563
swarm_12_186.pdb	15.682	68.087	0	25.522
swarm_44_148.pdb	26.410	50.192	0	25.482
swarm_25_165.pdb	15.084	49.426	0	25.470
swarm_9_88.pdb	15.896	40.024	0	25.426
swarm_10_94.pdb	26.200	41.575	0	25.366
swarm_12_36.pdb	23.339	39.613	0	25.353
swarm_13_33.pdb	23.341	39.451	0	25.315
swarm_7_196.pdb	11.813	31.507	0	25.306
swarm_26_106.pdb	18.614	35.097	0	25.298
swarm_45_147.pdb	15.316	36.067	0	25.186
swarm_16_198.pdb	17.035	49.941	0	25.149
swarm_13_37.pdb	23.245	40.533	0	25.142
swarm_27_90.pdb	15.234	46.158	0	25.049
swarm_32_185.pdb	12.498	44.202	0	25.030
swarm_4_120.pdb	25.208	60.940	0	24.998
swarm_12_150.pdb	20.601	43.075	0	24.965
swarm_45_15.pdb	7.513	26.439	0.0377358	24.941
swarm_47_102.pdb	19.278	40.724	0	24.940
swarm_44_27.pdb	20.692	43.914	0	24.893
swarm_38_53.pdb	17.647	38.384	0	24.860
swarm_6_127.pdb	22.437	46.646	0	24.827
swarm_49_55.pdb	21.514	31.561	0	24.695
swarm_9_150.pdb	19.716	56.056	0	24.664
swarm_6_51.pdb	13.120	36.429	0	24.619
swarm_30_55.pdb	23.372	47.724	0	24.605
swarm_31_61.pdb	24.287	55.835	0	24.549
swarm_23_79.pdb	18.100	50.149	0	24.486
swarm_5_27.pdb	13.786	60.847	0.132075	24.421
swarm_13_3.pdb	16.323	35.937	0.0377358	24.349
swarm_28_91.pdb	13.662	39.066	0	24.328
swarm_17_37.pdb	24.805	61.741	0	24.326
swarm_43_64.pdb	12.405	36.889	0	24.230
swarm_24_125.pdb	22.668	38.621	0	24.212
swarm_13_175.pdb	21.243	41.439	0	24.138
swarm_25_189.pdb	17.225	37.714	0	24.136
swarm_0_61.pdb	9.679	26.078	0	24.091
swarm_47_189.pdb	12.069	50.680	0.0377358	24.083
swarm_26_36.pdb	8.525	37.167	0.0943396	24.059
swarm_3_197.pdb	21.273	40.424	0	24.046
swarm_27_189.pdb	5.178	22.429	0.113208	24.002
swarm_32_181.pdb	17.560	44.468	0.0188679	23.964
swarm_29_3.pdb	18.884	54.490	0	23.963
swarm_10_160.pdb	21.886	54.635	0	23.904
swarm_24_142.pdb	21.613	35.259	0	23.889
swarm_15_58.pdb	21.574	35.971	0	23.887
swarm_25_100.pdb	22.270	54.808	0	23.837
swarm_45_102.pdb	15.740	39.616	0	23.834
swarm_26_25.pdb	19.084	43.541	0	23.831
swarm_22_47.pdb	21.184	34.401	0	23.765
swarm_21_111.pdb	14.741	52.648	0	23.712
swarm_21_160.pdb	23.664	59.626	0	23.685
swarm_26_40.pdb	18.917	37.156	0	23.668
swarm_1_90.pdb	8.641	30.359	0.0377358	23.617
swarm_14_196.pdb	22.445	45.444	0	23.557
swarm_14_177.pdb	21.576	54.643	0	23.492
swarm_11_173.pdb	13.594	58.337	0	23.429
swarm_13_43.pdb	12.292	31.281	0	23.395
swarm_5_168.pdb	11.626	25.804	0	23.386
swarm_18_59.pdb	9.000	40.116	0.132075	23.342
swarm_10_41.pdb	26.053	45.251	0	23.282
swarm_28_80.pdb	14.977	54.322	0.0566038	23.220
swarm_50_27.pdb	15.009	34.240	0.0754717	23.209
swarm_9_21.pdb	11.345	40.894	0.0566038	23.130
swarm_29_164.pdb	21.898	34.993	0	23.126
swarm_41_152.pdb	14.824	48.100	0.0188679	23.017
swarm_20_117.pdb	26.862	58.398	0	22.967
swarm_37_83.pdb	20.540	45.104	0	22.851
swarm_0_89.pdb	9.112	18.747	0.0566038	22.845
swarm_19_0.pdb	12.025	39.944	0	22.810
swarm_49_37.pdb	15.884	28.101	0	22.781
swarm_3_63.pdb	17.175	35.353	0	22.777
swarm_24_109.pdb	14.528	63.549	0	22.752
swarm_8_193.pdb	17.084	47.763	0	22.656
swarm_23_64.pdb	20.236	66.203	0	22.605
swarm_45_148.pdb	13.312	34.374	0	22.594
swarm_27_81.pdb	21.841	42.642	0	22.577
swarm_21_98.pdb	20.100	56.635	0	22.535
swarm_16_104.pdb	15.701	67.607	0	22.444
swarm_6_129.pdb	14.537	43.416	0.0188679	22.427
swarm_14_155.pdb	20.401	43.847	0	22.368
swarm_8_75.pdb	24.750	37.249	0	22.325
swarm_8_119.pdb	22.404	55.123	0	22.324
swarm_14_1.pdb	20.415	39.316	0	22.295
swarm_14_99.pdb	16.838	53.846	0.0566038	22.277
swarm_41_95.pdb	16.512	45.448	0	22.270
swarm_45_20.pdb	11.506	26.798	0	22.247
swarm_25_153.pdb	24.576	52.637	0	22.247
swarm_45_96.pdb	15.412	34.516	0	22.233
swarm_7_25.pdb	15.532	32.524	0	22.223
swarm_25_61.pdb	12.054	28.000	0	22.189
swarm_4_114.pdb	18.837	60.733	0	22.096
swarm_46_39.pdb	10.949	33.772	0	22.062
swarm_36_55.pdb	13.805	40.446	0	21.886
swarm_10_105.pdb	17.958	58.579	0	21.885
swarm_29_78.pdb	11.457	23.852	0	21.728
swarm_15_131.pdb	11.509	24.876	0	21.722
swarm_49_23.pdb	22.773	32.308	0	21.714
swarm_16_23.pdb	17.002	53.628	0	21.545
swarm_38_67.pdb	13.754	43.170	0	21.499
swarm_22_192.pdb	11.883	22.181	0	21.433
swarm_12_97.pdb	20.254	36.538	0	21.383
swarm_28_63.pdb	11.362	34.427	0	21.358
swarm_13_78.pdb	6.987	34.963	0.0566038	21.336
swarm_5_101.pdb	22.483	32.740	0	21.316
swarm_23_68.pdb	9.150	26.600	0.0377358	21.311
swarm_46_98.pdb	20.855	50.106	0	21.265
swarm_6_38.pdb	10.020	29.257	0	21.255
swarm_18_77.pdb	26.443	60.972	0	21.223
swarm_2_0.pdb	21.647	58.060	0	21.194
swarm_26_103.pdb	10.528	35.941	0	21.158
swarm_17_33.pdb	16.747	67.851	0	21.153
swarm_26_92.pdb	16.484	38.498	0	21.107
swarm_2_37.pdb	24.644	33.962	0	21.079
swarm_8_106.pdb	23.255	37.475	0	20.951
swarm_29_22.pdb	24.862	52.356	0	20.916
swarm_39_140.pdb	13.954	34.006	0	20.896
swarm_21_56.pdb	24.485	37.125	0	20.839
swarm_0_112.pdb	12.009	27.475	0	20.748
swarm_9_157.pdb	23.279	56.883	0	20.720
swarm_12_132.pdb	16.045	65.754	0.113208	20.692
swarm_36_124.pdb	14.319	37.938	0	20.675
swarm_14_56.pdb	17.529	38.782	0	20.663
swarm_46_56.pdb	21.639	47.105	0	20.651
swarm_36_85.pdb	12.065	47.700	0.0754717	20.647
swarm_13_58.pdb	25.343	49.091	0	20.643
swarm_46_131.pdb	27.204	53.456	0	20.642
swarm_0_67.pdb	19.768	32.024	0	20.618
swarm_2_79.pdb	20.345	31.839	0	20.573
swarm_13_186.pdb	19.825	35.671	0	20.456
swarm_49_66.pdb	4.468	14.421	0.226415	20.447
swarm_13_102.pdb	15.783	32.336	0	20.411
swarm_35_175.pdb	21.364	49.689	0	20.347
swarm_23_75.pdb	16.336	61.789	0	20.341
swarm_1_49.pdb	16.738	62.834	0	20.324
swarm_21_141.pdb	16.094	54.540	0	20.281
swarm_5_19.pdb	25.175	54.796	0	20.187
swarm_5_117.pdb	13.352	28.622	0	20.168
swarm_6_167.pdb	11.276	38.996	0	20.134
swarm_17_6.pdb	25.540	64.517	0	20.126
swarm_19_122.pdb	21.656	55.747	0	20.120
swarm_15_95.pdb	19.844	31.890	0	20.108
swarm_4_52.pdb	25.430	56.451	0	20.096
swarm_32_98.pdb	19.198	35.446	0	20.019
swarm_17_13.pdb	16.924	49.711	0	20.010
swarm_24_96.pdb	15.458	22.564	0	19.983
swarm_2_19.pdb	21.127	34.157	0	19.975
swarm_8_45.pdb	15.514	57.537	0	19.961
swarm_32_74.pdb	16.688	46.337	0	19.957
swarm_12_114.pdb	10.472	28.779	0	19.874
swarm_29_165.pdb	13.506	31.729	0	19.826
swarm_3_78.pdb	20.348	40.605	0	19.751
swarm_30_2.pdb	12.223	48.959	0.0188679	19.722
swarm_8_119.pdb	13.924	25.441	0	19.614
swarm_9_69.pdb	23.249	50.710	0	19.502
swarm_9_128.pdb	22.122	51.522	0	19.461
swarm_48_72.pdb	15.639	60.522	0.113208	19.443
swarm_2_26.pdb	22.339	37.883	0	19.394
swarm_11_58.pdb	16.041	44.018	0	19.369
swarm_5_138.pdb	15.083	57.958	0	19.364
swarm_7_185.pdb	7.215	17.036	0.0188679	19.284
swarm_2_165.pdb	16.030	57.668	0	19.254
swarm_29_68.pdb	11.861	20.463	0	19.186
swarm_12_101.pdb	22.655	35.383	0	19.117
swarm_36_196.pdb	21.648	42.519	0	19.002
swarm_19_94.pdb	19.391	48.769	0	18.978
swarm_12_77.pdb	13.387	35.801	0.0943396	18.949
swarm_16_109.pdb	11.257	43.197	0	18.923
swarm_12_157.pdb	11.580	33.574	0.169811	18.905
swarm_5_21.pdb	21.698	36.146	0	18.795
swarm_50_99.pdb	23.240	35.027	0	18.718
swarm_25_74.pdb	16.022	43.126	0	18.663
swarm_2_183.pdb	10.893	39.072	0	18.590
swarm_46_99.pdb	13.202	44.079	0	18.587
swarm_13_153.pdb	26.743	44.484	0	18.556
swarm_0_9.pdb	19.213	34.430	0	18.522
swarm_14_20.pdb	17.584	49.850	0	18.505
swarm_23_72.pdb	24.003	42.291	0	18.479
swarm_41_60.pdb	21.746	51.235	0	18.415
swarm_21_198.pdb	12.068	24.232	0	18.404
swarm_15_173.pdb	22.774	33.329	0	18.381
swarm_50_151.pdb	20.683	32.246	0	18.291
swarm_21_183.pdb	16.107	30.128	0.0188679	18.247
swarm_24_192.pdb	10.131	27.671	0	18.226
swarm_2_153.pdb	17.913	29.721	0	18.208
swarm_25_85.pdb	23.945	43.800	0	18.162
swarm_0_99.pdb	22.384	30.965	0	18.148
swarm_10_191.pdb	24.938	38.952	0	18.104
swarm_27_46.pdb	17.680	38.078	0	18.063
swarm_26_144.pdb	18.150	43.283	0	18.018
swarm_34_80.pdb	24.731	38.161	0	17.982
swarm_24_67.pdb	20.353	38.260	0	17.980
swarm_23_168.pdb	20.494	62.922	0	17.897
swarm_22_91.pdb	24.966	55.104	0	17.838
swarm_25_142.pdb	8.528	27.748	0	17.778
swarm_3_77.pdb	20.953	45.916	0	17.759
swarm_14_193.pdb	16.620	45.690	0	17.699
swarm_6_43.pdb	19.680	43.486	0	17.654
swarm_21_21.pdb	26.128	38.376	0	17.613
swarm_26_192.pdb	13.902	26.936	0	17.566
swarm_25_120.pdb	23.853	43.704	0	17.487
swarm_5_25.pdb	26.377	36.454	0	17.475
swarm_28_139.pdb	25.083	56.800	0	17.417
swarm_16_34.pdb	19.352	36.583	0	17.321
swarm_14_26.pdb	14.992	51.807	0	17.249
swarm_22_97.pdb	26.738	39.221	0	17.238
swarm_7_55.pdb	22.373	51.834	0	17.124
swarm_3_21.pdb	24.179	51.840	0	17.105
swarm_10_171.pdb	11.448	22.822	0	17.093
swarm_20_49.pdb	24.690	41.259	0	16.911
swarm_49_189.pdb	16.366	26.277	0	16.847
swarm_15_46.pdb	13.734	30.028	0.0377358	16.791
swarm_1_181.pdb	27.232	39.789	0	16.742
swarm_8_181.pdb	12.571	61.828	0.0377358	16.741
swarm_30_184.pdb	23.818	52.013	0	16.668
swarm_16_85.pdb	27.487	62.879	0	16.637
swarm_50_83.pdb	19.119	29.955	0	16.592
swarm_50_2.pdb	22.931	42.266	0	16.453
swarm_39_57.pdb	18.366	49.594	0	16.444
swarm_15_169.pdb	24.433	34.552	0	16.386
swarm_7_76.pdb	20.597	37.006	0	16.102
swarm_26_76.pdb	23.640	40.720	0	15.795
swarm_2_180.pdb	16.630	65.371	0	15.730
swarm_49_48.pdb	16.722	23.414	0	15.637
swarm_12_99.pdb	16.852	72.001	0	15.549
swarm_17_1.pdb	14.304	66.285	0	15.502
swarm_4_57.pdb	9.562	44.753	0	15.396
swarm_31_192.pdb	8.939	33.754	0	15.256
swarm_45_70.pdb	19.199	44.757	0	15.187
swarm_9_163.pdb	12.673	38.004	0.0377358	15.181
swarm_5_83.pdb	19.478	29.963	0	15.140
swarm_0_2.pdb	15.154	26.073	0	15.109
swarm_17_122.pdb	11.896	48.999	0	15.085
swarm_8_116.pdb	12.333	27.803	0	14.770
swarm_50_8.pdb	12.033	27.340	0	14.597
swarm_0_103.pdb	21.504	34.464	0	14.579
swarm_7_138.pdb	15.647	45.754	0	14.545
swarm_2_117.pdb	26.720	41.376	0	14.489
swarm_6_177.pdb	24.412	47.177	0	14.474
swarm_21_3.pdb	15.236	59.899	0	14.379
swarm_0_34.pdb	12.675	27.965	0	14.121
swarm_15_39.pdb	8.281	21.755	0	13.953
swarm_2_58.pdb	16.726	35.228	0	13.952
swarm_7_127.pdb	9.269	20.951	0	13.925
swarm_21_185.pdb	11.539	34.759	0	13.894
swarm_15_122.pdb	13.648	54.933	0	13.797
swarm_12_62.pdb	15.554	33.549	0	13.715
swarm_49_0.pdb	19.207	30.994	0	13.522
swarm_12_116.pdb	13.554	27.508	0	13.341
swarm_8_13.pdb	13.706	31.148	0	13.303
swarm_23_8.pdb	17.092	32.580	0	13.251
swarm_44_172.pdb	15.226	39.642	0	12.974
swarm_49_65.pdb	17.735	33.721	0	12.939
swarm_29_31.pdb	21.039	32.457	0	12.696
swarm_15_155.pdb	22.601	36.120	0	12.694
swarm_8_33.pdb	26.872	35.701	0	12.660
swarm_31_68.pdb	19.801	53.550	0	12.628
swarm_2_126.pdb	11.544	32.397	0	12.132
swarm_3_8.pdb	13.281	28.285	0	11.983
swarm_16_87.pdb	26.023	43.986	0	11.352
swarm_3_199.pdb	21.013	44.267	0	11.052
swarm_7_21.pdb	24.827	37.208	0	10.152
swarm_17_32.pdb	16.668	40.147	0	10.071
swarm_12_170.pdb	20.244	40.205	0	9.442
swarm_31_82.pdb	13.193	58.200	0.0566038	7.776
swarm_3_165.pdb	13.013	53.887	0.0188679	7.715
swarm_12_132.pdb	22.463	41.362	0	7.714
swarm_14_46.pdb	17.141	43.368	0	5.753
swarm_5_150.pdb	23.312	63.615	0	4.436
swarm_0_29.pdb	14.848	27.808	0	1.420
