swarm_7_94.pdb	18.281	38.394	0	55.270
swarm_9_34.pdb	22.982	39.695	0	50.396
swarm_4_82.pdb	23.724	37.915	0	50.327
swarm_0_42.pdb	7.320	22.675	0	47.661
swarm_2_57.pdb	20.063	34.115	0	47.299
swarm_9_73.pdb	21.415	41.125	0	46.784
swarm_2_166.pdb	22.256	41.023	0	45.595
swarm_6_76.pdb	21.021	43.922	0	43.996
swarm_7_125.pdb	20.367	40.297	0	43.978
swarm_4_32.pdb	23.944	41.101	0	43.670
swarm_5_188.pdb	23.965	41.576	0	43.283
swarm_8_47.pdb	23.046	35.123	0	43.279
swarm_2_135.pdb	13.806	33.180	0	43.109
swarm_7_69.pdb	16.559	48.143	0	41.500
swarm_7_98.pdb	14.337	40.304	0.0754717	41.039
swarm_0_10.pdb	13.338	38.969	0	40.968
swarm_8_142.pdb	10.468	24.668	0	40.810
swarm_0_176.pdb	20.326	45.049	0	40.544
swarm_1_139.pdb	7.083	21.780	0.0943396	39.852
swarm_1_15.pdb	23.348	36.711	0	39.346
swarm_2_150.pdb	21.004	42.561	0	39.252
swarm_9_132.pdb	22.133	43.235	0	38.956
swarm_5_46.pdb	6.911	22.877	0.0566038	38.748
swarm_9_107.pdb	15.930	44.155	0	38.723
swarm_5_118.pdb	19.256	33.962	0	38.648
swarm_4_68.pdb	12.636	29.286	0	38.415
swarm_6_9.pdb	14.324	35.169	0	38.213
swarm_1_107.pdb	22.199	38.173	0	37.903
swarm_9_50.pdb	9.536	24.192	0.0566038	37.385
swarm_2_119.pdb	23.536	39.430	0	37.252
swarm_7_129.pdb	20.789	44.530	0	37.242
swarm_3_38.pdb	20.220	34.828	0	36.979
swarm_1_83.pdb	5.224	19.951	0.169811	36.928
swarm_4_77.pdb	24.079	38.256	0	36.634
swarm_2_189.pdb	18.347	40.753	0	36.345
swarm_2_53.pdb	12.298	31.465	0	36.326
swarm_7_5.pdb	12.189	39.167	0	36.255
swarm_1_176.pdb	10.892	22.805	0	36.084
swarm_7_179.pdb	17.426	33.718	0	35.954
swarm_2_60.pdb	14.223	36.745	0.113208	35.632
swarm_6_96.pdb	18.102	36.736	0	34.837
swarm_5_174.pdb	21.911	38.116	0	34.779
swarm_9_92.pdb	13.579	36.078	0	34.754
swarm_7_24.pdb	19.000	34.468	0	34.371
swarm_5_94.pdb	21.190	39.951	0	34.185
swarm_8_175.pdb	21.174	37.718	0	33.986
swarm_7_68.pdb	13.566	30.380	0	33.845
swarm_5_128.pdb	24.789	40.648	0	33.828
swarm_8_102.pdb	9.474	23.795	0.0754717	33.717
swarm_5_51.pdb	24.523	41.382	0	33.388
swarm_2_179.pdb	10.403	28.542	0.0188679	32.904
swarm_7_133.pdb	19.552	42.151	0	32.778
swarm_0_38.pdb	13.009	31.475	0	32.777
swarm_9_155.pdb	18.331	30.777	0	32.767
swarm_7_160.pdb	16.147	43.710	0	32.685
swarm_7_74.pdb	13.946	48.020	0	32.529
swarm_0_11.pdb	11.670	32.390	0	32.516
swarm_7_78.pdb	15.848	42.230	0	32.430
swarm_5_135.pdb	12.138	29.261	0.0377358	31.922
swarm_6_29.pdb	11.640	28.568	0.0188679	31.920
swarm_0_95.pdb	10.431	38.572	0	31.717
swarm_8_130.pdb	22.757	38.596	0	30.989
swarm_4_156.pdb	12.120	26.577	0	30.970
swarm_8_119.pdb	19.268	26.935	0	30.842
swarm_3_185.pdb	20.738	31.404	0	30.814
swarm_0_21.pdb	22.440	40.348	0	30.406
swarm_3_13.pdb	18.756	30.522	0	30.374
swarm_6_60.pdb	17.274	33.245	0	29.335
swarm_9_13.pdb	19.548	35.437	0	29.171
swarm_1_157.pdb	24.339	38.039	0	29.068
swarm_5_109.pdb	16.541	34.723	0	29.024
swarm_3_41.pdb	21.669	36.496	0	28.729
swarm_3_107.pdb	25.531	36.404	0	28.636
swarm_8_123.pdb	22.544	36.102	0	28.240
swarm_2_137.pdb	22.658	35.153	0	27.959
swarm_4_145.pdb	16.251	31.240	0	27.835
swarm_3_146.pdb	12.229	20.361	0	27.793
swarm_5_48.pdb	6.889	16.270	0.0377358	27.612
swarm_4_120.pdb	20.376	30.908	0	27.567
swarm_0_180.pdb	16.144	44.076	0	27.559
swarm_4_129.pdb	24.491	39.597	0	26.461
swarm_3_66.pdb	16.522	32.537	0.0188679	26.432
swarm_1_197.pdb	14.928	28.055	0	26.284
swarm_8_10.pdb	14.844	27.047	0	26.060
swarm_3_81.pdb	19.894	33.644	0	26.041
swarm_1_71.pdb	20.955	33.808	0	25.973
swarm_3_19.pdb	7.921	18.258	0	25.783
swarm_0_168.pdb	16.319	29.640	0	25.493
swarm_6_79.pdb	19.891	31.452	0	25.300
swarm_1_179.pdb	21.930	29.963	0	25.272
swarm_1_76.pdb	23.635	33.504	0	24.901
swarm_3_168.pdb	17.699	35.128	0	24.742
swarm_2_87.pdb	14.241	41.101	0	24.622
swarm_9_98.pdb	17.663	36.027	0	24.584
swarm_2_96.pdb	6.730	16.987	0.0754717	24.167
swarm_1_101.pdb	21.058	31.386	0	23.643
swarm_0_190.pdb	15.937	41.302	0	23.289
swarm_0_64.pdb	17.881	40.968	0	22.938
swarm_3_163.pdb	25.704	38.058	0	22.485
swarm_2_126.pdb	15.440	34.332	0	22.176
swarm_6_187.pdb	19.668	43.767	0	21.520
swarm_2_55.pdb	15.682	32.653	0	21.194
swarm_6_72.pdb	25.292	39.081	0	21.087
swarm_5_67.pdb	8.733	17.047	0	20.823
swarm_8_23.pdb	20.236	37.174	0	19.931
swarm_1_95.pdb	25.244	38.783	0	19.845
swarm_3_122.pdb	14.986	26.508	0	19.779
swarm_2_122.pdb	9.501	28.252	0	18.430
swarm_3_186.pdb	10.342	21.611	0	18.054
swarm_4_186.pdb	22.094	33.178	0	18.033
swarm_1_99.pdb	14.978	26.336	0	17.729
swarm_8_136.pdb	15.620	23.148	0	14.961
swarm_5_199.pdb	17.722	28.082	0	14.319
swarm_1_121.pdb	22.762	40.697	0	14.200
swarm_9_154.pdb	16.433	35.262	0	13.257
swarm_5_170.pdb	18.744	37.807	0	11.855
swarm_0_114.pdb	16.609	42.979	0	6.961
