swarm_38_174.pdb	14.403	44.999	0.0377358	47.491
swarm_13_103.pdb	17.518	45.175	0	39.804
swarm_26_102.pdb	17.131	36.814	0	38.472
swarm_19_168.pdb	11.411	27.781	0	38.180
swarm_2_85.pdb	23.746	36.254	0	37.513
swarm_14_167.pdb	20.299	46.651	0	36.127
swarm_6_38.pdb	17.251	30.043	0	35.674
swarm_34_145.pdb	8.069	36.312	0.0943396	34.871
swarm_8_56.pdb	6.224	32.004	0.113208	34.790
swarm_34_82.pdb	8.713	29.871	0	34.425
swarm_40_118.pdb	10.100	36.259	0	34.347
swarm_21_80.pdb	15.538	56.170	0.0377358	34.223
swarm_11_68.pdb	19.579	45.606	0	33.611
swarm_2_89.pdb	6.831	23.684	0.245283	33.140
swarm_2_95.pdb	18.516	36.681	0	32.999
swarm_30_83.pdb	16.587	28.097	0	32.641
swarm_8_107.pdb	22.073	42.504	0	32.403
swarm_32_110.pdb	23.287	45.175	0	32.267
swarm_15_106.pdb	23.024	43.320	0	32.194
swarm_28_195.pdb	27.705	48.873	0	32.136
swarm_16_172.pdb	4.768	18.913	0.264151	32.049
swarm_19_120.pdb	17.533	33.634	0	31.898
swarm_21_94.pdb	13.809	52.504	0.0377358	31.636
swarm_11_129.pdb	18.892	47.401	0	31.551
swarm_26_87.pdb	12.001	40.699	0	31.177
swarm_19_197.pdb	13.798	38.054	0.0188679	31.139
swarm_33_158.pdb	22.018	44.898	0	30.898
swarm_1_44.pdb	12.910	41.083	0	30.755
swarm_1_199.pdb	19.501	31.626	0	30.620
swarm_38_71.pdb	21.285	43.599	0	30.074
swarm_34_54.pdb	17.071	38.404	0	29.955
swarm_14_198.pdb	19.178	47.676	0	29.650
swarm_12_117.pdb	23.587	38.296	0	29.605
swarm_6_44.pdb	12.062	28.325	0	29.585
swarm_14_20.pdb	15.624	46.080	0	29.582
swarm_29_24.pdb	25.630	51.743	0	29.451
swarm_9_91.pdb	7.360	32.365	0.0188679	29.428
swarm_3_74.pdb	13.736	36.453	0	29.422
swarm_35_105.pdb	18.117	41.736	0	29.397
swarm_20_9.pdb	19.633	38.060	0	29.379
swarm_18_133.pdb	10.519	32.546	0	29.162
swarm_2_151.pdb	10.768	33.127	0	29.079
swarm_1_121.pdb	22.234	37.550	0	28.880
swarm_26_67.pdb	20.147	39.367	0	28.851
swarm_19_196.pdb	9.504	28.086	0	28.779
swarm_30_131.pdb	24.269	43.573	0	28.361
swarm_33_198.pdb	10.719	33.776	0	28.309
swarm_39_79.pdb	8.749	38.238	0.0188679	28.229
swarm_40_32.pdb	21.202	46.110	0	28.103
swarm_27_89.pdb	24.486	51.734	0	28.092
swarm_20_125.pdb	20.068	34.847	0	27.989
swarm_9_190.pdb	9.878	37.638	0	27.938
swarm_38_161.pdb	16.411	49.970	0.0566038	27.898
swarm_29_96.pdb	10.739	46.410	0	27.840
swarm_34_14.pdb	24.986	44.895	0	27.814
swarm_41_114.pdb	21.285	32.248	0	27.762
swarm_8_158.pdb	20.315	37.823	0	27.439
swarm_35_29.pdb	9.151	28.999	0	27.400
swarm_35_128.pdb	14.905	34.569	0	27.352
swarm_33_109.pdb	6.904	29.312	0	27.318
swarm_44_167.pdb	18.363	33.644	0	27.257
swarm_28_13.pdb	18.934	46.483	0	27.243
swarm_5_61.pdb	18.350	36.548	0	27.108
swarm_43_167.pdb	12.708	28.319	0	27.102
swarm_19_17.pdb	18.601	37.523	0	27.084
swarm_8_103.pdb	13.538	33.044	0	27.029
swarm_42_188.pdb	2.025	4.026	0.377358	27.022
swarm_39_53.pdb	26.952	48.283	0	26.974
swarm_8_92.pdb	25.765	47.053	0	26.965
swarm_39_70.pdb	7.389	33.175	0.0943396	26.854
swarm_22_105.pdb	25.075	45.957	0	26.830
swarm_20_45.pdb	15.093	34.290	0	26.587
swarm_9_121.pdb	16.019	47.819	0	26.555
swarm_25_183.pdb	19.816	39.658	0	26.135
swarm_41_17.pdb	23.992	35.938	0	26.044
swarm_15_141.pdb	18.701	48.304	0	25.946
swarm_24_60.pdb	15.702	32.731	0	25.925
swarm_1_33.pdb	21.908	35.179	0	25.896
swarm_43_102.pdb	5.016	17.098	0.113208	25.746
swarm_13_113.pdb	20.685	48.907	0	25.594
swarm_34_77.pdb	4.934	22.423	0.132075	25.471
swarm_33_199.pdb	27.013	51.074	0	25.428
swarm_24_98.pdb	14.800	23.284	0	25.327
swarm_42_109.pdb	11.068	24.061	0.0754717	25.272
swarm_7_151.pdb	24.624	41.853	0	25.115
swarm_18_156.pdb	21.631	30.094	0	24.907
swarm_39_9.pdb	20.239	36.338	0	24.906
swarm_5_179.pdb	21.881	37.591	0	24.827
swarm_10_5.pdb	9.635	22.106	0	24.789
swarm_8_48.pdb	11.791	29.765	0	24.674
swarm_20_34.pdb	21.223	44.197	0	24.564
swarm_25_119.pdb	16.692	42.764	0	24.492
swarm_12_45.pdb	19.979	40.015	0	24.455
swarm_15_49.pdb	8.530	43.492	0.0377358	24.420
swarm_33_105.pdb	24.691	44.362	0	24.418
swarm_7_59.pdb	22.141	34.079	0	24.149
swarm_9_168.pdb	21.765	43.114	0	24.087
swarm_35_25.pdb	24.336	46.926	0	24.061
swarm_3_162.pdb	12.355	28.867	0	24.014
swarm_43_75.pdb	21.370	31.914	0	23.903
swarm_35_96.pdb	25.387	48.585	0	23.901
swarm_24_42.pdb	22.120	36.021	0	23.793
swarm_24_38.pdb	17.067	34.457	0	23.728
swarm_43_123.pdb	21.840	33.332	0	23.634
swarm_28_144.pdb	14.433	47.951	0	23.551
swarm_24_153.pdb	18.001	36.766	0	23.509
swarm_43_45.pdb	23.115	41.755	0	23.455
swarm_25_33.pdb	16.067	49.078	0	23.432
swarm_33_27.pdb	25.687	46.609	0	23.420
swarm_40_196.pdb	15.244	41.846	0	23.390
swarm_27_112.pdb	17.583	48.380	0	23.385
swarm_12_10.pdb	12.795	36.533	0	23.080
swarm_34_72.pdb	22.853	42.675	0	22.956
swarm_28_198.pdb	18.927	43.533	0	22.822
swarm_1_183.pdb	11.724	33.457	0	22.822
swarm_44_133.pdb	16.089	35.453	0	22.755
swarm_30_12.pdb	16.595	38.358	0	22.711
swarm_17_122.pdb	17.848	35.042	0	22.673
swarm_16_152.pdb	23.381	36.482	0	22.659
swarm_19_4.pdb	11.511	29.138	0.0377358	22.576
swarm_6_53.pdb	15.889	31.159	0	22.546
swarm_0_181.pdb	9.450	25.921	0	22.529
swarm_24_121.pdb	10.503	25.948	0	22.517
swarm_17_124.pdb	11.770	29.423	0	22.414
swarm_41_48.pdb	12.859	21.218	0	22.366
swarm_44_29.pdb	7.102	20.744	0.0566038	22.342
swarm_13_119.pdb	21.747	47.652	0	22.241
swarm_39_156.pdb	25.217	49.544	0	22.148
swarm_36_92.pdb	23.605	39.431	0	21.955
swarm_25_150.pdb	18.152	37.723	0	21.899
swarm_35_196.pdb	14.639	38.454	0	21.887
swarm_27_163.pdb	21.540	46.756	0	21.855
swarm_12_112.pdb	15.444	38.518	0	21.844
swarm_44_105.pdb	17.367	35.231	0	21.805
swarm_42_53.pdb	14.959	19.420	0	21.676
swarm_36_64.pdb	20.362	34.900	0	21.598
swarm_1_72.pdb	23.215	39.941	0	21.402
swarm_44_71.pdb	19.875	39.398	0	21.336
swarm_16_79.pdb	21.822	37.195	0	21.323
swarm_41_128.pdb	22.683	32.692	0	21.319
swarm_6_71.pdb	9.003	25.058	0	21.195
swarm_35_50.pdb	16.126	43.462	0	21.014
swarm_20_132.pdb	22.508	45.247	0	20.794
swarm_10_41.pdb	22.869	39.266	0	20.706
swarm_11_92.pdb	14.722	57.438	0	20.701
swarm_19_135.pdb	17.431	40.414	0	20.663
swarm_27_148.pdb	17.206	49.529	0	20.570
swarm_6_195.pdb	23.800	39.400	0	20.561
swarm_32_13.pdb	27.893	48.960	0	20.401
swarm_12_48.pdb	26.193	39.666	0	20.392
swarm_8_61.pdb	21.822	39.336	0	20.343
swarm_15_23.pdb	17.191	35.790	0	20.288
swarm_43_188.pdb	13.210	29.778	0	20.126
swarm_27_167.pdb	25.266	47.806	0	19.990
swarm_32_112.pdb	17.570	39.162	0	19.983
swarm_42_65.pdb	20.815	32.922	0	19.926
swarm_12_12.pdb	13.967	36.883	0.0188679	19.899
swarm_41_59.pdb	12.537	23.919	0.0754717	19.768
swarm_44_80.pdb	13.795	43.917	0.0566038	19.719
swarm_15_6.pdb	13.291	41.463	0	19.644
swarm_33_193.pdb	18.482	38.863	0	19.640
swarm_24_166.pdb	19.471	34.162	0	19.412
swarm_39_126.pdb	10.137	35.898	0	19.369
swarm_24_176.pdb	24.975	34.337	0	19.245
swarm_39_139.pdb	25.964	44.791	0	19.165
swarm_6_64.pdb	18.131	37.434	0	19.090
swarm_43_28.pdb	15.379	28.886	0	19.081
swarm_10_167.pdb	25.613	37.302	0	18.949
swarm_44_152.pdb	21.005	33.269	0	18.945
swarm_18_175.pdb	18.334	29.317	0	18.904
swarm_12_22.pdb	24.703	42.146	0	18.858
swarm_11_183.pdb	14.358	59.354	0	18.608
swarm_20_0.pdb	20.713	42.639	0	18.589
swarm_37_164.pdb	14.934	58.004	0.0943396	18.572
swarm_35_11.pdb	15.660	37.342	0	18.497
swarm_28_96.pdb	16.418	41.347	0	18.427
swarm_10_156.pdb	15.057	30.777	0.0377358	18.306
swarm_33_100.pdb	25.564	40.443	0	18.294
swarm_16_131.pdb	13.066	27.423	0	18.177
swarm_23_2.pdb	21.080	37.410	0	18.005
swarm_44_139.pdb	8.727	27.928	0.0188679	17.875
swarm_43_71.pdb	22.942	34.742	0	17.802
swarm_43_183.pdb	22.841	35.209	0	17.802
swarm_10_129.pdb	20.939	35.644	0	17.507
swarm_42_167.pdb	22.124	33.212	0	17.453
swarm_35_89.pdb	11.846	29.976	0	17.409
swarm_2_32.pdb	9.197	15.562	0	17.269
swarm_15_139.pdb	13.332	38.612	0	17.238
swarm_34_68.pdb	16.533	40.676	0	17.211
swarm_36_134.pdb	18.818	35.812	0	17.197
swarm_34_137.pdb	23.691	48.619	0	17.181
swarm_25_81.pdb	24.427	48.889	0	17.150
swarm_41_13.pdb	25.382	35.443	0	17.061
swarm_40_31.pdb	14.255	47.225	0	16.981
swarm_19_162.pdb	20.304	32.011	0	16.959
swarm_33_157.pdb	27.265	47.713	0	16.855
swarm_15_63.pdb	21.913	41.869	0	16.855
swarm_44_92.pdb	16.307	35.453	0	16.827
swarm_36_195.pdb	14.786	37.964	0	16.822
swarm_32_161.pdb	9.225	31.562	0	16.701
swarm_16_158.pdb	25.211	38.746	0	16.691
swarm_6_161.pdb	8.102	25.553	0.0188679	16.653
swarm_19_63.pdb	16.935	32.252	0.0377358	16.306
swarm_24_197.pdb	14.493	27.734	0	16.145
swarm_24_81.pdb	10.273	25.100	0.0188679	16.096
swarm_15_42.pdb	25.420	41.252	0	16.032
swarm_18_74.pdb	20.466	29.913	0	15.977
swarm_20_13.pdb	24.403	38.031	0	15.768
swarm_9_185.pdb	15.810	46.960	0.0188679	15.694
swarm_2_143.pdb	14.072	32.610	0	15.495
swarm_5_70.pdb	13.549	44.401	0	15.124
swarm_12_91.pdb	17.174	33.601	0	14.971
swarm_2_101.pdb	24.375	31.981	0	14.709
swarm_24_35.pdb	17.669	30.670	0	14.599
swarm_44_95.pdb	15.501	29.574	0	14.582
swarm_24_56.pdb	17.650	29.174	0	14.456
swarm_17_39.pdb	17.374	33.764	0	14.367
swarm_10_115.pdb	26.856	41.500	0	14.345
swarm_41_3.pdb	11.038	19.578	0	14.158
swarm_36_114.pdb	28.944	41.714	0	13.988
swarm_9_108.pdb	24.492	41.748	0	13.673
swarm_30_60.pdb	28.701	46.238	0	13.638
swarm_41_54.pdb	27.006	36.593	0	13.487
swarm_17_120.pdb	21.653	32.403	0	13.434
swarm_17_3.pdb	9.967	27.989	0	12.744
swarm_36_117.pdb	30.357	41.560	0	12.662
swarm_19_85.pdb	11.177	31.099	0	12.250
swarm_17_43.pdb	18.667	32.675	0	11.690
swarm_7_176.pdb	10.631	30.031	0	11.351
swarm_7_19.pdb	10.928	30.324	0	10.748
swarm_43_34.pdb	9.189	21.576	0.0566038	8.623
swarm_33_38.pdb	22.794	41.220	0	8.234
swarm_17_79.pdb	19.599	33.872	0	8.206
swarm_44_154.pdb	12.014	27.729	0	7.794
swarm_0_146.pdb	14.934	34.872	0	7.733
