swarm_40_71.pdb	13.798	39.417	0	25.284
swarm_9_68.pdb	14.180	29.076	0	21.882
swarm_8_171.pdb	12.021	29.940	0	21.554
swarm_12_84.pdb	15.046	37.757	0	21.554
swarm_50_143.pdb	15.251	32.005	0	21.336
swarm_8_119.pdb	11.035	28.287	0	21.211
swarm_7_40.pdb	11.910	31.473	0	20.872
swarm_44_176.pdb	11.046	29.090	0	20.862
swarm_50_112.pdb	14.747	36.857	0	20.796
swarm_15_141.pdb	17.036	39.850	0	20.546
swarm_26_26.pdb	14.057	33.403	0	20.285
swarm_8_115.pdb	12.636	34.949	0	20.086
swarm_42_185.pdb	11.402	22.292	0	20.060
swarm_15_3.pdb	13.934	39.894	0	19.617
swarm_48_10.pdb	9.647	33.092	0	19.212
swarm_41_8.pdb	13.975	35.375	0	19.211
swarm_25_131.pdb	11.622	24.575	0	19.012
swarm_51_4.pdb	14.155	29.321	0	18.617
swarm_7_112.pdb	14.424	29.955	0	18.598
swarm_50_162.pdb	12.024	31.018	0	18.503
swarm_29_100.pdb	14.005	39.198	0	18.377
swarm_14_30.pdb	16.881	39.375	0	18.316
swarm_18_35.pdb	10.915	30.877	0	18.086
swarm_34_176.pdb	12.023	42.866	0	17.870
swarm_25_130.pdb	9.548	20.631	0	17.765
swarm_49_193.pdb	13.005	35.869	0	17.705
swarm_29_176.pdb	16.041	37.900	0	17.703
swarm_14_98.pdb	14.582	39.748	0	17.449
swarm_6_44.pdb	10.514	27.038	0.0243902	17.444
swarm_12_153.pdb	13.215	34.153	0	17.303
swarm_10_162.pdb	12.584	31.938	0	17.251
swarm_4_195.pdb	16.443	46.733	0	17.142
swarm_37_108.pdb	14.387	38.586	0	16.660
swarm_45_56.pdb	15.148	43.682	0	16.641
swarm_49_138.pdb	10.848	33.163	0	16.309
swarm_12_104.pdb	16.807	41.709	0	16.206
swarm_11_120.pdb	11.265	35.459	0	15.960
swarm_18_173.pdb	15.015	41.435	0	15.942
swarm_34_77.pdb	14.353	43.122	0	15.935
swarm_7_33.pdb	12.211	37.378	0	15.871
swarm_11_130.pdb	10.482	34.466	0	15.654
swarm_37_163.pdb	14.686	40.000	0	15.573
swarm_4_128.pdb	14.841	41.663	0	15.365
swarm_14_133.pdb	16.117	45.744	0	15.204
swarm_13_138.pdb	16.807	44.778	0	15.107
swarm_5_93.pdb	17.015	39.134	0	15.023
swarm_15_178.pdb	14.841	39.930	0	14.880
swarm_35_176.pdb	10.576	21.175	0	14.647
swarm_29_147.pdb	15.930	44.652	0	14.530
swarm_14_108.pdb	14.594	45.777	0	14.491
swarm_45_16.pdb	16.194	44.302	0	14.454
swarm_13_179.pdb	14.076	39.074	0	14.221
swarm_51_146.pdb	11.801	35.571	0	13.857
swarm_47_133.pdb	16.767	44.496	0	13.487
swarm_13_121.pdb	14.531	41.245	0	13.260
swarm_6_90.pdb	13.793	34.877	0.0243902	13.191
swarm_49_191.pdb	18.649	44.399	0	13.052
swarm_48_169.pdb	11.608	29.245	0	12.774
swarm_15_135.pdb	11.433	27.369	0	11.871
swarm_14_99.pdb	14.958	42.267	0	11.439
swarm_46_111.pdb	11.395	26.426	0	10.873
swarm_47_15.pdb	18.270	48.086	0	9.695
swarm_10_160.pdb	11.513	23.942	0	7.506
