swarm_26_100.pdb	10.765	30.636	0.0243902	40.352
swarm_34_26.pdb	9.178	23.150	0.0243902	39.643
swarm_2_53.pdb	13.294	28.003	0	38.228
swarm_26_155.pdb	13.588	29.035	0	37.277
swarm_32_29.pdb	10.628	25.812	0	36.123
swarm_38_178.pdb	10.291	26.709	0.0243902	34.634
swarm_27_161.pdb	10.321	24.238	0.0487805	33.147
swarm_36_79.pdb	8.934	26.634	0	33.125
swarm_15_107.pdb	13.377	30.817	0	32.481
swarm_3_145.pdb	13.560	27.804	0	32.267
swarm_35_160.pdb	12.341	25.885	0	31.862
swarm_24_20.pdb	14.501	34.219	0	31.142
swarm_3_132.pdb	12.614	24.367	0	30.930
swarm_4_178.pdb	11.268	26.834	0	30.878
swarm_24_28.pdb	11.021	27.705	0.0731707	30.645
swarm_34_13.pdb	11.675	26.951	0	30.607
swarm_37_85.pdb	14.556	34.067	0	30.359
swarm_3_155.pdb	7.686	20.970	0.0487805	30.128
swarm_0_43.pdb	8.950	20.181	0	29.930
swarm_3_36.pdb	10.442	19.945	0	29.349
swarm_5_31.pdb	10.005	27.539	0	29.068
swarm_15_177.pdb	10.557	25.853	0.121951	28.859
swarm_35_158.pdb	12.570	27.020	0	28.502
swarm_33_147.pdb	13.848	29.511	0	28.468
swarm_38_155.pdb	14.556	34.145	0	28.281
swarm_35_26.pdb	10.218	22.881	0	27.208
swarm_6_153.pdb	10.079	24.543	0.0731707	26.825
swarm_1_76.pdb	17.017	40.066	0	26.746
swarm_36_175.pdb	17.154	42.175	0	26.683
swarm_35_46.pdb	13.440	25.159	0.0487805	26.679
swarm_6_45.pdb	14.645	31.201	0	26.579
swarm_4_77.pdb	14.347	32.489	0	26.409
swarm_2_13.pdb	10.022	32.383	0.0487805	26.282
swarm_17_37.pdb	10.317	17.710	0	26.196
swarm_4_21.pdb	13.565	29.666	0	26.191
swarm_5_124.pdb	13.846	32.804	0.0243902	26.143
swarm_24_34.pdb	13.587	33.333	0	25.756
swarm_28_175.pdb	13.229	26.985	0	25.671
swarm_2_178.pdb	13.514	33.425	0	25.645
swarm_4_52.pdb	12.575	27.949	0	25.550
swarm_25_21.pdb	12.277	25.797	0.0243902	25.508
swarm_25_37.pdb	12.159	22.956	0.0243902	25.273
swarm_18_102.pdb	7.658	17.242	0.0487805	25.198
swarm_3_53.pdb	14.295	27.514	0	24.996
swarm_5_112.pdb	15.922	38.661	0	24.831
swarm_33_81.pdb	14.603	35.839	0	24.784
swarm_5_75.pdb	14.113	37.273	0	24.746
swarm_6_197.pdb	14.687	34.726	0	24.576
swarm_35_79.pdb	12.209	29.250	0	24.434
swarm_22_17.pdb	12.797	24.332	0.0487805	24.335
swarm_34_56.pdb	11.052	19.650	0	24.275
swarm_16_124.pdb	8.181	16.538	0	24.239
swarm_26_189.pdb	12.844	26.340	0	24.073
swarm_24_166.pdb	16.055	38.160	0	24.030
swarm_2_78.pdb	12.070	33.335	0	23.962
swarm_33_97.pdb	13.279	33.221	0	23.931
swarm_18_107.pdb	12.605	25.079	0	23.671
swarm_15_53.pdb	13.493	25.838	0.0487805	23.633
swarm_28_92.pdb	13.765	27.448	0	23.559
swarm_2_77.pdb	14.717	30.610	0	23.210
swarm_32_190.pdb	11.339	28.145	0	23.123
swarm_27_92.pdb	13.526	26.818	0.0487805	22.835
swarm_37_116.pdb	13.076	28.472	0	22.778
swarm_18_56.pdb	10.515	17.659	0	22.721
swarm_11_13.pdb	10.979	22.183	0.097561	22.556
swarm_15_156.pdb	9.529	19.800	0.0243902	22.535
swarm_27_6.pdb	9.761	18.534	0	22.319
swarm_33_87.pdb	10.348	31.379	0.0243902	22.267
swarm_28_57.pdb	7.669	19.362	0.146341	22.225
swarm_26_182.pdb	9.479	21.794	0	22.224
swarm_35_129.pdb	7.322	16.065	0	22.210
swarm_14_192.pdb	11.655	21.501	0	22.151
swarm_28_26.pdb	7.395	17.533	0	22.105
swarm_27_139.pdb	8.616	18.307	0	21.780
swarm_8_33.pdb	13.396	28.044	0	21.629
swarm_27_68.pdb	14.144	28.200	0	21.549
swarm_27_63.pdb	11.559	21.727	0	21.256
swarm_35_12.pdb	13.424	24.560	0	21.142
swarm_38_10.pdb	14.112	30.488	0	21.117
swarm_38_3.pdb	14.097	31.446	0	20.685
swarm_38_185.pdb	11.152	34.396	0	20.681
swarm_28_180.pdb	8.571	17.256	0.0243902	20.651
swarm_32_140.pdb	11.534	23.480	0	20.534
swarm_17_4.pdb	10.474	16.809	0	20.533
swarm_2_83.pdb	13.166	28.120	0	20.525
swarm_27_150.pdb	6.931	16.515	0.0487805	20.307
swarm_16_193.pdb	11.980	22.109	0	20.197
swarm_18_171.pdb	11.366	21.742	0.0731707	20.164
swarm_26_146.pdb	14.534	31.024	0	19.892
swarm_17_61.pdb	7.373	15.029	0	19.645
swarm_32_15.pdb	12.217	22.448	0	19.626
swarm_16_81.pdb	12.342	25.299	0	19.525
swarm_25_56.pdb	6.921	13.761	0	19.363
swarm_17_128.pdb	11.182	20.541	0	19.355
swarm_25_192.pdb	11.822	23.247	0	18.741
swarm_8_147.pdb	11.349	24.534	0	18.621
swarm_31_148.pdb	11.982	22.364	0	18.469
swarm_34_199.pdb	7.970	24.379	0	18.406
swarm_3_183.pdb	9.871	24.778	0.0243902	18.376
swarm_34_173.pdb	14.217	27.105	0	18.316
swarm_20_64.pdb	9.265	21.881	0.0487805	17.996
swarm_23_100.pdb	13.024	25.122	0.170732	17.891
swarm_3_170.pdb	14.623	31.526	0	17.737
swarm_32_188.pdb	13.344	27.085	0	17.340
swarm_24_52.pdb	14.345	31.681	0	17.315
swarm_37_33.pdb	13.949	33.967	0	17.269
swarm_37_39.pdb	10.442	32.228	0	17.257
swarm_15_127.pdb	9.754	17.509	0	16.863
swarm_8_0.pdb	11.078	24.311	0	16.484
swarm_0_95.pdb	11.009	20.110	0	16.452
swarm_17_108.pdb	12.089	19.378	0	16.359
swarm_25_41.pdb	8.982	17.580	0	15.653
swarm_16_185.pdb	6.651	13.714	0.121951	15.164
swarm_17_42.pdb	13.034	25.086	0.0243902	14.850
swarm_4_64.pdb	8.401	19.702	0.097561	14.492
swarm_18_116.pdb	7.679	17.774	0.0487805	14.109
swarm_37_64.pdb	13.902	34.179	0	13.634
swarm_8_5.pdb	10.628	21.173	0	10.594
swarm_20_14.pdb	12.726	23.263	0	10.194
swarm_11_123.pdb	8.664	21.289	0	9.046
swarm_8_169.pdb	12.918	27.416	0	5.262
swarm_0_187.pdb	10.132	20.761	0.0731707	3.955
