swarm_327_192.pdb	14.808	33.146	0	28.759
swarm_324_186.pdb	13.585	26.635	0	28.242
swarm_305_133.pdb	8.787	20.728	0.0243902	28.222
swarm_330_118.pdb	10.111	26.020	0	28.220
swarm_333_50.pdb	14.417	29.955	0	27.628
swarm_330_61.pdb	14.162	30.146	0	27.410
swarm_333_22.pdb	12.659	27.914	0	27.007
swarm_331_24.pdb	8.327	22.192	0.0731707	26.960
swarm_314_181.pdb	15.045	32.391	0	26.456
swarm_304_91.pdb	13.577	28.668	0	25.925
swarm_329_36.pdb	14.080	32.274	0	24.470
swarm_331_34.pdb	13.641	29.497	0.0243902	24.438
swarm_313_35.pdb	13.358	24.864	0	23.998
swarm_306_169.pdb	14.015	28.196	0	23.466
swarm_307_192.pdb	11.419	19.068	0	22.805
swarm_315_62.pdb	7.658	20.539	0	22.464
swarm_170_5.pdb	11.738	26.243	0	22.321
swarm_208_65.pdb	10.033	21.830	0.0243902	22.245
swarm_52_182.pdb	21.332	63.996	0	22.196
swarm_322_152.pdb	12.031	30.362	0	22.132
swarm_324_13.pdb	7.936	21.718	0.0487805	22.127
swarm_278_17.pdb	10.137	20.660	0.0243902	21.667
swarm_277_49.pdb	10.892	21.044	0	21.567
swarm_309_181.pdb	19.706	65.023	0	21.483
swarm_248_75.pdb	8.285	20.111	0	21.411
swarm_120_147.pdb	7.539	21.075	0	21.323
swarm_308_71.pdb	12.009	27.487	0.0243902	21.242
swarm_98_126.pdb	6.406	21.568	0.170732	21.026
swarm_328_37.pdb	15.988	37.544	0	20.705
swarm_270_92.pdb	15.682	34.779	0	20.702
swarm_264_47.pdb	11.289	30.922	0	20.492
swarm_243_48.pdb	12.935	24.487	0	20.376
swarm_307_190.pdb	10.937	20.706	0.0243902	20.182
swarm_213_181.pdb	22.247	61.670	0	20.108
swarm_306_106.pdb	11.379	24.465	0.0487805	20.034
swarm_365_1.pdb	12.759	24.126	0.0487805	19.968
swarm_317_79.pdb	7.113	18.652	0.0243902	19.958
swarm_251_0.pdb	19.690	64.237	0	19.645
swarm_96_41.pdb	15.392	34.783	0	19.626
swarm_329_158.pdb	11.574	33.676	0	19.565
swarm_99_148.pdb	6.914	15.442	0	19.550
swarm_271_99.pdb	15.563	30.222	0	19.475
swarm_134_170.pdb	21.784	60.329	0	19.362
swarm_349_192.pdb	21.211	65.300	0	19.327
swarm_169_179.pdb	4.155	10.604	0.170732	19.163
swarm_325_66.pdb	10.987	22.566	0	19.108
swarm_98_106.pdb	7.353	15.908	0.121951	19.094
swarm_248_65.pdb	8.644	14.345	0	19.073
swarm_116_127.pdb	14.527	33.200	0	19.038
swarm_169_91.pdb	12.702	21.716	0.0243902	18.983
swarm_127_27.pdb	10.810	23.863	0	18.972
swarm_167_10.pdb	13.610	26.359	0.0487805	18.930
swarm_325_142.pdb	11.417	19.059	0	18.729
swarm_280_28.pdb	19.352	59.140	0	18.692
swarm_6_165.pdb	13.339	24.129	0.121951	18.631
swarm_281_183.pdb	18.942	58.078	0	18.495
swarm_123_8.pdb	5.146	13.590	0.146341	18.342
swarm_322_105.pdb	13.284	30.057	0	18.330
swarm_317_197.pdb	11.601	22.082	0.0487805	18.210
swarm_119_39.pdb	14.027	27.723	0.0731707	18.039
swarm_236_82.pdb	16.729	52.752	0.0243902	17.898
swarm_6_109.pdb	12.414	22.925	0.121951	17.868
swarm_325_124.pdb	9.674	18.087	0.0487805	17.800
swarm_169_103.pdb	8.589	14.340	0.0243902	17.746
swarm_169_35.pdb	5.108	7.894	0.0487805	17.618
swarm_169_51.pdb	11.502	20.851	0.0487805	17.597
swarm_315_10.pdb	7.853	14.939	0	17.523
swarm_99_24.pdb	12.695	22.256	0.0487805	17.392
swarm_115_138.pdb	15.512	51.328	0	17.365
swarm_331_50.pdb	11.760	19.702	0	17.333
swarm_247_187.pdb	10.540	26.006	0.097561	17.274
swarm_308_42.pdb	8.800	23.568	0	17.228
swarm_308_179.pdb	11.867	22.068	0.097561	16.982
swarm_320_33.pdb	10.326	21.941	0.0731707	16.858
swarm_208_67.pdb	14.066	26.148	0.0487805	16.777
swarm_245_35.pdb	11.508	22.116	0.0731707	16.711
swarm_248_73.pdb	11.226	21.334	0.0731707	16.523
swarm_100_63.pdb	6.245	10.814	0	16.432
swarm_6_170.pdb	12.612	24.894	0.0731707	16.423
swarm_391_130.pdb	20.074	62.054	0	16.386
swarm_127_9.pdb	11.413	26.125	0.0243902	16.357
swarm_258_142.pdb	16.717	49.975	0	16.350
swarm_123_195.pdb	7.477	16.466	0	16.342
swarm_248_105.pdb	6.619	16.470	0.170732	16.261
swarm_241_76.pdb	11.631	23.850	0	16.249
swarm_170_8.pdb	12.605	23.297	0	16.176
swarm_189_21.pdb	15.254	46.319	0	15.937
swarm_37_14.pdb	20.423	50.430	0	15.911
swarm_170_125.pdb	10.586	18.825	0	15.907
swarm_170_98.pdb	6.219	10.975	0.0243902	15.889
swarm_288_85.pdb	11.170	43.171	0.0487805	15.876
swarm_270_61.pdb	12.576	31.013	0	15.710
swarm_307_27.pdb	11.453	20.257	0.0487805	15.675
swarm_168_15.pdb	21.946	55.373	0	15.648
swarm_209_40.pdb	7.317	18.814	0.0243902	15.555
swarm_303_57.pdb	15.732	43.053	0	15.513
swarm_159_71.pdb	15.721	31.330	0	15.490
swarm_245_2.pdb	9.766	18.548	0.0731707	15.393
swarm_248_8.pdb	13.143	21.739	0.0731707	15.301
swarm_311_79.pdb	15.770	53.309	0	15.275
swarm_166_195.pdb	12.237	32.716	0	15.135
swarm_247_128.pdb	7.055	18.984	0	15.073
swarm_100_38.pdb	8.162	14.902	0.0487805	15.067
swarm_382_4.pdb	10.390	36.844	0	15.058
swarm_383_199.pdb	5.016	11.171	0.0731707	15.023
swarm_382_63.pdb	14.375	37.359	0.0243902	14.945
swarm_365_192.pdb	9.501	21.183	0.0487805	14.933
swarm_287_89.pdb	14.600	46.441	0	14.608
swarm_274_118.pdb	14.321	46.801	0	14.526
swarm_123_113.pdb	6.322	16.114	0.097561	14.330
swarm_244_63.pdb	13.167	23.580	0.0731707	14.068
swarm_3_170.pdb	14.574	29.540	0	13.914
swarm_312_16.pdb	25.501	73.817	0	13.381
swarm_268_90.pdb	8.943	27.984	0	13.329
swarm_80_127.pdb	13.933	27.878	0	12.983
swarm_170_158.pdb	8.863	18.819	0.0731707	12.853
swarm_288_161.pdb	13.846	47.399	0	12.268
swarm_170_143.pdb	5.712	12.876	0.0487805	12.115
swarm_276_94.pdb	10.659	36.478	0.0243902	12.053
swarm_353_126.pdb	10.563	29.733	0	8.696
swarm_100_171.pdb	6.972	13.367	0.0487805	7.641
swarm_23_179.pdb	19.380	54.601	0	5.756
swarm_95_158.pdb	6.200	14.966	0.0731707	5.544
swarm_164_189.pdb	13.546	28.089	0	5.107
swarm_315_128.pdb	10.065	23.503	0	4.691
swarm_338_121.pdb	13.962	45.024	0	4.531
swarm_308_109.pdb	12.952	22.508	0.121951	4.112
