swarm_25_108.pdb	14.705	32.424	0	31.969
swarm_12_93.pdb	10.058	28.716	0.0487805	31.365
swarm_24_192.pdb	15.308	33.024	0	30.606
swarm_20_98.pdb	12.449	22.214	0	30.569
swarm_24_9.pdb	14.141	37.960	0	28.797
swarm_22_23.pdb	10.890	20.375	0	27.936
swarm_12_138.pdb	11.326	26.048	0	27.824
swarm_36_8.pdb	13.012	29.587	0.0487805	26.934
swarm_50_141.pdb	13.557	26.862	0	26.461
swarm_25_162.pdb	16.298	39.466	0	26.428
swarm_17_142.pdb	13.904	30.383	0.0243902	26.091
swarm_44_128.pdb	12.350	22.033	0	25.974
swarm_19_93.pdb	11.743	21.340	0	25.865
swarm_49_0.pdb	12.700	27.319	0	25.805
swarm_18_127.pdb	13.444	27.716	0	25.335
swarm_38_1.pdb	6.544	12.955	0	25.126
swarm_25_81.pdb	10.806	33.436	0	25.022
swarm_16_19.pdb	12.590	24.809	0	24.963
swarm_20_19.pdb	12.411	24.240	0.146341	24.594
swarm_14_101.pdb	12.421	24.968	0	24.562
swarm_17_99.pdb	14.026	30.487	0	24.514
swarm_24_99.pdb	11.109	27.637	0	23.903
swarm_17_82.pdb	10.500	30.193	0	23.817
swarm_16_156.pdb	14.722	33.037	0.0243902	23.616
swarm_36_57.pdb	13.869	27.164	0	23.588
swarm_28_96.pdb	8.629	22.004	0	23.463
swarm_28_176.pdb	13.597	34.696	0	23.401
swarm_39_160.pdb	10.107	18.551	0.0487805	23.400
swarm_17_188.pdb	12.420	31.471	0	23.096
swarm_26_38.pdb	9.257	21.125	0.0243902	23.070
swarm_36_126.pdb	9.003	22.069	0	23.033
swarm_39_137.pdb	12.729	24.241	0	22.947
swarm_24_109.pdb	8.290	23.710	0	22.930
swarm_28_134.pdb	12.228	29.891	0	22.699
swarm_34_16.pdb	10.704	29.398	0.0243902	22.673
swarm_8_151.pdb	13.014	25.178	0	22.654
swarm_21_99.pdb	10.612	24.985	0.0243902	22.636
swarm_25_92.pdb	11.704	34.672	0	22.635
swarm_38_18.pdb	7.890	17.024	0	22.539
swarm_24_17.pdb	6.590	24.291	0.170732	22.350
swarm_37_163.pdb	8.461	14.613	0	22.314
swarm_44_126.pdb	9.239	15.502	0	22.304
swarm_36_73.pdb	9.438	22.023	0.0243902	22.289
swarm_26_84.pdb	11.655	20.164	0	22.141
swarm_44_164.pdb	10.003	18.887	0.0243902	21.839
swarm_40_198.pdb	12.312	25.999	0	21.839
swarm_17_1.pdb	6.729	16.816	0	21.629
swarm_4_195.pdb	13.956	30.504	0	21.507
swarm_20_129.pdb	7.068	14.177	0	21.456
swarm_2_63.pdb	11.603	33.013	0	21.388
swarm_38_184.pdb	7.612	14.908	0	21.384
swarm_21_57.pdb	11.738	20.862	0	21.256
swarm_22_151.pdb	7.358	13.005	0	21.235
swarm_18_41.pdb	12.719	24.294	0.0731707	21.095
swarm_47_198.pdb	7.394	13.117	0	21.089
swarm_18_145.pdb	10.113	23.205	0	20.618
swarm_20_169.pdb	7.039	13.955	0.0487805	20.549
swarm_37_41.pdb	12.174	24.743	0	20.338
swarm_21_68.pdb	6.702	15.617	0.0243902	20.263
swarm_15_114.pdb	14.536	32.116	0	20.048
swarm_36_35.pdb	8.453	19.645	0.0487805	20.007
swarm_17_6.pdb	12.541	26.193	0	19.778
swarm_26_4.pdb	12.896	26.798	0	19.742
swarm_20_177.pdb	12.567	24.353	0.0243902	19.558
swarm_46_137.pdb	12.094	24.539	0	19.539
swarm_4_64.pdb	10.406	23.809	0.0487805	19.473
swarm_36_40.pdb	5.103	11.989	0.195122	19.473
swarm_35_139.pdb	13.296	27.446	0	19.321
swarm_21_51.pdb	12.273	21.743	0	19.318
swarm_26_37.pdb	13.122	26.694	0	19.272
swarm_19_79.pdb	8.794	19.913	0.0731707	19.214
swarm_36_161.pdb	8.401	19.599	0.0243902	19.156
swarm_16_151.pdb	10.654	25.725	0	19.057
swarm_14_2.pdb	11.151	30.793	0	19.026
swarm_18_153.pdb	6.777	16.901	0.0243902	18.868
swarm_4_107.pdb	5.228	16.243	0.097561	18.848
swarm_39_156.pdb	10.052	27.372	0.0243902	18.760
swarm_11_106.pdb	11.007	26.867	0	18.579
swarm_1_53.pdb	10.771	33.575	0	18.500
swarm_14_21.pdb	10.313	27.165	0.0243902	18.383
swarm_17_59.pdb	13.864	32.584	0	18.332
swarm_18_75.pdb	13.033	24.842	0	18.304
swarm_14_110.pdb	8.320	25.365	0.0243902	18.183
swarm_38_61.pdb	12.677	23.117	0	17.954
swarm_4_193.pdb	12.935	30.129	0	17.690
swarm_28_186.pdb	14.220	34.806	0	17.669
swarm_21_176.pdb	6.481	11.834	0	17.544
swarm_39_148.pdb	11.987	20.839	0	17.517
swarm_16_195.pdb	12.785	27.390	0	17.336
swarm_48_99.pdb	11.849	21.659	0	17.288
swarm_19_22.pdb	9.872	22.731	0.097561	17.274
swarm_14_197.pdb	14.189	32.842	0	17.078
swarm_18_185.pdb	12.349	23.819	0	17.070
swarm_38_137.pdb	9.011	19.547	0	16.990
swarm_15_78.pdb	16.290	36.966	0	16.877
swarm_20_164.pdb	11.497	19.667	0	16.791
swarm_19_68.pdb	13.779	28.406	0	16.689
swarm_16_113.pdb	13.287	27.442	0	16.460
swarm_4_49.pdb	13.444	33.286	0	16.420
swarm_15_176.pdb	16.059	36.962	0	16.310
swarm_14_85.pdb	12.799	26.172	0	16.225
swarm_38_119.pdb	9.918	19.078	0.0731707	16.085
swarm_37_197.pdb	11.100	20.611	0.0243902	16.012
swarm_35_144.pdb	14.069	32.306	0	15.785
swarm_4_44.pdb	11.241	28.069	0	15.224
swarm_2_64.pdb	15.760	37.470	0	15.216
swarm_17_77.pdb	11.508	28.672	0	15.086
swarm_47_85.pdb	9.798	16.222	0	14.896
swarm_25_89.pdb	14.758	31.647	0	14.785
swarm_4_108.pdb	11.656	24.298	0	14.383
swarm_16_178.pdb	9.448	23.259	0	14.345
swarm_52_101.pdb	12.025	26.030	0	14.328
swarm_19_194.pdb	12.728	24.800	0	14.278
swarm_26_82.pdb	12.700	25.879	0	13.443
swarm_19_90.pdb	11.041	23.585	0	13.408
swarm_23_24.pdb	13.991	31.728	0	13.391
swarm_38_9.pdb	8.998	17.031	0	13.325
swarm_25_194.pdb	15.516	37.132	0	12.843
swarm_16_159.pdb	11.950	28.818	0.0243902	11.958
swarm_26_197.pdb	14.460	29.926	0	11.118
swarm_35_70.pdb	11.936	27.097	0	8.300
swarm_35_63.pdb	11.098	25.742	0	8.295
swarm_48_163.pdb	7.989	19.652	0.146341	7.288
swarm_17_117.pdb	11.504	25.830	0	5.488
