swarm_12_128.pdb	12.451	25.952	0	31.962
swarm_26_149.pdb	12.718	26.599	0	26.044
swarm_7_3.pdb	10.000	20.532	0	24.014
swarm_40_92.pdb	10.391	23.004	0	23.837
swarm_27_98.pdb	10.308	21.508	0	23.725
swarm_43_186.pdb	10.896	21.816	0.0731707	21.677
swarm_0_146.pdb	6.706	16.367	0.097561	20.809
swarm_41_69.pdb	13.632	30.434	0	20.267
swarm_40_68.pdb	11.021	22.160	0	19.801
swarm_0_5.pdb	7.460	22.220	0.243902	19.482
swarm_18_156.pdb	9.409	23.904	0.0731707	18.501
swarm_42_152.pdb	10.256	17.077	0	17.908
swarm_15_47.pdb	10.990	18.100	0	16.895
swarm_0_108.pdb	12.794	24.195	0	16.861
swarm_40_155.pdb	12.936	24.650	0	16.036
swarm_43_154.pdb	11.412	21.194	0	15.838
swarm_1_197.pdb	13.075	24.955	0.0243902	15.105
swarm_28_93.pdb	11.749	25.758	0	14.315
swarm_23_150.pdb	10.980	25.123	0	13.146
swarm_38_98.pdb	7.840	18.406	0.146341	12.022
swarm_9_16.pdb	12.401	42.560	0.0731707	8.774
swarm_22_33.pdb	10.720	28.612	0	6.325
