swarm_34_89.pdb	16.601	41.140	0	60.394
swarm_27_143.pdb	16.595	42.972	0	59.873
swarm_2_185.pdb	16.953	40.875	0	57.803
swarm_42_101.pdb	17.040	41.748	0	57.565
swarm_16_170.pdb	17.044	40.494	0	56.157
swarm_46_193.pdb	16.720	43.470	0	55.291
swarm_38_146.pdb	16.447	43.374	0	52.495
swarm_19_156.pdb	16.298	42.520	0	52.474
swarm_43_75.pdb	16.473	44.982	0	47.446
swarm_40_175.pdb	16.768	41.865	0	46.722
swarm_54_34.pdb	9.595	35.469	0	45.962
swarm_49_162.pdb	9.456	33.841	0	45.262
swarm_12_161.pdb	16.817	43.525	0	45.067
swarm_41_53.pdb	16.404	40.352	0	43.640
swarm_2_67.pdb	16.605	43.792	0	43.207
swarm_45_137.pdb	16.652	46.643	0	41.154
swarm_19_26.pdb	16.513	44.639	0	40.991
swarm_37_194.pdb	11.824	42.680	0	40.713
swarm_5_187.pdb	8.331	33.065	0	40.540
swarm_2_189.pdb	9.275	34.323	0	40.206
swarm_44_55.pdb	8.980	37.521	0	40.200
swarm_40_10.pdb	9.863	37.280	0	39.481
swarm_43_123.pdb	9.269	39.925	0	38.963
swarm_4_129.pdb	9.691	31.943	0	38.929
swarm_35_105.pdb	9.334	41.104	0	38.654
swarm_8_49.pdb	5.745	18.745	0	38.544
swarm_3_170.pdb	5.873	18.324	0	38.349
swarm_37_131.pdb	10.758	37.659	0	37.797
swarm_33_50.pdb	6.613	22.195	0	36.586
swarm_52_55.pdb	9.391	41.309	0	36.119
swarm_43_137.pdb	7.493	26.521	0	35.915
swarm_34_37.pdb	7.410	25.994	0	35.734
swarm_31_91.pdb	9.783	34.774	0	35.657
swarm_26_160.pdb	8.513	33.189	0	35.518
swarm_19_131.pdb	10.998	37.160	0	35.290
swarm_33_76.pdb	6.664	21.360	0	35.262
swarm_48_181.pdb	9.256	38.401	0	35.162
swarm_40_79.pdb	6.420	20.411	0	35.041
swarm_44_65.pdb	0.933	2.768	0.871795	34.896
swarm_41_42.pdb	4.898	18.175	0.0769231	34.855
swarm_9_27.pdb	5.848	18.174	0.0512821	34.511
swarm_28_31.pdb	11.072	42.818	0	34.490
swarm_53_185.pdb	6.692	21.816	0	34.169
swarm_49_107.pdb	10.804	43.187	0	34.081
swarm_48_63.pdb	14.173	47.145	0	34.032
swarm_12_120.pdb	9.875	41.693	0	33.909
swarm_29_16.pdb	9.776	35.810	0	33.838
swarm_25_136.pdb	0.813	3.196	0.846154	33.832
swarm_3_49.pdb	6.177	22.287	0.128205	33.545
swarm_13_61.pdb	1.282	2.880	0.794872	33.260
swarm_19_40.pdb	6.720	25.435	0	33.081
swarm_25_26.pdb	7.394	25.254	0	33.036
swarm_2_39.pdb	8.951	36.730	0	32.924
swarm_7_104.pdb	8.605	35.004	0	32.791
swarm_44_62.pdb	9.778	32.648	0	32.603
swarm_42_170.pdb	7.418	23.179	0	32.533
swarm_10_195.pdb	6.560	17.987	0	32.464
swarm_44_121.pdb	10.509	43.699	0	32.345
swarm_32_138.pdb	6.937	19.880	0	32.285
swarm_11_140.pdb	1.934	7.738	0.615385	32.143
swarm_39_185.pdb	7.254	28.039	0	31.921
swarm_44_34.pdb	5.486	22.769	0.025641	31.910
swarm_9_51.pdb	4.070	14.541	0.153846	31.804
swarm_55_107.pdb	6.685	26.243	0.179487	31.748
swarm_42_196.pdb	8.994	28.113	0	31.627
swarm_35_130.pdb	5.518	25.473	0.025641	31.508
swarm_6_40.pdb	1.487	4.666	0.692308	31.453
swarm_14_46.pdb	7.919	30.695	0	31.236
swarm_25_4.pdb	9.678	32.732	0	31.122
swarm_27_145.pdb	1.711	4.724	0.538462	31.114
swarm_44_59.pdb	4.770	13.306	0.102564	31.055
swarm_39_5.pdb	6.469	23.696	0	31.016
swarm_39_171.pdb	6.769	25.434	0	30.929
swarm_48_82.pdb	9.025	32.039	0	30.924
swarm_33_139.pdb	8.600	30.554	0	30.923
swarm_32_194.pdb	9.658	30.608	0	30.900
swarm_4_196.pdb	6.353	23.619	0.025641	30.873
swarm_0_75.pdb	6.112	21.458	0.025641	30.781
swarm_19_14.pdb	4.859	16.554	0.0769231	30.759
swarm_23_98.pdb	6.977	29.458	0	30.597
swarm_32_187.pdb	0.988	2.307	0.820513	30.533
swarm_17_155.pdb	10.057	42.626	0	30.500
swarm_42_166.pdb	12.146	31.937	0	30.481
swarm_42_152.pdb	1.709	4.392	0.692308	30.240
swarm_44_66.pdb	7.610	29.335	0	30.164
swarm_43_117.pdb	8.788	39.050	0	30.163
swarm_42_109.pdb	6.369	25.288	0.0769231	30.159
swarm_42_131.pdb	16.222	40.351	0	30.154
swarm_31_70.pdb	15.314	48.601	0	30.150
swarm_3_186.pdb	10.242	32.254	0	30.114
swarm_9_195.pdb	6.985	24.589	0.179487	30.055
swarm_37_70.pdb	5.681	31.606	0.0769231	30.006
swarm_10_76.pdb	6.696	16.172	0	29.986
swarm_17_72.pdb	8.069	39.113	0	29.966
swarm_0_16.pdb	6.896	25.233	0.102564	29.825
swarm_9_20.pdb	6.352	25.074	0.0769231	29.751
swarm_42_103.pdb	6.787	28.196	0	29.739
swarm_36_108.pdb	6.573	28.786	0.179487	29.712
swarm_5_166.pdb	6.398	27.489	0.025641	29.598
swarm_14_172.pdb	6.260	23.311	0.025641	29.428
swarm_45_128.pdb	5.883	23.109	0.179487	29.413
swarm_34_191.pdb	15.442	37.804	0	29.376
swarm_36_54.pdb	9.672	30.240	0	29.220
swarm_32_67.pdb	5.474	19.306	0.025641	29.189
swarm_11_82.pdb	3.775	10.251	0.307692	29.012
swarm_6_124.pdb	5.782	23.589	0.205128	28.972
swarm_21_125.pdb	6.421	25.314	0.205128	28.948
swarm_3_153.pdb	5.677	17.827	0.0769231	28.911
swarm_47_185.pdb	10.325	38.106	0	28.639
swarm_50_70.pdb	8.787	40.612	0	28.611
swarm_6_102.pdb	8.661	29.321	0	28.600
swarm_38_93.pdb	6.342	16.805	0.0512821	28.458
swarm_26_90.pdb	11.110	39.134	0	28.382
swarm_0_13.pdb	2.639	8.646	0.461538	28.263
swarm_28_64.pdb	2.453	9.869	0.333333	28.247
swarm_48_190.pdb	9.980	37.736	0	28.124
swarm_49_198.pdb	7.277	23.274	0	28.016
swarm_36_99.pdb	8.624	36.140	0	28.011
swarm_52_78.pdb	7.224	32.279	0	27.976
swarm_52_176.pdb	5.112	23.989	0.025641	27.895
swarm_34_190.pdb	6.775	19.014	0	27.883
swarm_47_127.pdb	5.605	28.390	0.025641	27.850
swarm_38_109.pdb	6.694	19.454	0	27.666
swarm_42_158.pdb	6.499	27.701	0.205128	27.587
swarm_40_24.pdb	9.241	30.034	0	27.554
swarm_42_47.pdb	3.777	15.306	0.230769	27.546
swarm_32_180.pdb	6.549	28.608	0.205128	27.462
swarm_46_102.pdb	9.541	33.548	0	27.375
swarm_27_167.pdb	9.230	15.242	0	27.201
swarm_19_74.pdb	5.593	15.880	0.102564	27.150
swarm_38_25.pdb	11.405	35.718	0	27.131
swarm_43_127.pdb	11.457	36.022	0	27.030
swarm_26_14.pdb	10.278	40.429	0	27.006
swarm_46_107.pdb	7.117	29.851	0	26.955
swarm_52_57.pdb	5.501	22.321	0.230769	26.697
swarm_26_102.pdb	4.357	13.217	0.282051	26.694
swarm_34_13.pdb	5.298	19.004	0.025641	26.655
swarm_1_177.pdb	5.324	21.519	0.25641	26.511
swarm_27_16.pdb	11.202	34.599	0	26.343
swarm_34_152.pdb	9.108	32.980	0	26.337
swarm_16_133.pdb	5.845	27.843	0.0512821	26.233
swarm_46_79.pdb	4.847	19.875	0.230769	26.193
swarm_40_180.pdb	9.180	14.929	0	26.150
swarm_14_49.pdb	7.510	12.003	0	26.148
swarm_30_117.pdb	9.127	26.218	0	26.042
swarm_13_56.pdb	3.561	13.711	0.410256	26.015
swarm_14_48.pdb	6.928	26.789	0	25.980
swarm_53_194.pdb	10.554	32.421	0	25.781
swarm_9_80.pdb	5.932	24.882	0.128205	25.694
swarm_1_25.pdb	10.861	36.400	0	25.670
swarm_8_48.pdb	11.146	37.261	0	25.613
swarm_39_88.pdb	12.999	30.501	0	25.607
swarm_9_108.pdb	1.709	5.501	0.615385	25.524
swarm_5_122.pdb	9.155	39.466	0	25.489
swarm_46_36.pdb	9.838	38.176	0	25.487
swarm_33_74.pdb	9.439	34.381	0	25.433
swarm_48_137.pdb	5.719	19.645	0.025641	25.428
swarm_16_44.pdb	5.429	30.074	0.153846	25.318
swarm_26_91.pdb	9.275	14.284	0	25.115
swarm_36_125.pdb	10.502	39.064	0	25.023
swarm_37_198.pdb	12.106	40.649	0	24.934
swarm_6_114.pdb	6.834	17.533	0	24.850
swarm_40_128.pdb	9.864	28.234	0	24.802
swarm_10_64.pdb	9.960	37.285	0	24.752
swarm_3_138.pdb	7.775	29.177	0	24.730
swarm_0_170.pdb	5.300	29.622	0.153846	24.456
swarm_10_67.pdb	6.235	20.637	0.0512821	24.412
swarm_8_49.pdb	3.747	16.224	0.179487	24.314
swarm_43_1.pdb	7.833	33.035	0	24.222
swarm_31_89.pdb	8.684	25.432	0	24.178
swarm_15_124.pdb	8.297	27.936	0.025641	23.922
swarm_39_2.pdb	6.439	23.062	0.025641	23.898
swarm_16_57.pdb	7.258	28.094	0	23.845
swarm_2_49.pdb	11.600	37.030	0	23.739
swarm_13_137.pdb	3.615	9.992	0.25641	23.732
swarm_36_87.pdb	12.681	38.521	0	23.641
swarm_3_66.pdb	8.231	25.505	0	23.638
swarm_30_177.pdb	10.973	37.761	0	23.589
swarm_19_127.pdb	6.936	20.992	0.128205	23.575
swarm_19_15.pdb	5.416	22.176	0.0512821	23.572
swarm_0_182.pdb	5.613	12.928	0.0512821	23.401
swarm_26_108.pdb	3.456	13.552	0.282051	23.382
swarm_54_128.pdb	8.434	35.116	0	23.162
swarm_48_56.pdb	6.259	21.026	0.102564	23.128
swarm_4_142.pdb	8.377	34.004	0	23.114
swarm_8_104.pdb	6.424	25.862	0.179487	23.060
swarm_47_183.pdb	3.593	7.582	0.230769	23.021
swarm_2_61.pdb	3.907	6.927	0.0769231	22.908
swarm_16_0.pdb	12.574	31.734	0	22.826
swarm_54_21.pdb	9.586	38.626	0	22.789
swarm_17_35.pdb	11.923	36.186	0	22.685
swarm_5_193.pdb	7.018	27.541	0	22.620
swarm_48_1.pdb	5.995	18.931	0.128205	22.540
swarm_32_134.pdb	8.822	15.084	0	22.507
swarm_31_2.pdb	11.488	42.442	0	22.490
swarm_42_154.pdb	7.018	22.682	0.282051	22.427
swarm_3_26.pdb	10.941	46.427	0	22.421
swarm_17_17.pdb	6.152	30.285	0.0512821	22.420
swarm_38_162.pdb	3.740	10.413	0.153846	22.410
swarm_36_165.pdb	7.572	28.347	0.0769231	22.373
swarm_20_0.pdb	11.572	44.623	0	22.286
swarm_30_170.pdb	10.019	35.098	0	22.218
swarm_1_17.pdb	5.717	13.676	0.0512821	22.197
swarm_40_11.pdb	11.343	41.344	0.0512821	22.192
swarm_34_11.pdb	12.399	42.256	0	22.129
swarm_42_130.pdb	7.738	16.710	0.153846	22.126
swarm_32_51.pdb	9.361	19.182	0	22.090
swarm_26_176.pdb	10.254	30.803	0	22.067
swarm_4_191.pdb	11.455	37.148	0	22.041
swarm_54_151.pdb	11.836	42.980	0	21.841
swarm_23_148.pdb	9.607	37.586	0	21.758
swarm_10_32.pdb	9.389	28.692	0	21.538
swarm_27_66.pdb	9.227	31.378	0	21.218
swarm_47_99.pdb	5.603	13.872	0	21.197
swarm_38_132.pdb	4.119	16.683	0.333333	21.196
swarm_38_85.pdb	4.563	17.142	0.153846	21.187
swarm_21_63.pdb	6.162	23.771	0.0512821	21.176
swarm_26_124.pdb	9.432	37.491	0	21.161
swarm_8_92.pdb	5.416	15.200	0.0769231	21.145
swarm_18_54.pdb	4.185	8.898	0.102564	21.143
swarm_39_49.pdb	4.466	24.162	0.307692	21.071
swarm_24_159.pdb	8.737	34.704	0	21.018
swarm_44_66.pdb	7.037	32.853	0	20.994
swarm_41_99.pdb	4.120	22.407	0.384615	20.656
swarm_38_191.pdb	10.408	35.273	0	20.635
swarm_47_33.pdb	7.141	18.702	0	20.504
swarm_38_169.pdb	12.378	42.268	0	20.429
swarm_31_101.pdb	10.590	38.392	0	20.278
swarm_16_136.pdb	10.397	34.262	0	20.194
swarm_11_153.pdb	12.591	45.014	0	20.141
swarm_39_81.pdb	13.735	34.050	0	20.085
swarm_28_158.pdb	9.115	30.109	0	19.951
swarm_44_87.pdb	11.909	41.096	0	19.893
swarm_12_169.pdb	6.786	26.727	0.0512821	19.853
swarm_26_85.pdb	8.085	29.846	0.025641	19.843
swarm_25_102.pdb	6.753	28.693	0.025641	19.772
swarm_45_178.pdb	5.717	13.940	0	19.725
swarm_13_28.pdb	4.156	10.543	0.179487	19.561
swarm_34_140.pdb	10.729	41.075	0	19.549
swarm_41_7.pdb	7.596	28.184	0	19.538
swarm_47_194.pdb	9.759	20.312	0	19.349
swarm_39_176.pdb	4.081	17.806	0.435897	19.301
swarm_21_74.pdb	5.739	15.128	0	19.153
swarm_39_40.pdb	9.098	14.645	0	19.118
swarm_49_146.pdb	4.833	20.023	0.128205	19.100
swarm_46_146.pdb	8.468	30.651	0	19.036
swarm_4_20.pdb	8.075	28.676	0.025641	19.019
swarm_47_51.pdb	3.519	16.105	0.358974	18.974
swarm_21_189.pdb	5.485	28.028	0.025641	18.825
swarm_1_91.pdb	7.455	21.572	0.0512821	18.825
swarm_28_27.pdb	6.620	25.201	0.0769231	18.805
swarm_13_113.pdb	9.864	16.562	0	18.546
swarm_15_149.pdb	9.354	28.520	0	18.272
swarm_12_80.pdb	6.505	18.323	0	18.233
swarm_42_83.pdb	12.142	40.603	0	18.125
swarm_46_78.pdb	9.287	28.186	0	18.106
swarm_41_96.pdb	5.471	28.575	0.025641	18.042
swarm_2_116.pdb	11.442	45.977	0	18.016
swarm_46_102.pdb	10.556	41.950	0	18.004
swarm_39_111.pdb	5.853	11.273	0.0512821	17.991
swarm_44_176.pdb	11.298	38.130	0	17.776
swarm_41_113.pdb	8.670	22.450	0	17.760
swarm_26_155.pdb	9.228	30.076	0	17.695
swarm_11_150.pdb	7.172	18.751	0	17.648
swarm_17_134.pdb	11.557	43.203	0	17.565
swarm_42_1.pdb	11.431	46.921	0	17.475
swarm_5_20.pdb	12.225	36.197	0	17.452
swarm_42_162.pdb	14.513	35.879	0	17.443
swarm_24_107.pdb	6.576	26.224	0	17.301
swarm_10_177.pdb	7.389	29.841	0.025641	17.298
swarm_29_153.pdb	12.141	42.234	0	17.274
swarm_40_31.pdb	7.030	19.075	0	17.153
swarm_52_94.pdb	9.624	37.046	0	17.056
swarm_29_139.pdb	11.515	42.551	0	17.039
swarm_10_157.pdb	12.772	42.358	0	16.887
swarm_26_187.pdb	3.883	22.306	0.25641	16.867
swarm_26_136.pdb	7.970	19.565	0	16.761
swarm_5_38.pdb	6.502	25.346	0.333333	16.743
swarm_40_155.pdb	3.518	15.276	0.333333	16.709
swarm_4_120.pdb	8.429	24.228	0	16.702
swarm_16_63.pdb	11.429	36.547	0	16.644
swarm_11_17.pdb	7.703	14.588	0	16.601
swarm_26_80.pdb	6.475	23.684	0.384615	16.393
swarm_17_194.pdb	8.710	35.247	0	16.267
swarm_28_32.pdb	6.819	18.466	0	16.147
swarm_36_112.pdb	10.365	26.287	0	16.131
swarm_32_64.pdb	4.230	7.317	0.025641	16.082
swarm_31_168.pdb	12.784	44.633	0	16.026
swarm_6_77.pdb	7.946	29.487	0.025641	15.889
swarm_49_125.pdb	11.169	37.630	0	15.809
swarm_43_162.pdb	8.179	37.005	0.025641	15.796
swarm_39_169.pdb	7.188	28.249	0.128205	15.772
swarm_26_65.pdb	5.618	23.860	0.435897	15.769
swarm_43_179.pdb	6.907	31.910	0	15.706
swarm_21_158.pdb	9.556	20.183	0	15.689
swarm_16_104.pdb	7.720	29.552	0	15.600
swarm_24_192.pdb	11.348	28.495	0	15.527
swarm_44_176.pdb	8.216	34.335	0	15.522
swarm_39_136.pdb	8.351	23.303	0	15.514
swarm_39_199.pdb	7.790	20.213	0	15.388
swarm_24_45.pdb	6.455	26.902	0.025641	15.333
swarm_30_104.pdb	11.251	32.428	0	15.311
swarm_31_93.pdb	8.559	24.549	0	15.301
swarm_42_104.pdb	13.807	45.947	0	15.247
swarm_21_109.pdb	8.469	26.908	0	15.109
swarm_8_73.pdb	8.254	16.846	0	15.056
swarm_25_146.pdb	7.746	23.706	0	15.049
swarm_32_12.pdb	7.874	17.021	0	14.967
swarm_26_185.pdb	8.156	22.928	0.025641	14.903
swarm_16_38.pdb	8.585	39.714	0	14.760
swarm_12_53.pdb	7.333	25.410	0.102564	14.686
swarm_3_45.pdb	6.835	28.977	0.0512821	14.677
swarm_45_180.pdb	7.722	21.354	0	14.615
swarm_8_191.pdb	12.084	23.993	0	14.448
swarm_15_34.pdb	8.149	28.629	0	14.445
swarm_13_167.pdb	6.948	24.981	0.128205	13.824
swarm_38_160.pdb	8.530	21.788	0	13.795
swarm_30_178.pdb	5.499	27.542	0.0512821	13.609
swarm_48_175.pdb	8.851	25.132	0.128205	13.501
swarm_44_70.pdb	4.659	16.197	0.641026	13.260
swarm_22_106.pdb	8.131	22.631	0	13.066
swarm_34_96.pdb	7.063	27.808	0.128205	12.951
swarm_29_180.pdb	5.257	27.880	0.384615	12.938
swarm_31_93.pdb	10.806	39.385	0	12.879
swarm_16_135.pdb	7.353	37.499	0	11.867
swarm_36_148.pdb	7.226	25.179	0.102564	11.653
swarm_5_142.pdb	8.251	27.943	0.025641	11.593
swarm_5_153.pdb	11.553	32.977	0	11.376
swarm_12_38.pdb	6.771	21.308	0.230769	11.364
swarm_10_44.pdb	12.047	37.535	0	11.354
swarm_10_101.pdb	5.035	21.827	0.512821	11.340
swarm_4_97.pdb	8.869	28.713	0	11.159
swarm_22_198.pdb	5.806	23.158	0.153846	10.925
swarm_31_106.pdb	12.469	34.359	0	10.889
swarm_14_20.pdb	5.381	20.528	0.153846	10.662
swarm_4_146.pdb	7.750	28.158	0	10.219
swarm_2_130.pdb	9.177	40.864	0	10.174
swarm_8_145.pdb	7.021	26.534	0	9.858
swarm_40_129.pdb	6.147	20.745	0.205128	9.180
swarm_55_83.pdb	5.121	20.716	0.205128	8.969
swarm_43_129.pdb	10.167	34.201	0	8.716
swarm_0_42.pdb	5.757	24.117	0.384615	8.636
swarm_45_81.pdb	12.715	27.295	0	8.558
swarm_0_171.pdb	7.454	19.272	0	8.347
swarm_9_107.pdb	4.614	16.553	0.435897	7.953
swarm_0_131.pdb	10.166	22.603	0	7.899
swarm_17_131.pdb	8.793	38.744	0	7.668
swarm_31_123.pdb	6.627	32.828	0.102564	6.915
swarm_20_68.pdb	4.681	19.381	0.282051	6.468
swarm_21_119.pdb	8.141	19.628	0	5.790
swarm_22_25.pdb	10.233	29.455	0	5.580
swarm_35_161.pdb	5.856	20.422	0.205128	5.361
swarm_8_61.pdb	12.229	19.793	0	5.178
swarm_8_146.pdb	8.694	15.672	0	5.060
swarm_11_25.pdb	7.217	32.684	0.0512821	4.653
swarm_14_99.pdb	3.915	15.451	0.461538	4.630
swarm_39_40.pdb	12.051	33.972	0	4.248
swarm_44_166.pdb	10.656	43.455	0	4.236
swarm_20_177.pdb	6.668	30.865	0.102564	3.582
swarm_22_147.pdb	7.744	24.794	0	3.578
swarm_17_43.pdb	7.829	31.263	0	3.119
swarm_24_174.pdb	11.551	39.386	0	2.930
swarm_29_53.pdb	6.777	32.000	0.0769231	2.673
swarm_39_100.pdb	11.739	36.834	0	2.399
swarm_47_140.pdb	11.827	21.442	0.025641	2.205
swarm_23_20.pdb	5.796	22.964	0.153846	1.555
swarm_45_114.pdb	11.731	20.881	0	0.496
swarm_27_60.pdb	5.469	26.879	0.205128	0.489
swarm_8_114.pdb	12.443	19.736	0	0.455
swarm_22_73.pdb	10.334	30.600	0	0.407
swarm_13_199.pdb	12.343	21.762	0.025641	0.386
