run0-swarm_28_63.pdb	1.380	4.650	0.794872	45.375
run0-swarm_11_155.pdb	2.096	5.525	0.589744	43.736
run0-swarm_47_27.pdb	6.466	21.300	0	42.825
run0-swarm_0_166.pdb	2.114	5.895	0.641026	41.332
run0-swarm_7_171.pdb	5.826	18.017	0.0769231	40.913
run0-swarm_45_119.pdb	2.194	6.127	0.615385	40.675
run0-swarm_42_35.pdb	6.565	25.285	0.0512821	40.435
run0-swarm_13_54.pdb	2.193	7.566	0.512821	40.051
run0-swarm_24_39.pdb	6.117	26.494	0.102564	38.552
run0-swarm_3_122.pdb	1.067	3.631	0.871795	38.489
run0-swarm_38_20.pdb	6.634	20.824	0	38.461
run0-swarm_8_102.pdb	6.196	17.686	0	36.405
run0-swarm_27_157.pdb	2.915	9.593	0.538462	36.309
run0-swarm_15_190.pdb	7.305	25.645	0	36.150
run0-swarm_38_183.pdb	4.682	18.801	0.102564	35.853
run0-swarm_31_158.pdb	5.806	16.828	0.025641	35.793
run0-swarm_14_199.pdb	7.478	23.898	0	35.775
run0-swarm_4_85.pdb	4.634	18.529	0.179487	35.568
run0-swarm_17_16.pdb	3.938	10.085	0.153846	34.836
run0-swarm_7_193.pdb	1.971	6.474	0.666667	34.733
run0-swarm_37_119.pdb	4.122	13.290	0.153846	34.670
run0-swarm_43_143.pdb	8.477	30.165	0	34.546
run0-swarm_16_148.pdb	6.549	25.019	0.102564	34.539
run0-swarm_13_52.pdb	2.740	8.212	0.512821	34.516
run0-swarm_18_98.pdb	5.667	29.161	0.179487	34.045
run0-swarm_43_178.pdb	5.535	20.581	0.0769231	33.986
run0-swarm_31_148.pdb	3.369	9.783	0.512821	33.292
run0-swarm_28_170.pdb	4.226	14.339	0.307692	33.016
run0-swarm_13_108.pdb	2.585	11.619	0.666667	32.524
run0-swarm_26_131.pdb	10.915	36.355	0	32.449
run0-swarm_33_109.pdb	5.841	23.013	0.025641	32.229
run0-swarm_17_181.pdb	7.058	23.120	0	31.679
run0-swarm_45_120.pdb	3.131	9.013	0.282051	31.364
run0-swarm_3_98.pdb	2.961	13.051	0.564103	31.238
run0-swarm_31_102.pdb	3.408	9.802	0.230769	31.215
run0-swarm_28_197.pdb	4.153	13.732	0.153846	30.985
run0-swarm_36_185.pdb	4.942	17.648	0.0769231	30.965
run0-swarm_15_62.pdb	5.592	21.610	0.025641	30.824
run0-swarm_29_114.pdb	3.588	13.299	0.384615	30.433
run0-swarm_37_152.pdb	5.623	21.399	0.0769231	30.317
run0-swarm_1_70.pdb	2.774	9.757	0.384615	30.282
run0-swarm_37_56.pdb	9.008	21.681	0	29.907
run0-swarm_33_188.pdb	3.058	11.914	0.410256	29.758
run0-swarm_9_126.pdb	5.319	19.617	0.0512821	29.046
run0-swarm_41_117.pdb	3.929	16.410	0.384615	28.588
run0-swarm_36_133.pdb	7.471	25.465	0	28.501
run0-swarm_11_46.pdb	3.270	16.162	0.487179	28.462
run0-swarm_29_178.pdb	3.302	15.490	0.358974	28.290
run0-swarm_22_124.pdb	10.301	36.338	0	28.133
run0-swarm_36_197.pdb	5.752	24.568	0.102564	27.841
run0-swarm_40_80.pdb	5.731	29.157	0.0512821	27.252
run0-swarm_35_79.pdb	3.139	15.330	0.487179	27.208
run0-swarm_17_164.pdb	6.023	22.072	0.025641	26.870
run0-swarm_42_27.pdb	5.179	28.231	0.153846	26.596
run0-swarm_29_22.pdb	3.595	17.794	0.282051	26.429
run0-swarm_41_177.pdb	7.262	19.098	0.102564	26.385
run0-swarm_22_165.pdb	10.933	32.739	0	25.833
run0-swarm_19_188.pdb	8.121	33.351	0	25.714
run0-swarm_21_25.pdb	8.609	35.872	0	25.590
run0-swarm_5_15.pdb	10.789	35.534	0	25.558
run0-swarm_16_3.pdb	4.391	14.492	0.153846	25.214
run0-swarm_47_173.pdb	5.027	26.586	0.205128	25.098
run0-swarm_48_145.pdb	7.078	21.742	0.025641	24.418
run0-swarm_27_5.pdb	7.224	19.102	0.102564	24.193
run0-swarm_24_44.pdb	4.698	22.719	0.282051	23.638
run0-swarm_43_27.pdb	4.404	18.293	0.25641	23.480
run0-swarm_28_27.pdb	7.302	16.525	0.0512821	23.176
run0-swarm_36_21.pdb	9.321	16.112	0	22.671
run0-swarm_32_71.pdb	5.827	27.359	0.128205	22.659
run0-swarm_3_136.pdb	4.298	11.930	0.153846	22.384
run0-swarm_25_108.pdb	8.734	30.102	0.025641	22.324
run0-swarm_20_175.pdb	6.755	23.823	0.025641	22.306
run0-swarm_19_157.pdb	6.809	31.653	0.025641	22.272
run0-swarm_34_196.pdb	10.990	35.836	0	22.247
run0-swarm_41_28.pdb	6.171	18.908	0	22.107
run0-swarm_25_185.pdb	4.925	17.151	0	22.011
run0-swarm_47_64.pdb	2.578	14.695	0.487179	21.841
run0-swarm_48_41.pdb	5.333	17.964	0.0512821	21.695
run0-swarm_47_175.pdb	5.051	23.353	0.358974	21.658
run0-swarm_27_33.pdb	4.912	18.397	0.0512821	20.959
run0-swarm_12_22.pdb	12.755	37.451	0	20.908
run0-swarm_49_70.pdb	7.077	32.616	0.0512821	20.788
run0-swarm_37_137.pdb	6.518	14.494	0	20.735
run0-swarm_36_64.pdb	6.984	17.224	0.0512821	20.385
run0-swarm_7_14.pdb	5.117	20.598	0.128205	20.375
run0-swarm_16_51.pdb	12.106	27.638	0	20.212
run0-swarm_42_106.pdb	5.295	20.168	0	19.777
run0-swarm_14_102.pdb	6.256	20.431	0	19.323
run0-swarm_19_23.pdb	5.448	20.743	0.410256	19.272
run0-swarm_20_22.pdb	8.055	30.588	0	18.964
run0-swarm_46_28.pdb	5.610	19.457	0.153846	18.864
run0-swarm_24_153.pdb	13.431	31.308	0	18.795
run0-swarm_9_156.pdb	4.597	20.383	0.25641	18.720
run0-swarm_45_187.pdb	8.686	16.474	0	18.659
run0-swarm_32_113.pdb	6.659	30.174	0.0512821	18.638
run0-swarm_35_102.pdb	8.102	20.442	0.0512821	18.374
run0-swarm_35_125.pdb	6.302	20.550	0.0512821	18.226
run0-swarm_10_40.pdb	3.831	13.865	0.307692	18.155
run0-swarm_42_53.pdb	7.177	28.285	0.025641	17.772
run0-swarm_0_23.pdb	5.136	21.463	0.205128	17.227
run0-swarm_13_0.pdb	6.499	15.399	0.153846	16.619
run0-swarm_24_179.pdb	8.394	25.904	0.0512821	16.487
run0-swarm_11_43.pdb	5.678	20.051	0.025641	16.054
run0-swarm_6_26.pdb	5.713	24.523	0.358974	15.570
run0-swarm_27_166.pdb	3.148	12.025	0.641026	15.553
run0-swarm_13_168.pdb	4.972	16.487	0.538462	15.523
run0-swarm_48_174.pdb	5.635	13.212	0.102564	15.131
run0-swarm_29_51.pdb	6.041	20.247	0	14.124
run0-swarm_19_71.pdb	8.881	33.813	0	13.010
run0-swarm_16_169.pdb	5.009	22.425	0.384615	12.692
run0-swarm_40_104.pdb	5.263	26.339	0.205128	11.369
run0-swarm_46_110.pdb	4.354	19.213	0.589744	10.577
run0-swarm_48_167.pdb	4.378	16.710	0.461538	10.494
run0-swarm_3_26.pdb	4.329	13.619	0.358974	8.015
run0-swarm_16_143.pdb	5.830	22.414	0.179487	7.183
run0-swarm_26_7.pdb	6.367	28.370	0.25641	6.721
run0-swarm_9_179.pdb	4.957	19.804	0.384615	6.530
run0-swarm_45_116.pdb	10.630	16.086	0	5.470
run0-swarm_2_192.pdb	5.973	24.231	0.384615	5.224
run0-swarm_17_38.pdb	9.075	17.391	0.025641	4.098
run0-swarm_37_104.pdb	9.444	26.510	0	4.049
run0-swarm_26_121.pdb	10.999	27.060	0	3.966
run0-swarm_28_5.pdb	3.469	15.056	0.358974	1.848
run0-swarm_6_166.pdb	8.837	26.779	0	1.432
