swarm_12_130.pdb	16.207	40.775	0	41.832
swarm_42_164.pdb	10.209	41.344	0	40.089
swarm_41_69.pdb	16.765	42.069	0	36.030
swarm_41_25.pdb	16.526	40.011	0	36.006
swarm_24_171.pdb	8.481	35.311	0	34.683
swarm_7_45.pdb	7.867	25.154	0.179487	34.152
swarm_24_96.pdb	9.570	41.271	0	34.002
swarm_12_19.pdb	9.864	37.186	0.0769231	33.962
swarm_8_120.pdb	13.778	39.302	0	33.481
swarm_4_84.pdb	7.229	30.675	0	32.710
swarm_27_154.pdb	17.056	40.226	0	32.691
swarm_38_63.pdb	13.383	42.276	0	32.392
swarm_19_97.pdb	11.075	39.447	0	32.292
swarm_0_121.pdb	12.511	30.087	0.102564	32.122
swarm_41_192.pdb	14.549	39.815	0	31.996
swarm_27_70.pdb	16.054	42.762	0	31.871
swarm_43_139.pdb	9.548	41.001	0.025641	31.829
swarm_46_119.pdb	16.214	39.204	0	31.808
swarm_45_160.pdb	11.191	44.253	0	31.675
swarm_44_117.pdb	7.890	20.038	0.128205	31.611
swarm_2_43.pdb	12.239	42.555	0	31.284
swarm_43_50.pdb	11.465	42.131	0	31.095
swarm_1_10.pdb	9.468	39.817	0	30.490
swarm_34_189.pdb	15.465	42.406	0	30.275
swarm_12_81.pdb	15.795	43.232	0	30.269
swarm_37_188.pdb	11.436	43.149	0	30.041
swarm_42_34.pdb	13.544	37.423	0	29.740
swarm_38_144.pdb	10.139	47.538	0	29.353
swarm_42_167.pdb	16.165	38.928	0	28.885
swarm_16_99.pdb	15.757	41.931	0	28.536
swarm_42_47.pdb	19.181	46.624	0	28.374
swarm_41_44.pdb	15.985	33.384	0	28.165
swarm_46_38.pdb	14.211	36.592	0	27.950
swarm_43_183.pdb	12.872	41.836	0	27.782
swarm_27_0.pdb	17.530	43.215	0	27.637
swarm_45_70.pdb	14.255	41.966	0	27.106
swarm_16_8.pdb	15.316	34.318	0	26.561
swarm_0_76.pdb	12.900	31.511	0	26.473
swarm_11_115.pdb	9.542	31.538	0.0769231	26.277
swarm_40_43.pdb	9.594	38.505	0.0512821	26.187
swarm_2_141.pdb	13.516	39.548	0	26.096
swarm_29_116.pdb	8.207	36.515	0.102564	25.750
swarm_4_93.pdb	7.761	26.614	0.025641	25.640
swarm_19_51.pdb	17.622	42.927	0	25.552
swarm_24_124.pdb	16.688	38.874	0	25.337
swarm_4_26.pdb	9.254	33.894	0	25.175
swarm_36_88.pdb	10.710	34.008	0.025641	25.120
swarm_22_170.pdb	10.001	35.602	0	25.118
swarm_16_2.pdb	12.051	41.493	0	25.076
swarm_9_122.pdb	6.876	20.367	0.153846	24.982
swarm_41_6.pdb	10.423	39.573	0	24.812
swarm_2_142.pdb	16.801	42.175	0	24.805
swarm_18_157.pdb	7.746	20.345	0.179487	24.772
swarm_9_128.pdb	14.692	28.585	0	24.730
swarm_7_46.pdb	10.925	35.864	0.0769231	24.677
swarm_23_83.pdb	11.551	44.189	0	24.596
swarm_23_174.pdb	9.129	37.538	0.025641	24.555
swarm_40_81.pdb	11.598	35.714	0	24.443
swarm_3_132.pdb	8.180	29.425	0.102564	24.259
swarm_27_181.pdb	14.195	45.422	0	24.225
swarm_30_0.pdb	10.473	37.223	0	23.633
swarm_34_2.pdb	15.412	46.578	0	23.606
swarm_6_15.pdb	8.279	18.834	0.153846	23.537
swarm_1_3.pdb	11.162	36.137	0	23.346
swarm_0_98.pdb	9.571	31.707	0.153846	23.294
swarm_0_195.pdb	14.401	30.130	0	23.145
swarm_24_35.pdb	13.522	36.422	0	23.084
swarm_0_184.pdb	11.570	36.896	0	22.997
swarm_43_104.pdb	9.441	37.214	0.0512821	22.932
swarm_32_82.pdb	9.413	21.993	0	22.877
swarm_11_18.pdb	9.521	33.911	0	22.860
swarm_8_51.pdb	11.754	37.809	0	22.857
swarm_0_65.pdb	10.539	32.790	0.128205	22.847
swarm_25_186.pdb	15.952	26.447	0.025641	22.831
swarm_25_106.pdb	13.509	26.532	0.128205	22.721
swarm_1_88.pdb	13.882	43.673	0	22.590
swarm_10_25.pdb	7.633	27.021	0.102564	22.541
swarm_43_85.pdb	13.798	44.896	0	22.491
swarm_28_17.pdb	7.533	22.031	0	22.453
swarm_10_189.pdb	9.640	25.617	0.0769231	22.312
swarm_8_141.pdb	10.302	36.569	0.102564	22.169
swarm_3_31.pdb	14.393	28.336	0	22.145
swarm_36_68.pdb	12.823	40.147	0	22.105
swarm_19_197.pdb	13.559	45.732	0	22.057
swarm_34_4.pdb	18.377	43.838	0	21.913
swarm_44_169.pdb	12.472	20.744	0	21.870
swarm_18_150.pdb	13.967	25.546	0	21.699
swarm_1_194.pdb	15.596	41.589	0	21.593
swarm_0_170.pdb	10.514	31.821	0.0769231	21.571
swarm_27_195.pdb	11.388	34.684	0	21.560
swarm_27_165.pdb	13.558	40.026	0	20.857
swarm_37_126.pdb	10.789	35.994	0.102564	20.797
swarm_41_101.pdb	10.524	35.263	0.128205	20.789
swarm_18_10.pdb	5.360	12.544	0.025641	20.715
swarm_25_65.pdb	14.161	24.947	0	20.600
swarm_39_143.pdb	11.543	31.813	0.0512821	20.478
swarm_8_119.pdb	10.963	43.591	0	20.277
swarm_8_147.pdb	13.594	40.571	0	20.077
swarm_30_100.pdb	10.751	34.683	0	20.002
swarm_15_155.pdb	10.531	40.051	0	19.621
swarm_26_180.pdb	6.883	24.666	0	19.540
swarm_10_193.pdb	11.101	28.073	0	19.509
swarm_22_197.pdb	10.462	31.920	0	19.504
swarm_16_11.pdb	16.402	41.770	0	19.477
swarm_29_184.pdb	9.179	35.312	0.0769231	19.418
swarm_38_83.pdb	10.641	37.834	0.0512821	19.337
swarm_39_110.pdb	11.243	33.265	0.0512821	19.269
swarm_40_127.pdb	12.627	31.614	0.128205	19.073
swarm_35_12.pdb	10.096	37.180	0	19.053
swarm_29_68.pdb	9.737	32.962	0.025641	19.048
swarm_8_179.pdb	16.590	42.118	0	19.000
swarm_24_151.pdb	9.087	36.396	0.128205	18.844
swarm_23_95.pdb	15.139	43.669	0	18.752
swarm_28_71.pdb	9.540	20.624	0	18.625
swarm_1_85.pdb	10.523	33.131	0	18.576
swarm_24_85.pdb	13.370	46.478	0	18.361
swarm_27_94.pdb	16.304	46.404	0	18.307
swarm_9_11.pdb	12.578	21.521	0	18.140
swarm_1_187.pdb	12.639	36.149	0	17.978
swarm_37_184.pdb	12.990	28.546	0	17.911
swarm_40_61.pdb	8.602	35.095	0.153846	17.890
swarm_14_6.pdb	5.178	11.646	0.025641	17.822
swarm_43_68.pdb	13.732	45.018	0	17.207
swarm_21_60.pdb	12.992	29.183	0	16.741
swarm_34_135.pdb	12.261	40.741	0	16.559
swarm_29_78.pdb	15.583	37.987	0	16.544
swarm_37_87.pdb	13.925	30.335	0	16.433
swarm_34_21.pdb	12.737	41.685	0	16.410
swarm_10_47.pdb	11.616	29.875	0.025641	16.404
swarm_36_192.pdb	14.046	34.619	0	16.341
swarm_39_55.pdb	15.856	32.223	0	16.306
swarm_39_54.pdb	13.332	29.811	0	16.175
swarm_9_45.pdb	11.675	19.165	0	15.271
swarm_23_126.pdb	16.728	44.690	0	15.244
swarm_3_37.pdb	13.796	27.955	0	15.213
swarm_43_34.pdb	14.512	46.661	0	15.021
swarm_22_70.pdb	13.377	40.963	0	14.483
swarm_14_11.pdb	15.811	25.869	0	13.805
swarm_32_72.pdb	7.673	17.248	0	12.975
swarm_25_177.pdb	10.555	23.563	0	12.669
swarm_44_183.pdb	11.374	27.009	0.153846	11.697
swarm_26_113.pdb	11.794	25.966	0.0512821	11.680
swarm_26_194.pdb	8.597	24.068	0.0512821	11.039
swarm_34_99.pdb	9.930	35.585	0.0512821	10.474
swarm_3_56.pdb	11.390	25.292	0	9.383
swarm_20_88.pdb	6.892	26.008	0.25641	9.220
swarm_13_195.pdb	13.707	27.307	0	8.982
swarm_37_138.pdb	11.202	32.279	0.128205	8.169
swarm_14_59.pdb	10.153	24.942	0.25641	8.009
swarm_6_131.pdb	12.015	24.258	0.0769231	6.815
swarm_20_151.pdb	11.808	32.998	0	6.117
swarm_31_26.pdb	11.242	21.029	0	5.229
swarm_17_56.pdb	14.837	30.339	0	3.508
swarm_11_127.pdb	11.861	28.823	0.128205	3.059
swarm_29_134.pdb	9.961	33.796	0.205128	2.656
