swarm_1_141.pdb	11.265	28.201	0.102564	49.746
swarm_0_68.pdb	12.030	28.791	0.128205	45.981
swarm_7_162.pdb	8.956	37.824	0	45.504
swarm_7_7.pdb	6.154	27.229	0.102564	44.078
swarm_6_150.pdb	11.979	25.549	0.128205	42.952
swarm_3_33.pdb	11.653	27.864	0.0769231	41.999
swarm_3_145.pdb	10.954	18.679	0	40.169
swarm_3_38.pdb	4.778	16.017	0.307692	39.747
swarm_2_70.pdb	10.514	17.709	0	39.620
swarm_6_183.pdb	10.456	22.190	0.128205	39.524
swarm_3_146.pdb	12.195	20.710	0	38.679
swarm_1_17.pdb	10.127	16.888	0	38.275
swarm_8_18.pdb	13.432	24.641	0.0769231	38.154
swarm_3_190.pdb	11.542	26.206	0.128205	37.895
swarm_5_142.pdb	7.337	11.530	0	37.519
swarm_9_57.pdb	10.590	32.380	0.102564	37.208
swarm_9_43.pdb	11.751	27.266	0.102564	37.109
swarm_5_47.pdb	11.063	25.692	0.128205	36.878
swarm_6_151.pdb	8.524	13.372	0	36.438
swarm_2_180.pdb	6.957	19.231	0.025641	36.320
swarm_8_140.pdb	16.622	28.559	0	36.076
swarm_0_185.pdb	10.573	32.005	0.102564	36.015
swarm_4_108.pdb	5.816	22.002	0	35.894
swarm_9_169.pdb	8.468	13.365	0	35.628
swarm_0_59.pdb	6.069	23.263	0	35.490
swarm_5_157.pdb	8.609	17.282	0.128205	35.370
swarm_0_104.pdb	8.350	23.981	0.128205	35.190
swarm_7_33.pdb	11.042	33.070	0.025641	34.861
swarm_6_63.pdb	12.643	20.021	0	34.811
swarm_9_133.pdb	8.941	28.397	0	34.615
swarm_3_41.pdb	10.727	19.615	0	33.184
swarm_5_16.pdb	12.530	30.859	0.128205	31.815
swarm_8_28.pdb	9.005	17.785	0.025641	31.787
swarm_7_106.pdb	5.021	23.043	0.307692	31.734
swarm_5_36.pdb	15.814	26.720	0.0512821	31.610
swarm_8_4.pdb	10.388	17.003	0	31.604
swarm_2_51.pdb	11.768	28.158	0.0769231	31.525
swarm_8_35.pdb	14.876	28.581	0	31.493
swarm_2_90.pdb	10.244	23.325	0.025641	31.427
swarm_4_135.pdb	5.435	11.563	0.025641	31.328
swarm_2_198.pdb	6.031	17.011	0	31.052
swarm_7_10.pdb	12.968	39.827	0	30.519
swarm_9_33.pdb	13.165	23.189	0	30.330
swarm_0_184.pdb	15.650	33.990	0	29.771
swarm_9_27.pdb	13.917	28.156	0	29.631
swarm_1_187.pdb	17.192	26.350	0	29.235
swarm_4_112.pdb	4.691	19.900	0.0512821	29.109
swarm_5_140.pdb	8.746	15.040	0	28.883
swarm_1_58.pdb	15.303	28.539	0	28.789
swarm_2_23.pdb	12.013	25.648	0.0769231	28.768
swarm_1_26.pdb	10.884	32.823	0	28.603
swarm_4_195.pdb	11.176	28.843	0.102564	28.533
swarm_3_75.pdb	12.114	22.601	0.102564	27.966
swarm_5_69.pdb	10.056	23.628	0.0512821	27.873
swarm_4_187.pdb	8.604	18.720	0.0769231	27.616
swarm_0_49.pdb	8.843	28.116	0.128205	27.314
swarm_5_68.pdb	3.230	13.813	0.512821	26.842
swarm_6_22.pdb	6.736	20.751	0.153846	26.679
swarm_7_141.pdb	13.509	36.446	0	26.668
swarm_5_32.pdb	17.331	26.590	0	26.611
swarm_7_139.pdb	13.149	25.674	0	26.491
swarm_2_95.pdb	12.430	27.842	0.025641	26.384
swarm_7_58.pdb	12.112	31.980	0	26.371
swarm_9_145.pdb	5.073	13.487	0.025641	26.207
swarm_5_179.pdb	16.012	26.408	0	26.019
swarm_6_81.pdb	3.874	15.683	0.282051	25.807
swarm_1_91.pdb	9.874	27.847	0.025641	25.522
swarm_8_101.pdb	12.286	24.151	0	25.433
swarm_2_89.pdb	15.500	24.383	0	24.891
swarm_6_12.pdb	11.708	24.606	0.102564	24.884
swarm_4_69.pdb	9.126	26.165	0.102564	24.575
swarm_5_118.pdb	13.891	22.814	0	24.004
swarm_0_23.pdb	18.175	30.403	0	23.975
swarm_9_41.pdb	10.035	27.908	0	23.890
swarm_3_80.pdb	12.980	20.510	0	23.878
swarm_9_76.pdb	17.335	32.120	0	23.466
swarm_2_142.pdb	18.039	27.459	0	23.175
swarm_0_63.pdb	12.877	31.478	0	22.915
swarm_2_110.pdb	9.971	26.862	0.025641	22.517
swarm_4_77.pdb	4.979	20.208	0.179487	22.483
swarm_1_5.pdb	17.694	29.470	0	22.293
swarm_2_158.pdb	12.151	25.672	0.025641	22.202
swarm_6_184.pdb	15.478	24.533	0	22.042
swarm_2_11.pdb	11.713	25.540	0	21.889
swarm_1_39.pdb	9.020	20.679	0	21.740
swarm_7_81.pdb	14.681	29.084	0	21.735
swarm_4_126.pdb	17.657	31.724	0	21.564
swarm_5_170.pdb	14.506	23.771	0	21.555
swarm_0_161.pdb	6.834	25.625	0.102564	20.951
swarm_1_40.pdb	12.389	31.730	0	20.789
swarm_9_128.pdb	17.778	35.678	0	20.455
swarm_5_144.pdb	9.568	26.141	0	20.087
swarm_5_50.pdb	7.704	16.730	0	19.542
swarm_4_188.pdb	9.965	26.733	0.153846	19.197
swarm_4_89.pdb	12.116	27.060	0	19.196
swarm_5_2.pdb	6.706	19.992	0	18.914
swarm_8_27.pdb	13.167	24.825	0	18.540
swarm_2_164.pdb	11.529	27.609	0	17.245
swarm_6_86.pdb	11.155	20.206	0	16.289
swarm_8_167.pdb	9.990	21.736	0	15.830
swarm_5_114.pdb	17.260	26.164	0	15.799
swarm_4_33.pdb	9.642	24.138	0.153846	5.208
swarm_8_90.pdb	8.341	20.224	0	4.246
