swarm_47_168.pdb	7.200	27.085	0.025641	38.412
swarm_17_102.pdb	7.284	23.706	0.102564	38.031
swarm_40_154.pdb	6.419	24.306	0	34.604
swarm_36_91.pdb	10.089	25.560	0.0769231	34.095
swarm_36_117.pdb	7.978	36.528	0	33.583
swarm_39_24.pdb	7.545	24.552	0.0512821	32.663
swarm_17_37.pdb	7.579	26.828	0	32.198
swarm_43_65.pdb	6.707	20.737	0	32.070
swarm_33_161.pdb	5.692	13.705	0.25641	31.860
swarm_22_182.pdb	6.969	16.762	0.0769231	31.797
swarm_38_161.pdb	5.182	16.806	0.179487	31.796
swarm_28_15.pdb	9.913	24.442	0.153846	31.726
swarm_46_165.pdb	7.839	21.432	0.102564	31.592
swarm_37_70.pdb	9.417	24.901	0.102564	31.468
swarm_34_182.pdb	10.032	27.743	0.0512821	31.370
swarm_38_113.pdb	5.512	17.118	0.0769231	31.267
swarm_27_190.pdb	11.942	25.710	0.128205	31.235
swarm_17_21.pdb	6.257	17.509	0.025641	31.162
swarm_15_154.pdb	10.731	27.506	0.102564	31.065
swarm_11_0.pdb	3.681	7.981	0.410256	31.041
swarm_31_159.pdb	8.506	21.092	0.0512821	30.931
swarm_28_38.pdb	12.580	26.393	0.102564	30.629
swarm_8_93.pdb	8.968	20.891	0	30.391
swarm_7_119.pdb	7.561	18.960	0.179487	30.363
swarm_11_145.pdb	3.043	11.139	0.564103	30.283
swarm_23_133.pdb	11.790	40.250	0	30.224
swarm_31_95.pdb	9.041	25.981	0.102564	30.158
swarm_44_116.pdb	11.261	26.500	0	29.726
swarm_9_118.pdb	6.300	23.350	0.0769231	29.686
swarm_7_8.pdb	8.142	20.740	0.128205	29.476
swarm_44_20.pdb	14.727	26.920	0.025641	29.464
swarm_37_107.pdb	7.046	31.765	0.0512821	29.426
swarm_5_45.pdb	9.111	34.662	0.025641	29.393
swarm_42_135.pdb	6.706	29.578	0.025641	29.316
swarm_38_138.pdb	4.909	14.235	0.179487	29.161
swarm_26_118.pdb	12.007	40.729	0	29.138
swarm_7_156.pdb	10.515	34.468	0.128205	29.124
swarm_22_151.pdb	16.287	29.919	0	28.961
swarm_13_193.pdb	5.660	12.690	0.230769	28.750
swarm_10_183.pdb	6.834	22.035	0	28.703
swarm_31_33.pdb	8.439	19.413	0.025641	28.677
swarm_44_29.pdb	7.790	36.277	0	28.659
swarm_34_178.pdb	15.769	41.441	0	28.654
swarm_50_42.pdb	6.338	20.225	0	28.641
swarm_35_65.pdb	12.537	27.993	0.128205	28.419
swarm_4_111.pdb	12.230	34.181	0.102564	28.345
swarm_44_106.pdb	14.829	41.304	0	28.311
swarm_5_174.pdb	8.951	33.882	0.0512821	28.155
swarm_14_1.pdb	11.062	29.811	0.102564	28.080
swarm_10_66.pdb	5.280	16.332	0.025641	28.039
swarm_28_56.pdb	13.709	27.533	0.0512821	27.899
swarm_8_26.pdb	9.049	25.331	0.153846	27.878
swarm_26_155.pdb	12.771	33.148	0	27.802
swarm_34_127.pdb	11.794	37.754	0.0769231	27.757
swarm_36_81.pdb	9.444	14.152	0	27.699
swarm_13_151.pdb	13.877	32.660	0	27.620
swarm_37_26.pdb	6.577	23.156	0	27.560
swarm_24_132.pdb	11.614	26.992	0.102564	27.517
swarm_4_151.pdb	10.861	26.611	0.025641	27.291
swarm_38_82.pdb	11.295	26.101	0	27.217
swarm_22_105.pdb	15.109	28.942	0	27.169
swarm_44_85.pdb	12.177	30.566	0.102564	27.064
swarm_44_149.pdb	11.684	27.587	0.0512821	26.816
swarm_45_125.pdb	3.828	9.596	0.25641	26.789
swarm_38_64.pdb	10.001	19.353	0	26.728
swarm_10_182.pdb	11.312	22.272	0.025641	26.723
swarm_37_160.pdb	10.065	15.896	0	26.658
swarm_46_151.pdb	12.680	34.113	0.0512821	26.575
swarm_39_132.pdb	13.248	40.200	0	26.553
swarm_45_138.pdb	10.533	24.167	0.153846	26.503
swarm_13_7.pdb	10.584	18.456	0	26.487
swarm_5_86.pdb	14.067	38.343	0	26.443
swarm_31_7.pdb	9.600	14.025	0	26.408
swarm_43_180.pdb	11.481	20.044	0	26.343
swarm_28_7.pdb	10.956	25.393	0	26.306
swarm_5_39.pdb	11.551	23.447	0	26.288
swarm_23_109.pdb	15.760	39.396	0	26.243
swarm_33_193.pdb	12.226	29.253	0.025641	26.213
swarm_14_61.pdb	8.415	26.079	0	26.208
swarm_33_176.pdb	12.481	30.393	0.0769231	26.165
swarm_36_77.pdb	12.793	31.468	0	26.098
swarm_2_26.pdb	15.485	34.028	0	25.919
swarm_19_154.pdb	9.128	33.091	0.025641	25.890
swarm_22_103.pdb	7.075	20.939	0	25.887
swarm_43_85.pdb	5.250	14.733	0.0512821	25.838
swarm_39_85.pdb	14.382	26.727	0	25.731
swarm_29_115.pdb	11.177	34.942	0.0512821	25.723
swarm_42_167.pdb	13.595	27.330	0	25.492
swarm_43_67.pdb	11.408	31.355	0.0512821	25.491
swarm_21_21.pdb	5.975	23.650	0.0512821	25.484
swarm_38_135.pdb	4.003	7.923	0.230769	25.320
swarm_55_68.pdb	9.822	33.654	0.128205	25.253
swarm_22_37.pdb	8.615	37.235	0.0512821	25.244
swarm_51_37.pdb	14.016	32.566	0	25.191
swarm_9_192.pdb	12.970	26.885	0	25.111
swarm_24_140.pdb	8.369	34.854	0.128205	25.086
swarm_17_58.pdb	9.382	32.465	0	25.008
swarm_29_162.pdb	10.243	30.095	0.153846	25.001
swarm_43_162.pdb	12.207	30.322	0	24.979
swarm_35_185.pdb	7.007	12.604	0	24.897
swarm_11_77.pdb	9.729	25.881	0.0769231	24.813
swarm_53_35.pdb	15.351	38.041	0	24.775
swarm_28_103.pdb	6.446	12.311	0	24.616
swarm_43_64.pdb	12.553	33.155	0	24.590
swarm_37_94.pdb	13.172	23.561	0	24.586
swarm_47_136.pdb	15.624	36.937	0	24.469
swarm_39_11.pdb	12.366	38.117	0	24.467
swarm_46_146.pdb	8.909	24.458	0.128205	24.436
swarm_6_166.pdb	9.328	30.485	0.025641	24.430
swarm_22_130.pdb	12.658	25.374	0	24.380
swarm_30_163.pdb	11.916	33.887	0	24.346
swarm_22_78.pdb	12.292	25.123	0	24.243
swarm_22_86.pdb	13.793	38.797	0	24.211
swarm_17_20.pdb	10.246	18.953	0	24.199
swarm_23_51.pdb	10.438	40.562	0	24.188
swarm_36_128.pdb	15.454	38.074	0	24.176
swarm_41_135.pdb	11.562	25.892	0.179487	24.143
swarm_57_39.pdb	12.122	32.076	0.179487	24.127
swarm_40_62.pdb	9.740	34.525	0.102564	24.126
swarm_34_109.pdb	11.793	31.344	0	24.114
swarm_44_173.pdb	6.291	32.318	0.128205	24.047
swarm_57_190.pdb	12.394	25.520	0.128205	23.968
swarm_17_129.pdb	13.720	30.209	0	23.968
swarm_24_26.pdb	13.915	32.596	0	23.965
swarm_46_128.pdb	10.046	28.860	0.179487	23.955
swarm_51_121.pdb	15.062	31.297	0	23.953
swarm_19_108.pdb	11.823	31.578	0.153846	23.895
swarm_17_167.pdb	13.224	26.459	0	23.884
swarm_24_3.pdb	10.698	22.187	0.128205	23.846
swarm_18_198.pdb	7.029	30.584	0.0512821	23.838
swarm_38_88.pdb	11.197	29.436	0	23.828
swarm_7_78.pdb	12.361	32.531	0	23.803
swarm_45_143.pdb	9.694	20.786	0.102564	23.711
swarm_46_150.pdb	13.433	27.194	0	23.694
swarm_47_104.pdb	8.815	29.666	0.102564	23.692
swarm_32_46.pdb	6.456	20.584	0.205128	23.649
swarm_9_86.pdb	6.787	24.633	0.205128	23.631
swarm_18_73.pdb	9.749	35.614	0	23.584
swarm_29_145.pdb	11.191	30.680	0.0769231	23.574
swarm_20_32.pdb	10.518	38.097	0	23.571
swarm_19_82.pdb	15.240	30.466	0	23.563
swarm_15_1.pdb	15.741	31.204	0	23.501
swarm_26_91.pdb	13.810	36.014	0	23.496
swarm_22_123.pdb	16.240	38.822	0	23.470
swarm_30_90.pdb	17.874	43.988	0	23.468
swarm_50_182.pdb	6.603	18.438	0.179487	23.415
swarm_27_136.pdb	3.061	12.216	0.487179	23.390
swarm_43_28.pdb	11.296	27.920	0.025641	23.363
swarm_27_43.pdb	7.318	31.199	0.025641	23.253
swarm_27_74.pdb	11.203	18.724	0	23.192
swarm_26_136.pdb	11.829	38.744	0	23.162
swarm_37_102.pdb	7.714	19.408	0.102564	23.121
swarm_37_113.pdb	14.618	27.526	0	23.107
swarm_43_61.pdb	14.054	29.263	0	23.103
swarm_35_135.pdb	10.488	27.060	0.128205	23.033
swarm_57_171.pdb	10.191	28.076	0.025641	22.949
swarm_57_69.pdb	7.543	29.967	0.025641	22.871
swarm_32_177.pdb	9.534	35.215	0	22.852
swarm_31_81.pdb	14.801	24.449	0	22.808
swarm_22_47.pdb	9.122	24.944	0.0512821	22.786
swarm_9_39.pdb	11.387	22.019	0	22.770
swarm_9_28.pdb	9.982	22.747	0.102564	22.734
swarm_29_20.pdb	12.356	34.557	0.025641	22.711
swarm_9_87.pdb	14.009	27.137	0.0512821	22.690
swarm_9_76.pdb	10.740	25.776	0.0769231	22.659
swarm_5_60.pdb	14.626	28.982	0	22.582
swarm_37_31.pdb	14.472	26.300	0	22.554
swarm_33_189.pdb	9.562	14.343	0	22.528
swarm_30_57.pdb	15.850	35.920	0	22.498
swarm_40_45.pdb	16.835	36.716	0	22.444
swarm_51_129.pdb	13.233	38.200	0.025641	22.430
swarm_53_41.pdb	15.586	36.668	0	22.407
swarm_48_171.pdb	10.085	28.207	0.025641	22.393
swarm_50_32.pdb	12.867	28.206	0	22.389
swarm_33_161.pdb	15.277	27.750	0	22.366
swarm_38_44.pdb	11.538	20.199	0	22.365
swarm_45_183.pdb	6.671	13.835	0.0769231	22.356
swarm_53_146.pdb	10.600	30.083	0	22.282
swarm_22_2.pdb	11.554	32.479	0.0769231	22.271
swarm_37_127.pdb	11.178	20.636	0	22.252
swarm_24_136.pdb	14.690	35.177	0	22.214
swarm_46_5.pdb	9.895	34.240	0.153846	22.150
swarm_27_139.pdb	11.810	27.515	0.128205	22.108
swarm_32_6.pdb	9.083	32.864	0.179487	22.070
swarm_24_100.pdb	11.428	26.073	0.0512821	22.066
swarm_1_12.pdb	10.163	23.602	0.128205	22.015
swarm_2_31.pdb	12.318	27.059	0	21.930
swarm_4_65.pdb	15.662	26.458	0.0512821	21.920
swarm_54_31.pdb	14.477	35.814	0	21.919
swarm_5_98.pdb	7.406	25.531	0	21.904
swarm_35_188.pdb	9.740	29.260	0.0769231	21.903
swarm_46_166.pdb	14.587	35.888	0	21.900
swarm_24_110.pdb	6.363	30.538	0.0769231	21.839
swarm_43_6.pdb	15.644	30.345	0	21.814
swarm_16_195.pdb	7.746	31.369	0.230769	21.809
swarm_10_59.pdb	9.650	25.737	0.0512821	21.786
swarm_7_38.pdb	13.170	37.265	0	21.776
swarm_18_25.pdb	13.466	30.548	0.0769231	21.746
swarm_42_155.pdb	13.853	30.988	0.025641	21.742
swarm_38_67.pdb	8.159	20.029	0.025641	21.732
swarm_7_84.pdb	12.800	23.639	0.0769231	21.657
swarm_7_101.pdb	9.725	26.614	0.102564	21.590
swarm_3_31.pdb	12.042	25.389	0.0769231	21.576
swarm_53_34.pdb	12.314	40.375	0.128205	21.564
swarm_16_62.pdb	10.796	15.481	0	21.482
swarm_11_157.pdb	8.822	32.572	0.025641	21.383
swarm_11_85.pdb	8.334	16.220	0	21.356
swarm_8_122.pdb	12.237	25.391	0	21.351
swarm_8_35.pdb	9.934	23.170	0.025641	21.281
swarm_1_101.pdb	16.324	27.004	0	21.254
swarm_48_0.pdb	14.173	27.208	0.0512821	21.215
swarm_48_108.pdb	8.241	25.139	0.025641	21.190
swarm_24_186.pdb	10.164	23.397	0.102564	21.190
swarm_54_108.pdb	9.759	40.296	0	21.128
swarm_29_61.pdb	8.520	41.345	0	21.088
swarm_27_108.pdb	2.699	6.849	0.589744	21.086
swarm_22_187.pdb	14.672	29.234	0	21.047
swarm_19_70.pdb	11.841	34.898	0	21.028
swarm_30_80.pdb	12.783	35.987	0	21.022
swarm_38_71.pdb	14.188	29.856	0	20.975
swarm_34_41.pdb	17.255	34.436	0	20.967
swarm_41_71.pdb	8.288	33.940	0	20.861
swarm_1_91.pdb	15.966	27.529	0.0512821	20.852
swarm_47_75.pdb	13.967	28.994	0	20.840
swarm_33_146.pdb	12.863	23.156	0	20.740
swarm_27_133.pdb	8.101	18.791	0.205128	20.730
swarm_5_74.pdb	14.314	37.035	0	20.724
swarm_48_1.pdb	14.483	27.504	0	20.723
swarm_6_133.pdb	10.680	25.993	0	20.661
swarm_44_170.pdb	7.546	14.157	0	20.642
swarm_17_142.pdb	11.320	23.470	0	20.581
swarm_51_164.pdb	18.925	42.690	0	20.572
swarm_39_186.pdb	12.072	36.252	0	20.539
swarm_1_104.pdb	4.481	14.397	0.128205	20.516
swarm_13_126.pdb	10.012	32.061	0.25641	20.494
swarm_8_116.pdb	11.439	27.715	0	20.481
swarm_17_77.pdb	14.376	30.013	0	20.477
swarm_45_9.pdb	12.853	23.917	0.0512821	20.471
swarm_31_12.pdb	7.297	19.866	0.153846	20.447
swarm_40_47.pdb	13.846	36.000	0.128205	20.378
swarm_15_199.pdb	13.492	33.984	0.025641	20.366
swarm_40_179.pdb	10.266	34.308	0	20.301
swarm_27_5.pdb	9.484	27.249	0	20.264
swarm_9_85.pdb	13.595	29.014	0	20.244
swarm_47_100.pdb	13.406	33.628	0	20.185
swarm_31_186.pdb	8.771	34.272	0	19.995
swarm_57_21.pdb	16.383	30.258	0	19.900
swarm_24_125.pdb	14.836	26.872	0	19.871
swarm_17_160.pdb	8.832	30.706	0	19.802
swarm_57_133.pdb	13.152	36.180	0	19.767
swarm_17_158.pdb	9.793	37.964	0	19.765
swarm_41_19.pdb	14.808	26.736	0	19.743
swarm_45_48.pdb	5.427	13.791	0.0512821	19.739
swarm_33_34.pdb	12.480	19.914	0	19.626
swarm_16_75.pdb	10.694	23.481	0.179487	19.590
swarm_16_76.pdb	15.664	30.128	0	19.579
swarm_4_75.pdb	15.961	29.528	0	19.559
swarm_39_121.pdb	11.061	36.137	0.0769231	19.554
swarm_35_103.pdb	12.434	25.305	0	19.511
swarm_29_183.pdb	2.710	13.478	0.538462	19.492
swarm_25_150.pdb	8.042	29.065	0.025641	19.477
swarm_26_81.pdb	16.695	39.295	0	19.459
swarm_13_113.pdb	4.794	9.618	0.0769231	19.453
swarm_54_184.pdb	12.999	37.803	0	19.428
swarm_21_139.pdb	10.115	33.537	0	19.420
swarm_26_153.pdb	14.091	39.068	0	19.391
swarm_46_39.pdb	12.754	24.706	0	19.343
swarm_50_106.pdb	17.169	27.719	0	19.334
swarm_1_139.pdb	15.053	26.394	0.0769231	19.290
swarm_45_26.pdb	13.065	31.629	0.102564	19.265
swarm_13_16.pdb	7.658	31.026	0.128205	19.248
swarm_26_191.pdb	6.469	29.949	0.25641	19.231
swarm_21_7.pdb	10.561	36.664	0	19.166
swarm_1_54.pdb	10.561	20.145	0.102564	19.139
swarm_31_127.pdb	12.580	25.591	0.179487	19.127
swarm_32_83.pdb	5.686	15.441	0.102564	19.124
swarm_11_190.pdb	15.279	33.310	0	19.121
swarm_46_83.pdb	7.946	18.332	0	19.116
swarm_37_24.pdb	11.069	29.435	0.0512821	19.082
swarm_27_20.pdb	11.691	22.886	0.025641	19.031
swarm_5_169.pdb	12.568	36.692	0	18.926
swarm_53_115.pdb	13.248	33.889	0.0512821	18.897
swarm_6_76.pdb	9.147	30.627	0	18.810
swarm_39_23.pdb	12.021	36.673	0	18.794
swarm_6_140.pdb	9.864	33.292	0	18.777
swarm_4_44.pdb	12.860	26.097	0.0769231	18.766
swarm_19_22.pdb	12.456	37.021	0	18.710
swarm_22_142.pdb	14.591	38.301	0	18.686
swarm_9_141.pdb	11.932	30.355	0.0512821	18.651
swarm_21_117.pdb	14.048	34.066	0	18.628
swarm_53_125.pdb	8.279	31.550	0.025641	18.627
swarm_24_43.pdb	17.725	28.658	0	18.592
swarm_42_58.pdb	17.631	31.396	0	18.585
swarm_8_0.pdb	14.242	29.622	0	18.569
swarm_17_153.pdb	11.250	37.417	0.025641	18.549
swarm_38_162.pdb	11.286	25.831	0	18.520
swarm_51_36.pdb	15.804	35.286	0	18.513
swarm_24_107.pdb	3.990	21.932	0.333333	18.487
swarm_14_63.pdb	15.820	34.948	0	18.476
swarm_33_128.pdb	7.777	22.678	0	18.430
swarm_10_9.pdb	7.751	28.393	0	18.418
swarm_47_18.pdb	5.044	23.811	0.25641	18.413
swarm_10_82.pdb	10.275	25.372	0	18.407
swarm_13_134.pdb	14.017	24.421	0.025641	18.395
swarm_36_48.pdb	12.528	23.637	0	18.374
swarm_4_83.pdb	9.857	25.739	0.102564	18.276
swarm_3_165.pdb	10.008	15.546	0	18.256
swarm_6_108.pdb	6.818	29.830	0.025641	18.217
swarm_1_188.pdb	9.053	24.296	0.0512821	18.199
swarm_13_167.pdb	15.176	25.947	0.025641	18.189
swarm_47_17.pdb	12.444	23.662	0	18.155
swarm_19_13.pdb	12.256	32.484	0	18.086
swarm_15_105.pdb	15.187	26.122	0.102564	18.047
swarm_25_18.pdb	10.010	31.675	0	17.988
swarm_16_22.pdb	9.756	26.828	0.282051	17.965
swarm_51_19.pdb	18.008	39.088	0	17.946
swarm_36_133.pdb	14.471	24.222	0	17.911
swarm_4_68.pdb	12.238	21.715	0	17.862
swarm_7_194.pdb	13.708	42.851	0	17.838
swarm_11_159.pdb	12.542	28.223	0.153846	17.803
swarm_30_146.pdb	12.427	44.842	0	17.792
swarm_27_194.pdb	12.515	35.796	0	17.780
swarm_43_184.pdb	10.247	14.583	0	17.729
swarm_36_192.pdb	12.426	32.281	0	17.717
swarm_38_61.pdb	8.879	20.441	0	17.710
swarm_18_86.pdb	9.178	30.328	0	17.708
swarm_25_148.pdb	13.042	33.577	0.128205	17.672
swarm_11_65.pdb	10.397	30.002	0	17.653
swarm_49_184.pdb	5.283	18.732	0.205128	17.636
swarm_13_143.pdb	10.818	15.952	0	17.594
swarm_39_193.pdb	9.542	32.881	0	17.587
swarm_0_99.pdb	5.972	18.918	0.0769231	17.536
swarm_43_148.pdb	8.328	18.082	0	17.522
swarm_46_28.pdb	12.279	36.723	0	17.504
swarm_13_83.pdb	14.985	25.079	0.0512821	17.485
swarm_18_131.pdb	12.480	44.337	0.0512821	17.475
swarm_41_182.pdb	16.133	27.961	0	17.462
swarm_28_142.pdb	13.742	36.826	0	17.441
swarm_36_175.pdb	11.500	17.951	0	17.375
swarm_13_108.pdb	12.175	19.971	0.025641	17.321
swarm_36_2.pdb	12.571	23.542	0	17.308
swarm_29_126.pdb	12.124	23.409	0	17.285
swarm_16_160.pdb	9.913	30.887	0.179487	17.240
swarm_6_109.pdb	8.426	31.622	0.153846	17.238
swarm_25_156.pdb	10.534	28.843	0.0512821	17.204
swarm_49_55.pdb	13.980	32.522	0	17.189
swarm_21_2.pdb	11.677	29.672	0.179487	17.175
swarm_1_116.pdb	16.040	26.640	0	17.157
swarm_45_89.pdb	9.646	26.301	0	17.145
swarm_55_9.pdb	13.585	29.432	0	17.108
swarm_36_128.pdb	12.624	21.633	0	17.081
swarm_35_50.pdb	3.730	11.551	0.205128	17.061
swarm_44_188.pdb	13.007	37.185	0	17.054
swarm_35_126.pdb	16.408	33.946	0	17.014
swarm_47_116.pdb	15.680	27.443	0	17.005
swarm_6_14.pdb	13.764	34.139	0	16.991
swarm_16_37.pdb	4.601	10.721	0.102564	16.972
swarm_48_183.pdb	13.454	26.280	0	16.901
swarm_15_80.pdb	10.646	25.088	0.128205	16.880
swarm_28_124.pdb	14.984	37.085	0	16.814
swarm_35_66.pdb	12.127	25.967	0	16.766
swarm_15_96.pdb	4.601	17.094	0.230769	16.738
swarm_26_72.pdb	18.542	42.675	0	16.715
swarm_24_98.pdb	14.927	26.220	0	16.686
swarm_10_198.pdb	9.932	28.095	0	16.664
swarm_30_136.pdb	17.473	43.213	0	16.587
swarm_10_40.pdb	15.741	28.262	0.0512821	16.555
swarm_32_15.pdb	15.462	29.364	0	16.519
swarm_46_76.pdb	12.510	33.237	0.0769231	16.495
swarm_25_95.pdb	12.737	30.110	0	16.488
swarm_42_22.pdb	12.293	29.282	0	16.417
swarm_48_154.pdb	16.566	29.979	0	16.416
swarm_39_77.pdb	17.903	32.929	0	16.395
swarm_40_44.pdb	14.735	36.682	0	16.392
swarm_41_21.pdb	10.738	34.617	0	16.368
swarm_33_87.pdb	16.415	30.138	0	16.350
swarm_40_40.pdb	8.319	31.883	0.128205	16.348
swarm_16_86.pdb	14.952	26.405	0.025641	16.301
swarm_16_16.pdb	11.175	24.758	0	16.283
swarm_15_92.pdb	9.165	29.421	0.153846	16.265
swarm_37_9.pdb	9.050	28.341	0.025641	16.213
swarm_29_84.pdb	12.091	26.337	0.102564	16.180
swarm_29_8.pdb	11.221	24.185	0.0512821	16.158
swarm_12_119.pdb	10.374	38.809	0.025641	16.148
swarm_28_172.pdb	14.182	28.866	0	16.064
swarm_21_45.pdb	10.985	22.080	0	16.036
swarm_16_13.pdb	16.605	28.578	0	15.976
swarm_24_94.pdb	12.595	25.012	0.0512821	15.968
swarm_45_102.pdb	15.845	32.340	0	15.937
swarm_25_3.pdb	12.496	22.774	0	15.908
swarm_28_3.pdb	10.676	27.232	0.153846	15.907
swarm_3_199.pdb	13.076	25.920	0.0512821	15.865
swarm_11_118.pdb	16.448	26.478	0	15.815
swarm_21_62.pdb	16.113	28.362	0	15.791
swarm_28_62.pdb	16.068	24.814	0	15.789
swarm_16_104.pdb	11.688	26.464	0.025641	15.752
swarm_16_135.pdb	7.071	18.766	0.128205	15.736
swarm_29_166.pdb	10.033	24.165	0	15.682
swarm_28_187.pdb	13.946	34.929	0	15.639
swarm_12_96.pdb	14.640	41.292	0	15.541
swarm_28_161.pdb	11.931	23.278	0.102564	15.532
swarm_6_81.pdb	13.941	32.515	0	15.505
swarm_20_83.pdb	13.111	33.080	0	15.448
swarm_11_77.pdb	18.034	31.045	0	15.442
swarm_12_29.pdb	13.158	40.396	0	15.432
swarm_3_160.pdb	9.361	16.690	0	15.405
swarm_42_59.pdb	17.700	32.542	0	15.390
swarm_15_191.pdb	14.245	23.897	0	15.371
swarm_55_70.pdb	11.603	31.122	0.153846	15.365
swarm_3_178.pdb	14.991	39.686	0	15.343
swarm_32_135.pdb	14.504	23.485	0	15.330
swarm_13_45.pdb	13.135	20.950	0	15.308
swarm_0_109.pdb	11.009	25.091	0.025641	15.298
swarm_1_21.pdb	5.728	17.311	0.025641	15.294
swarm_7_184.pdb	6.028	18.711	0	15.290
swarm_0_148.pdb	10.900	24.161	0	15.249
swarm_46_18.pdb	7.155	25.290	0	15.231
swarm_10_40.pdb	13.851	31.087	0	15.210
swarm_12_49.pdb	8.721	28.212	0.025641	15.186
swarm_42_77.pdb	16.806	36.074	0	15.149
swarm_36_187.pdb	5.611	22.310	0.0769231	15.118
swarm_17_171.pdb	13.145	37.433	0	15.083
swarm_45_4.pdb	5.446	22.257	0.179487	15.082
swarm_55_145.pdb	10.956	31.932	0.0512821	15.023
swarm_0_80.pdb	6.969	21.222	0.102564	15.023
swarm_11_21.pdb	6.775	20.903	0.102564	14.966
swarm_29_136.pdb	7.104	19.967	0.0769231	14.958
swarm_6_90.pdb	10.315	32.302	0	14.881
swarm_6_135.pdb	11.798	36.258	0	14.865
swarm_57_9.pdb	13.734	25.807	0	14.831
swarm_19_39.pdb	17.293	38.671	0	14.827
swarm_46_27.pdb	13.869	31.988	0	14.811
swarm_0_148.pdb	10.867	24.222	0	14.798
swarm_11_167.pdb	14.292	26.707	0	14.768
swarm_11_20.pdb	11.863	26.643	0.025641	14.715
swarm_46_165.pdb	15.671	31.756	0	14.711
swarm_4_97.pdb	9.929	25.381	0.153846	14.682
swarm_48_195.pdb	6.488	18.156	0.179487	14.676
swarm_0_189.pdb	7.323	17.710	0.0512821	14.587
swarm_21_18.pdb	16.153	33.225	0	14.554
swarm_0_55.pdb	10.788	24.776	0.179487	14.550
swarm_23_127.pdb	9.901	30.354	0	14.506
swarm_1_26.pdb	11.627	25.625	0	14.469
swarm_32_47.pdb	6.780	19.457	0.102564	14.452
swarm_11_108.pdb	13.549	24.701	0	14.451
swarm_18_163.pdb	10.047	29.441	0.128205	14.429
swarm_2_152.pdb	10.464	31.639	0.0512821	14.389
swarm_39_187.pdb	14.025	36.834	0	14.367
swarm_48_133.pdb	11.805	30.798	0.025641	14.339
swarm_32_26.pdb	14.287	23.612	0	14.337
swarm_46_12.pdb	12.867	31.403	0.0769231	14.308
swarm_38_174.pdb	8.729	15.069	0	14.266
swarm_37_0.pdb	11.350	26.995	0.025641	14.255
swarm_9_156.pdb	12.496	27.987	0	14.252
swarm_28_64.pdb	9.656	28.739	0.102564	14.251
swarm_33_107.pdb	12.049	30.308	0	14.216
swarm_46_155.pdb	10.371	28.425	0.0769231	14.188
swarm_42_123.pdb	12.458	32.829	0.0512821	14.166
swarm_7_62.pdb	16.584	28.914	0	14.151
swarm_3_0.pdb	13.180	25.645	0	14.134
swarm_2_105.pdb	13.203	39.994	0	13.996
swarm_35_113.pdb	11.852	27.021	0.0512821	13.978
swarm_12_162.pdb	11.021	25.118	0.0769231	13.971
swarm_16_105.pdb	7.239	14.940	0.025641	13.967
swarm_35_128.pdb	3.774	14.344	0.333333	13.964
swarm_0_73.pdb	14.067	23.635	0	13.960
swarm_1_35.pdb	17.058	33.237	0	13.873
swarm_45_1.pdb	15.538	35.069	0	13.848
swarm_12_59.pdb	10.733	28.854	0.0512821	13.808
swarm_1_59.pdb	12.220	26.361	0	13.756
swarm_7_96.pdb	17.258	37.051	0	13.704
swarm_47_76.pdb	7.473	29.023	0	13.695
swarm_27_183.pdb	8.590	33.492	0.0512821	13.620
swarm_31_115.pdb	13.243	23.955	0	13.589
swarm_22_147.pdb	14.220	36.063	0	13.517
swarm_1_167.pdb	15.424	27.896	0.025641	13.429
swarm_48_133.pdb	11.425	33.041	0	13.337
swarm_21_25.pdb	11.466	24.667	0.205128	13.312
swarm_27_5.pdb	8.114	20.510	0.025641	13.269
swarm_5_32.pdb	7.710	19.673	0	13.085
swarm_1_89.pdb	13.777	19.924	0	13.080
swarm_57_33.pdb	16.900	33.256	0	13.053
swarm_35_23.pdb	12.121	30.937	0	13.042
swarm_33_181.pdb	14.117	24.389	0	13.040
swarm_21_186.pdb	9.792	24.558	0.205128	12.933
swarm_54_81.pdb	15.081	38.038	0	12.821
swarm_46_52.pdb	15.855	30.733	0	12.820
swarm_1_1.pdb	15.720	24.215	0	12.801
swarm_28_159.pdb	8.885	21.405	0.153846	12.747
swarm_16_27.pdb	8.446	22.202	0.153846	12.745
swarm_39_73.pdb	17.489	36.238	0	12.733
swarm_42_145.pdb	10.065	24.992	0	12.709
swarm_1_42.pdb	10.030	25.803	0.0512821	12.677
swarm_10_49.pdb	14.470	28.528	0.0769231	12.673
swarm_10_79.pdb	13.582	25.149	0	12.665
swarm_51_51.pdb	15.400	41.980	0	12.616
swarm_11_49.pdb	14.595	23.793	0	12.605
swarm_3_157.pdb	8.885	20.892	0.025641	12.571
swarm_10_124.pdb	8.316	29.744	0.102564	12.570
swarm_23_173.pdb	11.424	28.746	0	12.488
swarm_0_171.pdb	12.598	27.933	0.0769231	12.437
swarm_8_20.pdb	13.489	34.906	0.0769231	12.357
swarm_28_137.pdb	9.642	23.925	0.025641	12.354
swarm_3_42.pdb	11.110	22.692	0.025641	12.297
swarm_0_6.pdb	12.725	28.141	0.0769231	12.216
swarm_45_94.pdb	16.372	32.405	0.025641	12.206
swarm_7_85.pdb	11.459	27.414	0.102564	12.170
swarm_6_159.pdb	11.203	31.180	0	12.090
swarm_14_187.pdb	11.734	39.406	0	12.030
swarm_6_94.pdb	8.058	28.149	0	12.029
swarm_3_39.pdb	13.201	25.745	0	12.029
swarm_19_61.pdb	12.314	38.400	0	12.001
swarm_40_190.pdb	16.393	36.445	0	11.999
swarm_1_37.pdb	8.507	25.878	0.153846	11.845
swarm_27_57.pdb	13.597	23.066	0	11.760
swarm_18_93.pdb	11.122	27.794	0.128205	11.728
swarm_39_0.pdb	8.272	31.489	0	11.670
swarm_1_164.pdb	8.544	25.741	0.153846	11.665
swarm_45_105.pdb	17.563	39.163	0	11.513
swarm_11_154.pdb	15.626	25.882	0	11.417
swarm_54_89.pdb	15.385	37.661	0	11.402
swarm_49_187.pdb	8.826	32.764	0	11.315
swarm_0_192.pdb	7.605	18.641	0.0512821	11.243
swarm_3_107.pdb	10.137	27.821	0	11.157
swarm_48_57.pdb	7.938	29.297	0.128205	11.151
swarm_14_30.pdb	11.332	43.973	0.0512821	11.100
swarm_13_171.pdb	10.530	25.953	0.153846	11.034
swarm_24_99.pdb	17.295	31.018	0	11.030
swarm_23_133.pdb	14.320	32.627	0	11.015
swarm_16_94.pdb	17.747	35.174	0	11.003
swarm_37_169.pdb	13.555	24.438	0	11.000
swarm_46_188.pdb	10.328	23.236	0	10.871
swarm_20_97.pdb	13.587	36.100	0	10.814
swarm_2_77.pdb	9.946	29.827	0.025641	10.697
swarm_24_194.pdb	6.255	17.080	0.128205	10.593
swarm_45_15.pdb	10.837	30.488	0	10.574
swarm_18_11.pdb	17.909	33.040	0	10.511
swarm_10_196.pdb	12.592	28.654	0.25641	10.478
swarm_41_171.pdb	8.821	17.735	0	10.472
swarm_55_37.pdb	12.729	28.853	0	10.456
swarm_10_50.pdb	14.486	29.378	0.102564	10.375
swarm_48_33.pdb	16.671	33.177	0	10.258
swarm_46_104.pdb	13.665	31.042	0	10.218
swarm_47_38.pdb	13.664	25.716	0	10.074
swarm_10_68.pdb	11.745	24.320	0	9.989
swarm_26_87.pdb	11.239	37.116	0	9.810
swarm_12_133.pdb	13.114	24.513	0.025641	9.612
swarm_3_127.pdb	11.195	27.778	0.25641	9.572
swarm_19_176.pdb	11.289	36.599	0	9.560
swarm_0_86.pdb	13.407	22.947	0	9.550
swarm_48_74.pdb	6.924	18.897	0.179487	9.496
swarm_33_68.pdb	16.323	24.865	0	9.414
swarm_40_108.pdb	14.891	39.122	0	9.315
swarm_37_101.pdb	12.773	30.926	0	9.274
swarm_29_112.pdb	13.593	35.974	0	9.237
swarm_52_199.pdb	15.466	43.633	0	9.228
swarm_17_134.pdb	11.926	26.496	0.0769231	9.014
swarm_21_184.pdb	16.057	35.322	0	9.004
swarm_16_135.pdb	7.499	30.588	0.307692	8.895
swarm_42_88.pdb	9.509	27.842	0	8.866
swarm_42_125.pdb	15.984	29.022	0	8.788
swarm_43_149.pdb	12.188	21.808	0	8.704
swarm_24_93.pdb	8.086	28.924	0.282051	8.533
swarm_19_85.pdb	14.460	38.184	0	8.531
swarm_35_185.pdb	8.606	14.663	0	8.501
swarm_34_38.pdb	11.174	40.119	0	8.134
swarm_19_18.pdb	16.020	40.256	0	8.029
swarm_0_28.pdb	14.965	23.940	0	7.414
swarm_3_20.pdb	10.403	26.569	0.25641	6.914
swarm_45_13.pdb	9.190	18.330	0	6.706
swarm_10_107.pdb	11.603	28.501	0	6.527
swarm_5_25.pdb	16.815	41.682	0	6.463
swarm_16_185.pdb	14.176	25.714	0.025641	6.415
swarm_15_72.pdb	12.856	26.360	0	6.316
swarm_22_53.pdb	10.951	38.770	0.025641	6.288
swarm_0_79.pdb	12.543	25.476	0.025641	5.892
swarm_12_45.pdb	11.644	29.863	0.102564	5.668
swarm_0_121.pdb	12.422	25.382	0.025641	5.218
swarm_1_8.pdb	9.546	19.907	0.0512821	4.900
swarm_4_113.pdb	10.213	24.972	0.307692	4.831
swarm_12_25.pdb	11.880	40.581	0	4.778
swarm_55_174.pdb	13.169	27.168	0.025641	3.915
swarm_22_181.pdb	8.715	40.089	0	3.565
swarm_47_14.pdb	10.567	28.546	0.230769	3.472
swarm_12_171.pdb	11.941	29.467	0	3.424
swarm_8_106.pdb	15.500	30.808	0	2.965
swarm_10_0.pdb	7.366	28.864	0.230769	2.616
swarm_30_121.pdb	14.722	44.053	0	2.207
swarm_10_168.pdb	10.541	28.428	0.230769	2.181
swarm_39_19.pdb	6.894	33.116	0.25641	2.102
swarm_19_134.pdb	12.511	36.033	0	1.661
swarm_17_65.pdb	10.540	35.465	0	1.458
swarm_45_39.pdb	15.509	31.713	0	1.294
swarm_48_55.pdb	12.804	26.100	0.0512821	0.738
swarm_52_189.pdb	11.490	35.649	0	0.688
swarm_4_175.pdb	12.560	29.948	0	0.555
swarm_0_127.pdb	14.413	23.927	0	0.464
