swarm_36_117.pdb	7.978	36.528	0	33.583
swarm_39_24.pdb	7.545	24.552	0.0512821	32.663
swarm_17_37.pdb	7.579	26.828	0	32.198
swarm_33_161.pdb	5.692	13.705	0.25641	31.860
swarm_22_182.pdb	6.969	16.762	0.0769231	31.797
swarm_38_161.pdb	5.182	16.806	0.179487	31.796
swarm_46_165.pdb	7.839	21.432	0.102564	31.592
swarm_34_182.pdb	10.032	27.743	0.0512821	31.370
swarm_44_116.pdb	11.261	26.500	0	29.726
swarm_44_20.pdb	14.727	26.920	0.025641	29.464
swarm_37_107.pdb	7.046	31.765	0.0512821	29.426
swarm_7_156.pdb	10.515	34.468	0.128205	29.124
swarm_22_151.pdb	16.287	29.919	0	28.961
swarm_10_183.pdb	6.834	22.035	0	28.703
swarm_50_42.pdb	6.338	20.225	0	28.641
swarm_35_65.pdb	12.537	27.993	0.128205	28.419
swarm_5_174.pdb	8.951	33.882	0.0512821	28.155
swarm_10_66.pdb	5.280	16.332	0.025641	28.039
swarm_34_127.pdb	11.794	37.754	0.0769231	27.757
swarm_13_151.pdb	13.877	32.660	0	27.620
swarm_24_132.pdb	11.614	26.992	0.102564	27.517
swarm_22_105.pdb	15.109	28.942	0	27.169
swarm_44_85.pdb	12.177	30.566	0.102564	27.064
swarm_44_149.pdb	11.684	27.587	0.0512821	26.816
swarm_38_64.pdb	10.001	19.353	0	26.728
swarm_10_182.pdb	11.312	22.272	0.025641	26.723
swarm_46_151.pdb	12.680	34.113	0.0512821	26.575
swarm_5_39.pdb	11.551	23.447	0	26.288
swarm_36_77.pdb	12.793	31.468	0	26.098
swarm_2_26.pdb	15.485	34.028	0	25.919
swarm_19_154.pdb	9.128	33.091	0.025641	25.890
swarm_22_103.pdb	7.075	20.939	0	25.887
swarm_43_85.pdb	5.250	14.733	0.0512821	25.838
swarm_39_85.pdb	14.382	26.727	0	25.731
swarm_29_115.pdb	11.177	34.942	0.0512821	25.723
swarm_42_167.pdb	13.595	27.330	0	25.492
swarm_43_67.pdb	11.408	31.355	0.0512821	25.491
swarm_21_21.pdb	5.975	23.650	0.0512821	25.484
swarm_38_135.pdb	4.003	7.923	0.230769	25.320
swarm_55_68.pdb	9.822	33.654	0.128205	25.253
swarm_51_37.pdb	14.016	32.566	0	25.191
swarm_9_192.pdb	12.970	26.885	0	25.111
swarm_17_58.pdb	9.382	32.465	0	25.008
swarm_11_77.pdb	9.729	25.881	0.0769231	24.813
swarm_53_35.pdb	15.351	38.041	0	24.775
swarm_39_11.pdb	12.366	38.117	0	24.467
swarm_6_166.pdb	9.328	30.485	0.025641	24.430
swarm_22_130.pdb	12.658	25.374	0	24.380
swarm_30_163.pdb	11.916	33.887	0	24.346
swarm_22_78.pdb	12.292	25.123	0	24.243
swarm_36_128.pdb	15.454	38.074	0	24.176
swarm_57_39.pdb	12.122	32.076	0.179487	24.127
swarm_34_109.pdb	11.793	31.344	0	24.114
swarm_57_190.pdb	12.394	25.520	0.128205	23.968
swarm_17_129.pdb	13.720	30.209	0	23.968
swarm_51_121.pdb	15.062	31.297	0	23.953
swarm_24_3.pdb	10.698	22.187	0.128205	23.846
swarm_38_88.pdb	11.197	29.436	0	23.828
swarm_7_78.pdb	12.361	32.531	0	23.803
swarm_46_150.pdb	13.433	27.194	0	23.694
swarm_47_104.pdb	8.815	29.666	0.102564	23.692
swarm_32_46.pdb	6.456	20.584	0.205128	23.649
swarm_9_86.pdb	6.787	24.633	0.205128	23.631
swarm_18_73.pdb	9.749	35.614	0	23.584
swarm_20_32.pdb	10.518	38.097	0	23.571
swarm_30_90.pdb	17.874	43.988	0	23.468
swarm_50_182.pdb	6.603	18.438	0.179487	23.415
swarm_27_43.pdb	7.318	31.199	0.025641	23.253
swarm_26_136.pdb	11.829	38.744	0	23.162
swarm_43_61.pdb	14.054	29.263	0	23.103
swarm_57_171.pdb	10.191	28.076	0.025641	22.949
swarm_57_69.pdb	7.543	29.967	0.025641	22.871
swarm_22_47.pdb	9.122	24.944	0.0512821	22.786
swarm_9_39.pdb	11.387	22.019	0	22.770
swarm_9_28.pdb	9.982	22.747	0.102564	22.734
swarm_29_20.pdb	12.356	34.557	0.025641	22.711
swarm_9_87.pdb	14.009	27.137	0.0512821	22.690
swarm_9_76.pdb	10.740	25.776	0.0769231	22.659
swarm_5_60.pdb	14.626	28.982	0	22.582
swarm_33_189.pdb	9.562	14.343	0	22.528
swarm_30_57.pdb	15.850	35.920	0	22.498
swarm_51_129.pdb	13.233	38.200	0.025641	22.430
swarm_53_41.pdb	15.586	36.668	0	22.407
swarm_50_32.pdb	12.867	28.206	0	22.389
swarm_38_44.pdb	11.538	20.199	0	22.365
swarm_53_146.pdb	10.600	30.083	0	22.282
swarm_22_2.pdb	11.554	32.479	0.0769231	22.271
swarm_24_100.pdb	11.428	26.073	0.0512821	22.066
swarm_1_12.pdb	10.163	23.602	0.128205	22.015
swarm_2_31.pdb	12.318	27.059	0	21.930
swarm_4_65.pdb	15.662	26.458	0.0512821	21.920
swarm_54_31.pdb	14.477	35.814	0	21.919
swarm_5_98.pdb	7.406	25.531	0	21.904
swarm_35_188.pdb	9.740	29.260	0.0769231	21.903
swarm_46_166.pdb	14.587	35.888	0	21.900
swarm_43_6.pdb	15.644	30.345	0	21.814
swarm_10_59.pdb	9.650	25.737	0.0512821	21.786
swarm_7_38.pdb	13.170	37.265	0	21.776
swarm_38_67.pdb	8.159	20.029	0.025641	21.732
swarm_53_34.pdb	12.314	40.375	0.128205	21.564
swarm_16_62.pdb	10.796	15.481	0	21.482
swarm_11_157.pdb	8.822	32.572	0.025641	21.383
swarm_1_101.pdb	16.324	27.004	0	21.254
swarm_24_186.pdb	10.164	23.397	0.102564	21.190
swarm_54_108.pdb	9.759	40.296	0	21.128
swarm_29_61.pdb	8.520	41.345	0	21.088
swarm_22_187.pdb	14.672	29.234	0	21.047
swarm_19_70.pdb	11.841	34.898	0	21.028
swarm_38_71.pdb	14.188	29.856	0	20.975
swarm_34_41.pdb	17.255	34.436	0	20.967
swarm_41_71.pdb	8.288	33.940	0	20.861
swarm_1_91.pdb	15.966	27.529	0.0512821	20.852
swarm_33_146.pdb	12.863	23.156	0	20.740
swarm_48_1.pdb	14.483	27.504	0	20.723
swarm_6_133.pdb	10.680	25.993	0	20.661
swarm_44_170.pdb	7.546	14.157	0	20.642
swarm_51_164.pdb	18.925	42.690	0	20.572
swarm_13_126.pdb	10.012	32.061	0.25641	20.494
swarm_40_47.pdb	13.846	36.000	0.128205	20.378
swarm_40_179.pdb	10.266	34.308	0	20.301
swarm_27_5.pdb	9.484	27.249	0	20.264
swarm_9_85.pdb	13.595	29.014	0	20.244
swarm_31_186.pdb	8.771	34.272	0	19.995
swarm_57_21.pdb	16.383	30.258	0	19.900
swarm_17_160.pdb	8.832	30.706	0	19.802
swarm_57_133.pdb	13.152	36.180	0	19.767
swarm_17_158.pdb	9.793	37.964	0	19.765
swarm_33_34.pdb	12.480	19.914	0	19.626
swarm_16_75.pdb	10.694	23.481	0.179487	19.590
swarm_39_121.pdb	11.061	36.137	0.0769231	19.554
swarm_25_150.pdb	8.042	29.065	0.025641	19.477
swarm_54_184.pdb	12.999	37.803	0	19.428
swarm_46_39.pdb	12.754	24.706	0	19.343
swarm_50_106.pdb	17.169	27.719	0	19.334
swarm_45_26.pdb	13.065	31.629	0.102564	19.265
swarm_13_16.pdb	7.658	31.026	0.128205	19.248
swarm_32_83.pdb	5.686	15.441	0.102564	19.124
swarm_11_190.pdb	15.279	33.310	0	19.121
swarm_46_83.pdb	7.946	18.332	0	19.116
swarm_37_24.pdb	11.069	29.435	0.0512821	19.082
swarm_53_115.pdb	13.248	33.889	0.0512821	18.897
swarm_6_76.pdb	9.147	30.627	0	18.810
swarm_39_23.pdb	12.021	36.673	0	18.794
swarm_6_140.pdb	9.864	33.292	0	18.777
swarm_4_44.pdb	12.860	26.097	0.0769231	18.766
swarm_21_117.pdb	14.048	34.066	0	18.628
swarm_53_125.pdb	8.279	31.550	0.025641	18.627
swarm_24_43.pdb	17.725	28.658	0	18.592
swarm_17_153.pdb	11.250	37.417	0.025641	18.549
swarm_51_36.pdb	15.804	35.286	0	18.513
swarm_10_9.pdb	7.751	28.393	0	18.418
swarm_10_82.pdb	10.275	25.372	0	18.407
swarm_4_83.pdb	9.857	25.739	0.102564	18.276
swarm_19_13.pdb	12.256	32.484	0	18.086
swarm_15_105.pdb	15.187	26.122	0.102564	18.047
swarm_25_18.pdb	10.010	31.675	0	17.988
swarm_51_19.pdb	18.008	39.088	0	17.946
swarm_7_194.pdb	13.708	42.851	0	17.838
swarm_30_146.pdb	12.427	44.842	0	17.792
swarm_27_194.pdb	12.515	35.796	0	17.780
swarm_43_184.pdb	10.247	14.583	0	17.729
swarm_38_61.pdb	8.879	20.441	0	17.710
swarm_18_86.pdb	9.178	30.328	0	17.708
swarm_11_65.pdb	10.397	30.002	0	17.653
swarm_49_184.pdb	5.283	18.732	0.205128	17.636
swarm_0_99.pdb	5.972	18.918	0.0769231	17.536
swarm_43_148.pdb	8.328	18.082	0	17.522
swarm_18_131.pdb	12.480	44.337	0.0512821	17.475
swarm_28_142.pdb	13.742	36.826	0	17.441
swarm_25_156.pdb	10.534	28.843	0.0512821	17.204
swarm_21_2.pdb	11.677	29.672	0.179487	17.175
swarm_45_89.pdb	9.646	26.301	0	17.145
swarm_55_9.pdb	13.585	29.432	0	17.108
swarm_35_50.pdb	3.730	11.551	0.205128	17.061
swarm_6_14.pdb	13.764	34.139	0	16.991
swarm_16_37.pdb	4.601	10.721	0.102564	16.972
swarm_15_80.pdb	10.646	25.088	0.128205	16.880
swarm_28_124.pdb	14.984	37.085	0	16.814
swarm_15_96.pdb	4.601	17.094	0.230769	16.738
swarm_26_72.pdb	18.542	42.675	0	16.715
swarm_24_98.pdb	14.927	26.220	0	16.686
swarm_10_198.pdb	9.932	28.095	0	16.664
swarm_30_136.pdb	17.473	43.213	0	16.587
swarm_32_15.pdb	15.462	29.364	0	16.519
swarm_25_95.pdb	12.737	30.110	0	16.488
swarm_42_22.pdb	12.293	29.282	0	16.417
swarm_39_77.pdb	17.903	32.929	0	16.395
swarm_41_21.pdb	10.738	34.617	0	16.368
swarm_40_40.pdb	8.319	31.883	0.128205	16.348
swarm_16_86.pdb	14.952	26.405	0.025641	16.301
swarm_37_9.pdb	9.050	28.341	0.025641	16.213
swarm_21_45.pdb	10.985	22.080	0	16.036
swarm_24_94.pdb	12.595	25.012	0.0512821	15.968
swarm_45_102.pdb	15.845	32.340	0	15.937
swarm_21_62.pdb	16.113	28.362	0	15.791
swarm_16_104.pdb	11.688	26.464	0.025641	15.752
swarm_16_135.pdb	7.071	18.766	0.128205	15.736
swarm_28_187.pdb	13.946	34.929	0	15.639
swarm_6_81.pdb	13.941	32.515	0	15.505
swarm_42_59.pdb	17.700	32.542	0	15.390
swarm_15_191.pdb	14.245	23.897	0	15.371
swarm_55_70.pdb	11.603	31.122	0.153846	15.365
swarm_3_178.pdb	14.991	39.686	0	15.343
swarm_32_135.pdb	14.504	23.485	0	15.330
swarm_0_109.pdb	11.009	25.091	0.025641	15.298
swarm_1_21.pdb	5.728	17.311	0.025641	15.294
swarm_7_184.pdb	6.028	18.711	0	15.290
swarm_0_148.pdb	10.900	24.161	0	15.249
swarm_46_18.pdb	7.155	25.290	0	15.231
swarm_10_40.pdb	13.851	31.087	0	15.210
swarm_12_49.pdb	8.721	28.212	0.025641	15.186
swarm_17_171.pdb	13.145	37.433	0	15.083
swarm_45_4.pdb	5.446	22.257	0.179487	15.082
swarm_55_145.pdb	10.956	31.932	0.0512821	15.023
swarm_6_90.pdb	10.315	32.302	0	14.881
swarm_6_135.pdb	11.798	36.258	0	14.865
swarm_57_9.pdb	13.734	25.807	0	14.831
swarm_19_39.pdb	17.293	38.671	0	14.827
swarm_23_127.pdb	9.901	30.354	0	14.506
swarm_32_47.pdb	6.780	19.457	0.102564	14.452
swarm_39_187.pdb	14.025	36.834	0	14.367
swarm_48_133.pdb	11.805	30.798	0.025641	14.339
swarm_32_26.pdb	14.287	23.612	0	14.337
swarm_38_174.pdb	8.729	15.069	0	14.266
swarm_9_156.pdb	12.496	27.987	0	14.252
swarm_28_64.pdb	9.656	28.739	0.102564	14.251
swarm_33_107.pdb	12.049	30.308	0	14.216
swarm_2_105.pdb	13.203	39.994	0	13.996
swarm_35_113.pdb	11.852	27.021	0.0512821	13.978
swarm_12_162.pdb	11.021	25.118	0.0769231	13.971
swarm_16_105.pdb	7.239	14.940	0.025641	13.967
swarm_35_128.pdb	3.774	14.344	0.333333	13.964
swarm_45_1.pdb	15.538	35.069	0	13.848
swarm_12_59.pdb	10.733	28.854	0.0512821	13.808
swarm_1_59.pdb	12.220	26.361	0	13.756
swarm_7_96.pdb	17.258	37.051	0	13.704
swarm_47_76.pdb	7.473	29.023	0	13.695
swarm_27_183.pdb	8.590	33.492	0.0512821	13.620
swarm_21_25.pdb	11.466	24.667	0.205128	13.312
swarm_5_32.pdb	7.710	19.673	0	13.085
swarm_1_89.pdb	13.777	19.924	0	13.080
swarm_57_33.pdb	16.900	33.256	0	13.053
swarm_33_181.pdb	14.117	24.389	0	13.040
swarm_21_186.pdb	9.792	24.558	0.205128	12.933
swarm_54_81.pdb	15.081	38.038	0	12.821
swarm_1_1.pdb	15.720	24.215	0	12.801
swarm_42_145.pdb	10.065	24.992	0	12.709
swarm_51_51.pdb	15.400	41.980	0	12.616
swarm_23_173.pdb	11.424	28.746	0	12.488
swarm_0_171.pdb	12.598	27.933	0.0769231	12.437
swarm_8_20.pdb	13.489	34.906	0.0769231	12.357
swarm_45_94.pdb	16.372	32.405	0.025641	12.206
swarm_14_187.pdb	11.734	39.406	0	12.030
swarm_19_61.pdb	12.314	38.400	0	12.001
swarm_40_190.pdb	16.393	36.445	0	11.999
swarm_39_0.pdb	8.272	31.489	0	11.670
swarm_1_164.pdb	8.544	25.741	0.153846	11.665
swarm_45_105.pdb	17.563	39.163	0	11.513
swarm_54_89.pdb	15.385	37.661	0	11.402
swarm_0_192.pdb	7.605	18.641	0.0512821	11.243
swarm_14_30.pdb	11.332	43.973	0.0512821	11.100
swarm_23_133.pdb	14.320	32.627	0	11.015
swarm_46_188.pdb	10.328	23.236	0	10.871
swarm_2_77.pdb	9.946	29.827	0.025641	10.697
swarm_24_194.pdb	6.255	17.080	0.128205	10.593
swarm_45_15.pdb	10.837	30.488	0	10.574
swarm_55_37.pdb	12.729	28.853	0	10.456
swarm_12_133.pdb	13.114	24.513	0.025641	9.612
swarm_0_86.pdb	13.407	22.947	0	9.550
swarm_33_68.pdb	16.323	24.865	0	9.414
swarm_40_108.pdb	14.891	39.122	0	9.315
swarm_37_101.pdb	12.773	30.926	0	9.274
swarm_29_112.pdb	13.593	35.974	0	9.237
swarm_52_199.pdb	15.466	43.633	0	9.228
swarm_19_85.pdb	14.460	38.184	0	8.531
swarm_35_185.pdb	8.606	14.663	0	8.501
swarm_19_18.pdb	16.020	40.256	0	8.029
swarm_0_28.pdb	14.965	23.940	0	7.414
swarm_45_13.pdb	9.190	18.330	0	6.706
swarm_16_185.pdb	14.176	25.714	0.025641	6.415
swarm_15_72.pdb	12.856	26.360	0	6.316
swarm_0_79.pdb	12.543	25.476	0.025641	5.892
swarm_12_45.pdb	11.644	29.863	0.102564	5.668
swarm_1_8.pdb	9.546	19.907	0.0512821	4.900
swarm_4_113.pdb	10.213	24.972	0.307692	4.831
swarm_55_174.pdb	13.169	27.168	0.025641	3.915
swarm_47_14.pdb	10.567	28.546	0.230769	3.472
swarm_12_171.pdb	11.941	29.467	0	3.424
swarm_10_0.pdb	7.366	28.864	0.230769	2.616
swarm_30_121.pdb	14.722	44.053	0	2.207
swarm_39_19.pdb	6.894	33.116	0.25641	2.102
swarm_19_134.pdb	12.511	36.033	0	1.661
swarm_17_65.pdb	10.540	35.465	0	1.458
swarm_45_39.pdb	15.509	31.713	0	1.294
swarm_48_55.pdb	12.804	26.100	0.0512821	0.738
swarm_52_189.pdb	11.490	35.649	0	0.688
swarm_4_175.pdb	12.560	29.948	0	0.555
swarm_0_127.pdb	14.413	23.927	0	0.464
