swarm_185_95.pdb	23.553	63.776	0	25.081
swarm_172_153.pdb	14.794	31.009	0.0434783	22.912
swarm_71_13.pdb	5.220	14.232	0.152174	22.870
swarm_141_175.pdb	7.940	14.590	0.0217391	22.747
swarm_260_62.pdb	7.547	23.145	0.0434783	22.192
swarm_291_143.pdb	11.469	26.176	0	22.065
swarm_320_186.pdb	10.320	22.544	0	21.569
swarm_10_81.pdb	22.294	70.285	0	21.536
swarm_271_71.pdb	7.726	14.280	0.0434783	21.489
swarm_291_66.pdb	8.986	24.726	0	21.339
swarm_261_89.pdb	8.254	24.876	0.0217391	21.177
swarm_327_42.pdb	8.410	15.168	0.0217391	21.122
swarm_245_175.pdb	23.520	67.443	0	21.090
swarm_293_101.pdb	10.214	17.580	0.0217391	20.907
swarm_319_187.pdb	11.040	21.760	0.0434783	20.900
swarm_220_155.pdb	11.405	20.323	0.108696	20.750
swarm_326_102.pdb	6.807	12.805	0	20.622
swarm_315_192.pdb	7.497	20.477	0.0217391	20.519
swarm_263_104.pdb	10.343	21.448	0.0434783	20.468
swarm_302_17.pdb	9.825	20.510	0	20.318
swarm_242_102.pdb	9.443	16.335	0	20.174
swarm_288_2.pdb	11.371	28.885	0	20.128
swarm_291_2.pdb	12.109	24.007	0	20.126
swarm_296_67.pdb	10.073	17.627	0.0217391	20.000
swarm_278_137.pdb	14.037	34.474	0.0652174	19.900
swarm_327_159.pdb	11.069	18.837	0.0652174	19.678
swarm_293_32.pdb	10.405	21.955	0.0217391	19.504
swarm_291_131.pdb	6.519	15.963	0.0434783	19.229
swarm_302_62.pdb	7.114	13.368	0	19.217
swarm_278_107.pdb	14.169	29.347	0.0869565	19.049
swarm_294_7.pdb	7.759	15.631	0.0434783	18.968
swarm_249_188.pdb	9.534	21.233	0	18.959
swarm_249_11.pdb	13.459	27.318	0.0652174	18.959
swarm_326_125.pdb	10.761	20.268	0.0217391	18.952
swarm_242_60.pdb	10.495	19.556	0.0869565	18.930
swarm_320_15.pdb	7.104	20.500	0	18.903
swarm_326_148.pdb	5.318	11.798	0.0869565	18.809
swarm_170_24.pdb	12.781	27.573	0.0217391	18.785
swarm_264_188.pdb	10.818	19.631	0	18.770
swarm_294_18.pdb	9.111	19.904	0	18.730
swarm_215_70.pdb	8.964	18.758	0	18.619
swarm_264_126.pdb	8.790	14.529	0	18.581
swarm_294_127.pdb	2.847	6.024	0.282609	18.562
swarm_141_88.pdb	8.451	20.504	0	18.560
swarm_270_98.pdb	11.571	23.365	0	18.553
swarm_327_128.pdb	5.966	11.720	0	18.358
swarm_319_114.pdb	10.586	19.227	0.0434783	18.293
swarm_294_113.pdb	8.216	15.046	0.0434783	18.234
swarm_247_134.pdb	10.212	17.143	0.0217391	18.192
swarm_214_2.pdb	9.189	19.008	0	18.089
swarm_271_17.pdb	11.142	18.695	0	18.061
swarm_175_43.pdb	12.483	38.393	0	18.053
swarm_215_189.pdb	9.595	17.612	0.0652174	18.052
swarm_319_77.pdb	12.917	25.809	0.0217391	18.015
swarm_244_8.pdb	13.037	28.838	0.0217391	17.965
swarm_172_115.pdb	9.167	18.623	0	17.941
swarm_293_198.pdb	8.532	15.290	0	17.856
swarm_295_199.pdb	11.293	20.539	0.0434783	17.853
swarm_375_18.pdb	24.955	65.059	0	17.787
swarm_263_194.pdb	10.594	19.098	0	17.642
swarm_266_185.pdb	14.779	31.468	0	17.604
swarm_220_64.pdb	11.492	20.685	0.0869565	17.532
swarm_315_123.pdb	10.777	21.008	0	17.393
swarm_242_11.pdb	9.499	16.960	0	17.164
swarm_37_90.pdb	23.691	66.397	0	16.889
swarm_281_104.pdb	13.856	31.582	0.0652174	16.836
swarm_187_105.pdb	9.114	15.503	0	16.811
swarm_302_132.pdb	9.304	18.415	0.0217391	16.793
swarm_232_135.pdb	16.896	46.801	0	16.700
swarm_302_64.pdb	11.498	23.100	0.0217391	16.645
swarm_271_88.pdb	10.601	17.910	0.0217391	16.559
swarm_294_125.pdb	11.732	20.521	0.130435	16.426
swarm_320_140.pdb	11.735	22.154	0	16.349
swarm_273_126.pdb	7.847	21.730	0	16.297
swarm_244_101.pdb	11.157	23.460	0.0217391	16.278
swarm_271_26.pdb	11.461	21.397	0.0217391	16.262
swarm_250_2.pdb	14.381	34.730	0.0217391	16.238
swarm_278_149.pdb	9.970	28.213	0	16.216
swarm_167_168.pdb	15.132	31.480	0.0217391	16.186
swarm_270_168.pdb	10.887	21.349	0	15.837
swarm_23_181.pdb	14.987	31.426	0.108696	15.831
swarm_294_30.pdb	8.575	14.961	0	15.775
swarm_129_180.pdb	22.144	66.560	0	15.724
swarm_327_34.pdb	10.810	18.580	0.0869565	15.722
swarm_141_121.pdb	4.887	9.032	0.108696	15.642
swarm_294_3.pdb	7.857	13.719	0.108696	15.569
swarm_304_180.pdb	9.913	24.368	0	15.552
swarm_204_48.pdb	14.813	44.608	0	15.380
swarm_263_6.pdb	10.000	16.733	0	15.209
swarm_249_28.pdb	6.803	13.560	0.0869565	14.821
swarm_326_58.pdb	10.421	21.859	0.0217391	14.786
swarm_141_33.pdb	9.984	20.899	0.0434783	14.648
swarm_327_84.pdb	8.588	14.408	0	14.354
swarm_249_73.pdb	11.335	21.379	0.108696	14.352
swarm_278_98.pdb	11.914	26.372	0.0652174	14.277
swarm_294_20.pdb	11.377	20.147	0	14.035
swarm_327_152.pdb	10.866	20.691	0.130435	13.910
swarm_71_145.pdb	11.707	21.185	0.0217391	13.832
swarm_214_178.pdb	7.828	14.935	0	13.607
swarm_291_122.pdb	11.967	22.979	0.0217391	13.604
swarm_220_121.pdb	10.642	20.449	0.108696	13.223
swarm_123_80.pdb	11.498	28.055	0	10.909
swarm_214_12.pdb	10.358	19.959	0	10.812
swarm_294_60.pdb	9.505	21.173	0	7.658
swarm_175_25.pdb	15.482	46.335	0	7.487
swarm_71_65.pdb	9.757	24.602	0.0869565	6.481
swarm_319_189.pdb	6.085	20.150	0.282609	4.893
swarm_232_115.pdb	15.594	47.334	0	3.735
swarm_270_48.pdb	10.682	21.025	0.0434783	1.688
swarm_263_101.pdb	8.711	15.760	0.0652174	0.641
