run1-swarm_4_33.pdb	4.714	10.188	0.0652174	37.357
run1-swarm_8_12.pdb	2.513	6.789	0.369565	36.438
run1-swarm_20_191.pdb	8.528	26.622	0	36.305
run1-swarm_39_145.pdb	8.407	25.778	0	36.108
run1-swarm_26_12.pdb	4.303	12.810	0.130435	35.711
run1-swarm_18_97.pdb	8.685	26.487	0.0217391	35.669
run1-swarm_23_184.pdb	8.424	26.542	0.0217391	34.399
run1-swarm_34_42.pdb	3.426	8.738	0.326087	34.370
run1-swarm_3_119.pdb	4.343	13.204	0.23913	34.090
run1-swarm_24_91.pdb	6.111	14.158	0.0869565	33.094
run1-swarm_0_79.pdb	11.484	36.624	0	32.902
run1-swarm_16_17.pdb	5.104	10.191	0.0217391	32.555
run1-swarm_5_118.pdb	8.683	24.731	0.0652174	32.328
run1-swarm_9_36.pdb	4.776	9.612	0.0217391	31.973
run1-swarm_14_144.pdb	6.953	24.702	0.0652174	31.893
run1-swarm_10_63.pdb	6.113	13.673	0	31.602
run1-swarm_25_12.pdb	4.281	12.941	0.23913	31.547
run1-swarm_17_197.pdb	8.501	26.777	0.0217391	31.353
run1-swarm_5_111.pdb	5.897	13.340	0.0217391	31.335
run1-swarm_30_100.pdb	8.293	22.970	0.0652174	30.776
run1-swarm_31_59.pdb	11.863	26.802	0	30.697
run1-swarm_19_130.pdb	8.710	27.933	0.0434783	30.527
run1-swarm_6_88.pdb	10.778	32.774	0	30.364
run1-swarm_21_189.pdb	3.843	11.890	0.217391	30.112
run1-swarm_28_108.pdb	10.558	28.772	0	29.478
run1-swarm_24_55.pdb	10.985	30.129	0	29.463
run1-swarm_32_72.pdb	8.836	24.099	0	29.408
run1-swarm_37_160.pdb	6.253	19.358	0.0217391	29.385
run1-swarm_35_110.pdb	6.915	23.725	0.0652174	29.187
run1-swarm_8_86.pdb	7.100	16.445	0.108696	28.578
run1-swarm_13_190.pdb	3.662	10.307	0.23913	28.537
run1-swarm_31_42.pdb	12.935	34.677	0	28.477
run1-swarm_36_40.pdb	3.071	7.845	0.282609	28.294
run1-swarm_38_11.pdb	6.872	19.306	0.0217391	28.082
run1-swarm_7_34.pdb	9.367	23.617	0.0217391	27.825
run1-swarm_12_76.pdb	6.951	19.515	0.0217391	27.591
run1-swarm_15_83.pdb	10.768	30.349	0	27.479
run1-swarm_29_67.pdb	7.334	21.091	0.0434783	27.266
run1-swarm_1_78.pdb	6.081	16.869	0.108696	26.955
run1-swarm_9_79.pdb	5.490	19.225	0.108696	26.620
run1-swarm_4_197.pdb	7.577	21.167	0.0434783	26.289
run1-swarm_27_144.pdb	6.107	14.859	0.0217391	25.759
run1-swarm_40_59.pdb	8.032	19.758	0.0434783	25.645
run1-swarm_8_184.pdb	8.994	18.366	0.0217391	25.640
run1-swarm_22_130.pdb	8.915	29.115	0	25.377
run1-swarm_27_176.pdb	3.129	6.930	0.391304	25.234
run1-swarm_7_102.pdb	9.165	27.981	0.0217391	24.509
run1-swarm_32_171.pdb	7.200	21.377	0.0434783	24.310
run1-swarm_10_6.pdb	7.966	26.968	0.0434783	24.197
run1-swarm_4_125.pdb	5.347	12.778	0.173913	20.372
run1-swarm_15_76.pdb	8.186	21.182	0.0434783	19.074
run1-swarm_26_31.pdb	2.362	4.842	0.434783	16.375
