swarm_1_170.pdb	8.550	26.153	0	40.219
swarm_16_121.pdb	5.735	16.706	0.0434783	38.207
swarm_18_12.pdb	7.389	25.231	0.0434783	37.320
swarm_13_13.pdb	3.798	10.568	0.217391	34.080
swarm_10_118.pdb	8.778	27.171	0.0217391	33.526
swarm_1_69.pdb	4.364	14.406	0.217391	32.046
swarm_12_67.pdb	6.193	14.307	0.0217391	31.943
swarm_4_153.pdb	2.543	7.065	0.369565	31.919
swarm_22_74.pdb	5.256	15.246	0.0434783	31.788
swarm_2_37.pdb	8.689	24.065	0.0869565	31.492
swarm_20_15.pdb	5.496	10.772	0.0652174	31.160
swarm_15_93.pdb	10.888	30.532	0.0434783	31.036
swarm_6_33.pdb	7.053	17.107	0	30.482
swarm_5_83.pdb	5.788	12.632	0.0217391	30.132
swarm_13_38.pdb	7.898	23.863	0.0434783	29.676
swarm_6_117.pdb	5.578	13.310	0.0217391	28.989
swarm_23_69.pdb	4.878	16.804	0.152174	28.978
swarm_10_90.pdb	11.250	31.422	0.0434783	28.542
swarm_21_185.pdb	8.059	25.114	0.0217391	28.440
swarm_9_132.pdb	6.218	16.234	0.0434783	27.029
swarm_11_153.pdb	6.138	14.357	0.0434783	26.310
swarm_8_19.pdb	11.590	29.960	0.0217391	26.060
swarm_4_73.pdb	4.960	14.600	0.152174	26.050
swarm_12_158.pdb	6.005	11.705	0	25.869
swarm_14_96.pdb	11.770	30.132	0.0217391	25.396
swarm_0_124.pdb	5.491	15.872	0.152174	24.161
swarm_2_79.pdb	11.684	29.936	0.0434783	24.118
swarm_8_116.pdb	12.941	31.890	0	23.808
swarm_5_4.pdb	1.734	3.313	0.282609	23.649
swarm_7_126.pdb	10.762	27.254	0.0217391	23.519
swarm_14_51.pdb	12.991	31.708	0	23.452
swarm_19_77.pdb	11.031	28.442	0.0217391	22.839
swarm_9_166.pdb	5.148	10.276	0.0434783	22.478
swarm_9_140.pdb	5.350	9.309	0	22.048
swarm_17_150.pdb	5.986	13.636	0.0217391	21.337
swarm_17_141.pdb	10.357	24.715	0.0652174	17.871
swarm_11_39.pdb	4.838	9.456	0.0434783	17.375
swarm_17_57.pdb	6.411	14.559	0.173913	17.098
swarm_7_158.pdb	12.407	28.597	0	17.029
swarm_4_106.pdb	6.407	11.410	0	16.254
swarm_12_185.pdb	2.906	7.616	0.282609	14.528
swarm_18_59.pdb	13.298	35.922	0	8.622
