swarm_4_131.pdb	10.488	23.078	0	43.986
swarm_3_26.pdb	9.030	16.575	0.0217391	42.077
swarm_0_159.pdb	11.734	22.827	0	41.251
swarm_9_106.pdb	9.894	19.323	0.0434783	40.380
swarm_9_197.pdb	8.722	14.968	0	40.365
swarm_5_125.pdb	9.928	18.108	0	39.965
swarm_0_53.pdb	9.364	19.331	0.0217391	39.953
swarm_1_6.pdb	10.607	23.301	0	39.555
swarm_2_119.pdb	11.128	22.532	0	39.413
swarm_8_59.pdb	12.010	24.460	0.0217391	39.196
swarm_3_105.pdb	6.616	13.249	0.0434783	38.501
swarm_9_45.pdb	10.382	18.184	0.0217391	37.930
swarm_4_161.pdb	10.033	18.713	0	37.770
swarm_7_177.pdb	9.219	18.666	0	37.428
swarm_6_128.pdb	11.204	20.764	0	37.368
swarm_1_50.pdb	5.645	9.873	0	37.008
swarm_8_185.pdb	8.743	21.245	0	36.615
swarm_7_86.pdb	10.698	20.605	0.0217391	36.397
swarm_9_31.pdb	2.360	4.281	0.23913	36.309
swarm_1_60.pdb	11.461	21.864	0.0652174	34.489
swarm_1_55.pdb	10.840	21.028	0	34.399
swarm_8_104.pdb	11.506	29.009	0	33.949
swarm_3_197.pdb	10.470	18.946	0.0652174	33.303
swarm_1_25.pdb	11.467	24.720	0	33.204
swarm_6_178.pdb	9.829	17.633	0	33.107
swarm_7_16.pdb	11.179	20.913	0.0434783	33.007
swarm_6_140.pdb	9.223	17.344	0	32.821
swarm_4_66.pdb	11.055	21.391	0	32.810
swarm_0_196.pdb	10.990	25.312	0	32.692
swarm_8_150.pdb	8.902	19.816	0	32.237
swarm_2_57.pdb	11.640	26.751	0.0217391	31.945
swarm_3_88.pdb	9.434	17.653	0	31.542
swarm_0_59.pdb	4.599	9.602	0.152174	31.422
swarm_3_144.pdb	9.301	19.270	0.0434783	31.359
swarm_9_49.pdb	9.588	18.601	0.0434783	31.317
swarm_5_4.pdb	8.250	15.415	0.108696	31.299
swarm_2_64.pdb	12.638	26.479	0	31.062
swarm_7_5.pdb	12.292	26.188	0.0652174	30.301
swarm_7_4.pdb	9.993	25.871	0	30.153
swarm_4_135.pdb	11.105	20.392	0.0434783	29.786
swarm_5_49.pdb	5.449	10.177	0.0434783	29.733
swarm_5_167.pdb	7.240	13.661	0.0217391	29.511
swarm_7_57.pdb	11.092	23.231	0	29.255
swarm_6_47.pdb	10.600	21.478	0.0652174	29.248
swarm_3_131.pdb	5.710	11.839	0.0217391	28.599
swarm_3_87.pdb	10.389	20.552	0	28.546
swarm_3_82.pdb	9.272	17.382	0.108696	28.281
swarm_7_119.pdb	11.468	22.099	0	28.187
swarm_7_150.pdb	8.947	18.670	0	28.133
swarm_4_49.pdb	9.858	21.884	0.108696	27.913
swarm_1_170.pdb	10.425	22.570	0	27.444
swarm_4_74.pdb	6.792	14.129	0	27.252
swarm_4_14.pdb	10.224	18.016	0	26.523
swarm_8_134.pdb	8.595	25.788	0.152174	26.437
swarm_6_130.pdb	6.421	15.151	0.108696	26.318
swarm_0_84.pdb	9.848	17.668	0	26.193
swarm_5_39.pdb	10.498	19.757	0.0217391	25.346
swarm_6_134.pdb	9.072	15.718	0	25.201
swarm_9_5.pdb	9.875	19.753	0.0217391	24.041
swarm_8_197.pdb	9.220	19.005	0.0652174	23.216
swarm_1_188.pdb	10.696	20.849	0.0434783	23.197
swarm_1_134.pdb	7.765	14.821	0.0869565	22.997
swarm_5_62.pdb	8.685	20.415	0.0869565	22.682
swarm_1_195.pdb	11.819	21.389	0.0217391	22.215
swarm_4_177.pdb	7.799	15.478	0.0434783	21.892
swarm_6_179.pdb	10.332	19.743	0	20.214
swarm_8_57.pdb	5.498	17.187	0.0434783	19.065
swarm_0_181.pdb	9.523	19.731	0	18.295
swarm_2_33.pdb	11.743	28.071	0	8.809
