swarm_14_171.pdb	2.126	5.613	0.456522	50.076
swarm_23_20.pdb	2.206	6.639	0.456522	47.525
swarm_6_117.pdb	1.984	5.097	0.434783	45.302
swarm_20_96.pdb	3.691	11.993	0.347826	44.093
swarm_27_101.pdb	6.536	19.244	0.0652174	43.629
swarm_22_9.pdb	2.294	5.624	0.413043	42.134
swarm_19_91.pdb	6.747	21.447	0.0652174	42.017
swarm_28_131.pdb	2.075	4.557	0.413043	41.440
swarm_30_34.pdb	6.644	17.876	0.0217391	40.005
swarm_6_98.pdb	5.994	12.716	0.108696	38.561
swarm_11_167.pdb	1.446	2.781	0.413043	38.525
swarm_20_167.pdb	3.504	8.666	0.369565	37.113
swarm_29_111.pdb	6.907	20.044	0.0652174	36.171
swarm_26_33.pdb	8.075	25.528	0.152174	36.100
swarm_22_10.pdb	6.190	14.986	0	36.099
swarm_16_43.pdb	3.639	11.777	0.217391	35.521
swarm_15_149.pdb	8.418	27.664	0	35.154
swarm_20_150.pdb	6.899	13.959	0.0217391	35.025
swarm_10_75.pdb	2.330	4.112	0.282609	34.586
swarm_19_134.pdb	4.065	9.656	0.23913	34.216
swarm_9_58.pdb	6.963	22.956	0.0652174	33.339
swarm_7_49.pdb	2.789	6.466	0.413043	33.295
swarm_32_37.pdb	5.585	16.168	0.0869565	33.125
swarm_4_2.pdb	7.097	21.287	0.108696	32.878
swarm_24_15.pdb	4.898	17.267	0.195652	32.771
swarm_33_8.pdb	4.075	11.412	0.173913	32.749
swarm_3_22.pdb	6.610	19.326	0.173913	32.016
swarm_31_195.pdb	6.048	17.173	0.108696	31.815
swarm_12_163.pdb	7.605	25.807	0.0434783	30.928
swarm_0_164.pdb	7.180	17.384	0.0217391	30.840
swarm_8_177.pdb	5.287	17.702	0.0869565	30.838
swarm_27_111.pdb	3.791	9.152	0.26087	29.971
swarm_1_152.pdb	6.915	15.669	0	29.859
swarm_7_36.pdb	6.893	16.128	0.0217391	29.855
swarm_14_175.pdb	6.208	14.220	0.0652174	29.225
swarm_3_99.pdb	2.396	4.923	0.26087	29.138
swarm_30_89.pdb	8.017	25.563	0.0217391	28.948
swarm_28_7.pdb	6.945	15.836	0	28.762
swarm_32_7.pdb	7.122	13.879	0.0217391	28.446
swarm_7_157.pdb	5.951	15.245	0.0217391	28.424
swarm_4_156.pdb	7.736	21.484	0.130435	28.340
swarm_20_193.pdb	5.540	10.652	0.0869565	28.272
swarm_5_108.pdb	6.800	20.980	0.0652174	27.718
swarm_21_175.pdb	7.104	13.910	0.0217391	27.711
swarm_12_143.pdb	7.772	17.586	0.0869565	27.492
swarm_10_51.pdb	5.286	15.354	0.0434783	26.908
swarm_17_168.pdb	8.726	25.429	0	26.857
swarm_1_16.pdb	6.622	14.795	0.0217391	26.648
swarm_2_14.pdb	5.405	12.453	0.173913	26.576
swarm_18_186.pdb	6.708	22.798	0.0434783	26.338
swarm_21_193.pdb	4.185	9.856	0.108696	26.191
swarm_3_173.pdb	7.830	17.203	0.0434783	25.588
swarm_23_98.pdb	5.421	15.948	0.0869565	25.422
swarm_11_98.pdb	5.688	13.788	0.0652174	25.132
swarm_2_83.pdb	7.882	20.067	0	24.681
swarm_29_123.pdb	10.354	33.124	0.0217391	24.673
swarm_22_83.pdb	6.648	17.051	0.0434783	24.551
swarm_24_70.pdb	6.379	17.126	0	24.533
swarm_25_41.pdb	6.792	18.119	0.0434783	24.298
swarm_6_191.pdb	3.684	11.832	0.23913	24.248
swarm_13_105.pdb	6.517	18.015	0.0652174	24.115
swarm_21_146.pdb	8.168	20.617	0	24.086
swarm_1_137.pdb	6.344	22.719	0.23913	24.083
swarm_16_59.pdb	6.547	18.020	0.108696	23.756
swarm_14_60.pdb	5.442	10.677	0	23.559
swarm_26_140.pdb	8.986	24.325	0.0217391	23.287
swarm_0_38.pdb	8.887	18.130	0	22.186
swarm_3_35.pdb	8.462	20.999	0.0652174	21.870
swarm_16_145.pdb	6.672	12.723	0	21.806
swarm_21_126.pdb	7.716	16.203	0	20.975
swarm_29_91.pdb	11.755	33.818	0	20.598
swarm_8_77.pdb	8.594	23.948	0	19.446
swarm_22_167.pdb	7.078	14.608	0	19.257
swarm_32_42.pdb	8.683	19.414	0	17.878
swarm_26_139.pdb	11.043	29.282	0	13.236
swarm_10_196.pdb	6.940	12.495	0	12.983
swarm_6_53.pdb	8.571	13.655	0	12.020
swarm_15_1.pdb	9.130	21.860	0	12.020
swarm_3_139.pdb	6.162	12.741	0.0217391	8.138
