swarm_28_42.pdb	12.421	33.550	0	32.384
swarm_14_145.pdb	11.410	32.741	0	29.320
swarm_19_144.pdb	6.150	16.811	0.0217391	28.646
swarm_28_185.pdb	9.694	18.535	0.0434783	28.584
swarm_41_171.pdb	12.576	27.915	0	28.403
swarm_9_182.pdb	11.403	25.791	0	28.207
swarm_16_14.pdb	14.622	34.106	0	28.155
swarm_8_82.pdb	12.599	24.230	0	28.009
swarm_14_25.pdb	13.100	29.725	0.0217391	27.668
swarm_18_124.pdb	11.478	26.971	0	27.595
swarm_27_42.pdb	10.719	29.745	0.0217391	27.500
swarm_5_15.pdb	6.150	20.440	0.0652174	26.870
swarm_16_37.pdb	10.563	23.233	0.0217391	26.827
swarm_16_136.pdb	11.185	22.333	0.0652174	26.781
swarm_29_145.pdb	10.598	23.973	0	26.756
swarm_26_31.pdb	10.964	26.764	0.108696	26.288
swarm_29_56.pdb	12.196	23.832	0	26.111
swarm_6_16.pdb	11.103	33.900	0	26.067
swarm_8_124.pdb	12.449	29.434	0	26.040
swarm_19_44.pdb	13.172	28.462	0	25.797
swarm_22_178.pdb	14.027	31.544	0.0434783	25.738
swarm_1_78.pdb	10.224	19.961	0.0217391	25.591
swarm_38_160.pdb	10.678	32.171	0.0217391	25.548
swarm_12_86.pdb	9.834	20.765	0.0434783	25.505
swarm_5_178.pdb	10.129	20.027	0.0217391	25.502
swarm_39_84.pdb	14.346	27.995	0	25.281
swarm_28_158.pdb	9.705	29.106	0	25.145
swarm_18_139.pdb	13.196	31.652	0	25.044
swarm_9_125.pdb	7.376	17.859	0.0869565	25.028
swarm_5_91.pdb	11.989	27.845	0	25.002
swarm_17_34.pdb	10.182	19.659	0.0217391	24.778
swarm_0_23.pdb	10.341	21.323	0.0652174	24.700
swarm_28_8.pdb	8.626	16.985	0	24.694
swarm_32_70.pdb	10.576	31.415	0.0217391	24.579
swarm_29_82.pdb	6.460	23.166	0.0434783	24.571
swarm_9_57.pdb	8.301	23.902	0	24.570
swarm_34_141.pdb	9.513	17.885	0	24.472
swarm_7_101.pdb	16.058	36.451	0	24.297
swarm_18_197.pdb	10.568	23.954	0	24.289
swarm_45_103.pdb	11.800	26.808	0	24.193
swarm_28_119.pdb	6.007	21.967	0.108696	23.948
swarm_14_89.pdb	10.569	22.746	0	23.812
swarm_26_112.pdb	12.727	38.501	0	23.755
swarm_38_115.pdb	12.036	31.780	0	23.741
swarm_21_146.pdb	8.451	14.732	0	23.612
swarm_17_197.pdb	9.249	20.164	0	23.606
swarm_30_59.pdb	7.113	20.653	0.0652174	23.595
swarm_31_156.pdb	12.655	36.715	0.0217391	23.578
swarm_6_138.pdb	11.061	23.743	0	23.455
swarm_4_175.pdb	11.350	24.586	0	23.273
swarm_8_88.pdb	9.961	26.502	0	23.211
swarm_29_111.pdb	9.521	25.354	0.0217391	23.188
swarm_32_199.pdb	16.699	37.189	0	23.136
swarm_31_158.pdb	16.379	36.889	0	22.963
swarm_28_135.pdb	11.397	22.876	0.0434783	22.913
swarm_14_99.pdb	7.533	13.090	0	22.831
swarm_27_162.pdb	11.789	26.567	0	22.823
swarm_38_192.pdb	9.739	30.846	0	22.790
swarm_28_61.pdb	10.161	20.193	0	22.771
swarm_12_60.pdb	13.845	31.131	0.0434783	22.741
swarm_18_91.pdb	12.236	22.956	0	22.648
swarm_15_15.pdb	12.332	28.674	0	22.588
swarm_30_179.pdb	11.084	27.234	0.0217391	22.542
swarm_9_21.pdb	11.017	24.222	0.0217391	22.508
swarm_1_156.pdb	13.155	30.195	0	22.440
swarm_31_114.pdb	15.647	36.488	0	22.439
swarm_26_192.pdb	13.891	28.489	0	22.433
swarm_31_153.pdb	14.444	40.351	0	22.299
swarm_26_124.pdb	13.817	31.406	0	22.192
swarm_5_13.pdb	8.360	16.788	0	22.059
swarm_28_40.pdb	12.464	28.594	0	22.054
swarm_27_185.pdb	11.780	26.681	0	22.030
swarm_9_171.pdb	8.764	15.803	0	21.989
swarm_4_37.pdb	9.780	18.010	0	21.922
swarm_18_75.pdb	11.007	27.862	0	21.851
swarm_15_147.pdb	13.196	28.878	0	21.740
swarm_18_113.pdb	11.560	22.329	0	21.721
swarm_24_56.pdb	13.259	28.331	0.0217391	21.709
swarm_3_32.pdb	9.947	19.070	0	21.700
swarm_31_44.pdb	15.972	31.313	0	21.580
swarm_12_147.pdb	8.736	20.299	0	21.555
swarm_4_97.pdb	9.668	18.898	0.0217391	21.437
swarm_37_66.pdb	9.958	23.546	0	21.372
swarm_27_75.pdb	8.919	15.353	0.0217391	21.366
swarm_17_52.pdb	8.918	20.014	0	21.269
swarm_29_136.pdb	10.683	23.319	0	21.253
swarm_27_33.pdb	12.355	27.068	0	21.239
swarm_17_177.pdb	11.036	22.907	0	21.238
swarm_0_103.pdb	11.101	22.012	0	21.184
swarm_6_26.pdb	8.337	19.865	0	21.085
swarm_29_130.pdb	9.179	16.383	0	21.004
swarm_20_104.pdb	7.614	14.380	0.0434783	20.994
swarm_29_26.pdb	9.340	23.317	0	20.913
swarm_6_78.pdb	12.114	31.749	0	20.898
swarm_33_125.pdb	15.232	37.060	0	20.866
swarm_27_101.pdb	10.472	19.467	0	20.800
swarm_34_121.pdb	12.738	38.378	0	20.775
swarm_41_141.pdb	10.008	24.009	0.0434783	20.773
swarm_10_161.pdb	11.738	23.586	0.0869565	20.749
swarm_40_112.pdb	11.584	25.342	0	20.733
swarm_20_175.pdb	10.099	19.647	0.0217391	20.673
swarm_15_56.pdb	20.551	48.797	0	20.630
swarm_34_70.pdb	7.738	16.164	0	20.555
swarm_23_88.pdb	5.711	10.587	0.152174	20.553
swarm_12_37.pdb	10.603	25.243	0.0652174	20.520
swarm_27_160.pdb	6.759	20.924	0.0434783	20.506
swarm_41_175.pdb	10.269	24.430	0	20.487
swarm_0_180.pdb	7.914	17.044	0	20.342
swarm_14_112.pdb	10.577	21.725	0	20.328
swarm_41_101.pdb	10.778	22.354	0	20.191
swarm_39_73.pdb	13.370	29.600	0	20.028
swarm_9_9.pdb	9.631	17.923	0.0434783	19.998
swarm_14_152.pdb	9.914	35.381	0	19.912
swarm_40_15.pdb	5.501	18.899	0.0652174	19.868
swarm_17_111.pdb	9.125	19.313	0	19.837
swarm_32_64.pdb	11.958	23.297	0	19.815
swarm_16_28.pdb	9.884	18.627	0	19.787
swarm_29_181.pdb	10.846	21.661	0.0217391	19.777
swarm_5_66.pdb	12.773	28.151	0	19.721
swarm_30_197.pdb	8.002	16.905	0	19.610
swarm_8_17.pdb	12.487	26.762	0.108696	19.463
swarm_45_142.pdb	11.220	31.556	0	19.417
swarm_4_160.pdb	9.711	23.431	0	19.393
swarm_34_137.pdb	12.476	33.378	0	19.352
swarm_5_23.pdb	11.705	24.798	0	19.193
swarm_31_102.pdb	13.794	31.614	0	19.128
swarm_9_22.pdb	11.347	30.370	0	19.122
swarm_28_196.pdb	9.075	17.676	0	19.076
swarm_19_42.pdb	10.894	27.894	0	19.069
swarm_17_6.pdb	6.017	15.907	0.0652174	18.999
swarm_45_158.pdb	12.209	26.768	0	18.994
swarm_32_23.pdb	11.660	25.774	0	18.958
swarm_20_177.pdb	8.625	14.939	0	18.902
swarm_39_191.pdb	15.604	32.232	0	18.748
swarm_35_62.pdb	12.414	21.951	0	18.731
swarm_32_69.pdb	8.961	24.492	0.195652	18.647
swarm_17_1.pdb	12.925	29.792	0	18.623
swarm_14_115.pdb	10.251	28.382	0	18.614
swarm_6_139.pdb	10.537	24.179	0	18.557
swarm_1_135.pdb	11.078	26.433	0	18.497
swarm_12_76.pdb	12.067	26.652	0.0434783	18.471
swarm_27_131.pdb	12.005	28.859	0	18.351
swarm_11_20.pdb	12.880	27.742	0	18.248
swarm_17_37.pdb	10.162	18.963	0.0869565	18.207
swarm_26_104.pdb	11.889	32.425	0	18.083
swarm_16_187.pdb	13.813	31.337	0	18.015
swarm_27_50.pdb	10.586	21.308	0	17.970
swarm_1_146.pdb	12.181	22.962	0	17.958
swarm_45_98.pdb	12.433	29.740	0	17.943
swarm_30_11.pdb	9.640	19.174	0.0652174	17.911
swarm_3_49.pdb	9.926	19.230	0	17.888
swarm_26_12.pdb	8.726	26.254	0	17.813
swarm_8_104.pdb	14.032	31.663	0	17.808
swarm_4_77.pdb	6.591	21.196	0.0869565	17.567
swarm_16_109.pdb	13.137	35.957	0	17.537
swarm_45_13.pdb	13.556	28.857	0	17.511
swarm_18_16.pdb	13.056	28.100	0	17.406
swarm_5_169.pdb	12.447	26.352	0	17.321
swarm_26_165.pdb	11.673	35.585	0	17.240
swarm_15_137.pdb	9.134	20.644	0.0434783	17.066
swarm_17_97.pdb	10.036	18.273	0	17.055
swarm_14_186.pdb	10.906	18.553	0.108696	17.022
swarm_6_171.pdb	14.731	34.050	0	16.852
swarm_20_189.pdb	15.494	32.573	0	16.540
swarm_14_128.pdb	9.939	28.053	0.0217391	16.522
swarm_32_157.pdb	13.461	26.117	0	16.501
swarm_8_98.pdb	10.113	20.192	0	16.251
swarm_35_193.pdb	9.064	16.273	0	16.236
swarm_4_152.pdb	11.400	21.166	0	16.109
swarm_37_31.pdb	10.611	18.689	0	16.093
swarm_29_142.pdb	11.989	25.150	0.0434783	16.084
swarm_4_89.pdb	9.916	16.924	0	15.979
swarm_4_135.pdb	11.109	20.433	0.0434783	15.939
swarm_8_85.pdb	13.426	27.337	0.0434783	15.637
swarm_18_47.pdb	12.873	26.791	0.0434783	15.482
swarm_22_49.pdb	12.444	22.137	0	15.430
swarm_15_98.pdb	12.020	22.243	0	15.418
swarm_10_163.pdb	11.148	24.043	0.0217391	15.273
swarm_5_65.pdb	13.160	28.145	0.0217391	15.130
swarm_15_190.pdb	10.998	22.070	0	15.068
swarm_39_129.pdb	9.981	24.198	0	15.041
swarm_31_166.pdb	13.865	33.139	0.0217391	14.649
swarm_39_45.pdb	13.895	28.839	0.0217391	14.593
swarm_20_68.pdb	6.984	15.590	0.0434783	14.291
swarm_11_181.pdb	13.093	26.704	0	13.675
swarm_31_199.pdb	11.828	27.509	0	13.489
swarm_14_27.pdb	11.110	21.247	0.0217391	13.436
swarm_16_106.pdb	12.778	26.083	0	13.235
swarm_11_114.pdb	13.097	31.867	0	12.696
swarm_31_128.pdb	11.337	25.194	0	11.748
swarm_3_10.pdb	11.230	23.325	0	11.251
swarm_26_22.pdb	11.720	27.172	0	11.112
swarm_0_2.pdb	10.842	22.849	0	11.101
swarm_4_125.pdb	10.703	21.228	0.0434783	10.833
swarm_19_177.pdb	8.213	24.454	0	10.501
swarm_10_34.pdb	9.429	18.389	0.152174	9.201
swarm_7_24.pdb	10.725	19.855	0	8.691
swarm_40_184.pdb	11.979	25.521	0.0217391	7.656
swarm_29_24.pdb	9.590	23.453	0	7.625
swarm_31_22.pdb	15.349	44.995	0	6.468
swarm_21_146.pdb	9.680	21.555	0	6.140
swarm_15_146.pdb	8.388	26.781	0.0217391	4.430
swarm_8_37.pdb	9.744	19.418	0.130435	0.421
