swarm_4_139.pdb	10.012	22.710	0	42.352
swarm_4_158.pdb	8.815	27.113	0.1	39.643
swarm_2_157.pdb	14.652	27.458	0	38.008
swarm_3_125.pdb	14.104	27.221	0	37.885
swarm_4_27.pdb	12.861	24.867	0	37.383
swarm_9_163.pdb	10.413	21.789	0	36.552
swarm_7_125.pdb	13.705	24.666	0	36.269
swarm_4_195.pdb	13.290	28.682	0	35.642
swarm_3_41.pdb	14.101	23.362	0	35.316
swarm_4_13.pdb	8.746	31.437	0.025	35.162
swarm_8_182.pdb	10.152	20.804	0	35.159
swarm_7_182.pdb	8.711	20.055	0	34.891
swarm_7_193.pdb	8.702	16.002	0	34.521
swarm_5_164.pdb	2.604	17.385	0.525	34.197
swarm_0_98.pdb	9.583	26.785	0.125	34.109
swarm_0_34.pdb	10.343	23.256	0	34.008
swarm_2_85.pdb	10.262	27.544	0	33.705
swarm_1_169.pdb	13.779	33.210	0	33.658
swarm_3_146.pdb	13.328	26.958	0	33.640
swarm_3_144.pdb	9.550	16.784	0	33.476
swarm_8_68.pdb	11.766	31.138	0.05	33.128
swarm_0_93.pdb	9.154	24.978	0	33.023
swarm_4_101.pdb	9.715	22.246	0.025	32.968
swarm_5_14.pdb	10.856	24.964	0.05	32.876
swarm_5_110.pdb	13.667	26.364	0	32.861
swarm_0_58.pdb	11.268	28.736	0	32.416
swarm_9_133.pdb	13.812	28.838	0	32.341
swarm_5_153.pdb	11.324	25.108	0	32.196
swarm_5_185.pdb	6.516	17.370	0.3	32.108
swarm_1_112.pdb	9.732	22.428	0	31.655
swarm_2_73.pdb	15.735	33.693	0	31.375
swarm_2_189.pdb	14.086	25.923	0	31.213
swarm_6_59.pdb	11.346	22.721	0	31.187
swarm_0_88.pdb	13.979	28.667	0	31.096
swarm_2_38.pdb	11.161	33.625	0	31.091
swarm_3_73.pdb	10.984	21.317	0	30.859
swarm_9_92.pdb	10.511	19.231	0	30.755
swarm_6_6.pdb	14.018	24.942	0	30.754
swarm_9_162.pdb	13.237	23.083	0	30.717
swarm_6_5.pdb	10.843	23.582	0	30.703
swarm_8_9.pdb	9.148	23.664	0	30.660
swarm_8_176.pdb	13.532	23.314	0	30.645
swarm_6_42.pdb	11.223	23.434	0	30.643
swarm_7_173.pdb	10.629	22.985	0	30.435
swarm_8_161.pdb	9.170	20.949	0	30.383
swarm_5_6.pdb	11.374	27.052	0	29.939
swarm_8_24.pdb	9.790	23.942	0.05	29.630
swarm_8_141.pdb	9.890	19.320	0	29.550
swarm_7_132.pdb	10.860	21.922	0	29.294
swarm_2_109.pdb	12.673	26.123	0	29.286
swarm_2_76.pdb	12.837	26.502	0	28.960
swarm_4_114.pdb	11.320	29.743	0	27.284
swarm_1_127.pdb	10.589	25.599	0	27.143
swarm_8_156.pdb	10.081	24.562	0	26.922
swarm_6_129.pdb	11.701	27.632	0	26.684
swarm_6_191.pdb	9.813	15.313	0	26.550
swarm_2_123.pdb	10.618	29.133	0	26.367
swarm_6_176.pdb	12.222	20.555	0	26.345
swarm_3_13.pdb	14.086	25.578	0	26.266
swarm_4_78.pdb	12.843	23.980	0	26.262
swarm_9_185.pdb	12.042	25.583	0.175	26.215
swarm_3_166.pdb	9.952	19.997	0	26.164
swarm_4_3.pdb	8.434	24.492	0	25.376
swarm_6_163.pdb	11.944	24.529	0	25.325
swarm_8_180.pdb	15.804	26.151	0	25.230
swarm_5_139.pdb	15.440	26.890	0	25.037
swarm_9_174.pdb	11.949	21.622	0	24.977
swarm_0_90.pdb	14.339	36.194	0	24.744
swarm_1_180.pdb	11.723	34.716	0	24.658
swarm_1_64.pdb	14.138	25.743	0	24.571
swarm_1_192.pdb	12.428	26.195	0	24.361
swarm_1_20.pdb	11.750	20.911	0	24.222
swarm_1_41.pdb	13.265	31.761	0.025	24.121
swarm_6_18.pdb	12.520	23.776	0	23.701
swarm_1_91.pdb	12.386	30.000	0	23.598
swarm_7_115.pdb	12.340	21.194	0	23.467
swarm_3_54.pdb	7.191	18.174	0	23.330
swarm_9_159.pdb	4.425	6.449	0.05	23.312
swarm_2_70.pdb	8.949	23.398	0	22.948
swarm_9_48.pdb	11.355	25.025	0.1	22.100
swarm_9_91.pdb	11.571	24.742	0	21.422
swarm_9_54.pdb	9.741	16.449	0	20.783
swarm_1_172.pdb	11.193	30.959	0	20.367
swarm_9_157.pdb	6.778	11.087	0	16.900
swarm_5_41.pdb	6.771	11.233	0	13.980
swarm_3_199.pdb	14.334	29.766	0	12.924
swarm_9_119.pdb	14.440	23.935	0	12.494
swarm_0_178.pdb	12.841	28.271	0	12.320
swarm_6_183.pdb	11.771	20.618	0	11.946
swarm_6_118.pdb	12.877	20.888	0	11.665
swarm_6_125.pdb	12.631	24.531	0	9.027
swarm_3_46.pdb	11.928	21.515	0	3.703
