swarm_38_85.pdb	8.415	42.569	0	34.654
swarm_23_101.pdb	8.758	43.952	0	33.275
swarm_42_168.pdb	8.661	42.970	0	33.227
swarm_43_84.pdb	8.265	43.513	0	32.063
swarm_27_175.pdb	8.776	42.477	0	32.015
swarm_47_8.pdb	8.312	43.053	0	31.909
swarm_17_167.pdb	11.452	34.211	0	31.428
swarm_28_185.pdb	11.068	34.901	0	30.943
swarm_28_196.pdb	8.133	40.490	0	29.585
swarm_49_151.pdb	10.521	33.615	0	28.132
swarm_48_115.pdb	10.707	32.494	0	27.776
swarm_23_7.pdb	9.463	37.869	0	27.688
swarm_43_198.pdb	8.397	40.749	0	27.489
swarm_48_19.pdb	8.315	38.456	0	26.478
swarm_45_188.pdb	11.413	50.222	0	26.454
swarm_45_123.pdb	8.368	41.127	0	26.448
swarm_18_160.pdb	8.618	38.561	0	25.935
swarm_39_193.pdb	8.462	41.526	0	25.567
swarm_27_138.pdb	8.538	38.456	0	25.262
swarm_14_99.pdb	7.087	27.370	0	25.191
swarm_16_87.pdb	3.337	21.542	0.5	24.491
swarm_2_62.pdb	5.699	28.376	0.15	24.433
swarm_12_47.pdb	1.954	11.793	0.625	24.074
swarm_0_155.pdb	2.554	16.717	0.575	23.749
swarm_48_13.pdb	8.446	35.715	0	23.742
swarm_13_151.pdb	2.950	19.372	0.5	23.704
swarm_24_91.pdb	8.845	42.477	0	23.680
swarm_4_39.pdb	6.185	26.945	0.125	23.631
swarm_16_152.pdb	2.092	9.346	0.575	23.218
swarm_34_30.pdb	3.111	13.601	0.475	23.070
swarm_15_91.pdb	2.091	13.144	0.625	23.004
swarm_29_158.pdb	8.703	44.060	0	22.913
swarm_41_6.pdb	5.468	19.158	0.075	22.586
swarm_48_73.pdb	5.446	33.668	0.15	22.312
swarm_42_125.pdb	6.419	40.859	0.15	22.171
swarm_6_121.pdb	1.917	7.339	0.65	21.896
swarm_31_52.pdb	2.532	9.848	0.525	21.808
swarm_49_71.pdb	5.521	32.750	0.15	21.772
swarm_1_56.pdb	3.192	18.576	0.4	21.399
swarm_41_116.pdb	2.253	13.662	0.65	21.257
swarm_49_67.pdb	6.328	29.461	0.075	20.691
swarm_4_132.pdb	4.710	21.541	0.2	20.514
swarm_12_114.pdb	8.914	16.058	0	19.727
swarm_4_124.pdb	7.100	26.343	0	19.701
swarm_16_28.pdb	2.748	17.437	0.5	19.566
swarm_14_110.pdb	3.068	19.263	0.575	19.129
swarm_34_29.pdb	2.856	14.485	0.375	18.931
swarm_33_10.pdb	3.092	13.629	0.55	18.870
swarm_34_36.pdb	2.234	13.803	0.725	18.789
swarm_48_123.pdb	5.785	36.617	0.125	18.675
swarm_2_112.pdb	2.802	17.923	0.525	18.497
swarm_18_114.pdb	5.441	35.919	0.325	18.399
swarm_0_51.pdb	6.012	25.586	0.075	18.279
swarm_9_41.pdb	2.487	11.948	0.675	18.185
swarm_13_189.pdb	6.067	27.381	0.075	17.723
swarm_19_174.pdb	4.706	12.403	0.175	17.123
swarm_13_154.pdb	6.493	31.184	0.1	17.011
swarm_40_149.pdb	8.538	45.721	0	16.782
swarm_0_81.pdb	7.869	24.225	0	16.750
swarm_24_85.pdb	8.395	32.642	0	16.642
swarm_43_38.pdb	7.146	36.540	0.075	16.373
swarm_35_78.pdb	6.240	10.795	0.05	15.893
swarm_40_157.pdb	10.859	46.884	0	15.862
swarm_7_123.pdb	5.134	21.926	0.2	15.223
swarm_27_131.pdb	7.199	29.799	0	15.004
swarm_19_124.pdb	5.673	11.430	0.025	14.672
swarm_49_40.pdb	9.493	23.756	0	13.947
swarm_33_12.pdb	9.002	15.321	0	13.745
swarm_45_46.pdb	8.979	38.578	0	13.214
swarm_19_85.pdb	5.335	19.353	0.25	13.153
swarm_35_13.pdb	3.723	11.200	0.325	12.906
swarm_13_30.pdb	4.605	15.424	0.1	11.360
swarm_44_31.pdb	7.618	42.024	0	10.024
swarm_47_32.pdb	10.426	41.044	0	9.232
swarm_45_65.pdb	11.388	46.008	0	9.212
swarm_31_161.pdb	7.854	18.416	0	5.757
swarm_43_153.pdb	10.804	46.828	0	2.279
