swarm_34_93.pdb	8.823	29.202	0.2	36.591
swarm_45_105.pdb	16.209	44.534	0	36.123
swarm_39_178.pdb	16.369	45.753	0	34.263
swarm_11_114.pdb	12.237	37.104	0	33.986
swarm_23_86.pdb	8.369	27.729	0	33.358
swarm_30_71.pdb	10.540	31.978	0.05	32.735
swarm_43_19.pdb	15.248	42.875	0	32.430
swarm_13_191.pdb	10.595	35.208	0.025	32.171
swarm_23_2.pdb	8.977	44.756	0	32.064
swarm_36_47.pdb	16.408	47.183	0	31.980
swarm_28_164.pdb	8.528	44.127	0	31.953
swarm_27_174.pdb	10.689	32.281	0	31.631
swarm_10_197.pdb	9.185	27.102	0	31.485
swarm_49_41.pdb	11.167	35.111	0	31.483
swarm_27_74.pdb	9.510	39.111	0	31.205
swarm_7_123.pdb	7.608	22.911	0.075	30.701
swarm_48_90.pdb	12.075	34.778	0	30.454
swarm_34_183.pdb	12.666	22.999	0	30.249
swarm_13_197.pdb	14.928	33.724	0	30.216
swarm_28_196.pdb	11.261	39.147	0	30.042
swarm_4_77.pdb	12.372	41.912	0	29.983
swarm_14_69.pdb	12.293	37.651	0	29.844
swarm_36_90.pdb	15.179	42.020	0	29.738
swarm_3_95.pdb	6.577	15.385	0.05	29.456
swarm_22_194.pdb	7.894	32.241	0	29.346
swarm_47_142.pdb	11.234	42.871	0	29.115
swarm_39_10.pdb	16.063	46.396	0	29.064
swarm_3_55.pdb	10.756	31.615	0	29.059
swarm_28_180.pdb	12.891	34.147	0	29.023
swarm_16_174.pdb	12.088	36.741	0	29.003
swarm_42_61.pdb	16.525	44.687	0	28.977
swarm_23_43.pdb	18.251	49.224	0	28.949
swarm_9_146.pdb	15.235	35.686	0	28.904
swarm_17_71.pdb	14.182	39.363	0	28.710
swarm_24_71.pdb	12.835	23.182	0	28.425
swarm_29_44.pdb	11.106	28.269	0.025	28.332
swarm_28_52.pdb	9.707	26.293	0	28.217
swarm_11_187.pdb	11.283	25.988	0	28.171
swarm_41_4.pdb	13.906	45.350	0	28.169
swarm_9_150.pdb	10.465	31.533	0.025	28.145
swarm_2_5.pdb	7.499	20.841	0	28.086
swarm_35_56.pdb	11.174	35.808	0	28.084
swarm_38_102.pdb	12.541	37.947	0	28.069
swarm_18_159.pdb	13.795	40.232	0	28.064
swarm_30_9.pdb	14.444	35.884	0	27.981
swarm_18_196.pdb	12.569	40.254	0	27.943
swarm_34_105.pdb	14.013	45.581	0	27.885
swarm_1_59.pdb	8.588	18.106	0	27.822
swarm_13_153.pdb	12.101	33.258	0	27.821
swarm_11_174.pdb	9.120	35.247	0.025	27.759
swarm_35_131.pdb	12.551	45.402	0	27.719
swarm_48_189.pdb	13.448	39.263	0	27.706
swarm_44_21.pdb	12.306	33.957	0	27.636
swarm_21_126.pdb	8.550	31.699	0.025	27.592
swarm_10_141.pdb	11.186	28.623	0	27.479
swarm_49_64.pdb	11.350	34.349	0	27.453
swarm_28_9.pdb	9.738	22.412	0	27.437
swarm_47_85.pdb	16.879	47.153	0	27.435
swarm_42_71.pdb	12.295	36.900	0	27.406
swarm_21_154.pdb	11.567	28.823	0.025	27.372
swarm_38_160.pdb	8.410	35.476	0	27.262
swarm_33_6.pdb	11.986	35.601	0.05	27.240
swarm_10_167.pdb	18.046	37.677	0	27.238
swarm_37_42.pdb	10.685	40.476	0	27.235
swarm_29_138.pdb	12.110	38.609	0	27.227
swarm_37_36.pdb	11.732	34.066	0	27.208
swarm_6_99.pdb	14.121	40.925	0	27.129
swarm_19_193.pdb	15.562	31.355	0	27.052
swarm_14_156.pdb	11.469	37.523	0	26.970
swarm_8_36.pdb	15.196	30.217	0	26.913
swarm_29_55.pdb	12.870	43.912	0	26.887
swarm_16_36.pdb	13.572	28.103	0	26.823
swarm_24_120.pdb	7.546	24.399	0.025	26.822
swarm_49_17.pdb	8.599	28.329	0	26.782
swarm_45_4.pdb	12.844	28.524	0	26.774
swarm_24_101.pdb	13.479	41.109	0	26.763
swarm_10_22.pdb	12.002	32.576	0	26.687
swarm_2_52.pdb	10.604	29.142	0	26.649
swarm_3_121.pdb	10.841	33.242	0.025	26.615
swarm_48_4.pdb	14.783	41.792	0	26.614
swarm_44_192.pdb	12.611	39.369	0	26.588
swarm_7_62.pdb	9.393	27.367	0	26.541
swarm_48_84.pdb	14.234	37.564	0	26.534
swarm_36_195.pdb	16.343	36.921	0	26.503
swarm_13_192.pdb	11.876	28.396	0	26.493
swarm_31_111.pdb	14.558	35.204	0	26.481
swarm_28_61.pdb	12.383	33.858	0	26.455
swarm_27_139.pdb	11.821	35.585	0	26.339
swarm_39_116.pdb	15.809	47.190	0	26.338
swarm_18_120.pdb	14.309	38.403	0	26.326
swarm_0_148.pdb	15.566	32.622	0	26.313
swarm_42_104.pdb	8.515	31.402	0.025	26.311
swarm_26_72.pdb	12.605	37.490	0	26.269
swarm_13_183.pdb	10.945	30.212	0.025	26.265
swarm_42_56.pdb	12.258	40.907	0	26.232
swarm_20_123.pdb	15.213	45.291	0	26.204
swarm_33_74.pdb	13.120	35.401	0	26.157
swarm_22_152.pdb	9.627	35.629	0	26.089
swarm_35_20.pdb	8.327	37.725	0	26.047
swarm_26_47.pdb	12.126	28.368	0.15	26.023
swarm_37_17.pdb	11.488	35.789	0	25.940
swarm_34_194.pdb	13.713	33.472	0	25.939
swarm_44_142.pdb	9.648	29.692	0	25.928
swarm_11_70.pdb	13.047	38.496	0	25.876
swarm_7_188.pdb	9.673	21.042	0	25.864
swarm_45_171.pdb	18.085	47.148	0	25.724
swarm_2_96.pdb	12.384	35.388	0	25.696
swarm_36_191.pdb	10.556	30.678	0	25.669
swarm_24_32.pdb	7.134	27.895	0	25.667
swarm_24_101.pdb	12.183	35.337	0	25.509
swarm_21_130.pdb	11.596	24.893	0	25.505
swarm_13_172.pdb	14.766	37.075	0	25.487
swarm_4_87.pdb	9.306	23.653	0	25.426
swarm_3_55.pdb	11.242	31.254	0	25.406
swarm_35_187.pdb	13.091	46.712	0	25.405
swarm_31_22.pdb	15.154	30.926	0	25.339
swarm_39_9.pdb	14.026	45.249	0	25.311
swarm_28_46.pdb	8.476	35.786	0.05	25.300
swarm_35_85.pdb	12.867	47.281	0	25.275
swarm_17_124.pdb	11.612	45.844	0	25.186
swarm_42_166.pdb	6.746	36.008	0	25.160
swarm_31_73.pdb	14.002	27.225	0	25.158
swarm_4_45.pdb	10.066	26.042	0.075	25.131
swarm_39_168.pdb	12.220	37.935	0	25.113
swarm_6_152.pdb	7.218	24.995	0	25.110
swarm_20_33.pdb	14.167	32.127	0	25.096
swarm_14_128.pdb	12.471	24.843	0	25.080
swarm_0_0.pdb	14.542	35.030	0	25.064
swarm_27_185.pdb	12.661	52.956	0	25.017
swarm_40_193.pdb	13.408	36.975	0	25.002
swarm_15_149.pdb	11.797	36.665	0	24.937
swarm_15_46.pdb	11.929	42.221	0	24.915
swarm_3_171.pdb	14.055	25.486	0	24.862
swarm_2_71.pdb	9.967	32.756	0	24.683
swarm_18_41.pdb	14.685	34.285	0	24.649
swarm_17_145.pdb	15.026	44.888	0	24.635
swarm_10_193.pdb	15.011	31.097	0	24.620
swarm_29_166.pdb	12.758	43.638	0	24.619
swarm_1_51.pdb	13.916	32.868	0	24.581
swarm_11_68.pdb	11.362	41.211	0	24.572
swarm_13_131.pdb	12.605	34.964	0.025	24.555
swarm_28_35.pdb	14.991	40.653	0	24.502
swarm_27_172.pdb	10.945	37.191	0.025	24.501
swarm_33_118.pdb	15.216	39.479	0	24.474
swarm_12_88.pdb	11.191	25.153	0	24.474
swarm_6_114.pdb	14.478	35.064	0	24.421
swarm_36_66.pdb	13.670	44.681	0	24.407
swarm_40_137.pdb	11.547	31.299	0	24.343
swarm_15_196.pdb	10.944	32.512	0.025	24.289
swarm_12_69.pdb	14.337	27.005	0	24.251
swarm_36_119.pdb	7.786	28.187	0	24.242
swarm_0_163.pdb	11.157	28.084	0.025	24.232
swarm_42_14.pdb	13.589	34.157	0	24.208
swarm_35_194.pdb	16.839	43.187	0	24.143
swarm_21_167.pdb	10.596	27.182	0.125	24.122
swarm_10_132.pdb	12.365	27.980	0	24.112
swarm_28_156.pdb	13.491	43.413	0	24.107
swarm_29_10.pdb	14.797	39.360	0	24.023
swarm_30_36.pdb	12.657	23.005	0	23.987
swarm_44_11.pdb	15.261	44.102	0	23.960
swarm_37_142.pdb	16.511	43.895	0	23.941
swarm_23_120.pdb	14.821	44.265	0	23.909
swarm_15_103.pdb	14.552	35.515	0	23.862
swarm_13_28.pdb	11.396	21.843	0	23.858
swarm_38_131.pdb	17.799	45.532	0	23.835
swarm_14_38.pdb	14.479	35.660	0	23.829
swarm_11_61.pdb	9.083	34.711	0	23.787
swarm_3_111.pdb	9.542	26.406	0.025	23.780
swarm_38_122.pdb	11.623	42.361	0	23.778
swarm_0_24.pdb	11.371	28.712	0	23.732
swarm_26_141.pdb	10.771	26.479	0.25	23.722
swarm_24_143.pdb	14.685	35.433	0	23.699
swarm_29_47.pdb	16.227	33.787	0	23.694
swarm_36_94.pdb	18.084	42.819	0	23.690
swarm_26_58.pdb	10.299	20.096	0	23.674
swarm_38_48.pdb	10.311	37.575	0	23.657
swarm_14_139.pdb	15.268	43.433	0	23.632
swarm_29_57.pdb	12.655	28.384	0	23.631
swarm_0_136.pdb	15.696	38.452	0	23.591
swarm_19_196.pdb	13.820	34.996	0	23.559
swarm_26_127.pdb	15.252	43.108	0	23.557
swarm_35_31.pdb	13.116	34.562	0	23.539
swarm_21_99.pdb	12.659	26.377	0	23.514
swarm_26_35.pdb	10.609	24.378	0	23.496
swarm_38_113.pdb	15.033	40.152	0	23.467
swarm_26_39.pdb	17.341	41.872	0	23.431
swarm_11_14.pdb	16.444	36.073	0	23.407
swarm_44_2.pdb	8.997	38.191	0	23.395
swarm_10_49.pdb	14.169	34.565	0	23.375
swarm_25_31.pdb	11.659	39.501	0	23.328
swarm_0_178.pdb	16.046	31.305	0	23.314
swarm_4_62.pdb	11.486	47.798	0	23.281
swarm_2_46.pdb	13.598	39.651	0	23.270
swarm_2_144.pdb	8.281	27.102	0	23.265
swarm_18_163.pdb	14.823	41.395	0	23.256
swarm_10_168.pdb	15.718	37.679	0	23.246
swarm_15_66.pdb	10.327	30.898	0	23.235
swarm_26_131.pdb	12.022	32.429	0	23.204
swarm_15_161.pdb	13.981	28.950	0	23.176
swarm_16_43.pdb	11.312	31.051	0	23.167
swarm_36_54.pdb	18.764	43.710	0	23.164
swarm_38_38.pdb	13.745	37.732	0	23.149
swarm_27_191.pdb	11.082	33.605	0	23.133
swarm_20_27.pdb	15.570	33.252	0	23.118
swarm_13_191.pdb	16.274	33.441	0	23.067
swarm_2_67.pdb	10.440	31.572	0	23.066
swarm_48_152.pdb	9.976	39.652	0	23.065
swarm_0_41.pdb	14.736	31.603	0	23.026
swarm_27_57.pdb	3.768	22.715	0.3	23.020
swarm_29_154.pdb	11.594	29.021	0	23.012
swarm_23_170.pdb	9.049	36.733	0	23.009
swarm_15_144.pdb	14.573	40.132	0	22.986
swarm_7_110.pdb	9.980	29.493	0.05	22.977
swarm_39_120.pdb	14.973	40.077	0	22.930
swarm_41_43.pdb	10.251	22.535	0	22.920
swarm_15_77.pdb	13.591	44.689	0	22.916
swarm_15_199.pdb	13.064	39.207	0	22.910
swarm_33_192.pdb	14.071	39.456	0	22.907
swarm_9_168.pdb	6.905	18.489	0.05	22.884
swarm_0_182.pdb	16.608	44.493	0	22.870
swarm_18_70.pdb	13.155	35.998	0	22.863
swarm_7_86.pdb	12.322	29.425	0	22.833
swarm_27_67.pdb	11.550	27.660	0	22.816
swarm_0_37.pdb	14.136	35.058	0	22.809
swarm_27_19.pdb	15.026	36.963	0	22.806
swarm_0_58.pdb	11.663	33.291	0	22.766
swarm_42_168.pdb	12.953	40.331	0	22.734
swarm_31_126.pdb	16.406	38.628	0	22.732
swarm_30_21.pdb	12.829	36.835	0	22.707
swarm_1_107.pdb	11.226	31.058	0	22.705
swarm_15_167.pdb	11.434	35.796	0.075	22.702
swarm_13_194.pdb	11.619	28.801	0	22.676
swarm_13_61.pdb	12.423	32.320	0	22.673
swarm_14_80.pdb	11.769	40.654	0	22.667
swarm_15_132.pdb	12.329	25.358	0	22.666
swarm_17_143.pdb	12.613	33.449	0	22.651
swarm_12_162.pdb	11.111	24.820	0	22.651
swarm_43_76.pdb	11.673	36.618	0.025	22.650
swarm_11_135.pdb	10.576	26.576	0	22.649
swarm_24_135.pdb	14.306	30.202	0	22.625
swarm_2_173.pdb	13.945	31.005	0	22.609
swarm_11_157.pdb	13.559	28.038	0	22.609
swarm_1_72.pdb	13.294	27.535	0	22.606
swarm_29_6.pdb	10.867	39.103	0	22.600
swarm_0_105.pdb	10.532	24.163	0	22.599
swarm_35_180.pdb	15.248	45.398	0	22.586
swarm_33_17.pdb	11.042	38.720	0	22.569
swarm_11_184.pdb	11.545	30.342	0	22.563
swarm_39_165.pdb	11.201	30.422	0	22.561
swarm_34_49.pdb	17.441	49.549	0	22.553
swarm_41_37.pdb	7.373	27.153	0.05	22.540
swarm_29_17.pdb	11.899	32.273	0	22.538
swarm_13_98.pdb	9.239	19.840	0	22.535
swarm_9_29.pdb	9.379	28.961	0	22.499
swarm_44_110.pdb	15.539	37.481	0	22.494
swarm_31_67.pdb	10.625	44.746	0	22.486
swarm_18_67.pdb	16.933	42.834	0	22.471
swarm_15_131.pdb	10.694	24.593	0	22.460
swarm_4_35.pdb	16.268	49.538	0	22.441
swarm_34_124.pdb	14.520	30.487	0	22.421
swarm_3_185.pdb	13.275	31.066	0	22.376
swarm_41_191.pdb	11.858	36.869	0	22.366
swarm_33_125.pdb	12.982	22.548	0	22.329
swarm_14_136.pdb	11.509	27.751	0.075	22.328
swarm_12_83.pdb	14.393	27.162	0	22.312
swarm_30_76.pdb	9.133	35.170	0	22.304
swarm_25_53.pdb	15.404	43.939	0	22.300
swarm_7_199.pdb	9.409	20.291	0	22.295
swarm_33_30.pdb	11.136	31.186	0	22.293
swarm_8_131.pdb	10.736	23.796	0	22.268
swarm_43_40.pdb	11.571	44.897	0	22.251
swarm_34_49.pdb	11.656	28.972	0	22.250
swarm_17_69.pdb	5.682	26.848	0.25	22.237
swarm_15_72.pdb	14.508	27.669	0	22.210
swarm_43_70.pdb	13.020	49.252	0	22.201
swarm_34_117.pdb	9.274	21.151	0	22.176
swarm_32_108.pdb	12.003	30.836	0	22.134
swarm_32_108.pdb	15.037	37.928	0	22.121
swarm_38_83.pdb	10.238	23.204	0	22.099
swarm_38_187.pdb	11.814	34.451	0.05	22.088
swarm_14_8.pdb	10.363	32.172	0	22.071
swarm_3_60.pdb	12.575	38.897	0.025	22.069
swarm_3_15.pdb	12.194	33.823	0.025	22.062
swarm_1_128.pdb	12.099	22.792	0	22.056
swarm_10_89.pdb	13.884	31.827	0	22.033
swarm_3_25.pdb	12.652	34.476	0	22.026
swarm_5_126.pdb	12.578	31.311	0	22.011
swarm_30_112.pdb	10.592	18.150	0	22.004
swarm_9_93.pdb	14.472	31.912	0	22.003
swarm_1_182.pdb	10.851	28.772	0	21.955
swarm_24_4.pdb	8.815	30.708	0.05	21.929
swarm_13_190.pdb	16.603	38.295	0	21.899
swarm_26_158.pdb	14.190	40.228	0	21.860
swarm_31_197.pdb	13.982	30.537	0	21.850
swarm_14_199.pdb	11.134	36.201	0	21.825
swarm_19_142.pdb	13.472	36.021	0	21.723
swarm_19_79.pdb	12.570	45.440	0	21.722
swarm_43_44.pdb	13.606	45.787	0.025	21.700
swarm_37_186.pdb	13.530	32.841	0	21.692
swarm_35_148.pdb	13.497	24.431	0	21.691
swarm_11_137.pdb	14.409	33.214	0	21.681
swarm_2_120.pdb	7.665	22.807	0	21.643
swarm_36_67.pdb	13.288	32.874	0	21.641
swarm_33_143.pdb	16.964	43.668	0	21.638
swarm_41_68.pdb	15.916	44.858	0	21.632
swarm_0_160.pdb	13.620	32.400	0	21.630
swarm_15_10.pdb	6.373	24.625	0.125	21.605
swarm_17_77.pdb	7.795	28.847	0	21.586
swarm_9_53.pdb	11.075	25.197	0	21.581
swarm_0_69.pdb	15.351	40.389	0	21.569
swarm_18_43.pdb	14.582	40.568	0	21.556
swarm_10_145.pdb	6.053	19.446	0.175	21.548
swarm_2_148.pdb	11.024	39.434	0	21.540
swarm_35_160.pdb	15.046	29.266	0	21.537
swarm_7_47.pdb	13.076	30.493	0	21.535
swarm_14_59.pdb	10.842	28.326	0	21.533
swarm_24_160.pdb	11.882	25.389	0	21.505
swarm_6_186.pdb	11.793	38.126	0	21.499
swarm_29_0.pdb	12.296	43.891	0	21.496
swarm_36_102.pdb	13.855	39.623	0	21.495
swarm_41_82.pdb	17.778	45.259	0	21.491
swarm_0_61.pdb	11.090	46.448	0	21.483
swarm_17_173.pdb	14.612	35.396	0	21.481
swarm_6_34.pdb	16.377	44.710	0	21.457
swarm_20_89.pdb	13.555	42.479	0	21.449
swarm_21_53.pdb	16.710	43.345	0	21.443
swarm_12_190.pdb	13.938	25.353	0	21.436
swarm_6_9.pdb	9.345	20.960	0	21.413
swarm_17_84.pdb	9.772	38.550	0.05	21.406
swarm_47_111.pdb	11.466	46.846	0	21.342
swarm_24_180.pdb	14.517	33.624	0	21.327
swarm_41_111.pdb	12.415	25.668	0	21.306
swarm_29_107.pdb	12.256	33.900	0.05	21.303
swarm_38_35.pdb	10.466	37.813	0	21.276
swarm_19_65.pdb	14.660	26.243	0	21.269
swarm_48_124.pdb	12.331	32.522	0	21.248
swarm_30_8.pdb	12.795	39.995	0	21.239
swarm_36_34.pdb	13.713	36.393	0	21.228
swarm_29_103.pdb	13.357	45.865	0	21.222
swarm_9_126.pdb	13.542	34.048	0	21.182
swarm_0_160.pdb	11.728	49.760	0	21.152
swarm_42_185.pdb	13.509	46.593	0	21.124
swarm_35_99.pdb	10.286	29.477	0	21.121
swarm_4_125.pdb	12.956	37.115	0	21.113
swarm_36_110.pdb	17.324	44.874	0	21.113
swarm_37_64.pdb	14.838	35.072	0	21.088
swarm_3_28.pdb	10.971	37.224	0	21.029
swarm_35_48.pdb	16.666	39.291	0	21.011
swarm_32_53.pdb	12.541	24.109	0.025	21.007
swarm_36_1.pdb	11.228	31.692	0	20.998
swarm_22_169.pdb	14.866	36.420	0	20.992
swarm_28_55.pdb	12.539	39.097	0	20.984
swarm_13_186.pdb	11.633	25.701	0	20.984
swarm_28_138.pdb	8.271	38.329	0.025	20.977
swarm_5_16.pdb	13.954	38.033	0	20.956
swarm_39_95.pdb	8.910	30.412	0	20.932
swarm_6_86.pdb	14.009	32.260	0	20.929
swarm_41_84.pdb	12.609	39.895	0.025	20.923
swarm_2_55.pdb	15.844	37.663	0	20.914
swarm_9_143.pdb	11.348	36.214	0	20.912
swarm_24_177.pdb	11.399	36.019	0	20.911
swarm_14_101.pdb	14.350	32.179	0	20.909
swarm_10_55.pdb	14.179	31.072	0	20.897
swarm_1_154.pdb	13.878	33.435	0	20.895
swarm_28_21.pdb	5.622	35.383	0.15	20.883
swarm_14_97.pdb	8.180	29.588	0.025	20.881
swarm_4_162.pdb	11.231	26.399	0.05	20.876
swarm_7_5.pdb	8.114	25.694	0	20.871
swarm_24_135.pdb	16.719	36.732	0	20.862
swarm_22_27.pdb	10.874	34.666	0	20.846
swarm_19_4.pdb	15.776	33.010	0	20.832
swarm_28_132.pdb	9.036	40.957	0.025	20.821
swarm_19_132.pdb	15.180	34.474	0	20.806
swarm_23_64.pdb	15.516	40.748	0	20.802
swarm_15_191.pdb	14.028	31.107	0	20.693
swarm_14_117.pdb	9.141	22.921	0	20.687
swarm_34_166.pdb	14.606	25.658	0	20.662
swarm_3_113.pdb	15.321	34.913	0	20.661
swarm_41_195.pdb	13.292	29.000	0	20.647
swarm_29_182.pdb	20.300	50.760	0	20.644
swarm_31_61.pdb	12.067	35.338	0.025	20.640
swarm_39_27.pdb	17.643	50.889	0	20.636
swarm_28_130.pdb	13.823	48.455	0	20.627
swarm_14_135.pdb	12.412	30.137	0	20.614
swarm_36_123.pdb	11.885	34.159	0	20.605
swarm_19_113.pdb	12.145	26.645	0	20.586
swarm_7_28.pdb	7.248	23.264	0	20.569
swarm_34_39.pdb	13.540	33.706	0	20.529
swarm_4_183.pdb	13.169	27.886	0	20.526
swarm_39_186.pdb	14.875	38.336	0	20.521
swarm_7_80.pdb	10.914	23.587	0	20.506
swarm_18_80.pdb	15.739	37.347	0	20.488
swarm_6_38.pdb	16.119	38.379	0	20.480
swarm_1_151.pdb	9.793	17.533	0	20.478
swarm_15_128.pdb	16.977	35.604	0	20.468
swarm_34_67.pdb	7.793	23.274	0.05	20.463
swarm_40_30.pdb	11.257	33.757	0	20.458
swarm_21_169.pdb	18.754	47.980	0	20.451
swarm_11_89.pdb	10.753	31.513	0	20.408
swarm_29_121.pdb	14.844	44.304	0	20.356
swarm_42_95.pdb	10.911	42.491	0.025	20.355
swarm_46_196.pdb	9.852	25.475	0	20.347
swarm_3_158.pdb	11.553	37.686	0	20.332
swarm_27_51.pdb	12.494	52.223	0	20.318
swarm_14_129.pdb	12.239	33.931	0.1	20.310
swarm_13_2.pdb	10.111	21.746	0	20.276
swarm_6_98.pdb	9.488	16.580	0	20.273
swarm_12_174.pdb	15.250	32.517	0	20.272
swarm_17_15.pdb	8.772	29.797	0	20.268
swarm_22_111.pdb	9.738	38.192	0	20.263
swarm_28_99.pdb	4.106	12.325	0.325	20.257
swarm_6_97.pdb	9.493	21.284	0.05	20.253
swarm_35_155.pdb	14.050	34.294	0	20.229
swarm_36_73.pdb	12.602	30.862	0	20.204
swarm_19_62.pdb	15.557	38.001	0	20.193
swarm_13_14.pdb	10.600	34.236	0	20.184
swarm_48_91.pdb	12.460	27.570	0	20.182
swarm_27_136.pdb	10.156	42.471	0	20.172
swarm_32_24.pdb	15.513	31.506	0	20.153
swarm_7_37.pdb	10.386	35.938	0	20.151
swarm_13_79.pdb	14.109	32.757	0	20.135
swarm_32_75.pdb	10.476	32.801	0	20.130
swarm_2_180.pdb	10.486	31.559	0	20.112
swarm_23_148.pdb	16.494	45.077	0	20.088
swarm_18_5.pdb	10.500	35.336	0	20.076
swarm_0_86.pdb	9.779	18.148	0	20.054
swarm_1_31.pdb	9.524	22.982	0	20.047
swarm_34_60.pdb	14.601	37.454	0	20.039
swarm_49_96.pdb	10.816	32.989	0	20.027
swarm_13_37.pdb	12.499	34.905	0.025	20.007
swarm_14_11.pdb	9.105	33.692	0	19.981
swarm_35_131.pdb	15.149	32.086	0	19.980
swarm_35_168.pdb	16.812	41.462	0	19.966
swarm_30_20.pdb	12.136	33.240	0.125	19.961
swarm_0_182.pdb	14.486	28.632	0	19.961
swarm_0_86.pdb	12.605	34.363	0	19.956
swarm_19_120.pdb	12.099	27.566	0	19.952
swarm_14_28.pdb	14.210	32.099	0	19.951
swarm_30_4.pdb	10.505	23.124	0	19.935
swarm_24_60.pdb	14.078	43.581	0	19.918
swarm_14_83.pdb	11.314	32.015	0	19.891
swarm_36_107.pdb	13.472	45.534	0	19.793
swarm_35_78.pdb	4.731	17.880	0.35	19.792
swarm_34_197.pdb	16.769	41.222	0	19.765
swarm_14_5.pdb	10.240	26.042	0	19.758
swarm_15_113.pdb	13.283	29.692	0	19.757
swarm_14_144.pdb	11.668	28.599	0	19.753
swarm_28_59.pdb	10.546	24.683	0	19.750
swarm_12_115.pdb	11.075	26.238	0	19.728
swarm_35_129.pdb	13.149	38.017	0	19.724
swarm_17_160.pdb	7.280	21.140	0	19.724
swarm_34_71.pdb	13.218	26.045	0	19.709
swarm_35_198.pdb	13.874	37.865	0	19.707
swarm_16_188.pdb	12.949	23.574	0	19.702
swarm_29_132.pdb	14.304	43.749	0	19.696
swarm_5_182.pdb	15.635	41.869	0	19.694
swarm_18_199.pdb	12.363	44.000	0	19.658
swarm_12_102.pdb	14.068	26.774	0	19.637
swarm_46_46.pdb	11.895	23.920	0	19.631
swarm_32_100.pdb	13.029	25.275	0	19.598
swarm_34_13.pdb	10.214	20.126	0	19.570
swarm_12_189.pdb	13.655	30.640	0	19.560
swarm_18_165.pdb	11.239	34.907	0	19.558
swarm_13_13.pdb	9.656	28.337	0.05	19.527
swarm_25_150.pdb	14.054	38.143	0	19.520
swarm_38_52.pdb	14.608	30.485	0	19.480
swarm_34_193.pdb	8.208	17.431	0.025	19.458
swarm_26_20.pdb	14.575	42.374	0	19.443
swarm_15_137.pdb	13.941	28.571	0	19.425
swarm_18_105.pdb	10.624	32.932	0	19.413
swarm_20_190.pdb	12.407	37.772	0	19.408
swarm_4_47.pdb	11.395	42.480	0	19.402
swarm_20_84.pdb	13.847	38.469	0	19.402
swarm_15_155.pdb	13.462	23.304	0	19.392
swarm_30_186.pdb	12.133	36.851	0	19.391
swarm_17_62.pdb	14.280	36.042	0	19.379
swarm_1_9.pdb	11.601	21.951	0	19.343
swarm_26_105.pdb	15.812	40.471	0	19.324
swarm_7_41.pdb	14.785	34.185	0	19.320
swarm_23_163.pdb	14.006	41.017	0	19.309
swarm_8_162.pdb	8.838	20.974	0.175	19.292
swarm_8_13.pdb	12.270	34.052	0	19.267
swarm_14_165.pdb	11.084	40.553	0	19.260
swarm_15_55.pdb	14.658	38.761	0	19.221
swarm_36_27.pdb	10.188	39.971	0.025	19.208
swarm_39_163.pdb	11.864	42.356	0	19.192
swarm_40_57.pdb	14.134	39.413	0	19.179
swarm_18_9.pdb	10.778	30.321	0.125	19.176
swarm_39_78.pdb	12.847	41.008	0	19.171
swarm_1_108.pdb	10.136	26.126	0	19.171
swarm_26_158.pdb	16.364	35.537	0	19.166
swarm_34_47.pdb	13.529	45.655	0	19.160
swarm_4_64.pdb	17.320	49.692	0	19.155
swarm_20_170.pdb	14.776	32.455	0	19.153
swarm_20_65.pdb	13.320	40.122	0	19.147
swarm_29_40.pdb	13.353	29.324	0	19.136
swarm_24_99.pdb	14.041	25.020	0	19.118
swarm_29_80.pdb	15.114	38.749	0	19.108
swarm_7_119.pdb	10.556	23.571	0	19.091
swarm_20_69.pdb	14.510	38.471	0	19.088
swarm_47_16.pdb	12.733	40.685	0	19.085
swarm_0_136.pdb	14.570	35.610	0	19.068
swarm_5_124.pdb	11.322	44.448	0.025	19.051
swarm_20_191.pdb	16.542	44.507	0	19.048
swarm_20_1.pdb	13.937	27.686	0	19.023
swarm_33_142.pdb	16.448	35.986	0	19.017
swarm_42_137.pdb	18.669	41.050	0	19.003
swarm_9_102.pdb	8.744	29.171	0	18.983
swarm_35_63.pdb	13.173	46.931	0	18.903
swarm_15_108.pdb	15.127	41.812	0	18.895
swarm_33_134.pdb	12.545	40.184	0	18.885
swarm_20_82.pdb	15.124	41.982	0	18.883
swarm_0_32.pdb	12.371	33.071	0	18.858
swarm_4_68.pdb	9.555	41.041	0	18.810
swarm_24_78.pdb	5.802	10.790	0.025	18.802
swarm_12_156.pdb	11.692	28.776	0	18.795
swarm_31_7.pdb	14.130	27.940	0	18.791
swarm_7_85.pdb	13.260	30.375	0	18.774
swarm_3_133.pdb	10.343	32.127	0	18.727
swarm_27_34.pdb	15.663	42.623	0	18.721
swarm_7_67.pdb	11.363	29.125	0.05	18.714
swarm_8_43.pdb	12.657	36.095	0	18.706
swarm_32_181.pdb	13.627	25.622	0	18.681
swarm_10_194.pdb	10.743	25.233	0	18.681
swarm_5_159.pdb	15.990	36.851	0	18.672
swarm_2_117.pdb	9.620	31.914	0	18.665
swarm_28_75.pdb	12.798	33.377	0	18.650
swarm_14_93.pdb	13.232	23.279	0	18.646
swarm_19_122.pdb	11.744	27.679	0	18.616
swarm_32_94.pdb	10.015	20.607	0	18.604
swarm_6_42.pdb	9.654	21.036	0.05	18.584
swarm_14_66.pdb	16.048	39.496	0	18.541
swarm_31_193.pdb	9.361	45.709	0	18.537
swarm_7_146.pdb	10.716	23.315	0	18.535
swarm_24_49.pdb	8.334	17.838	0.025	18.520
swarm_30_62.pdb	12.209	25.622	0.025	18.511
swarm_15_22.pdb	15.220	33.510	0	18.508
swarm_11_67.pdb	13.625	36.835	0	18.504
swarm_23_50.pdb	14.461	35.095	0	18.474
swarm_9_113.pdb	12.741	23.642	0	18.456
swarm_29_36.pdb	10.362	20.931	0	18.453
swarm_22_55.pdb	18.522	40.918	0	18.451
swarm_22_165.pdb	14.458	34.189	0	18.424
swarm_10_121.pdb	14.975	34.023	0	18.424
swarm_13_103.pdb	11.071	28.839	0	18.399
swarm_32_42.pdb	11.595	26.338	0.125	18.393
swarm_15_171.pdb	14.501	26.866	0	18.392
swarm_5_194.pdb	16.249	44.585	0	18.359
swarm_31_106.pdb	11.375	26.289	0.15	18.359
swarm_12_115.pdb	12.879	26.346	0	18.350
swarm_33_25.pdb	10.300	18.548	0	18.337
swarm_48_93.pdb	9.904	36.820	0	18.321
swarm_32_5.pdb	12.321	26.999	0	18.311
swarm_17_0.pdb	13.567	40.639	0	18.297
swarm_25_46.pdb	14.333	44.551	0	18.296
swarm_8_87.pdb	14.637	32.803	0	18.285
swarm_25_189.pdb	11.043	36.297	0	18.268
swarm_15_75.pdb	12.637	36.658	0	18.252
swarm_28_152.pdb	11.653	26.208	0	18.237
swarm_19_173.pdb	16.493	35.675	0	18.220
swarm_0_177.pdb	13.460	41.617	0	18.213
swarm_14_182.pdb	14.022	35.331	0	18.151
swarm_17_114.pdb	14.135	29.098	0	18.149
swarm_16_110.pdb	8.447	14.216	0	18.149
swarm_38_131.pdb	12.648	28.673	0	18.147
swarm_6_3.pdb	12.031	22.742	0	18.134
swarm_0_190.pdb	14.863	42.364	0	18.124
swarm_49_126.pdb	15.747	39.324	0	18.115
swarm_8_194.pdb	13.166	38.423	0	18.113
swarm_36_73.pdb	9.402	32.706	0.025	18.107
swarm_31_194.pdb	11.741	18.104	0	18.104
swarm_23_178.pdb	17.028	39.293	0	18.080
swarm_9_190.pdb	13.037	25.130	0	18.079
swarm_8_153.pdb	13.129	31.269	0	18.077
swarm_17_108.pdb	11.893	26.080	0	18.048
swarm_1_31.pdb	9.559	22.943	0	18.045
swarm_36_48.pdb	12.049	40.878	0	18.028
swarm_7_135.pdb	12.608	31.430	0	18.004
swarm_18_151.pdb	19.586	49.100	0	17.985
swarm_19_11.pdb	13.867	25.282	0	17.971
swarm_13_98.pdb	15.123	33.159	0	17.964
swarm_32_196.pdb	11.097	31.468	0	17.948
swarm_31_116.pdb	12.083	30.080	0	17.934
swarm_12_76.pdb	12.777	26.642	0	17.934
swarm_28_71.pdb	12.649	27.833	0.025	17.929
swarm_8_79.pdb	11.131	37.675	0	17.925
swarm_6_58.pdb	12.156	26.402	0	17.892
swarm_28_56.pdb	15.228	41.338	0	17.891
swarm_31_13.pdb	15.308	30.279	0	17.885
swarm_10_115.pdb	15.926	39.667	0	17.870
swarm_6_134.pdb	10.044	40.778	0	17.852
swarm_10_74.pdb	9.512	33.909	0	17.839
swarm_32_151.pdb	13.278	24.574	0	17.824
swarm_41_135.pdb	17.203	41.119	0	17.809
swarm_9_29.pdb	8.905	29.506	0	17.806
swarm_14_8.pdb	13.278	28.039	0	17.797
swarm_2_82.pdb	10.658	37.801	0	17.760
swarm_25_122.pdb	20.170	52.781	0	17.757
swarm_21_12.pdb	11.877	25.660	0.05	17.675
swarm_42_96.pdb	9.052	48.976	0.025	17.674
swarm_19_33.pdb	13.536	38.588	0	17.668
swarm_7_107.pdb	10.593	26.469	0	17.620
swarm_31_21.pdb	15.470	30.384	0	17.616
swarm_20_128.pdb	8.031	32.131	0.1	17.613
swarm_39_189.pdb	15.241	47.154	0	17.610
swarm_33_2.pdb	12.096	26.278	0	17.604
swarm_9_52.pdb	11.096	21.841	0	17.589
swarm_18_118.pdb	15.727	42.775	0	17.566
swarm_46_84.pdb	9.766	21.443	0	17.560
swarm_21_98.pdb	11.193	25.259	0	17.551
swarm_19_3.pdb	15.924	37.945	0	17.529
swarm_5_179.pdb	13.640	22.973	0	17.528
swarm_25_183.pdb	15.152	42.038	0	17.515
swarm_20_142.pdb	13.523	26.569	0	17.506
swarm_30_178.pdb	11.951	40.988	0	17.483
swarm_13_86.pdb	14.495	34.811	0	17.483
swarm_9_192.pdb	14.537	30.270	0	17.474
swarm_15_157.pdb	16.769	29.380	0	17.460
swarm_18_51.pdb	12.540	43.527	0	17.452
swarm_28_64.pdb	15.375	37.168	0	17.441
swarm_6_64.pdb	9.148	19.672	0	17.437
swarm_8_190.pdb	15.101	35.024	0	17.434
swarm_9_72.pdb	15.039	34.606	0	17.423
swarm_25_105.pdb	17.079	46.913	0	17.411
swarm_29_22.pdb	10.828	38.962	0	17.407
swarm_38_173.pdb	12.982	30.513	0	17.365
swarm_4_61.pdb	9.907	24.550	0.075	17.348
swarm_26_122.pdb	7.527	25.798	0.025	17.335
swarm_11_109.pdb	13.937	33.676	0	17.292
swarm_45_47.pdb	14.993	46.177	0	17.286
swarm_24_81.pdb	13.335	31.500	0	17.280
swarm_17_147.pdb	11.466	34.265	0	17.250
swarm_45_45.pdb	14.390	46.143	0	17.239
swarm_14_125.pdb	13.750	38.436	0	17.210
swarm_3_175.pdb	9.901	38.869	0	17.187
swarm_44_52.pdb	11.994	47.278	0	17.184
swarm_26_133.pdb	13.032	47.507	0	17.167
swarm_16_143.pdb	11.320	27.244	0.025	17.148
swarm_10_48.pdb	10.242	25.929	0.1	17.129
swarm_15_41.pdb	13.963	24.937	0	17.111
swarm_26_113.pdb	9.990	48.375	0	17.101
swarm_20_118.pdb	11.780	29.149	0	17.055
swarm_8_90.pdb	12.807	33.414	0	16.980
swarm_26_28.pdb	11.809	20.523	0	16.980
swarm_13_113.pdb	12.317	26.293	0	16.978
swarm_35_7.pdb	11.671	31.470	0	16.938
swarm_15_89.pdb	13.074	24.724	0	16.933
swarm_9_157.pdb	8.089	25.561	0.025	16.929
swarm_32_109.pdb	15.193	34.303	0	16.899
swarm_24_49.pdb	12.469	37.175	0.025	16.880
swarm_40_108.pdb	12.404	43.790	0.025	16.878
swarm_18_105.pdb	11.569	27.062	0	16.861
swarm_3_30.pdb	12.105	33.142	0	16.850
swarm_25_70.pdb	13.019	44.399	0	16.839
swarm_4_78.pdb	12.166	41.348	0	16.829
swarm_41_178.pdb	19.538	42.387	0	16.809
swarm_40_120.pdb	16.725	43.720	0	16.794
swarm_3_13.pdb	16.954	42.777	0	16.793
swarm_26_10.pdb	10.911	28.771	0	16.782
swarm_25_30.pdb	9.638	37.636	0	16.780
swarm_17_91.pdb	14.230	28.674	0	16.775
swarm_41_64.pdb	17.872	42.654	0	16.765
swarm_46_169.pdb	12.771	29.974	0	16.763
swarm_17_12.pdb	12.708	29.228	0	16.749
swarm_23_188.pdb	11.522	45.388	0	16.715
swarm_6_104.pdb	10.838	20.218	0	16.706
swarm_10_139.pdb	8.281	27.762	0.1	16.687
swarm_35_47.pdb	10.639	23.505	0	16.666
swarm_42_91.pdb	16.459	37.051	0	16.662
swarm_5_92.pdb	16.378	46.843	0	16.643
swarm_1_81.pdb	14.101	25.632	0	16.639
swarm_15_125.pdb	15.286	30.499	0	16.611
swarm_21_186.pdb	11.261	19.785	0	16.599
swarm_9_175.pdb	13.272	34.146	0	16.574
swarm_11_182.pdb	11.666	35.746	0.075	16.571
swarm_3_129.pdb	10.873	34.356	0.075	16.543
swarm_13_152.pdb	9.625	27.245	0	16.528
swarm_4_2.pdb	15.719	42.278	0	16.462
swarm_35_66.pdb	17.764	47.832	0	16.462
swarm_26_90.pdb	13.921	36.065	0	16.449
swarm_9_72.pdb	13.592	28.889	0	16.445
swarm_5_23.pdb	13.492	28.954	0	16.441
swarm_9_101.pdb	12.907	31.918	0.025	16.433
swarm_28_108.pdb	12.933	27.194	0	16.400
swarm_28_22.pdb	11.300	29.592	0	16.392
swarm_3_41.pdb	13.804	34.910	0	16.356
swarm_9_97.pdb	12.327	29.691	0	16.353
swarm_0_181.pdb	14.158	30.377	0	16.350
swarm_20_1.pdb	13.253	33.618	0	16.337
swarm_24_97.pdb	11.051	40.157	0	16.329
swarm_18_22.pdb	11.144	31.886	0	16.297
swarm_5_81.pdb	14.353	39.710	0	16.291
swarm_31_101.pdb	19.921	52.489	0	16.278
swarm_1_11.pdb	9.047	20.438	0	16.241
swarm_7_70.pdb	13.537	34.472	0	16.237
swarm_7_164.pdb	9.915	24.892	0	16.215
swarm_2_78.pdb	12.617	35.227	0	16.211
swarm_30_26.pdb	12.961	40.236	0	16.186
swarm_7_102.pdb	12.436	27.951	0	16.181
swarm_24_142.pdb	15.017	31.131	0	16.135
swarm_4_143.pdb	13.244	48.528	0	16.128
swarm_6_28.pdb	12.369	26.842	0	16.103
swarm_19_25.pdb	14.060	41.148	0	16.070
swarm_10_194.pdb	11.585	35.873	0.05	16.065
swarm_1_81.pdb	11.341	25.381	0.025	16.059
swarm_0_102.pdb	9.835	34.634	0	16.050
swarm_16_134.pdb	14.744	27.397	0	16.036
swarm_35_109.pdb	6.705	18.075	0.25	16.001
swarm_19_172.pdb	15.526	42.300	0	15.928
swarm_9_136.pdb	10.325	31.046	0	15.924
swarm_29_109.pdb	9.615	34.708	0.025	15.923
swarm_19_32.pdb	14.298	32.154	0	15.888
swarm_17_16.pdb	13.184	29.794	0	15.842
swarm_1_1.pdb	10.622	29.371	0	15.791
swarm_6_24.pdb	5.124	10.531	0.075	15.754
swarm_7_158.pdb	9.440	25.152	0	15.725
swarm_21_161.pdb	14.818	41.290	0	15.707
swarm_18_71.pdb	20.124	51.149	0	15.669
swarm_15_157.pdb	14.472	27.305	0	15.657
swarm_31_6.pdb	15.841	30.225	0	15.649
swarm_15_80.pdb	16.004	32.155	0	15.624
swarm_22_49.pdb	9.558	38.112	0	15.586
swarm_42_135.pdb	11.574	41.813	0	15.571
swarm_3_153.pdb	10.584	23.292	0	15.568
swarm_25_165.pdb	9.936	39.195	0	15.559
swarm_4_199.pdb	11.947	22.798	0.05	15.537
swarm_31_180.pdb	12.294	23.088	0.025	15.527
swarm_11_108.pdb	13.584	35.487	0	15.512
swarm_42_91.pdb	20.708	48.309	0	15.466
swarm_20_87.pdb	13.268	34.822	0	15.444
swarm_22_132.pdb	7.260	33.778	0.075	15.407
swarm_34_190.pdb	16.135	38.310	0	15.376
swarm_5_112.pdb	16.799	36.274	0	15.364
swarm_41_182.pdb	7.456	13.498	0.025	15.353
swarm_10_63.pdb	7.573	21.280	0	15.293
swarm_39_158.pdb	10.157	31.486	0	15.284
swarm_19_159.pdb	10.259	20.913	0	15.282
swarm_0_161.pdb	11.540	21.072	0	15.271
swarm_6_133.pdb	8.133	18.149	0	15.238
swarm_4_15.pdb	12.892	27.109	0	15.238
swarm_1_36.pdb	12.281	34.916	0	15.233
swarm_6_73.pdb	15.515	27.678	0	15.214
swarm_23_99.pdb	15.840	44.298	0	15.144
swarm_32_192.pdb	11.158	31.823	0	15.115
swarm_20_174.pdb	10.531	31.447	0	15.115
swarm_12_57.pdb	15.860	38.025	0	15.099
swarm_32_104.pdb	12.808	24.922	0	15.090
swarm_14_104.pdb	12.312	28.737	0	15.076
swarm_38_1.pdb	9.160	22.058	0	15.026
swarm_3_64.pdb	14.707	28.585	0	15.014
swarm_33_123.pdb	14.438	24.651	0	15.011
swarm_0_56.pdb	10.733	34.136	0	15.009
swarm_25_134.pdb	17.108	44.686	0	14.992
swarm_8_82.pdb	14.794	34.530	0	14.941
swarm_28_186.pdb	12.741	32.301	0	14.936
swarm_8_34.pdb	12.251	26.539	0	14.929
swarm_11_183.pdb	13.136	40.349	0	14.888
swarm_32_198.pdb	15.703	33.847	0	14.877
swarm_8_45.pdb	12.049	26.072	0	14.861
swarm_35_185.pdb	14.481	38.475	0	14.860
swarm_0_4.pdb	18.103	45.443	0	14.856
swarm_24_59.pdb	12.366	39.171	0	14.814
swarm_25_168.pdb	15.286	41.669	0	14.772
swarm_46_22.pdb	11.683	23.925	0	14.768
swarm_17_197.pdb	15.482	39.482	0	14.738
swarm_19_53.pdb	10.815	17.675	0	14.693
swarm_7_47.pdb	15.080	34.962	0	14.686
swarm_15_183.pdb	14.124	25.483	0	14.565
swarm_34_191.pdb	11.136	28.749	0.025	14.488
swarm_15_86.pdb	12.327	36.039	0	14.464
swarm_1_71.pdb	11.087	31.337	0	14.446
swarm_6_56.pdb	14.500	27.790	0	14.437
swarm_46_97.pdb	10.397	28.674	0.05	14.431
swarm_8_89.pdb	13.004	35.298	0	14.394
swarm_12_188.pdb	8.698	23.991	0	14.369
swarm_0_194.pdb	9.367	23.681	0	14.286
swarm_35_50.pdb	9.819	20.415	0	14.282
swarm_19_101.pdb	16.476	28.250	0	14.281
swarm_24_119.pdb	12.622	41.942	0	14.279
swarm_36_59.pdb	9.851	27.909	0	14.215
swarm_9_127.pdb	10.434	36.918	0	14.186
swarm_12_195.pdb	13.130	27.097	0	14.172
swarm_10_60.pdb	6.049	32.890	0.1	14.105
swarm_28_153.pdb	9.191	27.626	0	14.099
swarm_39_186.pdb	13.779	38.368	0	14.097
swarm_1_50.pdb	11.431	22.234	0	14.016
swarm_12_103.pdb	14.349	31.732	0	13.999
swarm_37_105.pdb	13.311	39.173	0.05	13.989
swarm_6_122.pdb	12.565	24.269	0	13.987
swarm_5_175.pdb	14.976	35.333	0	13.930
swarm_3_0.pdb	13.624	40.274	0	13.875
swarm_11_77.pdb	13.609	27.230	0	13.819
swarm_30_6.pdb	10.784	29.361	0	13.790
swarm_45_153.pdb	11.925	44.586	0	13.778
swarm_5_24.pdb	15.310	37.112	0	13.774
swarm_39_187.pdb	12.951	39.375	0	13.763
swarm_6_51.pdb	12.811	22.659	0	13.638
swarm_14_188.pdb	13.190	27.695	0	13.618
swarm_21_60.pdb	11.495	40.696	0	13.577
swarm_9_69.pdb	10.521	36.986	0	13.556
swarm_11_49.pdb	12.749	22.945	0	13.533
swarm_35_155.pdb	10.883	19.668	0	13.507
swarm_17_139.pdb	10.520	43.183	0.025	13.502
swarm_3_118.pdb	7.777	34.433	0	13.498
swarm_32_180.pdb	11.491	24.216	0	13.407
swarm_0_169.pdb	13.580	28.311	0	13.387
swarm_9_167.pdb	13.704	29.388	0	13.315
swarm_4_109.pdb	15.914	35.204	0	13.297
swarm_12_116.pdb	13.644	40.333	0	13.285
swarm_42_60.pdb	16.000	46.831	0	13.283
swarm_31_163.pdb	14.189	25.022	0	13.278
swarm_32_55.pdb	15.823	34.906	0	13.214
swarm_30_127.pdb	9.710	25.545	0	13.187
swarm_15_186.pdb	13.528	35.132	0	13.070
swarm_39_165.pdb	11.653	36.684	0	13.001
swarm_32_95.pdb	14.307	30.467	0	12.980
swarm_34_45.pdb	9.184	21.704	0	12.939
swarm_9_162.pdb	12.904	31.256	0	12.929
swarm_31_187.pdb	11.685	26.251	0.05	12.830
swarm_11_154.pdb	11.475	32.254	0.025	12.821
swarm_45_11.pdb	10.769	44.606	0.075	12.799
swarm_0_111.pdb	10.849	30.091	0.05	12.751
swarm_18_126.pdb	11.502	29.105	0	12.591
swarm_7_11.pdb	11.445	30.454	0	12.587
swarm_4_86.pdb	13.917	36.338	0	12.570
swarm_19_193.pdb	11.459	36.294	0.025	12.531
swarm_29_183.pdb	13.850	37.411	0	12.500
swarm_18_45.pdb	14.257	34.503	0	12.330
swarm_39_183.pdb	10.706	31.500	0	12.298
swarm_15_168.pdb	11.280	19.293	0	12.245
swarm_2_13.pdb	12.813	27.050	0	12.215
swarm_1_28.pdb	13.129	28.767	0	12.215
swarm_26_187.pdb	16.363	42.257	0	12.127
swarm_13_184.pdb	15.835	41.307	0	12.114
swarm_19_3.pdb	11.689	28.517	0	12.112
swarm_21_98.pdb	10.608	43.529	0	12.109
swarm_18_122.pdb	13.286	35.306	0	11.961
swarm_38_193.pdb	11.688	27.823	0	11.879
swarm_7_43.pdb	11.692	35.779	0	11.812
swarm_8_102.pdb	13.590	38.655	0	11.732
swarm_30_93.pdb	10.941	25.992	0	11.611
swarm_11_129.pdb	14.246	32.621	0	11.579
swarm_18_59.pdb	12.870	36.143	0	11.449
swarm_3_144.pdb	9.939	24.810	0	11.405
swarm_26_0.pdb	11.785	28.660	0	11.387
swarm_26_171.pdb	17.611	43.769	0	11.193
swarm_12_27.pdb	13.511	25.355	0	10.929
swarm_17_97.pdb	11.761	28.342	0	10.899
swarm_12_115.pdb	12.100	37.239	0	10.764
swarm_34_7.pdb	12.844	32.143	0	10.751
swarm_0_51.pdb	12.200	26.958	0	10.710
swarm_8_7.pdb	15.288	33.395	0	10.697
swarm_13_56.pdb	11.782	27.188	0	10.663
swarm_35_116.pdb	14.333	45.503	0	10.514
swarm_26_173.pdb	11.533	31.082	0	10.433
swarm_16_175.pdb	14.935	38.035	0	10.358
swarm_5_116.pdb	13.318	32.453	0	10.303
swarm_14_42.pdb	11.179	25.733	0	10.290
swarm_35_27.pdb	10.337	24.531	0.05	10.287
swarm_4_48.pdb	11.922	33.108	0	10.046
swarm_25_24.pdb	13.241	41.872	0	9.881
swarm_17_45.pdb	13.988	27.301	0	9.752
swarm_0_144.pdb	9.217	24.022	0	9.690
swarm_30_194.pdb	13.885	31.116	0	9.579
swarm_12_80.pdb	12.898	27.945	0	9.484
swarm_15_11.pdb	14.955	35.950	0	9.414
swarm_24_77.pdb	8.393	30.175	0.15	9.366
swarm_3_179.pdb	9.096	35.136	0.025	9.202
swarm_35_28.pdb	14.120	41.634	0	9.046
swarm_0_55.pdb	11.559	30.651	0	8.894
swarm_25_94.pdb	18.197	47.806	0	8.793
swarm_9_55.pdb	10.534	24.935	0	8.785
swarm_5_37.pdb	12.505	24.011	0	8.638
swarm_12_68.pdb	14.611	31.432	0	8.496
swarm_42_73.pdb	15.741	31.205	0	8.479
swarm_14_177.pdb	14.646	37.804	0	8.406
swarm_19_173.pdb	9.474	33.741	0.075	8.115
swarm_16_61.pdb	10.672	18.811	0	8.041
swarm_41_12.pdb	15.772	37.492	0	7.888
swarm_17_90.pdb	14.782	35.488	0	7.858
swarm_16_25.pdb	13.003	28.189	0	7.774
swarm_21_16.pdb	15.277	39.756	0	7.604
swarm_24_142.pdb	9.549	30.719	0	7.587
swarm_38_163.pdb	8.076	35.672	0	7.327
swarm_29_166.pdb	14.675	29.903	0	7.221
swarm_45_119.pdb	15.708	31.149	0	7.190
swarm_9_156.pdb	8.154	19.290	0.025	6.903
swarm_25_37.pdb	19.783	50.964	0	6.723
swarm_14_27.pdb	14.403	37.431	0	5.944
swarm_19_101.pdb	16.178	35.585	0	5.807
swarm_48_144.pdb	10.762	37.038	0	5.751
swarm_7_136.pdb	9.984	29.251	0	5.222
swarm_34_61.pdb	14.397	45.204	0	4.936
swarm_7_100.pdb	13.558	34.663	0	4.576
swarm_41_25.pdb	8.453	32.616	0.025	4.203
swarm_10_172.pdb	13.634	32.118	0	3.474
swarm_27_132.pdb	12.626	30.547	0	3.339
swarm_42_34.pdb	13.394	37.503	0	3.048
swarm_32_44.pdb	10.283	23.459	0	3.014
swarm_16_193.pdb	9.145	28.262	0	2.791
swarm_46_26.pdb	7.722	20.967	0	2.475
swarm_13_75.pdb	12.701	37.660	0.025	2.238
swarm_24_194.pdb	12.124	24.082	0	2.096
swarm_10_92.pdb	10.884	28.673	0	1.508
swarm_14_27.pdb	9.766	18.237	0	0.970
swarm_47_98.pdb	12.291	40.187	0	0.879
swarm_1_6.pdb	11.376	26.296	0	0.428
