swarm_34_93.pdb	8.823	29.202	0.2	36.591
swarm_11_114.pdb	12.237	37.104	0	33.986
swarm_23_86.pdb	8.369	27.729	0	33.358
swarm_30_71.pdb	10.540	31.978	0.05	32.735
swarm_10_197.pdb	9.185	27.102	0	31.485
swarm_7_123.pdb	7.608	22.911	0.075	30.701
swarm_4_77.pdb	12.372	41.912	0	29.983
swarm_36_90.pdb	15.179	42.020	0	29.738
swarm_3_95.pdb	6.577	15.385	0.05	29.456
swarm_22_194.pdb	7.894	32.241	0	29.346
swarm_28_180.pdb	12.891	34.147	0	29.023
swarm_16_174.pdb	12.088	36.741	0	29.003
swarm_9_146.pdb	15.235	35.686	0	28.904
swarm_9_150.pdb	10.465	31.533	0.025	28.145
swarm_2_5.pdb	7.499	20.841	0	28.086
swarm_38_102.pdb	12.541	37.947	0	28.069
swarm_18_159.pdb	13.795	40.232	0	28.064
swarm_30_9.pdb	14.444	35.884	0	27.981
swarm_21_126.pdb	8.550	31.699	0.025	27.592
swarm_21_154.pdb	11.567	28.823	0.025	27.372
swarm_37_42.pdb	10.685	40.476	0	27.235
swarm_29_138.pdb	12.110	38.609	0	27.227
swarm_37_36.pdb	11.732	34.066	0	27.208
swarm_6_99.pdb	14.121	40.925	0	27.129
swarm_24_120.pdb	7.546	24.399	0.025	26.822
swarm_7_62.pdb	9.393	27.367	0	26.541
swarm_36_195.pdb	16.343	36.921	0	26.503
swarm_26_72.pdb	12.605	37.490	0	26.269
swarm_20_123.pdb	15.213	45.291	0	26.204
swarm_33_74.pdb	13.120	35.401	0	26.157
swarm_22_152.pdb	9.627	35.629	0	26.089
swarm_35_20.pdb	8.327	37.725	0	26.047
swarm_34_194.pdb	13.713	33.472	0	25.939
swarm_2_96.pdb	12.384	35.388	0	25.696
swarm_24_32.pdb	7.134	27.895	0	25.667
swarm_24_101.pdb	12.183	35.337	0	25.509
swarm_21_130.pdb	11.596	24.893	0	25.505
swarm_6_152.pdb	7.218	24.995	0	25.110
swarm_27_185.pdb	12.661	52.956	0	25.017
swarm_3_171.pdb	14.055	25.486	0	24.862
swarm_17_145.pdb	15.026	44.888	0	24.635
swarm_11_68.pdb	11.362	41.211	0	24.572
swarm_6_114.pdb	14.478	35.064	0	24.421
swarm_15_196.pdb	10.944	32.512	0.025	24.289
swarm_21_167.pdb	10.596	27.182	0.125	24.122
swarm_10_132.pdb	12.365	27.980	0	24.112
swarm_29_10.pdb	14.797	39.360	0	24.023
swarm_13_28.pdb	11.396	21.843	0	23.858
swarm_14_38.pdb	14.479	35.660	0	23.829
swarm_11_61.pdb	9.083	34.711	0	23.787
swarm_3_111.pdb	9.542	26.406	0.025	23.780
swarm_36_94.pdb	18.084	42.819	0	23.690
swarm_14_139.pdb	15.268	43.433	0	23.632
swarm_19_196.pdb	13.820	34.996	0	23.559
swarm_26_127.pdb	15.252	43.108	0	23.557
swarm_21_99.pdb	12.659	26.377	0	23.514
swarm_26_39.pdb	17.341	41.872	0	23.431
swarm_23_170.pdb	9.049	36.733	0	23.009
swarm_39_120.pdb	14.973	40.077	0	22.930
swarm_33_192.pdb	14.071	39.456	0	22.907
swarm_0_182.pdb	16.608	44.493	0	22.870
swarm_7_86.pdb	12.322	29.425	0	22.833
swarm_30_21.pdb	12.829	36.835	0	22.707
swarm_15_167.pdb	11.434	35.796	0.075	22.702
swarm_17_143.pdb	12.613	33.449	0	22.651
swarm_2_173.pdb	13.945	31.005	0	22.609
swarm_33_17.pdb	11.042	38.720	0	22.569
swarm_39_165.pdb	11.201	30.422	0	22.561
swarm_13_98.pdb	9.239	19.840	0	22.535
swarm_9_29.pdb	9.379	28.961	0	22.499
swarm_31_67.pdb	10.625	44.746	0	22.486
swarm_4_35.pdb	16.268	49.538	0	22.441
swarm_3_185.pdb	13.275	31.066	0	22.376
swarm_30_76.pdb	9.133	35.170	0	22.304
swarm_25_53.pdb	15.404	43.939	0	22.300
swarm_33_30.pdb	11.136	31.186	0	22.293
swarm_38_187.pdb	11.814	34.451	0.05	22.088
swarm_9_93.pdb	14.472	31.912	0	22.003
swarm_1_182.pdb	10.851	28.772	0	21.955
swarm_26_158.pdb	14.190	40.228	0	21.860
swarm_37_186.pdb	13.530	32.841	0	21.692
swarm_2_120.pdb	7.665	22.807	0	21.643
swarm_33_143.pdb	16.964	43.668	0	21.638
swarm_0_69.pdb	15.351	40.389	0	21.569
swarm_18_43.pdb	14.582	40.568	0	21.556
swarm_10_145.pdb	6.053	19.446	0.175	21.548
swarm_24_160.pdb	11.882	25.389	0	21.505
swarm_6_186.pdb	11.793	38.126	0	21.499
swarm_36_102.pdb	13.855	39.623	0	21.495
swarm_0_61.pdb	11.090	46.448	0	21.483
swarm_17_173.pdb	14.612	35.396	0	21.481
swarm_6_34.pdb	16.377	44.710	0	21.457
swarm_20_89.pdb	13.555	42.479	0	21.449
swarm_24_180.pdb	14.517	33.624	0	21.327
swarm_38_35.pdb	10.466	37.813	0	21.276
swarm_30_8.pdb	12.795	39.995	0	21.239
swarm_9_126.pdb	13.542	34.048	0	21.182
swarm_0_160.pdb	11.728	49.760	0	21.152
swarm_4_125.pdb	12.956	37.115	0	21.113
swarm_36_110.pdb	17.324	44.874	0	21.113
swarm_22_169.pdb	14.866	36.420	0	20.992
swarm_5_16.pdb	13.954	38.033	0	20.956
swarm_39_95.pdb	8.910	30.412	0	20.932
swarm_6_86.pdb	14.009	32.260	0	20.929
swarm_7_5.pdb	8.114	25.694	0	20.871
swarm_24_135.pdb	16.719	36.732	0	20.862
swarm_22_27.pdb	10.874	34.666	0	20.846
swarm_23_64.pdb	15.516	40.748	0	20.802
swarm_15_191.pdb	14.028	31.107	0	20.693
swarm_19_113.pdb	12.145	26.645	0	20.586
swarm_7_28.pdb	7.248	23.264	0	20.569
swarm_39_186.pdb	14.875	38.336	0	20.521
swarm_18_80.pdb	15.739	37.347	0	20.488
swarm_6_38.pdb	16.119	38.379	0	20.480
swarm_11_89.pdb	10.753	31.513	0	20.408
swarm_14_129.pdb	12.239	33.931	0.1	20.310
swarm_13_2.pdb	10.111	21.746	0	20.276
swarm_22_111.pdb	9.738	38.192	0	20.263
swarm_19_62.pdb	15.557	38.001	0	20.193
swarm_27_136.pdb	10.156	42.471	0	20.172
swarm_7_37.pdb	10.386	35.938	0	20.151
swarm_23_148.pdb	16.494	45.077	0	20.088
swarm_34_60.pdb	14.601	37.454	0	20.039
swarm_14_11.pdb	9.105	33.692	0	19.981
swarm_30_20.pdb	12.136	33.240	0.125	19.961
swarm_0_86.pdb	12.605	34.363	0	19.956
swarm_19_120.pdb	12.099	27.566	0	19.952
swarm_14_28.pdb	14.210	32.099	0	19.951
swarm_36_107.pdb	13.472	45.534	0	19.793
swarm_12_115.pdb	11.075	26.238	0	19.728
swarm_35_129.pdb	13.149	38.017	0	19.724
swarm_35_198.pdb	13.874	37.865	0	19.707
swarm_18_199.pdb	12.363	44.000	0	19.658
swarm_12_189.pdb	13.655	30.640	0	19.560
swarm_13_13.pdb	9.656	28.337	0.05	19.527
swarm_25_150.pdb	14.054	38.143	0	19.520
swarm_38_52.pdb	14.608	30.485	0	19.480
swarm_26_20.pdb	14.575	42.374	0	19.443
swarm_18_105.pdb	10.624	32.932	0	19.413
swarm_4_47.pdb	11.395	42.480	0	19.402
swarm_30_186.pdb	12.133	36.851	0	19.391
swarm_17_62.pdb	14.280	36.042	0	19.379
swarm_7_41.pdb	14.785	34.185	0	19.320
swarm_23_163.pdb	14.006	41.017	0	19.309
swarm_14_165.pdb	11.084	40.553	0	19.260
swarm_15_55.pdb	14.658	38.761	0	19.221
swarm_4_64.pdb	17.320	49.692	0	19.155
swarm_29_40.pdb	13.353	29.324	0	19.136
swarm_35_63.pdb	13.173	46.931	0	18.903
swarm_20_82.pdb	15.124	41.982	0	18.883
swarm_27_34.pdb	15.663	42.623	0	18.721
swarm_8_43.pdb	12.657	36.095	0	18.706
swarm_28_75.pdb	12.798	33.377	0	18.650
swarm_14_66.pdb	16.048	39.496	0	18.541
swarm_31_193.pdb	9.361	45.709	0	18.537
swarm_15_22.pdb	15.220	33.510	0	18.508
swarm_22_55.pdb	18.522	40.918	0	18.451
swarm_17_0.pdb	13.567	40.639	0	18.297
swarm_0_177.pdb	13.460	41.617	0	18.213
swarm_14_182.pdb	14.022	35.331	0	18.151
swarm_0_190.pdb	14.863	42.364	0	18.124
swarm_23_178.pdb	17.028	39.293	0	18.080
swarm_18_151.pdb	19.586	49.100	0	17.985
swarm_6_134.pdb	10.044	40.778	0	17.852
swarm_21_12.pdb	11.877	25.660	0.05	17.675
swarm_18_118.pdb	15.727	42.775	0	17.566
swarm_21_98.pdb	11.193	25.259	0	17.551
swarm_19_3.pdb	15.924	37.945	0	17.529
swarm_25_183.pdb	15.152	42.038	0	17.515
swarm_30_178.pdb	11.951	40.988	0	17.483
swarm_18_51.pdb	12.540	43.527	0	17.452
swarm_11_109.pdb	13.937	33.676	0	17.292
swarm_14_125.pdb	13.750	38.436	0	17.210
swarm_26_133.pdb	13.032	47.507	0	17.167
swarm_26_113.pdb	9.990	48.375	0	17.101
swarm_13_113.pdb	12.317	26.293	0	16.978
swarm_9_157.pdb	8.089	25.561	0.025	16.929
swarm_15_125.pdb	15.286	30.499	0	16.611
swarm_21_186.pdb	11.261	19.785	0	16.599
swarm_13_152.pdb	9.625	27.245	0	16.528
swarm_35_66.pdb	17.764	47.832	0	16.462
swarm_9_72.pdb	13.592	28.889	0	16.445
swarm_9_101.pdb	12.907	31.918	0.025	16.433
swarm_9_97.pdb	12.327	29.691	0	16.353
swarm_31_101.pdb	19.921	52.489	0	16.278
swarm_1_11.pdb	9.047	20.438	0	16.241
swarm_30_26.pdb	12.961	40.236	0	16.186
swarm_24_142.pdb	15.017	31.131	0	16.135
swarm_4_143.pdb	13.244	48.528	0	16.128
swarm_29_109.pdb	9.615	34.708	0.025	15.923
swarm_18_71.pdb	20.124	51.149	0	15.669
swarm_15_157.pdb	14.472	27.305	0	15.657
swarm_15_80.pdb	16.004	32.155	0	15.624
swarm_3_153.pdb	10.584	23.292	0	15.568
swarm_25_165.pdb	9.936	39.195	0	15.559
swarm_22_132.pdb	7.260	33.778	0.075	15.407
swarm_10_63.pdb	7.573	21.280	0	15.293
swarm_39_158.pdb	10.157	31.486	0	15.284
swarm_3_64.pdb	14.707	28.585	0	15.014
swarm_25_134.pdb	17.108	44.686	0	14.992
swarm_28_186.pdb	12.741	32.301	0	14.936
swarm_0_4.pdb	18.103	45.443	0	14.856
swarm_24_59.pdb	12.366	39.171	0	14.814
swarm_7_47.pdb	15.080	34.962	0	14.686
swarm_37_105.pdb	13.311	39.173	0.05	13.989
swarm_30_6.pdb	10.784	29.361	0	13.790
swarm_17_139.pdb	10.520	43.183	0.025	13.502
swarm_9_167.pdb	13.704	29.388	0	13.315
swarm_4_109.pdb	15.914	35.204	0	13.297
swarm_4_86.pdb	13.917	36.338	0	12.570
swarm_29_183.pdb	13.850	37.411	0	12.500
swarm_39_183.pdb	10.706	31.500	0	12.298
swarm_2_13.pdb	12.813	27.050	0	12.215
swarm_26_187.pdb	16.363	42.257	0	12.127
swarm_38_193.pdb	11.688	27.823	0	11.879
swarm_7_43.pdb	11.692	35.779	0	11.812
swarm_3_144.pdb	9.939	24.810	0	11.405
swarm_26_171.pdb	17.611	43.769	0	11.193
swarm_34_7.pdb	12.844	32.143	0	10.751
swarm_4_48.pdb	11.922	33.108	0	10.046
swarm_17_45.pdb	13.988	27.301	0	9.752
swarm_24_77.pdb	8.393	30.175	0.15	9.366
swarm_25_94.pdb	18.197	47.806	0	8.793
swarm_14_177.pdb	14.646	37.804	0	8.406
swarm_9_156.pdb	8.154	19.290	0.025	6.903
swarm_14_27.pdb	14.403	37.431	0	5.944
swarm_16_193.pdb	9.145	28.262	0	2.791
swarm_10_92.pdb	10.884	28.673	0	1.508
