swarm_30_199.pdb	15.014	29.316	0	33.919
swarm_23_7.pdb	13.234	27.247	0	32.285
swarm_18_147.pdb	12.453	22.658	0	32.104
swarm_23_49.pdb	7.669	25.399	0	31.760
swarm_6_148.pdb	9.192	22.161	0	31.728
swarm_19_39.pdb	11.884	27.157	0	31.279
swarm_13_171.pdb	11.134	27.081	0	31.066
swarm_50_81.pdb	10.754	38.633	0	30.949
swarm_27_146.pdb	10.894	33.156	0	30.529
swarm_39_82.pdb	12.823	23.625	0	29.942
swarm_31_196.pdb	14.168	27.610	0	29.898
swarm_3_73.pdb	10.488	34.793	0	29.518
swarm_28_95.pdb	16.380	42.054	0	28.989
swarm_20_106.pdb	11.214	22.433	0	28.824
swarm_25_102.pdb	13.952	40.942	0	28.797
swarm_16_191.pdb	15.703	42.372	0	28.728
swarm_3_27.pdb	15.232	40.037	0	28.656
swarm_15_150.pdb	13.196	36.179	0	28.546
swarm_9_182.pdb	11.100	24.653	0	28.428
swarm_35_5.pdb	11.440	25.651	0	28.428
swarm_50_114.pdb	10.231	35.307	0	28.247
swarm_4_150.pdb	11.287	20.793	0	28.172
swarm_27_119.pdb	9.710	39.622	0	28.158
swarm_19_98.pdb	12.107	29.220	0	27.993
swarm_32_68.pdb	12.171	31.523	0	27.917
swarm_37_182.pdb	12.480	26.182	0	27.887
swarm_6_113.pdb	14.675	31.805	0	27.730
swarm_23_10.pdb	14.166	29.586	0	27.666
swarm_27_63.pdb	15.927	42.530	0	27.641
swarm_23_57.pdb	13.627	30.025	0	27.583
swarm_42_192.pdb	11.526	26.392	0	27.551
swarm_32_29.pdb	11.119	23.636	0	27.422
swarm_18_121.pdb	11.919	22.309	0	27.353
swarm_19_126.pdb	13.285	31.490	0	27.201
swarm_15_84.pdb	10.955	27.773	0	27.131
swarm_4_151.pdb	11.200	23.568	0.175	27.003
swarm_13_39.pdb	9.216	21.208	0	26.993
swarm_32_107.pdb	13.509	27.218	0	26.967
swarm_16_181.pdb	11.474	32.386	0	26.666
swarm_28_43.pdb	11.912	34.143	0	26.547
swarm_2_188.pdb	13.690	30.149	0	26.257
swarm_13_102.pdb	5.971	16.280	0	26.137
swarm_48_117.pdb	8.881	25.862	0.075	25.973
swarm_31_43.pdb	14.278	26.956	0	25.794
swarm_11_181.pdb	9.736	26.519	0	25.794
swarm_30_7.pdb	12.056	33.825	0.075	25.765
swarm_27_180.pdb	11.651	35.825	0	25.750
swarm_12_171.pdb	14.498	27.839	0	25.674
swarm_4_63.pdb	9.244	20.393	0	25.637
swarm_8_124.pdb	6.234	14.094	0.025	25.608
swarm_29_40.pdb	12.945	24.963	0	25.537
swarm_35_84.pdb	9.553	20.679	0	25.459
swarm_47_131.pdb	15.248	45.550	0	25.454
swarm_25_68.pdb	16.992	41.553	0	25.372
swarm_6_99.pdb	11.786	19.397	0	25.333
swarm_13_92.pdb	13.132	26.210	0	25.209
swarm_13_156.pdb	10.715	22.925	0	25.167
swarm_15_112.pdb	10.699	28.304	0	25.149
swarm_33_54.pdb	11.436	32.221	0.025	25.080
swarm_11_108.pdb	11.009	37.451	0	24.962
swarm_29_115.pdb	12.197	42.768	0	24.935
swarm_21_147.pdb	3.407	16.492	0.475	24.875
swarm_4_184.pdb	8.684	18.247	0	24.874
swarm_43_185.pdb	17.676	48.284	0	24.815
swarm_8_77.pdb	14.016	25.866	0	24.813
swarm_7_128.pdb	12.301	28.111	0	24.741
swarm_46_182.pdb	11.515	40.547	0	24.683
swarm_36_199.pdb	11.891	32.058	0	24.667
swarm_35_98.pdb	11.040	27.998	0.05	24.580
swarm_50_176.pdb	12.065	35.808	0	24.566
swarm_35_73.pdb	15.044	28.820	0	24.561
swarm_37_86.pdb	17.718	35.876	0	24.498
swarm_36_90.pdb	11.155	20.431	0	24.406
swarm_1_39.pdb	9.624	39.536	0	24.404
swarm_36_81.pdb	13.496	33.201	0.05	24.375
swarm_39_64.pdb	15.373	30.847	0	24.357
swarm_0_105.pdb	10.708	24.146	0	24.223
swarm_43_171.pdb	16.582	41.122	0	24.080
swarm_21_16.pdb	13.575	33.789	0	24.018
swarm_6_39.pdb	7.736	31.301	0.125	23.955
swarm_45_120.pdb	9.503	19.643	0	23.931
swarm_44_188.pdb	12.058	27.384	0	23.855
swarm_17_172.pdb	13.210	25.296	0	23.837
swarm_20_15.pdb	12.145	22.714	0	23.787
swarm_8_84.pdb	13.069	31.111	0	23.729
swarm_14_135.pdb	13.294	33.186	0	23.672
swarm_9_170.pdb	13.458	26.695	0	23.639
swarm_33_109.pdb	14.147	27.467	0	23.636
swarm_35_88.pdb	14.730	27.238	0	23.596
swarm_13_4.pdb	12.587	29.581	0	23.570
swarm_30_78.pdb	12.178	40.032	0	23.565
swarm_7_188.pdb	15.313	35.444	0	23.541
swarm_46_8.pdb	15.196	46.644	0	23.540
swarm_2_195.pdb	13.332	35.084	0	23.536
swarm_36_195.pdb	13.072	29.401	0	23.520
swarm_36_185.pdb	11.482	23.495	0	23.502
swarm_48_193.pdb	10.337	26.879	0.025	23.493
swarm_4_139.pdb	12.010	33.611	0	23.473
swarm_16_199.pdb	10.546	21.447	0	23.440
swarm_44_152.pdb	6.015	14.417	0	23.409
swarm_3_10.pdb	12.489	32.572	0	23.376
swarm_17_1.pdb	10.215	19.914	0	23.351
swarm_16_67.pdb	12.395	23.210	0	23.224
swarm_42_44.pdb	14.772	30.847	0	23.216
swarm_12_149.pdb	14.319	26.978	0	23.156
swarm_36_136.pdb	11.450	30.066	0.05	23.066
swarm_32_11.pdb	14.316	31.093	0	23.014
swarm_26_15.pdb	9.757	20.456	0	23.003
swarm_4_17.pdb	10.811	24.047	0	23.000
swarm_12_7.pdb	11.325	27.029	0.05	22.988
swarm_11_51.pdb	13.625	27.545	0	22.955
swarm_25_11.pdb	10.836	35.326	0	22.932
swarm_45_183.pdb	2.638	17.077	0.5	22.902
swarm_7_189.pdb	12.282	29.136	0	22.889
swarm_16_120.pdb	11.823	26.503	0	22.828
swarm_13_94.pdb	10.201	27.094	0.075	22.792
swarm_28_181.pdb	12.822	38.567	0	22.735
swarm_35_160.pdb	16.466	34.894	0	22.696
swarm_13_172.pdb	12.393	37.306	0	22.654
swarm_9_74.pdb	10.836	22.555	0	22.651
swarm_0_177.pdb	10.764	24.369	0	22.594
swarm_39_161.pdb	13.135	30.026	0.025	22.582
swarm_20_155.pdb	13.458	23.910	0	22.573
swarm_8_23.pdb	12.397	26.123	0	22.571
swarm_0_69.pdb	14.094	35.181	0	22.534
swarm_31_0.pdb	11.883	23.860	0.125	22.533
swarm_8_120.pdb	10.230	27.926	0.1	22.475
swarm_47_9.pdb	12.237	34.481	0	22.451
swarm_11_84.pdb	10.453	36.076	0.025	22.440
swarm_11_55.pdb	8.628	34.600	0.05	22.429
swarm_26_112.pdb	7.265	28.563	0.025	22.415
swarm_33_148.pdb	9.603	19.899	0	22.401
swarm_0_45.pdb	11.340	29.085	0	22.385
swarm_23_163.pdb	15.368	33.546	0	22.353
swarm_21_73.pdb	14.446	27.673	0	22.346
swarm_14_38.pdb	13.474	23.126	0	22.343
swarm_39_65.pdb	12.973	38.810	0	22.282
swarm_42_51.pdb	15.528	35.185	0	22.279
swarm_50_198.pdb	6.956	35.819	0.125	22.233
swarm_36_141.pdb	5.713	27.044	0.075	22.148
swarm_14_140.pdb	9.437	19.740	0.025	22.116
swarm_19_86.pdb	8.649	29.485	0.025	22.075
swarm_26_146.pdb	14.007	36.243	0	22.065
swarm_14_2.pdb	11.321	25.366	0	21.989
swarm_48_16.pdb	8.873	25.221	0	21.984
swarm_32_198.pdb	9.640	26.484	0.05	21.953
swarm_37_51.pdb	14.666	33.042	0	21.938
swarm_9_108.pdb	9.429	24.671	0.025	21.879
swarm_45_184.pdb	6.346	17.912	0.025	21.874
swarm_42_101.pdb	13.456	31.622	0	21.859
swarm_14_85.pdb	11.328	28.044	0	21.837
swarm_36_130.pdb	13.920	24.634	0	21.820
swarm_5_62.pdb	6.074	27.102	0.15	21.765
swarm_45_139.pdb	14.768	38.843	0	21.752
swarm_32_182.pdb	6.249	18.753	0.175	21.752
swarm_1_190.pdb	14.625	31.860	0	21.733
swarm_40_75.pdb	9.986	29.225	0	21.722
swarm_45_79.pdb	10.358	22.553	0	21.704
swarm_44_10.pdb	11.895	26.345	0.025	21.674
swarm_27_27.pdb	9.067	37.067	0.075	21.650
swarm_45_131.pdb	14.864	34.700	0	21.583
swarm_21_196.pdb	10.063	28.027	0.075	21.577
swarm_26_92.pdb	13.121	33.617	0.025	21.566
swarm_44_5.pdb	10.904	24.539	0	21.520
swarm_11_29.pdb	8.795	26.465	0	21.519
swarm_40_62.pdb	11.524	28.524	0	21.494
swarm_42_193.pdb	13.269	26.831	0.025	21.482
swarm_9_61.pdb	10.417	19.908	0	21.433
swarm_1_128.pdb	13.628	33.492	0	21.393
swarm_26_90.pdb	9.226	28.910	0	21.365
swarm_24_98.pdb	11.427	35.626	0	21.351
swarm_40_69.pdb	15.647	30.121	0	21.333
swarm_31_13.pdb	11.397	26.619	0.125	21.333
swarm_13_89.pdb	7.171	23.715	0.025	21.223
swarm_29_5.pdb	11.733	43.598	0	21.137
swarm_2_162.pdb	14.250	32.140	0	21.126
swarm_3_91.pdb	13.005	35.323	0	21.124
swarm_4_77.pdb	11.670	32.625	0	21.113
swarm_23_112.pdb	13.378	32.226	0	21.097
swarm_13_177.pdb	14.564	27.202	0	21.058
swarm_19_112.pdb	12.783	26.394	0	21.051
swarm_37_169.pdb	14.912	31.812	0	21.050
swarm_3_146.pdb	12.431	32.829	0	20.945
swarm_46_70.pdb	10.903	27.060	0	20.929
swarm_16_190.pdb	15.758	35.182	0	20.911
swarm_46_80.pdb	12.924	29.787	0	20.874
swarm_35_81.pdb	14.875	31.704	0	20.834
swarm_8_141.pdb	8.627	20.409	0.025	20.786
swarm_9_145.pdb	7.269	21.366	0.1	20.778
swarm_18_8.pdb	14.346	25.626	0	20.751
swarm_12_123.pdb	12.299	22.286	0	20.743
swarm_30_103.pdb	15.511	29.585	0	20.611
swarm_5_6.pdb	13.580	30.454	0	20.568
swarm_23_67.pdb	7.333	36.119	0.05	20.520
swarm_26_183.pdb	13.189	30.912	0	20.473
swarm_31_50.pdb	11.132	25.727	0.15	20.471
swarm_2_10.pdb	14.159	31.224	0	20.434
swarm_12_82.pdb	10.715	26.559	0	20.384
swarm_9_44.pdb	10.032	25.543	0	20.338
swarm_25_118.pdb	15.028	34.472	0	20.333
swarm_39_167.pdb	10.491	29.772	0	20.280
swarm_12_27.pdb	13.736	30.970	0	20.198
swarm_3_85.pdb	12.324	30.660	0	20.191
swarm_38_70.pdb	12.319	27.804	0	20.156
swarm_15_0.pdb	15.055	32.819	0	20.155
swarm_0_91.pdb	9.156	20.567	0	20.153
swarm_32_148.pdb	13.003	24.642	0.025	20.146
swarm_15_158.pdb	12.763	31.530	0	20.128
swarm_16_110.pdb	11.476	31.847	0	20.124
swarm_20_30.pdb	12.351	31.220	0	20.099
swarm_48_83.pdb	12.522	33.622	0	20.072
swarm_44_145.pdb	6.507	19.052	0.075	20.049
swarm_42_109.pdb	12.850	34.556	0	20.023
swarm_17_31.pdb	8.705	17.962	0	19.995
swarm_35_119.pdb	13.474	24.282	0	19.994
swarm_41_168.pdb	17.178	36.690	0	19.954
swarm_11_160.pdb	10.523	26.449	0.1	19.951
swarm_12_94.pdb	11.726	24.040	0	19.948
swarm_19_31.pdb	13.981	36.329	0	19.932
swarm_4_42.pdb	11.881	24.664	0.05	19.895
swarm_36_189.pdb	11.569	32.206	0	19.867
swarm_17_132.pdb	9.840	25.746	0.05	19.847
swarm_16_40.pdb	10.406	24.573	0	19.842
swarm_45_57.pdb	13.747	27.119	0	19.828
swarm_16_4.pdb	6.340	23.665	0.025	19.765
swarm_34_109.pdb	16.494	42.192	0	19.760
swarm_19_74.pdb	12.656	25.984	0	19.743
swarm_32_46.pdb	11.747	26.838	0.05	19.690
swarm_7_101.pdb	9.608	21.384	0.025	19.685
swarm_17_129.pdb	11.018	26.774	0.05	19.681
swarm_33_15.pdb	14.577	28.306	0	19.676
swarm_11_162.pdb	11.924	32.401	0	19.675
swarm_33_113.pdb	12.353	28.779	0.025	19.657
swarm_34_118.pdb	8.426	17.557	0	19.625
swarm_21_162.pdb	8.564	18.215	0	19.613
swarm_26_164.pdb	16.467	35.767	0	19.609
swarm_47_15.pdb	10.730	24.027	0	19.599
swarm_12_117.pdb	8.423	26.970	0	19.576
swarm_16_88.pdb	13.492	27.731	0	19.544
swarm_4_10.pdb	13.299	36.500	0	19.534
swarm_13_29.pdb	6.810	30.151	0.05	19.525
swarm_32_136.pdb	12.778	27.981	0	19.502
swarm_9_103.pdb	9.051	28.336	0	19.481
swarm_15_55.pdb	16.376	32.283	0	19.412
swarm_48_196.pdb	6.947	26.613	0.125	19.363
swarm_21_3.pdb	14.335	26.003	0	19.349
swarm_42_5.pdb	9.774	33.489	0.025	19.307
swarm_18_88.pdb	8.448	21.895	0	19.275
swarm_13_64.pdb	10.066	28.958	0	19.268
swarm_45_27.pdb	10.000	17.814	0	19.264
swarm_33_157.pdb	9.467	27.486	0.075	19.232
swarm_18_137.pdb	13.332	22.917	0	19.192
swarm_40_98.pdb	13.882	34.292	0	19.107
swarm_29_33.pdb	8.766	30.885	0	19.051
swarm_47_41.pdb	13.125	29.503	0	19.006
swarm_33_14.pdb	10.735	28.069	0	18.988
swarm_6_94.pdb	12.015	26.833	0	18.972
swarm_33_85.pdb	14.451	24.566	0	18.963
swarm_29_26.pdb	10.831	39.312	0	18.909
swarm_37_9.pdb	11.523	33.554	0	18.875
swarm_12_168.pdb	11.445	28.594	0	18.853
swarm_0_137.pdb	12.986	31.654	0	18.843
swarm_11_4.pdb	9.682	26.373	0	18.836
swarm_12_110.pdb	12.214	26.894	0	18.798
swarm_14_69.pdb	10.756	22.556	0	18.729
swarm_12_192.pdb	12.677	26.302	0	18.693
swarm_1_29.pdb	11.320	36.259	0	18.676
swarm_0_162.pdb	13.099	26.811	0	18.631
swarm_18_83.pdb	5.349	13.995	0	18.610
swarm_37_54.pdb	10.612	41.579	0	18.595
swarm_11_16.pdb	11.665	26.035	0	18.586
swarm_40_19.pdb	6.374	28.709	0.1	18.570
swarm_11_12.pdb	16.905	37.549	0	18.545
swarm_11_52.pdb	10.174	30.829	0	18.532
swarm_35_140.pdb	9.738	20.532	0	18.527
swarm_0_53.pdb	14.645	25.553	0	18.489
swarm_26_163.pdb	11.232	31.243	0	18.476
swarm_22_106.pdb	12.606	32.255	0	18.437
swarm_13_155.pdb	12.232	28.984	0	18.388
swarm_14_148.pdb	10.745	22.791	0	18.341
swarm_14_37.pdb	10.904	23.717	0	18.340
swarm_11_117.pdb	10.257	26.843	0	18.327
swarm_36_0.pdb	9.051	28.053	0	18.315
swarm_50_63.pdb	15.333	39.851	0	18.299
swarm_16_160.pdb	11.245	33.538	0	18.285
swarm_2_91.pdb	13.677	40.901	0	18.280
swarm_44_118.pdb	10.575	17.763	0	18.227
swarm_28_151.pdb	12.299	31.007	0	18.227
swarm_5_16.pdb	14.874	29.828	0	18.198
swarm_40_195.pdb	8.824	36.319	0.075	18.152
swarm_26_14.pdb	7.384	28.239	0.075	18.142
swarm_2_103.pdb	10.305	24.953	0	18.128
swarm_0_128.pdb	9.663	16.164	0	18.115
swarm_23_120.pdb	10.507	22.318	0	18.090
swarm_23_60.pdb	14.969	31.215	0	18.067
swarm_31_41.pdb	11.882	18.551	0	18.057
swarm_28_92.pdb	14.920	36.346	0	18.038
swarm_35_100.pdb	4.707	17.885	0.375	18.000
swarm_15_18.pdb	17.585	43.991	0	17.984
swarm_44_98.pdb	10.042	26.051	0.05	17.955
swarm_16_77.pdb	16.935	36.768	0	17.928
swarm_33_121.pdb	12.640	25.305	0.025	17.845
swarm_6_149.pdb	10.077	22.668	0.15	17.834
swarm_8_142.pdb	9.404	20.495	0	17.832
swarm_36_91.pdb	8.332	31.101	0.025	17.818
swarm_46_50.pdb	15.774	39.149	0	17.803
swarm_33_90.pdb	14.199	27.248	0	17.763
swarm_25_76.pdb	14.109	30.447	0	17.739
swarm_19_5.pdb	12.114	27.455	0	17.732
swarm_44_93.pdb	7.609	21.416	0.025	17.689
swarm_3_25.pdb	14.330	31.333	0	17.616
swarm_32_181.pdb	10.416	20.545	0	17.589
swarm_20_197.pdb	9.883	29.456	0.025	17.567
swarm_46_149.pdb	9.873	34.329	0	17.511
swarm_14_45.pdb	15.431	35.333	0	17.475
swarm_12_72.pdb	10.656	23.840	0	17.464
swarm_24_192.pdb	16.472	36.886	0	17.461
swarm_32_80.pdb	12.309	24.878	0	17.425
swarm_14_44.pdb	14.571	26.745	0	17.392
swarm_12_136.pdb	14.189	26.995	0	17.391
swarm_4_47.pdb	12.820	27.467	0	17.387
swarm_7_182.pdb	12.265	29.844	0	17.382
swarm_48_139.pdb	11.213	25.633	0	17.332
swarm_31_185.pdb	11.474	24.648	0.075	17.306
swarm_26_160.pdb	16.445	36.190	0	17.306
swarm_28_170.pdb	9.470	28.293	0	17.288
swarm_33_140.pdb	10.963	25.836	0.05	17.247
swarm_48_41.pdb	12.158	26.252	0	17.226
swarm_14_124.pdb	9.739	21.692	0	17.182
swarm_0_172.pdb	14.026	34.272	0	17.164
swarm_30_10.pdb	14.164	35.144	0	17.138
swarm_1_165.pdb	10.819	30.036	0	17.130
swarm_44_63.pdb	13.218	24.954	0	17.062
swarm_37_98.pdb	10.107	27.597	0	17.024
swarm_24_45.pdb	16.564	42.543	0	17.011
swarm_31_9.pdb	11.584	18.006	0	16.998
swarm_4_15.pdb	12.429	26.111	0.05	16.994
swarm_1_75.pdb	14.146	26.249	0	16.939
swarm_11_0.pdb	13.839	30.700	0	16.922
swarm_36_47.pdb	5.414	21.125	0.1	16.876
swarm_18_58.pdb	11.677	27.050	0	16.814
swarm_20_105.pdb	13.237	26.744	0	16.737
swarm_32_183.pdb	13.141	26.585	0	16.733
swarm_20_77.pdb	10.481	18.409	0	16.730
swarm_34_113.pdb	13.683	47.030	0	16.715
swarm_14_194.pdb	11.349	32.005	0.125	16.709
swarm_1_106.pdb	10.523	22.027	0	16.707
swarm_31_190.pdb	11.774	25.698	0.1	16.695
swarm_8_192.pdb	9.999	24.333	0	16.578
swarm_23_164.pdb	10.580	22.581	0	16.547
swarm_3_159.pdb	9.619	33.476	0	16.530
swarm_26_149.pdb	12.487	26.930	0	16.487
swarm_8_193.pdb	3.931	10.630	0.175	16.482
swarm_4_75.pdb	11.969	27.603	0	16.428
swarm_32_94.pdb	13.899	27.737	0	16.230
swarm_40_192.pdb	15.396	34.939	0	16.227
swarm_35_109.pdb	10.770	23.516	0	16.223
swarm_3_23.pdb	6.671	35.832	0.025	16.197
swarm_1_19.pdb	12.002	32.474	0	16.137
swarm_6_89.pdb	13.093	28.792	0	16.069
swarm_12_118.pdb	13.360	29.496	0	16.011
swarm_12_88.pdb	12.880	28.084	0	16.007
swarm_23_178.pdb	4.388	21.251	0.15	15.974
swarm_48_48.pdb	10.918	25.887	0	15.782
swarm_34_199.pdb	13.330	27.979	0.05	15.730
swarm_31_87.pdb	10.912	21.711	0	15.727
swarm_35_171.pdb	12.341	25.555	0	15.712
swarm_31_94.pdb	11.757	26.073	0.075	15.697
swarm_35_8.pdb	9.797	20.502	0	15.680
swarm_50_184.pdb	12.354	39.062	0	15.648
swarm_29_0.pdb	11.535	30.031	0	15.632
swarm_39_86.pdb	16.617	32.983	0	15.603
swarm_4_171.pdb	14.756	25.465	0	15.499
swarm_10_47.pdb	10.557	28.228	0.05	15.489
swarm_29_42.pdb	15.075	33.445	0	15.445
swarm_48_119.pdb	9.355	21.335	0	15.442
swarm_11_169.pdb	11.483	28.284	0	15.432
swarm_24_35.pdb	10.253	33.396	0	15.392
swarm_38_134.pdb	14.094	32.409	0	15.374
swarm_11_166.pdb	8.120	27.279	0	15.336
swarm_34_105.pdb	11.843	37.003	0	15.308
swarm_39_182.pdb	12.423	27.101	0	15.307
swarm_9_187.pdb	14.119	29.090	0	15.172
swarm_34_133.pdb	11.563	28.896	0.1	15.165
swarm_4_97.pdb	11.000	24.696	0	15.150
swarm_37_108.pdb	12.253	28.895	0	15.046
swarm_14_121.pdb	11.143	29.247	0.05	14.952
swarm_43_179.pdb	16.012	37.954	0	14.690
swarm_31_157.pdb	13.977	25.162	0	14.690
swarm_23_104.pdb	13.289	41.226	0	14.684
swarm_8_104.pdb	12.982	24.008	0	14.597
swarm_26_149.pdb	8.866	28.245	0	14.563
swarm_34_100.pdb	11.758	47.417	0.15	14.491
swarm_45_21.pdb	9.505	27.082	0	14.466
swarm_4_139.pdb	13.285	25.872	0	14.460
swarm_6_90.pdb	8.860	38.040	0.025	14.439
swarm_9_73.pdb	12.507	24.535	0	14.407
swarm_31_105.pdb	12.451	23.061	0.025	14.389
swarm_42_71.pdb	12.408	27.229	0	14.383
swarm_8_24.pdb	16.424	31.866	0	14.271
swarm_8_13.pdb	13.158	31.968	0	14.189
swarm_34_101.pdb	11.024	29.079	0.025	14.163
swarm_9_6.pdb	12.773	24.867	0	14.148
swarm_23_14.pdb	12.264	30.445	0	14.066
swarm_26_138.pdb	15.133	31.485	0	14.060
swarm_48_163.pdb	6.124	21.174	0.3	13.954
swarm_33_87.pdb	10.696	25.531	0.075	13.889
swarm_42_122.pdb	8.463	24.511	0.175	13.844
swarm_18_48.pdb	13.332	26.647	0	13.828
swarm_36_69.pdb	13.498	36.117	0	13.788
swarm_26_142.pdb	6.482	28.220	0.075	13.677
swarm_45_36.pdb	13.423	24.340	0	13.569
swarm_18_47.pdb	13.366	26.623	0	13.561
swarm_2_133.pdb	12.796	33.815	0	13.385
swarm_20_104.pdb	9.555	23.295	0.075	13.214
swarm_21_88.pdb	14.719	28.270	0	13.174
swarm_33_55.pdb	13.589	33.139	0	13.145
swarm_31_69.pdb	11.570	23.452	0	13.098
swarm_31_166.pdb	14.059	24.809	0	13.075
swarm_35_87.pdb	12.114	26.624	0	12.949
swarm_1_121.pdb	10.348	20.758	0	12.940
swarm_49_151.pdb	14.724	39.739	0	12.616
swarm_33_144.pdb	13.415	28.855	0	12.486
swarm_13_53.pdb	5.036	27.156	0.25	12.248
swarm_13_91.pdb	11.077	32.877	0	12.214
swarm_17_88.pdb	9.992	29.940	0	12.008
swarm_23_34.pdb	15.109	28.113	0	11.963
swarm_35_123.pdb	11.044	19.720	0	11.887
swarm_26_142.pdb	11.613	31.950	0	11.785
swarm_46_3.pdb	14.644	37.071	0	11.442
swarm_9_148.pdb	9.928	23.882	0.025	10.879
swarm_32_150.pdb	10.987	25.012	0.075	10.838
swarm_30_167.pdb	15.890	31.232	0	10.707
swarm_50_14.pdb	9.764	40.236	0.05	10.496
swarm_4_148.pdb	14.079	24.097	0	10.365
swarm_15_96.pdb	12.960	37.444	0	10.287
swarm_45_39.pdb	13.860	27.735	0	10.180
swarm_24_154.pdb	13.709	33.133	0	10.179
swarm_46_60.pdb	16.427	38.076	0	9.651
swarm_0_148.pdb	11.733	31.259	0	9.511
swarm_0_10.pdb	11.682	31.547	0	9.013
swarm_24_99.pdb	10.006	30.448	0	8.680
swarm_32_9.pdb	11.648	26.881	0	8.679
swarm_32_178.pdb	11.082	28.848	0	8.661
swarm_23_97.pdb	9.647	29.595	0	8.579
swarm_48_146.pdb	12.561	27.804	0	8.180
swarm_8_34.pdb	13.208	27.410	0	7.818
swarm_16_88.pdb	15.378	41.179	0	6.870
swarm_48_134.pdb	13.581	28.405	0	6.809
swarm_5_147.pdb	11.443	30.915	0	6.533
swarm_0_151.pdb	11.408	25.719	0	6.512
swarm_15_61.pdb	14.297	34.079	0	5.420
swarm_37_82.pdb	11.430	27.145	0	4.807
swarm_44_162.pdb	10.435	18.308	0	4.557
swarm_30_135.pdb	13.316	35.357	0	4.430
swarm_19_140.pdb	14.621	29.973	0	3.911
swarm_44_16.pdb	8.957	18.890	0	3.663
swarm_43_72.pdb	13.680	41.359	0	3.397
swarm_27_194.pdb	12.154	38.526	0	3.232
swarm_19_76.pdb	13.117	29.479	0	3.139
swarm_13_102.pdb	13.719	26.408	0	2.503
swarm_28_158.pdb	12.750	38.682	0	2.497
swarm_16_146.pdb	10.964	32.140	0	2.475
swarm_31_56.pdb	11.785	27.187	0	1.709
swarm_20_101.pdb	12.327	30.271	0	1.289
swarm_29_177.pdb	14.575	40.876	0	1.001
swarm_13_85.pdb	14.182	29.122	0	0.669
swarm_48_70.pdb	13.861	28.717	0	0.422
