swarm_3_117.pdb	3.900	23.259	0.25	36.750
swarm_11_101.pdb	4.438	24.124	0.2	35.744
swarm_0_152.pdb	3.981	23.231	0.3	35.444
swarm_36_7.pdb	4.962	22.906	0.175	34.799
swarm_29_8.pdb	4.750	25.126	0.225	34.481
swarm_13_65.pdb	4.534	22.441	0.2	33.292
swarm_26_43.pdb	4.013	21.807	0.325	31.720
swarm_33_50.pdb	4.531	25.923	0.2	31.281
swarm_42_15.pdb	5.784	29.692	0.05	29.486
swarm_1_69.pdb	3.124	18.626	0.375	29.305
swarm_15_121.pdb	4.026	19.929	0.35	28.747
swarm_28_190.pdb	2.191	9.983	0.675	28.649
swarm_31_166.pdb	5.939	29.569	0.075	28.232
swarm_21_97.pdb	9.545	46.929	0	27.695
swarm_35_64.pdb	5.130	25.855	0.2	27.664
swarm_34_184.pdb	3.998	23.457	0.475	27.192
swarm_14_152.pdb	3.690	17.861	0.375	27.074
swarm_44_159.pdb	4.785	24.723	0.2	26.883
swarm_25_63.pdb	9.957	49.393	0	26.883
swarm_39_41.pdb	9.134	41.219	0	26.705
swarm_7_47.pdb	5.533	28.466	0.275	26.495
swarm_31_72.pdb	4.960	24.070	0.225	26.351
swarm_24_22.pdb	3.228	16.496	0.575	26.236
swarm_19_145.pdb	9.379	40.445	0	25.826
swarm_4_138.pdb	9.350	44.923	0	25.693
swarm_20_111.pdb	8.740	38.210	0	24.997
swarm_29_96.pdb	6.438	29.172	0.025	24.658
swarm_17_4.pdb	6.281	27.555	0.15	24.290
swarm_24_100.pdb	1.326	5.644	0.775	24.118
swarm_10_123.pdb	4.411	21.959	0.25	23.796
swarm_27_43.pdb	9.349	49.365	0	23.787
swarm_36_105.pdb	6.006	32.690	0.1	23.718
swarm_14_153.pdb	3.741	15.006	0.225	23.664
swarm_5_155.pdb	9.188	40.570	0	23.260
swarm_5_120.pdb	5.187	30.460	0.225	23.162
swarm_34_12.pdb	5.726	22.693	0.025	23.060
swarm_7_68.pdb	4.264	15.943	0.075	22.758
swarm_35_50.pdb	9.001	41.357	0	22.579
swarm_14_46.pdb	0.959	2.573	0.925	22.503
swarm_12_110.pdb	7.982	32.585	0	22.468
swarm_9_146.pdb	8.464	33.510	0	22.142
swarm_44_52.pdb	6.252	29.923	0.025	22.044
swarm_8_162.pdb	7.453	33.589	0.025	21.993
swarm_37_9.pdb	10.295	40.994	0	21.829
swarm_17_5.pdb	7.964	37.747	0	21.779
swarm_8_49.pdb	5.196	16.749	0.05	21.732
swarm_25_128.pdb	8.071	41.957	0	21.618
swarm_26_110.pdb	4.842	22.040	0.225	21.435
swarm_44_123.pdb	8.075	32.226	0	21.212
swarm_32_70.pdb	4.160	23.934	0.4	20.952
swarm_28_17.pdb	4.998	22.250	0.225	20.752
swarm_22_176.pdb	7.795	40.330	0	20.738
swarm_26_195.pdb	2.057	8.249	0.525	20.661
swarm_13_121.pdb	6.310	33.162	0.05	20.661
swarm_44_196.pdb	9.541	36.864	0	20.611
swarm_6_177.pdb	6.744	21.888	0	20.554
swarm_43_12.pdb	7.443	40.220	0	20.266
swarm_8_85.pdb	5.194	26.736	0.225	20.145
swarm_29_177.pdb	3.297	20.487	0.375	20.096
swarm_9_124.pdb	6.895	24.971	0	19.623
swarm_39_144.pdb	10.199	44.466	0	19.376
swarm_40_143.pdb	8.219	38.696	0	19.045
swarm_45_58.pdb	7.967	40.680	0	19.013
swarm_15_119.pdb	4.884	22.096	0.075	18.546
swarm_14_37.pdb	3.843	16.685	0.175	18.293
swarm_10_128.pdb	7.355	32.767	0	18.081
swarm_32_98.pdb	6.782	33.354	0.025	18.011
swarm_33_150.pdb	7.633	36.471	0	17.852
swarm_6_125.pdb	2.849	14.634	0.6	17.486
swarm_14_109.pdb	6.300	21.537	0.025	17.239
swarm_20_193.pdb	11.315	26.690	0	16.109
swarm_32_185.pdb	7.325	34.188	0.025	15.723
swarm_25_10.pdb	7.892	41.360	0	15.461
swarm_36_142.pdb	9.098	26.490	0	15.438
swarm_19_4.pdb	6.643	32.906	0.075	14.943
swarm_40_154.pdb	9.121	44.062	0	14.837
swarm_32_83.pdb	5.769	17.610	0.025	14.189
swarm_0_85.pdb	3.392	11.748	0.275	13.746
swarm_18_56.pdb	3.714	18.493	0.325	13.486
swarm_32_80.pdb	6.930	29.331	0	13.438
swarm_7_83.pdb	4.463	22.249	0.25	13.083
swarm_31_199.pdb	8.176	34.476	0	10.914
swarm_28_145.pdb	4.354	18.098	0.25	10.468
swarm_42_10.pdb	10.456	42.308	0	9.309
swarm_8_124.pdb	6.687	30.490	0.025	5.016
swarm_42_165.pdb	6.882	26.564	0.025	3.804
swarm_31_168.pdb	10.645	34.900	0	2.176
