swarm_45_105.pdb	16.209	44.534	0	36.123
swarm_39_178.pdb	16.369	45.753	0	34.263
swarm_43_19.pdb	15.248	42.875	0	32.430
swarm_23_2.pdb	8.977	44.756	0	32.064
swarm_27_174.pdb	10.689	32.281	0	31.631
swarm_49_41.pdb	11.167	35.111	0	31.483
swarm_27_74.pdb	9.510	39.111	0	31.205
swarm_48_90.pdb	12.075	34.778	0	30.454
swarm_13_197.pdb	14.928	33.724	0	30.216
swarm_28_196.pdb	11.261	39.147	0	30.042
swarm_47_142.pdb	11.234	42.871	0	29.115
swarm_39_10.pdb	16.063	46.396	0	29.064
swarm_42_61.pdb	16.525	44.687	0	28.977
swarm_23_43.pdb	18.251	49.224	0	28.949
swarm_17_71.pdb	14.182	39.363	0	28.710
swarm_18_196.pdb	12.569	40.254	0	27.943
swarm_48_189.pdb	13.448	39.263	0	27.706
swarm_49_64.pdb	11.350	34.349	0	27.453
swarm_47_85.pdb	16.879	47.153	0	27.435
swarm_38_160.pdb	8.410	35.476	0	27.262
swarm_14_156.pdb	11.469	37.523	0	26.970
swarm_29_55.pdb	12.870	43.912	0	26.887
swarm_16_36.pdb	13.572	28.103	0	26.823
swarm_49_17.pdb	8.599	28.329	0	26.782
swarm_24_101.pdb	13.479	41.109	0	26.763
swarm_2_52.pdb	10.604	29.142	0	26.649
swarm_48_4.pdb	14.783	41.792	0	26.614
swarm_44_192.pdb	12.611	39.369	0	26.588
swarm_48_84.pdb	14.234	37.564	0	26.534
swarm_27_139.pdb	11.821	35.585	0	26.339
swarm_18_120.pdb	14.309	38.403	0	26.326
swarm_42_56.pdb	12.258	40.907	0	26.232
swarm_45_171.pdb	18.085	47.148	0	25.724
swarm_13_172.pdb	14.766	37.075	0	25.487
swarm_4_87.pdb	9.306	23.653	0	25.426
swarm_28_46.pdb	8.476	35.786	0.05	25.300
swarm_17_124.pdb	11.612	45.844	0	25.186
swarm_31_73.pdb	14.002	27.225	0	25.158
swarm_4_45.pdb	10.066	26.042	0.075	25.131
swarm_39_168.pdb	12.220	37.935	0	25.113
swarm_20_33.pdb	14.167	32.127	0	25.096
swarm_14_128.pdb	12.471	24.843	0	25.080
swarm_2_71.pdb	9.967	32.756	0	24.683
swarm_18_41.pdb	14.685	34.285	0	24.649
swarm_28_35.pdb	14.991	40.653	0	24.502
swarm_12_69.pdb	14.337	27.005	0	24.251
swarm_28_156.pdb	13.491	43.413	0	24.107
swarm_44_11.pdb	15.261	44.102	0	23.960
swarm_38_131.pdb	17.799	45.532	0	23.835
swarm_38_122.pdb	11.623	42.361	0	23.778
swarm_0_24.pdb	11.371	28.712	0	23.732
swarm_24_143.pdb	14.685	35.433	0	23.699
swarm_38_48.pdb	10.311	37.575	0	23.657
swarm_38_113.pdb	15.033	40.152	0	23.467
swarm_2_46.pdb	13.598	39.651	0	23.270
swarm_2_144.pdb	8.281	27.102	0	23.265
swarm_18_163.pdb	14.823	41.395	0	23.256
swarm_15_161.pdb	13.981	28.950	0	23.176
swarm_16_43.pdb	11.312	31.051	0	23.167
swarm_38_38.pdb	13.745	37.732	0	23.149
swarm_27_191.pdb	11.082	33.605	0	23.133
swarm_48_152.pdb	9.976	39.652	0	23.065
swarm_41_43.pdb	10.251	22.535	0	22.920
swarm_9_168.pdb	6.905	18.489	0.05	22.884
swarm_0_37.pdb	14.136	35.058	0	22.809
swarm_1_107.pdb	11.226	31.058	0	22.705
swarm_13_194.pdb	11.619	28.801	0	22.676
swarm_13_61.pdb	12.423	32.320	0	22.673
swarm_15_132.pdb	12.329	25.358	0	22.666
swarm_12_162.pdb	11.111	24.820	0	22.651
swarm_0_105.pdb	10.532	24.163	0	22.599
swarm_41_37.pdb	7.373	27.153	0.05	22.540
swarm_18_67.pdb	16.933	42.834	0	22.471
swarm_15_131.pdb	10.694	24.593	0	22.460
swarm_33_125.pdb	12.982	22.548	0	22.329
swarm_43_40.pdb	11.571	44.897	0	22.251
swarm_43_70.pdb	13.020	49.252	0	22.201
swarm_32_108.pdb	12.003	30.836	0	22.134
swarm_43_44.pdb	13.606	45.787	0.025	21.700
swarm_35_148.pdb	13.497	24.431	0	21.691
swarm_0_160.pdb	13.620	32.400	0	21.630
swarm_17_77.pdb	7.795	28.847	0	21.586
swarm_9_53.pdb	11.075	25.197	0	21.581
swarm_2_148.pdb	11.024	39.434	0	21.540
swarm_35_160.pdb	15.046	29.266	0	21.537
swarm_12_190.pdb	13.938	25.353	0	21.436
swarm_6_9.pdb	9.345	20.960	0	21.413
swarm_17_84.pdb	9.772	38.550	0.05	21.406
swarm_47_111.pdb	11.466	46.846	0	21.342
swarm_41_111.pdb	12.415	25.668	0	21.306
swarm_19_65.pdb	14.660	26.243	0	21.269
swarm_48_124.pdb	12.331	32.522	0	21.248
swarm_42_185.pdb	13.509	46.593	0	21.124
swarm_32_53.pdb	12.541	24.109	0.025	21.007
swarm_36_1.pdb	11.228	31.692	0	20.998
swarm_28_55.pdb	12.539	39.097	0	20.984
swarm_28_138.pdb	8.271	38.329	0.025	20.977
swarm_2_55.pdb	15.844	37.663	0	20.914
swarm_24_177.pdb	11.399	36.019	0	20.911
swarm_14_101.pdb	14.350	32.179	0	20.909
swarm_10_55.pdb	14.179	31.072	0	20.897
swarm_1_154.pdb	13.878	33.435	0	20.895
swarm_14_97.pdb	8.180	29.588	0.025	20.881
swarm_28_132.pdb	9.036	40.957	0.025	20.821
swarm_3_113.pdb	15.321	34.913	0	20.661
swarm_41_195.pdb	13.292	29.000	0	20.647
swarm_14_135.pdb	12.412	30.137	0	20.614
swarm_4_183.pdb	13.169	27.886	0	20.526
swarm_42_95.pdb	10.911	42.491	0.025	20.355
swarm_46_196.pdb	9.852	25.475	0	20.347
swarm_3_158.pdb	11.553	37.686	0	20.332
swarm_6_98.pdb	9.488	16.580	0	20.273
swarm_12_174.pdb	15.250	32.517	0	20.272
swarm_17_15.pdb	8.772	29.797	0	20.268
swarm_48_91.pdb	12.460	27.570	0	20.182
swarm_18_5.pdb	10.500	35.336	0	20.076
swarm_49_96.pdb	10.816	32.989	0	20.027
swarm_13_37.pdb	12.499	34.905	0.025	20.007
swarm_35_131.pdb	15.149	32.086	0	19.980
swarm_0_182.pdb	14.486	28.632	0	19.961
swarm_24_60.pdb	14.078	43.581	0	19.918
swarm_35_78.pdb	4.731	17.880	0.35	19.792
swarm_14_5.pdb	10.240	26.042	0	19.758
swarm_15_113.pdb	13.283	29.692	0	19.757
swarm_34_71.pdb	13.218	26.045	0	19.709
swarm_16_188.pdb	12.949	23.574	0	19.702
swarm_12_102.pdb	14.068	26.774	0	19.637
swarm_46_46.pdb	11.895	23.920	0	19.631
swarm_32_100.pdb	13.029	25.275	0	19.598
swarm_34_13.pdb	10.214	20.126	0	19.570
swarm_18_165.pdb	11.239	34.907	0	19.558
swarm_34_193.pdb	8.208	17.431	0.025	19.458
swarm_15_155.pdb	13.462	23.304	0	19.392
swarm_39_163.pdb	11.864	42.356	0	19.192
swarm_39_78.pdb	12.847	41.008	0	19.171
swarm_1_108.pdb	10.136	26.126	0	19.171
swarm_20_170.pdb	14.776	32.455	0	19.153
swarm_47_16.pdb	12.733	40.685	0	19.085
swarm_0_136.pdb	14.570	35.610	0	19.068
swarm_20_1.pdb	13.937	27.686	0	19.023
swarm_0_32.pdb	12.371	33.071	0	18.858
swarm_12_156.pdb	11.692	28.776	0	18.795
swarm_19_122.pdb	11.744	27.679	0	18.616
swarm_32_94.pdb	10.015	20.607	0	18.604
swarm_23_50.pdb	14.461	35.095	0	18.474
swarm_9_113.pdb	12.741	23.642	0	18.456
swarm_13_103.pdb	11.071	28.839	0	18.399
swarm_32_42.pdb	11.595	26.338	0.125	18.393
swarm_15_171.pdb	14.501	26.866	0	18.392
swarm_31_106.pdb	11.375	26.289	0.15	18.359
swarm_12_115.pdb	12.879	26.346	0	18.350
swarm_33_25.pdb	10.300	18.548	0	18.337
swarm_48_93.pdb	9.904	36.820	0	18.321
swarm_32_5.pdb	12.321	26.999	0	18.311
swarm_16_110.pdb	8.447	14.216	0	18.149
swarm_6_3.pdb	12.031	22.742	0	18.134
swarm_49_126.pdb	15.747	39.324	0	18.115
swarm_36_73.pdb	9.402	32.706	0.025	18.107
swarm_31_194.pdb	11.741	18.104	0	18.104
swarm_9_190.pdb	13.037	25.130	0	18.079
swarm_1_31.pdb	9.559	22.943	0	18.045
swarm_19_11.pdb	13.867	25.282	0	17.971
swarm_13_98.pdb	15.123	33.159	0	17.964
swarm_12_76.pdb	12.777	26.642	0	17.934
swarm_42_96.pdb	9.052	48.976	0.025	17.674
swarm_33_2.pdb	12.096	26.278	0	17.604
swarm_9_52.pdb	11.096	21.841	0	17.589
swarm_46_84.pdb	9.766	21.443	0	17.560
swarm_13_86.pdb	14.495	34.811	0	17.483
swarm_6_64.pdb	9.148	19.672	0	17.437
swarm_29_22.pdb	10.828	38.962	0	17.407
swarm_26_122.pdb	7.527	25.798	0.025	17.335
swarm_45_47.pdb	14.993	46.177	0	17.286
swarm_45_45.pdb	14.390	46.143	0	17.239
swarm_44_52.pdb	11.994	47.278	0	17.184
swarm_16_143.pdb	11.320	27.244	0.025	17.148
swarm_3_13.pdb	16.954	42.777	0	16.793
swarm_46_169.pdb	12.771	29.974	0	16.763
swarm_6_104.pdb	10.838	20.218	0	16.706
swarm_10_139.pdb	8.281	27.762	0.1	16.687
swarm_35_47.pdb	10.639	23.505	0	16.666
swarm_1_81.pdb	14.101	25.632	0	16.639
swarm_26_90.pdb	13.921	36.065	0	16.449
swarm_3_41.pdb	13.804	34.910	0	16.356
swarm_18_22.pdb	11.144	31.886	0	16.297
swarm_2_78.pdb	12.617	35.227	0	16.211
swarm_16_134.pdb	14.744	27.397	0	16.036
swarm_35_109.pdb	6.705	18.075	0.25	16.001
swarm_1_1.pdb	10.622	29.371	0	15.791
swarm_6_24.pdb	5.124	10.531	0.075	15.754
swarm_31_180.pdb	12.294	23.088	0.025	15.527
swarm_11_108.pdb	13.584	35.487	0	15.512
swarm_41_182.pdb	7.456	13.498	0.025	15.353
swarm_19_159.pdb	10.259	20.913	0	15.282
swarm_33_123.pdb	14.438	24.651	0	15.011
swarm_46_22.pdb	11.683	23.925	0	14.768
swarm_19_53.pdb	10.815	17.675	0	14.693
swarm_34_191.pdb	11.136	28.749	0.025	14.488
swarm_1_71.pdb	11.087	31.337	0	14.446
swarm_46_97.pdb	10.397	28.674	0.05	14.431
swarm_12_188.pdb	8.698	23.991	0	14.369
swarm_35_50.pdb	9.819	20.415	0	14.282
swarm_19_101.pdb	16.476	28.250	0	14.281
swarm_36_59.pdb	9.851	27.909	0	14.215
swarm_12_195.pdb	13.130	27.097	0	14.172
swarm_28_153.pdb	9.191	27.626	0	14.099
swarm_1_50.pdb	11.431	22.234	0	14.016
swarm_12_103.pdb	14.349	31.732	0	13.999
swarm_3_0.pdb	13.624	40.274	0	13.875
swarm_11_77.pdb	13.609	27.230	0	13.819
swarm_45_153.pdb	11.925	44.586	0	13.778
swarm_11_49.pdb	12.749	22.945	0	13.533
swarm_35_155.pdb	10.883	19.668	0	13.507
swarm_3_118.pdb	7.777	34.433	0	13.498
swarm_32_180.pdb	11.491	24.216	0	13.407
swarm_0_169.pdb	13.580	28.311	0	13.387
swarm_42_60.pdb	16.000	46.831	0	13.283
swarm_31_163.pdb	14.189	25.022	0	13.278
swarm_39_165.pdb	11.653	36.684	0	13.001
swarm_31_187.pdb	11.685	26.251	0.05	12.830
swarm_45_11.pdb	10.769	44.606	0.075	12.799
swarm_19_3.pdb	11.689	28.517	0	12.112
swarm_11_129.pdb	14.246	32.621	0	11.579
swarm_0_51.pdb	12.200	26.958	0	10.710
swarm_13_56.pdb	11.782	27.188	0	10.663
swarm_5_116.pdb	13.318	32.453	0	10.303
swarm_35_27.pdb	10.337	24.531	0.05	10.287
swarm_0_144.pdb	9.217	24.022	0	9.690
swarm_3_179.pdb	9.096	35.136	0.025	9.202
swarm_0_55.pdb	11.559	30.651	0	8.894
swarm_16_61.pdb	10.672	18.811	0	8.041
swarm_17_90.pdb	14.782	35.488	0	7.858
swarm_24_142.pdb	9.549	30.719	0	7.587
swarm_38_163.pdb	8.076	35.672	0	7.327
swarm_48_144.pdb	10.762	37.038	0	5.751
swarm_42_34.pdb	13.394	37.503	0	3.048
swarm_46_26.pdb	7.722	20.967	0	2.475
swarm_47_98.pdb	12.291	40.187	0	0.879
