swarm_30_199.pdb	15.014	29.316	0	33.919
swarm_23_7.pdb	13.234	27.247	0	32.285
swarm_18_147.pdb	12.453	22.658	0	32.104
swarm_19_39.pdb	11.884	27.157	0	31.279
swarm_13_171.pdb	11.134	27.081	0	31.066
swarm_50_81.pdb	10.754	38.633	0	30.949
swarm_27_146.pdb	10.894	33.156	0	30.529
swarm_31_196.pdb	14.168	27.610	0	29.898
swarm_3_73.pdb	10.488	34.793	0	29.518
swarm_28_95.pdb	16.380	42.054	0	28.989
swarm_25_102.pdb	13.952	40.942	0	28.797
swarm_16_191.pdb	15.703	42.372	0	28.728
swarm_3_27.pdb	15.232	40.037	0	28.656
swarm_15_150.pdb	13.196	36.179	0	28.546
swarm_9_182.pdb	11.100	24.653	0	28.428
swarm_35_5.pdb	11.440	25.651	0	28.428
swarm_50_114.pdb	10.231	35.307	0	28.247
swarm_27_119.pdb	9.710	39.622	0	28.158
swarm_32_68.pdb	12.171	31.523	0	27.917
swarm_6_113.pdb	14.675	31.805	0	27.730
swarm_23_10.pdb	14.166	29.586	0	27.666
swarm_27_63.pdb	15.927	42.530	0	27.641
swarm_23_57.pdb	13.627	30.025	0	27.583
swarm_42_192.pdb	11.526	26.392	0	27.551
swarm_19_126.pdb	13.285	31.490	0	27.201
swarm_15_84.pdb	10.955	27.773	0	27.131
swarm_32_107.pdb	13.509	27.218	0	26.967
swarm_2_188.pdb	13.690	30.149	0	26.257
swarm_30_7.pdb	12.056	33.825	0.075	25.765
swarm_27_180.pdb	11.651	35.825	0	25.750
swarm_8_124.pdb	6.234	14.094	0.025	25.608
swarm_35_84.pdb	9.553	20.679	0	25.459
swarm_47_131.pdb	15.248	45.550	0	25.454
swarm_25_68.pdb	16.992	41.553	0	25.372
swarm_13_92.pdb	13.132	26.210	0	25.209
swarm_13_156.pdb	10.715	22.925	0	25.167
swarm_15_112.pdb	10.699	28.304	0	25.149
swarm_11_108.pdb	11.009	37.451	0	24.962
swarm_29_115.pdb	12.197	42.768	0	24.935
swarm_21_147.pdb	3.407	16.492	0.475	24.875
swarm_43_185.pdb	17.676	48.284	0	24.815
swarm_8_77.pdb	14.016	25.866	0	24.813
swarm_46_182.pdb	11.515	40.547	0	24.683
swarm_36_199.pdb	11.891	32.058	0	24.667
swarm_35_98.pdb	11.040	27.998	0.05	24.580
swarm_50_176.pdb	12.065	35.808	0	24.566
swarm_37_86.pdb	17.718	35.876	0	24.498
swarm_1_39.pdb	9.624	39.536	0	24.404
swarm_39_64.pdb	15.373	30.847	0	24.357
swarm_0_105.pdb	10.708	24.146	0	24.223
swarm_43_171.pdb	16.582	41.122	0	24.080
swarm_6_39.pdb	7.736	31.301	0.125	23.955
swarm_45_120.pdb	9.503	19.643	0	23.931
swarm_44_188.pdb	12.058	27.384	0	23.855
swarm_17_172.pdb	13.210	25.296	0	23.837
swarm_20_15.pdb	12.145	22.714	0	23.787
swarm_14_135.pdb	13.294	33.186	0	23.672
swarm_9_170.pdb	13.458	26.695	0	23.639
swarm_33_109.pdb	14.147	27.467	0	23.636
swarm_35_88.pdb	14.730	27.238	0	23.596
swarm_30_78.pdb	12.178	40.032	0	23.565
swarm_7_188.pdb	15.313	35.444	0	23.541
swarm_46_8.pdb	15.196	46.644	0	23.540
swarm_2_195.pdb	13.332	35.084	0	23.536
swarm_36_195.pdb	13.072	29.401	0	23.520
swarm_36_185.pdb	11.482	23.495	0	23.502
swarm_4_139.pdb	12.010	33.611	0	23.473
swarm_44_152.pdb	6.015	14.417	0	23.409
swarm_3_10.pdb	12.489	32.572	0	23.376
swarm_17_1.pdb	10.215	19.914	0	23.351
swarm_26_15.pdb	9.757	20.456	0	23.003
swarm_12_7.pdb	11.325	27.029	0.05	22.988
swarm_25_11.pdb	10.836	35.326	0	22.932
swarm_45_183.pdb	2.638	17.077	0.5	22.902
swarm_13_94.pdb	10.201	27.094	0.075	22.792
swarm_28_181.pdb	12.822	38.567	0	22.735
swarm_35_160.pdb	16.466	34.894	0	22.696
swarm_13_172.pdb	12.393	37.306	0	22.654
swarm_9_74.pdb	10.836	22.555	0	22.651
swarm_39_161.pdb	13.135	30.026	0.025	22.582
swarm_20_155.pdb	13.458	23.910	0	22.573
swarm_0_69.pdb	14.094	35.181	0	22.534
swarm_8_120.pdb	10.230	27.926	0.1	22.475
swarm_11_84.pdb	10.453	36.076	0.025	22.440
swarm_33_148.pdb	9.603	19.899	0	22.401
swarm_0_45.pdb	11.340	29.085	0	22.385
swarm_23_163.pdb	15.368	33.546	0	22.353
swarm_21_73.pdb	14.446	27.673	0	22.346
swarm_39_65.pdb	12.973	38.810	0	22.282
swarm_42_51.pdb	15.528	35.185	0	22.279
swarm_50_198.pdb	6.956	35.819	0.125	22.233
swarm_36_141.pdb	5.713	27.044	0.075	22.148
swarm_48_16.pdb	8.873	25.221	0	21.984
swarm_37_51.pdb	14.666	33.042	0	21.938
swarm_9_108.pdb	9.429	24.671	0.025	21.879
swarm_45_184.pdb	6.346	17.912	0.025	21.874
swarm_14_85.pdb	11.328	28.044	0	21.837
swarm_1_190.pdb	14.625	31.860	0	21.733
swarm_40_75.pdb	9.986	29.225	0	21.722
swarm_45_79.pdb	10.358	22.553	0	21.704
swarm_44_10.pdb	11.895	26.345	0.025	21.674
swarm_27_27.pdb	9.067	37.067	0.075	21.650
swarm_21_196.pdb	10.063	28.027	0.075	21.577
swarm_26_92.pdb	13.121	33.617	0.025	21.566
swarm_44_5.pdb	10.904	24.539	0	21.520
swarm_9_61.pdb	10.417	19.908	0	21.433
swarm_26_90.pdb	9.226	28.910	0	21.365
swarm_24_98.pdb	11.427	35.626	0	21.351
swarm_40_69.pdb	15.647	30.121	0	21.333
swarm_29_5.pdb	11.733	43.598	0	21.137
swarm_2_162.pdb	14.250	32.140	0	21.126
swarm_3_91.pdb	13.005	35.323	0	21.124
swarm_4_77.pdb	11.670	32.625	0	21.113
swarm_13_177.pdb	14.564	27.202	0	21.058
swarm_19_112.pdb	12.783	26.394	0	21.051
swarm_3_146.pdb	12.431	32.829	0	20.945
swarm_16_190.pdb	15.758	35.182	0	20.911
swarm_8_141.pdb	8.627	20.409	0.025	20.786
swarm_9_145.pdb	7.269	21.366	0.1	20.778
swarm_26_183.pdb	13.189	30.912	0	20.473
swarm_31_50.pdb	11.132	25.727	0.15	20.471
swarm_2_10.pdb	14.159	31.224	0	20.434
swarm_12_82.pdb	10.715	26.559	0	20.384
swarm_9_44.pdb	10.032	25.543	0	20.338
swarm_39_167.pdb	10.491	29.772	0	20.280
swarm_12_27.pdb	13.736	30.970	0	20.198
swarm_38_70.pdb	12.319	27.804	0	20.156
swarm_32_148.pdb	13.003	24.642	0.025	20.146
swarm_15_158.pdb	12.763	31.530	0	20.128
swarm_16_110.pdb	11.476	31.847	0	20.124
swarm_42_109.pdb	12.850	34.556	0	20.023
swarm_17_31.pdb	8.705	17.962	0	19.995
swarm_41_168.pdb	17.178	36.690	0	19.954
swarm_36_189.pdb	11.569	32.206	0	19.867
swarm_17_132.pdb	9.840	25.746	0.05	19.847
swarm_45_57.pdb	13.747	27.119	0	19.828
swarm_34_109.pdb	16.494	42.192	0	19.760
swarm_19_74.pdb	12.656	25.984	0	19.743
swarm_17_129.pdb	11.018	26.774	0.05	19.681
swarm_33_15.pdb	14.577	28.306	0	19.676
swarm_11_162.pdb	11.924	32.401	0	19.675
swarm_33_113.pdb	12.353	28.779	0.025	19.657
swarm_21_162.pdb	8.564	18.215	0	19.613
swarm_26_164.pdb	16.467	35.767	0	19.609
swarm_12_117.pdb	8.423	26.970	0	19.576
swarm_4_10.pdb	13.299	36.500	0	19.534
swarm_13_29.pdb	6.810	30.151	0.05	19.525
swarm_32_136.pdb	12.778	27.981	0	19.502
swarm_15_55.pdb	16.376	32.283	0	19.412
swarm_21_3.pdb	14.335	26.003	0	19.349
swarm_42_5.pdb	9.774	33.489	0.025	19.307
swarm_18_88.pdb	8.448	21.895	0	19.275
swarm_13_64.pdb	10.066	28.958	0	19.268
swarm_45_27.pdb	10.000	17.814	0	19.264
swarm_33_157.pdb	9.467	27.486	0.075	19.232
swarm_33_85.pdb	14.451	24.566	0	18.963
swarm_29_26.pdb	10.831	39.312	0	18.909
swarm_37_9.pdb	11.523	33.554	0	18.875
swarm_12_168.pdb	11.445	28.594	0	18.853
swarm_11_4.pdb	9.682	26.373	0	18.836
swarm_12_110.pdb	12.214	26.894	0	18.798
swarm_1_29.pdb	11.320	36.259	0	18.676
swarm_0_162.pdb	13.099	26.811	0	18.631
swarm_18_83.pdb	5.349	13.995	0	18.610
swarm_37_54.pdb	10.612	41.579	0	18.595
swarm_11_16.pdb	11.665	26.035	0	18.586
swarm_11_12.pdb	16.905	37.549	0	18.545
swarm_11_52.pdb	10.174	30.829	0	18.532
swarm_0_53.pdb	14.645	25.553	0	18.489
swarm_26_163.pdb	11.232	31.243	0	18.476
swarm_22_106.pdb	12.606	32.255	0	18.437
swarm_36_0.pdb	9.051	28.053	0	18.315
swarm_50_63.pdb	15.333	39.851	0	18.299
swarm_16_160.pdb	11.245	33.538	0	18.285
swarm_2_91.pdb	13.677	40.901	0	18.280
swarm_5_16.pdb	14.874	29.828	0	18.198
swarm_2_103.pdb	10.305	24.953	0	18.128
swarm_0_128.pdb	9.663	16.164	0	18.115
swarm_23_120.pdb	10.507	22.318	0	18.090
swarm_16_77.pdb	16.935	36.768	0	17.928
swarm_36_91.pdb	8.332	31.101	0.025	17.818
swarm_46_50.pdb	15.774	39.149	0	17.803
swarm_25_76.pdb	14.109	30.447	0	17.739
swarm_3_25.pdb	14.330	31.333	0	17.616
swarm_32_181.pdb	10.416	20.545	0	17.589
swarm_46_149.pdb	9.873	34.329	0	17.511
swarm_14_45.pdb	15.431	35.333	0	17.475
swarm_12_72.pdb	10.656	23.840	0	17.464
swarm_24_192.pdb	16.472	36.886	0	17.461
swarm_32_80.pdb	12.309	24.878	0	17.425
swarm_12_136.pdb	14.189	26.995	0	17.391
swarm_26_160.pdb	16.445	36.190	0	17.306
swarm_28_170.pdb	9.470	28.293	0	17.288
swarm_48_41.pdb	12.158	26.252	0	17.226
swarm_0_172.pdb	14.026	34.272	0	17.164
swarm_30_10.pdb	14.164	35.144	0	17.138
swarm_44_63.pdb	13.218	24.954	0	17.062
swarm_24_45.pdb	16.564	42.543	0	17.011
swarm_31_9.pdb	11.584	18.006	0	16.998
swarm_11_0.pdb	13.839	30.700	0	16.922
swarm_36_47.pdb	5.414	21.125	0.1	16.876
swarm_20_105.pdb	13.237	26.744	0	16.737
swarm_32_183.pdb	13.141	26.585	0	16.733
swarm_20_77.pdb	10.481	18.409	0	16.730
swarm_34_113.pdb	13.683	47.030	0	16.715
swarm_14_194.pdb	11.349	32.005	0.125	16.709
swarm_8_192.pdb	9.999	24.333	0	16.578
swarm_23_164.pdb	10.580	22.581	0	16.547
swarm_26_149.pdb	12.487	26.930	0	16.487
swarm_8_193.pdb	3.931	10.630	0.175	16.482
swarm_4_75.pdb	11.969	27.603	0	16.428
swarm_3_23.pdb	6.671	35.832	0.025	16.197
swarm_1_19.pdb	12.002	32.474	0	16.137
swarm_12_118.pdb	13.360	29.496	0	16.011
swarm_12_88.pdb	12.880	28.084	0	16.007
swarm_23_178.pdb	4.388	21.251	0.15	15.974
swarm_48_48.pdb	10.918	25.887	0	15.782
swarm_31_87.pdb	10.912	21.711	0	15.727
swarm_35_171.pdb	12.341	25.555	0	15.712
swarm_31_94.pdb	11.757	26.073	0.075	15.697
swarm_50_184.pdb	12.354	39.062	0	15.648
swarm_48_119.pdb	9.355	21.335	0	15.442
swarm_11_169.pdb	11.483	28.284	0	15.432
swarm_24_35.pdb	10.253	33.396	0	15.392
swarm_11_166.pdb	8.120	27.279	0	15.336
swarm_34_105.pdb	11.843	37.003	0	15.308
swarm_9_187.pdb	14.119	29.090	0	15.172
swarm_43_179.pdb	16.012	37.954	0	14.690
swarm_31_157.pdb	13.977	25.162	0	14.690
swarm_8_104.pdb	12.982	24.008	0	14.597
swarm_34_100.pdb	11.758	47.417	0.15	14.491
swarm_45_21.pdb	9.505	27.082	0	14.466
swarm_6_90.pdb	8.860	38.040	0.025	14.439
swarm_9_73.pdb	12.507	24.535	0	14.407
swarm_31_105.pdb	12.451	23.061	0.025	14.389
swarm_9_6.pdb	12.773	24.867	0	14.148
swarm_26_138.pdb	15.133	31.485	0	14.060
swarm_48_163.pdb	6.124	21.174	0.3	13.954
swarm_33_87.pdb	10.696	25.531	0.075	13.889
swarm_36_69.pdb	13.498	36.117	0	13.788
swarm_45_36.pdb	13.423	24.340	0	13.569
swarm_2_133.pdb	12.796	33.815	0	13.385
swarm_49_151.pdb	14.724	39.739	0	12.616
swarm_33_144.pdb	13.415	28.855	0	12.486
swarm_13_53.pdb	5.036	27.156	0.25	12.248
swarm_13_91.pdb	11.077	32.877	0	12.214
swarm_17_88.pdb	9.992	29.940	0	12.008
swarm_23_34.pdb	15.109	28.113	0	11.963
swarm_26_142.pdb	11.613	31.950	0	11.785
swarm_46_3.pdb	14.644	37.071	0	11.442
swarm_9_148.pdb	9.928	23.882	0.025	10.879
swarm_50_14.pdb	9.764	40.236	0.05	10.496
swarm_45_39.pdb	13.860	27.735	0	10.180
swarm_24_154.pdb	13.709	33.133	0	10.179
swarm_46_60.pdb	16.427	38.076	0	9.651
swarm_0_148.pdb	11.733	31.259	0	9.511
swarm_24_99.pdb	10.006	30.448	0	8.680
swarm_32_9.pdb	11.648	26.881	0	8.679
swarm_32_178.pdb	11.082	28.848	0	8.661
swarm_23_97.pdb	9.647	29.595	0	8.579
swarm_48_146.pdb	12.561	27.804	0	8.180
swarm_16_88.pdb	15.378	41.179	0	6.870
swarm_0_151.pdb	11.408	25.719	0	6.512
swarm_15_61.pdb	14.297	34.079	0	5.420
swarm_44_162.pdb	10.435	18.308	0	4.557
swarm_30_135.pdb	13.316	35.357	0	4.430
swarm_44_16.pdb	8.957	18.890	0	3.663
swarm_43_72.pdb	13.680	41.359	0	3.397
swarm_27_194.pdb	12.154	38.526	0	3.232
swarm_13_102.pdb	13.719	26.408	0	2.503
swarm_28_158.pdb	12.750	38.682	0	2.497
swarm_16_146.pdb	10.964	32.140	0	2.475
swarm_29_177.pdb	14.575	40.876	0	1.001
swarm_48_70.pdb	13.861	28.717	0	0.422
