swarm_0_28.pdb	20.162	31.529	0	81.850
swarm_53_30.pdb	20.171	31.460	0	72.768
swarm_0_110.pdb	20.328	31.575	0	71.379
swarm_23_46.pdb	20.375	31.618	0	70.783
swarm_53_64.pdb	20.296	31.682	0	69.835
swarm_48_27.pdb	20.418	31.545	0	68.057
swarm_12_191.pdb	20.522	31.742	0	64.870
swarm_12_63.pdb	20.587	31.592	0	64.294
swarm_49_31.pdb	20.487	31.772	0	62.457
swarm_48_90.pdb	20.261	31.809	0	57.119
swarm_50_78.pdb	20.453	31.627	0	56.944
swarm_43_60.pdb	20.903	31.827	0	56.525
swarm_48_145.pdb	20.400	31.695	0	56.455
swarm_50_158.pdb	20.393	31.589	0	56.148
swarm_45_198.pdb	20.519	31.590	0	55.261
swarm_42_74.pdb	20.030	31.668	0	55.203
swarm_47_112.pdb	20.800	31.837	0	54.756
swarm_45_96.pdb	14.396	25.971	0	52.163
swarm_34_50.pdb	16.291	28.665	0	50.192
swarm_51_193.pdb	20.686	31.646	0	48.776
swarm_50_113.pdb	20.913	31.716	0	48.764
swarm_12_175.pdb	23.958	36.993	0	48.413
swarm_34_16.pdb	21.171	32.144	0	47.873
swarm_14_130.pdb	21.812	39.208	0	44.495
swarm_29_149.pdb	23.743	38.355	0	43.946
swarm_36_48.pdb	23.078	39.296	0	43.860
swarm_47_13.pdb	22.265	34.107	0	43.841
swarm_22_194.pdb	20.669	41.031	0	43.832
swarm_30_128.pdb	22.403	38.753	0	43.661
swarm_40_67.pdb	24.118	39.388	0.00892857	43.101
swarm_36_57.pdb	24.369	40.307	0	42.935
swarm_45_140.pdb	20.119	34.039	0.0178571	41.909
swarm_31_103.pdb	22.608	43.948	0.00892857	41.884
swarm_35_136.pdb	22.034	40.440	0	41.544
swarm_35_94.pdb	15.442	31.137	0.0625	41.347
swarm_24_145.pdb	21.830	36.522	0	41.247
swarm_22_56.pdb	22.647	37.921	0	40.880
swarm_48_122.pdb	21.113	32.241	0	40.574
swarm_41_20.pdb	21.998	36.157	0	40.491
swarm_1_25.pdb	11.595	22.183	0.0535714	40.117
swarm_23_149.pdb	20.918	31.809	0	40.073
swarm_46_55.pdb	13.403	24.507	0.0357143	39.939
swarm_47_40.pdb	21.325	32.382	0	39.892
swarm_22_57.pdb	24.005	37.628	0	39.767
swarm_35_76.pdb	23.091	37.307	0	39.719
swarm_46_27.pdb	16.056	28.546	0	39.695
swarm_44_167.pdb	21.968	37.050	0	38.693
swarm_24_23.pdb	22.186	38.231	0	37.957
swarm_35_104.pdb	6.271	11.016	0.0446429	37.666
swarm_4_112.pdb	22.256	33.417	0	37.661
swarm_28_163.pdb	21.340	35.835	0	37.533
swarm_46_159.pdb	17.023	30.158	0.0267857	36.953
swarm_51_30.pdb	21.144	33.131	0	36.646
swarm_7_171.pdb	17.621	36.468	0	36.581
swarm_48_96.pdb	17.236	29.605	0.0267857	36.541
swarm_29_198.pdb	11.940	21.630	0	36.450
swarm_35_102.pdb	22.456	38.169	0	36.355
swarm_48_137.pdb	17.403	27.956	0	36.198
swarm_36_157.pdb	22.023	36.970	0	36.161
swarm_51_38.pdb	3.023	8.527	0.294643	35.638
swarm_47_104.pdb	21.191	36.856	0.0178571	35.595
swarm_23_126.pdb	21.332	33.761	0	35.547
swarm_40_24.pdb	22.171	34.080	0	35.471
swarm_1_37.pdb	20.758	32.023	0	35.424
swarm_36_150.pdb	13.813	24.920	0	35.295
swarm_29_85.pdb	19.657	34.599	0.00892857	35.285
swarm_22_19.pdb	23.367	43.304	0	35.253
swarm_21_6.pdb	9.576	21.431	0	34.923
swarm_35_109.pdb	18.187	32.815	0.0357143	34.818
swarm_0_101.pdb	20.999	36.515	0.0357143	34.739
swarm_6_125.pdb	22.704	38.820	0	34.715
swarm_11_93.pdb	16.439	34.970	0.0178571	34.715
swarm_30_179.pdb	22.731	38.646	0	34.454
swarm_1_87.pdb	11.458	20.789	0.0446429	34.288
swarm_47_99.pdb	16.376	28.074	0.0982143	34.239
swarm_28_49.pdb	13.561	27.765	0.0267857	34.154
swarm_36_85.pdb	22.203	37.425	0	34.124
swarm_24_19.pdb	21.239	35.013	0	34.086
swarm_11_39.pdb	22.234	38.018	0	33.848
swarm_24_90.pdb	20.811	36.770	0.0357143	33.730
swarm_48_62.pdb	22.270	36.886	0	33.728
swarm_51_140.pdb	20.399	35.114	0.0714286	33.568
swarm_34_179.pdb	16.920	29.679	0.00892857	33.530
swarm_32_118.pdb	22.167	37.793	0	33.436
swarm_51_156.pdb	9.551	17.624	0.0446429	33.408
swarm_12_42.pdb	8.164	13.867	0	33.295
swarm_41_41.pdb	21.417	33.058	0	33.113
swarm_29_44.pdb	22.492	38.001	0	32.947
swarm_23_67.pdb	21.596	35.049	0	32.693
swarm_36_99.pdb	23.729	38.158	0.0178571	32.526
swarm_5_118.pdb	23.707	40.455	0	32.496
swarm_34_159.pdb	18.656	30.330	0.00892857	32.439
swarm_36_198.pdb	23.264	41.494	0	31.852
swarm_45_118.pdb	10.080	17.785	0.0982143	31.531
swarm_46_21.pdb	15.744	25.826	0	31.507
swarm_25_1.pdb	22.527	33.577	0	31.438
swarm_0_122.pdb	13.536	20.005	0	31.392
swarm_36_149.pdb	16.966	30.060	0.0803571	31.336
swarm_34_150.pdb	22.920	36.709	0	31.304
swarm_4_67.pdb	24.095	42.355	0	31.288
swarm_36_166.pdb	22.275	37.595	0	31.246
swarm_0_160.pdb	20.186	29.380	0	31.094
swarm_47_83.pdb	8.174	16.426	0.0267857	31.024
swarm_52_61.pdb	11.931	26.990	0	31.008
swarm_5_100.pdb	15.121	31.149	0.00892857	30.857
swarm_29_49.pdb	22.939	37.909	0	30.775
swarm_47_97.pdb	22.154	36.833	0.0178571	30.693
swarm_29_173.pdb	22.754	38.162	0	30.666
swarm_37_174.pdb	22.131	33.677	0	30.625
swarm_46_118.pdb	18.737	29.795	0.0714286	30.563
swarm_27_30.pdb	22.717	37.751	0	30.558
swarm_22_102.pdb	11.961	18.600	0	30.505
swarm_48_137.pdb	8.842	17.852	0	30.338
swarm_7_35.pdb	22.076	46.393	0	30.268
swarm_38_100.pdb	18.867	32.402	0.0178571	30.236
swarm_36_76.pdb	20.207	35.400	0	30.201
swarm_15_181.pdb	25.034	46.394	0.00892857	30.175
swarm_37_21.pdb	22.301	35.870	0	30.059
swarm_0_83.pdb	20.917	36.284	0.0267857	29.979
swarm_24_38.pdb	13.702	28.488	0.0178571	29.879
swarm_8_46.pdb	21.913	33.903	0	29.868
swarm_24_199.pdb	15.948	26.174	0	29.771
swarm_48_71.pdb	21.473	32.512	0	29.765
swarm_14_19.pdb	23.897	40.145	0	29.750
swarm_3_117.pdb	23.388	44.614	0	29.699
swarm_42_77.pdb	20.048	35.624	0	29.621
swarm_51_117.pdb	21.496	32.362	0	29.562
swarm_47_65.pdb	17.952	31.776	0.00892857	29.391
swarm_29_13.pdb	21.411	34.286	0	29.366
swarm_46_115.pdb	22.576	37.038	0	29.364
swarm_37_39.pdb	18.196	31.419	0	29.341
swarm_14_25.pdb	22.203	38.899	0	29.301
swarm_0_95.pdb	22.112	35.897	0	29.077
swarm_38_153.pdb	22.420	35.078	0	29.066
swarm_37_181.pdb	21.515	32.897	0	29.051
swarm_22_55.pdb	23.430	39.971	0	28.997
swarm_4_89.pdb	21.733	38.776	0	28.959
swarm_35_19.pdb	24.277	39.773	0	28.957
swarm_46_72.pdb	13.746	24.414	0.0535714	28.824
swarm_34_197.pdb	20.628	34.448	0.0267857	28.404
swarm_48_80.pdb	22.943	37.438	0	28.333
swarm_3_102.pdb	22.368	37.910	0	28.211
swarm_32_52.pdb	16.985	36.044	0.0625	28.151
swarm_6_178.pdb	23.981	46.551	0.0178571	28.085
swarm_48_199.pdb	14.616	30.479	0.0535714	27.836
swarm_37_2.pdb	22.169	37.763	0	27.708
swarm_30_168.pdb	20.603	37.493	0	27.599
swarm_28_170.pdb	18.948	34.966	0.0357143	27.480
swarm_22_193.pdb	18.164	32.161	0	27.405
swarm_5_198.pdb	22.850	42.511	0	27.216
swarm_31_51.pdb	25.305	43.526	0.0178571	27.180
swarm_22_32.pdb	17.750	31.924	0.0446429	27.133
swarm_15_60.pdb	23.109	39.059	0	27.133
swarm_43_83.pdb	21.635	34.056	0	27.054
swarm_41_173.pdb	22.729	37.992	0	26.986
swarm_5_82.pdb	23.176	39.158	0	26.899
swarm_11_193.pdb	24.759	40.391	0	26.665
swarm_47_89.pdb	20.418	29.798	0	26.585
swarm_28_160.pdb	23.775	38.304	0	26.519
swarm_0_108.pdb	15.986	29.054	0.0178571	26.326
swarm_37_10.pdb	17.344	28.963	0	26.126
swarm_47_112.pdb	17.822	32.981	0.0535714	25.979
swarm_23_20.pdb	16.802	26.135	0	25.977
swarm_43_132.pdb	21.376	33.190	0	25.968
swarm_18_163.pdb	23.138	38.153	0	25.961
swarm_6_186.pdb	21.996	39.261	0	25.651
swarm_34_168.pdb	8.255	15.039	0.0267857	25.512
swarm_11_183.pdb	22.018	37.062	0	25.353
swarm_39_23.pdb	21.212	34.393	0	25.133
swarm_37_157.pdb	22.701	35.658	0	24.978
swarm_36_130.pdb	11.532	25.621	0	24.723
swarm_32_122.pdb	23.032	37.038	0	24.574
swarm_11_1.pdb	23.328	42.787	0.0714286	24.571
swarm_11_96.pdb	25.067	43.366	0	24.468
swarm_26_189.pdb	24.539	44.179	0	24.298
swarm_13_45.pdb	25.304	45.189	0	24.224
swarm_29_97.pdb	13.905	27.458	0	23.965
swarm_32_114.pdb	16.750	38.545	0.0446429	23.958
swarm_37_187.pdb	11.121	23.459	0.116071	23.937
swarm_9_15.pdb	15.506	36.803	0	23.557
swarm_32_194.pdb	13.262	28.426	0	23.554
swarm_14_139.pdb	19.222	38.735	0.00892857	23.302
swarm_13_58.pdb	21.043	44.796	0.0178571	23.009
swarm_37_97.pdb	22.798	34.702	0	22.767
swarm_47_117.pdb	21.506	32.913	0	22.521
swarm_9_43.pdb	23.785	39.562	0.0714286	22.351
swarm_28_26.pdb	18.925	31.522	0	22.080
swarm_29_87.pdb	19.966	38.615	0.0446429	21.439
swarm_23_117.pdb	20.965	36.841	0	21.284
swarm_33_52.pdb	17.718	33.809	0.0535714	21.111
swarm_22_69.pdb	23.370	37.891	0	20.835
swarm_37_119.pdb	10.678	18.067	0	20.677
swarm_15_10.pdb	24.859	43.379	0	20.418
swarm_28_92.pdb	24.312	39.495	0.00892857	19.908
swarm_39_137.pdb	20.224	34.188	0.00892857	18.942
swarm_36_14.pdb	22.881	35.958	0	17.112
swarm_8_36.pdb	21.289	37.128	0	17.092
swarm_12_125.pdb	11.534	19.856	0	16.645
swarm_35_40.pdb	21.587	33.518	0	16.381
swarm_34_174.pdb	22.649	35.815	0	15.728
swarm_4_120.pdb	18.933	39.844	0	15.414
swarm_42_185.pdb	21.817	35.071	0	15.091
swarm_49_165.pdb	21.776	34.876	0	14.825
swarm_21_93.pdb	22.642	38.462	0	14.734
swarm_49_32.pdb	21.503	33.452	0	13.669
swarm_29_40.pdb	14.796	29.124	0	13.634
swarm_29_6.pdb	21.787	34.939	0	13.610
swarm_29_77.pdb	23.353	38.937	0	13.502
swarm_24_113.pdb	21.648	36.569	0	13.430
swarm_40_17.pdb	20.768	32.939	0	13.193
swarm_36_199.pdb	15.038	28.826	0.0892857	13.130
swarm_0_25.pdb	15.209	23.214	0	11.879
swarm_0_0.pdb	21.037	32.330	0	11.529
swarm_29_153.pdb	24.752	42.242	0.00892857	11.255
swarm_4_114.pdb	22.406	39.220	0	11.254
swarm_23_179.pdb	21.269	31.828	0	10.378
swarm_34_75.pdb	21.822	34.397	0	10.046
swarm_53_42.pdb	18.732	32.479	0	9.855
swarm_41_184.pdb	21.841	35.047	0	9.185
swarm_36_83.pdb	22.271	36.897	0.0178571	8.415
swarm_35_41.pdb	21.824	37.915	0.00892857	7.831
swarm_43_32.pdb	20.682	33.481	0	7.565
swarm_52_126.pdb	25.888	54.829	0	7.112
swarm_52_184.pdb	26.016	53.400	0.0267857	6.106
swarm_12_186.pdb	20.460	33.304	0	1.444
swarm_41_6.pdb	19.782	33.206	0	0.403
swarm_22_157.pdb	26.664	49.243	0	0.204
