swarm_31_134.pdb	23.451	53.054	0	44.493
swarm_8_21.pdb	20.615	41.594	0	37.830
swarm_28_38.pdb	19.659	35.790	0	37.036
swarm_38_105.pdb	12.190	24.992	0	36.979
swarm_22_32.pdb	16.370	29.385	0	36.576
swarm_0_38.pdb	13.500	20.958	0	36.527
swarm_9_25.pdb	22.878	47.300	0	36.471
swarm_6_175.pdb	15.642	39.062	0	36.173
swarm_28_94.pdb	18.676	32.818	0	35.914
swarm_17_158.pdb	15.900	40.312	0	35.672
swarm_38_5.pdb	13.460	21.496	0	35.087
swarm_28_74.pdb	14.479	24.153	0	33.543
swarm_11_137.pdb	19.821	42.346	0	33.110
swarm_17_176.pdb	20.644	44.806	0	32.988
swarm_21_80.pdb	20.579	42.046	0	32.278
swarm_26_24.pdb	18.433	38.208	0	32.208
swarm_38_94.pdb	8.923	17.474	0	31.823
swarm_37_4.pdb	13.102	18.910	0	31.011
swarm_8_122.pdb	20.915	43.699	0	29.078
swarm_16_31.pdb	17.473	27.797	0	28.993
swarm_41_32.pdb	11.984	17.929	0	28.668
swarm_37_48.pdb	13.574	21.472	0	28.606
swarm_27_150.pdb	12.426	18.206	0	28.522
swarm_20_82.pdb	10.274	17.847	0	27.190
swarm_41_59.pdb	14.122	20.712	0	26.509
swarm_20_22.pdb	10.351	20.698	0	25.878
swarm_33_7.pdb	12.613	21.324	0	25.129
swarm_26_73.pdb	14.187	25.071	0	23.050
swarm_24_156.pdb	9.004	16.040	0	22.540
swarm_7_94.pdb	13.215	26.316	0	21.442
swarm_7_169.pdb	16.661	28.050	0	20.914
swarm_7_18.pdb	19.607	37.420	0	19.460
swarm_4_137.pdb	17.445	30.295	0	18.346
swarm_4_11.pdb	18.483	39.284	0	9.564
