swarm_313_172.pdb	21.010	31.560	0	64.176
swarm_321_123.pdb	21.040	31.560	0	61.220
swarm_324_22.pdb	21.030	31.486	0	56.688
swarm_324_28.pdb	21.001	31.477	0	56.650
swarm_324_151.pdb	20.979	31.475	0	56.512
swarm_324_36.pdb	21.026	31.485	0	56.406
swarm_324_149.pdb	21.024	31.484	0	56.399
swarm_324_38.pdb	21.001	31.468	0	56.330
swarm_324_14.pdb	21.011	31.494	0	56.329
swarm_324_107.pdb	20.998	31.476	0	56.325
swarm_324_122.pdb	21.003	31.498	0	56.201
swarm_324_173.pdb	20.998	31.476	0	56.158
swarm_324_32.pdb	21.015	31.479	0	56.157
swarm_324_166.pdb	21.031	31.464	0	56.042
swarm_324_139.pdb	20.996	31.479	0	56.027
swarm_324_193.pdb	20.999	31.476	0	55.966
swarm_324_4.pdb	21.012	31.471	0	55.965
swarm_324_159.pdb	21.008	31.471	0	55.916
swarm_324_71.pdb	21.039	31.480	0	55.882
swarm_324_82.pdb	21.003	31.469	0	55.845
swarm_324_23.pdb	20.998	31.473	0	55.827
swarm_324_94.pdb	20.957	31.481	0	55.764
swarm_324_121.pdb	21.007	31.489	0	55.743
swarm_324_37.pdb	20.985	31.487	0	55.572
swarm_324_108.pdb	21.058	31.496	0	55.539
swarm_324_60.pdb	20.981	31.490	0	55.466
swarm_324_61.pdb	21.050	31.504	0	55.401
swarm_324_74.pdb	21.001	31.480	0	55.388
swarm_324_13.pdb	21.048	31.480	0	55.341
swarm_324_171.pdb	20.979	31.484	0	55.106
swarm_324_127.pdb	21.054	31.503	0	54.989
swarm_324_47.pdb	20.946	31.482	0	54.964
swarm_315_84.pdb	21.165	31.488	0	54.936
swarm_324_58.pdb	20.994	31.475	0	54.808
swarm_324_84.pdb	20.999	31.476	0	54.611
swarm_324_78.pdb	21.039	31.490	0	54.487
swarm_324_170.pdb	21.009	31.482	0	54.423
swarm_320_99.pdb	21.326	31.594	0	46.943
swarm_258_195.pdb	16.388	32.902	0.0357143	42.529
swarm_324_185.pdb	13.608	23.996	0	41.670
swarm_324_65.pdb	13.609	23.996	0	41.534
swarm_324_104.pdb	13.606	23.994	0	41.470
swarm_324_133.pdb	13.617	24.024	0	41.465
swarm_324_177.pdb	13.610	23.994	0	41.454
swarm_324_99.pdb	13.612	24.004	0	41.418
swarm_324_51.pdb	13.612	24.019	0	41.399
swarm_324_134.pdb	13.607	23.987	0	41.384
swarm_324_40.pdb	13.610	24.004	0	41.376
swarm_324_3.pdb	13.621	24.035	0	41.364
swarm_324_100.pdb	13.622	24.036	0	41.360
swarm_315_131.pdb	21.623	31.767	0	41.334
swarm_324_152.pdb	13.604	23.985	0	41.314
swarm_324_194.pdb	13.613	24.005	0	41.297
swarm_324_182.pdb	13.606	23.991	0	41.279
swarm_324_143.pdb	13.607	23.995	0	41.254
swarm_324_59.pdb	13.609	24.003	0	41.194
swarm_324_132.pdb	13.612	24.013	0	41.176
swarm_324_156.pdb	13.606	23.990	0	41.162
swarm_324_167.pdb	13.614	24.014	0	41.138
swarm_324_76.pdb	13.614	24.018	0	41.137
swarm_324_70.pdb	13.609	24.003	0	41.073
swarm_324_181.pdb	13.610	23.998	0	41.067
swarm_324_141.pdb	13.607	23.992	0	41.066
swarm_324_85.pdb	13.606	23.995	0	41.055
swarm_324_147.pdb	13.619	24.029	0	41.054
swarm_324_98.pdb	13.620	24.029	0	41.037
swarm_324_39.pdb	13.607	23.994	0	40.946
swarm_324_81.pdb	13.605	23.985	0	40.917
swarm_324_57.pdb	13.618	24.028	0	40.912
swarm_324_123.pdb	13.606	23.989	0	40.900
swarm_324_89.pdb	13.604	23.984	0	40.899
swarm_324_101.pdb	13.608	23.986	0	40.866
swarm_324_124.pdb	13.615	24.023	0	40.861
swarm_324_9.pdb	13.621	24.036	0	40.847
swarm_324_55.pdb	13.620	24.029	0	40.838
swarm_324_113.pdb	13.614	24.014	0	40.828
swarm_324_106.pdb	13.608	23.996	0	40.821
swarm_324_1.pdb	13.609	23.998	0	40.811
swarm_324_111.pdb	13.611	24.002	0	40.810
swarm_324_21.pdb	13.613	24.013	0	40.776
swarm_324_52.pdb	13.615	24.017	0	40.771
swarm_324_30.pdb	13.606	23.994	0	40.765
swarm_324_62.pdb	13.612	24.017	0	40.760
swarm_324_5.pdb	13.611	24.008	0	40.632
swarm_324_83.pdb	13.607	23.990	0	40.622
swarm_324_75.pdb	13.605	23.985	0	40.619
swarm_324_142.pdb	13.609	23.998	0	40.616
swarm_324_67.pdb	13.608	23.998	0	40.598
swarm_324_118.pdb	13.606	23.990	0	40.593
swarm_324_68.pdb	13.612	24.003	0	40.575
swarm_324_102.pdb	13.612	24.019	0	40.573
swarm_324_164.pdb	13.610	23.997	0	40.567
swarm_324_17.pdb	13.608	23.997	0	40.561
swarm_324_110.pdb	13.609	23.998	0	40.530
swarm_324_168.pdb	13.611	23.998	0	40.491
swarm_324_24.pdb	13.604	23.992	0	40.476
swarm_324_148.pdb	13.615	24.027	0	40.427
swarm_324_162.pdb	13.605	23.989	0	40.410
swarm_324_11.pdb	13.607	23.991	0	40.369
swarm_324_18.pdb	13.615	24.016	0	40.295
swarm_324_79.pdb	13.605	23.988	0	40.240
swarm_324_27.pdb	13.606	23.995	0	40.162
swarm_324_86.pdb	13.602	23.989	0	40.138
swarm_324_188.pdb	13.610	24.004	0	40.125
swarm_324_92.pdb	13.612	24.005	0	40.106
swarm_324_54.pdb	13.613	24.012	0	40.023
swarm_269_192.pdb	18.334	30.304	0.0357143	39.236
swarm_306_9.pdb	21.604	32.005	0	39.201
swarm_324_109.pdb	13.608	23.981	0	38.587
swarm_271_51.pdb	11.663	23.680	0	38.291
swarm_297_5.pdb	15.558	27.831	0.00892857	38.188
swarm_315_54.pdb	18.614	29.184	0	38.039
swarm_304_27.pdb	8.479	14.582	0.0267857	37.982
swarm_318_185.pdb	22.805	37.577	0.0178571	35.538
swarm_237_162.pdb	21.220	39.505	0.0625	35.482
swarm_297_79.pdb	24.315	37.935	0.0178571	34.661
swarm_309_16.pdb	24.364	38.134	0.0267857	34.585
swarm_269_59.pdb	22.106	36.183	0.0178571	34.200
swarm_269_77.pdb	23.598	37.716	0.0714286	34.099
swarm_255_126.pdb	23.025	36.601	0	34.038
swarm_315_52.pdb	11.568	16.172	0	33.876
swarm_215_21.pdb	20.863	39.074	0.0535714	33.456
swarm_255_141.pdb	23.042	36.650	0	33.390
swarm_282_34.pdb	15.227	34.582	0	33.072
swarm_320_17.pdb	9.080	14.924	0.0446429	33.070
swarm_229_182.pdb	23.744	38.162	0.00892857	32.761
swarm_306_171.pdb	19.085	34.608	0.0267857	32.456
swarm_269_20.pdb	8.948	15.870	0.0178571	32.136
swarm_243_129.pdb	26.288	45.714	0.0535714	32.041
swarm_275_76.pdb	9.752	20.727	0.0982143	31.758
swarm_321_62.pdb	15.243	26.304	0.0357143	31.689
swarm_296_21.pdb	19.994	33.565	0.0446429	31.560
swarm_296_17.pdb	19.971	33.529	0.0446429	31.556
swarm_306_63.pdb	16.225	27.590	0.00892857	31.332
swarm_296_126.pdb	20.014	33.631	0.0446429	31.294
swarm_296_82.pdb	19.931	33.469	0.0446429	31.278
swarm_296_71.pdb	19.917	33.397	0.0535714	31.277
swarm_296_178.pdb	19.932	33.471	0.0446429	31.229
swarm_282_148.pdb	26.235	43.467	0.0267857	31.154
swarm_283_188.pdb	20.347	34.479	0.0357143	31.142
swarm_316_154.pdb	24.211	38.528	0.0267857	31.134
swarm_283_5.pdb	20.347	34.479	0.0357143	31.099
swarm_296_152.pdb	19.940	33.521	0.0446429	31.078
swarm_296_58.pdb	19.972	33.525	0.0446429	31.067
swarm_283_64.pdb	20.347	34.472	0.0357143	31.031
swarm_296_32.pdb	19.993	33.564	0.0446429	31.021
swarm_283_138.pdb	20.363	34.535	0.0357143	31.017
swarm_296_69.pdb	19.984	33.565	0.0446429	30.964
swarm_296_72.pdb	19.987	33.527	0.0446429	30.948
swarm_283_187.pdb	20.350	34.551	0.0357143	30.925
swarm_316_55.pdb	8.387	15.104	0.0714286	30.913
swarm_283_63.pdb	20.347	34.517	0.0357143	30.910
swarm_296_50.pdb	19.982	33.545	0.0446429	30.904
swarm_283_124.pdb	20.365	34.528	0.0357143	30.889
swarm_283_182.pdb	20.317	34.372	0.0357143	30.864
swarm_283_170.pdb	20.360	34.515	0.0357143	30.863
swarm_283_47.pdb	20.328	34.407	0.0357143	30.852
swarm_296_137.pdb	19.914	33.442	0.0446429	30.851
swarm_313_37.pdb	10.774	18.564	0.0357143	30.847
swarm_283_109.pdb	20.319	34.358	0.0357143	30.833
swarm_283_140.pdb	20.358	34.537	0.0357143	30.803
swarm_283_107.pdb	20.359	34.525	0.0357143	30.793
swarm_283_180.pdb	20.321	34.419	0.0357143	30.789
swarm_320_113.pdb	3.391	9.074	0.258929	30.779
swarm_283_104.pdb	20.316	34.424	0.0357143	30.774
swarm_283_144.pdb	20.343	34.529	0.0357143	30.760
swarm_283_50.pdb	20.381	34.592	0.0357143	30.742
swarm_283_119.pdb	20.368	34.495	0.0357143	30.738
swarm_260_84.pdb	12.026	25.608	0	30.737
swarm_283_49.pdb	20.337	34.473	0.0357143	30.735
swarm_283_141.pdb	20.345	34.502	0.0357143	30.728
swarm_283_48.pdb	20.371	34.557	0.0357143	30.720
swarm_230_71.pdb	20.065	47.344	0.0892857	30.715
swarm_283_16.pdb	20.334	34.470	0.0357143	30.659
swarm_283_143.pdb	20.348	34.491	0.0357143	30.600
swarm_216_65.pdb	12.723	29.144	0	30.598
swarm_283_9.pdb	20.336	34.421	0.0357143	30.585
swarm_283_113.pdb	20.350	34.544	0.0357143	30.577
swarm_283_86.pdb	20.295	34.310	0.0357143	30.576
swarm_283_89.pdb	20.353	34.486	0.0357143	30.554
swarm_296_119.pdb	19.957	33.513	0.0446429	30.538
swarm_283_91.pdb	20.358	34.538	0.0357143	30.533
swarm_283_24.pdb	20.380	34.530	0.0357143	30.404
swarm_283_19.pdb	20.346	34.459	0.0357143	30.401
swarm_283_126.pdb	20.362	34.526	0.0357143	30.398
swarm_283_84.pdb	20.365	34.547	0.0357143	30.372
swarm_283_8.pdb	20.353	34.500	0.0357143	30.371
swarm_283_69.pdb	20.358	34.521	0.0357143	30.342
swarm_283_154.pdb	20.382	34.563	0.0357143	30.302
swarm_283_21.pdb	20.342	34.412	0.0357143	30.233
swarm_283_80.pdb	20.388	34.582	0.0357143	30.231
swarm_283_68.pdb	20.353	34.470	0.0357143	30.193
swarm_283_131.pdb	20.350	34.527	0.0357143	30.157
swarm_283_85.pdb	20.349	34.490	0.0357143	30.156
swarm_283_185.pdb	20.334	34.410	0.0357143	30.140
swarm_310_111.pdb	16.657	28.369	0.0267857	30.139
swarm_283_22.pdb	20.375	34.512	0.0357143	30.122
swarm_283_14.pdb	20.288	34.282	0.0357143	30.086
swarm_296_134.pdb	19.989	33.559	0.0446429	30.033
swarm_283_57.pdb	20.339	34.442	0.0357143	30.011
swarm_283_164.pdb	20.320	34.394	0.0357143	29.884
swarm_287_61.pdb	24.782	37.640	0.0357143	29.865
swarm_283_31.pdb	20.354	34.509	0.0357143	29.859
swarm_178_4.pdb	17.797	35.974	0.0178571	29.698
swarm_296_87.pdb	19.979	33.542	0.0446429	29.691
swarm_242_139.pdb	14.388	27.324	0.0625	29.446
swarm_283_122.pdb	25.548	45.663	0.0178571	29.440
swarm_297_2.pdb	23.447	37.544	0	29.429
swarm_242_177.pdb	14.361	27.167	0.0714286	29.429
swarm_260_25.pdb	18.595	34.020	0.0267857	29.386
swarm_242_195.pdb	14.421	27.505	0.0625	29.333
swarm_242_124.pdb	14.354	27.293	0.0625	29.331
swarm_298_33.pdb	19.929	37.286	0.0178571	29.311
swarm_242_122.pdb	14.407	27.473	0.0625	29.301
swarm_242_33.pdb	14.388	27.327	0.0625	29.299
swarm_283_176.pdb	20.351	34.462	0.0357143	29.251
swarm_242_120.pdb	14.415	27.471	0.0625	29.163
swarm_242_125.pdb	14.412	27.462	0.0625	29.156
swarm_283_45.pdb	25.612	45.880	0.0178571	29.150
swarm_283_169.pdb	25.517	45.575	0.0178571	29.149
swarm_260_67.pdb	23.510	36.859	0.0267857	29.137
swarm_283_88.pdb	25.563	45.708	0.0178571	29.127
swarm_283_137.pdb	25.508	45.542	0.0178571	29.119
swarm_283_7.pdb	25.548	45.664	0.0178571	28.984
swarm_283_81.pdb	25.564	45.714	0.0178571	28.944
swarm_313_165.pdb	18.747	28.409	0	28.913
swarm_283_82.pdb	25.521	45.564	0.0178571	28.888
swarm_283_116.pdb	20.361	34.500	0.0357143	28.885
swarm_274_152.pdb	14.534	30.155	0	28.838
swarm_242_48.pdb	14.364	27.204	0.0625	28.816
swarm_136_121.pdb	26.382	46.887	0.00892857	28.678
swarm_274_66.pdb	14.619	30.357	0	28.584
swarm_274_112.pdb	14.449	29.952	0	28.580
swarm_183_141.pdb	26.456	44.079	0.0357143	28.548
swarm_282_106.pdb	15.626	33.526	0.0446429	28.543
swarm_274_108.pdb	14.677	30.491	0	28.496
swarm_274_157.pdb	14.306	29.618	0	28.491
swarm_259_39.pdb	22.951	44.739	0.00892857	28.456
swarm_274_36.pdb	14.358	29.756	0	28.400
swarm_274_30.pdb	14.474	30.012	0	28.372
swarm_249_178.pdb	15.888	32.903	0	28.349
swarm_274_146.pdb	14.509	30.094	0	28.339
swarm_274_79.pdb	14.549	30.185	0	28.331
swarm_274_18.pdb	14.597	30.282	0	28.190
swarm_274_175.pdb	14.597	30.378	0	28.127
swarm_274_80.pdb	14.625	30.373	0	28.088
swarm_274_13.pdb	14.504	30.081	0	28.082
swarm_274_182.pdb	14.576	30.269	0	27.753
swarm_288_5.pdb	11.403	22.721	0.0714286	27.726
swarm_242_169.pdb	14.433	27.373	0.0625	27.587
swarm_329_124.pdb	14.232	25.113	0.0267857	27.521
swarm_274_39.pdb	9.744	18.734	0	27.500
swarm_274_100.pdb	9.738	18.718	0	27.482
swarm_274_113.pdb	9.742	18.725	0	27.481
swarm_274_111.pdb	9.841	18.872	0	27.375
swarm_274_55.pdb	9.804	19.028	0	27.359
swarm_269_153.pdb	10.883	23.253	0.0535714	27.321
swarm_274_15.pdb	9.772	19.012	0	27.314
swarm_274_54.pdb	9.822	19.072	0	27.312
swarm_274_5.pdb	9.705	18.487	0	27.305
swarm_269_145.pdb	10.767	17.205	0	27.253
swarm_274_109.pdb	9.798	19.000	0	27.249
swarm_274_199.pdb	9.765	18.725	0	27.174
swarm_274_128.pdb	9.656	18.760	0	27.144
swarm_274_94.pdb	9.661	18.708	0	27.136
swarm_274_173.pdb	9.652	18.707	0	27.133
swarm_274_150.pdb	9.846	18.867	0	27.126
swarm_274_91.pdb	9.730	18.955	0	27.099
swarm_274_143.pdb	9.735	18.990	0	27.013
swarm_274_145.pdb	9.821	18.979	0	27.012
swarm_242_130.pdb	14.381	27.214	0.0714286	26.995
swarm_274_126.pdb	9.818	18.999	0	26.984
swarm_274_101.pdb	9.734	18.662	0	26.976
swarm_274_32.pdb	9.725	18.629	0	26.951
swarm_274_168.pdb	9.769	18.728	0	26.906
swarm_274_102.pdb	9.734	18.749	0	26.890
swarm_274_174.pdb	9.725	18.653	0	26.888
swarm_274_141.pdb	9.606	18.584	0	26.860
swarm_274_60.pdb	9.815	18.798	0	26.838
swarm_322_53.pdb	20.379	33.296	0.0178571	26.815
swarm_274_26.pdb	9.773	18.844	0	26.805
swarm_274_1.pdb	9.746	18.746	0	26.767
swarm_274_11.pdb	9.785	18.964	0	26.754
swarm_274_164.pdb	9.785	18.863	0	26.750
swarm_274_16.pdb	9.864	19.153	0	26.747
swarm_180_2.pdb	15.297	33.771	0	26.737
swarm_274_185.pdb	9.695	18.774	0	26.730
swarm_274_50.pdb	9.826	19.051	0	26.606
swarm_274_159.pdb	9.746	18.743	0	26.605
swarm_274_90.pdb	9.771	18.767	0	26.565
swarm_180_126.pdb	15.272	33.732	0	26.521
swarm_274_121.pdb	9.776	18.838	0	26.496
swarm_306_38.pdb	25.086	39.111	0.0178571	26.487
swarm_274_14.pdb	9.676	18.518	0	26.486
swarm_274_96.pdb	9.802	19.014	0	26.477
swarm_300_182.pdb	9.862	17.209	0.0267857	26.468
swarm_274_122.pdb	9.741	18.855	0	26.389
swarm_274_196.pdb	9.790	18.955	0	26.289
swarm_274_73.pdb	9.964	19.159	0	26.212
swarm_274_86.pdb	9.789	18.886	0	26.206
swarm_321_126.pdb	6.847	10.877	0.0982143	26.190
swarm_307_8.pdb	22.100	38.827	0.0625	26.183
swarm_274_62.pdb	9.698	18.821	0	26.174
swarm_274_9.pdb	9.698	18.694	0	26.100
swarm_229_71.pdb	24.472	45.479	0.00892857	26.093
swarm_316_25.pdb	4.673	13.027	0.1875	26.049
swarm_274_135.pdb	9.629	18.388	0	26.034
swarm_180_194.pdb	15.247	33.660	0	25.955
swarm_274_179.pdb	9.973	18.749	0	25.801
swarm_274_99.pdb	9.600	18.327	0	25.789
swarm_255_170.pdb	14.224	26.626	0	25.211
swarm_255_57.pdb	14.225	26.710	0	25.199
swarm_255_130.pdb	14.214	26.665	0	25.198
swarm_255_140.pdb	14.226	26.711	0	25.180
swarm_255_103.pdb	14.191	26.645	0	25.049
swarm_255_151.pdb	14.174	26.503	0	25.042
swarm_255_132.pdb	14.229	26.639	0	25.019
swarm_255_40.pdb	14.201	26.539	0	24.979
swarm_296_125.pdb	10.700	18.885	0.0803571	24.956
swarm_255_55.pdb	14.268	26.889	0	24.912
swarm_255_42.pdb	14.167	26.548	0	24.831
swarm_255_56.pdb	14.224	26.644	0	24.812
swarm_255_68.pdb	14.114	26.505	0	24.754
swarm_255_13.pdb	14.275	26.795	0	24.752
swarm_255_36.pdb	14.206	26.661	0	24.750
swarm_255_149.pdb	14.148	26.421	0	24.729
swarm_255_131.pdb	14.194	26.741	0	24.721
swarm_255_31.pdb	14.222	26.717	0	24.718
swarm_255_177.pdb	14.275	26.810	0	24.684
swarm_296_43.pdb	10.818	19.124	0.0714286	24.648
swarm_288_173.pdb	16.512	29.356	0	24.629
swarm_255_107.pdb	14.170	26.601	0	24.616
swarm_255_167.pdb	14.354	26.908	0	24.615
swarm_255_106.pdb	14.214	26.680	0	24.611
swarm_255_98.pdb	14.231	26.756	0	24.607
swarm_255_198.pdb	14.143	26.433	0	24.592
swarm_255_77.pdb	14.282	26.770	0	24.590
swarm_255_142.pdb	14.198	26.530	0	24.538
swarm_255_194.pdb	14.126	26.483	0	24.421
swarm_255_153.pdb	14.107	26.499	0	24.380
swarm_306_145.pdb	22.625	39.341	0.0178571	24.366
swarm_255_21.pdb	14.240	26.697	0	24.340
swarm_255_160.pdb	14.061	26.349	0	24.299
swarm_255_73.pdb	14.279	26.778	0	24.284
swarm_255_96.pdb	14.223	26.672	0	24.239
swarm_255_157.pdb	14.229	26.639	0	24.221
swarm_296_184.pdb	10.684	18.852	0.0803571	24.180
swarm_255_123.pdb	14.212	26.633	0	24.154
swarm_252_82.pdb	21.021	42.055	0	24.111
swarm_255_70.pdb	14.058	26.261	0	24.097
swarm_255_9.pdb	14.334	26.915	0	24.043
swarm_258_97.pdb	10.045	16.812	0.0267857	24.033
swarm_267_74.pdb	19.728	36.875	0.0714286	24.019
swarm_255_8.pdb	14.259	26.702	0	24.012
swarm_255_127.pdb	14.190	26.489	0	23.852
swarm_309_199.pdb	21.345	34.267	0.0357143	23.801
swarm_296_187.pdb	10.790	19.067	0.0714286	23.784
swarm_218_72.pdb	25.947	47.269	0.00892857	23.729
swarm_243_62.pdb	22.313	37.774	0	23.728
swarm_242_89.pdb	13.503	24.401	0	23.674
swarm_315_135.pdb	15.409	28.101	0	23.608
swarm_242_114.pdb	13.677	24.749	0	23.587
swarm_296_141.pdb	10.878	19.245	0.0714286	23.553
swarm_255_91.pdb	14.236	26.625	0	23.520
swarm_255_156.pdb	14.164	26.528	0	23.480
swarm_242_41.pdb	13.431	24.262	0	23.427
swarm_242_79.pdb	13.597	24.598	0	23.419
swarm_242_196.pdb	13.506	24.406	0	23.328
swarm_296_118.pdb	10.760	19.006	0.0803571	23.283
swarm_329_33.pdb	10.628	19.503	0.0357143	23.234
swarm_242_152.pdb	13.518	24.457	0	23.191
swarm_242_17.pdb	13.514	24.446	0	23.043
swarm_255_58.pdb	16.334	28.268	0.0357143	22.901
swarm_255_33.pdb	16.431	28.343	0.0357143	22.779
swarm_275_82.pdb	19.138	29.511	0	22.368
swarm_321_90.pdb	18.897	31.818	0	22.259
swarm_316_148.pdb	25.078	37.587	0	22.252
swarm_321_17.pdb	24.486	37.082	0	22.187
swarm_232_180.pdb	16.754	38.033	0.0178571	22.164
swarm_264_128.pdb	19.324	45.563	0	22.128
swarm_220_67.pdb	28.805	53.492	0.0178571	22.051
swarm_194_180.pdb	13.363	31.935	0.00892857	21.518
swarm_194_5.pdb	13.222	31.597	0.00892857	21.406
swarm_194_53.pdb	13.333	31.876	0.00892857	21.251
swarm_280_180.pdb	26.073	41.523	0	21.194
swarm_194_117.pdb	13.101	31.311	0.00892857	21.158
swarm_194_141.pdb	13.407	32.041	0	21.145
swarm_194_195.pdb	13.231	31.623	0.00892857	21.114
swarm_194_157.pdb	13.389	31.973	0	21.014
swarm_194_116.pdb	13.254	31.670	0.00892857	21.008
swarm_296_24.pdb	18.082	32.149	0.0267857	20.987
swarm_296_86.pdb	17.964	31.787	0.0178571	20.960
swarm_296_65.pdb	21.374	35.528	0.0714286	20.947
swarm_194_189.pdb	13.299	31.772	0.00892857	20.928
swarm_296_143.pdb	17.947	31.723	0.0178571	20.915
swarm_194_14.pdb	13.330	31.870	0.00892857	20.903
swarm_194_174.pdb	13.213	31.541	0.00892857	20.859
swarm_296_131.pdb	5.860	11.096	0.107143	20.846
swarm_194_146.pdb	13.452	32.134	0	20.749
swarm_315_99.pdb	21.924	36.188	0	20.742
swarm_296_129.pdb	5.775	10.834	0.0982143	20.737
swarm_296_112.pdb	17.998	31.905	0.0267857	20.736
swarm_194_166.pdb	12.910	31.914	0	20.714
swarm_296_27.pdb	17.975	31.842	0.0178571	20.706
swarm_296_56.pdb	17.966	31.800	0.0178571	20.696
swarm_280_141.pdb	25.709	45.624	0	20.653
swarm_194_99.pdb	13.318	31.795	0.00892857	20.648
swarm_227_29.pdb	15.213	39.710	0	20.635
swarm_296_163.pdb	17.999	31.890	0.0267857	20.628
swarm_296_100.pdb	5.839	11.061	0.107143	20.625
swarm_296_160.pdb	17.970	31.840	0.0178571	20.608
swarm_296_63.pdb	18.014	31.899	0.0267857	20.599
swarm_296_39.pdb	5.741	10.757	0.107143	20.597
swarm_296_98.pdb	17.954	31.836	0.0178571	20.547
swarm_296_175.pdb	17.957	31.799	0.0178571	20.522
swarm_194_38.pdb	13.403	32.040	0	20.519
swarm_296_94.pdb	17.949	31.717	0.0178571	20.516
swarm_296_104.pdb	17.969	31.869	0.0178571	20.487
swarm_296_26.pdb	17.949	31.725	0.0178571	20.482
swarm_255_100.pdb	14.362	27.254	0	20.480
swarm_296_25.pdb	17.966	31.794	0.0178571	20.474
swarm_194_46.pdb	12.508	31.339	0	20.453
swarm_296_35.pdb	17.976	31.793	0.0178571	20.451
swarm_194_152.pdb	13.179	31.498	0.00892857	20.435
swarm_296_135.pdb	17.969	31.773	0.0178571	20.404
swarm_296_75.pdb	17.981	31.858	0.0178571	20.399
swarm_194_173.pdb	12.520	31.363	0	20.388
swarm_194_154.pdb	13.389	31.978	0	20.382
swarm_296_114.pdb	18.005	31.931	0.0267857	20.381
swarm_296_42.pdb	5.804	11.018	0.107143	20.380
swarm_255_11.pdb	14.364	27.157	0	20.376
swarm_296_46.pdb	17.949	31.730	0.0178571	20.324
swarm_194_63.pdb	13.426	32.083	0	20.306
swarm_296_20.pdb	5.912	11.259	0.0982143	20.301
swarm_296_73.pdb	5.977	11.263	0.0625	20.296
swarm_296_185.pdb	17.960	31.797	0.0178571	20.288
swarm_296_64.pdb	5.783	10.894	0.107143	20.277
swarm_296_7.pdb	17.997	31.899	0.0267857	20.266
swarm_296_179.pdb	17.960	31.768	0.0178571	20.253
swarm_194_156.pdb	13.412	32.069	0.00892857	20.252
swarm_296_183.pdb	17.990	31.894	0.0178571	20.232
swarm_194_52.pdb	13.349	31.924	0.00892857	20.163
swarm_296_81.pdb	5.849	11.019	0.0982143	20.120
swarm_194_87.pdb	12.515	31.342	0	20.109
swarm_296_45.pdb	5.843	11.077	0.107143	20.101
swarm_296_189.pdb	5.871	11.153	0.0982143	20.056
swarm_296_199.pdb	17.978	31.883	0.0178571	20.042
swarm_296_192.pdb	6.077	11.665	0.0803571	20.041
swarm_296_120.pdb	17.959	31.769	0.0178571	20.036
swarm_296_3.pdb	18.047	32.107	0.0357143	20.004
swarm_296_55.pdb	17.959	31.768	0.0178571	19.969
swarm_296_176.pdb	5.962	11.260	0.0714286	19.966
swarm_296_153.pdb	17.965	31.775	0.0178571	19.964
swarm_296_170.pdb	17.962	31.840	0.0178571	19.956
swarm_296_53.pdb	5.957	11.239	0.0714286	19.948
swarm_296_171.pdb	5.930	11.191	0.0803571	19.828
swarm_296_109.pdb	5.919	11.204	0.0892857	19.765
swarm_296_76.pdb	5.911	11.237	0.0892857	19.753
swarm_296_52.pdb	5.842	11.114	0.107143	19.753
swarm_296_191.pdb	6.109	11.557	0.0625	19.609
swarm_241_75.pdb	18.644	34.479	0.0357143	19.514
swarm_296_111.pdb	5.701	10.775	0.116071	19.490
swarm_194_103.pdb	12.582	31.534	0	19.444
swarm_296_36.pdb	5.977	11.270	0.0892857	19.441
swarm_255_80.pdb	14.117	26.521	0	19.436
swarm_296_108.pdb	5.949	11.237	0.0803571	19.415
swarm_296_127.pdb	18.003	31.950	0.0267857	19.370
swarm_194_92.pdb	25.269	44.816	0	19.282
swarm_194_21.pdb	25.250	44.785	0	19.269
swarm_241_102.pdb	18.708	34.705	0.0357143	19.163
swarm_241_162.pdb	18.582	34.256	0.0357143	19.085
swarm_194_147.pdb	25.216	44.700	0	18.862
swarm_255_115.pdb	14.417	27.305	0	18.836
swarm_194_155.pdb	25.188	44.622	0	18.777
swarm_241_65.pdb	18.633	34.438	0.0357143	18.738
swarm_241_173.pdb	18.656	34.517	0.0357143	18.566
swarm_296_68.pdb	5.762	10.932	0.116071	18.544
swarm_194_121.pdb	25.277	44.836	0	18.537
swarm_194_45.pdb	25.268	44.830	0	18.430
swarm_255_182.pdb	14.192	26.670	0	18.279
swarm_296_107.pdb	5.692	10.756	0.125	18.278
swarm_194_101.pdb	25.241	44.759	0	18.275
swarm_194_178.pdb	25.275	44.865	0	18.264
swarm_194_199.pdb	25.217	44.694	0	18.077
swarm_194_72.pdb	25.256	44.785	0	18.064
swarm_194_133.pdb	25.312	44.983	0	17.934
swarm_194_47.pdb	12.574	31.441	0	17.902
swarm_297_192.pdb	23.450	35.951	0.0625	17.843
swarm_194_179.pdb	25.242	44.774	0	17.649
swarm_194_143.pdb	25.240	44.770	0	17.645
swarm_194_159.pdb	12.630	31.578	0	17.212
swarm_194_23.pdb	25.226	44.752	0	16.940
swarm_194_7.pdb	25.272	44.824	0	16.887
swarm_296_57.pdb	18.072	32.130	0.0357143	16.758
swarm_194_79.pdb	13.207	32.276	0.00892857	15.669
swarm_316_130.pdb	20.526	34.190	0	15.591
swarm_239_176.pdb	25.039	52.262	0.00892857	14.504
swarm_128_151.pdb	26.205	48.263	0.0535714	13.866
swarm_227_138.pdb	25.532	43.279	0.0535714	13.184
swarm_260_122.pdb	20.138	35.456	0.0625	6.789
swarm_274_115.pdb	11.182	19.735	0	2.908
