swarm_16_103.pdb	13.605	25.413	0	38.869
swarm_2_155.pdb	12.854	23.761	0	38.275
swarm_27_49.pdb	15.430	28.579	0	36.952
swarm_7_77.pdb	14.327	25.105	0	36.947
swarm_14_5.pdb	13.367	33.239	0	36.279
swarm_31_31.pdb	11.518	20.292	0	34.067
swarm_14_28.pdb	11.805	25.226	0	34.051
swarm_19_142.pdb	8.720	13.805	0	33.429
swarm_2_95.pdb	12.346	24.998	0	33.241
swarm_12_11.pdb	12.392	21.186	0	33.094
swarm_11_0.pdb	16.051	31.425	0	32.754
swarm_34_70.pdb	11.547	21.917	0	32.544
swarm_20_107.pdb	13.732	25.170	0.0196078	32.360
swarm_25_123.pdb	14.572	28.140	0	32.298
swarm_31_148.pdb	18.060	34.771	0	32.143
swarm_17_124.pdb	13.873	25.773	0	32.068
swarm_12_28.pdb	12.442	21.569	0	31.932
swarm_28_194.pdb	14.502	26.793	0	31.581
swarm_31_157.pdb	16.145	40.670	0	31.454
swarm_15_92.pdb	9.721	19.100	0	31.400
swarm_2_26.pdb	12.615	22.037	0	31.117
swarm_5_184.pdb	9.353	20.422	0	30.949
swarm_31_199.pdb	16.157	29.700	0	30.907
swarm_44_32.pdb	3.427	8.896	0.372549	30.719
swarm_17_156.pdb	11.893	25.460	0	30.670
swarm_13_168.pdb	12.901	31.095	0.0196078	30.659
swarm_24_116.pdb	16.279	32.379	0	30.574
swarm_29_129.pdb	9.747	17.821	0	30.423
swarm_12_79.pdb	12.705	24.297	0	30.254
swarm_29_16.pdb	13.456	29.058	0	30.072
swarm_14_48.pdb	16.657	33.767	0	30.010
swarm_14_147.pdb	14.877	28.590	0	29.330
swarm_12_141.pdb	12.339	20.753	0.0588235	29.283
swarm_20_20.pdb	9.298	19.861	0.0784314	28.887
swarm_8_11.pdb	17.883	47.149	0	28.793
swarm_35_51.pdb	11.846	22.745	0	28.670
swarm_42_149.pdb	15.259	29.157	0	28.614
swarm_20_104.pdb	4.124	9.509	0.294118	28.519
swarm_7_116.pdb	15.304	28.086	0	28.435
swarm_24_72.pdb	17.408	37.076	0.0196078	28.365
swarm_42_190.pdb	14.376	36.626	0	28.363
swarm_30_70.pdb	9.029	16.245	0	28.194
swarm_23_155.pdb	15.306	29.667	0	28.048
swarm_7_25.pdb	11.821	23.470	0	27.996
swarm_41_128.pdb	12.383	22.061	0	27.804
swarm_17_3.pdb	8.100	15.980	0	27.802
swarm_23_122.pdb	14.962	34.418	0	27.664
swarm_6_78.pdb	12.267	25.079	0	27.376
swarm_8_16.pdb	18.883	45.491	0	27.135
swarm_20_143.pdb	8.647	17.381	0	27.097
swarm_33_148.pdb	13.831	26.697	0	26.863
swarm_30_140.pdb	13.033	23.516	0	26.638
swarm_8_53.pdb	16.163	48.619	0.0392157	26.557
swarm_17_132.pdb	11.310	18.043	0	26.557
swarm_34_166.pdb	11.050	20.991	0	26.544
swarm_12_168.pdb	12.573	26.182	0	26.517
swarm_35_102.pdb	17.240	36.672	0	26.420
swarm_12_5.pdb	13.325	26.365	0	26.398
swarm_35_100.pdb	10.115	20.827	0	26.165
swarm_35_38.pdb	16.133	41.270	0	26.095
swarm_17_193.pdb	15.842	38.678	0	25.982
swarm_8_159.pdb	16.968	34.112	0	25.976
swarm_11_2.pdb	19.161	50.885	0.0392157	25.959
swarm_17_135.pdb	16.745	43.660	0	25.950
swarm_14_98.pdb	13.021	27.537	0	25.852
swarm_12_41.pdb	11.107	21.174	0	25.636
swarm_30_8.pdb	14.777	24.681	0	25.453
swarm_25_31.pdb	11.863	23.694	0	25.422
swarm_15_99.pdb	16.601	31.660	0	25.414
swarm_35_135.pdb	14.986	26.820	0	25.273
swarm_15_76.pdb	14.797	28.013	0	25.188
swarm_12_18.pdb	4.407	11.362	0.156863	24.828
swarm_7_116.pdb	15.334	28.109	0	24.699
swarm_25_110.pdb	20.212	49.403	0	24.599
swarm_7_29.pdb	9.765	18.517	0	24.564
swarm_35_15.pdb	9.466	17.061	0	24.537
swarm_22_44.pdb	17.157	30.335	0	24.469
swarm_15_133.pdb	13.249	28.515	0	24.448
swarm_12_169.pdb	10.516	24.649	0	24.336
swarm_20_45.pdb	10.859	19.455	0	24.280
swarm_23_99.pdb	15.797	35.656	0	24.277
swarm_22_40.pdb	14.199	30.140	0	24.166
swarm_24_146.pdb	14.535	32.026	0.0392157	24.162
swarm_35_73.pdb	16.415	39.529	0.0196078	24.094
swarm_25_19.pdb	17.592	46.620	0	24.087
swarm_31_121.pdb	12.868	26.105	0	24.065
swarm_29_118.pdb	14.389	27.961	0	23.906
swarm_31_115.pdb	16.645	38.716	0	23.809
swarm_21_103.pdb	20.584	47.483	0	23.706
swarm_11_75.pdb	20.403	46.912	0	23.698
swarm_18_59.pdb	17.850	52.820	0	23.601
swarm_34_198.pdb	9.383	17.427	0	23.553
swarm_29_166.pdb	9.623	22.942	0	23.447
swarm_19_115.pdb	13.946	24.196	0	23.372
swarm_25_161.pdb	18.393	43.572	0	23.315
swarm_22_91.pdb	16.029	37.560	0.0392157	23.293
swarm_16_160.pdb	12.012	21.244	0	23.206
swarm_24_118.pdb	14.436	37.410	0.0588235	23.140
swarm_26_41.pdb	16.766	41.539	0	23.055
swarm_12_137.pdb	12.758	28.327	0.0392157	23.009
swarm_5_54.pdb	14.899	24.162	0	22.870
swarm_44_80.pdb	13.303	24.150	0	22.854
swarm_36_65.pdb	18.311	40.582	0	22.844
swarm_34_187.pdb	14.056	24.983	0	22.832
swarm_29_3.pdb	14.890	42.931	0	22.814
swarm_27_156.pdb	13.510	26.602	0	22.798
swarm_2_19.pdb	12.828	24.782	0	22.788
swarm_17_164.pdb	15.169	41.548	0	22.604
swarm_27_24.pdb	11.825	23.369	0	22.590
swarm_36_175.pdb	14.862	33.007	0	22.569
swarm_29_55.pdb	17.488	39.530	0	22.495
swarm_13_13.pdb	15.036	39.375	0	22.412
swarm_44_63.pdb	12.628	26.043	0	22.362
swarm_22_33.pdb	18.446	37.992	0	22.321
swarm_31_25.pdb	14.733	37.418	0	22.307
swarm_23_65.pdb	14.929	26.492	0	22.249
swarm_15_52.pdb	11.504	24.746	0	22.154
swarm_25_139.pdb	13.482	26.799	0	22.139
swarm_12_105.pdb	13.787	23.302	0	22.135
swarm_5_77.pdb	10.544	22.581	0.0392157	22.002
swarm_29_99.pdb	15.649	34.841	0	21.996
swarm_14_146.pdb	14.729	37.097	0	21.964
swarm_35_122.pdb	11.828	25.866	0	21.957
swarm_6_108.pdb	12.024	31.278	0	21.931
swarm_27_23.pdb	10.635	22.565	0	21.915
swarm_20_23.pdb	13.780	23.456	0	21.881
swarm_25_51.pdb	16.023	29.078	0	21.833
swarm_25_63.pdb	9.815	21.481	0	21.741
swarm_12_160.pdb	13.951	23.204	0	21.725
swarm_13_5.pdb	15.268	37.068	0	21.571
swarm_35_44.pdb	11.173	19.402	0	21.562
swarm_26_119.pdb	15.233	46.188	0	21.558
swarm_17_53.pdb	14.398	29.463	0	21.533
swarm_34_17.pdb	9.256	16.824	0	21.523
swarm_25_104.pdb	12.856	29.286	0	21.520
swarm_39_192.pdb	15.384	52.443	0	21.506
swarm_28_131.pdb	15.884	29.117	0	21.436
swarm_11_189.pdb	18.214	40.964	0	21.421
swarm_2_28.pdb	12.790	22.346	0	21.406
swarm_43_106.pdb	12.977	24.976	0	21.376
swarm_5_178.pdb	12.741	20.570	0	21.169
swarm_24_126.pdb	17.687	39.546	0	21.112
swarm_24_122.pdb	14.907	40.204	0	21.095
swarm_10_144.pdb	15.623	25.364	0	21.079
swarm_34_162.pdb	9.079	16.630	0.0784314	21.000
swarm_26_159.pdb	13.963	41.307	0	20.973
swarm_32_161.pdb	14.167	37.531	0	20.971
swarm_26_39.pdb	16.784	40.305	0	20.917
swarm_25_75.pdb	12.133	26.324	0	20.880
swarm_12_114.pdb	10.526	19.032	0.0196078	20.871
swarm_7_17.pdb	11.673	26.232	0	20.850
swarm_0_142.pdb	18.484	42.391	0	20.746
swarm_29_5.pdb	11.756	29.655	0.0196078	20.745
swarm_28_57.pdb	15.368	31.585	0.0196078	20.720
swarm_29_163.pdb	14.324	24.868	0	20.716
swarm_27_143.pdb	15.091	30.415	0.0196078	20.689
swarm_1_25.pdb	17.499	45.556	0	20.600
swarm_26_5.pdb	18.860	48.324	0	20.598
swarm_14_12.pdb	20.384	54.621	0	20.581
swarm_31_194.pdb	11.019	19.064	0	20.401
swarm_6_110.pdb	11.491	20.639	0	20.398
swarm_26_9.pdb	15.247	49.517	0	20.377
swarm_17_194.pdb	11.099	17.940	0	20.299
swarm_27_16.pdb	13.921	32.534	0	20.290
swarm_19_148.pdb	11.580	22.759	0	20.265
swarm_19_155.pdb	14.635	30.646	0	20.235
swarm_13_193.pdb	15.789	33.243	0	20.233
swarm_28_195.pdb	12.080	30.111	0.0196078	20.216
swarm_29_175.pdb	15.912	26.205	0	20.207
swarm_16_44.pdb	10.817	15.458	0	20.194
swarm_31_117.pdb	15.597	29.156	0	20.151
swarm_41_43.pdb	9.756	17.590	0	20.080
swarm_18_59.pdb	12.728	27.651	0	20.079
swarm_10_135.pdb	17.080	32.797	0	20.067
swarm_18_50.pdb	20.519	52.221	0	20.064
swarm_17_71.pdb	14.256	24.085	0	20.051
swarm_5_196.pdb	15.474	31.686	0.0588235	20.028
swarm_35_199.pdb	15.105	26.183	0	19.965
swarm_17_117.pdb	12.954	25.198	0	19.920
swarm_17_126.pdb	16.913	44.310	0	19.911
swarm_42_176.pdb	16.543	33.459	0	19.785
swarm_11_31.pdb	16.580	45.636	0	19.776
swarm_27_2.pdb	16.808	32.971	0.0392157	19.697
swarm_26_37.pdb	13.782	41.897	0	19.696
swarm_20_151.pdb	12.487	24.232	0	19.696
swarm_41_111.pdb	13.726	24.612	0	19.669
swarm_16_4.pdb	9.446	14.692	0	19.660
swarm_36_190.pdb	15.627	38.174	0	19.659
swarm_18_115.pdb	16.551	39.001	0.0196078	19.645
swarm_8_103.pdb	17.425	46.627	0	19.635
swarm_23_82.pdb	16.735	38.133	0	19.608
swarm_28_84.pdb	8.542	29.073	0.117647	19.589
swarm_20_42.pdb	14.184	23.358	0	19.556
swarm_19_167.pdb	5.893	17.889	0.117647	19.538
swarm_7_173.pdb	13.987	24.525	0	19.513
swarm_17_38.pdb	14.098	30.381	0	19.483
swarm_25_6.pdb	14.562	26.378	0	19.409
swarm_17_7.pdb	14.820	38.615	0	19.239
swarm_39_114.pdb	17.050	46.674	0.0588235	19.228
swarm_44_78.pdb	16.227	29.083	0	19.160
swarm_22_169.pdb	14.591	31.537	0.0196078	19.156
swarm_28_119.pdb	13.745	36.994	0.117647	19.143
swarm_41_52.pdb	9.020	17.036	0	19.116
swarm_9_35.pdb	16.217	28.831	0	19.112
swarm_25_11.pdb	12.151	23.504	0	19.068
swarm_29_97.pdb	10.061	24.224	0	19.063
swarm_7_57.pdb	12.364	25.294	0	19.058
swarm_28_23.pdb	13.245	30.845	0.0784314	18.979
swarm_11_122.pdb	13.861	45.491	0	18.977
swarm_18_86.pdb	15.266	27.624	0	18.900
swarm_29_177.pdb	12.795	40.734	0.0980392	18.836
swarm_22_152.pdb	11.338	23.763	0	18.750
swarm_1_34.pdb	14.782	36.582	0	18.687
swarm_16_140.pdb	14.041	24.366	0	18.643
swarm_18_61.pdb	15.750	45.145	0	18.620
swarm_18_125.pdb	15.870	30.983	0	18.540
swarm_23_36.pdb	12.172	31.146	0	18.536
swarm_25_195.pdb	12.415	24.383	0	18.429
swarm_26_44.pdb	16.130	45.959	0.0588235	18.401
swarm_29_26.pdb	13.960	35.363	0	18.377
swarm_25_160.pdb	11.641	16.797	0	18.376
swarm_42_26.pdb	11.559	28.849	0	18.366
swarm_36_48.pdb	14.216	31.454	0	18.357
swarm_7_128.pdb	11.280	22.234	0	18.356
swarm_29_144.pdb	18.725	38.989	0	18.343
swarm_13_176.pdb	16.465	34.707	0	18.319
swarm_28_152.pdb	15.780	33.297	0.0196078	18.176
swarm_2_160.pdb	12.874	22.411	0	18.157
swarm_28_196.pdb	8.533	23.023	0	18.125
swarm_5_80.pdb	12.560	28.020	0	18.088
swarm_22_188.pdb	13.639	24.425	0	18.082
swarm_18_191.pdb	18.803	37.141	0	17.992
swarm_13_108.pdb	12.772	27.963	0	17.985
swarm_33_93.pdb	20.484	47.620	0	17.979
swarm_27_173.pdb	13.455	29.285	0	17.937
swarm_11_53.pdb	16.206	30.184	0.0196078	17.919
swarm_32_97.pdb	17.261	37.183	0.0196078	17.914
swarm_11_194.pdb	10.897	27.696	0	17.867
swarm_18_145.pdb	14.259	34.404	0	17.818
swarm_11_23.pdb	11.986	31.727	0	17.695
swarm_23_52.pdb	15.131	34.804	0	17.675
swarm_11_178.pdb	18.836	36.855	0	17.668
swarm_1_90.pdb	17.944	41.504	0	17.664
swarm_25_77.pdb	15.491	28.765	0	17.651
swarm_20_155.pdb	12.648	23.623	0.0196078	17.636
swarm_27_123.pdb	13.788	34.911	0.0196078	17.592
swarm_36_96.pdb	13.774	27.413	0	17.464
swarm_36_78.pdb	13.713	41.070	0.117647	17.397
swarm_32_20.pdb	14.422	33.677	0	17.389
swarm_10_187.pdb	13.526	27.587	0	17.330
swarm_28_145.pdb	16.334	33.650	0	17.315
swarm_29_6.pdb	14.109	35.587	0	17.119
swarm_28_49.pdb	13.985	28.738	0	17.098
swarm_37_17.pdb	13.647	36.887	0	17.029
swarm_18_32.pdb	12.141	24.451	0	17.014
swarm_18_107.pdb	13.598	30.294	0	16.999
swarm_17_26.pdb	10.889	24.667	0	16.958
swarm_43_56.pdb	10.136	18.084	0	16.954
swarm_36_187.pdb	13.288	30.969	0	16.886
swarm_10_139.pdb	18.226	34.959	0	16.831
swarm_29_105.pdb	16.100	40.828	0	16.787
swarm_29_155.pdb	13.901	46.647	0.0588235	16.745
swarm_26_56.pdb	18.861	49.011	0.0588235	16.693
swarm_31_149.pdb	14.770	31.463	0	16.690
swarm_29_131.pdb	13.054	27.708	0	16.685
swarm_23_41.pdb	17.081	36.219	0	16.581
swarm_29_45.pdb	15.977	46.453	0.0196078	16.539
swarm_13_164.pdb	15.650	37.643	0	16.529
swarm_29_8.pdb	17.103	40.837	0	16.464
swarm_35_56.pdb	6.575	19.871	0.137255	16.423
swarm_29_120.pdb	17.518	43.949	0	16.412
swarm_23_158.pdb	15.232	29.758	0.0196078	16.365
swarm_15_162.pdb	7.033	19.504	0.0784314	16.362
swarm_29_1.pdb	14.756	46.634	0	16.352
swarm_13_52.pdb	13.022	33.208	0	16.337
swarm_36_76.pdb	16.644	34.988	0	16.320
swarm_12_59.pdb	14.544	26.936	0	16.318
swarm_12_63.pdb	13.033	23.791	0	16.274
swarm_35_69.pdb	14.632	26.594	0	16.236
swarm_16_199.pdb	15.244	27.089	0	16.161
swarm_7_90.pdb	11.161	27.180	0.0392157	16.141
swarm_32_49.pdb	18.642	42.983	0	16.126
swarm_15_16.pdb	10.170	20.847	0	16.085
swarm_32_40.pdb	16.431	36.483	0	15.983
swarm_3_114.pdb	16.624	46.260	0	15.975
swarm_41_85.pdb	12.059	23.946	0	15.945
swarm_17_187.pdb	15.722	47.785	0.0588235	15.939
swarm_28_103.pdb	11.431	23.538	0	15.920
swarm_16_123.pdb	9.424	21.092	0	15.895
swarm_17_74.pdb	13.141	24.051	0	15.832
swarm_10_89.pdb	16.940	35.814	0.0588235	15.827
swarm_27_153.pdb	18.242	38.203	0	15.822
swarm_32_181.pdb	13.072	32.366	0	15.772
swarm_17_155.pdb	19.306	43.746	0	15.767
swarm_24_13.pdb	15.358	28.422	0	15.762
swarm_13_54.pdb	14.345	32.479	0	15.719
swarm_27_76.pdb	16.561	38.150	0.0784314	15.576
swarm_5_30.pdb	15.973	32.739	0	15.505
swarm_36_199.pdb	12.940	30.572	0	15.483
swarm_12_3.pdb	12.489	29.289	0	15.472
swarm_29_87.pdb	18.689	41.991	0	15.321
swarm_24_143.pdb	11.489	30.471	0.0196078	15.297
swarm_39_32.pdb	13.854	44.083	0	15.162
swarm_7_54.pdb	13.602	29.592	0	15.146
swarm_32_63.pdb	13.587	29.616	0	15.102
swarm_36_7.pdb	14.390	28.632	0	15.099
swarm_28_173.pdb	8.749	21.281	0.0784314	15.098
swarm_7_80.pdb	6.017	15.034	0.0980392	15.080
swarm_11_98.pdb	20.087	48.407	0.0196078	15.055
swarm_11_169.pdb	17.766	44.938	0	15.003
swarm_27_67.pdb	14.522	36.499	0	14.976
swarm_35_160.pdb	9.378	21.292	0	14.916
swarm_7_176.pdb	8.634	25.293	0.0980392	14.868
swarm_42_37.pdb	12.553	30.673	0	14.829
swarm_19_77.pdb	16.552	29.252	0	14.790
swarm_31_195.pdb	13.353	31.001	0	14.710
swarm_18_86.pdb	19.558	46.889	0	14.679
swarm_18_105.pdb	13.445	30.571	0	14.656
swarm_15_164.pdb	13.638	30.206	0	14.568
swarm_19_197.pdb	12.591	24.256	0	14.532
swarm_5_93.pdb	12.018	26.306	0	14.378
swarm_15_53.pdb	12.775	23.737	0	14.348
swarm_16_171.pdb	13.749	23.658	0	14.323
swarm_20_88.pdb	11.636	23.121	0	14.182
swarm_11_154.pdb	17.190	42.355	0	14.001
swarm_26_58.pdb	11.605	40.132	0	13.977
swarm_8_144.pdb	21.717	52.224	0	13.946
swarm_27_17.pdb	11.825	31.182	0.117647	13.912
swarm_29_155.pdb	15.669	26.696	0	13.710
swarm_25_181.pdb	11.120	19.538	0	13.658
swarm_41_37.pdb	11.801	19.957	0.0196078	13.647
swarm_24_51.pdb	12.706	28.736	0	13.482
swarm_5_19.pdb	14.975	31.328	0	13.446
swarm_22_53.pdb	13.418	30.595	0	13.326
swarm_27_77.pdb	15.883	36.564	0.0784314	13.299
swarm_0_157.pdb	20.749	42.049	0	13.198
swarm_34_164.pdb	11.149	21.214	0	13.194
swarm_43_134.pdb	8.755	19.125	0.0588235	13.085
swarm_34_22.pdb	7.882	14.424	0.0588235	13.011
swarm_2_75.pdb	13.172	24.357	0	12.932
swarm_15_135.pdb	14.243	25.949	0.0392157	12.910
swarm_17_196.pdb	13.273	23.698	0	12.832
swarm_37_97.pdb	16.353	37.561	0	12.570
swarm_17_48.pdb	13.285	21.231	0	12.439
swarm_24_128.pdb	16.669	35.099	0	12.380
swarm_7_15.pdb	13.822	26.025	0	12.274
swarm_19_69.pdb	16.374	30.943	0	12.257
swarm_38_128.pdb	15.084	29.590	0	12.143
swarm_10_132.pdb	13.930	32.674	0	11.578
swarm_23_110.pdb	17.085	31.200	0	11.541
swarm_18_114.pdb	7.589	22.069	0.0588235	11.505
swarm_8_149.pdb	13.187	35.417	0	11.283
swarm_35_48.pdb	12.991	25.953	0	11.056
swarm_25_183.pdb	14.918	23.706	0.0588235	10.744
swarm_16_97.pdb	13.832	26.172	0	10.419
swarm_11_121.pdb	13.390	41.502	0	10.394
swarm_25_152.pdb	17.742	44.455	0	10.237
swarm_31_63.pdb	13.259	32.709	0	10.019
swarm_20_188.pdb	14.643	26.530	0	9.885
swarm_28_185.pdb	14.912	27.858	0	9.689
swarm_1_134.pdb	19.760	41.153	0	9.567
swarm_7_68.pdb	17.576	33.674	0	9.553
swarm_24_179.pdb	12.840	33.346	0	9.510
swarm_10_193.pdb	7.371	24.713	0.0980392	9.254
swarm_5_68.pdb	17.308	41.572	0	8.764
swarm_9_150.pdb	17.158	33.503	0	8.396
swarm_11_116.pdb	14.916	49.637	0.0196078	8.277
swarm_14_172.pdb	14.185	30.500	0	8.097
swarm_29_79.pdb	16.912	35.754	0	7.596
swarm_2_127.pdb	11.520	21.949	0.0196078	7.333
swarm_29_125.pdb	17.579	44.063	0	6.901
swarm_42_12.pdb	14.212	32.897	0	5.575
swarm_23_170.pdb	14.979	39.353	0	5.456
swarm_35_174.pdb	16.696	40.663	0	5.311
swarm_7_19.pdb	15.479	31.170	0.0392157	5.203
swarm_29_126.pdb	12.919	30.863	0	5.006
swarm_20_1.pdb	11.142	23.277	0	4.798
swarm_24_121.pdb	15.880	40.480	0	4.270
swarm_19_85.pdb	15.371	26.683	0	3.426
swarm_27_131.pdb	14.968	25.722	0	3.090
swarm_42_74.pdb	15.852	37.655	0	2.928
swarm_12_143.pdb	11.416	24.463	0	2.513
swarm_28_13.pdb	17.175	36.188	0	2.292
swarm_31_88.pdb	19.333	45.496	0	1.958
swarm_24_16.pdb	13.681	29.608	0	1.590
swarm_2_64.pdb	13.995	23.863	0.137255	0.918
swarm_23_26.pdb	13.427	32.146	0	0.856
swarm_17_93.pdb	11.263	25.656	0	0.633
