swarm_258_28.pdb	25.345	74.807	0	26.820
swarm_256_60.pdb	25.262	74.673	0	25.984
swarm_143_53.pdb	21.916	50.054	0	25.496
swarm_247_43.pdb	14.404	25.209	0	25.249
swarm_322_46.pdb	13.566	24.860	0	24.761
swarm_186_35.pdb	12.348	23.045	0	24.223
swarm_333_126.pdb	4.555	9.451	0.117647	23.652
swarm_311_185.pdb	13.548	23.743	0.0196078	23.607
swarm_247_41.pdb	9.237	15.899	0	23.238
swarm_331_184.pdb	13.216	21.881	0.0196078	22.810
swarm_320_26.pdb	12.273	19.251	0	22.512
swarm_250_124.pdb	23.261	67.335	0	22.031
swarm_121_158.pdb	27.769	65.612	0	21.626
swarm_255_6.pdb	26.423	78.455	0	21.435
swarm_186_82.pdb	14.444	24.500	0	21.429
swarm_156_70.pdb	12.621	23.524	0	21.237
swarm_382_60.pdb	19.206	52.988	0	21.091
swarm_278_115.pdb	19.313	59.287	0	21.010
swarm_274_32.pdb	16.444	40.652	0	20.987
swarm_226_112.pdb	21.921	62.759	0	20.786
swarm_393_133.pdb	29.437	72.741	0	20.301
swarm_333_113.pdb	9.882	17.342	0	20.148
swarm_322_70.pdb	13.810	23.907	0	19.902
swarm_129_110.pdb	14.185	33.132	0.0392157	19.635
swarm_96_35.pdb	21.478	50.474	0	19.528
swarm_322_193.pdb	12.479	23.502	0	19.469
swarm_203_62.pdb	14.959	28.979	0.0392157	19.421
swarm_100_59.pdb	25.338	74.071	0	19.211
swarm_186_189.pdb	9.254	16.301	0	19.143
swarm_154_108.pdb	16.365	33.191	0.0784314	19.116
swarm_247_169.pdb	15.104	24.758	0	18.987
swarm_333_15.pdb	12.403	22.510	0.0196078	18.949
swarm_119_68.pdb	21.838	48.687	0	18.822
swarm_271_130.pdb	11.200	22.161	0	18.808
swarm_340_146.pdb	28.041	70.200	0	18.790
swarm_275_184.pdb	10.067	19.924	0	18.551
swarm_31_148.pdb	14.023	48.942	0	18.535
swarm_156_96.pdb	14.183	23.713	0	18.521
swarm_328_139.pdb	14.968	25.118	0	18.120
swarm_311_80.pdb	14.201	24.310	0	18.023
swarm_304_70.pdb	26.722	77.295	0	17.939
swarm_154_37.pdb	15.255	26.932	0.0588235	17.929
swarm_320_136.pdb	8.240	11.900	0	17.899
swarm_245_25.pdb	23.606	76.017	0	17.889
swarm_236_19.pdb	24.974	76.631	0	17.607
swarm_366_66.pdb	17.879	58.225	0	17.515
swarm_275_119.pdb	12.368	21.238	0	17.487
swarm_279_183.pdb	28.920	77.057	0	17.251
swarm_188_125.pdb	13.864	29.759	0.0392157	16.749
swarm_16_137.pdb	27.529	67.388	0	16.749
swarm_66_138.pdb	14.025	28.948	0	16.682
swarm_156_191.pdb	6.689	15.070	0.215686	16.602
swarm_390_54.pdb	25.391	57.450	0	16.564
swarm_331_98.pdb	8.233	15.398	0.0196078	16.079
swarm_66_189.pdb	11.956	24.418	0.0980392	16.053
swarm_301_138.pdb	10.969	36.445	0	16.046
swarm_245_12.pdb	24.105	76.502	0	15.946
swarm_333_139.pdb	12.908	22.866	0	15.664
swarm_226_66.pdb	20.309	64.344	0	15.636
swarm_206_74.pdb	5.693	16.070	0.137255	15.611
swarm_219_101.pdb	7.321	22.034	0.0196078	15.424
swarm_275_124.pdb	13.700	24.299	0.0196078	15.094
swarm_66_8.pdb	7.533	24.132	0.215686	15.034
swarm_363_82.pdb	13.308	31.987	0.0980392	15.000
swarm_209_81.pdb	28.153	80.763	0	14.986
swarm_386_198.pdb	17.446	40.403	0.0392157	14.818
swarm_171_103.pdb	14.980	38.385	0	14.789
swarm_66_40.pdb	14.279	28.506	0	14.693
swarm_219_84.pdb	14.724	28.505	0	14.650
swarm_187_166.pdb	24.008	73.579	0	14.377
swarm_384_21.pdb	16.373	32.563	0.0196078	14.350
swarm_39_45.pdb	23.777	75.744	0	14.213
swarm_203_59.pdb	11.592	27.240	0	14.212
swarm_57_36.pdb	18.300	42.784	0.0784314	14.185
swarm_269_187.pdb	16.116	32.136	0	14.158
swarm_36_117.pdb	29.745	82.626	0	14.103
swarm_57_56.pdb	16.891	31.707	0	13.734
swarm_46_101.pdb	11.729	34.970	0.0392157	13.462
swarm_186_69.pdb	11.919	23.286	0.0196078	13.404
swarm_203_133.pdb	7.738	16.340	0	12.964
swarm_88_31.pdb	6.552	16.000	0.0784314	12.850
swarm_88_117.pdb	15.937	25.104	0	12.637
swarm_88_49.pdb	14.307	24.252	0	12.281
swarm_156_43.pdb	11.377	23.044	0	12.255
swarm_156_16.pdb	7.267	13.722	0.0980392	11.997
swarm_364_161.pdb	8.907	18.302	0.0784314	11.805
swarm_57_173.pdb	18.151	38.840	0.0588235	11.672
swarm_384_158.pdb	16.164	39.239	0.0196078	11.519
swarm_182_64.pdb	16.226	27.738	0.0196078	11.027
swarm_392_1.pdb	27.504	64.860	0	11.003
swarm_384_0.pdb	16.909	37.188	0	10.422
swarm_271_24.pdb	14.134	25.950	0	9.994
swarm_305_125.pdb	15.704	41.560	0	8.779
swarm_333_131.pdb	13.470	24.450	0	8.721
swarm_331_172.pdb	14.218	25.274	0	7.888
swarm_88_145.pdb	13.297	23.156	0.0196078	7.358
swarm_267_192.pdb	19.191	34.079	0	5.692
swarm_363_139.pdb	14.457	28.098	0.0196078	1.143
