swarm_5_145.pdb	15.120	26.094	0	52.402
swarm_6_137.pdb	14.342	24.484	0	51.724
swarm_0_45.pdb	9.210	20.278	0	48.175
swarm_7_88.pdb	12.549	26.770	0	47.214
swarm_7_85.pdb	13.947	33.526	0	46.805
swarm_0_80.pdb	16.106	28.352	0	45.546
swarm_9_40.pdb	14.450	26.880	0	45.002
swarm_5_191.pdb	10.104	21.633	0	43.743
swarm_4_180.pdb	13.133	23.324	0	42.379
swarm_6_50.pdb	8.645	14.760	0	42.338
swarm_3_197.pdb	12.424	23.734	0.0392157	42.103
swarm_3_15.pdb	13.161	33.203	0	41.082
swarm_3_26.pdb	18.039	33.461	0	41.077
swarm_9_68.pdb	14.622	27.419	0	41.032
swarm_5_148.pdb	14.855	35.397	0.0196078	40.784
swarm_8_104.pdb	12.271	22.984	0	40.156
swarm_4_146.pdb	12.937	22.516	0	39.863
swarm_7_10.pdb	10.295	31.205	0	39.558
swarm_4_43.pdb	11.091	20.773	0	39.058
swarm_8_7.pdb	14.658	25.243	0	38.960
swarm_4_10.pdb	11.576	20.051	0	38.247
swarm_5_44.pdb	10.588	17.882	0	38.031
swarm_8_50.pdb	14.695	23.919	0	37.449
swarm_8_44.pdb	10.747	19.132	0	37.144
swarm_7_79.pdb	11.871	32.697	0.0196078	36.394
swarm_0_169.pdb	14.652	24.497	0	36.115
swarm_1_95.pdb	15.880	36.211	0	36.051
swarm_5_106.pdb	14.286	25.137	0	35.861
swarm_0_103.pdb	11.345	26.012	0	35.195
swarm_7_127.pdb	12.295	31.955	0	35.061
swarm_0_59.pdb	14.691	22.346	0	34.826
swarm_4_196.pdb	9.163	16.302	0	34.782
swarm_6_119.pdb	13.447	23.526	0	34.610
swarm_0_79.pdb	13.881	23.296	0	34.539
swarm_9_20.pdb	14.857	25.773	0	34.300
swarm_4_31.pdb	12.939	22.508	0	34.259
swarm_3_95.pdb	11.904	28.026	0	34.096
swarm_9_184.pdb	13.553	24.712	0	33.580
swarm_7_20.pdb	14.747	28.638	0	33.226
swarm_8_114.pdb	12.946	28.010	0	33.162
swarm_5_25.pdb	13.122	29.490	0	33.036
swarm_7_11.pdb	15.378	37.270	0	32.857
swarm_0_183.pdb	12.100	22.170	0.0392157	32.507
swarm_5_23.pdb	8.399	21.434	0.0588235	32.505
swarm_6_124.pdb	13.164	23.045	0.0588235	32.399
swarm_7_190.pdb	15.535	35.855	0	32.079
swarm_6_148.pdb	13.969	28.298	0.0196078	32.010
swarm_5_24.pdb	15.411	29.541	0	31.995
swarm_4_30.pdb	13.543	23.587	0	31.952
swarm_7_73.pdb	16.198	28.880	0	31.859
swarm_5_167.pdb	11.000	20.542	0	31.713
swarm_8_118.pdb	11.953	21.852	0.0196078	31.621
swarm_9_103.pdb	6.860	20.609	0.0392157	31.456
swarm_0_67.pdb	9.296	20.886	0.0588235	31.427
swarm_1_134.pdb	14.718	29.098	0	31.203
swarm_8_8.pdb	7.606	22.457	0.0980392	30.807
swarm_7_62.pdb	14.590	29.025	0	30.698
swarm_9_159.pdb	9.983	16.197	0	30.500
swarm_4_53.pdb	11.483	23.393	0	30.382
swarm_1_81.pdb	15.206	28.861	0	30.334
swarm_9_90.pdb	9.591	20.755	0	30.273
swarm_4_113.pdb	11.288	21.549	0	30.227
swarm_3_1.pdb	11.699	28.747	0	30.086
swarm_6_112.pdb	12.243	23.705	0	30.085
swarm_0_110.pdb	14.170	22.368	0	29.794
swarm_0_140.pdb	14.108	24.948	0	29.713
swarm_8_60.pdb	11.016	20.301	0	29.708
swarm_0_11.pdb	12.694	20.048	0	29.701
swarm_2_176.pdb	14.547	32.370	0	29.585
swarm_2_73.pdb	13.736	28.070	0	29.492
swarm_1_130.pdb	13.121	28.588	0	29.467
swarm_8_18.pdb	13.629	25.687	0	29.382
swarm_9_182.pdb	13.775	25.997	0	29.273
swarm_1_5.pdb	6.754	24.427	0.0588235	29.187
swarm_4_29.pdb	12.717	24.326	0	29.067
swarm_8_14.pdb	10.339	26.664	0	28.881
swarm_5_116.pdb	13.655	30.421	0	28.851
swarm_4_60.pdb	12.195	22.057	0	28.729
swarm_1_65.pdb	13.946	26.851	0	28.694
swarm_0_174.pdb	12.736	23.109	0	28.634
swarm_4_36.pdb	11.220	23.084	0	28.598
swarm_1_185.pdb	13.721	33.329	0	28.596
swarm_8_176.pdb	12.419	22.161	0	28.531
swarm_9_23.pdb	11.936	30.522	0	28.119
swarm_3_182.pdb	14.233	27.829	0.0392157	28.065
swarm_3_3.pdb	11.369	27.933	0	28.039
swarm_2_117.pdb	14.077	29.944	0	27.529
swarm_3_58.pdb	15.088	33.066	0	27.279
swarm_1_36.pdb	10.256	33.246	0	27.222
swarm_2_106.pdb	12.125	27.566	0	27.193
swarm_9_127.pdb	8.472	21.163	0	27.126
swarm_0_24.pdb	12.240	25.114	0	26.895
swarm_7_36.pdb	11.911	27.179	0	26.874
swarm_5_50.pdb	13.941	23.596	0	26.830
swarm_9_37.pdb	14.198	24.379	0	26.799
swarm_5_83.pdb	12.210	21.709	0	26.786
swarm_6_55.pdb	14.443	27.386	0	26.585
swarm_8_71.pdb	9.863	28.278	0.0196078	25.926
swarm_8_147.pdb	13.300	29.007	0	25.872
swarm_3_105.pdb	15.636	32.977	0	25.499
swarm_2_170.pdb	10.607	22.022	0	25.445
swarm_6_162.pdb	10.306	20.488	0.0392157	25.245
swarm_2_32.pdb	11.783	20.394	0	25.194
swarm_1_55.pdb	15.217	33.474	0	25.186
swarm_4_153.pdb	14.871	23.719	0	25.014
swarm_5_68.pdb	14.959	26.762	0	24.763
swarm_5_21.pdb	14.280	31.101	0.0196078	24.710
swarm_3_30.pdb	16.220	35.310	0	24.506
swarm_2_186.pdb	16.801	29.729	0	24.484
swarm_6_123.pdb	12.318	23.148	0.0196078	24.248
swarm_7_133.pdb	14.098	33.634	0	24.215
swarm_0_14.pdb	12.242	23.453	0.0392157	24.145
swarm_5_122.pdb	13.433	29.324	0	24.020
swarm_3_160.pdb	11.189	22.564	0	23.761
swarm_6_163.pdb	12.593	23.083	0	23.718
swarm_8_185.pdb	14.075	22.909	0	23.479
swarm_8_69.pdb	16.201	30.066	0	23.443
swarm_0_2.pdb	11.394	23.323	0	23.367
swarm_7_95.pdb	15.289	29.241	0	23.257
swarm_0_105.pdb	15.457	25.142	0	23.085
swarm_1_189.pdb	13.227	29.639	0.0784314	22.961
swarm_2_140.pdb	17.216	32.464	0	22.917
swarm_0_33.pdb	9.531	20.691	0	22.898
swarm_3_34.pdb	16.563	29.941	0	22.854
swarm_0_4.pdb	11.969	19.969	0.0196078	22.798
swarm_0_18.pdb	15.899	27.470	0	22.693
swarm_2_119.pdb	14.380	23.377	0	22.645
swarm_4_112.pdb	8.897	18.412	0.0196078	22.623
swarm_2_18.pdb	10.896	22.476	0	22.567
swarm_5_90.pdb	9.798	26.570	0	22.475
swarm_1_12.pdb	12.270	35.605	0	22.431
swarm_2_164.pdb	10.628	21.845	0	22.120
swarm_0_150.pdb	7.800	17.314	0.0196078	21.517
swarm_2_84.pdb	14.821	29.171	0	21.228
swarm_8_91.pdb	12.288	23.422	0	20.769
swarm_4_67.pdb	12.949	20.784	0	20.668
swarm_9_196.pdb	12.061	27.069	0	20.501
swarm_9_189.pdb	8.472	19.233	0.0784314	20.073
swarm_2_63.pdb	12.487	24.913	0	19.953
swarm_3_86.pdb	16.303	25.480	0	19.868
swarm_0_111.pdb	13.079	22.205	0.0196078	19.735
swarm_6_82.pdb	8.641	18.063	0	19.491
swarm_2_52.pdb	9.367	23.620	0	19.456
swarm_2_16.pdb	12.569	26.060	0	19.315
swarm_7_129.pdb	14.884	32.116	0	19.127
swarm_1_54.pdb	16.938	33.073	0	19.036
swarm_3_131.pdb	14.983	29.663	0	18.980
swarm_8_160.pdb	13.539	28.896	0.0196078	18.687
swarm_8_75.pdb	14.558	26.031	0.0196078	18.562
swarm_8_111.pdb	8.998	17.833	0.0196078	18.554
swarm_0_199.pdb	14.132	23.921	0	18.531
swarm_0_128.pdb	10.440	16.073	0	18.257
swarm_6_40.pdb	13.107	25.287	0	18.140
swarm_1_168.pdb	12.035	29.668	0	18.066
swarm_4_166.pdb	11.932	19.487	0.0196078	17.895
swarm_4_34.pdb	14.871	23.626	0	17.848
swarm_5_142.pdb	15.904	24.998	0	17.809
swarm_6_193.pdb	13.374	26.742	0	17.709
swarm_7_159.pdb	14.762	32.072	0.0196078	17.640
swarm_5_108.pdb	10.030	21.670	0	16.785
swarm_1_47.pdb	15.617	32.033	0	16.523
swarm_1_90.pdb	12.410	34.948	0.0196078	16.396
swarm_0_66.pdb	14.994	25.335	0	16.326
swarm_9_188.pdb	8.329	24.546	0.0980392	16.240
swarm_1_117.pdb	15.127	36.121	0	16.111
swarm_4_35.pdb	15.371	24.342	0.0196078	15.922
swarm_7_137.pdb	15.239	36.621	0	15.886
swarm_2_39.pdb	13.177	30.136	0	15.366
swarm_8_5.pdb	12.924	30.643	0	15.360
swarm_1_24.pdb	12.213	33.200	0	15.026
swarm_9_93.pdb	13.974	25.108	0	14.125
swarm_8_105.pdb	8.215	25.648	0.0588235	13.475
swarm_5_181.pdb	11.359	29.698	0	13.405
swarm_3_67.pdb	16.493	31.319	0	13.026
swarm_2_95.pdb	12.800	22.646	0	12.363
swarm_9_4.pdb	12.489	23.654	0.0196078	12.256
swarm_3_11.pdb	13.809	29.672	0	11.236
swarm_8_189.pdb	11.525	27.282	0	11.031
swarm_4_160.pdb	12.179	23.876	0	10.871
swarm_9_70.pdb	14.096	22.499	0	10.662
swarm_0_72.pdb	10.174	20.938	0	10.526
swarm_1_187.pdb	17.160	31.109	0	9.627
swarm_5_41.pdb	10.909	24.805	0	9.241
swarm_1_84.pdb	17.323	31.685	0	9.084
swarm_8_196.pdb	13.114	32.136	0	7.135
swarm_8_149.pdb	13.015	24.825	0	6.701
swarm_8_193.pdb	11.358	25.590	0	5.710
swarm_6_10.pdb	9.636	17.543	0	5.681
swarm_3_155.pdb	15.127	34.959	0.0196078	4.312
swarm_6_81.pdb	14.130	28.909	0	4.147
swarm_1_183.pdb	15.443	33.031	0	3.060
swarm_2_194.pdb	12.812	25.855	0.0392157	2.516
swarm_3_110.pdb	16.058	29.953	0	1.261
swarm_7_180.pdb	16.148	32.053	0	0.365
