swarm_16_103.pdb	13.605	25.413	0	38.869
swarm_14_5.pdb	13.367	33.239	0	36.279
swarm_14_28.pdb	11.805	25.226	0	34.051
swarm_11_0.pdb	16.051	31.425	0	32.754
swarm_34_70.pdb	11.547	21.917	0	32.544
swarm_25_123.pdb	14.572	28.140	0	32.298
swarm_31_148.pdb	18.060	34.771	0	32.143
swarm_17_124.pdb	13.873	25.773	0	32.068
swarm_12_28.pdb	12.442	21.569	0	31.932
swarm_31_157.pdb	16.145	40.670	0	31.454
swarm_15_92.pdb	9.721	19.100	0	31.400
swarm_2_26.pdb	12.615	22.037	0	31.117
swarm_17_156.pdb	11.893	25.460	0	30.670
swarm_13_168.pdb	12.901	31.095	0.0196078	30.659
swarm_29_129.pdb	9.747	17.821	0	30.423
swarm_29_16.pdb	13.456	29.058	0	30.072
swarm_14_48.pdb	16.657	33.767	0	30.010
swarm_14_147.pdb	14.877	28.590	0	29.330
swarm_12_141.pdb	12.339	20.753	0.0588235	29.283
swarm_20_20.pdb	9.298	19.861	0.0784314	28.887
swarm_30_70.pdb	9.029	16.245	0	28.194
swarm_23_155.pdb	15.306	29.667	0	28.048
swarm_17_3.pdb	8.100	15.980	0	27.802
swarm_23_122.pdb	14.962	34.418	0	27.664
swarm_6_78.pdb	12.267	25.079	0	27.376
swarm_30_140.pdb	13.033	23.516	0	26.638
swarm_17_132.pdb	11.310	18.043	0	26.557
swarm_34_166.pdb	11.050	20.991	0	26.544
swarm_35_102.pdb	17.240	36.672	0	26.420
swarm_35_38.pdb	16.133	41.270	0	26.095
swarm_8_159.pdb	16.968	34.112	0	25.976
swarm_14_98.pdb	13.021	27.537	0	25.852
swarm_30_8.pdb	14.777	24.681	0	25.453
swarm_25_31.pdb	11.863	23.694	0	25.422
swarm_15_99.pdb	16.601	31.660	0	25.414
swarm_15_76.pdb	14.797	28.013	0	25.188
swarm_7_116.pdb	15.334	28.109	0	24.699
swarm_7_29.pdb	9.765	18.517	0	24.564
swarm_15_133.pdb	13.249	28.515	0	24.448
swarm_20_45.pdb	10.859	19.455	0	24.280
swarm_35_73.pdb	16.415	39.529	0.0196078	24.094
swarm_29_118.pdb	14.389	27.961	0	23.906
swarm_31_115.pdb	16.645	38.716	0	23.809
swarm_21_103.pdb	20.584	47.483	0	23.706
swarm_34_198.pdb	9.383	17.427	0	23.553
swarm_29_166.pdb	9.623	22.942	0	23.447
swarm_22_91.pdb	16.029	37.560	0.0392157	23.293
swarm_16_160.pdb	12.012	21.244	0	23.206
swarm_34_187.pdb	14.056	24.983	0	22.832
swarm_2_19.pdb	12.828	24.782	0	22.788
swarm_13_13.pdb	15.036	39.375	0	22.412
swarm_22_33.pdb	18.446	37.992	0	22.321
swarm_31_25.pdb	14.733	37.418	0	22.307
swarm_23_65.pdb	14.929	26.492	0	22.249
swarm_15_52.pdb	11.504	24.746	0	22.154
swarm_25_139.pdb	13.482	26.799	0	22.139
swarm_14_146.pdb	14.729	37.097	0	21.964
swarm_6_108.pdb	12.024	31.278	0	21.931
swarm_20_23.pdb	13.780	23.456	0	21.881
swarm_25_51.pdb	16.023	29.078	0	21.833
swarm_25_63.pdb	9.815	21.481	0	21.741
swarm_12_160.pdb	13.951	23.204	0	21.725
swarm_13_5.pdb	15.268	37.068	0	21.571
swarm_17_53.pdb	14.398	29.463	0	21.533
swarm_34_17.pdb	9.256	16.824	0	21.523
swarm_25_104.pdb	12.856	29.286	0	21.520
swarm_2_28.pdb	12.790	22.346	0	21.406
swarm_34_162.pdb	9.079	16.630	0.0784314	21.000
swarm_25_75.pdb	12.133	26.324	0	20.880
swarm_29_5.pdb	11.756	29.655	0.0196078	20.745
swarm_29_163.pdb	14.324	24.868	0	20.716
swarm_6_110.pdb	11.491	20.639	0	20.398
swarm_17_194.pdb	11.099	17.940	0	20.299
swarm_19_148.pdb	11.580	22.759	0	20.265
swarm_19_155.pdb	14.635	30.646	0	20.235
swarm_13_193.pdb	15.789	33.243	0	20.233
swarm_29_175.pdb	15.912	26.205	0	20.207
swarm_16_44.pdb	10.817	15.458	0	20.194
swarm_18_59.pdb	12.728	27.651	0	20.079
swarm_17_71.pdb	14.256	24.085	0	20.051
swarm_17_117.pdb	12.954	25.198	0	19.920
swarm_16_4.pdb	9.446	14.692	0	19.660
swarm_36_190.pdb	15.627	38.174	0	19.659
swarm_18_115.pdb	16.551	39.001	0.0196078	19.645
swarm_20_42.pdb	14.184	23.358	0	19.556
swarm_19_167.pdb	5.893	17.889	0.117647	19.538
swarm_17_38.pdb	14.098	30.381	0	19.483
swarm_25_6.pdb	14.562	26.378	0	19.409
swarm_9_35.pdb	16.217	28.831	0	19.112
swarm_25_11.pdb	12.151	23.504	0	19.068
swarm_29_97.pdb	10.061	24.224	0	19.063
swarm_7_57.pdb	12.364	25.294	0	19.058
swarm_18_86.pdb	15.266	27.624	0	18.900
swarm_18_125.pdb	15.870	30.983	0	18.540
swarm_23_36.pdb	12.172	31.146	0	18.536
swarm_25_195.pdb	12.415	24.383	0	18.429
swarm_25_160.pdb	11.641	16.797	0	18.376
swarm_36_48.pdb	14.216	31.454	0	18.357
swarm_7_128.pdb	11.280	22.234	0	18.356
swarm_13_176.pdb	16.465	34.707	0	18.319
swarm_18_191.pdb	18.803	37.141	0	17.992
swarm_13_108.pdb	12.772	27.963	0	17.985
swarm_33_93.pdb	20.484	47.620	0	17.979
swarm_11_53.pdb	16.206	30.184	0.0196078	17.919
swarm_11_194.pdb	10.897	27.696	0	17.867
swarm_18_145.pdb	14.259	34.404	0	17.818
swarm_11_23.pdb	11.986	31.727	0	17.695
swarm_11_178.pdb	18.836	36.855	0	17.668
swarm_25_77.pdb	15.491	28.765	0	17.651
swarm_20_155.pdb	12.648	23.623	0.0196078	17.636
swarm_36_96.pdb	13.774	27.413	0	17.464
swarm_37_17.pdb	13.647	36.887	0	17.029
swarm_18_32.pdb	12.141	24.451	0	17.014
swarm_18_107.pdb	13.598	30.294	0	16.999
swarm_17_26.pdb	10.889	24.667	0	16.958
swarm_36_187.pdb	13.288	30.969	0	16.886
swarm_31_149.pdb	14.770	31.463	0	16.690
swarm_29_131.pdb	13.054	27.708	0	16.685
swarm_23_158.pdb	15.232	29.758	0.0196078	16.365
swarm_15_162.pdb	7.033	19.504	0.0784314	16.362
swarm_13_52.pdb	13.022	33.208	0	16.337
swarm_15_16.pdb	10.170	20.847	0	16.085
swarm_16_123.pdb	9.424	21.092	0	15.895
swarm_17_74.pdb	13.141	24.051	0	15.832
swarm_13_54.pdb	14.345	32.479	0	15.719
swarm_36_199.pdb	12.940	30.572	0	15.483
swarm_19_77.pdb	16.552	29.252	0	14.790
swarm_18_105.pdb	13.445	30.571	0	14.656
swarm_15_164.pdb	13.638	30.206	0	14.568
swarm_19_197.pdb	12.591	24.256	0	14.532
swarm_15_53.pdb	12.775	23.737	0	14.348
swarm_20_88.pdb	11.636	23.121	0	14.182
swarm_29_155.pdb	15.669	26.696	0	13.710
swarm_25_181.pdb	11.120	19.538	0	13.658
swarm_34_164.pdb	11.149	21.214	0	13.194
swarm_34_22.pdb	7.882	14.424	0.0588235	13.011
swarm_15_135.pdb	14.243	25.949	0.0392157	12.910
swarm_17_196.pdb	13.273	23.698	0	12.832
swarm_17_48.pdb	13.285	21.231	0	12.439
swarm_7_15.pdb	13.822	26.025	0	12.274
swarm_19_69.pdb	16.374	30.943	0	12.257
swarm_23_110.pdb	17.085	31.200	0	11.541
swarm_18_114.pdb	7.589	22.069	0.0588235	11.505
swarm_8_149.pdb	13.187	35.417	0	11.283
swarm_25_183.pdb	14.918	23.706	0.0588235	10.744
swarm_16_97.pdb	13.832	26.172	0	10.419
swarm_31_63.pdb	13.259	32.709	0	10.019
swarm_5_68.pdb	17.308	41.572	0	8.764
swarm_14_172.pdb	14.185	30.500	0	8.097
swarm_2_127.pdb	11.520	21.949	0.0196078	7.333
swarm_35_174.pdb	16.696	40.663	0	5.311
swarm_29_126.pdb	12.919	30.863	0	5.006
swarm_20_1.pdb	11.142	23.277	0	4.798
swarm_19_85.pdb	15.371	26.683	0	3.426
swarm_12_143.pdb	11.416	24.463	0	2.513
swarm_31_88.pdb	19.333	45.496	0	1.958
swarm_23_26.pdb	13.427	32.146	0	0.856
swarm_17_93.pdb	11.263	25.656	0	0.633
