swarm_186_164.pdb	15.248	89.238	0	41.863
swarm_186_137.pdb	15.913	88.804	0	37.410
swarm_303_48.pdb	20.563	96.485	0	36.523
swarm_306_40.pdb	23.214	59.016	0	36.420
swarm_309_112.pdb	24.535	87.006	0	34.231
swarm_187_165.pdb	15.393	92.343	0	33.460
swarm_325_19.pdb	7.881	95.085	0.0357143	32.254
swarm_310_88.pdb	20.748	95.506	0	32.026
swarm_325_105.pdb	7.916	95.235	0.0357143	31.828
swarm_325_193.pdb	7.915	95.230	0.0357143	31.775
swarm_325_149.pdb	7.915	95.233	0.0357143	31.738
swarm_325_156.pdb	7.916	95.168	0.0357143	31.687
swarm_325_161.pdb	7.931	95.240	0.0357143	31.628
swarm_325_118.pdb	7.899	95.203	0.0357143	31.623
swarm_325_90.pdb	7.859	94.975	0.0357143	31.604
swarm_325_12.pdb	7.973	95.244	0.0357143	31.419
swarm_325_94.pdb	7.863	94.968	0.0357143	31.347
swarm_325_114.pdb	7.983	95.585	0.0357143	31.344
swarm_325_65.pdb	7.932	95.356	0.0357143	31.328
swarm_325_165.pdb	7.907	95.224	0.0357143	31.327
swarm_325_175.pdb	7.938	95.303	0.0357143	31.322
swarm_325_125.pdb	7.948	95.258	0.0357143	31.290
swarm_325_189.pdb	7.967	95.438	0.0357143	31.285
swarm_325_139.pdb	7.950	95.445	0.0357143	31.162
swarm_325_111.pdb	7.921	95.581	0.0357143	31.133
swarm_325_126.pdb	7.895	95.254	0.0357143	31.066
swarm_296_189.pdb	21.293	78.090	0	31.030
swarm_325_14.pdb	7.956	95.048	0.0357143	30.972
swarm_325_152.pdb	7.985	95.287	0.0357143	30.952
swarm_325_102.pdb	7.959	95.302	0.0357143	30.909
swarm_325_167.pdb	7.951	95.365	0.0357143	30.847
swarm_325_182.pdb	7.968	95.341	0.0357143	30.800
swarm_325_15.pdb	7.971	95.424	0.0357143	30.785
swarm_325_129.pdb	7.953	95.338	0.0357143	30.774
swarm_202_106.pdb	4.745	82.710	0.178571	30.705
swarm_325_100.pdb	8.027	95.535	0.0357143	30.671
swarm_325_180.pdb	7.919	95.133	0.0357143	30.647
swarm_325_196.pdb	8.005	95.612	0.0357143	30.604
swarm_296_159.pdb	12.076	83.346	0	30.577
swarm_269_130.pdb	14.982	72.130	0	30.554
swarm_227_82.pdb	4.959	67.449	0.178571	30.536
swarm_325_39.pdb	8.012	95.347	0.0357143	30.521
swarm_325_135.pdb	7.937	95.461	0.0357143	30.310
swarm_325_41.pdb	7.993	95.530	0.0357143	30.274
swarm_325_50.pdb	7.911	95.189	0.0357143	30.163
swarm_173_109.pdb	9.975	65.016	0	30.081
swarm_325_79.pdb	7.929	95.344	0.0357143	30.059
swarm_173_91.pdb	9.940	64.735	0	29.971
swarm_325_92.pdb	7.975	95.466	0.0357143	29.969
swarm_202_162.pdb	18.821	77.200	0	29.676
swarm_173_16.pdb	9.982	64.994	0	29.582
swarm_308_62.pdb	29.462	94.788	0	29.355
swarm_147_160.pdb	13.140	68.514	0	29.193
swarm_147_117.pdb	13.126	68.384	0	29.036
swarm_147_139.pdb	13.127	68.242	0	28.965
swarm_147_181.pdb	13.086	68.185	0	28.662
swarm_310_190.pdb	24.357	86.933	0	28.600
swarm_147_92.pdb	13.124	68.828	0	28.466
swarm_147_15.pdb	13.140	68.428	0	28.080
swarm_208_111.pdb	24.799	68.703	0	28.066
swarm_211_82.pdb	18.094	96.840	0	28.015
swarm_211_165.pdb	18.119	97.136	0	27.988
swarm_309_189.pdb	5.729	96.239	0.0714286	27.908
swarm_211_66.pdb	18.070	97.048	0	27.836
swarm_211_39.pdb	18.238	97.140	0	27.704
swarm_211_3.pdb	18.052	96.318	0	27.692
swarm_211_1.pdb	18.175	96.790	0	27.687
swarm_240_5.pdb	16.850	76.995	0	27.617
swarm_211_67.pdb	18.074	96.808	0	27.615
swarm_147_140.pdb	13.103	67.917	0	27.539
swarm_147_176.pdb	13.044	66.615	0	27.494
swarm_211_112.pdb	18.128	96.744	0	27.414
swarm_211_107.pdb	18.065	97.119	0	27.407
swarm_147_93.pdb	13.034	66.615	0	27.325
swarm_147_185.pdb	13.094	66.774	0	27.268
swarm_147_164.pdb	13.096	66.998	0	27.246
swarm_147_172.pdb	13.047	66.529	0	27.225
swarm_211_43.pdb	18.093	96.812	0	27.194
swarm_211_148.pdb	18.020	96.312	0	27.189
swarm_147_182.pdb	13.168	66.919	0	27.097
swarm_296_62.pdb	13.788	86.027	0	27.086
swarm_147_146.pdb	13.045	66.546	0	27.058
swarm_147_80.pdb	12.970	66.436	0	27.049
swarm_147_31.pdb	13.128	66.818	0	27.029
swarm_261_33.pdb	9.117	91.165	0.214286	27.013
swarm_147_84.pdb	13.061	66.665	0	26.985
swarm_271_154.pdb	14.784	83.651	0	26.956
swarm_271_96.pdb	14.816	84.086	0	26.945
swarm_249_105.pdb	10.729	86.542	0	26.934
swarm_211_153.pdb	18.025	96.821	0	26.897
swarm_240_33.pdb	15.437	82.102	0	26.896
swarm_211_106.pdb	18.125	96.819	0	26.894
swarm_271_130.pdb	14.891	83.955	0	26.857
swarm_271_115.pdb	14.795	84.128	0	26.845
swarm_147_57.pdb	13.027	66.627	0	26.834
swarm_211_89.pdb	18.072	96.784	0	26.763
swarm_271_177.pdb	14.819	84.058	0	26.746
swarm_271_63.pdb	14.790	84.033	0	26.703
swarm_271_34.pdb	14.825	83.959	0	26.696
swarm_147_65.pdb	13.154	68.754	0	26.689
swarm_228_5.pdb	10.342	84.716	0	26.688
swarm_271_192.pdb	14.931	83.918	0	26.685
swarm_147_53.pdb	13.343	66.987	0	26.666
swarm_271_79.pdb	14.857	84.149	0	26.656
swarm_147_58.pdb	13.102	66.782	0	26.641
swarm_211_23.pdb	18.116	96.705	0	26.625
swarm_211_85.pdb	18.154	96.782	0	26.599
swarm_211_53.pdb	18.035	96.759	0	26.579
swarm_271_160.pdb	14.956	84.141	0	26.570
swarm_147_125.pdb	13.134	66.548	0	26.557
swarm_161_129.pdb	13.991	85.567	0	26.548
swarm_271_23.pdb	14.798	84.015	0	26.543
swarm_118_74.pdb	22.873	90.269	0	26.536
swarm_309_89.pdb	22.873	88.816	0	26.518
swarm_309_148.pdb	19.513	99.807	0	26.484
swarm_271_89.pdb	14.880	84.113	0	26.480
swarm_271_72.pdb	14.900	84.278	0	26.480
swarm_161_64.pdb	13.963	85.742	0	26.478
swarm_271_191.pdb	14.805	84.062	0	26.464
swarm_161_10.pdb	13.932	85.897	0	26.456
swarm_147_161.pdb	13.004	66.178	0	26.438
swarm_161_117.pdb	13.941	85.720	0	26.410
swarm_147_184.pdb	12.998	66.921	0	26.395
swarm_271_190.pdb	14.990	83.703	0	26.391
swarm_147_191.pdb	12.980	66.425	0	26.389
swarm_271_85.pdb	14.816	84.197	0	26.388
swarm_271_165.pdb	14.929	84.097	0	26.380
swarm_211_115.pdb	18.101	97.046	0	26.340
swarm_147_13.pdb	13.090	66.291	0	26.330
swarm_271_78.pdb	14.861	84.152	0	26.316
swarm_147_0.pdb	13.256	66.647	0	26.313
swarm_271_10.pdb	14.867	84.387	0	26.309
swarm_309_1.pdb	10.983	93.600	0.0357143	26.296
swarm_161_25.pdb	13.892	86.189	0	26.293
swarm_271_129.pdb	14.904	84.326	0	26.275
swarm_271_5.pdb	14.919	83.835	0	26.270
swarm_271_3.pdb	14.786	84.290	0	26.250
swarm_271_125.pdb	14.848	83.527	0	26.250
swarm_271_195.pdb	14.897	84.149	0	26.243
swarm_271_179.pdb	14.806	84.170	0	26.221
swarm_271_175.pdb	14.992	84.147	0	26.204
swarm_271_157.pdb	14.984	84.158	0	26.163
swarm_147_5.pdb	13.202	66.456	0	26.144
swarm_161_142.pdb	13.845	86.505	0	26.121
swarm_271_139.pdb	14.917	83.996	0	26.112
swarm_147_30.pdb	13.161	66.516	0	26.099
swarm_271_24.pdb	14.896	84.155	0	26.076
swarm_271_126.pdb	14.882	84.473	0	26.051
swarm_161_145.pdb	13.985	85.705	0	26.033
swarm_271_62.pdb	14.831	84.222	0	26.032
swarm_271_65.pdb	14.912	83.562	0	26.028
swarm_271_64.pdb	14.822	83.810	0	26.000
swarm_161_118.pdb	13.911	86.095	0	25.952
swarm_271_80.pdb	14.789	83.992	0	25.938
swarm_271_95.pdb	14.845	84.193	0	25.916
swarm_308_103.pdb	22.387	96.680	0	25.908
swarm_118_64.pdb	18.356	93.561	0	25.818
swarm_161_26.pdb	14.973	81.945	0	25.792
swarm_271_61.pdb	14.894	84.004	0	25.758
swarm_161_108.pdb	14.914	81.827	0	25.732
swarm_271_98.pdb	14.844	84.064	0	25.688
swarm_271_86.pdb	13.168	91.897	0	25.678
swarm_271_40.pdb	13.127	91.971	0	25.675
swarm_147_194.pdb	16.172	84.321	0	25.674
swarm_270_54.pdb	27.137	54.618	0	25.663
swarm_161_90.pdb	14.806	81.597	0	25.617
swarm_161_83.pdb	14.012	85.369	0	25.611
swarm_147_37.pdb	16.194	84.488	0	25.608
swarm_161_113.pdb	14.794	81.997	0	25.606
swarm_161_106.pdb	15.013	81.779	0	25.528
swarm_271_92.pdb	13.141	91.400	0	25.511
swarm_161_82.pdb	14.900	81.870	0	25.495
swarm_147_116.pdb	16.140	84.215	0	25.495
swarm_161_115.pdb	13.869	86.041	0	25.491
swarm_271_113.pdb	13.131	91.698	0	25.427
swarm_271_135.pdb	13.075	91.953	0	25.409
swarm_161_168.pdb	15.060	81.807	0	25.407
swarm_83_73.pdb	13.858	66.754	0	25.342
swarm_161_198.pdb	14.995	81.860	0	25.328
swarm_161_57.pdb	13.984	86.051	0	25.305
swarm_161_80.pdb	14.813	81.869	0	25.274
swarm_147_173.pdb	13.209	66.474	0	25.259
swarm_161_181.pdb	14.793	81.794	0	25.258
swarm_271_28.pdb	13.109	91.525	0	25.243
swarm_147_64.pdb	16.102	84.734	0	25.240
swarm_147_52.pdb	16.137	84.531	0	25.229
swarm_161_124.pdb	14.961	81.972	0	25.204
swarm_161_50.pdb	14.988	81.889	0	25.203
swarm_161_114.pdb	14.915	81.645	0	25.200
swarm_147_153.pdb	16.161	84.424	0	25.198
swarm_161_179.pdb	14.898	81.710	0	25.191
swarm_307_20.pdb	10.724	95.033	0	25.135
swarm_147_19.pdb	16.200	84.621	0	25.124
swarm_147_183.pdb	16.182	84.117	0	25.121
swarm_147_159.pdb	16.170	84.185	0	25.121
swarm_161_88.pdb	14.793	81.762	0	25.116
swarm_147_111.pdb	16.305	84.618	0	25.099
swarm_200_155.pdb	22.778	77.720	0	25.091
swarm_161_46.pdb	14.871	81.740	0	25.073
swarm_147_94.pdb	16.199	84.311	0	25.069
swarm_147_175.pdb	16.310	84.307	0	25.068
swarm_161_36.pdb	15.017	81.921	0	25.050
swarm_147_81.pdb	16.174	83.830	0	25.039
swarm_161_102.pdb	14.998	82.047	0	25.037
swarm_299_88.pdb	16.554	90.963	0	25.030
swarm_147_169.pdb	16.138	84.617	0	25.024
swarm_147_47.pdb	16.179	84.476	0	24.954
swarm_161_65.pdb	14.870	81.896	0	24.948
swarm_147_14.pdb	16.133	84.151	0	24.947
swarm_161_73.pdb	14.860	80.954	0	24.941
swarm_161_18.pdb	14.755	81.459	0	24.905
swarm_310_130.pdb	18.799	103.332	0	24.898
swarm_147_68.pdb	16.230	84.316	0	24.878
swarm_147_126.pdb	16.205	84.321	0	24.875
swarm_147_75.pdb	16.211	84.377	0	24.867
swarm_299_119.pdb	16.650	90.894	0	24.851
swarm_161_104.pdb	14.898	81.822	0	24.829
swarm_299_137.pdb	15.713	77.395	0	24.828
swarm_147_114.pdb	16.190	84.431	0	24.825
swarm_299_75.pdb	15.663	77.315	0	24.816
swarm_147_43.pdb	16.237	84.515	0	24.798
swarm_299_176.pdb	16.697	91.323	0	24.792
swarm_161_48.pdb	14.950	81.656	0	24.787
swarm_299_57.pdb	15.606	76.911	0	24.775
swarm_299_165.pdb	15.671	77.057	0	24.748
swarm_299_190.pdb	15.680	77.331	0	24.711
swarm_147_145.pdb	16.167	84.066	0	24.682
swarm_161_84.pdb	14.909	81.719	0	24.681
swarm_147_6.pdb	16.180	84.496	0	24.645
swarm_299_58.pdb	16.471	90.665	0	24.643
swarm_147_124.pdb	16.139	84.806	0	24.641
swarm_299_3.pdb	16.522	90.889	0	24.628
swarm_161_173.pdb	15.075	81.652	0	24.624
swarm_299_182.pdb	16.708	91.434	0	24.611
swarm_147_179.pdb	16.254	84.357	0	24.594
swarm_161_9.pdb	14.949	82.401	0	24.583
swarm_299_192.pdb	16.563	90.848	0	24.555
swarm_161_75.pdb	15.017	81.825	0	24.546
swarm_299_6.pdb	16.551	90.969	0	24.516
swarm_161_191.pdb	14.831	81.692	0	24.502
swarm_299_60.pdb	15.886	78.347	0	24.492
swarm_147_48.pdb	16.154	84.262	0	24.471
swarm_147_135.pdb	16.195	84.070	0	24.464
swarm_299_153.pdb	16.539	90.837	0	24.458
swarm_186_94.pdb	11.350	88.517	0	24.446
swarm_161_5.pdb	14.981	81.986	0	24.440
swarm_147_97.pdb	16.199	83.963	0	24.419
swarm_161_62.pdb	14.980	81.941	0	24.413
swarm_299_87.pdb	16.598	91.300	0	24.401
swarm_147_16.pdb	16.119	84.291	0	24.387
swarm_147_42.pdb	16.136	84.540	0	24.381
swarm_299_166.pdb	15.819	77.975	0	24.377
swarm_174_81.pdb	14.569	80.470	0	24.319
swarm_161_138.pdb	14.800	81.674	0	24.288
swarm_299_10.pdb	16.588	90.606	0	24.247
swarm_299_22.pdb	16.644	91.284	0	24.243
swarm_299_127.pdb	16.594	90.901	0	24.187
swarm_147_198.pdb	16.100	84.236	0	24.183
swarm_299_26.pdb	16.473	90.647	0	24.176
swarm_249_69.pdb	8.529	87.515	0	24.167
swarm_299_191.pdb	16.644	91.400	0	24.156
swarm_186_167.pdb	17.829	84.261	0	24.049
swarm_271_87.pdb	20.788	88.031	0	24.013
swarm_72_187.pdb	10.911	58.990	0	24.006
swarm_299_145.pdb	16.574	90.764	0	23.973
swarm_161_17.pdb	12.766	78.449	0	23.945
swarm_299_116.pdb	16.466	90.802	0	23.914
swarm_251_15.pdb	9.593	92.667	0	23.906
swarm_251_50.pdb	9.605	92.823	0	23.883
swarm_271_55.pdb	20.774	87.931	0	23.848
swarm_251_92.pdb	9.606	92.678	0	23.840
swarm_200_142.pdb	23.574	81.718	0	23.823
swarm_299_76.pdb	15.755	77.422	0	23.803
swarm_271_2.pdb	20.764	87.871	0	23.776
swarm_299_109.pdb	16.569	91.226	0	23.772
swarm_251_175.pdb	9.581	92.688	0	23.742
swarm_299_158.pdb	15.775	77.543	0	23.741
swarm_251_187.pdb	9.605	92.668	0	23.703
swarm_147_34.pdb	15.734	84.874	0	23.703
swarm_147_143.pdb	15.763	85.017	0	23.689
swarm_147_23.pdb	15.779	84.925	0	23.684
swarm_200_106.pdb	16.103	78.545	0	23.680
swarm_174_55.pdb	27.569	83.397	0	23.662
swarm_251_186.pdb	9.676	92.507	0	23.651
swarm_251_58.pdb	9.561	92.810	0	23.634
swarm_147_180.pdb	15.784	84.836	0	23.628
swarm_271_51.pdb	20.758	88.236	0	23.623
swarm_251_66.pdb	9.652	92.726	0	23.622
swarm_271_174.pdb	20.841	88.156	0	23.591
swarm_271_111.pdb	20.871	87.630	0	23.586
swarm_251_72.pdb	9.620	92.681	0	23.585
swarm_251_196.pdb	9.693	92.742	0	23.572
swarm_271_121.pdb	20.783	87.593	0	23.564
swarm_271_134.pdb	20.860	87.785	0	23.555
swarm_251_105.pdb	9.571	92.592	0	23.528
swarm_271_49.pdb	20.937	88.000	0	23.523
swarm_251_101.pdb	9.672	92.766	0	23.460
swarm_55_136.pdb	22.618	79.262	0	23.456
swarm_271_164.pdb	20.766	88.059	0	23.455
swarm_251_33.pdb	9.597	92.654	0	23.436
swarm_147_49.pdb	15.796	85.030	0	23.433
swarm_251_52.pdb	9.600	92.542	0	23.429
swarm_251_122.pdb	9.672	92.743	0	23.398
swarm_271_152.pdb	20.794	88.023	0	23.396
swarm_271_197.pdb	20.765	88.367	0	23.376
swarm_198_113.pdb	27.934	75.040	0	23.371
swarm_307_172.pdb	16.650	99.196	0	23.330
swarm_299_68.pdb	16.524	90.764	0	23.315
swarm_271_91.pdb	20.795	88.430	0	23.311
swarm_271_83.pdb	20.804	88.001	0	23.298
swarm_269_176.pdb	13.815	78.477	0.0357143	23.288
swarm_251_116.pdb	9.629	92.721	0	23.279
swarm_271_36.pdb	20.923	88.408	0	23.244
swarm_271_155.pdb	20.892	88.471	0	23.203
swarm_272_163.pdb	10.157	88.664	0.214286	23.193
swarm_271_170.pdb	20.734	88.560	0	23.181
swarm_271_47.pdb	20.694	87.800	0	23.161
swarm_271_120.pdb	20.712	88.324	0	23.145
swarm_271_141.pdb	20.895	87.778	0	23.135
swarm_271_43.pdb	20.906	88.250	0	23.124
swarm_271_185.pdb	20.698	88.034	0	23.108
swarm_271_186.pdb	20.812	88.334	0	23.079
swarm_72_175.pdb	22.354	76.285	0	23.076
swarm_271_45.pdb	20.973	88.082	0	23.044
swarm_271_163.pdb	20.799	87.808	0	23.022
swarm_271_97.pdb	20.793	88.081	0	22.993
swarm_271_32.pdb	20.947	88.154	0	22.989
swarm_251_145.pdb	9.600	92.679	0	22.987
swarm_251_170.pdb	9.626	92.949	0	22.975
swarm_271_48.pdb	20.839	87.370	0	22.919
swarm_147_20.pdb	12.746	68.931	0	22.913
swarm_251_29.pdb	9.664	92.702	0	22.912
swarm_271_56.pdb	20.684	88.052	0	22.911
swarm_161_133.pdb	13.408	79.495	0	22.899
swarm_251_139.pdb	9.577	92.761	0	22.888
swarm_147_186.pdb	12.747	68.966	0	22.878
swarm_147_154.pdb	12.798	68.946	0	22.865
swarm_147_72.pdb	12.697	68.961	0	22.842
swarm_147_120.pdb	12.814	69.042	0	22.819
swarm_251_28.pdb	9.634	92.638	0	22.807
swarm_271_112.pdb	20.807	87.621	0	22.796
swarm_271_102.pdb	20.737	88.010	0	22.758
swarm_271_180.pdb	20.933	88.401	0	22.736
swarm_147_131.pdb	12.821	68.999	0	22.697
swarm_147_33.pdb	12.681	69.011	0	22.683
swarm_251_96.pdb	9.641	92.970	0	22.631
swarm_147_98.pdb	12.759	68.919	0	22.624
swarm_147_36.pdb	12.741	68.971	0	22.612
swarm_161_55.pdb	25.263	79.552	0	22.575
swarm_147_132.pdb	12.745	68.972	0	22.574
swarm_263_138.pdb	23.081	86.983	0	22.565
swarm_261_48.pdb	8.860	83.207	0	22.501
swarm_271_162.pdb	20.870	87.991	0	22.492
swarm_271_12.pdb	20.788	88.171	0	22.481
swarm_271_90.pdb	20.832	88.238	0	22.452
swarm_269_168.pdb	16.809	84.729	0	22.383
swarm_161_93.pdb	25.271	79.522	0	22.382
swarm_147_32.pdb	22.703	84.299	0	22.378
swarm_147_127.pdb	22.789	83.953	0	22.354
swarm_147_56.pdb	12.767	69.172	0	22.343
swarm_147_78.pdb	12.703	68.912	0	22.327
swarm_147_163.pdb	22.790	84.318	0	22.321
swarm_147_27.pdb	22.797	84.568	0	22.297
swarm_147_112.pdb	12.762	69.008	0	22.275
swarm_249_166.pdb	10.054	89.751	0.0714286	22.233
swarm_271_184.pdb	19.950	87.415	0	22.213
swarm_147_165.pdb	12.726	68.933	0	22.174
swarm_263_45.pdb	19.462	85.155	0	22.169
swarm_200_2.pdb	13.270	61.789	0	22.156
swarm_161_98.pdb	14.438	88.231	0	22.151
swarm_161_45.pdb	14.394	88.216	0	22.064
swarm_147_197.pdb	22.698	84.078	0	22.062
swarm_147_106.pdb	22.863	84.049	0	22.046
swarm_147_100.pdb	22.675	84.081	0	22.004
swarm_161_152.pdb	14.471	88.280	0	22.002
swarm_161_23.pdb	14.514	88.390	0	21.993
swarm_147_9.pdb	22.690	84.229	0	21.970
swarm_161_40.pdb	14.383	88.146	0	21.917
swarm_161_51.pdb	14.434	88.125	0	21.914
swarm_147_73.pdb	22.656	84.405	0	21.872
swarm_161_166.pdb	14.424	88.214	0	21.859
swarm_147_108.pdb	22.787	83.915	0	21.832
swarm_161_187.pdb	14.431	88.193	0	21.818
swarm_161_178.pdb	14.475	88.050	0	21.791
swarm_147_142.pdb	22.840	84.125	0	21.771
swarm_147_38.pdb	22.859	84.334	0	21.750
swarm_161_151.pdb	14.500	88.404	0	21.732
swarm_161_105.pdb	14.465	88.104	0	21.695
swarm_147_51.pdb	22.799	84.433	0	21.665
swarm_261_18.pdb	10.572	92.985	0	21.642
swarm_161_126.pdb	14.441	88.244	0	21.632
swarm_147_133.pdb	22.830	84.490	0	21.623
swarm_147_63.pdb	22.619	84.428	0	21.589
swarm_147_12.pdb	22.602	83.975	0	21.583
swarm_147_174.pdb	22.654	84.181	0	21.581
swarm_147_41.pdb	22.794	84.492	0	21.575
swarm_161_92.pdb	14.560	88.561	0	21.467
swarm_147_88.pdb	12.648	68.739	0	21.435
swarm_161_41.pdb	14.394	88.563	0	21.421
swarm_240_116.pdb	23.133	77.217	0	21.410
swarm_147_109.pdb	22.759	84.280	0	21.384
swarm_174_140.pdb	9.864	76.958	0.0357143	21.361
swarm_147_104.pdb	22.787	84.131	0	21.339
swarm_147_155.pdb	22.749	84.076	0	21.304
swarm_324_117.pdb	8.387	90.556	0	21.275
swarm_161_13.pdb	14.408	88.443	0	21.245
swarm_261_175.pdb	11.301	93.023	0	21.003
swarm_199_72.pdb	11.424	64.100	0	20.945
swarm_227_64.pdb	13.585	73.568	0	20.886
swarm_252_178.pdb	9.679	101.470	0.142857	20.874
swarm_161_195.pdb	25.371	85.414	0	20.789
swarm_211_116.pdb	12.961	97.617	0	20.690
swarm_299_8.pdb	17.310	97.677	0	20.685
swarm_161_125.pdb	25.410	85.169	0	20.683
swarm_118_29.pdb	16.656	97.727	0	20.669
swarm_161_183.pdb	25.288	85.304	0	20.640
swarm_161_22.pdb	25.491	85.384	0	20.595
swarm_186_143.pdb	15.055	93.359	0.0357143	20.562
swarm_161_161.pdb	25.426	85.377	0	20.546
swarm_161_150.pdb	25.435	85.335	0	20.536
swarm_309_17.pdb	17.937	88.417	0	20.502
swarm_186_73.pdb	12.733	85.555	0	20.404
swarm_161_197.pdb	25.368	85.621	0	20.395
swarm_269_101.pdb	16.754	80.139	0	20.310
swarm_211_33.pdb	12.956	97.481	0	20.286
swarm_161_158.pdb	25.282	85.659	0	20.080
swarm_161_60.pdb	25.311	85.468	0	19.898
swarm_161_141.pdb	25.373	85.422	0	19.881
swarm_211_195.pdb	13.039	97.820	0	19.751
swarm_186_50.pdb	15.841	91.083	0	19.674
swarm_211_22.pdb	13.013	97.760	0	19.632
swarm_200_167.pdb	14.391	78.104	0	19.348
swarm_263_50.pdb	23.725	84.344	0	19.253
swarm_299_103.pdb	10.715	91.897	0	18.903
swarm_299_47.pdb	10.706	91.707	0	18.872
swarm_299_64.pdb	10.719	91.966	0	18.857
swarm_299_154.pdb	10.730	92.012	0	18.843
swarm_95_172.pdb	12.341	110.771	0.178571	18.822
swarm_200_160.pdb	23.087	72.619	0	18.794
swarm_299_63.pdb	10.724	91.989	0	18.739
swarm_95_137.pdb	12.351	110.758	0.178571	18.692
swarm_95_63.pdb	12.449	111.203	0.178571	18.683
swarm_95_88.pdb	12.439	111.053	0.178571	18.629
swarm_95_166.pdb	12.407	111.125	0.178571	18.610
swarm_299_170.pdb	10.817	91.980	0	18.410
swarm_95_89.pdb	12.432	111.126	0.178571	18.364
swarm_299_41.pdb	10.690	91.345	0	18.303
swarm_299_53.pdb	10.752	92.091	0	18.272
swarm_211_137.pdb	11.244	104.988	0.0357143	18.236
swarm_296_25.pdb	9.963	88.100	0	18.211
swarm_95_66.pdb	8.537	103.150	0.107143	18.134
swarm_72_161.pdb	23.277	75.113	0	18.069
swarm_308_44.pdb	10.359	97.843	0	18.062
swarm_299_164.pdb	10.698	91.642	0	18.020
swarm_211_56.pdb	11.260	105.298	0.0357143	17.805
swarm_83_111.pdb	23.285	60.534	0	17.792
swarm_299_159.pdb	10.699	91.444	0	17.673
swarm_202_157.pdb	7.665	81.197	0.142857	17.639
swarm_310_63.pdb	5.814	104.262	0.214286	17.525
swarm_299_2.pdb	10.707	91.728	0	17.405
swarm_187_48.pdb	7.987	102.860	0.285714	17.172
swarm_240_186.pdb	10.766	79.540	0	17.086
swarm_147_66.pdb	22.656	85.978	0	16.995
swarm_147_144.pdb	22.968	86.297	0	16.993
swarm_147_136.pdb	22.717	85.957	0	16.968
swarm_147_24.pdb	22.714	86.414	0	16.962
swarm_147_119.pdb	22.720	85.972	0	16.859
swarm_147_199.pdb	22.930	85.889	0	16.765
swarm_186_62.pdb	13.995	96.412	0	16.761
swarm_175_32.pdb	29.723	84.620	0	16.673
swarm_147_166.pdb	22.723	85.847	0	16.635
swarm_147_147.pdb	22.883	85.929	0	16.572
swarm_147_74.pdb	22.717	86.029	0	16.512
swarm_147_21.pdb	22.698	85.584	0	16.502
swarm_147_86.pdb	22.852	85.915	0	16.309
swarm_147_110.pdb	22.829	85.881	0	16.263
swarm_199_114.pdb	11.324	53.664	0	15.808
swarm_269_6.pdb	21.664	84.577	0	15.795
swarm_55_125.pdb	26.007	78.432	0	15.712
swarm_118_138.pdb	11.421	101.031	0.0357143	15.260
swarm_14_59.pdb	11.348	98.055	0.107143	15.144
swarm_202_43.pdb	13.915	95.515	0	14.920
swarm_14_72.pdb	11.348	98.161	0.107143	14.692
swarm_14_35.pdb	11.356	97.736	0.107143	14.471
swarm_398_34.pdb	12.465	92.609	0	13.556
swarm_271_109.pdb	15.002	73.173	0	12.688
swarm_271_166.pdb	14.933	73.437	0	12.441
swarm_271_38.pdb	15.015	73.113	0	12.405
swarm_309_84.pdb	26.236	92.811	0	12.402
swarm_271_189.pdb	15.109	72.866	0	12.355
swarm_271_35.pdb	15.002	73.250	0	12.245
swarm_271_104.pdb	15.026	73.488	0	12.199
swarm_271_42.pdb	14.985	73.495	0	12.127
swarm_271_169.pdb	14.995	73.078	0	12.104
swarm_271_94.pdb	15.148	73.610	0	12.069
swarm_271_11.pdb	15.150	72.375	0	12.030
swarm_271_14.pdb	15.049	73.943	0	11.475
swarm_95_163.pdb	10.157	108.187	0	11.336
swarm_271_60.pdb	15.000	72.538	0	11.292
swarm_271_82.pdb	14.984	72.405	0	10.646
swarm_271_122.pdb	15.003	73.794	0	10.634
swarm_271_119.pdb	15.141	73.832	0	10.612
swarm_271_1.pdb	15.090	73.408	0	10.427
swarm_271_199.pdb	15.031	73.256	0	10.348
swarm_271_114.pdb	15.084	73.728	0	9.324
