swarm_10_127.pdb	18.384	88.560	0	45.324
swarm_15_149.pdb	16.625	84.484	0	45.304
swarm_20_76.pdb	22.459	54.800	0	45.288
swarm_8_167.pdb	14.775	97.632	0	44.916
swarm_16_32.pdb	9.288	89.016	0.0357143	44.861
swarm_13_186.pdb	17.740	82.860	0	44.419
swarm_6_55.pdb	20.766	83.813	0	42.277
swarm_28_32.pdb	8.996	73.399	0	41.531
swarm_25_137.pdb	15.264	98.714	0	40.532
swarm_6_110.pdb	21.485	88.208	0	39.533
swarm_3_154.pdb	7.557	58.466	0	39.272
swarm_22_105.pdb	22.675	91.491	0	39.105
swarm_10_85.pdb	16.273	90.713	0	38.481
swarm_28_51.pdb	13.683	77.710	0	38.190
swarm_28_46.pdb	10.840	76.400	0	38.033
swarm_18_116.pdb	18.572	86.223	0	37.778
swarm_4_12.pdb	9.928	64.474	0	37.701
swarm_6_16.pdb	10.207	85.562	0	37.319
swarm_19_99.pdb	12.802	86.028	0	37.079
swarm_24_159.pdb	14.011	92.235	0	36.502
swarm_15_53.pdb	14.866	79.392	0	36.419
swarm_0_134.pdb	22.990	74.267	0	35.996
swarm_3_46.pdb	17.836	69.641	0	35.862
swarm_24_120.pdb	13.743	88.544	0	35.795
swarm_13_15.pdb	10.455	88.197	0.0357143	35.525
swarm_15_148.pdb	16.193	86.673	0	35.517
swarm_10_73.pdb	17.273	93.863	0	35.443
swarm_24_91.pdb	19.544	87.954	0	35.339
swarm_3_45.pdb	19.586	78.695	0	34.814
swarm_10_130.pdb	16.649	88.033	0	34.786
swarm_16_23.pdb	10.641	89.489	0	34.780
swarm_19_56.pdb	14.428	70.367	0	34.778
swarm_6_198.pdb	22.310	80.181	0	34.770
swarm_18_156.pdb	22.756	87.942	0	34.766
swarm_21_78.pdb	23.930	93.584	0	34.324
swarm_15_163.pdb	21.791	79.537	0	34.292
swarm_1_136.pdb	28.411	95.806	0	34.107
swarm_18_78.pdb	14.736	89.597	0	33.633
swarm_13_85.pdb	13.881	93.297	0	33.371
swarm_24_182.pdb	11.869	97.236	0	33.232
swarm_16_110.pdb	18.253	86.600	0	32.127
swarm_9_70.pdb	20.332	86.971	0	32.082
swarm_3_40.pdb	18.841	58.871	0	32.079
swarm_19_34.pdb	20.016	86.243	0	32.067
swarm_4_4.pdb	16.959	82.523	0	31.965
swarm_11_54.pdb	20.547	68.996	0	31.743
swarm_27_137.pdb	17.788	89.204	0	31.535
swarm_13_7.pdb	17.967	68.162	0	30.958
swarm_11_45.pdb	11.919	63.666	0	30.637
swarm_25_46.pdb	26.180	91.813	0	30.528
swarm_11_114.pdb	14.385	77.873	0	30.458
swarm_16_117.pdb	22.824	92.573	0	30.380
swarm_1_39.pdb	25.907	90.511	0	30.300
swarm_24_151.pdb	16.442	96.580	0	30.286
swarm_9_151.pdb	27.380	93.068	0	30.101
swarm_28_4.pdb	9.127	62.471	0	29.940
swarm_3_124.pdb	10.386	66.207	0	29.677
swarm_24_137.pdb	18.055	84.710	0	29.606
swarm_8_180.pdb	14.622	99.419	0	29.426
swarm_10_29.pdb	15.407	100.155	0	29.308
swarm_28_21.pdb	7.991	65.060	0	29.262
swarm_17_40.pdb	10.468	91.127	0.0357143	29.245
swarm_16_107.pdb	11.242	87.082	0	29.199
swarm_22_33.pdb	28.260	89.439	0	29.104
swarm_15_26.pdb	22.276	84.183	0	29.075
swarm_24_59.pdb	19.261	91.333	0	28.873
swarm_13_187.pdb	12.715	89.679	0	28.838
swarm_19_162.pdb	14.569	90.913	0	28.825
swarm_11_197.pdb	10.563	77.343	0	28.454
swarm_22_82.pdb	18.488	88.066	0	28.410
swarm_0_17.pdb	13.082	64.051	0	28.303
swarm_8_18.pdb	22.761	87.350	0	28.154
swarm_4_21.pdb	28.574	84.543	0	28.151
swarm_25_155.pdb	19.429	85.573	0	28.121
swarm_19_105.pdb	17.318	75.515	0	28.116
swarm_27_37.pdb	24.570	82.963	0	28.106
swarm_16_92.pdb	14.816	91.355	0	28.081
swarm_4_29.pdb	12.454	77.201	0.142857	27.955
swarm_2_176.pdb	22.953	76.962	0	27.617
swarm_4_156.pdb	27.958	84.929	0	27.614
swarm_15_186.pdb	14.705	73.914	0	27.438
swarm_11_128.pdb	19.247	72.892	0	27.308
swarm_22_121.pdb	23.131	84.757	0	27.175
swarm_6_119.pdb	12.017	76.424	0	26.905
swarm_17_85.pdb	9.117	85.884	0	26.700
swarm_4_173.pdb	22.271	82.285	0	26.501
swarm_0_167.pdb	8.573	68.509	0	26.318
swarm_3_28.pdb	11.277	78.237	0	26.280
swarm_0_141.pdb	13.981	55.503	0	26.238
swarm_15_153.pdb	14.095	69.674	0	26.073
swarm_4_43.pdb	15.744	85.733	0	26.012
swarm_24_187.pdb	21.443	94.606	0	26.012
swarm_19_24.pdb	17.041	87.553	0	25.902
swarm_0_38.pdb	16.213	77.419	0	25.828
swarm_9_43.pdb	14.492	95.040	0	25.801
swarm_9_143.pdb	28.202	93.285	0	25.529
swarm_2_163.pdb	16.849	73.674	0	25.296
swarm_21_39.pdb	12.351	97.904	0	25.115
swarm_4_151.pdb	8.068	90.240	0.0714286	25.045
swarm_8_193.pdb	14.500	96.097	0	24.942
swarm_10_146.pdb	17.573	78.952	0	24.760
swarm_25_6.pdb	29.456	102.436	0	24.606
swarm_19_181.pdb	11.919	87.019	0	24.440
swarm_22_55.pdb	18.408	91.879	0	24.349
swarm_14_118.pdb	19.027	98.388	0	24.256
swarm_14_11.pdb	9.696	89.418	0	24.026
swarm_8_162.pdb	22.394	86.379	0	24.023
swarm_17_70.pdb	16.110	98.267	0	23.978
swarm_28_184.pdb	19.275	76.731	0	23.968
swarm_27_49.pdb	17.614	85.458	0	23.956
swarm_2_106.pdb	11.906	63.100	0.107143	23.916
swarm_3_130.pdb	10.490	60.947	0	23.904
swarm_18_98.pdb	26.916	93.146	0	23.765
swarm_13_144.pdb	16.130	85.082	0	23.736
swarm_21_13.pdb	22.964	92.078	0	23.561
swarm_13_125.pdb	19.359	79.452	0	23.531
swarm_8_124.pdb	23.086	94.241	0	22.904
swarm_28_113.pdb	20.359	74.071	0	22.764
swarm_19_53.pdb	17.140	79.835	0	22.500
swarm_19_65.pdb	11.819	65.234	0	22.312
swarm_14_50.pdb	12.011	97.536	0	22.255
swarm_21_126.pdb	24.318	88.706	0	22.140
swarm_14_67.pdb	8.881	102.649	0	22.140
swarm_3_51.pdb	8.415	61.096	0	22.083
swarm_25_17.pdb	26.024	90.377	0	22.057
swarm_14_142.pdb	8.894	99.881	0.0357143	21.853
swarm_14_126.pdb	14.786	104.402	0.0357143	21.840
swarm_27_169.pdb	27.176	83.838	0	21.828
swarm_25_10.pdb	11.101	97.688	0	21.658
swarm_2_123.pdb	16.944	76.773	0	21.091
swarm_12_170.pdb	26.552	70.147	0	21.038
swarm_17_79.pdb	11.361	97.651	0	21.033
swarm_28_8.pdb	13.386	66.795	0	20.908
swarm_11_16.pdb	16.875	76.669	0	20.835
swarm_21_141.pdb	9.972	97.720	0	20.826
swarm_15_134.pdb	18.086	78.623	0	20.679
swarm_19_184.pdb	19.806	93.140	0	20.613
swarm_2_76.pdb	15.257	65.252	0	20.591
swarm_2_189.pdb	7.698	81.898	0	20.590
swarm_27_9.pdb	21.201	76.629	0	20.241
swarm_13_133.pdb	12.644	77.558	0	20.010
swarm_25_3.pdb	28.272	99.971	0	19.937
swarm_29_77.pdb	26.538	62.287	0	19.859
swarm_27_197.pdb	17.369	92.915	0	19.853
swarm_27_187.pdb	12.228	83.543	0	19.789
swarm_0_68.pdb	26.149	72.881	0	19.669
swarm_0_28.pdb	25.525	73.193	0	19.515
swarm_4_15.pdb	19.043	83.423	0	19.360
swarm_28_77.pdb	20.679	72.849	0	18.689
swarm_17_73.pdb	21.646	79.775	0	17.974
swarm_17_139.pdb	23.990	87.332	0	17.397
swarm_16_18.pdb	20.516	76.672	0	17.127
swarm_19_54.pdb	18.721	90.362	0	16.475
swarm_6_163.pdb	12.497	90.965	0.0714286	15.944
swarm_8_177.pdb	27.817	96.970	0	15.367
swarm_3_97.pdb	17.536	74.834	0	14.754
swarm_5_62.pdb	10.810	53.173	0	13.736
swarm_5_1.pdb	23.370	59.619	0	13.278
swarm_18_28.pdb	14.454	90.476	0	12.557
swarm_17_168.pdb	9.375	100.709	0	11.811
swarm_1_0.pdb	5.998	100.698	0.178571	10.993
swarm_17_90.pdb	11.805	88.486	0	5.724
