swarm_27_62.pdb	14.687	89.126	0	45.188
swarm_10_153.pdb	18.361	89.677	0	43.860
swarm_18_69.pdb	15.681	75.145	0	38.933
swarm_11_3.pdb	21.283	68.846	0	38.297
swarm_14_137.pdb	23.522	86.366	0	37.043
swarm_25_69.pdb	17.194	91.801	0	36.645
swarm_14_38.pdb	23.662	84.475	0	36.254
swarm_18_39.pdb	21.408	85.696	0	35.417
swarm_10_42.pdb	16.834	95.785	0	35.277
swarm_27_176.pdb	13.938	88.942	0	34.343
swarm_27_49.pdb	13.190	86.992	0	34.020
swarm_3_176.pdb	16.630	72.270	0	34.005
swarm_27_99.pdb	12.196	96.754	0.0243902	33.412
swarm_19_9.pdb	13.917	83.737	0	33.034
swarm_19_189.pdb	22.890	93.952	0	32.902
swarm_24_111.pdb	9.068	91.839	0.0243902	32.573
swarm_5_153.pdb	13.362	91.488	0	31.913
swarm_5_162.pdb	10.589	94.074	0.121951	31.392
swarm_5_75.pdb	24.950	88.043	0	30.648
swarm_9_188.pdb	20.650	88.877	0	30.114
swarm_24_144.pdb	14.746	94.105	0	30.056
swarm_28_149.pdb	26.050	90.364	0	29.454
swarm_5_14.pdb	15.779	78.917	0	29.094
swarm_19_97.pdb	15.894	94.532	0	28.818
swarm_8_197.pdb	14.357	96.479	0	28.776
swarm_2_39.pdb	9.854	58.389	0	28.462
swarm_14_98.pdb	13.241	90.063	0	28.128
swarm_18_33.pdb	23.621	93.792	0	27.685
swarm_18_30.pdb	12.589	90.386	0.0731707	27.308
swarm_8_173.pdb	18.164	81.321	0	27.091
swarm_8_5.pdb	14.316	84.773	0	26.761
swarm_27_122.pdb	13.864	93.972	0	26.741
swarm_3_138.pdb	10.539	75.250	0.0243902	26.301
swarm_20_194.pdb	20.661	89.173	0	26.139
swarm_17_156.pdb	17.787	75.305	0	25.737
swarm_10_63.pdb	17.066	79.754	0	25.733
swarm_28_21.pdb	14.340	97.798	0	25.656
swarm_30_4.pdb	18.714	78.778	0	25.581
swarm_14_26.pdb	12.557	85.281	0	25.203
swarm_9_62.pdb	4.685	93.169	0.365854	25.145
swarm_9_192.pdb	28.708	90.835	0	24.812
swarm_18_198.pdb	23.619	82.972	0	24.774
swarm_19_79.pdb	15.260	82.714	0	24.685
swarm_20_150.pdb	13.531	68.477	0	24.174
swarm_2_56.pdb	20.029	81.286	0	24.171
swarm_17_144.pdb	16.492	81.615	0	24.166
swarm_24_29.pdb	20.056	91.552	0	23.994
swarm_28_148.pdb	14.524	100.054	0	23.788
swarm_25_85.pdb	25.693	92.924	0	22.923
swarm_8_192.pdb	15.588	85.701	0	20.750
swarm_28_34.pdb	7.439	99.627	0	20.732
swarm_20_61.pdb	15.827	79.965	0	20.402
swarm_6_13.pdb	10.410	31.343	0.365854	20.049
swarm_28_1.pdb	27.139	92.373	0	19.332
swarm_2_62.pdb	17.616	74.535	0	18.709
swarm_28_108.pdb	28.272	100.056	0	18.178
swarm_5_50.pdb	25.451	85.397	0	18.136
swarm_28_83.pdb	8.069	100.568	0	16.919
swarm_21_96.pdb	8.524	100.388	0.439024	16.779
swarm_23_181.pdb	26.600	98.925	0	16.736
swarm_21_79.pdb	19.135	97.325	0	16.190
swarm_13_175.pdb	16.114	40.862	0	10.171
swarm_30_111.pdb	24.419	71.261	0	6.960
swarm_13_93.pdb	23.529	48.953	0	6.307
swarm_23_55.pdb	27.965	96.138	0	5.277
