swarm_2_186.pdb	4.457	100.783	0.178571	87.256
swarm_3_181.pdb	3.803	103.101	0.321429	78.071
swarm_4_177.pdb	5.164	95.725	0.285714	74.939
swarm_5_56.pdb	3.947	98.450	0.464286	64.266
swarm_7_136.pdb	3.382	81.529	0.571429	61.208
swarm_8_163.pdb	3.061	91.335	0.571429	60.954
swarm_3_78.pdb	4.362	105.462	0.5	58.191
swarm_6_109.pdb	2.451	92.240	0.678571	57.658
swarm_1_62.pdb	3.333	86.810	0.571429	57.578
swarm_6_171.pdb	2.139	91.785	0.75	56.710
swarm_0_17.pdb	2.349	85.347	0.714286	55.627
swarm_9_124.pdb	5.511	99.891	0.178571	49.584
swarm_1_180.pdb	3.229	96.776	0.5	48.998
swarm_9_85.pdb	6.093	96.792	0.285714	48.454
swarm_7_56.pdb	4.125	68.583	0.357143	46.060
swarm_3_98.pdb	4.324	91.872	0.107143	45.018
swarm_2_1.pdb	4.446	109.798	0.464286	44.598
swarm_9_2.pdb	4.743	101.214	0.464286	41.357
swarm_0_187.pdb	2.789	81.889	0.571429	40.946
swarm_8_54.pdb	4.439	91.301	0.357143	7.857
swarm_2_183.pdb	4.517	102.339	0.571429	2.788
swarm_8_169.pdb	2.934	89.508	0.714286	0.468
