swarm_5_22.pdb	11.920	67.813	0	43.895
swarm_1_57.pdb	29.512	60.466	0	41.065
swarm_23_103.pdb	13.400	49.026	0	39.627
swarm_9_175.pdb	13.398	56.347	0	37.542
swarm_9_176.pdb	30.475	64.000	0	37.404
swarm_17_194.pdb	18.702	48.234	0	37.207
swarm_7_4.pdb	22.842	86.443	0	35.927
swarm_17_56.pdb	16.126	43.793	0	34.856
swarm_25_134.pdb	19.053	82.686	0	34.658
swarm_19_2.pdb	17.556	87.207	0	34.226
swarm_9_134.pdb	26.625	63.938	0	34.032
swarm_22_161.pdb	23.850	58.613	0	33.671
swarm_24_135.pdb	10.308	94.167	0.0243902	33.664
swarm_5_153.pdb	26.961	82.244	0	33.619
swarm_10_172.pdb	29.781	96.629	0	33.526
swarm_20_109.pdb	21.129	79.666	0	33.234
swarm_18_52.pdb	18.067	45.648	0	32.901
swarm_5_148.pdb	15.405	79.891	0	32.259
swarm_26_181.pdb	11.363	37.998	0	31.541
swarm_7_174.pdb	9.302	90.240	0	30.909
swarm_32_101.pdb	13.795	67.655	0.0243902	30.629
swarm_3_87.pdb	6.815	63.126	0	29.950
swarm_24_29.pdb	29.491	97.177	0	29.778
swarm_23_129.pdb	29.924	52.310	0	27.958
swarm_31_56.pdb	10.892	50.172	0	27.887
swarm_10_109.pdb	6.299	86.418	0.0487805	27.687
swarm_19_140.pdb	19.733	78.442	0	27.545
swarm_2_191.pdb	7.597	47.334	0.0243902	27.475
swarm_26_61.pdb	17.100	38.456	0	27.407
swarm_14_104.pdb	22.408	42.407	0	27.384
swarm_31_46.pdb	16.798	61.606	0	27.284
swarm_3_16.pdb	13.746	74.084	0	27.181
swarm_32_189.pdb	17.621	71.727	0	27.145
swarm_31_53.pdb	8.409	53.251	0	27.049
swarm_8_53.pdb	21.676	51.585	0	26.616
swarm_1_114.pdb	22.631	52.189	0	26.067
swarm_18_156.pdb	29.710	55.190	0	25.834
swarm_26_147.pdb	33.846	44.848	0	25.665
swarm_28_9.pdb	22.495	44.458	0	25.368
swarm_32_53.pdb	22.069	69.239	0	25.244
swarm_27_135.pdb	23.177	47.125	0	25.022
swarm_9_63.pdb	30.373	64.601	0	24.544
swarm_26_9.pdb	12.748	26.619	0.0243902	23.640
swarm_22_158.pdb	11.562	36.758	0.0243902	23.597
swarm_8_28.pdb	14.982	32.993	0	23.355
swarm_6_166.pdb	16.769	51.490	0	23.290
swarm_2_5.pdb	8.329	61.136	0.170732	23.141
swarm_6_140.pdb	17.086	44.410	0	23.128
swarm_6_76.pdb	21.404	46.813	0	22.938
swarm_6_52.pdb	26.560	58.403	0	22.798
swarm_15_22.pdb	18.411	73.695	0	22.491
swarm_32_26.pdb	20.899	75.937	0	21.857
swarm_4_44.pdb	30.732	57.542	0	21.689
swarm_3_28.pdb	12.215	71.421	0	21.540
swarm_18_117.pdb	33.432	59.048	0	21.380
swarm_3_20.pdb	11.445	61.345	0	21.360
swarm_8_91.pdb	18.297	42.379	0	21.084
swarm_5_116.pdb	13.159	81.620	0	20.996
swarm_33_145.pdb	21.809	65.427	0	20.900
swarm_2_64.pdb	11.821	53.867	0	20.758
swarm_15_9.pdb	23.150	79.549	0	20.269
swarm_27_35.pdb	16.415	38.000	0	20.089
swarm_13_79.pdb	19.472	75.602	0	19.907
swarm_32_20.pdb	16.750	72.275	0	19.304
swarm_7_78.pdb	14.279	88.005	0	18.305
swarm_4_112.pdb	17.082	57.941	0	18.300
swarm_30_103.pdb	15.976	80.431	0	18.118
swarm_8_94.pdb	24.709	46.691	0	15.620
swarm_3_179.pdb	17.681	64.672	0	14.113
swarm_28_133.pdb	20.599	42.501	0	14.008
swarm_31_187.pdb	21.929	65.813	0	12.765
swarm_7_0.pdb	12.212	91.130	0.0243902	12.067
swarm_14_1.pdb	24.745	55.385	0	11.308
swarm_27_6.pdb	13.426	42.694	0	11.170
swarm_6_174.pdb	17.744	61.847	0	10.271
swarm_14_87.pdb	19.641	46.181	0	7.684
swarm_8_26.pdb	15.277	40.085	0	4.580
