run0-swarm_7_167.pdb	4.531	77.010	0.341463	43.801
run0-swarm_24_154.pdb	3.397	68.576	0.341463	40.702
run0-swarm_8_158.pdb	5.280	92.540	0.195122	38.804
run0-swarm_2_169.pdb	4.847	63.110	0.341463	38.494
run0-swarm_12_20.pdb	14.648	56.715	0	37.694
run0-swarm_22_196.pdb	13.362	43.151	0	36.914
run0-swarm_6_85.pdb	7.276	92.759	0.0243902	35.431
run0-swarm_13_62.pdb	5.625	92.690	0.121951	34.086
run0-swarm_10_6.pdb	6.271	91.946	0.097561	34.027
run0-swarm_10_110.pdb	10.981	89.603	0	33.826
run0-swarm_21_55.pdb	10.101	70.933	0	32.453
run0-swarm_16_91.pdb	6.936	91.365	0.097561	32.396
run0-swarm_21_6.pdb	3.670	73.412	0.463415	32.041
run0-swarm_10_83.pdb	5.471	91.661	0.195122	31.993
run0-swarm_17_183.pdb	7.140	97.044	0.317073	31.125
run0-swarm_20_145.pdb	5.971	84.894	0.097561	30.485
run0-swarm_4_68.pdb	13.989	57.448	0	29.819
run0-swarm_3_194.pdb	5.053	50.200	0.292683	29.480
run0-swarm_17_13.pdb	10.364	95.625	0	28.955
run0-swarm_13_42.pdb	8.941	94.598	0.0487805	28.273
run0-swarm_9_156.pdb	5.730	85.427	0.0243902	27.833
run0-swarm_22_67.pdb	13.177	36.157	0	27.601
run0-swarm_5_157.pdb	9.420	105.377	0	27.462
run0-swarm_7_168.pdb	10.201	80.210	0	27.224
run0-swarm_16_122.pdb	11.509	97.759	0	27.171
run0-swarm_19_11.pdb	8.750	102.356	0	26.787
run0-swarm_0_21.pdb	14.368	51.227	0	26.329
run0-swarm_9_47.pdb	8.876	83.900	0	26.034
run0-swarm_24_167.pdb	4.570	68.701	0.219512	24.354
run0-swarm_6_107.pdb	9.149	99.524	0	22.907
run0-swarm_18_163.pdb	8.681	97.119	0	22.899
run0-swarm_10_178.pdb	12.422	85.113	0	22.736
run0-swarm_6_180.pdb	11.831	97.821	0	21.981
run0-swarm_5_18.pdb	6.907	94.788	0.0243902	21.500
run0-swarm_12_50.pdb	14.096	45.343	0	20.751
run0-swarm_7_186.pdb	7.062	85.817	0.097561	20.671
run0-swarm_2_183.pdb	10.083	61.307	0	20.452
run0-swarm_3_36.pdb	12.789	47.733	0	18.830
run0-swarm_5_10.pdb	12.899	93.296	0	18.551
run0-swarm_3_189.pdb	12.249	33.718	0	18.379
run0-swarm_19_25.pdb	11.523	98.966	0	17.944
run0-swarm_8_29.pdb	11.935	83.469	0	17.024
run0-swarm_8_114.pdb	10.298	90.449	0	16.349
run0-swarm_21_87.pdb	7.780	62.740	0	16.123
run0-swarm_5_120.pdb	6.409	108.171	0.219512	13.347
run0-swarm_4_34.pdb	10.848	62.299	0	12.601
run0-swarm_6_163.pdb	10.613	84.622	0	11.823
run0-swarm_8_75.pdb	11.516	87.343	0	11.663
run0-swarm_14_3.pdb	9.246	93.760	0	11.357
run0-swarm_10_38.pdb	10.940	93.019	0	10.956
run0-swarm_17_107.pdb	7.254	95.894	0.121951	9.818
run0-swarm_18_47.pdb	11.001	85.291	0	9.475
run0-swarm_19_80.pdb	9.062	103.617	0.0243902	3.497
run0-swarm_21_153.pdb	11.386	59.233	0	3.280
run0-swarm_11_193.pdb	11.351	91.305	0	3.100
